"pm1_0","pm2_5","pm10","temp","humid","createdAt","localtime"
108,159,180,27.89,70.67,1634094149140,"2021-10-13T08:32:29+05:30"
105,159,175,28.01,70.08,1634094179887,"2021-10-13T08:32:59+05:30"
109,166,191,28.01,70.27,1634094210705,"2021-10-13T08:33:30+05:30"
104,156,183,28.02,70.99,1634094241888,"2021-10-13T08:34:01+05:30"
116,174,199,28.05,70.55,1634094272097,"2021-10-13T08:34:32+05:30"
127,196,226,28.04,70.03,1634094302721,"2021-10-13T08:35:02+05:30"
110,166,189,28.07,70.11,1634094333275,"2021-10-13T08:35:33+05:30"
111,173,201,28.13,70.27,1634094363909,"2021-10-13T08:36:03+05:30"
107,158,176,28.08,69.21,1634094394511,"2021-10-13T08:36:34+05:30"
106,159,182,28.06,69.07,1634094425106,"2021-10-13T08:37:05+05:30"
105,162,182,28.05,69.12,1634094455868,"2021-10-13T08:37:35+05:30"
103,156,172,27.93,68.94,1634094486273,"2021-10-13T08:38:06+05:30"
108,161,179,27.88,69.63,1634094516887,"2021-10-13T08:38:36+05:30"
113,167,182,27.92,69.85,1634094547571,"2021-10-13T08:39:07+05:30"
111,169,190,27.89,69.19,1634094578097,"2021-10-13T08:39:38+05:30"
102,151,170,27.87,69.14,1634094608656,"2021-10-13T08:40:08+05:30"
101,150,171,27.92,69.62,1634094639363,"2021-10-13T08:40:39+05:30"
106,158,171,27.97,69.43,1634094669843,"2021-10-13T08:41:09+05:30"
106,159,180,28.03,69.26,1634094700468,"2021-10-13T08:41:40+05:30"
107,158,172,28,68.63,1634094731076,"2021-10-13T08:42:11+05:30"
105,157,171,28.07,68.99,1634094761663,"2021-10-13T08:42:41+05:30"
109,160,176,28.1,68.82,1634094792235,"2021-10-13T08:43:12+05:30"
109,165,189,28.16,69.01,1634094822805,"2021-10-13T08:43:42+05:30"
109,162,178,28.21,68.98,1634094853468,"2021-10-13T08:44:13+05:30"
109,163,186,28.15,68.37,1634094884005,"2021-10-13T08:44:44+05:30"
112,167,190,28.15,68.81,1634094914581,"2021-10-13T08:45:14+05:30"
112,167,183,28.18,69.11,1634094950263,"2021-10-13T08:45:50+05:30"
106,159,176,28.25,68.99,1634094981311,"2021-10-13T08:46:21+05:30"
104,154,172,28.25,69.25,1634095011560,"2021-10-13T08:46:51+05:30"
103,157,178,28.37,68.99,1634095042161,"2021-10-13T08:47:22+05:30"
107,162,180,28.48,68.48,1634095072733,"2021-10-13T08:47:52+05:30"
105,155,174,28.5,67.98,1634095103336,"2021-10-13T08:48:23+05:30"
109,166,186,28.44,68.06,1634095133938,"2021-10-13T08:48:53+05:30"
121,186,215,28.56,67.55,1634095164524,"2021-10-13T08:49:24+05:30"
120,182,206,28.63,67.21,1634095195120,"2021-10-13T08:49:55+05:30"
113,168,184,28.54,66.95,1634095225823,"2021-10-13T08:50:25+05:30"
113,168,183,28.54,67.46,1634095256326,"2021-10-13T08:50:56+05:30"
108,163,182,28.65,67.63,1634095286907,"2021-10-13T08:51:26+05:30"
110,169,190,28.8,67.88,1634095317698,"2021-10-13T08:51:57+05:30"
105,159,177,28.84,67.77,1634095348108,"2021-10-13T08:52:28+05:30"
107,159,176,28.78,67.32,1634095378685,"2021-10-13T08:52:58+05:30"
108,163,179,28.77,67.37,1634095409294,"2021-10-13T08:53:29+05:30"
104,158,178,28.82,67.47,1634095439873,"2021-10-13T08:53:59+05:30"
105,157,179,28.81,67.83,1634095470469,"2021-10-13T08:54:30+05:30"
108,163,183,28.82,67.37,1634095501062,"2021-10-13T08:55:01+05:30"
113,168,186,28.89,66.7,1634095531662,"2021-10-13T08:55:31+05:30"
110,164,180,28.75,66.44,1634095562256,"2021-10-13T08:56:02+05:30"
105,157,180,28.68,66.85,1634095592914,"2021-10-13T08:56:32+05:30"
106,160,175,28.75,67.12,1634095623415,"2021-10-13T08:57:03+05:30"
106,158,181,28.86,67.14,1634095654024,"2021-10-13T08:57:34+05:30"
106,159,182,29.02,67.32,1634095684621,"2021-10-13T08:58:04+05:30"
129,192,221,29.1,67.25,1634095715302,"2021-10-13T08:58:35+05:30"
124,183,205,29.09,65.93,1634095745882,"2021-10-13T08:59:05+05:30"
107,161,186,29.06,66.05,1634095776492,"2021-10-13T08:59:36+05:30"
105,158,175,28.97,65.66,1634095807165,"2021-10-13T09:00:07+05:30"
106,157,177,28.95,65.94,1634095837853,"2021-10-13T09:00:37+05:30"
105,154,173,28.99,66.7,1634095859394,"2021-10-13T09:00:59+05:30"
101,154,166,29.01,66.99,1634095889742,"2021-10-13T09:01:29+05:30"
101,152,169,29.08,66.73,1634095920341,"2021-10-13T09:02:00+05:30"
103,155,175,29.13,66.72,1634095950924,"2021-10-13T09:02:30+05:30"
101,150,165,29.2,66.66,1634095981522,"2021-10-13T09:03:01+05:30"
105,155,171,29.2,66.68,1634096012258,"2021-10-13T09:03:32+05:30"
102,156,171,29.19,66.64,1634096042842,"2021-10-13T09:04:02+05:30"
103,159,179,29.2,66.19,1634096073469,"2021-10-13T09:04:33+05:30"
101,154,171,29.13,64.88,1634096104035,"2021-10-13T09:05:04+05:30"
100,146,159,29.07,64.59,1634096134695,"2021-10-13T09:05:34+05:30"
103,151,166,29.09,64.86,1634096165223,"2021-10-13T09:06:05+05:30"
102,151,166,29.11,64.94,1634096195822,"2021-10-13T09:06:35+05:30"
100,149,167,29.19,65.32,1634096226433,"2021-10-13T09:07:06+05:30"
98,147,176,29.18,64.26,1634096256996,"2021-10-13T09:07:36+05:30"
98,143,159,29.22,64.64,1634096287600,"2021-10-13T09:08:07+05:30"
100,144,160,29.32,65.16,1634096318254,"2021-10-13T09:08:38+05:30"
101,148,166,29.42,64.36,1634096348785,"2021-10-13T09:09:08+05:30"
100,148,166,29.51,64.48,1634096379373,"2021-10-13T09:09:39+05:30"
95,142,160,29.61,64.62,1634096410107,"2021-10-13T09:10:10+05:30"
93,142,160,29.66,64.62,1634096440557,"2021-10-13T09:10:40+05:30"
96,143,163,29.64,64.27,1634096471142,"2021-10-13T09:11:11+05:30"
94,139,157,29.56,63.12,1634096501750,"2021-10-13T09:11:41+05:30"
99,145,161,29.55,63.07,1634096532344,"2021-10-13T09:12:12+05:30"
99,146,163,29.54,63.72,1634096562960,"2021-10-13T09:12:42+05:30"
96,145,164,29.62,63.99,1634096593549,"2021-10-13T09:13:13+05:30"
94,139,164,29.69,64,1634096624130,"2021-10-13T09:13:44+05:30"
93,139,157,29.71,64.07,1634096654707,"2021-10-13T09:14:14+05:30"
97,144,164,29.75,63.95,1634096685291,"2021-10-13T09:14:45+05:30"
94,141,161,29.78,63.5,1634096715909,"2021-10-13T09:15:15+05:30"
90,135,156,29.81,63.62,1634096751197,"2021-10-13T09:15:51+05:30"
93,139,159,29.83,63.22,1634096781499,"2021-10-13T09:16:21+05:30"
96,143,160,29.7,62.98,1634096811685,"2021-10-13T09:16:51+05:30"
97,143,159,29.71,63.4,1634096842291,"2021-10-13T09:17:22+05:30"
93,140,154,29.61,63.17,1634096872838,"2021-10-13T09:17:52+05:30"
97,143,163,29.56,63.16,1634096903500,"2021-10-13T09:18:23+05:30"
98,149,171,29.65,63.52,1634096934053,"2021-10-13T09:18:54+05:30"
97,144,157,29.7,63.75,1634096964617,"2021-10-13T09:19:24+05:30"
98,149,165,29.64,63.37,1634096995214,"2021-10-13T09:19:55+05:30"
100,149,167,29.63,64.14,1634097025830,"2021-10-13T09:20:25+05:30"
96,141,156,29.69,63.78,1634097056403,"2021-10-13T09:20:56+05:30"
97,146,166,29.82,63.65,1634097087470,"2021-10-13T09:21:27+05:30"
97,143,160,29.87,63.34,1634097117764,"2021-10-13T09:21:57+05:30"
94,138,155,29.89,63.7,1634097148360,"2021-10-13T09:22:28+05:30"
98,142,159,29.84,63.35,1634097178949,"2021-10-13T09:22:58+05:30"
99,143,153,29.8,62.89,1634097209544,"2021-10-13T09:23:29+05:30"
98,144,158,29.87,63.5,1634097240133,"2021-10-13T09:24:00+05:30"
96,143,163,29.94,63.66,1634097270734,"2021-10-13T09:24:30+05:30"
95,137,155,29.94,63.24,1634097301328,"2021-10-13T09:25:01+05:30"
96,143,167,29.91,62.6,1634097331929,"2021-10-13T09:25:31+05:30"
95,141,164,30.02,63.03,1634097362511,"2021-10-13T09:26:02+05:30"
93,139,153,30.04,63.3,1634097393293,"2021-10-13T09:26:33+05:30"
93,139,153,30.08,63.3,1634097423717,"2021-10-13T09:27:03+05:30"
93,134,155,30.12,63.25,1634097454294,"2021-10-13T09:27:34+05:30"
91,135,155,30.12,62.98,1634097484877,"2021-10-13T09:28:04+05:30"
92,137,153,30.13,63,1634097515739,"2021-10-13T09:28:35+05:30"
91,137,160,30.2,62.93,1634097546431,"2021-10-13T09:29:06+05:30"
97,160,212,30.3,62.75,1634097577149,"2021-10-13T09:29:37+05:30"
106,203,305,30.38,62.52,1634097597538,"2021-10-13T09:29:57+05:30"
103,182,247,30.45,62.3,1634097628358,"2021-10-13T09:30:28+05:30"
106,165,190,30.47,62.03,1634097658885,"2021-10-13T09:30:58+05:30"
95,143,166,30.42,62.09,1634097689467,"2021-10-13T09:31:29+05:30"
98,147,164,30.32,61.62,1634097720077,"2021-10-13T09:32:00+05:30"
120,188,210,30.21,61.71,1634097750674,"2021-10-13T09:32:30+05:30"
101,149,166,30.08,62.17,1634097781238,"2021-10-13T09:33:01+05:30"
100,148,164,29.95,62.34,1634097811850,"2021-10-13T09:33:31+05:30"
97,146,163,29.84,62.44,1634097842427,"2021-10-13T09:34:02+05:30"
96,140,156,29.8,62.61,1634097873002,"2021-10-13T09:34:33+05:30"
99,146,163,29.84,62.9,1634097903718,"2021-10-13T09:35:03+05:30"
99,144,161,29.85,62.74,1634097934305,"2021-10-13T09:35:34+05:30"
96,142,158,29.85,62.66,1634097964796,"2021-10-13T09:36:04+05:30"
95,142,155,29.83,62.71,1634097995447,"2021-10-13T09:36:35+05:30"
96,144,159,29.86,62.72,1634098025991,"2021-10-13T09:37:05+05:30"
97,142,156,29.82,62.69,1634098056675,"2021-10-13T09:37:36+05:30"
95,143,160,29.87,62.9,1634098087452,"2021-10-13T09:38:07+05:30"
100,151,165,29.99,63.06,1634098118027,"2021-10-13T09:38:38+05:30"
95,143,161,30.08,62.94,1634098148825,"2021-10-13T09:39:08+05:30"
92,140,154,30.13,63.02,1634098179214,"2021-10-13T09:39:39+05:30"
97,142,160,30.21,62.4,1634098209819,"2021-10-13T09:40:09+05:30"
96,142,163,30.2,61.89,1634098240425,"2021-10-13T09:40:40+05:30"
95,139,157,30.21,62.19,1634098271037,"2021-10-13T09:41:11+05:30"
101,147,162,30.23,61.83,1634098301580,"2021-10-13T09:41:41+05:30"
99,147,168,30.28,61.88,1634098332164,"2021-10-13T09:42:12+05:30"
96,139,152,30.33,62.32,1634098362764,"2021-10-13T09:42:42+05:30"
93,134,147,30.34,61.1,1634098393358,"2021-10-13T09:43:13+05:30"
93,136,148,30.41,61.32,1634098423961,"2021-10-13T09:43:43+05:30"
90,127,143,30.45,60.82,1634098454540,"2021-10-13T09:44:14+05:30"
89,128,146,30.46,59.92,1634098485141,"2021-10-13T09:44:45+05:30"
89,129,142,30.48,60.53,1634098515733,"2021-10-13T09:45:15+05:30"
88,130,147,30.44,61.26,1634098551604,"2021-10-13T09:45:51+05:30"
94,140,158,30.47,60.67,1634098582225,"2021-10-13T09:46:22+05:30"
94,137,152,30.5,60.25,1634098612777,"2021-10-13T09:46:52+05:30"
93,136,150,30.51,60.66,1634098643377,"2021-10-13T09:47:23+05:30"
93,136,151,30.54,60.76,1634098674133,"2021-10-13T09:47:54+05:30"
91,135,147,30.62,60.78,1634098704563,"2021-10-13T09:48:24+05:30"
89,134,148,30.59,60.49,1634098735151,"2021-10-13T09:48:55+05:30"
92,139,154,30.58,59.12,1634098765752,"2021-10-13T09:49:25+05:30"
90,133,149,30.47,59.07,1634098796339,"2021-10-13T09:49:56+05:30"
89,137,155,30.49,59.61,1634098826932,"2021-10-13T09:50:26+05:30"
102,152,168,30.54,60.1,1634098857553,"2021-10-13T09:50:57+05:30"
98,145,159,30.51,60.36,1634098888595,"2021-10-13T09:51:28+05:30"
98,145,164,30.5,60.66,1634098918897,"2021-10-13T09:51:58+05:30"
95,143,161,30.54,60.45,1634098949474,"2021-10-13T09:52:29+05:30"
92,140,155,30.57,59.61,1634098980088,"2021-10-13T09:53:00+05:30"
91,136,153,30.54,59.59,1634099010664,"2021-10-13T09:53:30+05:30"
92,142,167,30.59,59.61,1634099041266,"2021-10-13T09:54:01+05:30"
92,138,158,30.64,60.18,1634099071870,"2021-10-13T09:54:31+05:30"
94,140,159,30.77,60.45,1634099102502,"2021-10-13T09:55:02+05:30"
93,137,153,30.84,60.34,1634099133038,"2021-10-13T09:55:33+05:30"
92,135,147,30.88,59.96,1634099163817,"2021-10-13T09:56:03+05:30"
91,137,153,30.95,59.9,1634099194569,"2021-10-13T09:56:34+05:30"
89,136,154,30.99,59.84,1634099225105,"2021-10-13T09:57:05+05:30"
90,132,149,31.04,59.85,1634099255809,"2021-10-13T09:57:35+05:30"
91,129,143,31.08,59.83,1634099276907,"2021-10-13T09:57:56+05:30"
88,129,143,31.03,59.46,1634099307126,"2021-10-13T09:58:27+05:30"
89,135,155,31,58.23,1634099337716,"2021-10-13T09:58:57+05:30"
90,135,152,30.96,58.31,1634099368464,"2021-10-13T09:59:28+05:30"
89,131,146,30.99,59.29,1634099398979,"2021-10-13T09:59:58+05:30"
90,131,146,30.93,59.4,1634099429837,"2021-10-13T10:00:29+05:30"
91,136,150,30.92,58.78,1634099460561,"2021-10-13T10:01:00+05:30"
88,130,145,30.91,58.69,1634099491125,"2021-10-13T10:01:31+05:30"
87,128,150,30.91,58.51,1634099521737,"2021-10-13T10:02:01+05:30"
90,132,148,30.89,58.68,1634099552324,"2021-10-13T10:02:32+05:30"
89,127,146,30.98,58.7,1634099582929,"2021-10-13T10:03:02+05:30"
88,129,144,31.12,58.06,1634099613513,"2021-10-13T10:03:33+05:30"
83,125,138,31.27,58.2,1634099644104,"2021-10-13T10:04:04+05:30"
87,129,144,31.33,58.77,1634099674693,"2021-10-13T10:04:34+05:30"
88,129,143,31.34,59.02,1634099705293,"2021-10-13T10:05:05+05:30"
97,138,150,31.36,58.16,1634099735886,"2021-10-13T10:05:35+05:30"
90,132,144,31.41,58.22,1634099766478,"2021-10-13T10:06:06+05:30"
87,127,142,31.45,58.67,1634099797062,"2021-10-13T10:06:37+05:30"
85,126,137,31.37,58.63,1634099827661,"2021-10-13T10:07:07+05:30"
83,120,131,31.34,58.9,1634099858219,"2021-10-13T10:07:38+05:30"
82,119,135,31.36,57.99,1634099888995,"2021-10-13T10:08:08+05:30"
82,122,138,31.39,57.44,1634099919594,"2021-10-13T10:08:39+05:30"
83,120,133,31.41,57.73,1634099950377,"2021-10-13T10:09:10+05:30"
86,127,138,31.43,58.24,1634099980768,"2021-10-13T10:09:40+05:30"
83,123,136,31.47,58.47,1634100011362,"2021-10-13T10:10:11+05:30"
83,122,135,31.46,57.36,1634100041948,"2021-10-13T10:10:41+05:30"
85,126,143,31.4,57.29,1634100072540,"2021-10-13T10:11:12+05:30"
84,123,140,31.36,57.39,1634100103133,"2021-10-13T10:11:43+05:30"
82,124,139,31.47,57.54,1634100133726,"2021-10-13T10:12:13+05:30"
83,120,135,31.59,57.51,1634100164320,"2021-10-13T10:12:44+05:30"
81,118,130,31.61,57.38,1634100194913,"2021-10-13T10:13:14+05:30"
85,123,136,31.54,57.76,1634100225505,"2021-10-13T10:13:45+05:30"
84,120,131,31.48,55.53,1634100256108,"2021-10-13T10:14:16+05:30"
79,119,129,31.26,55.95,1634100286715,"2021-10-13T10:14:46+05:30"
82,119,131,31.27,57.08,1634100317427,"2021-10-13T10:15:17+05:30"
82,120,134,31.31,56.86,1634100352120,"2021-10-13T10:15:52+05:30"
86,123,136,31.28,57.19,1634100382837,"2021-10-13T10:16:22+05:30"
85,125,135,31.34,57.41,1634100413294,"2021-10-13T10:16:53+05:30"
82,117,128,31.43,57.94,1634100443903,"2021-10-13T10:17:23+05:30"
82,118,129,31.5,57.95,1634100474490,"2021-10-13T10:17:54+05:30"
86,126,138,31.54,56.97,1634100505078,"2021-10-13T10:18:25+05:30"
87,130,145,31.57,57.2,1634100535673,"2021-10-13T10:18:55+05:30"
83,125,136,31.63,57.27,1634100566274,"2021-10-13T10:19:26+05:30"
80,118,132,31.64,56.76,1634100596897,"2021-10-13T10:19:56+05:30"
77,112,126,31.59,56.28,1634100627454,"2021-10-13T10:20:27+05:30"
75,108,117,31.61,56.02,1634100658100,"2021-10-13T10:20:58+05:30"
74,109,121,31.67,55.87,1634100688632,"2021-10-13T10:21:28+05:30"
76,110,122,31.79,56.06,1634100719286,"2021-10-13T10:21:59+05:30"
75,109,122,31.81,56.36,1634100749880,"2021-10-13T10:22:29+05:30"
75,105,113,31.79,55.44,1634100780466,"2021-10-13T10:23:00+05:30"
76,115,137,31.81,55.8,1634100811145,"2021-10-13T10:23:31+05:30"
77,119,138,31.87,55.83,1634100841752,"2021-10-13T10:24:01+05:30"
84,152,230,31.88,55.88,1634100872327,"2021-10-13T10:24:32+05:30"
91,192,340,31.93,56.11,1634100902932,"2021-10-13T10:25:02+05:30"
90,173,287,32.01,56.18,1634100933527,"2021-10-13T10:25:33+05:30"
84,137,178,32,56.69,1634100964118,"2021-10-13T10:26:04+05:30"
80,129,159,32.03,56.57,1634100994698,"2021-10-13T10:26:34+05:30"
83,130,150,32.06,54.92,1634101025294,"2021-10-13T10:27:05+05:30"
83,122,141,32.04,54.87,1634101055909,"2021-10-13T10:27:35+05:30"
81,123,140,32.09,55.19,1634101086503,"2021-10-13T10:28:06+05:30"
82,120,138,32.1,55.09,1634101117160,"2021-10-13T10:28:37+05:30"
83,127,148,32.08,55.13,1634101147773,"2021-10-13T10:29:07+05:30"
82,122,144,32.02,54.58,1634101178357,"2021-10-13T10:29:38+05:30"
83,122,137,31.95,54.56,1634101208958,"2021-10-13T10:30:08+05:30"
83,124,135,31.94,55.07,1634101239532,"2021-10-13T10:30:39+05:30"
81,122,137,31.98,55.95,1634101272145,"2021-10-13T10:31:12+05:30"
82,122,135,32,56.4,1634101302245,"2021-10-13T10:31:42+05:30"
84,124,137,32.1,56.32,1634101332864,"2021-10-13T10:32:12+05:30"
82,122,141,32.17,56.57,1634101363437,"2021-10-13T10:32:43+05:30"
79,116,134,32.22,56.38,1634101394106,"2021-10-13T10:33:14+05:30"
80,118,139,32.28,56.05,1634101424643,"2021-10-13T10:33:44+05:30"
78,115,130,32.29,56.03,1634101455225,"2021-10-13T10:34:15+05:30"
79,113,125,32.27,56.03,1634101485806,"2021-10-13T10:34:45+05:30"
81,117,128,32.32,56.12,1634101516401,"2021-10-13T10:35:16+05:30"
79,120,132,32.34,55.99,1634101546996,"2021-10-13T10:35:46+05:30"
80,117,129,32.35,56.26,1634101577596,"2021-10-13T10:36:17+05:30"
76,113,123,32.32,56.52,1634101608198,"2021-10-13T10:36:48+05:30"
76,111,124,32.37,55.84,1634101638785,"2021-10-13T10:37:18+05:30"
74,107,120,32.44,55.36,1634101669400,"2021-10-13T10:37:49+05:30"
69,103,111,32.5,54.96,1634101699982,"2021-10-13T10:38:19+05:30"
66,95,107,32.53,54.28,1634101730551,"2021-10-13T10:38:50+05:30"
61,88,97,32.55,52.93,1634101761142,"2021-10-13T10:39:21+05:30"
57,84,92,32.51,52.75,1634101791797,"2021-10-13T10:39:51+05:30"
56,82,90,32.52,52.63,1634101822549,"2021-10-13T10:40:22+05:30"
54,76,84,32.48,52.09,1634101853416,"2021-10-13T10:40:53+05:30"
56,83,93,32.37,51.75,1634101884137,"2021-10-13T10:41:24+05:30"
58,84,93,32.38,51.93,1634101904578,"2021-10-13T10:41:44+05:30"
58,86,93,32.42,51.78,1634101935165,"2021-10-13T10:42:15+05:30"
57,87,97,32.49,51.73,1634101965906,"2021-10-13T10:42:45+05:30"
57,83,93,32.46,51.46,1634101996492,"2021-10-13T10:43:16+05:30"
58,84,94,32.57,51.53,1634102027084,"2021-10-13T10:43:47+05:30"
57,86,99,32.68,51.18,1634102057671,"2021-10-13T10:44:17+05:30"
54,79,89,32.71,51.6,1634102088428,"2021-10-13T10:44:48+05:30"
57,84,92,32.71,51.23,1634102118951,"2021-10-13T10:45:18+05:30"
55,80,87,32.65,51.09,1634102158634,"2021-10-13T10:45:58+05:30"
57,85,97,32.57,51.67,1634102178770,"2021-10-13T10:46:18+05:30"
59,87,100,32.54,51.92,1634102209763,"2021-10-13T10:46:49+05:30"
58,85,92,32.48,51.64,1634102240248,"2021-10-13T10:47:20+05:30"
59,86,93,32.38,51.59,1634102270814,"2021-10-13T10:47:50+05:30"
59,86,98,32.28,51.96,1634102301607,"2021-10-13T10:48:21+05:30"
60,85,94,32.25,52.83,1634102332021,"2021-10-13T10:48:52+05:30"
60,86,94,32.26,53.29,1634102362599,"2021-10-13T10:49:22+05:30"
59,84,96,32.27,53.45,1634102393195,"2021-10-13T10:49:53+05:30"
65,97,107,32.29,52.33,1634102424189,"2021-10-13T10:50:24+05:30"
62,89,97,32.32,53.13,1634102454730,"2021-10-13T10:50:54+05:30"
62,87,100,32.32,53.13,1634102485331,"2021-10-13T10:51:25+05:30"
62,92,102,32.31,52.67,1634102516046,"2021-10-13T10:51:56+05:30"
60,87,96,32.43,53.17,1634102546512,"2021-10-13T10:52:26+05:30"
60,87,98,32.59,51.44,1634102577102,"2021-10-13T10:52:57+05:30"
60,90,100,32.63,52.21,1634102607698,"2021-10-13T10:53:27+05:30"
64,96,107,32.63,51.27,1634102638293,"2021-10-13T10:53:58+05:30"
65,94,109,32.64,51.85,1634102668881,"2021-10-13T10:54:28+05:30"
65,94,103,32.64,50.23,1634102699500,"2021-10-13T10:54:59+05:30"
63,91,104,32.65,50.66,1634102730073,"2021-10-13T10:55:30+05:30"
61,88,105,32.61,50.16,1634102760664,"2021-10-13T10:56:00+05:30"
62,86,95,32.57,50.28,1634102791347,"2021-10-13T10:56:31+05:30"
61,87,93,32.57,50.53,1634102821950,"2021-10-13T10:57:01+05:30"
60,87,96,32.69,51.47,1634102852532,"2021-10-13T10:57:32+05:30"
60,89,101,32.72,50.92,1634102883128,"2021-10-13T10:58:03+05:30"
58,88,99,32.8,50.91,1634102913723,"2021-10-13T10:58:33+05:30"
59,87,98,32.93,51.24,1634102944313,"2021-10-13T10:59:04+05:30"
57,84,95,33.02,51.28,1634102974896,"2021-10-13T10:59:34+05:30"
55,79,90,33.03,50.61,1634103005504,"2021-10-13T11:00:05+05:30"
58,84,91,32.99,49.81,1634103036169,"2021-10-13T11:00:36+05:30"
63,93,100,33.06,49.78,1634103062238,"2021-10-13T11:01:02+05:30"
60,87,97,33.16,50.23,1634103092341,"2021-10-13T11:01:32+05:30"
59,89,102,33.15,49.67,1634103123043,"2021-10-13T11:02:03+05:30"
63,95,107,33.26,49.22,1634103153811,"2021-10-13T11:02:33+05:30"
62,91,102,33.31,49.55,1634103184253,"2021-10-13T11:03:04+05:30"
58,86,98,33.17,49.79,1634103214802,"2021-10-13T11:03:34+05:30"
61,92,101,33.06,49.57,1634103245401,"2021-10-13T11:04:05+05:30"
60,90,98,33.05,50.13,1634103276005,"2021-10-13T11:04:36+05:30"
59,87,97,33.13,51.05,1634103306585,"2021-10-13T11:05:06+05:30"
58,85,97,33.25,51.11,1634103337180,"2021-10-13T11:05:37+05:30"
58,82,96,33.34,51.27,1634103367780,"2021-10-13T11:06:07+05:30"
55,79,90,33.28,50.53,1634103398363,"2021-10-13T11:06:38+05:30"
57,83,94,33.37,50.66,1634103428957,"2021-10-13T11:07:08+05:30"
55,86,95,33.47,50.66,1634103459570,"2021-10-13T11:07:39+05:30"
56,83,92,33.48,50.76,1634103490146,"2021-10-13T11:08:10+05:30"
56,84,91,33.5,50.71,1634103520739,"2021-10-13T11:08:40+05:30"
55,81,88,33.5,50.99,1634103551329,"2021-10-13T11:09:11+05:30"
53,78,86,33.47,51.31,1634103581922,"2021-10-13T11:09:41+05:30"
53,80,85,33.42,51.12,1634103612520,"2021-10-13T11:10:12+05:30"
52,77,84,33.31,50.27,1634103643114,"2021-10-13T11:10:43+05:30"
53,75,83,33.21,49.86,1634103673709,"2021-10-13T11:11:13+05:30"
50,73,81,33.21,50,1634103704292,"2021-10-13T11:11:44+05:30"
51,76,85,33.23,49.82,1634103734907,"2021-10-13T11:12:14+05:30"
53,79,87,33.24,49.51,1634103765481,"2021-10-13T11:12:45+05:30"
48,73,84,33.29,49.81,1634103796063,"2021-10-13T11:13:16+05:30"
50,74,82,33.32,48.91,1634103826673,"2021-10-13T11:13:46+05:30"
52,76,85,33.38,49.57,1634103857268,"2021-10-13T11:14:17+05:30"
52,77,86,33.49,49.61,1634103887857,"2021-10-13T11:14:47+05:30"
51,76,86,33.62,49.48,1634103918430,"2021-10-13T11:15:18+05:30"
50,73,82,33.67,49.15,1634103955156,"2021-10-13T11:15:55+05:30"
49,73,81,33.68,48.7,1634103985251,"2021-10-13T11:16:25+05:30"
48,72,80,33.64,48.16,1634104015849,"2021-10-13T11:16:55+05:30"
49,71,80,33.63,49.06,1634104046442,"2021-10-13T11:17:26+05:30"
50,75,84,33.61,48.75,1634104077029,"2021-10-13T11:17:57+05:30"
50,73,80,33.58,49.27,1634104107636,"2021-10-13T11:18:27+05:30"
49,72,79,33.49,49.71,1634104138215,"2021-10-13T11:18:58+05:30"
53,79,86,33.54,49.04,1634104168822,"2021-10-13T11:19:28+05:30"
59,87,92,33.53,48.11,1634104199410,"2021-10-13T11:19:59+05:30"
55,80,88,33.5,48.47,1634104230016,"2021-10-13T11:20:30+05:30"
57,85,93,33.51,48.46,1634104260595,"2021-10-13T11:21:00+05:30"
55,80,90,33.52,49.22,1634104291202,"2021-10-13T11:21:31+05:30"
57,82,90,33.58,49.83,1634104321785,"2021-10-13T11:22:01+05:30"
53,78,87,33.55,49.67,1634104352373,"2021-10-13T11:22:32+05:30"
53,78,85,33.53,49.22,1634104382959,"2021-10-13T11:23:02+05:30"
54,78,91,33.58,49.28,1634104413557,"2021-10-13T11:23:33+05:30"
54,77,83,33.63,49.13,1634104444160,"2021-10-13T11:24:04+05:30"
53,77,82,33.61,48.69,1634104474837,"2021-10-13T11:24:34+05:30"
54,77,85,33.57,48.73,1634104505506,"2021-10-13T11:25:05+05:30"
53,77,83,33.58,48.81,1634104536213,"2021-10-13T11:25:36+05:30"
54,78,89,33.62,48.87,1634104566930,"2021-10-13T11:26:06+05:30"
55,82,93,33.5,48.08,1634104598150,"2021-10-13T11:26:38+05:30"
59,87,97,33.44,47.58,1634104628587,"2021-10-13T11:27:08+05:30"
62,90,100,33.41,47.47,1634104659408,"2021-10-13T11:27:39+05:30"
57,83,92,33.45,48.39,1634104690120,"2021-10-13T11:28:10+05:30"
58,81,89,33.5,48.83,1634104710638,"2021-10-13T11:28:30+05:30"
56,83,92,33.52,48.47,1634104741389,"2021-10-13T11:29:01+05:30"
58,89,103,33.48,47.83,1634104771957,"2021-10-13T11:29:31+05:30"
57,80,89,33.5,47.98,1634104802576,"2021-10-13T11:30:02+05:30"
59,84,94,33.37,47.48,1634104833151,"2021-10-13T11:30:33+05:30"
59,85,93,33.32,48.01,1634104863933,"2021-10-13T11:31:03+05:30"
57,84,92,33.25,47.62,1634104894282,"2021-10-13T11:31:34+05:30"
57,81,95,33.24,47.82,1634104924858,"2021-10-13T11:32:04+05:30"
62,92,103,33.32,48.37,1634104955459,"2021-10-13T11:32:35+05:30"
64,95,109,33.38,48.56,1634104986058,"2021-10-13T11:33:06+05:30"
59,88,100,33.49,48.42,1634105016688,"2021-10-13T11:33:36+05:30"
53,76,85,33.38,47.05,1634105047461,"2021-10-13T11:34:07+05:30"
55,79,88,33.39,47.39,1634105078445,"2021-10-13T11:34:38+05:30"
57,83,92,33.5,47.39,1634105108938,"2021-10-13T11:35:08+05:30"
53,75,82,33.58,47.14,1634105139565,"2021-10-13T11:35:39+05:30"
54,80,91,33.65,47.41,1634105170177,"2021-10-13T11:36:10+05:30"
56,83,94,33.62,46.11,1634105200771,"2021-10-13T11:36:40+05:30"
58,84,94,33.75,46.52,1634105231298,"2021-10-13T11:37:11+05:30"
51,72,81,33.73,47.02,1634105261880,"2021-10-13T11:37:41+05:30"
52,74,83,33.65,46.63,1634105292464,"2021-10-13T11:38:12+05:30"
52,75,83,33.75,46.72,1634105323114,"2021-10-13T11:38:43+05:30"
48,71,82,33.8,45.6,1634105353703,"2021-10-13T11:39:13+05:30"
48,70,79,33.88,45.18,1634105384245,"2021-10-13T11:39:44+05:30"
48,70,81,33.92,44.66,1634105414832,"2021-10-13T11:40:14+05:30"
50,73,82,34.01,44.06,1634105445536,"2021-10-13T11:40:45+05:30"
47,71,80,34.02,44.29,1634105476032,"2021-10-13T11:41:16+05:30"
50,69,78,33.99,44.17,1634105506608,"2021-10-13T11:41:46+05:30"
47,72,84,33.97,42.87,1634105537211,"2021-10-13T11:42:17+05:30"
48,70,85,33.92,43.74,1634105567801,"2021-10-13T11:42:47+05:30"
47,73,83,33.93,44.22,1634105598519,"2021-10-13T11:43:18+05:30"
46,68,79,33.87,44.21,1634105629059,"2021-10-13T11:43:49+05:30"
43,62,76,33.83,43.26,1634105659653,"2021-10-13T11:44:19+05:30"
45,65,75,33.76,42.52,1634105690221,"2021-10-13T11:44:50+05:30"
46,65,76,33.69,42.18,1634105720818,"2021-10-13T11:45:20+05:30"
44,67,77,33.78,43.11,1634105755503,"2021-10-13T11:45:55+05:30"
46,63,75,33.89,43.3,1634105786100,"2021-10-13T11:46:26+05:30"
45,67,77,34.01,43.52,1634105816698,"2021-10-13T11:46:56+05:30"
45,68,77,34.15,43.76,1634105847292,"2021-10-13T11:47:27+05:30"
45,64,76,34.25,43.67,1634105877892,"2021-10-13T11:47:57+05:30"
45,67,77,34.3,43.56,1634105908478,"2021-10-13T11:48:28+05:30"
46,68,77,34.34,43.76,1634105939059,"2021-10-13T11:48:59+05:30"
45,65,76,34.25,44.17,1634105969675,"2021-10-13T11:49:29+05:30"
49,69,76,34.24,44.13,1634106000256,"2021-10-13T11:50:00+05:30"
48,67,77,34.37,44.51,1634106030847,"2021-10-13T11:50:30+05:30"
49,73,84,34.48,44.08,1634106061454,"2021-10-13T11:51:01+05:30"
48,71,80,34.49,44.47,1634106092031,"2021-10-13T11:51:32+05:30"
48,70,79,34.52,44.67,1634106122679,"2021-10-13T11:52:02+05:30"
50,73,86,34.46,42.56,1634106153231,"2021-10-13T11:52:33+05:30"
50,72,79,34.21,41.98,1634106183823,"2021-10-13T11:53:03+05:30"
49,72,81,34.16,43.29,1634106214406,"2021-10-13T11:53:34+05:30"
53,78,87,34.22,42.87,1634106245003,"2021-10-13T11:54:05+05:30"
49,71,81,34.21,43.7,1634106275621,"2021-10-13T11:54:35+05:30"
49,72,80,34.33,44.08,1634106306179,"2021-10-13T11:55:06+05:30"
47,68,80,34.27,43.57,1634106337069,"2021-10-13T11:55:37+05:30"
48,69,77,34.21,43.81,1634106367373,"2021-10-13T11:56:07+05:30"
47,69,77,34.13,44.27,1634106398165,"2021-10-13T11:56:38+05:30"
48,69,78,34.18,44.34,1634106428646,"2021-10-13T11:57:08+05:30"
50,70,77,34.22,44.58,1634106459242,"2021-10-13T11:57:39+05:30"
48,69,77,34.3,44.67,1634106489833,"2021-10-13T11:58:09+05:30"
52,76,88,34.16,43.67,1634106520428,"2021-10-13T11:58:40+05:30"
53,78,86,34.25,44.57,1634106551037,"2021-10-13T11:59:11+05:30"
54,75,81,34.5,45.35,1634106581805,"2021-10-13T11:59:41+05:30"
53,75,85,34.6,44.84,1634106612210,"2021-10-13T12:00:12+05:30"
52,75,84,34.57,44.2,1634106642808,"2021-10-13T12:00:42+05:30"
54,78,87,34.62,43.18,1634106676833,"2021-10-13T12:01:16+05:30"
52,77,86,34.56,43.8,1634106707167,"2021-10-13T12:01:47+05:30"
52,76,85,34.62,44.33,1634106737887,"2021-10-13T12:02:17+05:30"
50,74,81,34.77,44.52,1634106758508,"2021-10-13T12:02:38+05:30"
51,73,82,34.84,44.64,1634106789406,"2021-10-13T12:03:09+05:30"
51,75,84,35.06,42.94,1634106820017,"2021-10-13T12:03:40+05:30"
51,77,85,35.02,43.12,1634106850616,"2021-10-13T12:04:10+05:30"
53,78,85,34.86,40.23,1634106881206,"2021-10-13T12:04:41+05:30"
52,72,78,34.63,40.77,1634106911913,"2021-10-13T12:05:11+05:30"
51,74,81,34.4,40.95,1634106942384,"2021-10-13T12:05:42+05:30"
51,74,82,34.41,41.66,1634106972974,"2021-10-13T12:06:12+05:30"
52,75,81,34.55,42.9,1634107003586,"2021-10-13T12:06:43+05:30"
51,74,83,34.72,43.38,1634107034168,"2021-10-13T12:07:14+05:30"
52,76,84,34.82,42.35,1634107064747,"2021-10-13T12:07:44+05:30"
50,71,79,34.76,41,1634107095348,"2021-10-13T12:08:15+05:30"
48,71,79,34.7,41.53,1634107125945,"2021-10-13T12:08:45+05:30"
47,71,81,34.61,42.59,1634107156538,"2021-10-13T12:09:16+05:30"
47,69,77,34.7,42.03,1634107187215,"2021-10-13T12:09:47+05:30"
47,68,77,34.79,41.73,1634107217770,"2021-10-13T12:10:17+05:30"
46,68,79,34.93,41.93,1634107248383,"2021-10-13T12:10:48+05:30"
47,70,79,35.06,41.91,1634107278916,"2021-10-13T12:11:18+05:30"
47,69,80,35.06,41.63,1634107309502,"2021-10-13T12:11:49+05:30"
49,74,85,35.1,42.02,1634107340097,"2021-10-13T12:12:20+05:30"
59,87,100,35.23,40.58,1634107370737,"2021-10-13T12:12:50+05:30"
77,108,120,35.06,40.79,1634107401284,"2021-10-13T12:13:21+05:30"
79,111,122,34.95,42.08,1634107431881,"2021-10-13T12:13:51+05:30"
106,151,168,34.85,41.44,1634107462475,"2021-10-13T12:14:22+05:30"
98,139,153,34.81,40.81,1634107493067,"2021-10-13T12:14:53+05:30"
98,142,160,34.79,41.17,1634107523657,"2021-10-13T12:15:23+05:30"
89,127,141,35,42.5,1634107555888,"2021-10-13T12:15:55+05:30"
87,123,134,35.01,42.89,1634107586024,"2021-10-13T12:16:26+05:30"
77,111,122,34.92,40.8,1634107616596,"2021-10-13T12:16:56+05:30"
73,106,116,35.02,41.78,1634107647271,"2021-10-13T12:17:27+05:30"
57,84,93,34.97,40,1634107677774,"2021-10-13T12:17:57+05:30"
59,85,95,35.05,41.86,1634107708357,"2021-10-13T12:18:28+05:30"
58,82,90,35.15,42.05,1634107738965,"2021-10-13T12:18:58+05:30"
51,72,84,35.2,41.35,1634107769559,"2021-10-13T12:19:29+05:30"
48,72,83,35.14,40.33,1634107800168,"2021-10-13T12:20:00+05:30"
49,70,81,35.19,39.93,1634107831319,"2021-10-13T12:20:31+05:30"
44,66,76,35.12,40.78,1634107861756,"2021-10-13T12:21:01+05:30"
45,65,76,35.2,40.28,1634107892234,"2021-10-13T12:21:32+05:30"
44,64,75,35.23,39.92,1634107922838,"2021-10-13T12:22:02+05:30"
45,64,77,35.29,38.9,1634107953410,"2021-10-13T12:22:33+05:30"
47,68,79,35.16,39,1634107984014,"2021-10-13T12:23:04+05:30"
40,58,71,35.02,38.06,1634108014619,"2021-10-13T12:23:34+05:30"
40,59,72,35.01,38.26,1634108045196,"2021-10-13T12:24:05+05:30"
41,61,73,35.06,37.99,1634108075792,"2021-10-13T12:24:35+05:30"
44,66,77,35.09,36.84,1634108106392,"2021-10-13T12:25:06+05:30"
52,75,87,35.22,35.87,1634108136985,"2021-10-13T12:25:36+05:30"
62,88,99,35.3,35.97,1634108167585,"2021-10-13T12:26:07+05:30"
66,101,113,35.27,36.6,1634108198177,"2021-10-13T12:26:38+05:30"
57,87,94,35.2,36.49,1634108228858,"2021-10-13T12:27:08+05:30"
56,83,95,35.06,38.02,1634108259427,"2021-10-13T12:27:39+05:30"
59,88,95,35.04,38.5,1634108290046,"2021-10-13T12:28:10+05:30"
59,88,100,35.13,38.76,1634108320662,"2021-10-13T12:28:40+05:30"
58,86,95,35.21,39.57,1634108351213,"2021-10-13T12:29:11+05:30"
55,77,83,35.23,39.18,1634108381806,"2021-10-13T12:29:41+05:30"
54,77,83,35.26,39.69,1634108412407,"2021-10-13T12:30:12+05:30"
53,77,85,35.32,39.81,1634108442996,"2021-10-13T12:30:42+05:30"
52,78,87,35.49,39.5,1634108477683,"2021-10-13T12:31:17+05:30"
49,74,82,35.6,39.25,1634108497428,"2021-10-13T12:31:37+05:30"
48,70,80,35.66,37.98,1634108528623,"2021-10-13T12:32:08+05:30"
48,70,80,35.69,37.9,1634108558773,"2021-10-13T12:32:38+05:30"
45,64,75,35.72,38.02,1634108589547,"2021-10-13T12:33:09+05:30"
47,64,77,35.65,38.18,1634108620136,"2021-10-13T12:33:40+05:30"
45,64,74,35.6,37.87,1634108650724,"2021-10-13T12:34:10+05:30"
46,74,95,35.58,37.54,1634108686834,"2021-10-13T12:34:46+05:30"
44,66,76,35.73,37.89,1634108711915,"2021-10-13T12:35:11+05:30"
41,62,77,35.8,36.81,1634108742568,"2021-10-13T12:35:42+05:30"
39,59,74,35.75,36,1634108773174,"2021-10-13T12:36:13+05:30"
38,56,71,35.66,33.66,1634108803697,"2021-10-13T12:36:43+05:30"
41,61,76,35.45,32.42,1634108834367,"2021-10-13T12:37:14+05:30"
42,63,74,35.4,33.39,1634108865059,"2021-10-13T12:37:45+05:30"
41,60,73,35.34,34.54,1634108895887,"2021-10-13T12:38:15+05:30"
35,52,67,35.35,33.52,1634108926600,"2021-10-13T12:38:46+05:30"
36,55,70,35.49,33.99,1634108957180,"2021-10-13T12:39:17+05:30"
34,52,66,35.51,34.69,1634108987771,"2021-10-13T12:39:47+05:30"
39,56,70,35.45,34.41,1634109018366,"2021-10-13T12:40:18+05:30"
48,72,85,35.28,36.18,1634109048972,"2021-10-13T12:40:48+05:30"
46,68,78,35.29,37.24,1634109079618,"2021-10-13T12:41:19+05:30"
50,71,82,35.25,37.63,1634109110142,"2021-10-13T12:41:50+05:30"
55,84,95,35.14,38.24,1634109140746,"2021-10-13T12:42:20+05:30"
62,91,106,35.04,39.15,1634109171349,"2021-10-13T12:42:51+05:30"
60,89,102,35.03,39.62,1634109201926,"2021-10-13T12:43:21+05:30"
58,88,98,35.08,40.25,1634109232862,"2021-10-13T12:43:52+05:30"
54,79,85,35.17,38.81,1634109263474,"2021-10-13T12:44:23+05:30"
54,79,84,35.09,38.57,1634109294068,"2021-10-13T12:44:54+05:30"
56,81,90,35.13,38.89,1634109324642,"2021-10-13T12:45:24+05:30"
54,79,92,35.19,39.95,1634109357163,"2021-10-13T12:45:57+05:30"
52,76,86,35.27,40.27,1634109387746,"2021-10-13T12:46:27+05:30"
44,63,75,35.23,36.42,1634109418331,"2021-10-13T12:46:58+05:30"
44,64,75,35.18,37.36,1634109448976,"2021-10-13T12:47:28+05:30"
44,64,75,35.24,36.35,1634109479525,"2021-10-13T12:47:59+05:30"
44,65,77,35.37,37.05,1634109510117,"2021-10-13T12:48:30+05:30"
44,63,75,35.45,36.46,1634109540707,"2021-10-13T12:49:00+05:30"
40,60,72,35.52,35.14,1634109571297,"2021-10-13T12:49:31+05:30"
38,56,72,35.45,34.96,1634109601923,"2021-10-13T12:50:01+05:30"
38,55,71,35.49,35.28,1634109632570,"2021-10-13T12:50:32+05:30"
39,58,73,35.59,35.93,1634109663164,"2021-10-13T12:51:03+05:30"
38,56,71,35.56,36.8,1634109693785,"2021-10-13T12:51:33+05:30"
40,58,72,35.76,36.95,1634109724354,"2021-10-13T12:52:04+05:30"
40,58,72,35.88,37.54,1634109754952,"2021-10-13T12:52:34+05:30"
41,59,73,35.89,37.88,1634109785546,"2021-10-13T12:53:05+05:30"
41,62,74,35.93,38.28,1634109816147,"2021-10-13T12:53:36+05:30"
46,67,78,35.75,35.92,1634109846732,"2021-10-13T12:54:06+05:30"
43,64,75,35.59,34.67,1634109877305,"2021-10-13T12:54:37+05:30"
41,59,71,35.49,34.47,1634109907898,"2021-10-13T12:55:07+05:30"
39,58,73,35.48,35.58,1634109938467,"2021-10-13T12:55:38+05:30"
34,51,65,35.57,34.95,1634109969060,"2021-10-13T12:56:09+05:30"
33,49,62,35.55,33.49,1634110000217,"2021-10-13T12:56:40+05:30"
34,49,63,35.53,32.08,1634110030551,"2021-10-13T12:57:10+05:30"
32,49,60,35.41,30.86,1634110060957,"2021-10-13T12:57:40+05:30"
34,50,64,35.42,32.76,1634110091535,"2021-10-13T12:58:11+05:30"
37,54,70,35.51,33.98,1634110122146,"2021-10-13T12:58:42+05:30"
38,54,70,35.58,33.96,1634110152700,"2021-10-13T12:59:12+05:30"
37,53,70,35.68,34.42,1634110183316,"2021-10-13T12:59:43+05:30"
36,52,68,35.72,34.67,1634110213903,"2021-10-13T13:00:13+05:30"
37,53,68,35.7,34.51,1634110244682,"2021-10-13T13:00:44+05:30"
36,55,69,35.64,34.85,1634110279620,"2021-10-13T13:01:19+05:30"
37,53,66,35.72,35.64,1634110309807,"2021-10-13T13:01:49+05:30"
35,52,67,35.93,35.14,1634110340316,"2021-10-13T13:02:20+05:30"
34,50,65,36.01,34.38,1634110371030,"2021-10-13T13:02:51+05:30"
34,51,65,35.84,32.12,1634110401504,"2021-10-13T13:03:21+05:30"
34,51,65,35.72,32.21,1634110432098,"2021-10-13T13:03:52+05:30"
34,50,65,35.75,33.21,1634110462703,"2021-10-13T13:04:22+05:30"
34,50,65,35.76,32.97,1634110493290,"2021-10-13T13:04:53+05:30"
34,50,65,35.86,32.99,1634110523881,"2021-10-13T13:05:23+05:30"
33,49,62,36.03,33.59,1634110554534,"2021-10-13T13:05:54+05:30"
33,50,64,36.28,32.29,1634110585148,"2021-10-13T13:06:25+05:30"
32,49,64,36.15,31.17,1634110615676,"2021-10-13T13:06:55+05:30"
31,46,61,35.98,28.75,1634110646258,"2021-10-13T13:07:26+05:30"
32,47,60,35.94,30.28,1634110676860,"2021-10-13T13:07:56+05:30"
32,48,62,36.01,32.31,1634110707469,"2021-10-13T13:08:27+05:30"
32,49,65,35.94,31.58,1634110738046,"2021-10-13T13:08:58+05:30"
33,50,66,36.04,32.52,1634110768626,"2021-10-13T13:09:28+05:30"
33,49,63,36.04,33.88,1634110799327,"2021-10-13T13:09:59+05:30"
34,49,62,35.97,34.21,1634110829893,"2021-10-13T13:10:29+05:30"
38,56,71,36.11,33.53,1634110860498,"2021-10-13T13:11:00+05:30"
36,52,69,36.09,34.89,1634110891086,"2021-10-13T13:11:31+05:30"
33,50,65,36.11,35.2,1634110921681,"2021-10-13T13:12:01+05:30"
33,50,63,36.15,34.53,1634110952290,"2021-10-13T13:12:32+05:30"
34,50,65,36.25,34.18,1634110982872,"2021-10-13T13:13:02+05:30"
34,51,66,36.29,34.08,1634111013461,"2021-10-13T13:13:33+05:30"
36,52,66,36.4,34.46,1634111044068,"2021-10-13T13:14:04+05:30"
39,57,71,36.39,34.54,1634111074654,"2021-10-13T13:14:34+05:30"
35,52,66,36.34,35.23,1634111105270,"2021-10-13T13:15:05+05:30"
36,53,66,36.44,34.81,1634111135852,"2021-10-13T13:15:35+05:30"
35,52,68,36.36,32.64,1634111160076,"2021-10-13T13:16:00+05:30"
37,54,68,36.18,32.3,1634111190286,"2021-10-13T13:16:30+05:30"
37,53,66,36.05,32.33,1634111220987,"2021-10-13T13:17:00+05:30"
33,49,64,35.88,30.37,1634111251730,"2021-10-13T13:17:31+05:30"
34,51,67,35.94,31.92,1634111282629,"2021-10-13T13:18:02+05:30"
33,49,66,35.92,31.97,1634111313404,"2021-10-13T13:18:33+05:30"
33,49,64,35.86,31.08,1634111343972,"2021-10-13T13:19:03+05:30"
33,49,65,35.92,30.91,1634111374578,"2021-10-13T13:19:34+05:30"
32,47,62,36.11,31.43,1634111405278,"2021-10-13T13:20:05+05:30"
29,45,58,36.24,30.06,1634111435845,"2021-10-13T13:20:35+05:30"
30,46,60,36.49,30.08,1634111466442,"2021-10-13T13:21:06+05:30"
30,44,56,36.51,30.75,1634111497044,"2021-10-13T13:21:37+05:30"
30,44,56,36.39,30.98,1634111527630,"2021-10-13T13:22:07+05:30"
31,44,57,36.63,29.46,1634111810487,"2021-10-13T13:26:50+05:30"
31,46,62,36.55,29.23,1634111841512,"2021-10-13T13:27:21+05:30"
31,46,58,36.62,29.88,1634111871677,"2021-10-13T13:27:51+05:30"
31,45,57,36.62,30.35,1634111902361,"2021-10-13T13:28:22+05:30"
30,44,57,36.64,30.6,1634111932936,"2021-10-13T13:28:52+05:30"
31,45,59,36.63,31.36,1634111963548,"2021-10-13T13:29:23+05:30"
32,47,62,36.82,30.74,1634111994129,"2021-10-13T13:29:54+05:30"
33,50,64,36.82,29.21,1634112024721,"2021-10-13T13:30:24+05:30"
32,48,61,36.72,29.97,1634112055320,"2021-10-13T13:30:55+05:30"
32,46,61,36.58,27.96,1634112085905,"2021-10-13T13:31:25+05:30"
32,46,59,36.64,31.24,1634112116618,"2021-10-13T13:31:56+05:30"
31,46,58,36.76,32.1,1634112147282,"2021-10-13T13:32:27+05:30"
29,45,59,36.74,30.28,1634112177945,"2021-10-13T13:32:57+05:30"
29,42,54,36.74,29.77,1634112208624,"2021-10-13T13:33:28+05:30"
28,42,53,36.64,28.32,1634112228939,"2021-10-13T13:33:48+05:30"
26,38,47,36.57,26.67,1634112259539,"2021-10-13T13:34:19+05:30"
27,39,48,36.69,27.04,1634112290105,"2021-10-13T13:34:50+05:30"
28,42,51,36.58,25.73,1634112320688,"2021-10-13T13:35:20+05:30"
28,42,52,36.39,25.66,1634112351303,"2021-10-13T13:35:51+05:30"
27,41,55,36.57,28.13,1634112382007,"2021-10-13T13:36:22+05:30"
29,44,59,36.58,26.35,1634112412558,"2021-10-13T13:36:52+05:30"
28,44,57,36.59,26.88,1634112443147,"2021-10-13T13:37:23+05:30"
27,41,52,36.69,26.74,1634112473741,"2021-10-13T13:37:53+05:30"
28,41,51,36.59,24.05,1634112504753,"2021-10-13T13:38:24+05:30"
24,36,47,36.46,21.63,1634112535028,"2021-10-13T13:38:55+05:30"
25,35,44,36.44,23.58,1634112565625,"2021-10-13T13:39:25+05:30"
24,38,50,36.46,24.11,1634112596327,"2021-10-13T13:39:56+05:30"
24,35,44,36.61,23.54,1634112626812,"2021-10-13T13:40:26+05:30"
24,33,43,36.58,24.8,1634112657390,"2021-10-13T13:40:57+05:30"
27,43,56,36.59,24.29,1634112687997,"2021-10-13T13:41:27+05:30"
28,42,53,36.6,25.74,1634112717453,"2021-10-13T13:41:57+05:30"
38,57,69,36.59,27.34,1634112748261,"2021-10-13T13:42:28+05:30"
28,41,53,36.54,26.41,1634112778860,"2021-10-13T13:42:58+05:30"
28,41,52,36.59,26.58,1634112809463,"2021-10-13T13:43:29+05:30"
27,40,51,36.61,25.82,1634112840268,"2021-10-13T13:44:00+05:30"
27,41,53,36.68,25.95,1634112871257,"2021-10-13T13:44:31+05:30"
28,43,57,36.71,24.86,1634112901929,"2021-10-13T13:45:01+05:30"
27,41,54,36.45,23.38,1634112932525,"2021-10-13T13:45:32+05:30"
28,40,52,36.41,25.74,1634112963123,"2021-10-13T13:46:03+05:30"
28,42,52,36.37,26.79,1634112993708,"2021-10-13T13:46:33+05:30"
29,43,55,36.34,27.37,1634113024567,"2021-10-13T13:47:04+05:30"
29,44,57,36.32,26.83,1634113054901,"2021-10-13T13:47:34+05:30"
30,44,55,36.39,27.58,1634113085501,"2021-10-13T13:48:05+05:30"
30,43,56,36.4,28.28,1634113116086,"2021-10-13T13:48:36+05:30"
30,45,58,36.37,27.46,1634113146677,"2021-10-13T13:49:06+05:30"
30,46,63,36.4,27.75,1634113177267,"2021-10-13T13:49:37+05:30"
28,45,62,36.33,27.95,1634113207892,"2021-10-13T13:50:07+05:30"
29,44,55,36.53,28.26,1634113238454,"2021-10-13T13:50:38+05:30"
30,45,60,36.56,27.36,1634113269052,"2021-10-13T13:51:09+05:30"
29,44,57,36.47,28.84,1634113299821,"2021-10-13T13:51:39+05:30"
30,46,58,36.44,27.82,1634113330317,"2021-10-13T13:52:10+05:30"
31,46,61,36.61,28.2,1634113360953,"2021-10-13T13:52:40+05:30"
30,45,57,36.76,28.92,1634113391508,"2021-10-13T13:53:11+05:30"
31,47,62,36.84,28.6,1634113422181,"2021-10-13T13:53:42+05:30"
31,47,60,36.96,29.07,1634113452775,"2021-10-13T13:54:12+05:30"
30,46,62,37.13,29.87,1634113483305,"2021-10-13T13:54:43+05:30"
31,47,61,37.07,30.54,1634113513888,"2021-10-13T13:55:13+05:30"
33,49,64,37.07,29.89,1634113544484,"2021-10-13T13:55:44+05:30"
32,48,63,37.05,28.12,1634113575084,"2021-10-13T13:56:15+05:30"
28,43,57,36.88,23.93,1634113612103,"2021-10-13T13:56:52+05:30"
27,41,52,36.83,24.68,1634113642207,"2021-10-13T13:57:22+05:30"
29,43,53,36.98,27.58,1634113672777,"2021-10-13T13:57:52+05:30"
30,44,58,36.97,26.69,1634113703367,"2021-10-13T13:58:23+05:30"
30,45,60,36.94,25.07,1634113733976,"2021-10-13T13:58:53+05:30"
30,44,56,37.02,27.27,1634113764569,"2021-10-13T13:59:24+05:30"
28,42,52,36.98,27.61,1634113795151,"2021-10-13T13:59:55+05:30"
30,45,58,37.2,27.32,1634113825751,"2021-10-13T14:00:25+05:30"
29,44,56,37.16,28.47,1634113856442,"2021-10-13T14:00:56+05:30"
29,44,57,36.98,28.76,1634113886939,"2021-10-13T14:01:26+05:30"
30,45,56,36.98,28.18,1634113917561,"2021-10-13T14:01:57+05:30"
28,41,51,37.06,27.49,1634113948118,"2021-10-13T14:02:28+05:30"
28,42,53,37.13,27.8,1634113978714,"2021-10-13T14:02:58+05:30"
29,43,55,37.14,26.69,1634114009430,"2021-10-13T14:03:29+05:30"
29,44,57,37.29,26.89,1634114039913,"2021-10-13T14:03:59+05:30"
28,42,53,37.33,27.63,1634114070490,"2021-10-13T14:04:30+05:30"
28,43,54,37.23,26.88,1634114101108,"2021-10-13T14:05:01+05:30"
30,45,58,37.2,26.84,1634114131811,"2021-10-13T14:05:31+05:30"
28,42,52,37.16,28.21,1634114162398,"2021-10-13T14:06:02+05:30"
29,41,51,37.23,29.02,1634114192958,"2021-10-13T14:06:32+05:30"
31,45,58,37.19,27.17,1634114223551,"2021-10-13T14:07:03+05:30"
34,51,66,37.03,26.25,1634114254135,"2021-10-13T14:07:34+05:30"
31,47,61,36.94,26.28,1634114284732,"2021-10-13T14:08:04+05:30"
32,49,65,36.86,26.2,1634114315354,"2021-10-13T14:08:35+05:30"
33,48,64,36.65,26.77,1634114345928,"2021-10-13T14:09:05+05:30"
32,47,63,36.7,27.9,1634114376510,"2021-10-13T14:09:36+05:30"
32,47,61,36.74,28.95,1634114407116,"2021-10-13T14:10:07+05:30"
34,51,66,36.87,29.29,1634114437700,"2021-10-13T14:10:37+05:30"
32,48,62,36.9,29.3,1634114468334,"2021-10-13T14:11:08+05:30"
32,48,62,36.96,30.63,1634114499128,"2021-10-13T14:11:39+05:30"
30,45,57,37.17,29.05,1634114522692,"2021-10-13T14:12:02+05:30"
30,45,58,37.25,28.14,1634114553040,"2021-10-13T14:12:33+05:30"
29,43,55,37.25,27.27,1634114583723,"2021-10-13T14:13:03+05:30"
29,43,55,37.18,26.77,1634114614300,"2021-10-13T14:13:34+05:30"
29,43,53,37.18,27.3,1634114644879,"2021-10-13T14:14:04+05:30"
30,44,56,37.03,27.7,1634114675481,"2021-10-13T14:14:35+05:30"
30,45,57,36.93,28.09,1634114706078,"2021-10-13T14:15:06+05:30"
31,46,59,36.95,27.43,1634114736652,"2021-10-13T14:15:36+05:30"
32,49,63,36.81,27.76,1634114767283,"2021-10-13T14:16:07+05:30"
33,49,62,36.85,28.86,1634114797800,"2021-10-13T14:16:37+05:30"
33,48,63,37.07,29.79,1634114828516,"2021-10-13T14:17:08+05:30"
33,50,66,37.32,29.11,1634114858986,"2021-10-13T14:17:38+05:30"
34,51,70,37.39,28.23,1634114889675,"2021-10-13T14:18:09+05:30"
33,51,66,37.15,27.86,1634114920183,"2021-10-13T14:18:40+05:30"
34,51,67,36.83,28.56,1634114950785,"2021-10-13T14:19:10+05:30"
34,50,63,36.75,30.24,1634114981389,"2021-10-13T14:19:41+05:30"
34,50,64,36.92,30.54,1634115011985,"2021-10-13T14:20:11+05:30"
34,49,62,37.02,30.82,1634115042564,"2021-10-13T14:20:42+05:30"
33,50,63,37.23,31.32,1634115073224,"2021-10-13T14:21:13+05:30"
34,50,62,37.19,31.29,1634115103844,"2021-10-13T14:21:43+05:30"
35,51,66,37.23,31.73,1634115134417,"2021-10-13T14:22:14+05:30"
36,52,67,37.28,31.64,1634115165140,"2021-10-13T14:22:45+05:30"
35,52,68,37.3,31.34,1634115195607,"2021-10-13T14:23:15+05:30"
36,55,70,37.33,31.24,1634115226212,"2021-10-13T14:23:46+05:30"
37,54,68,37.14,31.99,1634115256798,"2021-10-13T14:24:16+05:30"
39,56,71,36.89,31.71,1634115287377,"2021-10-13T14:24:47+05:30"
38,53,69,36.81,33.3,1634115317976,"2021-10-13T14:25:17+05:30"
41,59,73,36.96,32.9,1634115348743,"2021-10-13T14:25:48+05:30"
42,59,73,37.07,33.21,1634115379177,"2021-10-13T14:26:19+05:30"
39,56,72,36.98,32.61,1634115413663,"2021-10-13T14:26:53+05:30"
37,57,73,37.03,32.69,1634115444230,"2021-10-13T14:27:24+05:30"
37,55,70,36.99,33.1,1634115474830,"2021-10-13T14:27:54+05:30"
37,55,69,37.1,32.73,1634115505414,"2021-10-13T14:28:25+05:30"
35,53,71,37.24,32.77,1634115536328,"2021-10-13T14:28:56+05:30"
37,54,69,37.18,32.33,1634115566936,"2021-10-13T14:29:26+05:30"
37,54,68,37.17,32.9,1634115597519,"2021-10-13T14:29:57+05:30"
38,55,70,37.19,32.62,1634115628120,"2021-10-13T14:30:28+05:30"
38,57,72,37.1,32.63,1634115658713,"2021-10-13T14:30:58+05:30"
39,56,70,37.14,32.99,1634115689284,"2021-10-13T14:31:29+05:30"
40,56,70,37.28,32.81,1634115719906,"2021-10-13T14:31:59+05:30"
40,57,70,37.27,31.88,1634115750455,"2021-10-13T14:32:30+05:30"
40,59,73,37.21,31.96,1634115781073,"2021-10-13T14:33:01+05:30"
41,60,74,37.16,32.71,1634115811646,"2021-10-13T14:33:31+05:30"
37,55,70,37.17,32.04,1634115842234,"2021-10-13T14:34:02+05:30"
38,56,71,37.07,32.19,1634115872852,"2021-10-13T14:34:32+05:30"
36,53,69,36.95,32.19,1634115903429,"2021-10-13T14:35:03+05:30"
37,52,67,36.88,31.7,1634115934219,"2021-10-13T14:35:34+05:30"
38,53,69,36.84,32.33,1634115964748,"2021-10-13T14:36:04+05:30"
36,51,66,36.9,32.41,1634115995345,"2021-10-13T14:36:35+05:30"
37,52,66,36.95,31.43,1634116025929,"2021-10-13T14:37:05+05:30"
40,57,70,36.86,31.27,1634116056519,"2021-10-13T14:37:36+05:30"
35,52,66,36.79,32.53,1634116087123,"2021-10-13T14:38:07+05:30"
36,53,68,36.65,32.71,1634116117713,"2021-10-13T14:38:37+05:30"
37,54,69,36.65,32.68,1634116148319,"2021-10-13T14:39:08+05:30"
38,56,70,36.89,32.44,1634116178894,"2021-10-13T14:39:38+05:30"
60,89,101,36.83,30.91,1634116209495,"2021-10-13T14:40:09+05:30"
62,89,101,36.73,32.64,1634116240182,"2021-10-13T14:40:40+05:30"
39,56,70,36.63,32.9,1634116270691,"2021-10-13T14:41:10+05:30"
40,57,71,36.7,31.97,1634116301273,"2021-10-13T14:41:41+05:30"
36,54,68,36.88,32.08,1634116335961,"2021-10-13T14:42:15+05:30"
36,53,67,36.93,31.73,1634116366527,"2021-10-13T14:42:46+05:30"
35,49,62,37.11,28.94,1634116397125,"2021-10-13T14:43:17+05:30"
34,50,64,37.18,30.07,1634116427707,"2021-10-13T14:43:47+05:30"
33,51,66,37.37,29.88,1634116458313,"2021-10-13T14:44:18+05:30"
35,52,65,37.45,30.81,1634116489001,"2021-10-13T14:44:49+05:30"
38,58,72,37.2,32.21,1634116519487,"2021-10-13T14:45:19+05:30"
39,57,72,37.27,32.83,1634116550093,"2021-10-13T14:45:50+05:30"
38,56,71,37.06,32.3,1634116580689,"2021-10-13T14:46:20+05:30"
40,59,73,37.02,32.81,1634116611290,"2021-10-13T14:46:51+05:30"
40,58,72,37.1,33.23,1634116641858,"2021-10-13T14:47:21+05:30"
39,56,70,37.07,33.37,1634116672568,"2021-10-13T14:47:52+05:30"
39,57,71,37.11,32.8,1634116703074,"2021-10-13T14:48:23+05:30"
37,55,70,37.1,32.09,1634116733748,"2021-10-13T14:48:53+05:30"
38,54,68,37.17,31.97,1634116764325,"2021-10-13T14:49:24+05:30"
36,53,67,37.07,30.99,1634116794923,"2021-10-13T14:49:54+05:30"
35,52,67,37,31.84,1634116825591,"2021-10-13T14:50:25+05:30"
34,51,65,37.18,30.54,1634116856263,"2021-10-13T14:50:56+05:30"
34,51,64,37.29,31.05,1634116886843,"2021-10-13T14:51:26+05:30"
35,52,66,37.34,29.28,1634116920789,"2021-10-13T14:52:00+05:30"
37,57,74,37.06,27.46,1634116948061,"2021-10-13T14:52:28+05:30"
38,55,71,37.07,29.81,1634116978670,"2021-10-13T14:52:58+05:30"
36,51,67,37.26,31.4,1634117009257,"2021-10-13T14:53:29+05:30"
34,51,66,37.34,32.21,1634117039851,"2021-10-13T14:53:59+05:30"
33,50,65,37.36,31.88,1634117070532,"2021-10-13T14:54:30+05:30"
35,51,64,37.45,31.98,1634117101043,"2021-10-13T14:55:01+05:30"
36,52,67,37.48,31.84,1634117131624,"2021-10-13T14:55:31+05:30"
36,53,68,37.45,29.46,1634117162215,"2021-10-13T14:56:02+05:30"
35,51,66,37.27,27.69,1634117192847,"2021-10-13T14:56:32+05:30"
34,50,64,37.28,30.15,1634117214881,"2021-10-13T14:56:54+05:30"
35,51,67,37.32,31.71,1634117245463,"2021-10-13T14:57:25+05:30"
35,51,64,37.3,31.6,1634117279396,"2021-10-13T14:57:59+05:30"
34,51,66,37.43,30.62,1634117306911,"2021-10-13T14:58:26+05:30"
37,52,67,37.17,29.24,1634117337470,"2021-10-13T14:58:57+05:30"
36,52,67,37.31,30.72,1634117368064,"2021-10-13T14:59:28+05:30"
35,53,68,37.45,30.64,1634117398684,"2021-10-13T14:59:58+05:30"
34,52,67,37.54,30.64,1634117429259,"2021-10-13T15:00:29+05:30"
34,51,67,37.59,31.1,1634117459842,"2021-10-13T15:00:59+05:30"
34,51,65,37.62,31.35,1634117490465,"2021-10-13T15:01:30+05:30"
35,51,64,37.55,31.93,1634117521090,"2021-10-13T15:02:01+05:30"
37,55,70,37.49,31.83,1634117551625,"2021-10-13T15:02:31+05:30"
39,59,71,37.58,31.57,1634117582233,"2021-10-13T15:03:02+05:30"
39,58,73,37.73,32.02,1634117612811,"2021-10-13T15:03:32+05:30"
39,56,69,37.9,32.07,1634117643366,"2021-10-13T15:04:03+05:30"
39,57,71,37.98,31.83,1634117673961,"2021-10-13T15:04:33+05:30"
39,57,70,38.02,32.31,1634117704557,"2021-10-13T15:05:04+05:30"
40,61,75,38.07,32.19,1634117735232,"2021-10-13T15:05:35+05:30"
41,63,74,38.06,32.1,1634117765853,"2021-10-13T15:06:05+05:30"
41,59,73,37.89,32.9,1634117796630,"2021-10-13T15:06:36+05:30"
42,60,72,37.91,32.93,1634117827657,"2021-10-13T15:07:07+05:30"
44,62,73,37.78,33.38,1634117858382,"2021-10-13T15:07:38+05:30"
43,62,73,37.82,33.55,1634117888896,"2021-10-13T15:08:08+05:30"
47,67,76,37.76,33.81,1634117919641,"2021-10-13T15:08:39+05:30"
44,61,74,37.84,34.09,1634117950224,"2021-10-13T15:09:10+05:30"
47,67,75,37.77,34.38,1634117981104,"2021-10-13T15:09:41+05:30"
49,71,79,37.75,34.69,1634118011954,"2021-10-13T15:10:11+05:30"
47,68,78,37.76,34.91,1634118042555,"2021-10-13T15:10:42+05:30"
48,69,79,37.77,34.78,1634118073145,"2021-10-13T15:11:13+05:30"
47,70,78,37.78,34.12,1634118103743,"2021-10-13T15:11:43+05:30"
48,71,79,37.85,34.52,1634118133913,"2021-10-13T15:12:13+05:30"
47,67,76,37.88,34.51,1634118164446,"2021-10-13T15:12:44+05:30"
45,67,77,38.01,34.31,1634118195040,"2021-10-13T15:13:15+05:30"
38,58,75,37.92,30.86,1634118225622,"2021-10-13T15:13:45+05:30"
36,53,66,37.55,27.79,1634118256215,"2021-10-13T15:14:16+05:30"
34,50,64,37.14,27.91,1634118286806,"2021-10-13T15:14:46+05:30"
34,50,64,37.02,28.58,1634118317401,"2021-10-13T15:15:17+05:30"
35,51,66,37.19,31.19,1634118348039,"2021-10-13T15:15:48+05:30"
34,51,67,37.42,31.3,1634118378596,"2021-10-13T15:16:18+05:30"
36,52,69,37.56,31.14,1634118409276,"2021-10-13T15:16:49+05:30"
39,57,70,37.5,29.44,1634118439999,"2021-10-13T15:17:19+05:30"
35,51,67,37.42,29.99,1634118470472,"2021-10-13T15:17:50+05:30"
33,48,61,37.31,29.51,1634118500960,"2021-10-13T15:18:20+05:30"
32,49,63,37.39,29.99,1634118531557,"2021-10-13T15:18:51+05:30"
31,47,60,37.45,29.51,1634118562161,"2021-10-13T15:19:22+05:30"
32,50,67,37.47,29.08,1634118592765,"2021-10-13T15:19:52+05:30"
33,50,65,37.37,29.37,1634118623404,"2021-10-13T15:20:23+05:30"
35,51,66,37.28,29.85,1634118654350,"2021-10-13T15:20:54+05:30"
35,52,68,37.18,30.13,1634118684899,"2021-10-13T15:21:24+05:30"
35,52,68,37.36,30.31,1634118715768,"2021-10-13T15:21:55+05:30"
36,53,68,37.42,31.17,1634118746408,"2021-10-13T15:22:26+05:30"
35,52,67,37.5,31.16,1634118777017,"2021-10-13T15:22:57+05:30"
33,49,62,37.39,31.16,1634118807807,"2021-10-13T15:23:27+05:30"
33,49,63,37.25,31.13,1634118838672,"2021-10-13T15:23:58+05:30"
33,50,65,37.2,30.11,1634118869423,"2021-10-13T15:24:29+05:30"
34,50,66,37.23,30.82,1634118900033,"2021-10-13T15:25:00+05:30"
34,50,65,37.34,31.24,1634118930609,"2021-10-13T15:25:30+05:30"
34,50,65,37.34,30.38,1634118961228,"2021-10-13T15:26:01+05:30"
34,50,63,37.81,30.78,1634120285733,"2021-10-13T15:48:05+05:30"
33,49,64,37.79,30.64,1634120305812,"2021-10-13T15:48:25+05:30"
32,47,61,37.75,31.04,1634120336306,"2021-10-13T15:48:56+05:30"
33,48,61,37.79,30.52,1634120366914,"2021-10-13T15:49:26+05:30"
32,47,60,37.79,30.34,1634120397959,"2021-10-13T15:49:57+05:30"
32,48,61,37.86,31.13,1634120428453,"2021-10-13T15:50:28+05:30"
32,49,64,37.91,31.16,1634120459173,"2021-10-13T15:50:59+05:30"
32,47,60,37.97,30.82,1634120490231,"2021-10-13T15:51:30+05:30"
32,48,60,37.96,30.5,1634120520817,"2021-10-13T15:52:00+05:30"
32,47,59,37.87,28.88,1634120551398,"2021-10-13T15:52:31+05:30"
32,46,61,37.83,30.36,1634120581981,"2021-10-13T15:53:01+05:30"
31,46,58,37.81,31.39,1634120612696,"2021-10-13T15:53:32+05:30"
32,47,60,37.87,30.83,1634120643156,"2021-10-13T15:54:03+05:30"
32,47,60,37.79,30.29,1634120673887,"2021-10-13T15:54:33+05:30"
32,49,63,37.74,30.73,1634120704502,"2021-10-13T15:55:04+05:30"
33,49,62,37.73,31.26,1634120735034,"2021-10-13T15:55:35+05:30"
33,49,65,37.72,31.01,1634120765621,"2021-10-13T15:56:05+05:30"
33,48,61,37.66,31.05,1634120796223,"2021-10-13T15:56:36+05:30"
33,49,62,37.67,30.91,1634120826842,"2021-10-13T15:57:06+05:30"
33,49,64,37.71,31.66,1634120857549,"2021-10-13T15:57:37+05:30"
33,49,63,37.77,31.43,1634120888272,"2021-10-13T15:58:08+05:30"
35,53,68,37.83,32.47,1634121192817,"2021-10-13T16:03:12+05:30"
38,57,70,37.89,32.1,1634121202812,"2021-10-13T16:03:22+05:30"
35,51,66,37.87,33.02,1634121233432,"2021-10-13T16:03:53+05:30"
35,50,65,37.8,32.58,1634121264012,"2021-10-13T16:04:24+05:30"
35,51,65,37.7,32.08,1634121294897,"2021-10-13T16:04:54+05:30"
35,51,65,37.44,31.38,1634121325192,"2021-10-13T16:05:25+05:30"
37,55,69,37.29,32.09,1634121355965,"2021-10-13T16:05:55+05:30"
35,52,67,37.34,33.93,1634121386380,"2021-10-13T16:06:26+05:30"
35,55,70,37.28,34.12,1634121416972,"2021-10-13T16:06:56+05:30"
35,50,66,37.43,34.03,1634121447579,"2021-10-13T16:07:27+05:30"
34,51,67,37.48,34.58,1634121478161,"2021-10-13T16:07:58+05:30"
35,51,67,37.49,33.71,1634121508751,"2021-10-13T16:08:28+05:30"
34,51,66,37.5,33.34,1634121539352,"2021-10-13T16:08:59+05:30"
37,53,69,37.57,32.54,1634121569938,"2021-10-13T16:09:29+05:30"
36,55,71,37.64,32.64,1634121600528,"2021-10-13T16:10:00+05:30"
37,55,70,37.69,32.26,1634121631137,"2021-10-13T16:10:31+05:30"
36,55,70,37.66,32,1634121661727,"2021-10-13T16:11:01+05:30"
34,52,68,37.66,31.86,1634121692306,"2021-10-13T16:11:32+05:30"
34,51,64,37.67,32.03,1634121722910,"2021-10-13T16:12:02+05:30"
33,50,64,37.77,31.84,1634121753498,"2021-10-13T16:12:33+05:30"
33,48,63,37.87,30.71,1634121784154,"2021-10-13T16:13:04+05:30"
33,49,62,37.86,30.82,1634121814735,"2021-10-13T16:13:34+05:30"
32,47,61,37.84,29.99,1634121845335,"2021-10-13T16:14:05+05:30"
32,47,60,37.83,29.84,1634121875922,"2021-10-13T16:14:35+05:30"
32,47,59,37.66,29.29,1634121906539,"2021-10-13T16:15:06+05:30"
32,49,63,37.69,30.2,1634121937162,"2021-10-13T16:15:37+05:30"
31,46,59,37.72,31.06,1634121967718,"2021-10-13T16:16:07+05:30"
32,48,62,37.77,31.2,1634121998307,"2021-10-13T16:16:38+05:30"
32,48,62,37.72,30.62,1634122028899,"2021-10-13T16:17:08+05:30"
33,49,64,37.62,30.38,1634122059494,"2021-10-13T16:17:39+05:30"
31,48,62,37.54,30.06,1634122092759,"2021-10-13T16:18:12+05:30"
32,46,59,37.5,30.25,1634122112821,"2021-10-13T16:18:32+05:30"
30,45,57,37.49,30.37,1634122143408,"2021-10-13T16:19:03+05:30"
31,46,62,37.47,29.31,1634122174010,"2021-10-13T16:19:34+05:30"
31,46,61,37.49,29.91,1634122204585,"2021-10-13T16:20:04+05:30"
30,46,60,37.52,30.6,1634122235121,"2021-10-13T16:20:35+05:30"
30,45,56,37.52,29.86,1634122265724,"2021-10-13T16:21:05+05:30"
31,45,59,37.46,29.79,1634122296676,"2021-10-13T16:21:36+05:30"
31,46,59,37.42,30.06,1634122327040,"2021-10-13T16:22:07+05:30"
31,46,58,37.44,30.53,1634122357628,"2021-10-13T16:22:37+05:30"
31,44,57,37.29,28.17,1634122388239,"2021-10-13T16:23:08+05:30"
33,48,63,37.19,28.44,1634122418816,"2021-10-13T16:23:38+05:30"
31,46,59,37.16,29,1634122449434,"2021-10-13T16:24:09+05:30"
29,43,53,37.14,29.62,1634122480131,"2021-10-13T16:24:40+05:30"
29,41,51,37.09,29.05,1634122510681,"2021-10-13T16:25:10+05:30"
29,43,55,37.1,28.76,1634122541197,"2021-10-13T16:25:41+05:30"
29,41,51,37.2,29.43,1634122571791,"2021-10-13T16:26:11+05:30"
29,42,52,37.21,28.73,1634122602421,"2021-10-13T16:26:42+05:30"
29,44,56,37.07,27.78,1634122633003,"2021-10-13T16:27:13+05:30"
30,44,56,36.87,27.22,1634122663572,"2021-10-13T16:27:43+05:30"
30,44,58,36.87,27.28,1634122694154,"2021-10-13T16:28:14+05:30"
30,44,57,36.87,28.09,1634122724760,"2021-10-13T16:28:44+05:30"
30,44,54,36.85,29.31,1634122755391,"2021-10-13T16:29:15+05:30"
30,45,59,36.91,29.5,1634122786109,"2021-10-13T16:29:46+05:30"
31,47,61,36.92,29.3,1634122816820,"2021-10-13T16:30:16+05:30"
30,45,57,36.84,29.35,1634122847385,"2021-10-13T16:30:47+05:30"
30,43,53,36.89,29.52,1634122877991,"2021-10-13T16:31:17+05:30"
29,42,54,36.99,29.46,1634122908570,"2021-10-13T16:31:48+05:30"
29,42,53,36.98,29.6,1634122939177,"2021-10-13T16:32:19+05:30"
28,42,52,37.12,29.47,1634122969756,"2021-10-13T16:32:49+05:30"
28,43,54,37.13,29.05,1634122999937,"2021-10-13T16:33:19+05:30"
29,43,56,37.11,28.67,1634123030037,"2021-10-13T16:33:50+05:30"
29,44,58,37.02,27.57,1634123060625,"2021-10-13T16:34:20+05:30"
31,46,61,36.96,28.97,1634123091223,"2021-10-13T16:34:51+05:30"
30,46,59,36.85,29.4,1634123121804,"2021-10-13T16:35:21+05:30"
29,44,56,36.76,30.12,1634123152437,"2021-10-13T16:35:52+05:30"
29,43,56,36.83,30.71,1634123183393,"2021-10-13T16:36:23+05:30"
30,45,62,36.72,30.53,1634123214014,"2021-10-13T16:36:54+05:30"
29,43,55,36.65,30.74,1634123245517,"2021-10-13T16:37:25+05:30"
29,43,55,36.61,31.26,1634123275237,"2021-10-13T16:37:55+05:30"
30,44,57,36.63,30.82,1634123305820,"2021-10-13T16:38:25+05:30"
29,43,55,36.7,30.17,1634123336390,"2021-10-13T16:38:56+05:30"
30,43,55,36.72,29.43,1634123367118,"2021-10-13T16:39:27+05:30"
28,42,54,36.76,29.53,1634123397586,"2021-10-13T16:39:57+05:30"
29,44,57,36.67,28.86,1634123428281,"2021-10-13T16:40:28+05:30"
29,44,56,36.69,29.62,1634123458763,"2021-10-13T16:40:58+05:30"
29,42,55,36.71,29.56,1634123489357,"2021-10-13T16:41:29+05:30"
28,43,54,36.64,29.21,1634123519957,"2021-10-13T16:41:59+05:30"
29,44,56,36.55,28.72,1634123550581,"2021-10-13T16:42:30+05:30"
28,43,53,36.39,27.75,1634123581202,"2021-10-13T16:43:01+05:30"
28,43,54,36.36,29.3,1634123611745,"2021-10-13T16:43:31+05:30"
28,42,55,36.33,28.61,1634123642326,"2021-10-13T16:44:02+05:30"
28,42,56,36.44,29.73,1634123672925,"2021-10-13T16:44:32+05:30"
28,42,54,36.54,30.7,1634123703633,"2021-10-13T16:45:03+05:30"
27,42,53,36.57,30.11,1634123734109,"2021-10-13T16:45:34+05:30"
28,40,50,36.45,28.91,1634123764717,"2021-10-13T16:46:04+05:30"
29,44,58,36.5,29.96,1634123795403,"2021-10-13T16:46:35+05:30"
28,42,54,36.39,30.31,1634123826406,"2021-10-13T16:47:06+05:30"
29,44,57,36.22,29.85,1634123856791,"2021-10-13T16:47:36+05:30"
28,44,58,36.02,29.75,1634123918212,"2021-10-13T16:48:38+05:30"
27,41,52,36.04,29.69,1634123948614,"2021-10-13T16:49:08+05:30"
28,42,53,35.92,30.53,1634123979181,"2021-10-13T16:49:39+05:30"
28,43,54,35.87,31.45,1634124009768,"2021-10-13T16:50:09+05:30"
27,39,48,35.81,29.28,1634124040385,"2021-10-13T16:50:40+05:30"
27,40,51,35.74,29.35,1634124070956,"2021-10-13T16:51:10+05:30"
28,42,51,35.63,30.05,1634124101561,"2021-10-13T16:51:41+05:30"
28,42,54,35.5,30.58,1634124132145,"2021-10-13T16:52:12+05:30"
28,41,53,35.47,31.26,1634124162747,"2021-10-13T16:52:42+05:30"
27,41,52,35.48,30.72,1634124193355,"2021-10-13T16:53:13+05:30"
28,41,51,35.49,31.05,1634124223927,"2021-10-13T16:53:43+05:30"
28,40,51,35.48,31.4,1634124254524,"2021-10-13T16:54:14+05:30"
28,41,51,35.44,30.71,1634124285273,"2021-10-13T16:54:45+05:30"
29,44,56,35.35,31.62,1634124315795,"2021-10-13T16:55:15+05:30"
29,43,55,35.25,32.42,1634124346399,"2021-10-13T16:55:46+05:30"
29,43,54,35.14,33.28,1634124376981,"2021-10-13T16:56:16+05:30"
28,43,53,35.18,33.57,1634124407565,"2021-10-13T16:56:47+05:30"
29,43,55,35.2,33.4,1634124438171,"2021-10-13T16:57:18+05:30"
28,42,54,35.19,32.99,1634124468760,"2021-10-13T16:57:48+05:30"
29,45,56,35.17,32.88,1634124499418,"2021-10-13T16:58:19+05:30"
27,42,54,35.02,33.04,1634124529969,"2021-10-13T16:58:49+05:30"
31,47,64,34.81,32.88,1634124560539,"2021-10-13T16:59:20+05:30"
30,46,60,34.67,33.62,1634124591125,"2021-10-13T16:59:51+05:30"
31,48,68,34.64,33.43,1634124621730,"2021-10-13T17:00:21+05:30"
31,47,63,34.78,33.82,1634124652318,"2021-10-13T17:00:52+05:30"
29,44,61,34.82,33.17,1634124682917,"2021-10-13T17:01:22+05:30"
29,44,56,34.75,32.37,1634124713517,"2021-10-13T17:01:53+05:30"
29,45,56,34.68,32.27,1634124744100,"2021-10-13T17:02:24+05:30"
29,44,55,34.76,32.72,1634124774707,"2021-10-13T17:02:54+05:30"
29,44,56,34.78,34.04,1634124803614,"2021-10-13T17:03:23+05:30"
30,44,58,34.73,34.99,1634124834176,"2021-10-13T17:03:54+05:30"
31,47,62,34.51,34.31,1634124865209,"2021-10-13T17:04:25+05:30"
30,46,63,34.38,34.89,1634124895539,"2021-10-13T17:04:55+05:30"
30,46,60,34.34,35.35,1634124925934,"2021-10-13T17:05:25+05:30"
30,47,61,34.31,34.93,1634124956518,"2021-10-13T17:05:56+05:30"
30,46,61,34.33,34.86,1634124987532,"2021-10-13T17:06:27+05:30"
30,45,59,34.31,35.15,1634125018058,"2021-10-13T17:06:58+05:30"
30,46,63,34.2,35.62,1634125048585,"2021-10-13T17:07:28+05:30"
30,45,59,34.29,36.3,1634125079166,"2021-10-13T17:07:59+05:30"
31,46,61,34.3,34.52,1634125109764,"2021-10-13T17:08:29+05:30"
30,45,60,34.36,34.65,1634125140356,"2021-10-13T17:09:00+05:30"
30,44,58,34.42,34.15,1634125171112,"2021-10-13T17:09:31+05:30"
30,45,57,34.38,34.27,1634125201544,"2021-10-13T17:10:01+05:30"
29,44,57,34.34,35.51,1634125232270,"2021-10-13T17:10:32+05:30"
30,45,58,34.24,35.85,1634125262724,"2021-10-13T17:11:02+05:30"
30,44,57,34.19,37.18,1634125293319,"2021-10-13T17:11:33+05:30"
34,52,65,34.18,36.36,1634125323910,"2021-10-13T17:12:03+05:30"
40,62,75,34.24,35.22,1634125354626,"2021-10-13T17:12:34+05:30"
32,48,62,34.27,36.77,1634125385119,"2021-10-13T17:13:05+05:30"
32,48,61,34.14,35.63,1634125415702,"2021-10-13T17:13:35+05:30"
31,47,61,34.2,35.43,1634125446292,"2021-10-13T17:14:06+05:30"
31,46,64,34.3,35.9,1634125476893,"2021-10-13T17:14:36+05:30"
31,45,58,34.19,36.53,1634125507519,"2021-10-13T17:15:07+05:30"
31,45,56,34.05,36.56,1634125538104,"2021-10-13T17:15:38+05:30"
31,47,62,33.96,36.95,1634125568665,"2021-10-13T17:16:08+05:30"
31,46,60,33.87,37.29,1634125599376,"2021-10-13T17:16:39+05:30"
31,47,61,33.9,37.45,1634125629881,"2021-10-13T17:17:09+05:30"
32,48,63,33.8,37.19,1634125660461,"2021-10-13T17:17:40+05:30"
32,49,65,33.76,37.08,1634125695634,"2021-10-13T17:18:15+05:30"
33,49,64,33.86,36.73,1634125726192,"2021-10-13T17:18:46+05:30"
32,47,61,33.72,36.37,1634125756781,"2021-10-13T17:19:16+05:30"
33,48,60,33.8,37.32,1634125787495,"2021-10-13T17:19:47+05:30"
32,47,60,33.83,38.24,1634125818277,"2021-10-13T17:20:18+05:30"
32,49,62,33.87,38.02,1634125848868,"2021-10-13T17:20:48+05:30"
31,46,58,33.88,38.16,1634125879587,"2021-10-13T17:21:19+05:30"
32,46,58,33.78,37.98,1634125910289,"2021-10-13T17:21:50+05:30"
33,48,62,33.76,37.48,1634125940666,"2021-10-13T17:22:20+05:30"
32,47,59,33.75,37.24,1634125971248,"2021-10-13T17:22:51+05:30"
31,47,59,33.72,37.74,1634126001832,"2021-10-13T17:23:21+05:30"
32,47,59,33.8,36.7,1634126032427,"2021-10-13T17:23:52+05:30"
32,48,63,33.85,36.71,1634126063040,"2021-10-13T17:24:23+05:30"
32,47,59,33.78,37.59,1634126093647,"2021-10-13T17:24:53+05:30"
32,47,59,33.66,37.87,1634126124192,"2021-10-13T17:25:24+05:30"
33,49,63,33.6,37,1634126154826,"2021-10-13T17:25:54+05:30"
33,49,63,33.69,37.59,1634126185381,"2021-10-13T17:26:25+05:30"
33,47,60,33.68,38.78,1634126216025,"2021-10-13T17:26:56+05:30"
33,50,65,33.53,39.31,1634126246614,"2021-10-13T17:27:26+05:30"
33,50,65,33.38,39.19,1634126277167,"2021-10-13T17:27:57+05:30"
33,49,63,33.32,39.71,1634126307754,"2021-10-13T17:28:27+05:30"
33,50,64,33.28,39.49,1634126338349,"2021-10-13T17:28:58+05:30"
34,50,64,33.12,38.82,1634126368947,"2021-10-13T17:29:28+05:30"
33,49,64,33.09,39.52,1634126399537,"2021-10-13T17:29:59+05:30"
34,49,65,33.06,39.52,1634126430134,"2021-10-13T17:30:30+05:30"
33,50,65,33.14,39.2,1634126460725,"2021-10-13T17:31:00+05:30"
34,52,65,33.2,39.22,1634126491414,"2021-10-13T17:31:31+05:30"
34,51,66,33.2,39.48,1634126521915,"2021-10-13T17:32:01+05:30"
34,52,70,33.28,39.47,1634126552535,"2021-10-13T17:32:32+05:30"
34,51,65,33.18,39.72,1634126583117,"2021-10-13T17:33:03+05:30"
34,50,63,33.02,39.24,1634126616099,"2021-10-13T17:33:36+05:30"
33,49,63,32.98,39.85,1634126646682,"2021-10-13T17:34:06+05:30"
33,50,67,32.96,39.02,1634126677275,"2021-10-13T17:34:37+05:30"
34,50,64,32.92,40.15,1634126707880,"2021-10-13T17:35:07+05:30"
35,52,66,32.81,39.45,1634126738533,"2021-10-13T17:35:38+05:30"
35,52,69,32.85,39.38,1634126769063,"2021-10-13T17:36:09+05:30"
36,52,69,32.87,39.54,1634126799643,"2021-10-13T17:36:39+05:30"
36,57,76,32.82,39.76,1634126830376,"2021-10-13T17:37:10+05:30"
36,55,72,32.82,40.33,1634126860836,"2021-10-13T17:37:40+05:30"
37,54,70,32.78,40.09,1634126891599,"2021-10-13T17:38:11+05:30"
36,53,71,32.7,40.08,1634126922024,"2021-10-13T17:38:42+05:30"
36,53,70,32.82,40,1634126952625,"2021-10-13T17:39:12+05:30"
34,52,68,32.74,40.08,1634126983215,"2021-10-13T17:39:43+05:30"
35,51,65,32.66,40.57,1634127013881,"2021-10-13T17:40:13+05:30"
34,51,66,32.63,40.64,1634127044504,"2021-10-13T17:40:44+05:30"
35,51,66,32.6,39.75,1634127075071,"2021-10-13T17:41:15+05:30"
35,52,65,32.61,39.13,1634127105676,"2021-10-13T17:41:45+05:30"
35,52,67,32.75,39.68,1634127136262,"2021-10-13T17:42:16+05:30"
35,53,70,32.86,40.24,1634127166872,"2021-10-13T17:42:46+05:30"
33,50,66,32.98,40.24,1634127197453,"2021-10-13T17:43:17+05:30"
35,52,68,32.83,39.85,1634127228040,"2021-10-13T17:43:48+05:30"
36,52,68,32.68,39.68,1634127258698,"2021-10-13T17:44:18+05:30"
36,53,68,32.57,39.44,1634127289242,"2021-10-13T17:44:49+05:30"
34,51,66,32.5,39.77,1634127319833,"2021-10-13T17:45:19+05:30"
35,52,67,32.45,39.81,1634127350429,"2021-10-13T17:45:50+05:30"
36,53,69,32.47,39.69,1634127381006,"2021-10-13T17:46:21+05:30"
35,52,68,32.48,39.64,1634127411681,"2021-10-13T17:46:51+05:30"
35,52,65,32.4,39.32,1634127442227,"2021-10-13T17:47:22+05:30"
34,51,65,32.4,40.45,1634127473024,"2021-10-13T17:47:53+05:30"
34,52,67,32.39,40.84,1634127495845,"2021-10-13T17:48:15+05:30"
34,51,64,32.46,40.55,1634127526407,"2021-10-13T17:48:46+05:30"
35,54,67,32.41,40.06,1634127557004,"2021-10-13T17:49:17+05:30"
36,53,69,32.39,39.61,1634127587738,"2021-10-13T17:49:47+05:30"
36,54,71,32.53,39.43,1634127618394,"2021-10-13T17:50:18+05:30"
36,52,68,32.6,39.1,1634127649446,"2021-10-13T17:50:49+05:30"
35,53,69,32.56,39.85,1634127680003,"2021-10-13T17:51:20+05:30"
34,50,65,32.47,40.58,1634127710634,"2021-10-13T17:51:50+05:30"
38,54,69,32.46,39.99,1634127741165,"2021-10-13T17:52:21+05:30"
36,54,69,32.42,40.45,1634127771754,"2021-10-13T17:52:51+05:30"
35,55,70,32.34,40.42,1634127802345,"2021-10-13T17:53:22+05:30"
37,53,70,32.37,40.03,1634127833174,"2021-10-13T17:53:53+05:30"
36,54,71,32.42,39.72,1634127863537,"2021-10-13T17:54:23+05:30"
37,57,71,32.38,40,1634127894181,"2021-10-13T17:54:54+05:30"
37,56,71,32.4,39.67,1634127924718,"2021-10-13T17:55:24+05:30"
37,56,73,32.39,39.48,1634127955317,"2021-10-13T17:55:55+05:30"
37,53,71,32.5,39.77,1634127985930,"2021-10-13T17:56:25+05:30"
37,55,70,32.62,39.55,1634128016588,"2021-10-13T17:56:56+05:30"
39,59,74,32.64,38.95,1634128047189,"2021-10-13T17:57:27+05:30"
55,86,95,32.68,38.76,1634128077829,"2021-10-13T17:57:57+05:30"
46,70,80,32.71,39.19,1634128108369,"2021-10-13T17:58:28+05:30"
41,62,74,32.74,39.07,1634128138961,"2021-10-13T17:58:58+05:30"
39,58,73,32.82,39.68,1634128169684,"2021-10-13T17:59:29+05:30"
39,57,73,32.64,38.75,1634128200183,"2021-10-13T18:00:00+05:30"
40,60,73,32.63,39.09,1634128230743,"2021-10-13T18:00:30+05:30"
39,58,73,32.61,40.02,1634128261369,"2021-10-13T18:01:01+05:30"
39,59,73,32.46,40.31,1634128291934,"2021-10-13T18:01:31+05:30"
40,60,72,32.39,39.91,1634128322541,"2021-10-13T18:02:02+05:30"
37,56,72,32.35,40.46,1634128353114,"2021-10-13T18:02:33+05:30"
38,59,74,32.28,39.61,1634128383710,"2021-10-13T18:03:03+05:30"
39,57,72,32.25,40.02,1634128417697,"2021-10-13T18:03:37+05:30"
39,58,72,32.26,40.51,1634128447818,"2021-10-13T18:04:07+05:30"
38,55,70,32.22,40.71,1634128478413,"2021-10-13T18:04:38+05:30"
36,55,70,32.2,40.12,1634128508994,"2021-10-13T18:05:08+05:30"
37,55,71,32.31,40.51,1634128539614,"2021-10-13T18:05:39+05:30"
38,55,72,32.41,40.43,1634128570276,"2021-10-13T18:06:10+05:30"
41,59,74,32.32,40.04,1634128600766,"2021-10-13T18:06:40+05:30"
39,56,74,32.36,40.68,1634128631370,"2021-10-13T18:07:11+05:30"
38,56,72,32.34,40.59,1634128661959,"2021-10-13T18:07:41+05:30"
37,57,73,32.26,40.58,1634128692556,"2021-10-13T18:08:12+05:30"
38,58,74,32.12,40.47,1634128723148,"2021-10-13T18:08:43+05:30"
39,56,71,32.03,40.69,1634128753748,"2021-10-13T18:09:13+05:30"
37,55,69,32.06,40.51,1634128784339,"2021-10-13T18:09:44+05:30"
38,57,73,32.13,40.06,1634128815208,"2021-10-13T18:10:15+05:30"
38,55,71,32.09,40.88,1634128845632,"2021-10-13T18:10:45+05:30"
38,56,72,32.02,40.97,1634128876354,"2021-10-13T18:11:16+05:30"
38,56,71,32.03,40.85,1634128906810,"2021-10-13T18:11:46+05:30"
37,53,67,32.18,40.95,1634128937395,"2021-10-13T18:12:17+05:30"
37,56,71,32.15,41.48,1634128968119,"2021-10-13T18:12:48+05:30"
38,56,70,32.03,41.08,1634128998586,"2021-10-13T18:13:18+05:30"
39,57,73,31.93,40.7,1634129029203,"2021-10-13T18:13:49+05:30"
39,60,74,31.97,40.86,1634129059775,"2021-10-13T18:14:19+05:30"
39,58,74,31.91,40.26,1634129090352,"2021-10-13T18:14:50+05:30"
39,56,72,32,40.64,1634129120941,"2021-10-13T18:15:20+05:30"
38,59,72,32.1,40.45,1634129151531,"2021-10-13T18:15:51+05:30"
39,57,73,32.18,40.74,1634129182133,"2021-10-13T18:16:22+05:30"
40,56,70,32.05,41.32,1634129212862,"2021-10-13T18:16:52+05:30"
41,61,75,31.92,40.39,1634129243308,"2021-10-13T18:17:23+05:30"
41,58,74,31.86,41.08,1634129273916,"2021-10-13T18:17:53+05:30"
42,61,75,31.89,40.96,1634129300522,"2021-10-13T18:18:20+05:30"
40,60,73,31.99,41.18,1634129331378,"2021-10-13T18:18:51+05:30"
39,61,73,32.06,41.02,1634129362285,"2021-10-13T18:19:22+05:30"
38,58,72,32.04,41.33,1634129392973,"2021-10-13T18:19:52+05:30"
43,64,77,32,40.58,1634129423559,"2021-10-13T18:20:23+05:30"
46,69,80,31.91,40.48,1634129454163,"2021-10-13T18:20:54+05:30"
46,68,80,31.9,40.72,1634129484746,"2021-10-13T18:21:24+05:30"
47,70,80,31.89,40.77,1634129515480,"2021-10-13T18:21:55+05:30"
50,75,87,31.8,41.15,1634129546052,"2021-10-13T18:22:26+05:30"
49,73,84,31.82,42.09,1634129576659,"2021-10-13T18:22:56+05:30"
49,72,82,31.77,42.5,1634129607249,"2021-10-13T18:23:27+05:30"
50,74,90,31.8,42.16,1634129637837,"2021-10-13T18:23:57+05:30"
51,77,89,31.75,42.09,1634129668420,"2021-10-13T18:24:28+05:30"
58,86,102,31.66,41.9,1634129699040,"2021-10-13T18:24:59+05:30"
56,87,101,31.68,42.25,1634129729625,"2021-10-13T18:25:29+05:30"
55,82,93,31.87,42.34,1634129760222,"2021-10-13T18:26:00+05:30"
55,81,91,31.94,42.2,1634129790869,"2021-10-13T18:26:30+05:30"
53,78,88,31.82,42.05,1634129821491,"2021-10-13T18:27:01+05:30"
51,74,85,31.86,42.18,1634129852064,"2021-10-13T18:27:32+05:30"
47,70,81,31.93,42.47,1634129882623,"2021-10-13T18:28:02+05:30"
49,71,80,32.03,42.26,1634129913218,"2021-10-13T18:28:33+05:30"
50,74,85,31.93,42.34,1634129943966,"2021-10-13T18:29:03+05:30"
50,74,84,31.74,41.89,1634129974402,"2021-10-13T18:29:34+05:30"
51,75,85,31.62,42.53,1634130004992,"2021-10-13T18:30:04+05:30"
48,73,81,31.57,42.97,1634130035596,"2021-10-13T18:30:35+05:30"
48,73,82,31.71,42.73,1634130066212,"2021-10-13T18:31:06+05:30"
51,74,82,31.73,43.09,1634130096769,"2021-10-13T18:31:36+05:30"
54,80,90,31.82,42.8,1634130127371,"2021-10-13T18:32:07+05:30"
56,84,98,31.97,42.4,1634130157958,"2021-10-13T18:32:37+05:30"
60,91,104,31.9,43.08,1634130188563,"2021-10-13T18:33:08+05:30"
60,87,98,31.76,43.36,1634130218874,"2021-10-13T18:33:38+05:30"
65,97,113,31.66,43.09,1634130249703,"2021-10-13T18:34:09+05:30"
62,94,106,31.77,43.18,1634130280151,"2021-10-13T18:34:40+05:30"
65,96,106,31.74,43.13,1634130310998,"2021-10-13T18:35:10+05:30"
68,100,111,31.78,42.76,1634130341576,"2021-10-13T18:35:41+05:30"
69,103,116,31.83,42.9,1634130372329,"2021-10-13T18:36:12+05:30"
71,106,117,31.89,42.6,1634130402872,"2021-10-13T18:36:42+05:30"
73,109,122,31.91,42.42,1634130433487,"2021-10-13T18:37:13+05:30"
73,107,120,31.78,43.13,1634130464070,"2021-10-13T18:37:44+05:30"
69,103,119,31.75,43.04,1634130494648,"2021-10-13T18:38:14+05:30"
69,103,116,31.75,43.2,1634130525261,"2021-10-13T18:38:45+05:30"
69,105,121,31.82,43.08,1634130555861,"2021-10-13T18:39:15+05:30"
69,103,114,31.93,42.83,1634130586537,"2021-10-13T18:39:46+05:30"
72,107,120,31.87,43.26,1634130617136,"2021-10-13T18:40:17+05:30"
67,101,117,31.85,43.5,1634130647722,"2021-10-13T18:40:47+05:30"
67,100,117,31.82,43.4,1634130678317,"2021-10-13T18:41:18+05:30"
68,103,117,31.64,43.57,1634130709030,"2021-10-13T18:41:49+05:30"
67,102,118,31.54,43.34,1634130739505,"2021-10-13T18:42:19+05:30"
68,102,120,31.5,43.27,1634130770106,"2021-10-13T18:42:50+05:30"
64,98,110,31.5,43.65,1634130800741,"2021-10-13T18:43:20+05:30"
65,98,110,31.5,43.68,1634130831292,"2021-10-13T18:43:51+05:30"
69,102,113,31.55,43.74,1634130861865,"2021-10-13T18:44:21+05:30"
71,106,122,31.43,43.24,1634130892893,"2021-10-13T18:44:52+05:30"
72,109,126,31.36,42.84,1634130923073,"2021-10-13T18:45:23+05:30"
67,102,120,31.45,43.38,1634130953645,"2021-10-13T18:45:53+05:30"
63,95,110,31.39,44.31,1634130984358,"2021-10-13T18:46:24+05:30"
57,87,97,31.25,44.18,1634131015018,"2021-10-13T18:46:55+05:30"
57,89,101,31.29,44.16,1634131045927,"2021-10-13T18:47:25+05:30"
57,87,99,31.39,43.79,1634131076433,"2021-10-13T18:47:56+05:30"
56,83,90,31.31,44.3,1634131107829,"2021-10-13T18:48:27+05:30"
53,79,87,31.22,44.46,1634131137834,"2021-10-13T18:48:57+05:30"
55,82,91,31.16,45.01,1634131168409,"2021-10-13T18:49:28+05:30"
54,81,94,31.07,44.95,1634131199015,"2021-10-13T18:49:59+05:30"
55,80,88,31.06,44.91,1634131229903,"2021-10-13T18:50:29+05:30"
54,80,93,31.2,44.5,1634131260772,"2021-10-13T18:51:00+05:30"
53,81,91,31.2,44.37,1634131291375,"2021-10-13T18:51:31+05:30"
51,77,89,31.1,44.91,1634131321944,"2021-10-13T18:52:01+05:30"
54,80,90,31.02,44.84,1634131352575,"2021-10-13T18:52:32+05:30"
52,79,87,30.97,44.99,1634131383203,"2021-10-13T18:53:03+05:30"
55,84,96,31.04,44.02,1634131413722,"2021-10-13T18:53:33+05:30"
56,84,95,31.12,44.15,1634131444316,"2021-10-13T18:54:04+05:30"
54,81,91,31.04,45.15,1634131474915,"2021-10-13T18:54:34+05:30"
54,79,91,30.92,44.72,1634131505641,"2021-10-13T18:55:05+05:30"
54,78,89,30.89,44.87,1634131536108,"2021-10-13T18:55:36+05:30"
53,79,90,30.89,45.54,1634131566694,"2021-10-13T18:56:06+05:30"
52,76,85,30.89,45.38,1634131597374,"2021-10-13T18:56:37+05:30"
55,83,94,30.89,45.23,1634131627942,"2021-10-13T18:57:07+05:30"
61,94,107,30.89,44.73,1634131658785,"2021-10-13T18:57:38+05:30"
57,83,96,30.94,45.18,1634131689338,"2021-10-13T18:58:09+05:30"
55,83,94,31.06,45.25,1634131720050,"2021-10-13T18:58:40+05:30"
55,85,94,31.03,45.18,1634131750526,"2021-10-13T18:59:10+05:30"
58,86,96,31.08,45.2,1634131781174,"2021-10-13T18:59:41+05:30"
54,83,96,31.08,45.44,1634131811717,"2021-10-13T19:00:11+05:30"
58,89,102,31.03,45.18,1634131842304,"2021-10-13T19:00:42+05:30"
60,91,102,31.15,44.5,1634131872900,"2021-10-13T19:01:12+05:30"
57,86,97,31.12,44.82,1634131903489,"2021-10-13T19:01:43+05:30"
52,81,93,31.12,44.98,1634131934077,"2021-10-13T19:02:14+05:30"
55,85,101,31.09,44.88,1634131964668,"2021-10-13T19:02:44+05:30"
59,90,106,31,44.52,1634131998773,"2021-10-13T19:03:18+05:30"
56,82,93,30.97,45.79,1634132028890,"2021-10-13T19:03:48+05:30"
54,80,92,30.92,45.91,1634132059495,"2021-10-13T19:04:19+05:30"
57,84,97,31.01,45.84,1634132090144,"2021-10-13T19:04:50+05:30"
56,85,95,31.01,45.9,1634132120762,"2021-10-13T19:05:20+05:30"
58,89,102,30.99,45.02,1634132151385,"2021-10-13T19:05:51+05:30"
58,88,106,30.97,44.15,1634132182015,"2021-10-13T19:06:22+05:30"
58,84,96,31.08,44.51,1634132212560,"2021-10-13T19:06:52+05:30"
55,79,90,31.11,45.66,1634132243132,"2021-10-13T19:07:23+05:30"
55,83,97,31.13,45.8,1634132273732,"2021-10-13T19:07:53+05:30"
57,83,94,31.12,45.93,1634132304340,"2021-10-13T19:08:24+05:30"
58,84,94,30.96,45.86,1634132334920,"2021-10-13T19:08:54+05:30"
58,86,95,30.85,46.57,1634132365504,"2021-10-13T19:09:25+05:30"
57,83,94,30.77,46.37,1634132396264,"2021-10-13T19:09:56+05:30"
56,85,93,30.82,46.21,1634132426704,"2021-10-13T19:10:26+05:30"
54,82,99,30.9,46.81,1634132457273,"2021-10-13T19:10:57+05:30"
56,85,98,30.87,45.88,1634132487879,"2021-10-13T19:11:27+05:30"
55,83,94,30.88,46.23,1634132518497,"2021-10-13T19:11:58+05:30"
55,85,99,31.02,46.44,1634132549058,"2021-10-13T19:12:29+05:30"
54,83,94,30.91,46.73,1634132579682,"2021-10-13T19:12:59+05:30"
57,87,101,30.8,47.1,1634132610250,"2021-10-13T19:13:30+05:30"
57,86,97,30.75,46.79,1634132640860,"2021-10-13T19:14:00+05:30"
58,87,97,30.8,46.7,1634132671448,"2021-10-13T19:14:31+05:30"
56,85,96,30.82,47.34,1634132702169,"2021-10-13T19:15:02+05:30"
60,89,103,30.86,47.15,1634132732613,"2021-10-13T19:15:32+05:30"
56,85,98,30.78,47.21,1634132763213,"2021-10-13T19:16:03+05:30"
56,85,97,30.7,47.68,1634132793775,"2021-10-13T19:16:33+05:30"
56,85,97,30.68,47.72,1634132824366,"2021-10-13T19:17:04+05:30"
57,86,97,30.73,47.53,1634132854960,"2021-10-13T19:17:34+05:30"
58,88,104,30.77,47.22,1634132885580,"2021-10-13T19:18:05+05:30"
55,83,90,30.7,47.06,1634132917749,"2021-10-13T19:18:37+05:30"
54,80,91,30.79,47.29,1634132948332,"2021-10-13T19:19:08+05:30"
57,87,104,30.84,47.42,1634132978948,"2021-10-13T19:19:38+05:30"
57,82,97,30.87,47.5,1634133009531,"2021-10-13T19:20:09+05:30"
57,87,100,30.88,47.51,1634133040121,"2021-10-13T19:20:40+05:30"
58,86,103,30.76,47.51,1634133070698,"2021-10-13T19:21:10+05:30"
56,86,97,30.7,47.58,1634133101319,"2021-10-13T19:21:41+05:30"
56,84,95,30.7,48.13,1634133131887,"2021-10-13T19:22:11+05:30"
58,88,99,30.59,48.59,1634133162493,"2021-10-13T19:22:42+05:30"
59,87,102,30.55,48.3,1634133193087,"2021-10-13T19:23:13+05:30"
59,90,104,30.56,48.46,1634133223775,"2021-10-13T19:23:43+05:30"
57,87,99,30.57,48.38,1634133254270,"2021-10-13T19:24:14+05:30"
58,88,103,30.57,48.22,1634133284867,"2021-10-13T19:24:44+05:30"
59,90,105,30.65,48.32,1634133315454,"2021-10-13T19:25:15+05:30"
58,88,106,30.67,47.98,1634133346034,"2021-10-13T19:25:46+05:30"
59,90,102,30.71,48.28,1634133376638,"2021-10-13T19:26:16+05:30"
57,87,104,30.79,47.97,1634133407260,"2021-10-13T19:26:47+05:30"
59,89,103,30.83,47.68,1634133437833,"2021-10-13T19:27:17+05:30"
60,91,103,30.78,47.67,1634133470099,"2021-10-13T19:27:50+05:30"
61,94,114,30.82,47.93,1634133499203,"2021-10-13T19:28:19+05:30"
61,94,115,30.8,48.12,1634133529685,"2021-10-13T19:28:49+05:30"
61,95,115,30.78,47.26,1634133560237,"2021-10-13T19:29:20+05:30"
63,94,114,30.7,47.53,1634133590953,"2021-10-13T19:29:50+05:30"
59,92,109,30.74,47.86,1634133621510,"2021-10-13T19:30:21+05:30"
59,90,107,30.67,48.34,1634133652134,"2021-10-13T19:30:52+05:30"
62,95,108,30.58,48.51,1634133682816,"2021-10-13T19:31:22+05:30"
62,93,106,30.55,48.89,1634133713366,"2021-10-13T19:31:53+05:30"
62,93,110,30.51,48.87,1634133743896,"2021-10-13T19:32:23+05:30"
62,93,107,30.52,48.95,1634133774503,"2021-10-13T19:32:54+05:30"
61,96,110,30.47,49.21,1634133799776,"2021-10-13T19:33:19+05:30"
61,91,106,30.5,49.36,1634133829894,"2021-10-13T19:33:49+05:30"
62,94,107,30.53,49.02,1634133860474,"2021-10-13T19:34:20+05:30"
62,93,103,30.57,49.1,1634133891185,"2021-10-13T19:34:51+05:30"
63,98,108,30.61,49.14,1634133921754,"2021-10-13T19:35:21+05:30"
64,95,105,30.51,49.32,1634133952345,"2021-10-13T19:35:52+05:30"
62,95,107,30.45,49.7,1634133982970,"2021-10-13T19:36:22+05:30"
64,98,112,30.53,49.72,1634134013523,"2021-10-13T19:36:53+05:30"
62,95,109,30.55,49.73,1634134044125,"2021-10-13T19:37:24+05:30"
64,97,112,30.43,49.78,1634134074710,"2021-10-13T19:37:54+05:30"
64,100,112,30.34,49.1,1634134105364,"2021-10-13T19:38:25+05:30"
63,97,109,30.37,49.65,1634134135925,"2021-10-13T19:38:55+05:30"
63,97,109,30.37,50.37,1634134166536,"2021-10-13T19:39:26+05:30"
63,98,112,30.32,50.13,1634134197167,"2021-10-13T19:39:57+05:30"
60,89,101,30.43,50.05,1634134227875,"2021-10-13T19:40:27+05:30"
61,91,107,30.51,49.93,1634134258316,"2021-10-13T19:40:58+05:30"
63,94,105,30.55,49.64,1634134288895,"2021-10-13T19:41:28+05:30"
63,96,111,30.56,49.7,1634134319569,"2021-10-13T19:41:59+05:30"
61,94,103,30.41,49.85,1634134350139,"2021-10-13T19:42:30+05:30"
64,92,105,30.31,49.91,1634134380818,"2021-10-13T19:43:00+05:30"
64,97,110,30.35,50,1634134411354,"2021-10-13T19:43:31+05:30"
64,96,112,30.42,50.2,1634134441994,"2021-10-13T19:44:01+05:30"
65,97,106,30.4,50.29,1634134472521,"2021-10-13T19:44:32+05:30"
64,95,110,30.31,50.28,1634134503133,"2021-10-13T19:45:03+05:30"
65,97,111,30.24,50.52,1634134533706,"2021-10-13T19:45:33+05:30"
62,94,112,30.24,51.02,1634134564297,"2021-10-13T19:46:04+05:30"
64,96,108,30.22,51.28,1634134594906,"2021-10-13T19:46:34+05:30"
64,96,108,30.24,51.29,1634134625518,"2021-10-13T19:47:05+05:30"
66,99,116,30.27,51.04,1634134656094,"2021-10-13T19:47:36+05:30"
67,99,120,30.29,50.89,1634134686674,"2021-10-13T19:48:06+05:30"
67,100,115,30.3,50.93,1634134718125,"2021-10-13T19:48:38+05:30"
65,101,114,30.38,51.29,1634134748279,"2021-10-13T19:49:08+05:30"
66,102,116,30.48,50.88,1634134778841,"2021-10-13T19:49:38+05:30"
63,98,116,30.61,50.11,1634134809455,"2021-10-13T19:50:09+05:30"
66,102,113,30.62,50.41,1634134840048,"2021-10-13T19:50:40+05:30"
66,98,115,30.59,50.52,1634134870669,"2021-10-13T19:51:10+05:30"
68,103,116,30.57,50.66,1634134901218,"2021-10-13T19:51:41+05:30"
64,101,118,30.5,51.06,1634134931836,"2021-10-13T19:52:11+05:30"
65,97,113,30.37,51.27,1634134962419,"2021-10-13T19:52:42+05:30"
65,97,109,30.33,51.4,1634134992985,"2021-10-13T19:53:12+05:30"
66,99,113,30.19,51.25,1634135023586,"2021-10-13T19:53:43+05:30"
66,99,119,30.17,51.08,1634135054173,"2021-10-13T19:54:14+05:30"
66,100,111,30.19,51.48,1634135084769,"2021-10-13T19:54:44+05:30"
65,100,112,30.25,51.53,1634135115378,"2021-10-13T19:55:15+05:30"
67,102,117,30.26,51.06,1634135145955,"2021-10-13T19:55:45+05:30"
68,106,126,30.28,51.07,1634135176582,"2021-10-13T19:56:16+05:30"
70,106,128,30.28,51.44,1634135207146,"2021-10-13T19:56:47+05:30"
65,101,118,30.16,52.09,1634135237738,"2021-10-13T19:57:17+05:30"
67,102,120,30.09,52.28,1634135268322,"2021-10-13T19:57:48+05:30"
65,98,115,30.13,52.06,1634135298925,"2021-10-13T19:58:18+05:30"
65,97,113,30.25,51.61,1634135329574,"2021-10-13T19:58:49+05:30"
66,102,121,30.38,51.13,1634135360128,"2021-10-13T19:59:20+05:30"
66,100,115,30.41,51.3,1634135390709,"2021-10-13T19:59:50+05:30"
67,99,113,30.37,51.62,1634135421298,"2021-10-13T20:00:21+05:30"
66,97,111,30.22,51.58,1634135451907,"2021-10-13T20:00:51+05:30"
67,99,109,30.18,52.01,1634135482518,"2021-10-13T20:01:22+05:30"
63,97,111,30.23,52.1,1634135513103,"2021-10-13T20:01:53+05:30"
66,97,111,30.3,51.98,1634135543745,"2021-10-13T20:02:23+05:30"
63,94,108,30.19,51.79,1634135574274,"2021-10-13T20:02:54+05:30"
64,97,112,30.12,52.36,1634135598300,"2021-10-13T20:03:18+05:30"
63,95,110,30.06,52.3,1634135629093,"2021-10-13T20:03:49+05:30"
65,98,108,30.06,52.52,1634135659956,"2021-10-13T20:04:19+05:30"
66,101,115,29.98,52.73,1634135690939,"2021-10-13T20:04:50+05:30"
67,99,113,30.06,52.52,1634135721509,"2021-10-13T20:05:21+05:30"
66,100,113,29.98,52.73,1634135752107,"2021-10-13T20:05:52+05:30"
64,99,112,30.05,52.16,1634135782703,"2021-10-13T20:06:22+05:30"
64,99,111,30.12,52.53,1634135813294,"2021-10-13T20:06:53+05:30"
63,97,109,30.16,52.19,1634135843885,"2021-10-13T20:07:23+05:30"
63,94,106,30.05,51.92,1634135874501,"2021-10-13T20:07:54+05:30"
63,94,104,30.02,51.91,1634135905055,"2021-10-13T20:08:25+05:30"
64,96,110,30.08,52.5,1634135935656,"2021-10-13T20:08:55+05:30"
63,97,110,30.01,53.01,1634135966245,"2021-10-13T20:09:26+05:30"
62,95,112,30.01,52.9,1634135996850,"2021-10-13T20:09:56+05:30"
62,94,105,30.11,52.49,1634136027437,"2021-10-13T20:10:27+05:30"
64,97,114,30.14,52.85,1634136058034,"2021-10-13T20:10:58+05:30"
65,97,111,30.12,52.99,1634136088722,"2021-10-13T20:11:28+05:30"
65,99,110,30.14,52.56,1634136119826,"2021-10-13T20:11:59+05:30"
66,100,119,30.25,51.86,1634136149918,"2021-10-13T20:12:29+05:30"
64,94,107,30.24,52.37,1634136180498,"2021-10-13T20:13:00+05:30"
63,95,109,30.29,52.37,1634136211077,"2021-10-13T20:13:31+05:30"
64,98,111,30.29,51.93,1634136241692,"2021-10-13T20:14:01+05:30"
65,98,110,30.28,51.79,1634136272348,"2021-10-13T20:14:32+05:30"
63,96,108,30.29,52,1634136302858,"2021-10-13T20:15:02+05:30"
64,97,110,30.24,52.08,1634136333460,"2021-10-13T20:15:33+05:30"
61,96,111,30.33,51.52,1634136364050,"2021-10-13T20:16:04+05:30"
66,100,113,30.22,52.33,1634136394640,"2021-10-13T20:16:34+05:30"
64,98,109,30.05,52.82,1634136425240,"2021-10-13T20:17:05+05:30"
64,93,101,30.04,52.45,1634136455841,"2021-10-13T20:17:35+05:30"
61,95,110,30.08,52.34,1634136486435,"2021-10-13T20:18:06+05:30"
63,96,111,30.06,51.89,1634136518474,"2021-10-13T20:18:38+05:30"
63,94,104,29.98,52.78,1634136548673,"2021-10-13T20:19:08+05:30"
63,93,102,29.89,52.67,1634136579213,"2021-10-13T20:19:39+05:30"
61,91,102,30.06,52.53,1634136609799,"2021-10-13T20:20:09+05:30"
62,92,107,30.06,52.93,1634136640369,"2021-10-13T20:20:40+05:30"
63,92,105,30.04,53.18,1634136671077,"2021-10-13T20:21:11+05:30"
62,92,103,30.02,53.22,1634136701565,"2021-10-13T20:21:41+05:30"
62,91,101,29.89,53.31,1634136732194,"2021-10-13T20:22:12+05:30"
65,96,108,29.83,52.97,1634136762756,"2021-10-13T20:22:42+05:30"
65,96,114,29.96,53.26,1634136793349,"2021-10-13T20:23:13+05:30"
64,97,112,30.02,53.47,1634136823932,"2021-10-13T20:23:43+05:30"
63,94,107,30.09,52.75,1634136854576,"2021-10-13T20:24:14+05:30"
61,92,104,30.06,52.66,1634136885126,"2021-10-13T20:24:45+05:30"
64,98,107,30.05,53,1634136915749,"2021-10-13T20:25:15+05:30"
63,95,111,29.99,53.54,1634136946321,"2021-10-13T20:25:46+05:30"
63,97,111,29.89,53.27,1634136976914,"2021-10-13T20:26:16+05:30"
63,94,110,29.96,53.2,1634137007485,"2021-10-13T20:26:47+05:30"
64,95,108,30.08,52.97,1634137038100,"2021-10-13T20:27:18+05:30"
65,98,111,29.95,53.1,1634137068877,"2021-10-13T20:27:48+05:30"
67,101,115,29.85,52.98,1634137099275,"2021-10-13T20:28:19+05:30"
64,98,110,29.85,53.29,1634137129871,"2021-10-13T20:28:49+05:30"
66,102,113,29.79,53.44,1634137160482,"2021-10-13T20:29:20+05:30"
63,95,105,29.84,53.27,1634137191070,"2021-10-13T20:29:51+05:30"
66,99,115,29.77,53.38,1634137221748,"2021-10-13T20:30:21+05:30"
64,97,108,29.72,53.92,1634137252386,"2021-10-13T20:30:52+05:30"
64,98,112,29.69,53.42,1634137282926,"2021-10-13T20:31:22+05:30"
64,95,106,29.77,53.56,1634137313516,"2021-10-13T20:31:53+05:30"
65,98,113,29.66,53.79,1634137344115,"2021-10-13T20:32:24+05:30"
65,98,112,29.66,54.02,1634137374704,"2021-10-13T20:32:54+05:30"
63,94,106,29.63,54.23,1634137399440,"2021-10-13T20:33:19+05:30"
62,93,108,29.62,54.11,1634137430076,"2021-10-13T20:33:50+05:30"
61,95,110,29.68,53.72,1634137460588,"2021-10-13T20:34:20+05:30"
63,95,110,29.68,53.79,1634137491229,"2021-10-13T20:34:51+05:30"
62,94,104,29.78,53.63,1634137521953,"2021-10-13T20:35:21+05:30"
64,94,107,29.67,53.12,1634137552431,"2021-10-13T20:35:52+05:30"
63,95,111,29.64,53.41,1634137583027,"2021-10-13T20:36:23+05:30"
63,97,109,29.67,53.18,1634137613694,"2021-10-13T20:36:53+05:30"
63,95,109,29.63,53.03,1634137644604,"2021-10-13T20:37:24+05:30"
58,90,101,29.68,53.71,1634137675171,"2021-10-13T20:37:55+05:30"
59,90,103,29.73,53.46,1634137705734,"2021-10-13T20:38:25+05:30"
59,88,99,29.73,53.32,1634137736439,"2021-10-13T20:38:56+05:30"
61,91,106,29.79,53.75,1634137766930,"2021-10-13T20:39:26+05:30"
58,88,97,29.69,53.87,1634137797527,"2021-10-13T20:39:57+05:30"
61,91,106,29.6,54,1634137828125,"2021-10-13T20:40:28+05:30"
62,91,104,29.52,53.29,1634137858717,"2021-10-13T20:40:58+05:30"
62,88,98,29.6,53.39,1634137889410,"2021-10-13T20:41:29+05:30"
61,92,108,29.58,53.62,1634137920036,"2021-10-13T20:42:00+05:30"
60,91,103,29.59,53.36,1634137950580,"2021-10-13T20:42:30+05:30"
62,92,105,29.54,53.36,1634137981291,"2021-10-13T20:43:01+05:30"
60,90,106,29.5,53.73,1634138011773,"2021-10-13T20:43:31+05:30"
58,90,102,29.59,53.72,1634138042431,"2021-10-13T20:44:02+05:30"
62,92,102,29.67,53.57,1634138072945,"2021-10-13T20:44:32+05:30"
59,89,98,29.75,53.23,1634138103684,"2021-10-13T20:45:03+05:30"
61,92,108,29.65,52.97,1634138134242,"2021-10-13T20:45:34+05:30"
60,90,104,29.52,53.2,1634138164759,"2021-10-13T20:46:04+05:30"
61,92,105,29.55,53.7,1634138195334,"2021-10-13T20:46:35+05:30"
58,86,102,29.68,53.18,1634138225930,"2021-10-13T20:47:05+05:30"
59,91,103,29.66,53.54,1634138256552,"2021-10-13T20:47:36+05:30"
64,97,108,29.59,53.37,1634138287113,"2021-10-13T20:48:07+05:30"
62,92,111,29.58,53.26,1634138318085,"2021-10-13T20:48:38+05:30"
60,91,101,29.56,53.08,1634138348685,"2021-10-13T20:49:08+05:30"
58,87,99,29.6,53.24,1634138379257,"2021-10-13T20:49:39+05:30"
57,86,97,29.58,53.26,1634138409858,"2021-10-13T20:50:09+05:30"
58,88,102,29.58,53.08,1634138440575,"2021-10-13T20:50:40+05:30"
58,86,93,29.56,52.81,1634138471048,"2021-10-13T20:51:11+05:30"
57,85,96,29.61,52.41,1634138501635,"2021-10-13T20:51:41+05:30"
58,87,100,29.63,52.33,1634138532221,"2021-10-13T20:52:12+05:30"
56,85,95,29.71,52.23,1634138562826,"2021-10-13T20:52:42+05:30"
55,83,95,29.72,51.97,1634138593453,"2021-10-13T20:53:13+05:30"
55,85,92,29.78,51.79,1634138624273,"2021-10-13T20:53:44+05:30"
54,81,91,29.77,51.96,1634138654903,"2021-10-13T20:54:14+05:30"
55,80,93,29.78,52.3,1634138685567,"2021-10-13T20:54:45+05:30"
56,83,95,29.69,52.37,1634138716082,"2021-10-13T20:55:16+05:30"
59,88,100,29.69,52.6,1634138746642,"2021-10-13T20:55:46+05:30"
57,84,92,29.76,52.83,1634138777238,"2021-10-13T20:56:17+05:30"
55,80,87,29.86,52.27,1634138807829,"2021-10-13T20:56:47+05:30"
56,86,95,29.83,52.4,1634138838489,"2021-10-13T20:57:18+05:30"
56,82,89,29.78,52.89,1634138869014,"2021-10-13T20:57:49+05:30"
55,82,90,29.82,52.43,1634138899604,"2021-10-13T20:58:19+05:30"
55,84,97,29.75,51.76,1634138930276,"2021-10-13T20:58:50+05:30"
55,84,94,29.8,52.61,1634138960791,"2021-10-13T20:59:20+05:30"
54,81,89,29.88,52.67,1634138991408,"2021-10-13T20:59:51+05:30"
53,80,91,29.86,52.38,1634139022019,"2021-10-13T21:00:22+05:30"
53,81,89,29.79,52.12,1634139052579,"2021-10-13T21:00:52+05:30"
53,80,92,29.78,52.08,1634139083181,"2021-10-13T21:01:23+05:30"
51,76,85,29.92,51.8,1634139113769,"2021-10-13T21:01:53+05:30"
56,83,94,29.93,51.07,1634139144407,"2021-10-13T21:02:24+05:30"
54,81,90,29.99,51.94,1634139174940,"2021-10-13T21:02:54+05:30"
53,81,90,29.93,51.4,1634139204221,"2021-10-13T21:03:24+05:30"
52,76,87,29.92,51.88,1634139234332,"2021-10-13T21:03:54+05:30"
52,77,87,29.95,51.82,1634139264934,"2021-10-13T21:04:24+05:30"
53,78,91,29.95,50.87,1634139295520,"2021-10-13T21:04:55+05:30"
53,77,85,29.88,51.23,1634139326125,"2021-10-13T21:05:26+05:30"
52,79,89,29.93,51.16,1634139356730,"2021-10-13T21:05:56+05:30"
52,75,82,29.85,51.57,1634139387316,"2021-10-13T21:06:27+05:30"
50,75,82,29.87,51.39,1634139417906,"2021-10-13T21:06:57+05:30"
52,77,89,29.79,51.37,1634139448495,"2021-10-13T21:07:28+05:30"
51,76,87,29.71,51.73,1634139479078,"2021-10-13T21:07:59+05:30"
50,75,85,29.63,52.35,1634139509776,"2021-10-13T21:08:29+05:30"
52,76,86,29.68,52.13,1634139540269,"2021-10-13T21:09:00+05:30"
50,76,85,29.74,52.17,1634139570856,"2021-10-13T21:09:30+05:30"
50,74,82,29.64,51.93,1634139601466,"2021-10-13T21:10:01+05:30"
49,73,82,29.61,52.44,1634139632040,"2021-10-13T21:10:32+05:30"
53,78,90,29.57,51.8,1634139662640,"2021-10-13T21:11:02+05:30"
50,75,85,29.64,52.16,1634139693298,"2021-10-13T21:11:33+05:30"
50,76,85,29.6,51.47,1634139723943,"2021-10-13T21:12:03+05:30"
49,72,81,29.55,51.54,1634139754507,"2021-10-13T21:12:34+05:30"
49,73,84,29.65,51.57,1634139785239,"2021-10-13T21:13:05+05:30"
51,81,94,29.57,51.11,1634139815690,"2021-10-13T21:13:35+05:30"
52,82,100,29.49,51.26,1634139846370,"2021-10-13T21:14:06+05:30"
50,80,102,29.51,51.61,1634139876890,"2021-10-13T21:14:36+05:30"
50,82,101,29.55,51.59,1634139907496,"2021-10-13T21:15:07+05:30"
49,77,98,29.57,51.89,1634139938077,"2021-10-13T21:15:38+05:30"
49,78,95,29.52,52.33,1634139968673,"2021-10-13T21:16:08+05:30"
49,78,91,29.46,51.95,1634139999264,"2021-10-13T21:16:39+05:30"
47,72,83,29.45,51.13,1634140029891,"2021-10-13T21:17:09+05:30"
45,68,79,29.57,51.68,1634140060451,"2021-10-13T21:17:40+05:30"
46,68,78,29.71,50.83,1634140119702,"2021-10-13T21:18:39+05:30"
47,70,79,29.65,50.63,1634140150291,"2021-10-13T21:19:10+05:30"
47,69,79,29.54,50.71,1634140181204,"2021-10-13T21:19:41+05:30"
45,67,80,29.45,50.89,1634140211796,"2021-10-13T21:20:11+05:30"
46,68,79,29.49,51.63,1634140242321,"2021-10-13T21:20:42+05:30"
47,68,77,29.55,51.66,1634140273019,"2021-10-13T21:21:13+05:30"
45,66,77,29.45,51.78,1634140303705,"2021-10-13T21:21:43+05:30"
45,66,78,29.34,51.54,1634140334760,"2021-10-13T21:22:14+05:30"
44,65,76,29.27,52.22,1634140365277,"2021-10-13T21:22:45+05:30"
46,67,76,29.14,52.08,1634140396220,"2021-10-13T21:23:16+05:30"
45,69,78,29.1,52.59,1634140426904,"2021-10-13T21:23:46+05:30"
45,67,78,29.11,51.72,1634140457503,"2021-10-13T21:24:17+05:30"
49,73,84,29.09,51.38,1634140488086,"2021-10-13T21:24:48+05:30"
46,72,80,29.17,51.79,1634140518690,"2021-10-13T21:25:18+05:30"
48,74,89,29.17,51.34,1634140549289,"2021-10-13T21:25:49+05:30"
47,72,89,29.34,51.77,1634140579879,"2021-10-13T21:26:19+05:30"
51,78,89,29.43,51.89,1634140610513,"2021-10-13T21:26:50+05:30"
49,75,84,29.5,51.84,1634140641087,"2021-10-13T21:27:21+05:30"
47,68,77,29.45,52,1634140671658,"2021-10-13T21:27:51+05:30"
46,68,79,29.41,51.96,1634140702265,"2021-10-13T21:28:22+05:30"
47,70,81,29.34,52.15,1634140732849,"2021-10-13T21:28:52+05:30"
49,72,81,29.29,51.4,1634140763480,"2021-10-13T21:29:23+05:30"
48,72,84,29.3,51.16,1634140794036,"2021-10-13T21:29:54+05:30"
48,73,82,29.37,50.84,1634140824704,"2021-10-13T21:30:24+05:30"
46,72,82,29.37,50.92,1634140855307,"2021-10-13T21:30:55+05:30"
47,71,80,29.45,51.46,1634140885898,"2021-10-13T21:31:25+05:30"
45,67,77,29.45,51.33,1634140916619,"2021-10-13T21:31:56+05:30"
45,68,78,29.51,51.36,1634140947086,"2021-10-13T21:32:27+05:30"
45,65,77,29.41,51.31,1634140977681,"2021-10-13T21:32:57+05:30"
46,70,82,29.32,51.67,1634141007979,"2021-10-13T21:33:27+05:30"
46,66,80,29.27,51.58,1634141038717,"2021-10-13T21:33:58+05:30"
44,67,79,29.25,51.94,1634141069254,"2021-10-13T21:34:29+05:30"
51,75,86,29.21,51.65,1634141099746,"2021-10-13T21:34:59+05:30"
57,86,98,29.17,51.03,1634141130350,"2021-10-13T21:35:30+05:30"
69,106,116,29.27,52.18,1634141161168,"2021-10-13T21:36:01+05:30"