"pm1_0","pm2_5","pm10","temp","humid","createdAt","localtime"
34,51,66,34.16,70.6,1633154724881,"2021-10-02T11:35:24+05:30"
34,52,68,34.15,68.92,1633154738011,"2021-10-02T11:35:38+05:30"
34,51,65,34.14,69.1,1633154768761,"2021-10-02T11:36:08+05:30"
34,52,66,34.16,69.2,1633154799348,"2021-10-02T11:36:39+05:30"
37,53,69,34.21,69.1,1633154829930,"2021-10-02T11:37:09+05:30"
35,55,69,34.21,68.9,1633154860489,"2021-10-02T11:37:40+05:30"
34,53,67,34.2,69.13,1633154891202,"2021-10-02T11:38:11+05:30"
35,52,65,34.3,68.35,1633154921776,"2021-10-02T11:38:41+05:30"
31,47,59,34.56,67.44,1633154952355,"2021-10-02T11:39:12+05:30"
35,51,65,34.5,67.87,1633154982942,"2021-10-02T11:39:42+05:30"
34,51,65,34.45,67.9,1633155013784,"2021-10-02T11:40:13+05:30"
34,51,64,34.39,67.82,1633155044273,"2021-10-02T11:40:44+05:30"
35,52,66,34.34,67.87,1633155074866,"2021-10-02T11:41:14+05:30"
34,51,65,34.3,67.92,1633155105597,"2021-10-02T11:41:45+05:30"
34,50,63,34.28,67.77,1633155136024,"2021-10-02T11:42:16+05:30"
34,52,65,34.27,67.62,1633155166596,"2021-10-02T11:42:46+05:30"
33,50,64,34.26,67.62,1633155197174,"2021-10-02T11:43:17+05:30"
33,50,63,34.27,67.65,1633155227761,"2021-10-02T11:43:47+05:30"
34,51,65,34.29,67.45,1633155258354,"2021-10-02T11:44:18+05:30"
34,50,64,34.29,67.18,1633155288929,"2021-10-02T11:44:48+05:30"
34,51,66,34.28,67.16,1633155319569,"2021-10-02T11:45:19+05:30"
33,50,64,34.26,67.05,1633155350229,"2021-10-02T11:45:50+05:30"
34,50,63,34.21,66.91,1633155380738,"2021-10-02T11:46:20+05:30"
34,51,65,34.2,66.85,1633155411317,"2021-10-02T11:46:51+05:30"
34,51,65,34.18,67.16,1633155441870,"2021-10-02T11:47:21+05:30"
34,50,62,34.16,67.4,1633155472450,"2021-10-02T11:47:52+05:30"
34,51,64,34.14,67.72,1633155503178,"2021-10-02T11:48:23+05:30"
34,50,64,34.13,67.88,1633155533627,"2021-10-02T11:48:53+05:30"
34,50,66,34.12,67.84,1633155564198,"2021-10-02T11:49:24+05:30"
33,51,65,34.13,67.83,1633155594779,"2021-10-02T11:49:54+05:30"
33,49,61,34.15,67.84,1633155625407,"2021-10-02T11:50:25+05:30"
34,50,63,34.16,67.7,1633155655421,"2021-10-02T11:50:55+05:30"
33,49,63,34.16,67.6,1633155686023,"2021-10-02T11:51:26+05:30"
34,51,66,34.16,67,1633155716874,"2021-10-02T11:51:56+05:30"
33,51,67,34.22,66.71,1633155747245,"2021-10-02T11:52:27+05:30"
33,50,65,34.22,67.13,1633155777750,"2021-10-02T11:52:57+05:30"
34,51,64,34.22,67.4,1633155808343,"2021-10-02T11:53:28+05:30"
34,51,64,34.22,67.51,1633155838946,"2021-10-02T11:53:58+05:30"
33,49,63,34.23,68.72,1633155869601,"2021-10-02T11:54:29+05:30"
32,47,60,34.26,70.35,1633155900160,"2021-10-02T11:55:00+05:30"
34,50,64,34.29,70.56,1633155930740,"2021-10-02T11:55:30+05:30"
33,50,63,34.25,68.87,1633155961345,"2021-10-02T11:56:01+05:30"
33,48,62,34.2,68.79,1633155991936,"2021-10-02T11:56:31+05:30"
33,50,65,34.24,69.27,1633156022514,"2021-10-02T11:57:02+05:30"
33,50,65,34.42,68.88,1633156053092,"2021-10-02T11:57:33+05:30"
33,50,64,34.49,68.71,1633156083693,"2021-10-02T11:58:03+05:30"
33,49,64,34.54,67.04,1633156114282,"2021-10-02T11:58:34+05:30"
33,49,62,34.68,67.35,1633156144847,"2021-10-02T11:59:04+05:30"
32,49,63,34.69,67.77,1633156175419,"2021-10-02T11:59:35+05:30"
32,49,62,34.97,67.96,1633156206009,"2021-10-02T12:00:06+05:30"
32,50,65,35.2,66.15,1633156236623,"2021-10-02T12:00:36+05:30"
34,52,71,35.31,65.24,1633156267183,"2021-10-02T12:01:07+05:30"
34,52,66,35.37,69.45,1633156297753,"2021-10-02T12:01:37+05:30"
33,50,62,35.48,71.92,1633156328349,"2021-10-02T12:02:08+05:30"
33,49,63,35.56,71.46,1633156358938,"2021-10-02T12:02:38+05:30"
32,49,61,35.59,66.39,1633156389513,"2021-10-02T12:03:09+05:30"
33,50,64,35.68,65.1,1633156420183,"2021-10-02T12:03:40+05:30"
38,55,70,35.66,65.39,1633156450740,"2021-10-02T12:04:10+05:30"
34,53,71,35.68,66.06,1633156481318,"2021-10-02T12:04:41+05:30"
33,51,68,35.76,69.51,1633156511908,"2021-10-02T12:05:11+05:30"
33,51,65,35.66,66.57,1633156546036,"2021-10-02T12:05:46+05:30"
33,50,64,35.69,70.65,1633156576359,"2021-10-02T12:06:16+05:30"
34,51,65,35.61,65.82,1633156606774,"2021-10-02T12:06:46+05:30"
33,49,63,35.47,66.89,1633156637368,"2021-10-02T12:07:17+05:30"
34,51,65,35.46,66.14,1633156667926,"2021-10-02T12:07:47+05:30"
34,53,68,35.54,67.45,1633156698454,"2021-10-02T12:08:18+05:30"
33,49,63,35.41,67.21,1633156729052,"2021-10-02T12:08:49+05:30"
33,51,65,35.41,64.08,1633156759647,"2021-10-02T12:09:19+05:30"
33,49,62,35.38,62.09,1633156790216,"2021-10-02T12:09:50+05:30"
33,49,63,35.39,61.74,1633156820876,"2021-10-02T12:10:20+05:30"
32,47,58,35.31,62.56,1633156851446,"2021-10-02T12:10:51+05:30"
31,47,58,35.31,62.44,1633156882033,"2021-10-02T12:11:22+05:30"
32,49,61,35.29,63.14,1633156912644,"2021-10-02T12:11:52+05:30"
32,47,59,35.31,63.23,1633156943208,"2021-10-02T12:12:23+05:30"
32,48,61,35.34,62.66,1633156973779,"2021-10-02T12:12:53+05:30"
33,48,63,35.37,62.9,1633157004345,"2021-10-02T12:13:24+05:30"
32,47,60,35.4,62.67,1633157034953,"2021-10-02T12:13:54+05:30"
32,48,60,35.47,62.51,1633157065550,"2021-10-02T12:14:25+05:30"
32,48,60,35.47,62.51,1633157066761,"2021-10-02T12:14:26+05:30"
32,49,63,35.55,62.39,1633157096114,"2021-10-02T12:14:56+05:30"
33,49,61,35.64,62.07,1633157126724,"2021-10-02T12:15:26+05:30"
33,49,62,35.74,64.15,1633157157297,"2021-10-02T12:15:57+05:30"
33,48,60,35.72,63.55,1633157187866,"2021-10-02T12:16:27+05:30"
32,47,59,35.66,61.69,1633157218449,"2021-10-02T12:16:58+05:30"
32,49,60,35.62,61.33,1633157249002,"2021-10-02T12:17:29+05:30"
33,49,62,35.63,60.73,1633157279608,"2021-10-02T12:17:59+05:30"
33,48,62,35.57,60.74,1633157310208,"2021-10-02T12:18:30+05:30"
33,50,64,35.6,61.73,1633157340770,"2021-10-02T12:19:00+05:30"
33,50,64,35.73,61.3,1633157371348,"2021-10-02T12:19:31+05:30"
33,50,63,35.85,60.26,1633157401941,"2021-10-02T12:20:01+05:30"
33,51,66,35.88,59.6,1633157431961,"2021-10-02T12:20:31+05:30"
33,49,61,35.8,60.29,1633157462242,"2021-10-02T12:21:02+05:30"
33,49,63,35.84,60.66,1633157492705,"2021-10-02T12:21:32+05:30"
33,49,61,35.74,60.84,1633157523371,"2021-10-02T12:22:03+05:30"
32,48,59,35.63,61.29,1633157554090,"2021-10-02T12:22:34+05:30"
32,49,62,35.53,60.31,1633157584834,"2021-10-02T12:23:04+05:30"
32,49,62,35.44,59.26,1633157615501,"2021-10-02T12:23:35+05:30"
34,51,63,35.36,58.05,1633157646109,"2021-10-02T12:24:06+05:30"
33,51,65,35.29,59.25,1633157676872,"2021-10-02T12:24:36+05:30"
34,52,68,35.36,60.09,1633157707763,"2021-10-02T12:25:07+05:30"
34,53,69,35.4,61.11,1633157738672,"2021-10-02T12:25:38+05:30"
33,51,64,35.37,61.5,1633157769116,"2021-10-02T12:26:09+05:30"
33,50,64,35.37,60.53,1633157799983,"2021-10-02T12:26:39+05:30"
34,52,68,35.52,59.33,1633157830748,"2021-10-02T12:27:10+05:30"
34,52,66,35.64,60.9,1633157861333,"2021-10-02T12:27:41+05:30"
34,51,66,35.73,60.62,1633157892377,"2021-10-02T12:28:12+05:30"
35,52,66,35.97,59.2,1633157922646,"2021-10-02T12:28:42+05:30"
34,52,66,35.98,59.12,1633157953542,"2021-10-02T12:29:13+05:30"
34,51,65,36.07,60.22,1633157984135,"2021-10-02T12:29:44+05:30"
35,54,67,36.15,59.76,1633158014926,"2021-10-02T12:30:14+05:30"
34,50,62,36.14,59.53,1633158045400,"2021-10-02T12:30:45+05:30"
35,53,67,36.14,57.78,1633158075980,"2021-10-02T12:31:15+05:30"
37,54,67,36.08,57.19,1633158106607,"2021-10-02T12:31:46+05:30"
38,55,67,35.99,57.38,1633158137118,"2021-10-02T12:32:17+05:30"
35,53,66,36.03,58.2,1633158167690,"2021-10-02T12:32:47+05:30"
35,52,66,36.01,58.38,1633158198299,"2021-10-02T12:33:18+05:30"
34,51,65,36.02,58.4,1633158228873,"2021-10-02T12:33:48+05:30"
36,53,66,36.08,59.05,1633158259499,"2021-10-02T12:34:19+05:30"
35,53,67,36.12,58.46,1633158290068,"2021-10-02T12:34:50+05:30"
34,52,65,36.31,57.48,1633158351451,"2021-10-02T12:35:51+05:30"
34,52,66,36.21,56.72,1633158381528,"2021-10-02T12:36:21+05:30"
34,50,63,36.23,58.13,1633158412285,"2021-10-02T12:36:52+05:30"
33,50,63,36.33,59.03,1633158443427,"2021-10-02T12:37:23+05:30"
34,51,64,36.45,59.37,1633158473916,"2021-10-02T12:37:53+05:30"
34,50,64,36.58,58.62,1633158504664,"2021-10-02T12:38:24+05:30"
35,51,65,36.69,58.88,1633158535323,"2021-10-02T12:38:55+05:30"
34,51,66,36.7,59.52,1633158566139,"2021-10-02T12:39:26+05:30"
33,51,64,36.67,59.98,1633158597065,"2021-10-02T12:39:57+05:30"
34,51,64,36.67,59.41,1633158627689,"2021-10-02T12:40:27+05:30"
33,50,63,36.64,58.3,1633158658576,"2021-10-02T12:40:58+05:30"
33,49,60,36.5,59.34,1633158689134,"2021-10-02T12:41:29+05:30"
34,51,64,36.51,60.14,1633158719726,"2021-10-02T12:41:59+05:30"
32,48,61,36.52,60.36,1633158750312,"2021-10-02T12:42:30+05:30"
34,50,64,36.52,59.63,1633158780913,"2021-10-02T12:43:00+05:30"
36,53,67,36.5,56.86,1633158811468,"2021-10-02T12:43:31+05:30"
37,54,67,36.48,55.98,1633158842052,"2021-10-02T12:44:02+05:30"
34,53,70,36.48,56.01,1633158872713,"2021-10-02T12:44:32+05:30"
34,52,69,36.52,55.95,1633158903213,"2021-10-02T12:45:03+05:30"
36,53,69,36.54,56.81,1633158933783,"2021-10-02T12:45:33+05:30"
33,50,64,36.44,56.8,1633158964399,"2021-10-02T12:46:04+05:30"
33,50,67,36.45,58.22,1633158994969,"2021-10-02T12:46:34+05:30"
33,50,63,36.48,58.28,1633159025610,"2021-10-02T12:47:05+05:30"
33,49,63,36.39,58.88,1633159056218,"2021-10-02T12:47:36+05:30"
35,53,67,36.39,59.02,1633159086782,"2021-10-02T12:48:06+05:30"
34,51,66,36.41,58.85,1633159117340,"2021-10-02T12:48:37+05:30"
34,51,65,36.44,59.08,1633159147939,"2021-10-02T12:49:07+05:30"
35,52,66,36.48,56.95,1633159178539,"2021-10-02T12:49:38+05:30"
36,52,67,36.4,56.56,1633159209103,"2021-10-02T12:50:09+05:30"
34,50,64,36.44,57.93,1633159237721,"2021-10-02T12:50:37+05:30"
34,51,66,36.38,55.63,1633159268292,"2021-10-02T12:51:08+05:30"
34,51,65,36.27,56.73,1633159298851,"2021-10-02T12:51:38+05:30"
35,53,66,36.3,57.46,1633159329577,"2021-10-02T12:52:09+05:30"
37,57,69,36.33,57.83,1633159359998,"2021-10-02T12:52:39+05:30"
36,54,68,36.37,58.56,1633159390598,"2021-10-02T12:53:10+05:30"
37,55,69,36.41,58.15,1633159421213,"2021-10-02T12:53:41+05:30"
36,53,68,36.38,56.94,1633159451759,"2021-10-02T12:54:11+05:30"
36,55,70,36.45,57.55,1633159482377,"2021-10-02T12:54:42+05:30"
38,60,73,36.57,57.69,1633159516397,"2021-10-02T12:55:16+05:30"
35,53,68,36.62,58.26,1633159543516,"2021-10-02T12:55:43+05:30"
34,51,65,36.63,58.04,1633159574088,"2021-10-02T12:56:14+05:30"
35,53,66,36.65,58.14,1633159604651,"2021-10-02T12:56:44+05:30"
34,55,71,36.66,57.58,1633159635260,"2021-10-02T12:57:15+05:30"
36,54,69,36.65,58.11,1633159665955,"2021-10-02T12:57:45+05:30"
34,51,65,36.69,57.39,1633159696985,"2021-10-02T12:58:16+05:30"
33,50,64,36.51,54.95,1633159727560,"2021-10-02T12:58:47+05:30"
33,50,63,36.54,56.56,1633159758347,"2021-10-02T12:59:18+05:30"
34,52,65,36.66,57.54,1633159788720,"2021-10-02T12:59:48+05:30"
35,51,64,36.74,58.52,1633159819286,"2021-10-02T13:00:19+05:30"
34,51,66,36.83,56.6,1633159849888,"2021-10-02T13:00:49+05:30"
37,56,69,36.93,57.59,1633159880664,"2021-10-02T13:01:20+05:30"
34,51,65,37.01,57.14,1633159911201,"2021-10-02T13:01:51+05:30"
35,52,67,37.08,55.73,1633159941800,"2021-10-02T13:02:21+05:30"
36,58,73,37.03,55.07,1633159972388,"2021-10-02T13:02:52+05:30"
35,51,65,36.77,54.88,1633160002977,"2021-10-02T13:03:22+05:30"
34,51,66,36.81,56.46,1633160033537,"2021-10-02T13:03:53+05:30"
34,50,64,36.74,57.02,1633160064131,"2021-10-02T13:04:24+05:30"
34,50,64,36.73,57.82,1633160094712,"2021-10-02T13:04:54+05:30"
32,48,60,36.78,57.68,1633160130276,"2021-10-02T13:05:30+05:30"
33,49,62,36.88,57.79,1633160160389,"2021-10-02T13:06:00+05:30"
33,48,61,36.93,57.85,1633160190943,"2021-10-02T13:06:30+05:30"
32,48,61,36.87,57.8,1633160221698,"2021-10-02T13:07:01+05:30"
33,51,66,36.83,58.14,1633160252135,"2021-10-02T13:07:32+05:30"
32,48,61,36.86,58.09,1633160282721,"2021-10-02T13:08:02+05:30"
33,48,62,36.92,57.65,1633160313281,"2021-10-02T13:08:33+05:30"
33,49,61,36.89,56.79,1633160344126,"2021-10-02T13:09:04+05:30"
32,48,60,36.83,57.05,1633160374473,"2021-10-02T13:09:34+05:30"
32,49,62,36.83,57.68,1633160405063,"2021-10-02T13:10:05+05:30"
33,49,63,36.82,57.38,1633160435617,"2021-10-02T13:10:35+05:30"
32,48,60,36.83,57.83,1633160466314,"2021-10-02T13:11:06+05:30"
33,50,64,36.83,57.58,1633160496803,"2021-10-02T13:11:36+05:30"
33,50,65,36.89,56.86,1633160527378,"2021-10-02T13:12:07+05:30"
32,49,63,36.9,57.22,1633160557951,"2021-10-02T13:12:37+05:30"
33,50,63,36.87,56.84,1633160588539,"2021-10-02T13:13:08+05:30"
35,53,67,36.84,56.45,1633160619135,"2021-10-02T13:13:39+05:30"
33,50,63,36.8,56.99,1633160649699,"2021-10-02T13:14:09+05:30"
32,48,60,36.77,56.31,1633160680275,"2021-10-02T13:14:40+05:30"
32,49,61,36.7,56.74,1633160710868,"2021-10-02T13:15:10+05:30"
32,47,59,36.59,56.95,1633160741572,"2021-10-02T13:15:41+05:30"
33,49,62,36.53,57.33,1633160772034,"2021-10-02T13:16:12+05:30"
33,49,62,36.58,56.64,1633160802602,"2021-10-02T13:16:42+05:30"
33,49,60,36.55,56.61,1633160833205,"2021-10-02T13:17:13+05:30"
33,50,63,36.44,56.83,1633160863786,"2021-10-02T13:17:43+05:30"
33,50,63,36.43,56.94,1633160894364,"2021-10-02T13:18:14+05:30"
32,49,60,36.41,57.04,1633160925015,"2021-10-02T13:18:45+05:30"
33,49,62,36.4,57.25,1633160955604,"2021-10-02T13:19:15+05:30"
34,52,67,36.27,56.7,1633160986152,"2021-10-02T13:19:46+05:30"
33,52,65,36.24,57.44,1633161016760,"2021-10-02T13:20:16+05:30"
33,49,62,36.29,57.08,1633161049460,"2021-10-02T13:20:49+05:30"
33,50,63,36.24,57.29,1633161080022,"2021-10-02T13:21:20+05:30"
33,50,63,36.35,57.63,1633161110627,"2021-10-02T13:21:50+05:30"
33,49,60,36.41,57.59,1633161141250,"2021-10-02T13:22:21+05:30"
32,49,62,36.35,57.64,1633161171791,"2021-10-02T13:22:51+05:30"
33,48,60,36.31,57.74,1633161202355,"2021-10-02T13:23:22+05:30"
33,50,64,36.37,57.82,1633161232958,"2021-10-02T13:23:52+05:30"
33,51,66,36.33,58.36,1633161263544,"2021-10-02T13:24:23+05:30"
32,50,62,36.28,58.68,1633161294214,"2021-10-02T13:24:54+05:30"
33,50,61,36.16,57.77,1633161324772,"2021-10-02T13:25:24+05:30"
34,51,64,35.94,57.51,1633161355367,"2021-10-02T13:25:55+05:30"
33,49,62,35.85,57.09,1633161386021,"2021-10-02T13:26:26+05:30"
33,51,66,35.86,58.24,1633161416514,"2021-10-02T13:26:56+05:30"
33,52,64,35.88,57.79,1633161447222,"2021-10-02T13:27:27+05:30"
33,50,63,35.94,57.93,1633161477689,"2021-10-02T13:27:57+05:30"
33,50,63,35.87,57.57,1633161508339,"2021-10-02T13:28:28+05:30"
34,50,64,35.92,57.99,1633161538830,"2021-10-02T13:28:58+05:30"
34,51,65,36.05,57.83,1633161569575,"2021-10-02T13:29:29+05:30"
34,52,64,36.03,57.78,1633161599990,"2021-10-02T13:29:59+05:30"
34,51,65,36.03,57.6,1633161630556,"2021-10-02T13:30:30+05:30"
36,53,66,36.1,57.64,1633161661155,"2021-10-02T13:31:01+05:30"
49,70,78,36.29,56.55,1633161691730,"2021-10-02T13:31:31+05:30"
40,58,70,36.38,57.1,1633161722321,"2021-10-02T13:32:02+05:30"
36,54,67,36.4,56.59,1633161752889,"2021-10-02T13:32:32+05:30"
36,53,68,36.43,56.83,1633161783467,"2021-10-02T13:33:03+05:30"
38,57,70,36.39,57.16,1633161814058,"2021-10-02T13:33:34+05:30"
39,61,73,36.3,57.05,1633161844659,"2021-10-02T13:34:04+05:30"
36,54,67,36.29,57.89,1633161875242,"2021-10-02T13:34:35+05:30"
35,53,67,36.18,57.55,1633161905812,"2021-10-02T13:35:05+05:30"
34,52,66,36.16,57.73,1633161930905,"2021-10-02T13:35:30+05:30"
34,51,68,36.13,58.87,1633161961014,"2021-10-02T13:36:01+05:30"
34,50,65,36.08,57.55,1633161991601,"2021-10-02T13:36:31+05:30"
34,51,64,36.15,56.8,1633162022224,"2021-10-02T13:37:02+05:30"
35,52,66,36.2,57.85,1633162052763,"2021-10-02T13:37:32+05:30"
34,51,64,36.32,56.33,1633162083357,"2021-10-02T13:38:03+05:30"
34,51,65,36.29,55.17,1633162113931,"2021-10-02T13:38:33+05:30"
35,53,65,36.21,56.15,1633162144518,"2021-10-02T13:39:04+05:30"
34,51,64,36.24,55.97,1633162175157,"2021-10-02T13:39:35+05:30"
34,51,65,36.14,55.24,1633162205765,"2021-10-02T13:40:05+05:30"
36,53,70,36.1,54.88,1633162236423,"2021-10-02T13:40:36+05:30"
36,55,69,36.29,54.42,1633162266851,"2021-10-02T13:41:06+05:30"
36,56,70,36.42,54.85,1633162297431,"2021-10-02T13:41:37+05:30"
34,52,66,36.46,54.37,1633162328085,"2021-10-02T13:42:08+05:30"
36,54,68,36.44,54.14,1633162358650,"2021-10-02T13:42:38+05:30"
35,52,65,36.53,54.78,1633162389224,"2021-10-02T13:43:09+05:30"
35,52,66,36.77,55.42,1633162419819,"2021-10-02T13:43:39+05:30"
34,53,66,36.97,56.7,1633162450544,"2021-10-02T13:44:10+05:30"
34,51,65,37.01,56.65,1633162480996,"2021-10-02T13:44:40+05:30"
34,51,64,37.08,55.8,1633162511559,"2021-10-02T13:45:11+05:30"
33,51,64,36.98,54.84,1633162542155,"2021-10-02T13:45:42+05:30"
33,50,65,36.94,55.61,1633162572747,"2021-10-02T13:46:12+05:30"
34,51,65,36.81,56.77,1633162603319,"2021-10-02T13:46:43+05:30"
32,50,63,36.76,55.03,1633162633902,"2021-10-02T13:47:13+05:30"
32,49,62,36.67,53.37,1633162664478,"2021-10-02T13:47:44+05:30"
32,49,63,36.61,52.28,1633162695108,"2021-10-02T13:48:15+05:30"
33,50,64,36.6,52,1633162725705,"2021-10-02T13:48:45+05:30"
32,48,61,36.63,54.1,1633162756283,"2021-10-02T13:49:16+05:30"
32,47,59,36.71,53.31,1633162786852,"2021-10-02T13:49:46+05:30"
32,49,62,36.7,54.52,1633162817424,"2021-10-02T13:50:17+05:30"
33,48,62,36.73,55.08,1633162851522,"2021-10-02T13:50:51+05:30"
32,48,62,36.84,53.8,1633162882205,"2021-10-02T13:51:22+05:30"
32,49,62,36.93,53.72,1633162912672,"2021-10-02T13:51:52+05:30"
33,49,61,37.04,53.12,1633162943260,"2021-10-02T13:52:23+05:30"
32,49,63,37.04,54.51,1633162973812,"2021-10-02T13:52:53+05:30"
33,49,61,37.05,52.74,1633163004424,"2021-10-02T13:53:24+05:30"
33,49,62,37.03,54.5,1633163035231,"2021-10-02T13:53:55+05:30"
32,48,61,37.12,53.36,1633163065578,"2021-10-02T13:54:25+05:30"
32,50,66,37.22,53.22,1633163096281,"2021-10-02T13:54:56+05:30"
33,50,65,37.33,53.44,1633163126812,"2021-10-02T13:55:26+05:30"
33,49,63,37.49,53.92,1633163157415,"2021-10-02T13:55:57+05:30"
32,49,61,37.39,55.17,1633163187983,"2021-10-02T13:56:27+05:30"
31,48,61,37.28,52.31,1633163218571,"2021-10-02T13:56:58+05:30"
32,48,60,37.27,52.49,1633163249146,"2021-10-02T13:57:29+05:30"
32,48,62,37.31,53.37,1633163279706,"2021-10-02T13:57:59+05:30"
31,47,59,37.32,53.48,1633163310424,"2021-10-02T13:58:30+05:30"
32,48,60,37.24,53.23,1633163340904,"2021-10-02T13:59:00+05:30"
32,48,60,37.26,51.49,1633163371477,"2021-10-02T13:59:31+05:30"
32,49,61,37.21,51.34,1633163402048,"2021-10-02T14:00:02+05:30"
33,48,60,37.12,50.7,1633163432641,"2021-10-02T14:00:32+05:30"
34,51,64,37.06,51.45,1633163463332,"2021-10-02T14:01:03+05:30"
34,51,64,37.09,51.53,1633163493815,"2021-10-02T14:01:33+05:30"
32,50,65,37.2,52.73,1633163524372,"2021-10-02T14:02:04+05:30"
33,49,62,37.24,53.27,1633163554995,"2021-10-02T14:02:34+05:30"
32,48,60,37.11,53.2,1633163585561,"2021-10-02T14:03:05+05:30"
33,49,63,37.05,51.19,1633163616137,"2021-10-02T14:03:36+05:30"
32,50,64,37.04,52.61,1633163646695,"2021-10-02T14:04:06+05:30"
33,49,63,37.21,53.01,1633163677297,"2021-10-02T14:04:37+05:30"
32,51,64,37.22,53.01,1633163708086,"2021-10-02T14:05:08+05:30"
32,49,63,37.38,53.28,1633163732491,"2021-10-02T14:05:32+05:30"
33,51,67,37.32,51.42,1633163763066,"2021-10-02T14:06:03+05:30"
33,50,65,37.28,53.5,1633163793708,"2021-10-02T14:06:33+05:30"
33,51,66,37.36,53.14,1633163824239,"2021-10-02T14:07:04+05:30"
32,49,64,37.5,53.43,1633163854818,"2021-10-02T14:07:34+05:30"
33,48,60,37.36,52.09,1633163885386,"2021-10-02T14:08:05+05:30"
33,50,65,37.2,50.31,1633163916538,"2021-10-02T14:08:36+05:30"
33,50,65,37.12,52.96,1633163946702,"2021-10-02T14:09:06+05:30"
34,50,63,37.07,54.15,1633163977295,"2021-10-02T14:09:37+05:30"
34,52,66,37.04,52.19,1633164007863,"2021-10-02T14:10:07+05:30"
33,49,62,37.12,50.82,1633164038445,"2021-10-02T14:10:38+05:30"
33,48,61,37.2,53.79,1633164069027,"2021-10-02T14:11:09+05:30"
33,50,62,37.33,53.67,1633164099923,"2021-10-02T14:11:39+05:30"
33,51,65,37.45,53.44,1633164130500,"2021-10-02T14:12:10+05:30"
34,50,63,37.67,52.72,1633164161076,"2021-10-02T14:12:41+05:30"
35,51,65,37.75,53.31,1633164191768,"2021-10-02T14:13:11+05:30"
33,51,64,37.75,53.65,1633164222260,"2021-10-02T14:13:42+05:30"
33,50,63,37.71,54.1,1633164252951,"2021-10-02T14:14:12+05:30"
33,50,63,37.65,53.48,1633164283425,"2021-10-02T14:14:43+05:30"
33,49,63,37.64,52.08,1633164313987,"2021-10-02T14:15:13+05:30"
33,49,61,37.67,52.65,1633164344604,"2021-10-02T14:15:44+05:30"
32,48,59,37.76,52.23,1633164375154,"2021-10-02T14:16:15+05:30"
32,48,60,37.77,51.58,1633164405730,"2021-10-02T14:16:45+05:30"
32,48,60,37.68,51.01,1633164436299,"2021-10-02T14:17:16+05:30"
32,50,63,37.62,52.38,1633164466875,"2021-10-02T14:17:46+05:30"
33,50,64,37.72,52.45,1633164497518,"2021-10-02T14:18:17+05:30"
33,49,62,37.72,51.79,1633164528123,"2021-10-02T14:18:48+05:30"
32,48,62,37.69,51.35,1633164558651,"2021-10-02T14:19:18+05:30"
33,53,68,37.66,50.28,1633164589209,"2021-10-02T14:19:49+05:30"
33,52,69,37.57,50.1,1633164619831,"2021-10-02T14:20:19+05:30"
33,49,63,37.59,51.64,1633164653496,"2021-10-02T14:20:53+05:30"
32,47,61,37.67,52.32,1633164684066,"2021-10-02T14:21:24+05:30"
31,46,57,37.52,50.88,1633164714652,"2021-10-02T14:21:54+05:30"
32,49,60,37.4,51.77,1633164745346,"2021-10-02T14:22:25+05:30"
32,47,59,37.42,52.03,1633164775792,"2021-10-02T14:22:55+05:30"
33,49,61,37.63,52.6,1633164806462,"2021-10-02T14:23:26+05:30"
32,49,63,37.71,52.22,1633164836987,"2021-10-02T14:23:56+05:30"
32,48,60,37.69,53.63,1633164867556,"2021-10-02T14:24:27+05:30"
32,48,60,37.82,52.54,1633164898129,"2021-10-02T14:24:58+05:30"
32,49,63,37.83,52.07,1633164928815,"2021-10-02T14:25:28+05:30"
32,47,59,37.87,52.37,1633164959429,"2021-10-02T14:25:59+05:30"
33,49,63,37.75,52.04,1633164990002,"2021-10-02T14:26:30+05:30"
32,49,62,37.77,53.61,1633165020782,"2021-10-02T14:27:00+05:30"
33,50,63,37.8,52.33,1633165051141,"2021-10-02T14:27:31+05:30"
33,51,65,37.57,50.51,1633165081806,"2021-10-02T14:28:01+05:30"
32,49,64,37.46,51.56,1633165112335,"2021-10-02T14:28:32+05:30"
32,49,61,37.46,53.08,1633165142897,"2021-10-02T14:29:02+05:30"
33,50,64,37.55,52.66,1633165173467,"2021-10-02T14:29:33+05:30"
33,49,61,37.56,51.95,1633165204081,"2021-10-02T14:30:04+05:30"
33,48,61,37.61,52.57,1633165234760,"2021-10-02T14:30:34+05:30"
33,48,61,37.7,52.41,1633165265238,"2021-10-02T14:31:05+05:30"
33,49,62,37.65,51.08,1633165295799,"2021-10-02T14:31:35+05:30"
34,50,62,37.63,50.82,1633165326612,"2021-10-02T14:32:06+05:30"
34,51,63,37.57,51.96,1633165356989,"2021-10-02T14:32:36+05:30"
34,51,63,37.6,51.23,1633165387556,"2021-10-02T14:33:07+05:30"
33,50,66,37.61,49.39,1633165418132,"2021-10-02T14:33:38+05:30"
32,48,60,37.54,49.88,1633165448976,"2021-10-02T14:34:08+05:30"
35,51,64,37.62,51.45,1633165479311,"2021-10-02T14:34:39+05:30"
35,53,66,37.61,49.69,1633165509902,"2021-10-02T14:35:09+05:30"
35,54,67,37.48,48.5,1633165534771,"2021-10-02T14:35:34+05:30"
35,51,64,37.32,50.82,1633165564875,"2021-10-02T14:36:04+05:30"
34,51,64,37.29,52.08,1633165595532,"2021-10-02T14:36:35+05:30"
34,51,63,37.49,51.59,1633165626144,"2021-10-02T14:37:06+05:30"
32,48,62,37.54,53,1633165656743,"2021-10-02T14:37:36+05:30"
33,50,63,37.55,52.97,1633165687311,"2021-10-02T14:38:07+05:30"
34,50,64,37.35,49.42,1633165717879,"2021-10-02T14:38:37+05:30"
33,49,62,37.43,51.52,1633165748496,"2021-10-02T14:39:08+05:30"
33,51,65,37.67,52.02,1633165779074,"2021-10-02T14:39:39+05:30"
33,49,63,37.68,50.87,1633165809646,"2021-10-02T14:40:09+05:30"
33,50,63,37.53,49.69,1633165840216,"2021-10-02T14:40:40+05:30"
32,49,62,37.3,48.79,1633165870934,"2021-10-02T14:41:10+05:30"
32,49,63,37.31,51.14,1633165901398,"2021-10-02T14:41:41+05:30"
32,49,62,37.5,52.33,1633165931976,"2021-10-02T14:42:11+05:30"
32,48,59,37.6,52.53,1633165962546,"2021-10-02T14:42:42+05:30"
33,49,62,37.55,51.48,1633165993139,"2021-10-02T14:43:13+05:30"
33,50,66,37.53,50.93,1633166023731,"2021-10-02T14:43:43+05:30"
32,49,64,37.57,51.02,1633166054299,"2021-10-02T14:44:14+05:30"
31,48,59,37.58,51.07,1633166085215,"2021-10-02T14:44:45+05:30"
32,48,61,37.47,53.59,1633166115486,"2021-10-02T14:45:15+05:30"
32,47,59,37.42,52.18,1633166146058,"2021-10-02T14:45:46+05:30"
32,49,62,37.39,50.86,1633166176633,"2021-10-02T14:46:16+05:30"
33,49,61,37.41,51.73,1633166207332,"2021-10-02T14:46:47+05:30"
31,48,62,37.5,49.94,1633166237801,"2021-10-02T14:47:17+05:30"
32,49,64,37.57,50.37,1633166268401,"2021-10-02T14:47:48+05:30"
33,50,66,37.67,50.52,1633166299176,"2021-10-02T14:48:19+05:30"
32,49,63,37.65,52.32,1633166329640,"2021-10-02T14:48:49+05:30"
33,49,62,37.67,51.56,1633166360211,"2021-10-02T14:49:20+05:30"
32,48,60,37.62,51.11,1633166390812,"2021-10-02T14:49:50+05:30"
32,47,59,37.48,50.47,1633166421556,"2021-10-02T14:50:21+05:30"
32,48,61,37.45,49,1633166456089,"2021-10-02T14:50:56+05:30"
33,51,65,37.57,49.53,1633166486179,"2021-10-02T14:51:26+05:30"
32,48,61,37.5,51.21,1633166516794,"2021-10-02T14:51:56+05:30"
32,48,59,37.58,52.5,1633166547460,"2021-10-02T14:52:27+05:30"
32,48,60,37.6,51.13,1633166577903,"2021-10-02T14:52:57+05:30"
32,48,62,37.65,51.96,1633166608505,"2021-10-02T14:53:28+05:30"
33,49,62,37.78,51.46,1633166639069,"2021-10-02T14:53:59+05:30"
32,48,62,37.75,51.09,1633166669625,"2021-10-02T14:54:29+05:30"
32,47,58,37.71,49.45,1633166700396,"2021-10-02T14:55:00+05:30"
33,50,62,37.74,51.58,1633166730913,"2021-10-02T14:55:30+05:30"
32,48,60,37.67,51.68,1633166761510,"2021-10-02T14:56:01+05:30"
32,49,63,37.76,50.98,1633166792078,"2021-10-02T14:56:32+05:30"
32,48,61,37.7,50.66,1633166822645,"2021-10-02T14:57:02+05:30"
32,48,61,37.68,51.4,1633166853582,"2021-10-02T14:57:33+05:30"
32,50,64,37.63,51.89,1633166883872,"2021-10-02T14:58:03+05:30"
32,47,60,37.67,53.15,1633166914407,"2021-10-02T14:58:34+05:30"
32,48,59,37.75,51.92,1633166944995,"2021-10-02T14:59:04+05:30"
32,47,60,37.71,49.96,1633166975573,"2021-10-02T14:59:35+05:30"
33,50,66,37.69,50.52,1633167006175,"2021-10-02T15:00:06+05:30"
32,47,59,37.72,51.85,1633167037017,"2021-10-02T15:00:37+05:30"
32,47,59,37.71,52.5,1633167067311,"2021-10-02T15:01:07+05:30"
33,48,60,37.73,52.41,1633167097903,"2021-10-02T15:01:37+05:30"
34,51,64,37.66,52.91,1633167128502,"2021-10-02T15:02:08+05:30"
32,49,62,37.73,51.99,1633167159119,"2021-10-02T15:02:39+05:30"
33,48,60,37.8,52,1633167189651,"2021-10-02T15:03:09+05:30"
33,49,60,37.91,51.05,1633167220239,"2021-10-02T15:03:40+05:30"
33,49,64,37.91,49.87,1633167250839,"2021-10-02T15:04:10+05:30"
33,49,64,37.73,49.64,1633167281464,"2021-10-02T15:04:41+05:30"
32,47,59,37.65,49.81,1633167311957,"2021-10-02T15:05:11+05:30"
33,50,64,37.41,48.59,1633167339021,"2021-10-02T15:05:39+05:30"
33,48,61,37.17,48.86,1633167369817,"2021-10-02T15:06:09+05:30"
33,49,60,37.21,48.03,1633167400202,"2021-10-02T15:06:40+05:30"
32,46,57,37.29,50.38,1633167430754,"2021-10-02T15:07:10+05:30"
32,48,61,37.38,53.1,1633167461344,"2021-10-02T15:07:41+05:30"
32,48,60,37.43,52.62,1633167492053,"2021-10-02T15:08:12+05:30"
32,48,60,37.25,52.27,1633167522507,"2021-10-02T15:08:42+05:30"
34,51,64,37.23,51.72,1633167553085,"2021-10-02T15:09:13+05:30"
34,51,64,37.24,51.73,1633167583657,"2021-10-02T15:09:43+05:30"
33,50,64,37.32,51.16,1633167614224,"2021-10-02T15:10:14+05:30"
32,48,62,37.36,53.06,1633167644818,"2021-10-02T15:10:44+05:30"
31,48,61,37.46,52.95,1633167675402,"2021-10-02T15:11:15+05:30"
31,47,60,37.47,51.71,1633167705966,"2021-10-02T15:11:45+05:30"
33,49,63,37.43,50.8,1633167736559,"2021-10-02T15:12:16+05:30"
33,50,63,37.47,52.73,1633167767151,"2021-10-02T15:12:47+05:30"
32,49,64,37.48,51.98,1633167797827,"2021-10-02T15:13:17+05:30"
32,48,62,37.48,51.65,1633167828403,"2021-10-02T15:13:48+05:30"
33,50,63,37.46,52.61,1633167858994,"2021-10-02T15:14:18+05:30"
32,48,60,37.6,52.01,1633167889574,"2021-10-02T15:14:49+05:30"
32,48,60,37.65,51.83,1633167920154,"2021-10-02T15:15:20+05:30"
32,48,59,37.64,51.38,1633167950940,"2021-10-02T15:15:50+05:30"
31,47,58,37.69,51.31,1633167981298,"2021-10-02T15:16:21+05:30"
32,48,61,37.69,50.02,1633168012156,"2021-10-02T15:16:52+05:30"
32,48,60,37.74,49.93,1633168042623,"2021-10-02T15:17:22+05:30"
30,47,62,37.74,50.5,1633168073185,"2021-10-02T15:17:53+05:30"
32,49,65,37.62,50.95,1633168103774,"2021-10-02T15:18:23+05:30"
32,48,61,37.63,52.03,1633168134330,"2021-10-02T15:18:54+05:30"
31,47,60,37.57,51.5,1633168164922,"2021-10-02T15:19:24+05:30"
32,48,61,37.46,52.61,1633168195503,"2021-10-02T15:19:55+05:30"
32,50,62,37.37,50.23,1633168226501,"2021-10-02T15:20:26+05:30"
34,52,67,37.33,48.8,1633168257391,"2021-10-02T15:20:57+05:30"
33,50,62,37.31,51.24,1633168287944,"2021-10-02T15:21:27+05:30"
32,47,59,37.4,51.36,1633168318544,"2021-10-02T15:21:58+05:30"
32,48,60,37.49,50.38,1633168349134,"2021-10-02T15:22:29+05:30"
32,46,58,37.5,50.06,1633168379717,"2021-10-02T15:22:59+05:30"
32,46,57,37.47,51.1,1633168410279,"2021-10-02T15:23:30+05:30"
32,49,64,37.5,50.94,1633168441006,"2021-10-02T15:24:01+05:30"
32,48,63,37.48,50.2,1633168471465,"2021-10-02T15:24:31+05:30"
32,49,63,37.17,48.83,1633168502798,"2021-10-02T15:25:02+05:30"
32,47,60,37.09,49.25,1633168532920,"2021-10-02T15:25:32+05:30"
33,50,63,37.18,50.88,1633168563520,"2021-10-02T15:26:03+05:30"
33,49,64,37.17,49.87,1633168594108,"2021-10-02T15:26:34+05:30"
33,50,66,37.26,50.47,1633168624706,"2021-10-02T15:27:04+05:30"
32,48,61,37.23,50.81,1633168655301,"2021-10-02T15:27:35+05:30"
35,52,66,37.06,49.49,1633168685862,"2021-10-02T15:28:05+05:30"
39,58,71,37.09,49.4,1633168716419,"2021-10-02T15:28:36+05:30"
35,53,67,37.2,51.02,1633168747014,"2021-10-02T15:29:07+05:30"
32,46,59,37.29,50.49,1633168777641,"2021-10-02T15:29:37+05:30"
30,46,58,37.37,51.42,1633168808192,"2021-10-02T15:30:08+05:30"
32,47,60,37.37,50.54,1633168838758,"2021-10-02T15:30:38+05:30"
31,47,58,37.24,49.18,1633168869357,"2021-10-02T15:31:09+05:30"
31,47,58,37.25,50.04,1633168900066,"2021-10-02T15:31:40+05:30"
32,48,60,37.34,50.92,1633168930516,"2021-10-02T15:32:10+05:30"
31,47,60,37.48,50.58,1633168961200,"2021-10-02T15:32:41+05:30"
31,47,60,37.52,50.94,1633168991675,"2021-10-02T15:33:11+05:30"
32,48,62,37.65,52.21,1633169022291,"2021-10-02T15:33:42+05:30"
31,46,59,37.76,51.24,1633169052847,"2021-10-02T15:34:12+05:30"
32,47,61,37.76,50.99,1633169083410,"2021-10-02T15:34:43+05:30"
31,47,61,37.8,52.52,1633169114013,"2021-10-02T15:35:14+05:30"
31,47,60,37.82,51.99,1633169143003,"2021-10-02T15:35:43+05:30"
31,46,57,37.69,50.32,1633169173397,"2021-10-02T15:36:13+05:30"
30,45,56,37.61,50.82,1633169203909,"2021-10-02T15:36:43+05:30"
32,47,60,37.49,50.65,1633169234491,"2021-10-02T15:37:14+05:30"
30,46,60,37.31,50.19,1633169265102,"2021-10-02T15:37:45+05:30"
31,46,58,37.16,52.14,1633169296250,"2021-10-02T15:38:16+05:30"
32,47,60,36.96,50.98,1633169326468,"2021-10-02T15:38:46+05:30"
32,48,63,36.84,50.44,1633169357036,"2021-10-02T15:39:17+05:30"
32,49,63,36.82,51.35,1633169387637,"2021-10-02T15:39:47+05:30"
32,48,60,36.73,51.65,1633169418235,"2021-10-02T15:40:18+05:30"
31,47,60,36.62,51.31,1633169449103,"2021-10-02T15:40:49+05:30"
31,47,58,36.55,51.22,1633169479465,"2021-10-02T15:41:19+05:30"
32,46,60,36.55,52.72,1633169510027,"2021-10-02T15:41:50+05:30"
31,47,59,36.53,54.34,1633169540599,"2021-10-02T15:42:20+05:30"
32,47,60,36.51,54.08,1633169571207,"2021-10-02T15:42:51+05:30"
33,49,62,36.53,52.1,1633169602060,"2021-10-02T15:43:22+05:30"
32,49,66,36.51,53.16,1633169632470,"2021-10-02T15:43:52+05:30"
32,48,61,36.45,52.98,1633169663195,"2021-10-02T15:44:23+05:30"
33,49,63,36.48,52.24,1633169693950,"2021-10-02T15:44:53+05:30"
32,47,61,36.47,52.15,1633169724786,"2021-10-02T15:45:24+05:30"
32,48,61,36.41,50.77,1633169755114,"2021-10-02T15:45:55+05:30"
32,50,65,36.4,52.26,1633169785698,"2021-10-02T15:46:25+05:30"
32,50,64,36.41,51.98,1633169816279,"2021-10-02T15:46:56+05:30"
32,48,60,36.48,53,1633169846960,"2021-10-02T15:47:26+05:30"
31,47,58,36.6,54.26,1633169877662,"2021-10-02T15:47:57+05:30"
32,47,59,36.71,54.2,1633169908159,"2021-10-02T15:48:28+05:30"
31,47,60,36.59,52.41,1633169938748,"2021-10-02T15:48:58+05:30"
31,46,58,36.51,52.38,1633169969319,"2021-10-02T15:49:29+05:30"
31,46,57,36.51,52.91,1633169999988,"2021-10-02T15:49:59+05:30"
32,47,59,36.46,52.67,1633170030567,"2021-10-02T15:50:30+05:30"
31,46,56,36.47,52.26,1633170060430,"2021-10-02T15:51:00+05:30"
32,47,59,36.5,53.11,1633170090840,"2021-10-02T15:51:30+05:30"
32,47,61,36.41,51.39,1633170121443,"2021-10-02T15:52:01+05:30"
31,45,57,36.45,52.09,1633170152020,"2021-10-02T15:52:32+05:30"
32,48,61,36.32,53.43,1633170182567,"2021-10-02T15:53:02+05:30"
32,48,60,36.38,53.31,1633170213333,"2021-10-02T15:53:33+05:30"
32,48,61,36.41,52.12,1633170243760,"2021-10-02T15:54:03+05:30"
31,47,60,36.44,52.09,1633170274314,"2021-10-02T15:54:34+05:30"
32,47,61,36.45,53.41,1633170304914,"2021-10-02T15:55:04+05:30"
32,48,59,36.6,52.83,1633170335509,"2021-10-02T15:55:35+05:30"
31,47,59,36.59,52.76,1633170366359,"2021-10-02T15:56:06+05:30"
33,49,61,36.5,51.86,1633170396801,"2021-10-02T15:56:36+05:30"
32,48,61,36.42,51.55,1633170429107,"2021-10-02T15:57:09+05:30"
32,47,58,36.5,53.56,1633170458091,"2021-10-02T15:57:38+05:30"
33,48,60,36.54,52.26,1633170488557,"2021-10-02T15:58:08+05:30"
33,48,61,36.56,51.39,1633170519126,"2021-10-02T15:58:39+05:30"
32,47,62,36.63,51.25,1633170549820,"2021-10-02T15:59:09+05:30"
32,48,60,36.56,51.28,1633170580316,"2021-10-02T15:59:40+05:30"
32,49,62,36.47,51.33,1633170610894,"2021-10-02T16:00:10+05:30"
32,50,61,36.55,51.8,1633170641453,"2021-10-02T16:00:41+05:30"
31,48,61,36.57,51.72,1633170672055,"2021-10-02T16:01:12+05:30"
32,48,60,36.42,53.02,1633170702727,"2021-10-02T16:01:42+05:30"
31,48,60,36.42,52.95,1633170733627,"2021-10-02T16:02:13+05:30"
31,48,61,36.39,52.73,1633170764237,"2021-10-02T16:02:44+05:30"
32,48,60,36.42,52.23,1633170795094,"2021-10-02T16:03:15+05:30"
32,48,60,36.42,53.01,1633170825563,"2021-10-02T16:03:45+05:30"
33,50,63,36.37,53.79,1633170856246,"2021-10-02T16:04:16+05:30"
33,50,66,36.37,53.7,1633170886732,"2021-10-02T16:04:46+05:30"
32,49,62,36.39,53.36,1633170917292,"2021-10-02T16:05:17+05:30"
33,50,64,36.38,53.85,1633170947019,"2021-10-02T16:05:47+05:30"
33,49,63,36.42,53.35,1633170977771,"2021-10-02T16:06:17+05:30"
33,50,65,36.43,52.44,1633171008618,"2021-10-02T16:06:48+05:30"
32,48,61,36.44,53.56,1633171039334,"2021-10-02T16:07:19+05:30"
32,47,59,36.54,52.75,1633171069805,"2021-10-02T16:07:49+05:30"
31,46,59,36.46,51.89,1633171100797,"2021-10-02T16:08:20+05:30"
31,47,60,36.48,53.32,1633171131226,"2021-10-02T16:08:51+05:30"
32,48,61,36.41,53.24,1633171161991,"2021-10-02T16:09:21+05:30"
33,49,63,36.3,52.85,1633171192747,"2021-10-02T16:09:52+05:30"
33,52,66,36.19,53.21,1633171223361,"2021-10-02T16:10:23+05:30"
33,51,66,36.11,53.67,1633171254088,"2021-10-02T16:10:54+05:30"
34,51,67,36.24,54.12,1633171284903,"2021-10-02T16:11:24+05:30"
34,51,64,36.27,54.05,1633171316226,"2021-10-02T16:11:56+05:30"
33,50,63,36.34,54.17,1633171346370,"2021-10-02T16:12:26+05:30"
33,50,64,36.27,54.68,1633171376937,"2021-10-02T16:12:56+05:30"
33,50,63,36.29,54.27,1633171407974,"2021-10-02T16:13:27+05:30"
32,48,61,36.21,53.61,1633171438387,"2021-10-02T16:13:58+05:30"
33,49,62,36.12,55.1,1633171469005,"2021-10-02T16:14:29+05:30"
33,50,62,36.08,54.77,1633171499664,"2021-10-02T16:14:59+05:30"
33,50,63,36.05,54,1633171530340,"2021-10-02T16:15:30+05:30"
33,49,62,36.09,55.47,1633171560954,"2021-10-02T16:16:00+05:30"
32,49,61,36,56.13,1633171591553,"2021-10-02T16:16:31+05:30"
33,50,62,35.99,55.63,1633171622138,"2021-10-02T16:17:02+05:30"
34,50,63,35.87,55.89,1633171652741,"2021-10-02T16:17:32+05:30"
33,50,64,35.85,55.76,1633171683313,"2021-10-02T16:18:03+05:30"
34,51,66,35.98,55.6,1633171714020,"2021-10-02T16:18:34+05:30"
34,50,64,35.94,56.08,1633171744596,"2021-10-02T16:19:04+05:30"
32,48,60,36.01,56.04,1633171775185,"2021-10-02T16:19:35+05:30"
33,49,63,36.05,55.53,1633171805777,"2021-10-02T16:20:05+05:30"
34,51,66,35.94,54.43,1633171841124,"2021-10-02T16:20:41+05:30"
32,51,69,35.86,55.52,1633171871697,"2021-10-02T16:21:11+05:30"
33,49,64,35.77,57.24,1633171902315,"2021-10-02T16:21:42+05:30"
34,50,62,35.79,56.86,1633171932872,"2021-10-02T16:22:12+05:30"
33,50,63,35.8,57.07,1633171963473,"2021-10-02T16:22:43+05:30"
32,49,61,35.87,57.57,1633171994040,"2021-10-02T16:23:14+05:30"
33,49,62,35.79,57.31,1633172024598,"2021-10-02T16:23:44+05:30"
33,50,63,35.87,57.74,1633172055203,"2021-10-02T16:24:15+05:30"
34,51,64,35.93,57.64,1633172085789,"2021-10-02T16:24:45+05:30"
37,56,69,35.87,57.11,1633172116360,"2021-10-02T16:25:16+05:30"
32,49,63,35.95,56.67,1633172146939,"2021-10-02T16:25:46+05:30"
33,49,63,35.88,55.47,1633172177535,"2021-10-02T16:26:17+05:30"
33,50,64,35.95,56.54,1633172208229,"2021-10-02T16:26:48+05:30"
35,52,67,36.16,56.58,1633172238697,"2021-10-02T16:27:18+05:30"
34,51,65,36.26,56.5,1633172269253,"2021-10-02T16:27:49+05:30"
33,50,63,36.23,55.89,1633172299860,"2021-10-02T16:28:19+05:30"
33,49,61,36.32,55.85,1633172330535,"2021-10-02T16:28:50+05:30"
32,49,61,36.33,54.66,1633172361118,"2021-10-02T16:29:21+05:30"
32,48,60,36.46,55.08,1633172391702,"2021-10-02T16:29:51+05:30"
33,49,62,36.51,54.97,1633172422291,"2021-10-02T16:30:22+05:30"
32,48,60,36.45,53.99,1633172452880,"2021-10-02T16:30:52+05:30"
32,49,61,36.48,54.53,1633172483456,"2021-10-02T16:31:23+05:30"
32,47,59,36.47,54.4,1633172514066,"2021-10-02T16:31:54+05:30"
33,49,62,36.45,54.57,1633172544653,"2021-10-02T16:32:24+05:30"
33,49,63,36.45,54.99,1633172575469,"2021-10-02T16:32:55+05:30"
33,49,61,36.48,54.99,1633172605811,"2021-10-02T16:33:25+05:30"
33,49,62,36.52,55.26,1633172636384,"2021-10-02T16:33:56+05:30"
33,50,61,36.57,55.41,1633172667061,"2021-10-02T16:34:27+05:30"
33,49,63,36.55,55.56,1633172697575,"2021-10-02T16:34:57+05:30"
34,49,63,36.4,54.8,1633172728135,"2021-10-02T16:35:28+05:30"
34,51,66,36.36,56.21,1633172762065,"2021-10-02T16:36:02+05:30"
33,49,63,36.52,56.6,1633172792138,"2021-10-02T16:36:32+05:30"
33,49,63,36.51,55.9,1633172822707,"2021-10-02T16:37:02+05:30"
32,49,60,36.34,55.64,1633172853309,"2021-10-02T16:37:33+05:30"
33,49,62,36.36,56.22,1633172883916,"2021-10-02T16:38:03+05:30"
32,47,59,36.42,55.9,1633172914618,"2021-10-02T16:38:34+05:30"
33,50,64,36.52,55.31,1633172945186,"2021-10-02T16:39:05+05:30"
32,50,63,36.53,55.77,1633172975780,"2021-10-02T16:39:35+05:30"
32,49,63,36.44,55.82,1633173006358,"2021-10-02T16:40:06+05:30"
33,50,66,36.46,55.03,1633173036940,"2021-10-02T16:40:36+05:30"
32,49,63,36.41,55.19,1633173067501,"2021-10-02T16:41:07+05:30"
32,49,61,36.37,54.87,1633173098104,"2021-10-02T16:41:38+05:30"
32,48,60,36.27,56.38,1633173128678,"2021-10-02T16:42:08+05:30"
32,48,61,36.33,55.55,1633173159468,"2021-10-02T16:42:39+05:30"
32,48,59,36.23,54.15,1633173189821,"2021-10-02T16:43:09+05:30"
33,50,64,36.11,54.6,1633173220419,"2021-10-02T16:43:40+05:30"
33,51,66,36.07,55.28,1633173251023,"2021-10-02T16:44:11+05:30"
33,50,63,36.15,56.54,1633173281586,"2021-10-02T16:44:41+05:30"
32,47,58,36.15,55.81,1633173312151,"2021-10-02T16:45:12+05:30"
31,48,62,36.1,54.23,1633173342758,"2021-10-02T16:45:42+05:30"
32,48,62,36.01,54.6,1633173373365,"2021-10-02T16:46:13+05:30"
32,48,61,35.95,54.66,1633173403996,"2021-10-02T16:46:43+05:30"
32,48,62,35.89,55.28,1633173434575,"2021-10-02T16:47:14+05:30"
32,50,63,35.81,55.7,1633173465143,"2021-10-02T16:47:45+05:30"
31,48,61,35.86,55.64,1633173495726,"2021-10-02T16:48:15+05:30"
32,48,61,35.81,56.11,1633173526320,"2021-10-02T16:48:46+05:30"
35,53,66,35.67,55.72,1633173556909,"2021-10-02T16:49:16+05:30"
54,84,90,35.68,57.4,1633173587475,"2021-10-02T16:49:47+05:30"
56,87,97,35.7,57.14,1633173618049,"2021-10-02T16:50:18+05:30"
37,54,68,35.81,57.5,1633173643033,"2021-10-02T16:50:43+05:30"
34,51,65,35.79,56.6,1633173673162,"2021-10-02T16:51:13+05:30"
35,52,66,35.67,56.76,1633173703780,"2021-10-02T16:51:43+05:30"
36,53,68,35.76,58.07,1633173734478,"2021-10-02T16:52:14+05:30"
33,48,61,35.74,56.64,1633173765076,"2021-10-02T16:52:45+05:30"
33,50,64,35.77,56.78,1633173795703,"2021-10-02T16:53:15+05:30"
33,50,63,35.63,56.67,1633173826343,"2021-10-02T16:53:46+05:30"
33,49,63,35.51,58.65,1633173856778,"2021-10-02T16:54:16+05:30"
33,49,63,35.5,57.99,1633173887648,"2021-10-02T16:54:47+05:30"
32,46,60,35.47,56.25,1633173917994,"2021-10-02T16:55:17+05:30"
33,49,61,35.59,57.11,1633173948805,"2021-10-02T16:55:48+05:30"
32,48,60,35.64,58.01,1633173979115,"2021-10-02T16:56:19+05:30"
32,48,61,35.62,57.65,1633174009678,"2021-10-02T16:56:49+05:30"
33,49,62,35.61,57.44,1633174040382,"2021-10-02T16:57:20+05:30"
32,48,60,35.62,57.43,1633174070887,"2021-10-02T16:57:50+05:30"
32,48,61,35.68,57.5,1633174101440,"2021-10-02T16:58:21+05:30"
32,49,60,35.77,56.02,1633174132103,"2021-10-02T16:58:52+05:30"
32,50,62,35.84,55.71,1633174162750,"2021-10-02T16:59:22+05:30"
32,49,62,35.64,55.54,1633174193200,"2021-10-02T16:59:53+05:30"
33,50,63,35.65,56.38,1633174223775,"2021-10-02T17:00:23+05:30"
33,49,61,35.58,56.75,1633174254393,"2021-10-02T17:00:54+05:30"
33,48,59,35.4,55.81,1633174284933,"2021-10-02T17:01:24+05:30"
32,49,61,35.29,56.08,1633174315641,"2021-10-02T17:01:55+05:30"
32,50,63,35.22,56.83,1633174346159,"2021-10-02T17:02:26+05:30"
33,49,62,35.14,57.67,1633174376756,"2021-10-02T17:02:56+05:30"
33,51,64,35.09,57.83,1633174407335,"2021-10-02T17:03:27+05:30"
33,49,63,35.08,58.45,1633174468936,"2021-10-02T17:04:28+05:30"
33,50,64,35.08,57.78,1633174474867,"2021-10-02T17:04:34+05:30"
33,49,62,35.03,58.08,1633174499784,"2021-10-02T17:04:59+05:30"
32,49,61,35.14,58.86,1633174530482,"2021-10-02T17:05:30+05:30"
33,50,63,35.21,58.87,1633174564105,"2021-10-02T17:06:04+05:30"
33,51,63,35.19,58.84,1633174594196,"2021-10-02T17:06:34+05:30"
33,50,63,35.16,58.59,1633174624805,"2021-10-02T17:07:04+05:30"
34,51,66,35.1,57.83,1633174655399,"2021-10-02T17:07:35+05:30"
33,50,65,35.01,58.55,1633174685957,"2021-10-02T17:08:05+05:30"
34,51,65,34.93,58.82,1633174716532,"2021-10-02T17:08:36+05:30"
35,53,68,34.93,58.09,1633174747156,"2021-10-02T17:09:07+05:30"
37,57,71,35.01,58.11,1633174777738,"2021-10-02T17:09:37+05:30"
35,53,69,35.02,58.51,1633174808292,"2021-10-02T17:10:08+05:30"
34,52,69,34.87,59.21,1633174838863,"2021-10-02T17:10:38+05:30"
34,52,68,34.75,58.03,1633174869464,"2021-10-02T17:11:09+05:30"
34,52,69,34.65,58.89,1633174900047,"2021-10-02T17:11:40+05:30"
36,54,68,34.63,59.56,1633174930613,"2021-10-02T17:12:10+05:30"
36,53,68,34.7,60.23,1633174961172,"2021-10-02T17:12:41+05:30"
33,50,63,34.57,59.72,1633174991755,"2021-10-02T17:13:11+05:30"
35,55,70,34.51,59.49,1633175022400,"2021-10-02T17:13:42+05:30"
35,54,68,34.45,60.01,1633175052931,"2021-10-02T17:14:12+05:30"
34,52,66,34.53,61.07,1633175083704,"2021-10-02T17:14:43+05:30"
33,49,62,34.45,59.97,1633175114074,"2021-10-02T17:15:14+05:30"
34,51,65,34.47,59.72,1633175144787,"2021-10-02T17:15:44+05:30"
34,52,65,34.58,59.62,1633175175274,"2021-10-02T17:16:15+05:30"
35,52,66,34.58,59.44,1633175206073,"2021-10-02T17:16:46+05:30"
34,51,65,34.59,59.99,1633175236657,"2021-10-02T17:17:16+05:30"
35,54,70,34.57,59.33,1633175267266,"2021-10-02T17:17:47+05:30"
34,51,66,34.6,58.66,1633175297856,"2021-10-02T17:18:17+05:30"
34,52,66,34.56,58.08,1633175328438,"2021-10-02T17:18:48+05:30"
35,54,67,34.64,58.55,1633175358995,"2021-10-02T17:19:18+05:30"
37,53,67,34.64,58.56,1633175389606,"2021-10-02T17:19:49+05:30"
37,53,67,34.64,58.56,1633175390800,"2021-10-02T17:19:50+05:30"
35,53,67,34.67,59.13,1633175432243,"2021-10-02T17:20:32+05:30"
36,54,67,34.58,59.18,1633175447222,"2021-10-02T17:20:47+05:30"
36,54,68,34.54,59.01,1633175477409,"2021-10-02T17:21:17+05:30"
35,53,65,34.63,59.07,1633175508201,"2021-10-02T17:21:48+05:30"
35,53,67,34.67,58.9,1633175538918,"2021-10-02T17:22:18+05:30"
35,54,69,34.72,58.8,1633175569706,"2021-10-02T17:22:49+05:30"
35,54,67,34.72,58.71,1633175600538,"2021-10-02T17:23:20+05:30"
35,54,68,34.78,59.08,1633175631149,"2021-10-02T17:23:51+05:30"
35,53,68,34.82,58.14,1633175662113,"2021-10-02T17:24:22+05:30"
35,52,67,34.84,58.34,1633175692833,"2021-10-02T17:24:52+05:30"
36,54,67,34.82,58.6,1633175723291,"2021-10-02T17:25:23+05:30"
35,53,67,34.74,58.56,1633175754136,"2021-10-02T17:25:54+05:30"
35,52,65,34.72,59.27,1633175784669,"2021-10-02T17:26:24+05:30"
34,53,68,34.73,59.61,1633175815394,"2021-10-02T17:26:55+05:30"
35,55,69,34.59,60.55,1633175846190,"2021-10-02T17:27:26+05:30"
36,56,71,34.51,61.05,1633175876967,"2021-10-02T17:27:56+05:30"
35,51,66,34.48,60.78,1633175908181,"2021-10-02T17:28:28+05:30"
35,53,67,34.47,60.86,1633175938685,"2021-10-02T17:28:58+05:30"
35,54,67,34.46,60.4,1633175969425,"2021-10-02T17:29:29+05:30"
35,55,69,34.51,60.76,1633176000341,"2021-10-02T17:30:00+05:30"
34,52,68,34.5,60.07,1633176031268,"2021-10-02T17:30:31+05:30"
35,52,67,34.53,59.8,1633176061630,"2021-10-02T17:31:01+05:30"
35,53,67,34.6,59.9,1633176092368,"2021-10-02T17:31:32+05:30"
36,54,68,34.64,59.29,1633176123017,"2021-10-02T17:32:03+05:30"
37,54,66,34.62,59.69,1633176153593,"2021-10-02T17:32:33+05:30"
36,54,68,34.69,60.11,1633176184126,"2021-10-02T17:33:04+05:30"
36,53,68,34.66,60.22,1633176214871,"2021-10-02T17:33:34+05:30"
34,52,66,34.5,59.67,1633176245293,"2021-10-02T17:34:05+05:30"
37,58,75,34.53,59.06,1633176275881,"2021-10-02T17:34:35+05:30"
38,59,73,34.58,60.29,1633176306662,"2021-10-02T17:35:06+05:30"
37,58,72,34.5,60.8,1633176366995,"2021-10-02T17:36:06+05:30"
36,53,66,34.53,60.78,1633176397558,"2021-10-02T17:36:37+05:30"
37,57,72,34.51,60.71,1633176428146,"2021-10-02T17:37:08+05:30"
39,60,73,34.52,60.51,1633176458730,"2021-10-02T17:37:38+05:30"
38,56,70,34.51,60.8,1633176489432,"2021-10-02T17:38:09+05:30"
37,55,68,34.45,61.09,1633176520125,"2021-10-02T17:38:40+05:30"
37,58,72,34.45,60.66,1633176550670,"2021-10-02T17:39:10+05:30"
37,57,72,34.42,59.12,1633176581374,"2021-10-02T17:39:41+05:30"
36,56,71,34.32,59.26,1633176612292,"2021-10-02T17:40:12+05:30"
36,56,71,34.25,60.55,1633176642817,"2021-10-02T17:40:42+05:30"
37,56,70,34.34,61.43,1633176673352,"2021-10-02T17:41:13+05:30"
36,52,66,34.34,61.7,1633176703905,"2021-10-02T17:41:43+05:30"
36,55,68,34.27,62.23,1633176734503,"2021-10-02T17:42:14+05:30"
36,53,69,34.27,61.79,1633176765281,"2021-10-02T17:42:45+05:30"
36,54,68,34.21,61.46,1633176795995,"2021-10-02T17:43:15+05:30"
37,53,68,34.09,61.17,1633176826577,"2021-10-02T17:43:46+05:30"
37,55,69,34.09,62.29,1633176857129,"2021-10-02T17:44:17+05:30"
38,56,70,34.08,62.02,1633176887850,"2021-10-02T17:44:47+05:30"
37,56,69,34.11,62.25,1633176918344,"2021-10-02T17:45:18+05:30"
38,57,69,34.07,62.45,1633176948954,"2021-10-02T17:45:48+05:30"
37,54,67,33.99,61.53,1633176980011,"2021-10-02T17:46:20+05:30"
40,57,72,33.98,61.95,1633177010744,"2021-10-02T17:46:50+05:30"
41,60,72,33.99,61.84,1633177041319,"2021-10-02T17:47:21+05:30"
37,58,71,33.91,61.42,1633177071889,"2021-10-02T17:47:51+05:30"
38,57,69,33.8,62.46,1633177102594,"2021-10-02T17:48:22+05:30"
38,59,70,33.89,62.69,1633177133174,"2021-10-02T17:48:53+05:30"
40,59,71,33.86,62.46,1633177163766,"2021-10-02T17:49:23+05:30"
39,59,71,33.84,62.64,1633177194380,"2021-10-02T17:49:54+05:30"
39,57,71,33.91,62.35,1633177225287,"2021-10-02T17:50:25+05:30"
35,55,69,33.85,61.64,1633177266080,"2021-10-02T17:51:06+05:30"
39,58,70,33.88,63.02,1633177286686,"2021-10-02T17:51:26+05:30"
38,56,70,33.79,62.49,1633177317252,"2021-10-02T17:51:57+05:30"
39,61,72,33.85,63.36,1633177348074,"2021-10-02T17:52:28+05:30"
39,60,72,33.8,62.82,1633177378844,"2021-10-02T17:52:58+05:30"
40,59,71,33.77,63.83,1633177409178,"2021-10-02T17:53:29+05:30"
39,57,70,33.76,63.53,1633177439753,"2021-10-02T17:53:59+05:30"
39,61,71,33.7,62.85,1633177470320,"2021-10-02T17:54:30+05:30"
39,60,72,33.73,62.19,1633177500981,"2021-10-02T17:55:00+05:30"
37,60,72,33.78,61.83,1633177531493,"2021-10-02T17:55:31+05:30"
39,62,73,33.76,62.5,1633177562092,"2021-10-02T17:56:02+05:30"
39,59,73,33.76,63.1,1633177592654,"2021-10-02T17:56:32+05:30"
39,58,71,33.82,62.94,1633177623260,"2021-10-02T17:57:03+05:30"
38,58,71,33.81,63.01,1633177653862,"2021-10-02T17:57:33+05:30"
39,59,72,33.91,63.39,1633177684414,"2021-10-02T17:58:04+05:30"
39,62,74,33.93,62.55,1633177714985,"2021-10-02T17:58:34+05:30"
42,64,76,33.83,62.31,1633177745548,"2021-10-02T17:59:05+05:30"
42,62,74,33.74,63.11,1633177776155,"2021-10-02T17:59:36+05:30"
40,60,73,33.67,63.65,1633177806839,"2021-10-02T18:00:06+05:30"
41,63,74,33.73,63.89,1633177837471,"2021-10-02T18:00:37+05:30"
54,80,88,33.74,63,1633177868067,"2021-10-02T18:01:08+05:30"
61,92,100,33.72,62.97,1633177898670,"2021-10-02T18:01:38+05:30"
43,65,75,33.78,62.73,1633177929243,"2021-10-02T18:02:09+05:30"
38,60,72,33.79,63.06,1633177959791,"2021-10-02T18:02:39+05:30"
42,62,75,33.9,63.29,1633177990612,"2021-10-02T18:03:10+05:30"
42,63,74,33.83,63.4,1633178021140,"2021-10-02T18:03:41+05:30"
43,66,74,33.79,62.85,1633178051746,"2021-10-02T18:04:11+05:30"
41,62,74,33.7,62.16,1633178082328,"2021-10-02T18:04:42+05:30"
41,63,73,33.66,62.33,1633178112909,"2021-10-02T18:05:12+05:30"
40,63,74,33.6,62.89,1633178144788,"2021-10-02T18:05:44+05:30"
43,65,76,33.61,63.44,1633178174898,"2021-10-02T18:06:14+05:30"
41,62,73,33.62,64.06,1633178205452,"2021-10-02T18:06:45+05:30"
41,61,73,33.58,63.7,1633178236165,"2021-10-02T18:07:16+05:30"
42,63,73,33.63,63.44,1633178266665,"2021-10-02T18:07:46+05:30"
42,64,75,33.58,63.74,1633178297244,"2021-10-02T18:08:17+05:30"
42,66,77,33.6,63.51,1633178327972,"2021-10-02T18:08:47+05:30"
42,65,76,33.57,63.74,1633178358505,"2021-10-02T18:09:18+05:30"
41,62,73,33.54,63.79,1633178389457,"2021-10-02T18:09:49+05:30"
40,62,74,33.47,64.18,1633178420004,"2021-10-02T18:10:20+05:30"
42,62,72,33.5,63.75,1633178450583,"2021-10-02T18:10:50+05:30"
41,65,76,33.51,64.68,1633178481162,"2021-10-02T18:11:21+05:30"
41,62,73,33.53,63.7,1633178511733,"2021-10-02T18:11:51+05:30"
42,66,75,33.57,64.39,1633178542606,"2021-10-02T18:12:22+05:30"
43,65,75,33.57,64.01,1633178573513,"2021-10-02T18:12:53+05:30"
43,67,76,33.57,64.6,1633178604127,"2021-10-02T18:13:24+05:30"
42,66,75,33.67,64.61,1633178634681,"2021-10-02T18:13:54+05:30"
44,65,76,33.64,64.31,1633178665388,"2021-10-02T18:14:25+05:30"
42,62,73,33.52,64.46,1633178696154,"2021-10-02T18:14:56+05:30"
44,66,75,33.47,64.65,1633178726723,"2021-10-02T18:15:26+05:30"
41,63,73,33.42,64.05,1633178757485,"2021-10-02T18:15:57+05:30"
42,66,74,33.46,65.34,1633178788060,"2021-10-02T18:16:28+05:30"
42,65,74,33.45,64.01,1633178818793,"2021-10-02T18:16:58+05:30"
43,69,77,33.46,65.23,1633178849373,"2021-10-02T18:17:29+05:30"
42,66,76,33.44,64.9,1633178879943,"2021-10-02T18:17:59+05:30"
42,65,75,33.37,65.14,1633178910610,"2021-10-02T18:18:30+05:30"
46,70,80,33.33,65.15,1633178941563,"2021-10-02T18:19:01+05:30"
47,70,79,33.27,65.75,1633178972095,"2021-10-02T18:19:32+05:30"
46,69,77,33.4,65.74,1633179002962,"2021-10-02T18:20:02+05:30"
44,70,79,33.44,65.12,1633179033545,"2021-10-02T18:20:33+05:30"
44,66,76,33.47,65.12,1633179064871,"2021-10-02T18:21:04+05:30"
44,67,77,33.4,64.88,1633179095021,"2021-10-02T18:21:35+05:30"
45,67,77,33.43,65.93,1633179125618,"2021-10-02T18:22:05+05:30"
45,68,76,33.53,66.12,1633179156239,"2021-10-02T18:22:36+05:30"
46,70,79,33.54,66.42,1633179186772,"2021-10-02T18:23:06+05:30"
44,67,76,33.51,64.54,1633179217356,"2021-10-02T18:23:37+05:30"
44,67,75,33.38,64.73,1633179248017,"2021-10-02T18:24:08+05:30"
46,69,78,33.28,64.98,1633179278593,"2021-10-02T18:24:38+05:30"
44,66,76,33.28,65.79,1633179309170,"2021-10-02T18:25:09+05:30"
44,68,79,33.35,65.28,1633179339752,"2021-10-02T18:25:39+05:30"
48,76,85,33.39,65.34,1633179370455,"2021-10-02T18:26:10+05:30"
47,70,78,33.48,64.84,1633179400910,"2021-10-02T18:26:40+05:30"
44,67,76,33.47,64.74,1633179431504,"2021-10-02T18:27:11+05:30"
46,68,77,33.5,64.58,1633179462216,"2021-10-02T18:27:42+05:30"
44,67,77,33.44,64.83,1633179492681,"2021-10-02T18:28:12+05:30"
44,66,75,33.42,65.19,1633179523248,"2021-10-02T18:28:43+05:30"
43,66,75,33.5,65.96,1633179553819,"2021-10-02T18:29:13+05:30"
41,63,74,33.46,64.52,1633179584624,"2021-10-02T18:29:44+05:30"
42,63,74,33.28,63.3,1633179615018,"2021-10-02T18:30:15+05:30"
42,62,74,33.25,64.82,1633179645589,"2021-10-02T18:30:45+05:30"
43,60,72,33.13,64.67,1633179676155,"2021-10-02T18:31:16+05:30"
41,64,75,33.13,65.31,1633179706772,"2021-10-02T18:31:46+05:30"
43,66,76,33.23,65.85,1633179737441,"2021-10-02T18:32:17+05:30"
46,68,77,33.34,65.46,1633179767932,"2021-10-02T18:32:47+05:30"
44,67,75,33.29,65.96,1633179798529,"2021-10-02T18:33:18+05:30"
44,66,75,33.25,64.82,1633179829129,"2021-10-02T18:33:49+05:30"
44,70,78,33.19,65.08,1633179859697,"2021-10-02T18:34:19+05:30"
44,69,79,33.2,65.9,1633179890252,"2021-10-02T18:34:50+05:30"
44,67,77,33.14,65.92,1633179920868,"2021-10-02T18:35:20+05:30"
45,66,77,33.08,64.72,1633179949923,"2021-10-02T18:35:49+05:30"
45,68,78,33.07,66.74,1633179980184,"2021-10-02T18:36:20+05:30"
43,66,77,33.09,65.7,1633180010905,"2021-10-02T18:36:50+05:30"
45,69,79,33.11,66.94,1633180041425,"2021-10-02T18:37:21+05:30"
45,68,76,33.15,66.63,1633180071937,"2021-10-02T18:37:51+05:30"
43,65,75,33.21,65.74,1633180102610,"2021-10-02T18:38:22+05:30"
43,67,76,33.24,65.53,1633180133138,"2021-10-02T18:38:53+05:30"
41,65,74,33.27,65.18,1633180163701,"2021-10-02T18:39:23+05:30"
43,65,76,33.23,65.19,1633180194281,"2021-10-02T18:39:54+05:30"
43,65,77,33.21,66.05,1633180224907,"2021-10-02T18:40:24+05:30"
44,68,76,33.31,66.65,1633180255472,"2021-10-02T18:40:55+05:30"
43,65,74,33.28,64.83,1633180286042,"2021-10-02T18:41:26+05:30"
41,61,73,33.13,65.35,1633180316616,"2021-10-02T18:41:56+05:30"
42,64,74,33.15,66.28,1633180347361,"2021-10-02T18:42:27+05:30"
43,65,75,33.22,66.35,1633180378302,"2021-10-02T18:42:58+05:30"
43,66,77,33.18,66.46,1633180409380,"2021-10-02T18:43:29+05:30"
43,64,75,33.19,66.75,1633180439947,"2021-10-02T18:43:59+05:30"
44,68,78,33.13,65.54,1633180471078,"2021-10-02T18:44:31+05:30"
41,65,75,33.01,65.05,1633180501298,"2021-10-02T18:45:01+05:30"
44,66,75,33.05,66.68,1633180532135,"2021-10-02T18:45:32+05:30"
44,66,76,33.04,66.37,1633180562455,"2021-10-02T18:46:02+05:30"
45,72,80,33,66.58,1633180593222,"2021-10-02T18:46:33+05:30"
46,68,76,33.02,67.22,1633180623785,"2021-10-02T18:47:03+05:30"
43,66,75,33.17,67.02,1633180654390,"2021-10-02T18:47:34+05:30"
45,70,78,33.18,66.35,1633180685503,"2021-10-02T18:48:05+05:30"
47,74,80,33.22,66.45,1633180715827,"2021-10-02T18:48:35+05:30"
48,73,79,33.24,66.62,1633180746628,"2021-10-02T18:49:06+05:30"
49,76,83,33.13,66.95,1633180777408,"2021-10-02T18:49:37+05:30"
50,75,81,33.07,66.95,1633180808038,"2021-10-02T18:50:08+05:30"
49,72,78,33.12,66.61,1633180869302,"2021-10-02T18:51:09+05:30"
50,75,83,33.06,65.75,1633180900236,"2021-10-02T18:51:40+05:30"
47,73,81,33.02,66.97,1633180930740,"2021-10-02T18:52:10+05:30"
46,72,80,33.09,67.57,1633180961319,"2021-10-02T18:52:41+05:30"
47,71,78,33.04,66.7,1633180991882,"2021-10-02T18:53:11+05:30"
45,70,77,32.94,66.38,1633181022871,"2021-10-02T18:53:42+05:30"
46,70,79,32.99,67.04,1633181053059,"2021-10-02T18:54:13+05:30"
44,68,77,33.01,67.82,1633181083651,"2021-10-02T18:54:43+05:30"
46,69,77,33.11,67.4,1633181114209,"2021-10-02T18:55:14+05:30"
46,68,77,33.11,67.2,1633181144797,"2021-10-02T18:55:44+05:30"
47,73,82,33.17,66.57,1633181175399,"2021-10-02T18:56:15+05:30"
51,79,89,33.15,66.35,1633181205991,"2021-10-02T18:56:45+05:30"
49,76,85,33.12,66.79,1633181236631,"2021-10-02T18:57:16+05:30"
47,72,79,33.04,66.88,1633181267420,"2021-10-02T18:57:47+05:30"
49,74,80,33.11,66.64,1633181297775,"2021-10-02T18:58:17+05:30"
48,74,80,33.16,67.11,1633181328348,"2021-10-02T18:58:48+05:30"
46,71,78,33.04,65.82,1633181358964,"2021-10-02T18:59:18+05:30"
46,72,81,32.97,66.66,1633181389528,"2021-10-02T18:59:49+05:30"
48,75,81,33.01,67.83,1633181420121,"2021-10-02T19:00:20+05:30"
55,84,91,33.16,67.28,1633181450794,"2021-10-02T19:00:50+05:30"
49,78,88,33.08,66.81,1633181481766,"2021-10-02T19:01:21+05:30"
50,78,86,32.96,67.5,1633181512303,"2021-10-02T19:01:52+05:30"
53,83,89,32.96,65.75,1633181542996,"2021-10-02T19:02:22+05:30"
61,91,99,32.92,66.4,1633181573674,"2021-10-02T19:02:53+05:30"
61,94,106,33.01,67.68,1633181604655,"2021-10-02T19:03:24+05:30"
58,92,108,33.11,67.35,1633181635182,"2021-10-02T19:03:55+05:30"
56,88,98,33.1,65.91,1633181665743,"2021-10-02T19:04:25+05:30"
52,80,85,32.99,66.16,1633181696335,"2021-10-02T19:04:56+05:30"
51,79,89,32.96,66.68,1633181726919,"2021-10-02T19:05:26+05:30"
52,83,92,32.87,66.53,1633181758160,"2021-10-02T19:05:58+05:30"
54,82,92,32.82,66.7,1633181788256,"2021-10-02T19:06:28+05:30"
55,85,96,32.84,67.85,1633181818844,"2021-10-02T19:06:58+05:30"
56,89,104,32.83,66.67,1633181849536,"2021-10-02T19:07:29+05:30"
58,89,102,32.96,67.3,1633181880514,"2021-10-02T19:08:00+05:30"
56,87,97,32.96,67.36,1633181911024,"2021-10-02T19:08:31+05:30"
57,87,97,33,67.99,1633181941750,"2021-10-02T19:09:01+05:30"
55,87,98,33.01,67.94,1633181972343,"2021-10-02T19:09:32+05:30"
55,83,92,33.04,67.66,1633182002916,"2021-10-02T19:10:02+05:30"
57,86,95,33.09,67.14,1633182033542,"2021-10-02T19:10:33+05:30"
55,87,96,32.97,67.71,1633182064087,"2021-10-02T19:11:04+05:30"
56,87,97,32.91,68.49,1633182094669,"2021-10-02T19:11:34+05:30"
61,95,104,33.04,68.73,1633182125242,"2021-10-02T19:12:05+05:30"
58,88,94,33.02,68.93,1633182155862,"2021-10-02T19:12:35+05:30"
58,87,95,33.01,68.52,1633182186426,"2021-10-02T19:13:06+05:30"
63,99,111,32.97,67.89,1633182217287,"2021-10-02T19:13:37+05:30"
64,97,106,32.96,68.44,1633182247983,"2021-10-02T19:14:07+05:30"
58,92,100,33.01,68.12,1633182278812,"2021-10-02T19:14:38+05:30"
55,85,92,32.93,67.59,1633182309652,"2021-10-02T19:15:09+05:30"
54,82,91,32.87,68.28,1633182341149,"2021-10-02T19:15:41+05:30"
57,86,92,32.76,69.06,1633182371425,"2021-10-02T19:16:11+05:30"
56,88,95,32.8,69.48,1633182401846,"2021-10-02T19:16:41+05:30"
55,84,86,32.77,69.02,1633182432347,"2021-10-02T19:17:12+05:30"
52,81,89,32.69,67.43,1633182462947,"2021-10-02T19:17:42+05:30"
55,83,88,32.68,68.86,1633182493516,"2021-10-02T19:18:13+05:30"
56,86,94,32.67,69.29,1633182524078,"2021-10-02T19:18:44+05:30"
57,86,96,32.76,69.89,1633182554668,"2021-10-02T19:19:14+05:30"
58,88,97,32.89,69.06,1633182585246,"2021-10-02T19:19:45+05:30"
61,93,101,32.92,68.9,1633182615958,"2021-10-02T19:20:15+05:30"
58,89,93,32.92,68.65,1633182647461,"2021-10-02T19:20:47+05:30"
56,84,91,32.96,68.96,1633182677558,"2021-10-02T19:21:17+05:30"
55,81,91,32.94,68.94,1633182708259,"2021-10-02T19:21:48+05:30"
55,82,90,32.98,68.58,1633182738885,"2021-10-02T19:22:18+05:30"
57,88,95,32.97,69.48,1633182769429,"2021-10-02T19:22:49+05:30"
53,81,93,32.88,68.65,1633182800003,"2021-10-02T19:23:20+05:30"
55,87,95,32.9,69.37,1633182831016,"2021-10-02T19:23:51+05:30"
55,83,91,32.95,69.47,1633182861175,"2021-10-02T19:24:21+05:30"
55,86,96,32.91,69.91,1633182891771,"2021-10-02T19:24:51+05:30"
57,86,94,32.82,69.05,1633182922328,"2021-10-02T19:25:22+05:30"
55,84,90,32.86,69.79,1633182952893,"2021-10-02T19:25:52+05:30"
56,84,92,32.85,69.19,1633182983495,"2021-10-02T19:26:23+05:30"
52,81,91,32.79,68.73,1633183014083,"2021-10-02T19:26:54+05:30"
53,83,93,32.83,68.66,1633183044669,"2021-10-02T19:27:24+05:30"
52,77,84,32.95,69.19,1633183075233,"2021-10-02T19:27:55+05:30"
53,80,86,32.92,68.73,1633183106107,"2021-10-02T19:28:26+05:30"
52,80,87,32.98,69.06,1633183136424,"2021-10-02T19:28:56+05:30"
54,85,94,33.03,68.55,1633183166987,"2021-10-02T19:29:26+05:30"
54,84,90,32.98,69.01,1633183197552,"2021-10-02T19:29:57+05:30"
54,83,94,32.9,68.62,1633183228167,"2021-10-02T19:30:28+05:30"
55,84,92,32.84,69,1633183258752,"2021-10-02T19:30:58+05:30"
52,81,88,32.73,69.2,1633183289317,"2021-10-02T19:31:29+05:30"
51,79,85,32.68,68.96,1633183319882,"2021-10-02T19:31:59+05:30"
52,81,87,32.84,69.97,1633183350494,"2021-10-02T19:32:30+05:30"
55,85,93,32.94,70.12,1633183381252,"2021-10-02T19:33:01+05:30"
57,85,93,32.97,69.77,1633183411653,"2021-10-02T19:33:31+05:30"
55,82,91,32.85,69.5,1633183442218,"2021-10-02T19:34:02+05:30"
55,83,91,32.75,69.53,1633183472858,"2021-10-02T19:34:32+05:30"
57,87,94,32.73,70.08,1633183503539,"2021-10-02T19:35:03+05:30"
56,87,93,32.79,69.86,1633183533976,"2021-10-02T19:35:33+05:30"
55,84,92,32.73,69.39,1633183568834,"2021-10-02T19:36:08+05:30"
56,87,98,32.86,70.29,1633183598930,"2021-10-02T19:36:38+05:30"
63,94,102,32.78,69.5,1633183629507,"2021-10-02T19:37:09+05:30"
61,94,105,32.66,69.26,1633183660109,"2021-10-02T19:37:40+05:30"
60,95,106,32.59,69.98,1633183690702,"2021-10-02T19:38:10+05:30"
62,95,101,32.57,69.86,1633183721284,"2021-10-02T19:38:41+05:30"
56,87,95,32.64,70.31,1633183751890,"2021-10-02T19:39:11+05:30"
57,86,94,32.54,69.3,1633183782480,"2021-10-02T19:39:42+05:30"
56,87,97,32.47,69.23,1633183813113,"2021-10-02T19:40:13+05:30"
57,86,94,32.49,70.84,1633183843607,"2021-10-02T19:40:43+05:30"
58,89,98,32.51,70.13,1633183874224,"2021-10-02T19:41:14+05:30"
57,90,100,32.45,70.22,1633183904806,"2021-10-02T19:41:44+05:30"
56,90,101,32.39,70.32,1633183935404,"2021-10-02T19:42:15+05:30"
55,84,93,32.4,70.39,1633183966124,"2021-10-02T19:42:46+05:30"
56,84,87,32.41,69.93,1633183996588,"2021-10-02T19:43:16+05:30"
57,86,96,32.56,71.06,1633184027146,"2021-10-02T19:43:47+05:30"
55,84,90,32.53,69.66,1633184057764,"2021-10-02T19:44:17+05:30"
54,82,90,32.49,69.83,1633184088323,"2021-10-02T19:44:48+05:30"
52,79,86,32.53,69.86,1633184118930,"2021-10-02T19:45:18+05:30"
55,83,89,32.47,70.44,1633184149488,"2021-10-02T19:45:49+05:30"
55,84,91,32.52,70.88,1633184180052,"2021-10-02T19:46:20+05:30"
54,80,89,32.45,70.4,1633184210955,"2021-10-02T19:46:50+05:30"
54,82,93,32.43,69.48,1633184241531,"2021-10-02T19:47:21+05:30"
55,84,92,32.41,70.25,1633184272088,"2021-10-02T19:47:52+05:30"
55,82,90,32.37,71.16,1633184302705,"2021-10-02T19:48:22+05:30"
51,77,84,32.32,70.99,1633184333295,"2021-10-02T19:48:53+05:30"
52,81,88,32.3,71.44,1633184363865,"2021-10-02T19:49:23+05:30"
53,81,88,32.31,70.93,1633184394446,"2021-10-02T19:49:54+05:30"
53,80,89,32.45,70.86,1633184425029,"2021-10-02T19:50:25+05:30"
52,79,86,32.45,70.56,1633184450882,"2021-10-02T19:50:50+05:30"
52,82,88,32.39,70.47,1633184481442,"2021-10-02T19:51:21+05:30"
52,81,87,32.38,70.47,1633184512014,"2021-10-02T19:51:52+05:30"
53,82,89,32.32,70.11,1633184542770,"2021-10-02T19:52:22+05:30"
53,80,88,32.28,70.62,1633184573462,"2021-10-02T19:52:53+05:30"
52,80,89,32.21,69.94,1633184604031,"2021-10-02T19:53:24+05:30"
52,81,86,32.14,70.7,1633184634610,"2021-10-02T19:53:54+05:30"
51,79,86,32.17,71.32,1633184665292,"2021-10-02T19:54:25+05:30"
52,82,91,32.3,72.06,1633184695889,"2021-10-02T19:54:55+05:30"
53,83,93,32.44,71.52,1633184726742,"2021-10-02T19:55:26+05:30"
54,87,96,32.5,71.29,1633184757600,"2021-10-02T19:55:57+05:30"
52,82,89,32.44,70.1,1633184788467,"2021-10-02T19:56:28+05:30"
50,77,86,32.34,69.12,1633184819594,"2021-10-02T19:56:59+05:30"
51,79,89,32.46,71.63,1633184849695,"2021-10-02T19:57:29+05:30"
56,87,92,32.53,71.81,1633184880454,"2021-10-02T19:58:00+05:30"
52,81,88,32.49,70.49,1633184911564,"2021-10-02T19:58:31+05:30"
53,83,91,32.43,70.82,1633184942113,"2021-10-02T19:59:02+05:30"
53,79,88,32.43,71.33,1633184972719,"2021-10-02T19:59:32+05:30"
51,78,83,32.33,69.43,1633185003332,"2021-10-02T20:00:03+05:30"
49,74,82,32.21,68.4,1633185033842,"2021-10-02T20:00:33+05:30"
52,77,85,32.27,70.95,1633185064566,"2021-10-02T20:01:04+05:30"
52,80,86,32.38,71.61,1633185095086,"2021-10-02T20:01:35+05:30"
54,84,89,32.47,71.88,1633185127309,"2021-10-02T20:02:07+05:30"
53,79,86,32.5,72.05,1633185156288,"2021-10-02T20:02:36+05:30"
52,79,84,32.43,69.98,1633185186855,"2021-10-02T20:03:06+05:30"
51,77,85,32.32,69.47,1633185217406,"2021-10-02T20:03:37+05:30"
51,79,87,32.29,70.21,1633185248013,"2021-10-02T20:04:08+05:30"
52,83,92,32.24,70.04,1633185278722,"2021-10-02T20:04:38+05:30"
52,81,87,32.15,70.17,1633185309215,"2021-10-02T20:05:09+05:30"
52,81,90,32.23,71.8,1633185339743,"2021-10-02T20:05:39+05:30"
54,83,90,32.31,71.14,1633185369504,"2021-10-02T20:06:09+05:30"
55,84,89,32.36,72.22,1633185400765,"2021-10-02T20:06:40+05:30"
54,81,91,32.34,71.4,1633185430995,"2021-10-02T20:07:10+05:30"
53,81,88,32.22,70.39,1633185461596,"2021-10-02T20:07:41+05:30"
55,83,90,32.22,71.46,1633185492161,"2021-10-02T20:08:12+05:30"
51,77,87,32.14,69.71,1633185522776,"2021-10-02T20:08:42+05:30"
52,79,85,32.24,71.24,1633185553320,"2021-10-02T20:09:13+05:30"
53,82,87,32.21,70.89,1633185583922,"2021-10-02T20:09:43+05:30"
52,79,86,32.24,72.1,1633185614637,"2021-10-02T20:10:14+05:30"
54,84,90,32.33,72.5,1633185645091,"2021-10-02T20:10:45+05:30"
53,83,92,32.31,70.98,1633185675650,"2021-10-02T20:11:15+05:30"
55,80,91,32.26,70.84,1633185706243,"2021-10-02T20:11:46+05:30"
53,83,92,32.21,71.69,1633185736813,"2021-10-02T20:12:16+05:30"
54,83,91,32.15,71.58,1633185767410,"2021-10-02T20:12:47+05:30"
52,79,85,32.05,71.26,1633185797980,"2021-10-02T20:13:17+05:30"
53,83,90,32.13,72.42,1633185828708,"2021-10-02T20:13:48+05:30"
55,81,88,32.23,72.48,1633185859395,"2021-10-02T20:14:19+05:30"
53,83,89,32.24,73.2,1633185890114,"2021-10-02T20:14:50+05:30"
51,80,88,32.14,71.33,1633185921183,"2021-10-02T20:15:21+05:30"
52,79,85,32,70.9,1633185951334,"2021-10-02T20:15:51+05:30"
52,80,86,32.05,72.16,1633185981919,"2021-10-02T20:16:21+05:30"
52,80,90,32.03,71.3,1633186012764,"2021-10-02T20:16:52+05:30"
55,87,95,32.08,72.33,1633186043309,"2021-10-02T20:17:23+05:30"
52,79,89,32.05,72.13,1633186074038,"2021-10-02T20:17:54+05:30"
53,82,87,32.01,72.78,1633186104607,"2021-10-02T20:18:24+05:30"
53,82,89,32.01,72.79,1633186135191,"2021-10-02T20:18:55+05:30"
51,78,88,32.01,71.53,1633186165955,"2021-10-02T20:19:25+05:30"
53,80,86,32.16,72.24,1633186196547,"2021-10-02T20:19:56+05:30"
51,80,86,32.18,72.24,1633186227107,"2021-10-02T20:20:27+05:30"
52,80,88,32.14,71.64,1633186257300,"2021-10-02T20:20:57+05:30"
51,78,83,32.17,72.41,1633186288272,"2021-10-02T20:21:28+05:30"
54,81,87,32.21,72.98,1633186319227,"2021-10-02T20:21:59+05:30"
52,80,87,32.33,72.38,1633186349608,"2021-10-02T20:22:29+05:30"
56,89,99,32.36,72.19,1633186380177,"2021-10-02T20:23:00+05:30"
54,83,91,32.36,71.34,1633186410785,"2021-10-02T20:23:30+05:30"
54,80,87,32.34,71.67,1633186441623,"2021-10-02T20:24:01+05:30"
53,78,84,32.32,72.68,1633186471932,"2021-10-02T20:24:31+05:30"
53,81,87,32.32,72.57,1633186502505,"2021-10-02T20:25:02+05:30"
51,78,84,32.38,72.64,1633186533554,"2021-10-02T20:25:33+05:30"
51,78,86,32.29,72.76,1633186563918,"2021-10-02T20:26:03+05:30"
50,79,90,32.26,73.13,1633186594491,"2021-10-02T20:26:34+05:30"
51,79,88,32.21,71.75,1633186625067,"2021-10-02T20:27:05+05:30"
50,76,85,32.05,69.35,1633186655636,"2021-10-02T20:27:35+05:30"
49,78,85,31.93,70.32,1633186686274,"2021-10-02T20:28:06+05:30"
50,75,84,31.97,71.76,1633186716843,"2021-10-02T20:28:36+05:30"
49,76,85,31.95,71.28,1633186747597,"2021-10-02T20:29:07+05:30"
51,77,85,31.99,73.42,1633186777984,"2021-10-02T20:29:37+05:30"
52,81,86,31.99,72.96,1633186808655,"2021-10-02T20:30:08+05:30"
51,78,84,31.93,71.43,1633186839257,"2021-10-02T20:30:39+05:30"
50,78,88,31.88,72.14,1633186869830,"2021-10-02T20:31:09+05:30"
51,79,86,31.88,72.57,1633186900414,"2021-10-02T20:31:40+05:30"
51,81,89,31.97,72.77,1633186930989,"2021-10-02T20:32:10+05:30"
54,80,87,31.97,72.54,1633186961591,"2021-10-02T20:32:41+05:30"
50,76,85,31.92,72.26,1633186992183,"2021-10-02T20:33:12+05:30"
49,79,86,31.85,72.95,1633187022746,"2021-10-02T20:33:42+05:30"
51,78,85,31.85,73.21,1633187053336,"2021-10-02T20:34:13+05:30"
51,80,87,31.9,72.58,1633187083908,"2021-10-02T20:34:43+05:30"
52,78,85,31.86,72.83,1633187114632,"2021-10-02T20:35:14+05:30"
53,83,92,31.83,72.37,1633187153528,"2021-10-02T20:35:53+05:30"
52,77,87,31.81,73.58,1633187183888,"2021-10-02T20:36:23+05:30"
53,79,87,31.79,71.53,1633187214316,"2021-10-02T20:36:54+05:30"
49,77,84,31.84,72.68,1633187244939,"2021-10-02T20:37:24+05:30"
53,82,89,31.95,72.57,1633187275454,"2021-10-02T20:37:55+05:30"
52,80,86,32.05,73.36,1633187306169,"2021-10-02T20:38:26+05:30"
53,83,90,32.13,72.82,1633187336946,"2021-10-02T20:38:56+05:30"
52,80,88,32.04,71.53,1633187367405,"2021-10-02T20:39:27+05:30"
51,80,87,32.03,72.8,1633187398134,"2021-10-02T20:39:58+05:30"
52,79,88,32.14,72.94,1633187418796,"2021-10-02T20:40:18+05:30"
51,76,86,32.1,71.88,1633187449801,"2021-10-02T20:40:49+05:30"
50,78,85,32.04,71.91,1633187480345,"2021-10-02T20:41:20+05:30"
50,77,85,31.98,72.04,1633187511312,"2021-10-02T20:41:51+05:30"
51,79,84,31.96,71.93,1633187541978,"2021-10-02T20:42:21+05:30"
52,78,86,32.04,73.32,1633187572839,"2021-10-02T20:42:52+05:30"
53,81,85,32.13,72.95,1633187603275,"2021-10-02T20:43:23+05:30"
53,79,84,32.07,72.22,1633187633890,"2021-10-02T20:43:53+05:30"
52,80,87,32.01,72.83,1633187664502,"2021-10-02T20:44:24+05:30"
55,83,90,32.09,73.39,1633187695014,"2021-10-02T20:44:55+05:30"
54,83,95,32.16,72.46,1633187725597,"2021-10-02T20:45:25+05:30"
56,83,93,32.22,72.5,1633187756195,"2021-10-02T20:45:56+05:30"
53,79,87,32.21,72.54,1633187786768,"2021-10-02T20:46:26+05:30"
54,83,92,32.14,72.58,1633187817340,"2021-10-02T20:46:57+05:30"
54,80,87,32.11,71.82,1633187847943,"2021-10-02T20:47:27+05:30"
55,85,95,32.11,70.66,1633187878529,"2021-10-02T20:47:58+05:30"
58,89,98,32.19,72.6,1633187909104,"2021-10-02T20:48:29+05:30"
57,86,92,32.18,72.63,1633187939679,"2021-10-02T20:48:59+05:30"
58,89,95,32.14,73,1633187970289,"2021-10-02T20:49:30+05:30"
55,86,95,32.05,71.46,1633188000850,"2021-10-02T20:50:00+05:30"
58,87,95,32.1,72.49,1633188031433,"2021-10-02T20:50:31+05:30"
59,90,97,32.18,72.41,1633188061407,"2021-10-02T20:51:01+05:30"
61,91,102,32.19,73.15,1633188091702,"2021-10-02T20:51:31+05:30"
59,91,100,32.22,72.48,1633188122454,"2021-10-02T20:52:02+05:30"
59,93,99,32.26,71.72,1633188153075,"2021-10-02T20:52:33+05:30"
58,87,98,32.33,72.08,1633188183875,"2021-10-02T20:53:03+05:30"
60,92,102,32.35,72.36,1633188214447,"2021-10-02T20:53:34+05:30"
58,89,96,32.29,72.88,1633188245061,"2021-10-02T20:54:05+05:30"
56,84,94,32.18,72.49,1633188276189,"2021-10-02T20:54:36+05:30"
57,85,93,32.17,72.7,1633188306621,"2021-10-02T20:55:06+05:30"
58,88,95,32.22,73.32,1633188337213,"2021-10-02T20:55:37+05:30"
57,88,94,32.16,72.8,1633188368335,"2021-10-02T20:56:08+05:30"
56,85,92,32.15,72.95,1633188398735,"2021-10-02T20:56:38+05:30"
54,81,90,32.03,72.23,1633188429531,"2021-10-02T20:57:09+05:30"
58,87,99,31.99,73.07,1633188460109,"2021-10-02T20:57:40+05:30"
56,84,92,31.9,71.32,1633188490688,"2021-10-02T20:58:10+05:30"
55,83,93,31.84,72,1633188521255,"2021-10-02T20:58:41+05:30"
57,88,97,31.96,73.27,1633188551854,"2021-10-02T20:59:11+05:30"
55,84,92,31.93,72.7,1633188582437,"2021-10-02T20:59:42+05:30"
55,83,90,31.9,73.02,1633188613487,"2021-10-02T21:00:13+05:30"
54,83,89,31.85,72.95,1633188643901,"2021-10-02T21:00:43+05:30"
54,83,90,31.85,73.42,1633188674484,"2021-10-02T21:01:14+05:30"
56,86,92,31.89,73.78,1633188705053,"2021-10-02T21:01:45+05:30"
58,89,95,31.96,73.94,1633188735681,"2021-10-02T21:02:15+05:30"
60,90,96,31.92,73.21,1633188766255,"2021-10-02T21:02:46+05:30"
58,87,95,31.91,73.37,1633188796809,"2021-10-02T21:03:16+05:30"
56,87,95,31.85,72.67,1633188827403,"2021-10-02T21:03:47+05:30"
59,89,97,31.78,72.04,1633188857940,"2021-10-02T21:04:17+05:30"
57,86,94,31.76,72.54,1633188888566,"2021-10-02T21:04:48+05:30"
59,91,100,31.89,73.75,1633188919140,"2021-10-02T21:05:19+05:30"
57,88,97,31.92,73.49,1633188949411,"2021-10-02T21:05:49+05:30"
57,91,97,31.89,73.1,1633188980222,"2021-10-02T21:06:20+05:30"
55,85,94,31.79,72.75,1633189010984,"2021-10-02T21:06:50+05:30"
59,91,99,31.78,73.49,1633189041597,"2021-10-02T21:07:21+05:30"
56,88,95,31.91,73.64,1633189072768,"2021-10-02T21:07:52+05:30"
60,89,99,31.96,73.63,1633189102954,"2021-10-02T21:08:22+05:30"
57,91,100,32,73.58,1633189133712,"2021-10-02T21:08:53+05:30"
54,83,90,31.97,71.14,1633189164415,"2021-10-02T21:09:24+05:30"
55,84,93,31.91,71.96,1633189195139,"2021-10-02T21:09:55+05:30"
55,84,94,31.95,72.96,1633189225730,"2021-10-02T21:10:25+05:30"
56,86,92,31.99,73.17,1633189256344,"2021-10-02T21:10:56+05:30"
56,86,94,31.94,72.48,1633189286907,"2021-10-02T21:11:26+05:30"
57,89,96,32.01,73.63,1633189317458,"2021-10-02T21:11:57+05:30"
59,87,93,31.96,72.79,1633189348070,"2021-10-02T21:12:28+05:30"
57,89,99,31.9,73.51,1633189378698,"2021-10-02T21:12:58+05:30"
58,87,95,31.82,73.74,1633189409226,"2021-10-02T21:13:29+05:30"
59,90,97,31.87,73.63,1633189439809,"2021-10-02T21:13:59+05:30"
60,89,96,31.99,73.91,1633189470402,"2021-10-02T21:14:30+05:30"
58,89,97,31.94,72.44,1633189501117,"2021-10-02T21:15:01+05:30"
59,91,99,31.97,73.2,1633189532155,"2021-10-02T21:15:32+05:30"
58,91,101,32.08,72.65,1633189562478,"2021-10-02T21:16:02+05:30"
59,96,114,32.18,71.93,1633189593069,"2021-10-02T21:16:33+05:30"
59,92,105,32.28,72.25,1633189623685,"2021-10-02T21:17:03+05:30"
58,89,104,32.36,71.59,1633189654269,"2021-10-02T21:17:34+05:30"
57,90,99,32.27,72.08,1633189684842,"2021-10-02T21:18:04+05:30"
58,90,97,32.27,72.96,1633189715450,"2021-10-02T21:18:35+05:30"
58,91,102,32.28,72.37,1633189746053,"2021-10-02T21:19:06+05:30"
60,93,101,32.17,71.95,1633189776638,"2021-10-02T21:19:36+05:30"
59,88,95,32.13,72.5,1633189807284,"2021-10-02T21:20:07+05:30"
58,93,103,32.21,72.86,1633189837814,"2021-10-02T21:20:37+05:30"
56,88,96,32.27,72.44,1633189869510,"2021-10-02T21:21:09+05:30"
58,91,99,32.31,72.1,1633189899972,"2021-10-02T21:21:39+05:30"
58,86,94,32.31,71.77,1633189930591,"2021-10-02T21:22:10+05:30"
60,91,98,32.23,72.43,1633189961177,"2021-10-02T21:22:41+05:30"
61,92,99,32.27,73.01,1633189991760,"2021-10-02T21:23:11+05:30"
57,87,97,32.27,72.05,1633190022325,"2021-10-02T21:23:42+05:30"
59,90,97,32.17,72.31,1633190053034,"2021-10-02T21:24:13+05:30"
60,90,98,32.15,72.63,1633190083523,"2021-10-02T21:24:43+05:30"
57,87,99,32.11,72.35,1633190114398,"2021-10-02T21:25:14+05:30"
57,88,95,32.11,72.41,1633190144974,"2021-10-02T21:25:44+05:30"
59,91,99,31.98,73.39,1633190175544,"2021-10-02T21:26:15+05:30"
57,92,101,31.89,73.84,1633190206114,"2021-10-02T21:26:46+05:30"
59,88,92,31.93,73.69,1633190236707,"2021-10-02T21:27:16+05:30"
57,88,95,31.88,73.68,1633190267274,"2021-10-02T21:27:47+05:30"
59,91,100,31.8,74.19,1633190298007,"2021-10-02T21:28:18+05:30"
58,89,97,31.79,73.91,1633190328464,"2021-10-02T21:28:48+05:30"
60,90,100,31.8,74.19,1633190359084,"2021-10-02T21:29:19+05:30"
60,91,97,31.79,74.2,1633190389650,"2021-10-02T21:29:49+05:30"
58,90,98,31.72,74.31,1633190420267,"2021-10-02T21:30:20+05:30"
60,93,103,31.75,74.4,1633190450802,"2021-10-02T21:30:50+05:30"
58,91,97,31.71,74.6,1633190481460,"2021-10-02T21:31:21+05:30"
58,90,98,31.71,74.9,1633190511988,"2021-10-02T21:31:51+05:30"
60,92,101,31.71,74.96,1633190542566,"2021-10-02T21:32:22+05:30"
60,95,103,31.68,75.2,1633190573219,"2021-10-02T21:32:53+05:30"
59,91,98,31.62,75.3,1633190603756,"2021-10-02T21:33:23+05:30"
58,92,100,31.61,75.3,1633190634307,"2021-10-02T21:33:54+05:30"
58,87,96,31.6,75.16,1633190664948,"2021-10-02T21:34:24+05:30"
58,90,98,31.56,75.46,1633190695495,"2021-10-02T21:34:55+05:30"
58,89,95,31.51,75.83,1633190726109,"2021-10-02T21:35:26+05:30"
59,92,97,31.53,75.81,1633190754426,"2021-10-02T21:35:54+05:30"
59,90,98,31.65,75.38,1633190784752,"2021-10-02T21:36:24+05:30"
58,90,95,31.67,75.48,1633190815335,"2021-10-02T21:36:55+05:30"
59,93,107,31.66,75.52,1633190845933,"2021-10-02T21:37:25+05:30"
59,91,100,31.61,75.47,1633190876495,"2021-10-02T21:37:56+05:30"
58,89,99,31.6,75.37,1633190907091,"2021-10-02T21:38:27+05:30"
58,90,97,31.68,75.26,1633190937788,"2021-10-02T21:38:57+05:30"
59,92,99,31.73,75.14,1633190968264,"2021-10-02T21:39:28+05:30"
59,93,100,31.71,75.36,1633190998910,"2021-10-02T21:39:58+05:30"
58,87,92,31.67,75.71,1633191029396,"2021-10-02T21:40:29+05:30"
59,91,101,31.63,75.74,1633191060024,"2021-10-02T21:41:00+05:30"
59,91,98,31.67,75.27,1633191090591,"2021-10-02T21:41:30+05:30"
58,91,98,31.79,74.97,1633191121326,"2021-10-02T21:42:01+05:30"
59,93,100,31.77,75.43,1633191151780,"2021-10-02T21:42:31+05:30"
60,91,100,31.73,75.58,1633191182326,"2021-10-02T21:43:02+05:30"
59,89,96,31.73,75,1633191212936,"2021-10-02T21:43:32+05:30"
56,88,94,31.68,75.25,1633191243606,"2021-10-02T21:44:03+05:30"
57,89,95,31.67,75.48,1633191274179,"2021-10-02T21:44:34+05:30"
59,90,96,31.71,75.47,1633191304744,"2021-10-02T21:45:04+05:30"
59,92,97,31.78,74.93,1633191335400,"2021-10-02T21:45:35+05:30"
59,91,100,31.82,74.73,1633191365941,"2021-10-02T21:46:05+05:30"
59,93,102,31.91,74.65,1633191396555,"2021-10-02T21:46:36+05:30"
58,89,96,31.91,74.81,1633191427123,"2021-10-02T21:47:07+05:30"
59,91,101,31.87,75.18,1633191457707,"2021-10-02T21:47:37+05:30"
60,96,103,31.83,75.25,1633191488299,"2021-10-02T21:48:08+05:30"
61,91,99,31.91,74.93,1633191518961,"2021-10-02T21:48:38+05:30"
60,89,97,31.99,74.48,1633191549484,"2021-10-02T21:49:09+05:30"
60,91,96,31.91,74.89,1633191580174,"2021-10-02T21:49:40+05:30"
59,92,98,31.94,74.83,1633191610648,"2021-10-02T21:50:10+05:30"
60,92,102,31.99,74.68,1633191641311,"2021-10-02T21:50:41+05:30"
60,93,103,31.98,74.39,1633191671448,"2021-10-02T21:51:11+05:30"
61,91,101,31.97,74.67,1633191702053,"2021-10-02T21:51:42+05:30"
61,91,101,32.01,74.48,1633191732653,"2021-10-02T21:52:12+05:30"
58,90,97,32.07,74.25,1633191763225,"2021-10-02T21:52:43+05:30"
59,92,99,32.08,74.08,1633191793796,"2021-10-02T21:53:13+05:30"
60,91,97,32.11,74.16,1633191824549,"2021-10-02T21:53:44+05:30"
60,89,97,32.1,74.62,1633191854965,"2021-10-02T21:54:14+05:30"
61,94,103,32.04,74.68,1633191885561,"2021-10-02T21:54:45+05:30"
61,96,109,32.02,74.83,1633191916146,"2021-10-02T21:55:16+05:30"
63,95,107,31.96,75.25,1633191946808,"2021-10-02T21:55:46+05:30"
61,94,106,31.92,75.45,1633191977341,"2021-10-02T21:56:17+05:30"
60,89,100,31.88,75.66,1633192007928,"2021-10-02T21:56:47+05:30"
63,95,102,31.84,75.19,1633192038535,"2021-10-02T21:57:18+05:30"
62,94,101,31.8,75.17,1633192069116,"2021-10-02T21:57:49+05:30"
61,94,103,31.88,75.07,1633192099691,"2021-10-02T21:58:19+05:30"
61,96,106,31.88,75.22,1633192130272,"2021-10-02T21:58:50+05:30"
61,92,100,31.91,75.42,1633192160859,"2021-10-02T21:59:20+05:30"
61,95,103,31.97,74.81,1633192191456,"2021-10-02T21:59:51+05:30"
60,91,98,31.93,75.14,1633192222014,"2021-10-02T22:00:22+05:30"
60,91,99,31.93,75.12,1633192252653,"2021-10-02T22:00:52+05:30"
63,95,106,32,74.98,1633192283474,"2021-10-02T22:01:23+05:30"
62,93,102,31.98,74.93,1633192313808,"2021-10-02T22:01:53+05:30"
60,92,100,31.97,75.05,1633192344373,"2021-10-02T22:02:24+05:30"
61,94,103,31.95,74.96,1633192374976,"2021-10-02T22:02:54+05:30"
61,93,99,31.95,75.18,1633192405552,"2021-10-02T22:03:25+05:30"
59,88,98,31.97,75.25,1633192436128,"2021-10-02T22:03:56+05:30"
63,94,103,31.82,76.16,1633192466789,"2021-10-02T22:04:26+05:30"
61,94,98,31.75,76.17,1633192497299,"2021-10-02T22:04:57+05:30"
63,94,102,31.82,75.97,1633192527890,"2021-10-02T22:05:27+05:30"
63,96,105,31.81,75.94,1633192556442,"2021-10-02T22:05:56+05:30"
61,96,104,31.85,75.54,1633192586886,"2021-10-02T22:06:26+05:30"
61,93,104,31.87,74.56,1633192617700,"2021-10-02T22:06:57+05:30"
62,95,104,31.83,74.68,1633192648614,"2021-10-02T22:07:28+05:30"
64,94,104,31.81,75.71,1633192679183,"2021-10-02T22:07:59+05:30"
60,94,103,31.9,74.99,1633192709780,"2021-10-02T22:08:29+05:30"
63,95,104,32,75.11,1633192740339,"2021-10-02T22:09:00+05:30"
60,91,102,32.05,74.87,1633192770943,"2021-10-02T22:09:30+05:30"
60,90,98,32.01,75.06,1633192801533,"2021-10-02T22:10:01+05:30"
60,91,97,31.93,75.53,1633192832144,"2021-10-02T22:10:32+05:30"
60,90,99,31.99,75.39,1633192862714,"2021-10-02T22:11:02+05:30"
62,95,102,32.01,75.21,1633192893294,"2021-10-02T22:11:33+05:30"
64,96,106,31.96,75.58,1633192923877,"2021-10-02T22:12:03+05:30"
62,98,109,31.97,75.3,1633192954472,"2021-10-02T22:12:34+05:30"
61,94,108,31.98,75.18,1633192985057,"2021-10-02T22:13:05+05:30"
62,94,105,31.99,75.31,1633193015934,"2021-10-02T22:13:35+05:30"
59,94,103,31.98,75.08,1633193046510,"2021-10-02T22:14:06+05:30"
61,93,104,31.91,75.31,1633193077095,"2021-10-02T22:14:37+05:30"
60,93,103,31.89,75.68,1633193107693,"2021-10-02T22:15:07+05:30"
61,94,101,31.88,75.9,1633193138288,"2021-10-02T22:15:38+05:30"
63,96,103,31.85,75.56,1633193168874,"2021-10-02T22:16:08+05:30"
62,95,100,31.84,75.83,1633193199532,"2021-10-02T22:16:39+05:30"
62,94,104,31.84,75.61,1633193230092,"2021-10-02T22:17:10+05:30"
61,97,107,31.95,75.35,1633193260655,"2021-10-02T22:17:40+05:30"
62,96,106,32,75.26,1633193291253,"2021-10-02T22:18:11+05:30"
60,92,105,32.04,74.98,1633193321853,"2021-10-02T22:18:41+05:30"
63,97,108,31.95,75.51,1633193352442,"2021-10-02T22:19:12+05:30"
62,95,104,31.91,75.25,1633193383043,"2021-10-02T22:19:43+05:30"
62,95,100,31.89,75.32,1633193413708,"2021-10-02T22:20:13+05:30"
61,95,105,31.98,75.09,1633193473542,"2021-10-02T22:21:13+05:30"
61,93,103,31.95,75.29,1633193504176,"2021-10-02T22:21:44+05:30"
61,96,104,32,75.21,1633193534711,"2021-10-02T22:22:14+05:30"
60,91,99,32.02,75.13,1633193565288,"2021-10-02T22:22:45+05:30"
61,92,101,32.06,74.98,1633193596151,"2021-10-02T22:23:16+05:30"
61,93,106,32.06,74.89,1633193626561,"2021-10-02T22:23:46+05:30"
62,92,99,32.06,74.58,1633193657309,"2021-10-02T22:24:17+05:30"
62,94,103,32,74.9,1633193687671,"2021-10-02T22:24:47+05:30"
59,90,99,32.02,74.95,1633193718265,"2021-10-02T22:25:18+05:30"
60,91,101,31.96,75.13,1633193748870,"2021-10-02T22:25:48+05:30"
61,92,104,31.89,75.5,1633193779427,"2021-10-02T22:26:19+05:30"
61,91,100,31.96,75.18,1633193810359,"2021-10-02T22:26:50+05:30"
58,92,101,32.02,75.1,1633193840602,"2021-10-02T22:27:20+05:30"
57,89,98,31.98,75.59,1633193871183,"2021-10-02T22:27:51+05:30"
60,97,116,31.89,75.66,1633193901786,"2021-10-02T22:28:21+05:30"
57,89,102,31.93,74.95,1633193932374,"2021-10-02T22:28:52+05:30"
56,86,97,31.92,74.82,1633193963060,"2021-10-02T22:29:23+05:30"
54,84,96,31.88,74.74,1633193993566,"2021-10-02T22:29:53+05:30"
55,86,102,31.86,74.92,1633194024161,"2021-10-02T22:30:24+05:30"
55,90,110,31.87,74.78,1633194054765,"2021-10-02T22:30:54+05:30"
55,87,99,31.89,74.49,1633194085341,"2021-10-02T22:31:25+05:30"
53,82,96,31.84,75.06,1633194115940,"2021-10-02T22:31:55+05:30"
50,76,82,31.8,75.1,1633194146879,"2021-10-02T22:32:26+05:30"
49,77,84,31.85,74.45,1633194177501,"2021-10-02T22:32:57+05:30"
50,78,85,31.89,74.83,1633194208009,"2021-10-02T22:33:28+05:30"
50,78,88,31.83,75.39,1633194238769,"2021-10-02T22:33:58+05:30"
47,73,82,31.8,75.05,1633194269216,"2021-10-02T22:34:29+05:30"
52,81,99,31.77,75.27,1633194299804,"2021-10-02T22:34:59+05:30"
50,80,92,31.8,74.84,1633194330342,"2021-10-02T22:35:30+05:30"
49,77,89,31.78,75.41,1633194360257,"2021-10-02T22:36:00+05:30"
49,74,81,31.75,75.38,1633194390688,"2021-10-02T22:36:30+05:30"
45,72,80,31.77,75.36,1633194421374,"2021-10-02T22:37:01+05:30"
45,72,80,31.82,75.09,1633194452201,"2021-10-02T22:37:32+05:30"
46,72,80,31.79,75.35,1633194482698,"2021-10-02T22:38:02+05:30"
46,69,77,31.78,75.49,1633194513286,"2021-10-02T22:38:33+05:30"
46,74,82,31.78,75.64,1633194543943,"2021-10-02T22:39:03+05:30"
47,71,80,31.77,75.47,1633194574521,"2021-10-02T22:39:34+05:30"
45,71,80,31.82,75.28,1633194605153,"2021-10-02T22:40:05+05:30"
46,74,83,31.8,75.86,1633194635734,"2021-10-02T22:40:35+05:30"
45,70,78,31.83,75.69,1633194666358,"2021-10-02T22:41:06+05:30"
46,73,81,31.94,74.9,1633194696845,"2021-10-02T22:41:36+05:30"
46,70,80,31.97,75.14,1633194727430,"2021-10-02T22:42:07+05:30"
45,71,81,31.92,75.49,1633194758182,"2021-10-02T22:42:38+05:30"
47,72,83,31.82,76.04,1633194788598,"2021-10-02T22:43:08+05:30"
47,77,92,31.81,76.16,1633194819457,"2021-10-02T22:43:39+05:30"
54,101,142,31.79,76.12,1633194849765,"2021-10-02T22:44:09+05:30"
50,79,91,31.8,75.42,1633194880359,"2021-10-02T22:44:40+05:30"
48,75,86,31.79,75.46,1633194910932,"2021-10-02T22:45:10+05:30"
49,77,89,31.81,75.27,1633194941506,"2021-10-02T22:45:41+05:30"
52,81,94,31.82,74.84,1633194972102,"2021-10-02T22:46:12+05:30"
50,79,87,31.87,74.53,1633195002695,"2021-10-02T22:46:42+05:30"
52,81,88,31.9,74.5,1633195033255,"2021-10-02T22:47:13+05:30"
52,78,87,31.96,74.57,1633195063827,"2021-10-02T22:47:43+05:30"
50,78,87,31.89,75.24,1633195094534,"2021-10-02T22:48:14+05:30"
51,77,88,31.86,75.33,1633195125027,"2021-10-02T22:48:45+05:30"
49,78,85,31.85,75.27,1633195155589,"2021-10-02T22:49:15+05:30"
50,78,84,31.79,75.93,1633195186299,"2021-10-02T22:49:46+05:30"
53,79,89,31.67,76.87,1633195217163,"2021-10-02T22:50:17+05:30"
51,79,87,31.72,75.87,1633195252128,"2021-10-02T22:50:52+05:30"
50,79,87,31.82,75.75,1633195282824,"2021-10-02T22:51:22+05:30"
50,78,85,31.83,75.76,1633195313312,"2021-10-02T22:51:53+05:30"
53,80,88,31.73,76.56,1633195343873,"2021-10-02T22:52:23+05:30"
54,83,91,31.69,76.43,1633195374480,"2021-10-02T22:52:54+05:30"
52,81,90,31.7,76.52,1633195405162,"2021-10-02T22:53:25+05:30"
51,80,90,31.66,76.52,1633195435654,"2021-10-02T22:53:55+05:30"
50,79,90,31.66,76.4,1633195466218,"2021-10-02T22:54:26+05:30"
51,80,98,31.7,76.04,1633195496805,"2021-10-02T22:54:56+05:30"
53,87,112,31.73,75.87,1633195527399,"2021-10-02T22:55:27+05:30"
53,91,114,31.86,75.36,1633195558378,"2021-10-02T22:55:58+05:30"
51,81,91,31.85,75.82,1633195588603,"2021-10-02T22:56:28+05:30"
50,78,84,31.8,76.16,1633195619185,"2021-10-02T22:56:59+05:30"
51,79,86,31.79,75.85,1633195649758,"2021-10-02T22:57:29+05:30"
49,76,86,31.82,75.82,1633195680361,"2021-10-02T22:58:00+05:30"
55,89,107,31.76,76.48,1633195710957,"2021-10-02T22:58:30+05:30"
56,92,110,31.68,76.64,1633195741544,"2021-10-02T22:59:01+05:30"
55,92,111,31.63,76.75,1633195772140,"2021-10-02T22:59:32+05:30"
54,86,96,31.66,76.51,1633195802733,"2021-10-02T23:00:02+05:30"
53,84,91,31.72,76.4,1633195833434,"2021-10-02T23:00:33+05:30"
54,86,98,31.63,77.16,1633195853982,"2021-10-02T23:00:53+05:30"
54,86,101,31.71,76.25,1633195884574,"2021-10-02T23:01:24+05:30"
54,84,93,31.68,76.87,1633195915209,"2021-10-02T23:01:55+05:30"
54,82,91,31.63,76.62,1633195945908,"2021-10-02T23:02:25+05:30"
51,82,92,31.68,76.15,1633195976417,"2021-10-02T23:02:56+05:30"
53,84,92,31.68,76.32,1633196006984,"2021-10-02T23:03:26+05:30"
53,82,92,31.72,76.18,1633196037570,"2021-10-02T23:03:57+05:30"
53,83,91,31.76,76.07,1633196068154,"2021-10-02T23:04:28+05:30"
53,82,89,31.65,76.93,1633196098745,"2021-10-02T23:04:58+05:30"
52,79,87,31.57,77.33,1633196129395,"2021-10-02T23:05:29+05:30"
51,77,83,31.51,77.69,1633196158976,"2021-10-02T23:05:58+05:30"
49,77,84,31.56,77.15,1633196189733,"2021-10-02T23:06:29+05:30"
51,78,85,31.5,77.77,1633196220473,"2021-10-02T23:07:00+05:30"
50,77,85,31.49,77.62,1633196251196,"2021-10-02T23:07:31+05:30"
50,75,82,31.52,77.58,1633196282187,"2021-10-02T23:08:02+05:30"
48,78,86,31.64,76.68,1633196312737,"2021-10-02T23:08:32+05:30"
48,72,81,31.6,77.47,1633196343313,"2021-10-02T23:09:03+05:30"
49,76,84,31.57,77.76,1633196373883,"2021-10-02T23:09:33+05:30"
48,73,79,31.53,77.72,1633196404465,"2021-10-02T23:10:04+05:30"
49,74,83,31.6,76.91,1633196435175,"2021-10-02T23:10:35+05:30"
49,81,107,31.59,77.26,1633196465754,"2021-10-02T23:11:05+05:30"
50,84,109,31.59,77.38,1633196496340,"2021-10-02T23:11:36+05:30"
48,75,84,31.49,77.63,1633196526914,"2021-10-02T23:12:06+05:30"
46,70,78,31.55,77.28,1633196557561,"2021-10-02T23:12:37+05:30"
46,75,86,31.65,76.8,1633196588098,"2021-10-02T23:13:08+05:30"
47,72,79,31.54,77.71,1633196618696,"2021-10-02T23:13:38+05:30"
45,70,78,31.54,77.62,1633196649234,"2021-10-02T23:14:09+05:30"
47,72,78,31.6,77.09,1633196679838,"2021-10-02T23:14:39+05:30"
46,70,78,31.67,76.77,1633196710435,"2021-10-02T23:15:10+05:30"
47,69,80,31.58,77.52,1633196741004,"2021-10-02T23:15:41+05:30"
49,76,81,31.53,77.63,1633196771570,"2021-10-02T23:16:11+05:30"
48,74,80,31.5,77.17,1633196802297,"2021-10-02T23:16:42+05:30"
51,83,110,31.49,77.08,1633196832755,"2021-10-02T23:17:12+05:30"
50,79,91,31.56,76.73,1633196863350,"2021-10-02T23:17:43+05:30"
49,78,89,31.57,77.09,1633196893952,"2021-10-02T23:18:13+05:30"
49,77,90,31.57,76.87,1633196924545,"2021-10-02T23:18:44+05:30"
50,78,88,31.57,76.95,1633196955118,"2021-10-02T23:19:15+05:30"
50,78,88,31.6,76.9,1633196985705,"2021-10-02T23:19:45+05:30"
57,109,151,31.57,77.17,1633197016402,"2021-10-02T23:20:16+05:30"
56,99,137,31.57,77.13,1633197052850,"2021-10-02T23:20:52+05:30"
50,82,100,31.53,77.34,1633197083251,"2021-10-02T23:21:23+05:30"
49,78,90,31.57,76.59,1633197113945,"2021-10-02T23:21:53+05:30"
48,74,84,31.61,76.21,1633197144507,"2021-10-02T23:22:24+05:30"
45,71,83,31.63,76.05,1633197175222,"2021-10-02T23:22:55+05:30"
47,70,78,31.61,76.64,1633197205698,"2021-10-02T23:23:25+05:30"
47,70,79,31.52,76.81,1633197236283,"2021-10-02T23:23:56+05:30"
48,76,85,31.47,76.84,1633197266835,"2021-10-02T23:24:26+05:30"
46,71,82,31.46,76.76,1633197297409,"2021-10-02T23:24:57+05:30"
46,70,79,31.46,76.7,1633197328001,"2021-10-02T23:25:28+05:30"
46,72,78,31.45,76.8,1633197358578,"2021-10-02T23:25:58+05:30"
47,68,77,31.43,76.98,1633197389147,"2021-10-02T23:26:29+05:30"
47,73,84,31.46,76.57,1633197419715,"2021-10-02T23:26:59+05:30"
49,79,92,31.47,76.72,1633197450318,"2021-10-02T23:27:30+05:30"
48,78,91,31.45,77.17,1633197481044,"2021-10-02T23:28:01+05:30"
49,77,91,31.47,76.93,1633197511486,"2021-10-02T23:28:31+05:30"
47,70,81,31.45,77.36,1633197542048,"2021-10-02T23:29:02+05:30"
47,73,83,31.41,77.4,1633197572743,"2021-10-02T23:29:32+05:30"
47,72,82,31.45,76.66,1633197603242,"2021-10-02T23:30:03+05:30"
46,71,81,31.51,76.44,1633197633804,"2021-10-02T23:30:33+05:30"
44,69,79,31.56,76.58,1633197664863,"2021-10-02T23:31:04+05:30"
45,69,81,31.54,76.54,1633197694998,"2021-10-02T23:31:34+05:30"
44,69,78,31.62,76.32,1633197725579,"2021-10-02T23:32:05+05:30"
45,71,80,31.63,76.53,1633197756144,"2021-10-02T23:32:36+05:30"
43,67,78,31.58,76.74,1633197786714,"2021-10-02T23:33:06+05:30"
45,69,78,31.53,76.8,1633197817408,"2021-10-02T23:33:37+05:30"
45,69,78,31.5,76.96,1633197848005,"2021-10-02T23:34:08+05:30"
46,72,80,31.44,76.99,1633197878582,"2021-10-02T23:34:38+05:30"
49,78,86,31.31,76.92,1633197909306,"2021-10-02T23:35:09+05:30"
46,72,80,31.23,77.24,1633197939875,"2021-10-02T23:35:39+05:30"
46,71,80,31.22,77.37,1633197972679,"2021-10-02T23:36:12+05:30"
46,73,83,31.22,77.49,1633198002902,"2021-10-02T23:36:42+05:30"
46,74,85,31.27,77.65,1633198033856,"2021-10-02T23:37:13+05:30"
47,76,91,31.31,77.49,1633198064328,"2021-10-02T23:37:44+05:30"
49,75,88,31.31,77.8,1633198094902,"2021-10-02T23:38:14+05:30"
47,74,84,31.35,77.02,1633198125468,"2021-10-02T23:38:45+05:30"
47,72,80,31.37,76.91,1633198156037,"2021-10-02T23:39:16+05:30"
49,74,81,31.35,76.8,1633198186645,"2021-10-02T23:39:46+05:30"
47,73,82,31.31,77.01,1633198217227,"2021-10-02T23:40:17+05:30"
47,75,84,31.34,76.8,1633198247810,"2021-10-02T23:40:47+05:30"
50,78,89,31.39,76.49,1633198278368,"2021-10-02T23:41:18+05:30"
47,73,82,31.35,76.87,1633198308976,"2021-10-02T23:41:48+05:30"
48,74,81,31.32,76.98,1633198339588,"2021-10-02T23:42:19+05:30"
51,84,106,31.33,77.14,1633198370349,"2021-10-02T23:42:50+05:30"
53,86,106,31.32,76.71,1633198400737,"2021-10-02T23:43:20+05:30"
47,73,79,31.31,76.66,1633198431468,"2021-10-02T23:43:51+05:30"
47,74,83,31.29,76.73,1633198461889,"2021-10-02T23:44:21+05:30"
45,72,81,31.25,76.87,1633198492464,"2021-10-02T23:44:52+05:30"
47,72,80,31.21,77.22,1633198523131,"2021-10-02T23:45:23+05:30"
47,73,82,31.22,77.12,1633198553629,"2021-10-02T23:45:53+05:30"
45,69,78,31.27,76.89,1633198584223,"2021-10-02T23:46:24+05:30"
47,73,82,31.21,76.78,1633198614935,"2021-10-02T23:46:54+05:30"
45,71,80,31.17,76.89,1633198645492,"2021-10-02T23:47:25+05:30"
47,76,91,31.17,76.94,1633198676088,"2021-10-02T23:47:56+05:30"
45,71,82,31.12,77.12,1633198706638,"2021-10-02T23:48:26+05:30"
45,68,77,31.11,76.97,1633198737345,"2021-10-02T23:48:57+05:30"
43,66,76,31.11,76.89,1633198767881,"2021-10-02T23:49:27+05:30"
42,66,77,31.11,76.98,1633198798596,"2021-10-02T23:49:58+05:30"
44,68,77,31.1,76.83,1633198829235,"2021-10-02T23:50:29+05:30"
41,65,75,31.08,76.82,1633198851317,"2021-10-02T23:50:51+05:30"
41,61,73,31.03,76.99,1633198881897,"2021-10-02T23:51:21+05:30"
41,63,74,31.02,77.11,1633198912561,"2021-10-02T23:51:52+05:30"
42,64,75,31.02,77.14,1633198943086,"2021-10-02T23:52:23+05:30"
40,65,76,31.04,76.89,1633198973648,"2021-10-02T23:52:53+05:30"
40,62,75,31,76.88,1633199004223,"2021-10-02T23:53:24+05:30"
40,62,75,30.94,77.05,1633199035006,"2021-10-02T23:53:55+05:30"
38,60,73,31,76.88,1633199065460,"2021-10-02T23:54:25+05:30"
40,62,73,31.01,76.8,1633199095985,"2021-10-02T23:54:55+05:30"
41,64,76,30.95,76.91,1633199126549,"2021-10-02T23:55:26+05:30"
41,63,74,30.91,77.15,1633199157155,"2021-10-02T23:55:57+05:30"
41,60,74,30.86,77.4,1633199187822,"2021-10-02T23:56:27+05:30"
39,63,75,30.84,77.59,1633199218345,"2021-10-02T23:56:58+05:30"
40,63,74,30.88,77.33,1633199248877,"2021-10-02T23:57:28+05:30"
43,68,81,30.89,77.37,1633199279507,"2021-10-02T23:57:59+05:30"
41,62,75,30.9,77.28,1633199310076,"2021-10-02T23:58:30+05:30"
42,66,77,30.96,77.18,1633199340698,"2021-10-02T23:59:00+05:30"