"pm1_0","pm2_5","pm10","temp","humid","createdAt","localtime"
35,52,66,31.6,76.21,1633076841424,"2021-10-01T13:57:21+05:30"
35,52,67,31.58,76.37,1633076858676,"2021-10-01T13:57:38+05:30"
35,52,67,31.56,76.47,1633076889423,"2021-10-01T13:58:09+05:30"
34,52,64,31.56,76.38,1633076920091,"2021-10-01T13:58:40+05:30"
37,54,68,31.56,75.97,1633076950644,"2021-10-01T13:59:10+05:30"
36,54,68,31.43,75.61,1633076981224,"2021-10-01T13:59:41+05:30"
37,54,66,31.33,76.17,1633077011797,"2021-10-01T14:00:11+05:30"
37,53,66,31.24,76.52,1633077042423,"2021-10-01T14:00:42+05:30"
35,52,66,31.19,76.68,1633077072955,"2021-10-01T14:01:12+05:30"
36,54,67,31.22,77.34,1633077103538,"2021-10-01T14:01:43+05:30"
36,54,68,31.36,76.83,1633077134391,"2021-10-01T14:02:14+05:30"
25,39,50,31.36,74.6,1633077164981,"2021-10-01T14:02:44+05:30"
31,47,59,31.33,74.5,1633077195546,"2021-10-01T14:03:15+05:30"
33,51,64,31.3,74.69,1633077226117,"2021-10-01T14:03:46+05:30"
36,54,67,31.3,75.28,1633077256694,"2021-10-01T14:04:16+05:30"
36,53,66,31.23,74.94,1633077287293,"2021-10-01T14:04:47+05:30"
35,52,65,31.18,74.47,1633077317845,"2021-10-01T14:05:17+05:30"
35,53,66,31.15,74.28,1633077348439,"2021-10-01T14:05:48+05:30"
34,50,63,31.17,76.02,1633077379003,"2021-10-01T14:06:19+05:30"
32,51,66,31.24,76.81,1633077409585,"2021-10-01T14:06:49+05:30"
32,48,60,31.26,76.6,1633077440180,"2021-10-01T14:07:20+05:30"
33,49,61,31.26,76.49,1633077470743,"2021-10-01T14:07:50+05:30"
32,48,61,31.27,76.48,1633077501337,"2021-10-01T14:08:21+05:30"
33,49,61,31.27,76.4,1633077531909,"2021-10-01T14:08:51+05:30"
33,50,64,31.28,76.42,1633077562452,"2021-10-01T14:09:22+05:30"
33,50,63,31.24,77.44,1633077593051,"2021-10-01T14:09:53+05:30"
34,52,65,31.19,76.25,1633077623640,"2021-10-01T14:10:23+05:30"
34,51,64,31.08,75.67,1633077654238,"2021-10-01T14:10:54+05:30"
33,51,66,30.9,76.96,1633077684814,"2021-10-01T14:11:24+05:30"
33,49,63,30.91,77.77,1633077715388,"2021-10-01T14:11:55+05:30"
32,50,67,31.08,77.78,1633077748308,"2021-10-01T14:12:28+05:30"
31,46,57,31.2,77.3,1633077778895,"2021-10-01T14:12:58+05:30"
33,49,61,31.27,77.04,1633077809475,"2021-10-01T14:13:29+05:30"
33,49,61,31.3,76.82,1633077840152,"2021-10-01T14:14:00+05:30"
32,48,61,31.33,76.73,1633077870706,"2021-10-01T14:14:30+05:30"
33,51,64,31.34,76.68,1633077901288,"2021-10-01T14:15:01+05:30"
33,49,62,31.34,76.8,1633077931841,"2021-10-01T14:15:31+05:30"
34,50,64,31.37,76.56,1633077962590,"2021-10-01T14:16:02+05:30"
33,49,61,31.39,76.57,1633077993026,"2021-10-01T14:16:33+05:30"
33,50,62,31.43,76.42,1633078023668,"2021-10-01T14:17:03+05:30"
33,49,61,31.49,76.3,1633078054184,"2021-10-01T14:17:34+05:30"
32,47,61,31.49,76.28,1633078084796,"2021-10-01T14:18:04+05:30"
32,49,61,31.44,76.47,1633078115391,"2021-10-01T14:18:35+05:30"
32,47,59,31.41,76.55,1633078145987,"2021-10-01T14:19:05+05:30"
32,48,60,31.38,76.65,1633078176520,"2021-10-01T14:19:36+05:30"
32,48,60,31.36,76.7,1633078207117,"2021-10-01T14:20:07+05:30"
33,49,61,31.35,76.76,1633078237713,"2021-10-01T14:20:37+05:30"
33,49,61,31.35,76.81,1633078268402,"2021-10-01T14:21:08+05:30"
33,49,61,31.34,76.79,1633078298961,"2021-10-01T14:21:38+05:30"
32,48,60,31.35,76.98,1633078329541,"2021-10-01T14:22:09+05:30"
33,51,68,31.4,76.8,1633078360124,"2021-10-01T14:22:40+05:30"
33,50,63,31.44,76.54,1633078390720,"2021-10-01T14:23:10+05:30"
34,50,62,31.46,76.45,1633078421286,"2021-10-01T14:23:41+05:30"
33,50,63,31.48,76.41,1633078451958,"2021-10-01T14:24:11+05:30"
33,49,62,31.49,76.41,1633078482448,"2021-10-01T14:24:42+05:30"
28,39,47,31.68,75.89,1633078591704,"2021-10-01T14:26:31+05:30"
2,3,3,31.62,76.06,1633078621984,"2021-10-01T14:27:01+05:30"
15,20,25,31.61,76.19,1633078652540,"2021-10-01T14:27:32+05:30"
33,50,64,31.65,76.1,1633078683108,"2021-10-01T14:28:03+05:30"
33,49,62,31.64,76.03,1633078713704,"2021-10-01T14:28:33+05:30"
33,49,63,31.62,76.07,1633078744278,"2021-10-01T14:29:04+05:30"
74,116,130,30.15,84.49,1633097550078,"2021-10-01T19:42:30+05:30"
84,133,149,30.31,84.02,1633097580790,"2021-10-01T19:43:00+05:30"
72,114,127,30.59,83.91,1633097611375,"2021-10-01T19:43:31+05:30"
74,116,133,30.84,83.3,1633097641971,"2021-10-01T19:44:01+05:30"
72,116,132,31.01,82.59,1633097672523,"2021-10-01T19:44:32+05:30"
73,116,130,31.1,81.99,1633097703120,"2021-10-01T19:45:03+05:30"
74,116,130,31.13,81.69,1633097733707,"2021-10-01T19:45:33+05:30"
75,113,129,31.13,80.87,1633097764266,"2021-10-01T19:46:04+05:30"
73,114,127,31.04,79.8,1633097794876,"2021-10-01T19:46:34+05:30"
73,115,132,30.9,78.88,1633097825908,"2021-10-01T19:47:05+05:30"
73,115,129,30.78,77.99,1633097856031,"2021-10-01T19:47:36+05:30"
71,111,123,30.53,76.53,1633097886598,"2021-10-01T19:48:06+05:30"
67,105,122,30.49,79.54,1633097917193,"2021-10-01T19:48:37+05:30"
66,102,112,30.83,81.49,1633097947918,"2021-10-01T19:49:07+05:30"