"pm1_0","pm2_5","pm10","temp","humid","createdAt","localtime"
27,41,52,30.11,54.7,1634990966779,"2021-10-23T17:39:26+05:30"
27,42,56,30.11,55.09,1634990977876,"2021-10-23T17:39:37+05:30"
26,39,48,30.04,55.3,1634991008788,"2021-10-23T17:40:08+05:30"
26,39,50,29.94,55.91,1634991039669,"2021-10-23T17:40:39+05:30"
28,41,53,29.9,55.96,1634991070437,"2021-10-23T17:41:10+05:30"
28,42,54,29.81,56.38,1634991100977,"2021-10-23T17:41:40+05:30"
28,41,52,29.76,56.19,1634991131574,"2021-10-23T17:42:11+05:30"
30,44,56,29.7,56.02,1634991162269,"2021-10-23T17:42:42+05:30"
29,43,55,29.66,56.45,1634991192735,"2021-10-23T17:43:12+05:30"
28,42,53,29.62,56.52,1634991223306,"2021-10-23T17:43:43+05:30"
29,44,54,29.59,56.5,1634991253913,"2021-10-23T17:44:13+05:30"
29,44,56,29.55,56.37,1634991284506,"2021-10-23T17:44:44+05:30"
29,44,57,29.53,56.06,1634991315065,"2021-10-23T17:45:15+05:30"
29,43,56,29.52,56.58,1634991345631,"2021-10-23T17:45:45+05:30"
29,44,59,29.51,56.38,1634991376222,"2021-10-23T17:46:16+05:30"
29,44,56,29.5,56.6,1634991406794,"2021-10-23T17:46:46+05:30"
29,44,54,29.47,56.6,1634991437361,"2021-10-23T17:47:17+05:30"
30,44,57,29.45,56.65,1634991467923,"2021-10-23T17:47:47+05:30"
29,42,54,29.45,56.93,1634991498522,"2021-10-23T17:48:18+05:30"
29,44,56,29.44,56.64,1634991529127,"2021-10-23T17:48:49+05:30"
29,44,58,29.42,56.73,1634991559903,"2021-10-23T17:49:19+05:30"
29,43,57,29.42,57.03,1634991590398,"2021-10-23T17:49:50+05:30"
30,44,56,29.42,56.52,1634991620974,"2021-10-23T17:50:20+05:30"
29,45,57,29.43,56.76,1634991651772,"2021-10-23T17:50:51+05:30"
30,46,58,29.44,56.36,1634991682255,"2021-10-23T17:51:22+05:30"
31,45,58,29.45,56.23,1634991712932,"2021-10-23T17:51:52+05:30"
31,47,60,29.44,56.33,1634991743732,"2021-10-23T17:52:23+05:30"
32,47,60,29.43,56.38,1634991774373,"2021-10-23T17:52:54+05:30"
32,47,58,29.42,56.18,1634991804981,"2021-10-23T17:53:24+05:30"
31,47,62,29.41,56.47,1634991835562,"2021-10-23T17:53:55+05:30"
31,47,60,29.39,56.23,1634991867821,"2021-10-23T17:54:27+05:30"
30,45,57,29.41,56.21,1634991898389,"2021-10-23T17:54:58+05:30"
31,48,61,29.41,56.43,1634991928964,"2021-10-23T17:55:28+05:30"
31,46,58,29.41,56.16,1634991959578,"2021-10-23T17:55:59+05:30"
30,46,58,29.41,56.54,1634991990129,"2021-10-23T17:56:30+05:30"
31,46,61,29.12,56.09,1634992020719,"2021-10-23T17:57:00+05:30"
31,47,62,29,55.03,1634992051304,"2021-10-23T17:57:31+05:30"
31,47,63,28.77,56.94,1634992081872,"2021-10-23T17:58:01+05:30"
31,47,63,28.61,57.45,1634992112471,"2021-10-23T17:58:32+05:30"
31,47,63,28.45,57.94,1634992143056,"2021-10-23T17:59:03+05:30"
32,48,62,28.31,58.17,1634992173630,"2021-10-23T17:59:33+05:30"
31,47,62,28.21,58.45,1634992204203,"2021-10-23T18:00:04+05:30"
31,47,60,28.13,58.74,1634992234781,"2021-10-23T18:00:34+05:30"
31,46,59,28.08,58.91,1634992265387,"2021-10-23T18:01:05+05:30"
32,48,63,28.02,58.95,1634992295962,"2021-10-23T18:01:35+05:30"
31,48,62,27.98,59.07,1634992326604,"2021-10-23T18:02:06+05:30"
32,48,61,27.94,59.1,1634992357199,"2021-10-23T18:02:37+05:30"
32,48,62,27.91,59.2,1634992387765,"2021-10-23T18:03:07+05:30"
31,47,60,27.91,59.27,1634992418602,"2021-10-23T18:03:38+05:30"
32,48,62,27.9,59.19,1634992449039,"2021-10-23T18:04:09+05:30"
31,47,61,27.9,59.24,1634992479532,"2021-10-23T18:04:39+05:30"
31,48,62,27.88,59.25,1634992510117,"2021-10-23T18:05:10+05:30"
31,47,61,27.86,59.3,1634992540802,"2021-10-23T18:05:40+05:30"
32,48,61,27.85,59.43,1634992571250,"2021-10-23T18:06:11+05:30"
31,48,63,27.84,59.5,1634992601817,"2021-10-23T18:06:41+05:30"
31,48,62,27.85,59.53,1634992632437,"2021-10-23T18:07:12+05:30"
34,51,66,27.87,59.68,1634993140439,"2021-10-23T18:15:40+05:30"
34,51,65,27.86,59.65,1634993151803,"2021-10-23T18:15:51+05:30"
33,50,63,27.86,59.66,1634993182451,"2021-10-23T18:16:22+05:30"
34,51,66,27.86,59.67,1634993213282,"2021-10-23T18:16:53+05:30"
34,50,66,27.86,59.76,1634993243849,"2021-10-23T18:17:23+05:30"
33,50,64,27.87,59.66,1634993274433,"2021-10-23T18:17:54+05:30"
34,51,66,27.88,59.66,1634993305211,"2021-10-23T18:18:25+05:30"
34,51,66,27.87,59.84,1634993335592,"2021-10-23T18:18:55+05:30"
33,50,65,27.87,59.87,1634993366183,"2021-10-23T18:19:26+05:30"
33,51,65,27.87,59.78,1634993396769,"2021-10-23T18:19:56+05:30"
33,50,64,27.86,59.8,1634993427343,"2021-10-23T18:20:27+05:30"
33,49,62,27.85,59.83,1634993457993,"2021-10-23T18:20:57+05:30"
33,49,65,27.86,59.83,1634993488510,"2021-10-23T18:21:28+05:30"
33,50,65,27.85,59.87,1634993519099,"2021-10-23T18:21:59+05:30"
34,52,67,27.86,60.02,1634993549670,"2021-10-23T18:22:29+05:30"
33,50,65,27.87,60.03,1634993580236,"2021-10-23T18:23:00+05:30"
34,52,67,27.86,59.98,1634993610969,"2021-10-23T18:23:30+05:30"
34,51,65,27.86,59.94,1634993641427,"2021-10-23T18:24:01+05:30"
34,51,67,27.86,59.92,1634993672007,"2021-10-23T18:24:32+05:30"
34,51,66,27.84,59.95,1634993702566,"2021-10-23T18:25:02+05:30"
33,50,66,27.83,60,1634993733343,"2021-10-23T18:25:33+05:30"
33,50,65,27.83,60.05,1634993763851,"2021-10-23T18:26:03+05:30"
33,50,64,27.83,60.03,1634993794443,"2021-10-23T18:26:34+05:30"
33,51,67,27.84,60.02,1634993825000,"2021-10-23T18:27:05+05:30"
34,52,68,27.85,59.97,1634993855718,"2021-10-23T18:27:35+05:30"
34,52,68,27.84,60.12,1634993886301,"2021-10-23T18:28:06+05:30"
34,52,67,27.83,60.22,1634993916776,"2021-10-23T18:28:36+05:30"
34,52,67,27.84,60.18,1634993947338,"2021-10-23T18:29:07+05:30"
34,51,67,27.84,60.1,1634993977907,"2021-10-23T18:29:37+05:30"
35,52,68,27.85,60.23,1634994008503,"2021-10-23T18:30:08+05:30"
35,53,71,27.88,60.28,1634994040936,"2021-10-23T18:30:40+05:30"
38,65,80,27.98,60.27,1634994300241,"2021-10-23T18:35:00+05:30"
39,66,90,27.96,60.31,1634994312485,"2021-10-23T18:35:12+05:30"
40,69,95,27.94,60.36,1634994343079,"2021-10-23T18:35:43+05:30"
40,64,86,27.93,60.4,1634994373665,"2021-10-23T18:36:13+05:30"
40,67,86,27.91,60.62,1634994404239,"2021-10-23T18:36:44+05:30"
42,69,89,27.91,60.81,1634994434824,"2021-10-23T18:37:14+05:30"
42,69,87,27.93,60.86,1634994465407,"2021-10-23T18:37:45+05:30"
41,67,88,27.93,60.67,1634994496017,"2021-10-23T18:38:16+05:30"
37,61,81,27.9,60.61,1634994526569,"2021-10-23T18:38:46+05:30"
40,69,92,27.89,60.79,1634994557198,"2021-10-23T18:39:17+05:30"
42,70,94,27.87,60.88,1634994587992,"2021-10-23T18:39:47+05:30"
42,71,91,27.88,60.85,1634994618798,"2021-10-23T18:40:18+05:30"
44,74,99,27.87,60.99,1634994649358,"2021-10-23T18:40:49+05:30"
42,71,88,27.86,60.93,1634994679973,"2021-10-23T18:41:19+05:30"
39,63,83,27.9,61.11,1634994710557,"2021-10-23T18:41:50+05:30"
39,64,82,27.94,61.06,1634994741094,"2021-10-23T18:42:21+05:30"
39,65,83,27.96,60.92,1634994771667,"2021-10-23T18:42:51+05:30"
41,67,81,27.94,60.95,1634994802253,"2021-10-23T18:43:22+05:30"
41,70,91,27.94,61.06,1634994832833,"2021-10-23T18:43:52+05:30"
39,65,82,27.91,60.95,1634994863399,"2021-10-23T18:44:23+05:30"
39,65,80,27.89,60.94,1634994893964,"2021-10-23T18:44:53+05:30"
42,69,87,27.89,61.01,1634994924582,"2021-10-23T18:45:24+05:30"
43,73,93,27.88,61.22,1634994955174,"2021-10-23T18:45:55+05:30"
42,66,81,27.88,61.19,1634994985732,"2021-10-23T18:46:25+05:30"
43,71,86,27.88,61.16,1634995016372,"2021-10-23T18:46:56+05:30"
44,73,91,27.89,61.04,1634995046899,"2021-10-23T18:47:26+05:30"
41,69,88,27.93,60.92,1634995077485,"2021-10-23T18:47:57+05:30"
43,71,95,27.97,60.73,1634995108063,"2021-10-23T18:48:28+05:30"
42,72,97,27.98,60.86,1634995138636,"2021-10-23T18:48:58+05:30"
41,69,92,27.96,60.81,1634995169359,"2021-10-23T18:49:29+05:30"
41,71,89,27.97,60.95,1634995201629,"2021-10-23T18:50:01+05:30"
41,69,89,28.04,60.9,1634995232192,"2021-10-23T18:50:32+05:30"
41,67,85,28.08,60.64,1634995262782,"2021-10-23T18:51:02+05:30"
43,72,97,28.05,60.62,1634995293372,"2021-10-23T18:51:33+05:30"
44,73,99,28.02,60.75,1634995323946,"2021-10-23T18:52:03+05:30"
44,73,90,27.99,61.03,1634995354512,"2021-10-23T18:52:34+05:30"
44,72,94,27.98,61.23,1634995385109,"2021-10-23T18:53:05+05:30"
45,74,106,27.98,60.99,1634995415706,"2021-10-23T18:53:35+05:30"
47,80,104,27.96,60.95,1634995446281,"2021-10-23T18:54:06+05:30"
46,76,103,27.94,60.97,1634995476844,"2021-10-23T18:54:36+05:30"
46,75,97,27.92,60.99,1634995507452,"2021-10-23T18:55:07+05:30"
46,78,100,27.92,61.18,1634995538092,"2021-10-23T18:55:38+05:30"
44,75,99,27.93,61.16,1634995568608,"2021-10-23T18:56:08+05:30"
44,77,101,27.93,61.09,1634995599172,"2021-10-23T18:56:39+05:30"
44,73,93,27.93,60.92,1634995629779,"2021-10-23T18:57:09+05:30"
43,72,91,27.92,61,1634995660402,"2021-10-23T18:57:40+05:30"
44,72,89,27.91,60.96,1634995691020,"2021-10-23T18:58:11+05:30"
45,76,93,27.9,60.88,1634995721607,"2021-10-23T18:58:41+05:30"
45,77,100,27.9,60.87,1634995752231,"2021-10-23T18:59:12+05:30"
44,74,95,27.9,60.76,1634995782765,"2021-10-23T18:59:42+05:30"
45,72,91,27.89,60.8,1634995813475,"2021-10-23T19:00:13+05:30"
44,73,95,27.88,60.84,1634995843942,"2021-10-23T19:00:43+05:30"
44,73,95,27.88,60.88,1634995875422,"2021-10-23T19:01:15+05:30"
44,71,91,27.88,60.96,1634995905124,"2021-10-23T19:01:45+05:30"
43,71,92,27.87,61.09,1634995935730,"2021-10-23T19:02:15+05:30"
42,72,90,27.87,61.12,1634995966277,"2021-10-23T19:02:46+05:30"
42,69,85,27.87,61.16,1634995996837,"2021-10-23T19:03:16+05:30"
45,70,87,27.87,61.21,1634996027489,"2021-10-23T19:03:47+05:30"
44,72,93,27.87,61.26,1634996058090,"2021-10-23T19:04:18+05:30"
44,70,80,27.87,61.27,1634996088640,"2021-10-23T19:04:48+05:30"
45,73,89,27.87,61.3,1634996111614,"2021-10-23T19:05:11+05:30"
43,70,91,27.86,61.29,1634996142407,"2021-10-23T19:05:42+05:30"
44,70,90,27.87,61.39,1634996173265,"2021-10-23T19:06:13+05:30"
45,74,96,27.9,61.49,1634996203836,"2021-10-23T19:06:43+05:30"
45,76,101,27.91,61.33,1634996234637,"2021-10-23T19:07:14+05:30"
45,75,99,27.92,61.39,1634996265406,"2021-10-23T19:07:45+05:30"
45,74,94,27.93,61.28,1634996295902,"2021-10-23T19:08:15+05:30"
42,70,93,27.91,61.17,1634996326529,"2021-10-23T19:08:46+05:30"
42,66,82,27.91,61.31,1634996357279,"2021-10-23T19:09:17+05:30"
43,69,84,27.91,61.55,1634996387857,"2021-10-23T19:09:47+05:30"
43,70,88,27.9,61.53,1634996418447,"2021-10-23T19:10:18+05:30"
43,72,92,27.89,61.68,1634996449015,"2021-10-23T19:10:49+05:30"
45,74,103,27.88,61.82,1634996479585,"2021-10-23T19:11:19+05:30"
42,70,86,27.88,61.9,1634996510297,"2021-10-23T19:11:50+05:30"
42,68,89,27.88,61.89,1634996540770,"2021-10-23T19:12:20+05:30"
43,70,89,27.88,61.68,1634996571345,"2021-10-23T19:12:51+05:30"
44,71,89,27.87,61.67,1634996601915,"2021-10-23T19:13:21+05:30"
43,68,87,27.86,61.7,1634996632549,"2021-10-23T19:13:52+05:30"
44,68,85,27.86,61.98,1634996663250,"2021-10-23T19:14:23+05:30"
43,68,85,27.86,62.02,1634996693676,"2021-10-23T19:14:53+05:30"
43,70,87,27.87,61.77,1634996766539,"2021-10-23T19:16:06+05:30"
42,67,83,27.88,61.66,1634996781796,"2021-10-23T19:16:21+05:30"
44,72,92,27.94,61.59,1634996812373,"2021-10-23T19:16:52+05:30"
42,67,89,27.96,61.35,1634996842937,"2021-10-23T19:17:22+05:30"
41,68,82,27.96,61.45,1634996873539,"2021-10-23T19:17:53+05:30"
41,69,89,27.97,61.4,1634996904128,"2021-10-23T19:18:24+05:30"
41,68,87,27.97,61.34,1634996934752,"2021-10-23T19:18:54+05:30"
40,65,83,27.97,61.17,1634996965268,"2021-10-23T19:19:25+05:30"
42,66,83,27.96,60.94,1634996995853,"2021-10-23T19:19:55+05:30"
42,66,87,27.95,60.97,1634997026429,"2021-10-23T19:20:26+05:30"
42,69,85,27.95,61.03,1634997057255,"2021-10-23T19:20:57+05:30"
43,67,80,27.94,61.02,1634997087858,"2021-10-23T19:21:27+05:30"
41,65,80,27.93,60.99,1634997118476,"2021-10-23T19:21:58+05:30"
43,67,83,27.93,60.82,1634997149066,"2021-10-23T19:22:29+05:30"
41,65,76,27.93,60.71,1634997179622,"2021-10-23T19:22:59+05:30"
41,63,78,27.93,60.57,1634997210190,"2021-10-23T19:23:30+05:30"
42,66,80,27.93,60.61,1634997240794,"2021-10-23T19:24:00+05:30"
42,67,81,27.93,60.48,1634997271378,"2021-10-23T19:24:31+05:30"
41,65,79,27.93,60.47,1634997301952,"2021-10-23T19:25:01+05:30"
42,68,82,27.93,60.34,1634997332522,"2021-10-23T19:25:32+05:30"
42,69,84,27.93,60.4,1634997363686,"2021-10-23T19:26:03+05:30"
41,65,78,27.92,60.46,1634997393713,"2021-10-23T19:26:33+05:30"
42,66,79,27.91,60.42,1634997424285,"2021-10-23T19:27:04+05:30"
41,64,78,27.91,60.49,1634997454857,"2021-10-23T19:27:34+05:30"
36,55,70,27.92,61.27,1634999528039,"2021-10-23T20:02:08+05:30"
36,55,70,27.91,61.21,1634999538686,"2021-10-23T20:02:18+05:30"
36,55,70,27.91,60.72,1634999569045,"2021-10-23T20:02:49+05:30"
36,55,71,27.94,60.97,1634999599645,"2021-10-23T20:03:19+05:30"
36,55,70,27.97,61.21,1634999630416,"2021-10-23T20:03:50+05:30"
37,54,73,27.98,61.09,1634999651103,"2021-10-23T20:04:11+05:30"
36,55,71,27.98,60.77,1634999681934,"2021-10-23T20:04:41+05:30"
35,54,70,27.98,60.55,1634999712551,"2021-10-23T20:05:12+05:30"
35,56,70,27.98,60.62,1634999743308,"2021-10-23T20:05:43+05:30"
36,52,69,27.99,60.51,1634999773719,"2021-10-23T20:06:13+05:30"
36,55,71,28,60.32,1634999804282,"2021-10-23T20:06:44+05:30"
35,52,67,28,60.56,1634999834889,"2021-10-23T20:07:14+05:30"
35,53,68,28,60.64,1634999865567,"2021-10-23T20:07:45+05:30"
36,55,70,27.98,60.66,1634999896047,"2021-10-23T20:08:16+05:30"
36,53,69,27.99,60.83,1634999926638,"2021-10-23T20:08:46+05:30"
37,54,70,27.99,60.35,1634999957278,"2021-10-23T20:09:17+05:30"
36,52,69,28,60.26,1634999987779,"2021-10-23T20:09:47+05:30"
35,53,68,28.01,60.54,1635000018520,"2021-10-23T20:10:18+05:30"
36,52,67,28.03,60.19,1635000049013,"2021-10-23T20:10:49+05:30"
35,54,70,28.04,60.63,1635000079600,"2021-10-23T20:11:19+05:30"
35,53,69,28.04,60.43,1635000110177,"2021-10-23T20:11:50+05:30"
36,54,68,28.05,60.1,1635000140737,"2021-10-23T20:12:20+05:30"
35,52,67,28.05,60.41,1635000171598,"2021-10-23T20:12:51+05:30"
34,52,68,28.04,60.34,1635000201932,"2021-10-23T20:13:21+05:30"
35,52,67,28.05,60.29,1635000232638,"2021-10-23T20:13:52+05:30"
34,52,67,28.05,60.5,1635000263116,"2021-10-23T20:14:23+05:30"
35,53,67,28.04,60.23,1635000293713,"2021-10-23T20:14:53+05:30"
34,52,67,28.04,60.53,1635000324278,"2021-10-23T20:15:24+05:30"
35,53,70,28.04,60.42,1635000354845,"2021-10-23T20:15:54+05:30"
35,54,70,28.03,60.31,1635000385445,"2021-10-23T20:16:25+05:30"
34,52,67,28.03,60.24,1635000416077,"2021-10-23T20:16:56+05:30"
34,51,65,28.04,60.52,1635000449213,"2021-10-23T20:17:29+05:30"
35,53,68,28.04,60.05,1635000479938,"2021-10-23T20:17:59+05:30"
34,53,66,28.04,60.45,1635000510394,"2021-10-23T20:18:30+05:30"
35,52,68,28.03,60.33,1635000540963,"2021-10-23T20:19:00+05:30"
34,52,68,28.04,60.14,1635000571557,"2021-10-23T20:19:31+05:30"
36,52,71,28.03,60.26,1635000602098,"2021-10-23T20:20:02+05:30"
35,52,69,28.02,59.93,1635000632839,"2021-10-23T20:20:32+05:30"
34,51,66,28.02,59.94,1635000663670,"2021-10-23T20:21:03+05:30"
35,52,68,28.04,60.29,1635000693867,"2021-10-23T20:21:33+05:30"
34,51,67,28.04,59.94,1635000724428,"2021-10-23T20:22:04+05:30"
34,52,67,28.04,60.1,1635000755053,"2021-10-23T20:22:35+05:30"
35,53,69,28.04,60.68,1635000785620,"2021-10-23T20:23:05+05:30"
36,52,68,28.04,61.15,1635000816274,"2021-10-23T20:23:36+05:30"
35,53,67,28.05,60.72,1635000846760,"2021-10-23T20:24:06+05:30"
34,51,67,28.04,60.52,1635000877585,"2021-10-23T20:24:37+05:30"
34,52,68,28.03,60.61,1635000907948,"2021-10-23T20:25:07+05:30"
34,53,67,28.02,60.88,1635000938527,"2021-10-23T20:25:38+05:30"
34,51,66,28.02,61.06,1635000969104,"2021-10-23T20:26:09+05:30"
35,52,69,28.02,61.03,1635000999698,"2021-10-23T20:26:39+05:30"
36,52,68,28.02,61.12,1635001030276,"2021-10-23T20:27:10+05:30"
35,52,68,28.02,61.07,1635001060854,"2021-10-23T20:27:40+05:30"
34,51,66,28.03,61.03,1635001091420,"2021-10-23T20:28:11+05:30"
35,52,67,28.02,61.08,1635001122048,"2021-10-23T20:28:42+05:30"
35,52,68,28.01,61.07,1635001152610,"2021-10-23T20:29:12+05:30"
35,53,68,28.01,61.18,1635001183188,"2021-10-23T20:29:43+05:30"
34,52,69,28.01,61.08,1635001213760,"2021-10-23T20:30:13+05:30"
34,51,66,28.02,60.97,1635001244444,"2021-10-23T20:30:44+05:30"
35,51,63,28.01,60.95,1635001274943,"2021-10-23T20:31:14+05:30"
36,53,68,28,61,1635001305523,"2021-10-23T20:31:45+05:30"
35,52,67,28,61.08,1635001330894,"2021-10-23T20:32:10+05:30"
34,51,68,28,61.03,1635001361729,"2021-10-23T20:32:41+05:30"
34,52,67,27.99,60.98,1635001392079,"2021-10-23T20:33:12+05:30"
35,51,66,28,61.06,1635001422965,"2021-10-23T20:33:42+05:30"
34,52,66,28,61.08,1635001453547,"2021-10-23T20:34:13+05:30"
34,52,65,28.01,60.98,1635001484121,"2021-10-23T20:34:44+05:30"
34,51,66,28.03,60.87,1635001514728,"2021-10-23T20:35:14+05:30"
33,51,66,28.05,60.51,1635001545548,"2021-10-23T20:35:45+05:30"
34,51,67,28.05,60.5,1635001576003,"2021-10-23T20:36:16+05:30"
34,51,67,28.04,60.65,1635001606554,"2021-10-23T20:36:46+05:30"
34,52,67,28.04,60.68,1635001637127,"2021-10-23T20:37:17+05:30"
34,51,66,28.04,60.66,1635001667742,"2021-10-23T20:37:47+05:30"
35,52,67,28.03,60.75,1635001698336,"2021-10-23T20:38:18+05:30"
34,51,68,28.01,60.57,1635001728899,"2021-10-23T20:38:48+05:30"
34,51,66,28.01,60.41,1635001759461,"2021-10-23T20:39:19+05:30"
33,52,68,28,60.42,1635001790056,"2021-10-23T20:39:50+05:30"
34,52,68,27.99,60.4,1635001820643,"2021-10-23T20:40:20+05:30"
33,50,65,27.98,60.5,1635001851396,"2021-10-23T20:40:51+05:30"
35,52,69,27.98,60.49,1635001881901,"2021-10-23T20:41:21+05:30"
35,53,68,27.97,60.43,1635001912483,"2021-10-23T20:41:52+05:30"
34,53,72,27.97,60.36,1635001943072,"2021-10-23T20:42:23+05:30"
35,56,71,27.97,60.3,1635001973669,"2021-10-23T20:42:53+05:30"
35,54,70,27.99,60.31,1635002004230,"2021-10-23T20:43:24+05:30"
34,51,67,28,60.29,1635002034798,"2021-10-23T20:43:54+05:30"
34,51,66,28.01,60.32,1635002065406,"2021-10-23T20:44:25+05:30"
34,52,68,28.02,60.44,1635002095991,"2021-10-23T20:44:55+05:30"
35,52,67,28.02,60.6,1635002127880,"2021-10-23T20:45:27+05:30"
35,52,67,28.02,60.6,1635002128140,"2021-10-23T20:45:28+05:30"
35,52,67,28.02,60.51,1635002157131,"2021-10-23T20:45:57+05:30"
37,55,71,28.02,60.53,1635002187733,"2021-10-23T20:46:27+05:30"
46,68,80,28.01,60.59,1635002218360,"2021-10-23T20:46:58+05:30"
44,64,75,28.01,60.65,1635002250063,"2021-10-23T20:47:30+05:30"
42,63,75,28.01,60.61,1635002280605,"2021-10-23T20:48:00+05:30"
57,81,91,28.02,60.39,1635002311550,"2021-10-23T20:48:31+05:30"
56,82,94,28.02,60.53,1635002341754,"2021-10-23T20:49:01+05:30"
59,89,96,28.02,60.63,1635002372356,"2021-10-23T20:49:32+05:30"
55,81,93,28.02,60.66,1635002402938,"2021-10-23T20:50:02+05:30"
63,93,103,28,60.69,1635002433509,"2021-10-23T20:50:33+05:30"
77,116,132,28,60.59,1635002464085,"2021-10-23T20:51:04+05:30"
76,114,130,28,60.75,1635002494682,"2021-10-23T20:51:34+05:30"
69,106,118,28,60.79,1635002525298,"2021-10-23T20:52:05+05:30"
69,104,116,28.01,60.83,1635002555856,"2021-10-23T20:52:35+05:30"
70,104,118,28.02,60.61,1635002586485,"2021-10-23T20:53:06+05:30"
74,110,123,28.02,60.55,1635002617048,"2021-10-23T20:53:37+05:30"
71,106,122,28.04,60.87,1635002647639,"2021-10-23T20:54:07+05:30"
62,93,102,28.05,60.41,1635002678236,"2021-10-23T20:54:38+05:30"
61,90,99,28.05,60.55,1635002708868,"2021-10-23T20:55:08+05:30"
58,83,93,28.04,60.32,1635002739410,"2021-10-23T20:55:39+05:30"
58,85,97,28.04,60.22,1635002769966,"2021-10-23T20:56:09+05:30"
56,81,94,28.05,60.26,1635002800534,"2021-10-23T20:56:40+05:30"
54,83,95,28.05,60.46,1635002831114,"2021-10-23T20:57:11+05:30"
54,81,93,28.08,60.64,1635002861719,"2021-10-23T20:57:41+05:30"
55,81,92,28.07,60.56,1635002892267,"2021-10-23T20:58:12+05:30"
52,76,85,28.07,61.07,1635002922849,"2021-10-23T20:58:42+05:30"
53,81,90,28.07,61.07,1635002982059,"2021-10-23T20:59:42+05:30"
53,79,89,28.07,61.05,1635003008837,"2021-10-23T21:00:08+05:30"
52,76,85,28.06,61.01,1635003039397,"2021-10-23T21:00:39+05:30"
52,77,87,28.06,61.08,1635003070047,"2021-10-23T21:01:10+05:30"
51,76,87,28.07,61.02,1635003100537,"2021-10-23T21:01:40+05:30"
51,77,87,28.06,60.89,1635003131142,"2021-10-23T21:02:11+05:30"
49,73,80,28.07,60.86,1635003161852,"2021-10-23T21:02:41+05:30"
52,78,87,28.09,60.84,1635003192434,"2021-10-23T21:03:12+05:30"
51,76,86,28.09,60.95,1635003223004,"2021-10-23T21:03:43+05:30"
52,76,89,28.08,61.07,1635003253610,"2021-10-23T21:04:13+05:30"
50,74,83,28.09,61.03,1635003284185,"2021-10-23T21:04:44+05:30"
49,72,84,28.11,60.99,1635003314770,"2021-10-23T21:05:14+05:30"
48,73,84,28.11,61.04,1635003345334,"2021-10-23T21:05:45+05:30"
47,69,77,28.12,61.02,1635003375957,"2021-10-23T21:06:15+05:30"
49,73,85,28.13,60.86,1635003406492,"2021-10-23T21:06:46+05:30"
48,71,79,28.13,60.87,1635003437072,"2021-10-23T21:07:17+05:30"
48,73,80,28.14,60.97,1635003467684,"2021-10-23T21:07:47+05:30"
48,72,79,28.15,60.81,1635003498230,"2021-10-23T21:08:18+05:30"
48,69,78,28.15,60.78,1635003528791,"2021-10-23T21:08:48+05:30"
47,72,80,28.17,60.61,1635003559362,"2021-10-23T21:09:19+05:30"
47,68,79,28.18,60.51,1635003589974,"2021-10-23T21:09:49+05:30"
46,69,77,28.17,60.55,1635003620533,"2021-10-23T21:10:20+05:30"
47,70,78,28.18,60.54,1635003651110,"2021-10-23T21:10:51+05:30"
47,70,77,28.17,60.59,1635003681650,"2021-10-23T21:11:21+05:30"
47,68,77,28.16,60.65,1635003712247,"2021-10-23T21:11:52+05:30"
46,68,79,28.15,60.59,1635003742811,"2021-10-23T21:12:22+05:30"
43,63,75,28.15,60.32,1635003773384,"2021-10-23T21:12:53+05:30"
44,66,77,28.17,60.42,1635003803947,"2021-10-23T21:13:23+05:30"
46,69,79,28.18,60.39,1635003834531,"2021-10-23T21:13:54+05:30"
45,69,76,28.18,60.45,1635003863942,"2021-10-23T21:14:23+05:30"
45,66,76,28.19,60.25,1635003894809,"2021-10-23T21:14:54+05:30"
44,65,76,28.18,60.16,1635003925626,"2021-10-23T21:15:25+05:30"
44,67,77,28.18,60.17,1635003955983,"2021-10-23T21:15:55+05:30"
43,64,75,28.18,60.14,1635003986586,"2021-10-23T21:16:26+05:30"
43,66,76,28.19,60.18,1635004017414,"2021-10-23T21:16:57+05:30"
43,65,76,28.18,60.21,1635004048210,"2021-10-23T21:17:28+05:30"
45,63,75,28.17,60.3,1635004078961,"2021-10-23T21:17:58+05:30"
43,62,73,28.16,60.38,1635004109595,"2021-10-23T21:18:29+05:30"
43,65,76,28.17,60.41,1635004140229,"2021-10-23T21:19:00+05:30"
44,65,75,28.16,60.43,1635004170986,"2021-10-23T21:19:30+05:30"
43,65,76,28.15,60.42,1635004201527,"2021-10-23T21:20:01+05:30"
44,64,75,28.15,60.47,1635004232097,"2021-10-23T21:20:32+05:30"
43,64,75,28.16,60.44,1635004262664,"2021-10-23T21:21:02+05:30"
42,64,76,28.17,60.38,1635004293274,"2021-10-23T21:21:33+05:30"
41,60,72,28.18,60.23,1635004323852,"2021-10-23T21:22:03+05:30"
42,61,73,28.18,60.05,1635004354614,"2021-10-23T21:22:34+05:30"
41,59,72,28.2,59.98,1635004385004,"2021-10-23T21:23:05+05:30"
42,63,75,28.2,59.86,1635004415766,"2021-10-23T21:23:35+05:30"
42,62,74,28.21,59.58,1635004446198,"2021-10-23T21:24:06+05:30"
41,59,73,28.2,59.6,1635004476767,"2021-10-23T21:24:36+05:30"
40,56,71,28.19,59.64,1635004507323,"2021-10-23T21:25:07+05:30"
41,60,73,28.19,59.65,1635004537990,"2021-10-23T21:25:37+05:30"
40,58,71,28.19,59.43,1635004568530,"2021-10-23T21:26:08+05:30"
39,59,71,28.18,59.44,1635004599108,"2021-10-23T21:26:39+05:30"
40,60,72,28.16,59.41,1635004629683,"2021-10-23T21:27:09+05:30"
39,57,70,28.16,59.4,1635004660364,"2021-10-23T21:27:40+05:30"
39,56,69,28.14,59.18,1635004690883,"2021-10-23T21:28:10+05:30"
39,56,72,28.15,58.96,1635004721420,"2021-10-23T21:28:41+05:30"
38,55,70,28.13,59.15,1635004751993,"2021-10-23T21:29:11+05:30"
38,57,71,28.14,59.14,1635004778652,"2021-10-23T21:29:38+05:30"
39,58,71,28.12,59.33,1635004809283,"2021-10-23T21:30:09+05:30"
38,56,70,28.12,58.99,1635004839857,"2021-10-23T21:30:39+05:30"
38,56,69,28.12,59.01,1635004870656,"2021-10-23T21:31:10+05:30"
38,55,69,28.11,59.07,1635004901412,"2021-10-23T21:31:41+05:30"
38,56,71,28.13,59.02,1635004931915,"2021-10-23T21:32:11+05:30"
37,55,69,28.13,58.92,1635004962793,"2021-10-23T21:32:42+05:30"
37,55,69,28.13,59,1635004993649,"2021-10-23T21:33:13+05:30"
36,53,68,28.12,59.11,1635005024484,"2021-10-23T21:33:44+05:30"
37,55,71,28.1,59.09,1635005054873,"2021-10-23T21:34:14+05:30"
36,53,69,28.09,59.2,1635005085809,"2021-10-23T21:34:45+05:30"
37,56,72,28.06,59.17,1635005116345,"2021-10-23T21:35:16+05:30"
36,55,70,28.04,58.99,1635005147295,"2021-10-23T21:35:47+05:30"
37,56,70,28.01,58.97,1635005178114,"2021-10-23T21:36:18+05:30"
36,52,66,28,59.1,1635005208782,"2021-10-23T21:36:48+05:30"
36,54,68,27.99,59.08,1635005239346,"2021-10-23T21:37:19+05:30"
37,53,68,27.98,59.22,1635005269971,"2021-10-23T21:37:49+05:30"
36,54,70,27.99,59.21,1635005300596,"2021-10-23T21:38:20+05:30"
37,54,69,27.99,59.31,1635005331262,"2021-10-23T21:38:51+05:30"
35,52,69,27.99,59.27,1635005362046,"2021-10-23T21:39:22+05:30"
35,51,67,27.99,59.26,1635005392677,"2021-10-23T21:39:52+05:30"
36,54,71,27.97,59.29,1635005423262,"2021-10-23T21:40:23+05:30"
35,53,69,27.97,59.32,1635005453894,"2021-10-23T21:40:53+05:30"
35,52,67,27.97,59.38,1635005484431,"2021-10-23T21:41:24+05:30"
35,51,66,27.96,59.47,1635005514997,"2021-10-23T21:41:54+05:30"
34,53,67,27.95,59.52,1635005545601,"2021-10-23T21:42:25+05:30"
34,51,64,27.94,59.53,1635005576655,"2021-10-23T21:42:56+05:30"
35,52,67,27.94,59.58,1635005606750,"2021-10-23T21:43:26+05:30"
34,52,67,27.93,59.64,1635005637317,"2021-10-23T21:43:57+05:30"
36,52,67,27.93,59.68,1635005666690,"2021-10-23T21:44:26+05:30"
35,51,65,27.92,59.71,1635005697002,"2021-10-23T21:44:57+05:30"
36,52,67,27.93,59.71,1635005727623,"2021-10-23T21:45:27+05:30"
36,53,68,27.93,59.72,1635005758353,"2021-10-23T21:45:58+05:30"
34,53,67,27.92,59.75,1635005789112,"2021-10-23T21:46:29+05:30"
34,52,68,27.92,59.75,1635005819508,"2021-10-23T21:46:59+05:30"
34,52,67,27.93,59.76,1635005850072,"2021-10-23T21:47:30+05:30"
34,51,68,27.92,59.74,1635005880652,"2021-10-23T21:48:00+05:30"
35,52,66,27.91,59.79,1635005911264,"2021-10-23T21:48:31+05:30"
35,52,68,27.91,59.81,1635005941840,"2021-10-23T21:49:01+05:30"
35,53,67,27.91,59.81,1635005972472,"2021-10-23T21:49:32+05:30"
35,52,65,27.91,59.85,1635006002979,"2021-10-23T21:50:02+05:30"
34,51,66,27.91,59.88,1635006033791,"2021-10-23T21:50:33+05:30"
34,52,65,27.9,59.91,1635006064520,"2021-10-23T21:51:04+05:30"
35,51,66,27.9,59.94,1635006094788,"2021-10-23T21:51:34+05:30"
34,51,66,27.91,59.95,1635006125718,"2021-10-23T21:52:05+05:30"
34,51,65,27.91,59.97,1635006155979,"2021-10-23T21:52:35+05:30"
34,53,67,27.91,60,1635006186558,"2021-10-23T21:53:06+05:30"
35,51,67,27.91,59.98,1635006217204,"2021-10-23T21:53:37+05:30"
35,53,68,27.91,59.95,1635006247789,"2021-10-23T21:54:07+05:30"
36,53,67,27.91,59.95,1635006278478,"2021-10-23T21:54:38+05:30"
35,52,68,27.9,59.98,1635006308952,"2021-10-23T21:55:08+05:30"
36,53,66,27.9,60.03,1635006339530,"2021-10-23T21:55:39+05:30"
36,51,66,27.89,60.05,1635006370101,"2021-10-23T21:56:10+05:30"
36,53,67,27.89,60.07,1635006400705,"2021-10-23T21:56:40+05:30"
35,52,65,27.9,60.05,1635006431294,"2021-10-23T21:57:11+05:30"
35,52,66,27.9,60.02,1635006462000,"2021-10-23T21:57:42+05:30"
36,52,65,27.9,60.02,1635006492507,"2021-10-23T21:58:12+05:30"
36,52,66,27.89,59.99,1635006523103,"2021-10-23T21:58:43+05:30"
36,53,69,27.9,59.94,1635006558801,"2021-10-23T21:59:18+05:30"
37,53,66,27.9,59.94,1635006589316,"2021-10-23T21:59:49+05:30"
37,56,70,27.91,59.9,1635006619935,"2021-10-23T22:00:19+05:30"
35,51,67,27.91,59.86,1635006650627,"2021-10-23T22:00:50+05:30"
34,52,66,27.91,59.83,1635006681171,"2021-10-23T22:01:21+05:30"
36,53,67,27.92,59.81,1635006711777,"2021-10-23T22:01:51+05:30"
36,52,67,27.93,59.81,1635006742341,"2021-10-23T22:02:22+05:30"
37,55,69,27.92,59.84,1635006772912,"2021-10-23T22:02:52+05:30"
37,54,70,27.92,59.84,1635006803494,"2021-10-23T22:03:23+05:30"
37,55,69,27.92,59.86,1635006834067,"2021-10-23T22:03:54+05:30"
36,53,67,27.93,59.86,1635006864638,"2021-10-23T22:04:24+05:30"
36,53,67,27.93,59.87,1635006895247,"2021-10-23T22:04:55+05:30"
36,53,67,27.92,59.89,1635006925779,"2021-10-23T22:05:25+05:30"
36,53,68,27.93,59.91,1635006956382,"2021-10-23T22:05:56+05:30"
36,54,69,27.93,59.98,1635006986995,"2021-10-23T22:06:26+05:30"
37,56,71,27.94,60.01,1635007017579,"2021-10-23T22:06:57+05:30"
36,54,69,27.95,60.02,1635007048138,"2021-10-23T22:07:28+05:30"
36,53,69,27.94,60.07,1635007078710,"2021-10-23T22:07:58+05:30"
37,54,68,27.95,60.08,1635007109313,"2021-10-23T22:08:29+05:30"
37,54,68,27.97,60.02,1635007139919,"2021-10-23T22:08:59+05:30"
36,54,69,27.98,59.99,1635007170456,"2021-10-23T22:09:30+05:30"
36,56,70,28,59.97,1635007201053,"2021-10-23T22:10:01+05:30"
36,55,70,28,59.98,1635007231631,"2021-10-23T22:10:31+05:30"
36,55,69,28.01,59.95,1635007262211,"2021-10-23T22:11:02+05:30"
38,58,72,28,59.97,1635007292778,"2021-10-23T22:11:32+05:30"
36,53,67,28,59.98,1635007323373,"2021-10-23T22:12:03+05:30"
36,55,71,28.01,59.99,1635007353966,"2021-10-23T22:12:33+05:30"
36,53,67,28.01,59.99,1635007384657,"2021-10-23T22:13:04+05:30"
36,52,67,28.02,59.96,1635007415116,"2021-10-23T22:13:35+05:30"
37,55,70,28.02,59.94,1635007445693,"2021-10-23T22:14:05+05:30"
36,54,70,28.02,59.94,1635007479697,"2021-10-23T22:14:39+05:30"
36,53,67,28.01,59.95,1635007510368,"2021-10-23T22:15:10+05:30"
36,56,71,28.01,59.95,1635007541169,"2021-10-23T22:15:41+05:30"
36,54,68,28.01,59.95,1635007561113,"2021-10-23T22:16:01+05:30"
36,55,71,28,59.93,1635007591690,"2021-10-23T22:16:31+05:30"
35,54,67,28,59.95,1635007622521,"2021-10-23T22:17:02+05:30"
35,53,70,28,60.01,1635007653090,"2021-10-23T22:17:33+05:30"
37,54,69,28,59.99,1635007684066,"2021-10-23T22:18:04+05:30"
36,53,69,28,59.99,1635007714537,"2021-10-23T22:18:34+05:30"
36,52,70,28,59.99,1635007745375,"2021-10-23T22:19:05+05:30"
37,54,69,27.99,59.95,1635007776124,"2021-10-23T22:19:36+05:30"
36,54,70,27.99,59.99,1635007806583,"2021-10-23T22:20:06+05:30"
37,55,68,27.99,59.98,1635007837165,"2021-10-23T22:20:37+05:30"
37,56,71,27.99,59.99,1635007867743,"2021-10-23T22:21:07+05:30"
35,51,67,27.99,59.94,1635007898368,"2021-10-23T22:21:38+05:30"
36,54,69,27.99,59.91,1635007928904,"2021-10-23T22:22:08+05:30"
37,53,68,27.99,59.89,1635007959551,"2021-10-23T22:22:39+05:30"
35,52,67,27.99,59.87,1635007990340,"2021-10-23T22:23:10+05:30"
36,54,67,27.99,59.84,1635008021253,"2021-10-23T22:23:41+05:30"
36,53,67,27.99,59.81,1635008052093,"2021-10-23T22:24:12+05:30"
35,52,67,28,59.8,1635008082696,"2021-10-23T22:24:42+05:30"
36,52,65,28,59.81,1635008113366,"2021-10-23T22:25:13+05:30"
36,53,68,28.01,59.79,1635008143850,"2021-10-23T22:25:43+05:30"
35,53,68,28,59.77,1635008174440,"2021-10-23T22:26:14+05:30"
36,52,67,28,59.8,1635008205035,"2021-10-23T22:26:45+05:30"
35,52,67,28,59.83,1635008235743,"2021-10-23T22:27:15+05:30"
34,51,66,28,59.82,1635008266188,"2021-10-23T22:27:46+05:30"
36,52,67,28,59.79,1635008296756,"2021-10-23T22:28:16+05:30"
35,53,67,28,59.79,1635008327360,"2021-10-23T22:28:47+05:30"
35,52,67,28,59.78,1635008360106,"2021-10-23T22:29:20+05:30"
34,51,66,28,59.78,1635008390698,"2021-10-23T22:29:50+05:30"
35,52,67,28,59.77,1635008421282,"2021-10-23T22:30:21+05:30"
36,53,68,28,59.73,1635008452076,"2021-10-23T22:30:52+05:30"
35,51,66,28,59.72,1635008482526,"2021-10-23T22:31:22+05:30"
34,51,65,28,59.73,1635008513089,"2021-10-23T22:31:53+05:30"
35,52,66,28,59.74,1635008543921,"2021-10-23T22:32:23+05:30"
35,52,67,28.01,59.75,1635008574296,"2021-10-23T22:32:54+05:30"
34,50,64,28.01,59.79,1635008605035,"2021-10-23T22:33:25+05:30"
34,50,65,28.02,59.79,1635008635446,"2021-10-23T22:33:55+05:30"
34,51,64,28.01,59.82,1635008666026,"2021-10-23T22:34:26+05:30"
34,51,64,28.01,59.85,1635008696612,"2021-10-23T22:34:56+05:30"
35,52,67,28.02,59.87,1635008727196,"2021-10-23T22:35:27+05:30"
34,51,66,28.03,59.88,1635008757820,"2021-10-23T22:35:57+05:30"
34,51,66,28.03,59.87,1635008788365,"2021-10-23T22:36:28+05:30"
34,51,65,28.03,59.89,1635008818951,"2021-10-23T22:36:58+05:30"
34,51,64,28.04,59.9,1635008849523,"2021-10-23T22:37:29+05:30"
34,51,63,28.03,59.92,1635008880317,"2021-10-23T22:38:00+05:30"
34,51,63,28.03,59.99,1635008910769,"2021-10-23T22:38:30+05:30"
36,51,65,28.03,59.97,1635008941322,"2021-10-23T22:39:01+05:30"
35,51,64,28.03,59.97,1635008971915,"2021-10-23T22:39:31+05:30"
33,50,65,28.04,59.99,1635009002608,"2021-10-23T22:40:02+05:30"
33,49,63,28.04,60,1635009033083,"2021-10-23T22:40:33+05:30"
33,50,65,28.04,60,1635009063661,"2021-10-23T22:41:03+05:30"
33,49,62,28.05,60.01,1635009094275,"2021-10-23T22:41:34+05:30"
34,49,62,28.05,60,1635009124848,"2021-10-23T22:42:04+05:30"
33,50,63,28.05,60,1635009155410,"2021-10-23T22:42:35+05:30"
34,49,62,28.04,60.02,1635009185982,"2021-10-23T22:43:05+05:30"
34,50,62,28.04,60.04,1635009216827,"2021-10-23T22:43:36+05:30"
34,51,64,28.04,60.05,1635009247190,"2021-10-23T22:44:07+05:30"
33,49,63,28.03,60.07,1635009279588,"2021-10-23T22:44:39+05:30"
33,50,64,28.03,60.1,1635009310129,"2021-10-23T22:45:10+05:30"
32,49,63,28.04,60.11,1635009340706,"2021-10-23T22:45:40+05:30"
33,49,61,28.04,60.08,1635009371372,"2021-10-23T22:46:11+05:30"
33,49,61,28.05,60.05,1635009401873,"2021-10-23T22:46:41+05:30"
34,50,63,28.05,60.03,1635009432652,"2021-10-23T22:47:12+05:30"
34,50,65,28.04,60.02,1635009463009,"2021-10-23T22:47:43+05:30"
34,50,63,28.04,59.93,1635009493729,"2021-10-23T22:48:13+05:30"
33,49,62,28.05,59.95,1635009524208,"2021-10-23T22:48:44+05:30"
32,48,60,28.2,61.67,1635009554803,"2021-10-23T22:49:14+05:30"
30,43,53,28.42,62.98,1635009585337,"2021-10-23T22:49:45+05:30"
30,44,54,28.6,62.27,1635009615949,"2021-10-23T22:50:15+05:30"
30,45,57,28.71,61.25,1635009646529,"2021-10-23T22:50:46+05:30"
23,41,64,28.44,56.72,1635009677217,"2021-10-23T22:51:17+05:30"
7,11,14,28.07,56.77,1635009707823,"2021-10-23T22:51:47+05:30"
4,7,8,27.8,57.54,1635009738343,"2021-10-23T22:52:18+05:30"
3,3,4,27.58,57.75,1635009768909,"2021-10-23T22:52:48+05:30"
5,6,7,27.43,58.46,1635009799493,"2021-10-23T22:53:19+05:30"
4,6,7,27.3,58.49,1635009830285,"2021-10-23T22:53:50+05:30"
3,3,4,27.24,59.35,1635009860634,"2021-10-23T22:54:20+05:30"
4,5,7,27.18,59.53,1635009891219,"2021-10-23T22:54:51+05:30"
5,6,6,27.14,59.5,1635009921766,"2021-10-23T22:55:21+05:30"
2,3,3,27.07,59.37,1635009995009,"2021-10-23T22:56:35+05:30"
3,4,5,27.06,59.39,1635010025732,"2021-10-23T22:57:05+05:30"
4,5,6,27.04,59.52,1635010056293,"2021-10-23T22:57:36+05:30"
5,5,7,27.04,59.49,1635010086894,"2021-10-23T22:58:06+05:30"
4,4,8,27.05,59.61,1635010117421,"2021-10-23T22:58:37+05:30"
3,4,4,27.08,60.25,1635010147981,"2021-10-23T22:59:07+05:30"
4,5,7,27.05,59.86,1635010178574,"2021-10-23T22:59:38+05:30"
3,3,3,27.01,59.99,1635010209386,"2021-10-23T23:00:09+05:30"
3,4,4,26.98,60.05,1635010239946,"2021-10-23T23:00:39+05:30"
4,5,6,26.95,60.07,1635010270497,"2021-10-23T23:01:10+05:30"
43,44,502,26.93,60.19,1635010301087,"2021-10-23T23:01:41+05:30"
3,4,4,26.89,59.94,1635010331660,"2021-10-23T23:02:11+05:30"
4,5,5,26.85,59.65,1635010362216,"2021-10-23T23:02:42+05:30"
4,6,6,26.83,60.27,1635010392773,"2021-10-23T23:03:12+05:30"
2,3,5,26.86,61.06,1635010423365,"2021-10-23T23:03:43+05:30"
4,5,6,26.92,60.51,1635010453934,"2021-10-23T23:04:13+05:30"
2,2,2,26.91,60.08,1635010484503,"2021-10-23T23:04:44+05:30"
3,3,3,26.95,60.78,1635010515065,"2021-10-23T23:05:15+05:30"
3,4,4,26.98,60.89,1635010545634,"2021-10-23T23:05:45+05:30"
3,3,5,26.94,60.18,1635010576369,"2021-10-23T23:06:16+05:30"
3,3,6,26.92,60.3,1635010606844,"2021-10-23T23:06:46+05:30"
2,4,7,26.89,60.47,1635010637603,"2021-10-23T23:07:17+05:30"
3,4,4,26.85,60.66,1635010668105,"2021-10-23T23:07:48+05:30"
5,6,7,26.82,60.6,1635010698645,"2021-10-23T23:08:18+05:30"
3,4,5,26.82,60.53,1635010729205,"2021-10-23T23:08:49+05:30"
3,4,4,26.83,60.38,1635010759770,"2021-10-23T23:09:19+05:30"
4,4,5,26.83,60.6,1635010790322,"2021-10-23T23:09:50+05:30"
3,3,4,26.84,60.61,1635010820913,"2021-10-23T23:10:20+05:30"
3,4,5,26.85,60.75,1635010851483,"2021-10-23T23:10:51+05:30"
2,2,2,26.84,59.95,1635010881726,"2021-10-23T23:11:21+05:30"
3,4,43,26.84,59.89,1635010912533,"2021-10-23T23:11:52+05:30"
3,4,4,26.85,60.03,1635010943476,"2021-10-23T23:12:23+05:30"
4,4,5,26.85,59.79,1635010974195,"2021-10-23T23:12:54+05:30"
3,4,5,26.85,59.71,1635011005022,"2021-10-23T23:13:25+05:30"
2,3,3,26.85,59.58,1635011035605,"2021-10-23T23:13:55+05:30"
3,4,4,26.84,59.81,1635011066712,"2021-10-23T23:14:26+05:30"
3,3,3,26.83,60.01,1635011097193,"2021-10-23T23:14:57+05:30"
3,4,5,26.82,59.9,1635011127762,"2021-10-23T23:15:27+05:30"
2,4,5,26.84,59.82,1635011158315,"2021-10-23T23:15:58+05:30"
18,26,365,26.85,59.98,1635011188882,"2021-10-23T23:16:28+05:30"
4,5,6,26.85,60.23,1635011219450,"2021-10-23T23:16:59+05:30"
3,3,4,26.84,60.11,1635011250752,"2021-10-23T23:17:30+05:30"
3,5,5,26.85,60.64,1635011280794,"2021-10-23T23:18:00+05:30"
2,49,870,26.84,60.2,1635011311624,"2021-10-23T23:18:31+05:30"
1,2,2,26.82,60.12,1635011342429,"2021-10-23T23:19:02+05:30"
4,4,5,26.81,60.16,1635011373119,"2021-10-23T23:19:33+05:30"
3,3,3,26.81,60.23,1635011403874,"2021-10-23T23:20:03+05:30"
2,3,3,26.8,60.37,1635011434448,"2021-10-23T23:20:34+05:30"
2,3,4,26.79,60.19,1635011465070,"2021-10-23T23:21:05+05:30"
2,3,3,26.79,60.26,1635011495745,"2021-10-23T23:21:35+05:30"
2,27,1379,26.8,60.14,1635011526319,"2021-10-23T23:22:06+05:30"
3,4,5,26.82,60.66,1635011556882,"2021-10-23T23:22:36+05:30"
4,4,5,26.82,60.83,1635011587562,"2021-10-23T23:23:07+05:30"
3,3,4,26.84,60.86,1635011618329,"2021-10-23T23:23:38+05:30"
2,4,6,26.86,61.09,1635011649125,"2021-10-23T23:24:09+05:30"
3,3,4,26.86,61.24,1635011679869,"2021-10-23T23:24:39+05:30"
1,2,3,26.85,60.23,1635011710447,"2021-10-23T23:25:10+05:30"
4,4,4,26.86,60.39,1635011741038,"2021-10-23T23:25:41+05:30"
3,4,4,26.85,59.96,1635011775282,"2021-10-23T23:26:15+05:30"
4,4,4,26.85,60.04,1635011805847,"2021-10-23T23:26:45+05:30"
3,4,5,26.85,59.93,1635011836396,"2021-10-23T23:27:16+05:30"
4,4,5,26.84,59.96,1635011866985,"2021-10-23T23:27:46+05:30"
4,6,7,26.83,60.22,1635011897667,"2021-10-23T23:28:17+05:30"
17,18,1871,26.85,60.68,1635011928234,"2021-10-23T23:28:48+05:30"
3,4,5,26.83,60.19,1635011958809,"2021-10-23T23:29:18+05:30"
2,3,3,26.82,60.21,1635011989430,"2021-10-23T23:29:49+05:30"
2,4,5,26.82,60.22,1635012019940,"2021-10-23T23:30:19+05:30"
4,5,6,26.81,60.16,1635012050573,"2021-10-23T23:30:50+05:30"
4,5,5,26.81,60.3,1635012081092,"2021-10-23T23:31:21+05:30"
3,4,6,26.81,60.35,1635012111665,"2021-10-23T23:31:51+05:30"
4,5,7,26.81,60.19,1635012142247,"2021-10-23T23:32:22+05:30"
2,3,6,26.8,60.25,1635012172789,"2021-10-23T23:32:52+05:30"
3,4,5,26.81,60.31,1635012203364,"2021-10-23T23:33:23+05:30"
4,5,5,26.82,60.62,1635012233931,"2021-10-23T23:33:53+05:30"
4,5,5,26.84,60.62,1635012264495,"2021-10-23T23:34:24+05:30"
3,4,4,26.83,60.37,1635012295188,"2021-10-23T23:34:55+05:30"
3,4,4,26.83,59.98,1635012325638,"2021-10-23T23:35:25+05:30"
2,2,3,26.83,59.91,1635012356218,"2021-10-23T23:35:56+05:30"
3,4,27,26.83,59.88,1635012386780,"2021-10-23T23:36:26+05:30"
4,5,5,26.83,60.06,1635012417385,"2021-10-23T23:36:57+05:30"
3,4,4,26.83,60.11,1635012447914,"2021-10-23T23:37:27+05:30"
35,36,650,26.82,59.89,1635012478517,"2021-10-23T23:37:58+05:30"
2,3,3,26.82,59.94,1635012509102,"2021-10-23T23:38:29+05:30"
3,4,4,26.82,59.92,1635012539672,"2021-10-23T23:38:59+05:30"
2,3,4,26.82,60,1635012570226,"2021-10-23T23:39:30+05:30"
4,4,4,26.82,59.84,1635012600794,"2021-10-23T23:40:00+05:30"
4,5,6,26.82,59.85,1635012631352,"2021-10-23T23:40:31+05:30"
3,3,4,26.83,59.88,1635012661952,"2021-10-23T23:41:01+05:30"
3,53,1797,26.83,59.79,1635012695740,"2021-10-23T23:41:35+05:30"
3,4,4,26.83,59.71,1635012726425,"2021-10-23T23:42:06+05:30"
3,4,4,26.83,59.94,1635012756885,"2021-10-23T23:42:36+05:30"
2,3,3,26.84,60.11,1635012787458,"2021-10-23T23:43:07+05:30"
4,5,6,26.83,60.14,1635012818021,"2021-10-23T23:43:38+05:30"
3,4,7,26.83,60.07,1635012848575,"2021-10-23T23:44:08+05:30"
3,5,6,26.83,60.01,1635012879368,"2021-10-23T23:44:39+05:30"
3,4,5,26.83,59.84,1635012910034,"2021-10-23T23:45:10+05:30"
5,6,8,26.82,59.82,1635012940523,"2021-10-23T23:45:40+05:30"
4,5,5,26.82,59.88,1635012971085,"2021-10-23T23:46:11+05:30"
4,4,5,26.8,59.87,1635013001682,"2021-10-23T23:46:41+05:30"
2,2,3,26.8,59.92,1635013032221,"2021-10-23T23:47:12+05:30"
3,4,5,26.8,59.96,1635013062797,"2021-10-23T23:47:42+05:30"
2,2,2,26.8,59.99,1635013093350,"2021-10-23T23:48:13+05:30"
3,3,3,26.8,60,1635013123915,"2021-10-23T23:48:43+05:30"
2,3,3,26.8,60.13,1635013154618,"2021-10-23T23:49:14+05:30"
3,4,40,26.79,60.56,1635013185060,"2021-10-23T23:49:45+05:30"
4,6,7,26.8,60.55,1635013215645,"2021-10-23T23:50:15+05:30"
4,6,7,26.8,60.32,1635013246213,"2021-10-23T23:50:46+05:30"
3,4,5,26.8,60.4,1635013276770,"2021-10-23T23:51:16+05:30"
3,4,4,26.81,60.41,1635013307331,"2021-10-23T23:51:47+05:30"
4,4,4,26.81,60.25,1635013338469,"2021-10-23T23:52:18+05:30"
4,5,6,26.85,60.88,1635013368688,"2021-10-23T23:52:48+05:30"
2,3,3,26.87,61.05,1635013399074,"2021-10-23T23:53:19+05:30"
2,3,3,26.86,60.3,1635013429617,"2021-10-23T23:53:49+05:30"
5,6,8,26.84,60.21,1635013460188,"2021-10-23T23:54:20+05:30"
4,4,4,26.84,60.33,1635013490750,"2021-10-23T23:54:50+05:30"
3,3,4,26.83,60.34,1635013521319,"2021-10-23T23:55:21+05:30"
4,4,5,26.82,60.48,1635013551883,"2021-10-23T23:55:51+05:30"
3,4,5,26.82,60.5,1635013576198,"2021-10-23T23:56:16+05:30"
3,4,5,26.81,60.31,1635013606767,"2021-10-23T23:56:46+05:30"
4,4,4,26.81,60.57,1635013637350,"2021-10-23T23:57:17+05:30"
4,4,6,26.82,60.47,1635013668067,"2021-10-23T23:57:48+05:30"
4,4,4,26.81,60.22,1635013698683,"2021-10-23T23:58:18+05:30"
3,5,6,26.8,60.33,1635013729219,"2021-10-23T23:58:49+05:30"
3,4,5,26.82,60.71,1635013759792,"2021-10-23T23:59:19+05:30"