"pm1_0","pm2_5","pm10","temp","humid","createdAt","localtime"
41,59,70,31.69,78.75,1633177886120,"2021-10-02T18:01:26+05:30"
38,57,70,31.74,78.58,1633177916687,"2021-10-02T18:01:56+05:30"
39,57,70,31.78,78.44,1633177947278,"2021-10-02T18:02:27+05:30"
39,57,70,31.78,78.44,1633177950219,"2021-10-02T18:02:30+05:30"
37,55,69,31.81,78.3,1633177977834,"2021-10-02T18:02:57+05:30"
38,57,70,31.85,78.46,1633178008390,"2021-10-02T18:03:28+05:30"
40,59,70,31.9,77.98,1633178038968,"2021-10-02T18:03:58+05:30"
40,59,71,31.89,77.71,1633178069532,"2021-10-02T18:04:29+05:30"
41,60,72,31.89,77.75,1633178100106,"2021-10-02T18:05:00+05:30"
42,61,72,31.89,77.73,1633178130732,"2021-10-02T18:05:30+05:30"
42,61,72,31.89,77.73,1633178132228,"2021-10-02T18:05:32+05:30"
42,61,72,31.89,77.62,1633178161240,"2021-10-02T18:06:01+05:30"
43,64,73,31.91,77.13,1633178191826,"2021-10-02T18:06:31+05:30"
40,60,71,31.92,76.49,1633178222369,"2021-10-02T18:07:02+05:30"
41,61,75,31.88,79.62,1633178253145,"2021-10-02T18:07:33+05:30"
42,59,70,31.8,80.33,1633178283717,"2021-10-02T18:08:03+05:30"
49,76,84,31.83,81.62,1633178314299,"2021-10-02T18:08:34+05:30"
70,108,123,32,77.85,1633178344870,"2021-10-02T18:09:04+05:30"
103,199,242,32.07,76.82,1633178375646,"2021-10-02T18:09:35+05:30"
81,120,131,32.14,76.34,1633178406025,"2021-10-02T18:10:06+05:30"
78,112,121,32.16,76.1,1633178436989,"2021-10-02T18:10:36+05:30"
72,104,113,32.17,75.98,1633178467144,"2021-10-02T18:11:07+05:30"
68,103,110,32.17,75.97,1633178497715,"2021-10-02T18:11:37+05:30"
64,95,102,32.16,76,1633178528290,"2021-10-02T18:12:08+05:30"
64,95,102,32.15,76.06,1633178558855,"2021-10-02T18:12:38+05:30"
60,87,92,32.14,75.99,1633178589431,"2021-10-02T18:13:09+05:30"
58,84,91,32.15,75.99,1633178619994,"2021-10-02T18:13:39+05:30"
56,87,92,32.15,75.93,1633178650565,"2021-10-02T18:14:10+05:30"
58,85,88,32.15,75.84,1633178681130,"2021-10-02T18:14:41+05:30"
54,79,85,32.15,75.78,1633178711713,"2021-10-02T18:15:11+05:30"
53,77,82,32.15,75.84,1633178742373,"2021-10-02T18:15:42+05:30"
55,78,85,32.15,75.87,1633178772862,"2021-10-02T18:16:12+05:30"
52,75,82,32.16,75.81,1633178804760,"2021-10-02T18:16:44+05:30"
51,74,79,32.16,75.8,1633178835274,"2021-10-02T18:17:15+05:30"
51,73,77,32.15,75.83,1633178865859,"2021-10-02T18:17:45+05:30"
50,74,78,32.14,75.81,1633178896393,"2021-10-02T18:18:16+05:30"
50,72,78,32.15,75.75,1633178927013,"2021-10-02T18:18:47+05:30"
47,70,76,32.15,75.75,1633178957563,"2021-10-02T18:19:17+05:30"
48,68,76,32.15,75.8,1633178988107,"2021-10-02T18:19:48+05:30"
47,73,79,32.14,75.82,1633179018891,"2021-10-02T18:20:18+05:30"
47,69,76,32.13,75.93,1633179049352,"2021-10-02T18:20:49+05:30"
49,71,79,32.15,75.95,1633179079967,"2021-10-02T18:21:19+05:30"
49,69,76,32.15,75.94,1633179110517,"2021-10-02T18:21:50+05:30"
48,70,76,32.16,75.94,1633179141066,"2021-10-02T18:22:21+05:30"
48,68,75,32.16,75.93,1633179171649,"2021-10-02T18:22:51+05:30"
45,67,76,32.16,75.92,1633179202206,"2021-10-02T18:23:22+05:30"
48,67,75,32.16,75.93,1633179232772,"2021-10-02T18:23:52+05:30"
50,73,78,32.18,75.94,1633179263340,"2021-10-02T18:24:23+05:30"
50,74,84,32.27,76.13,1633179293913,"2021-10-02T18:24:53+05:30"
47,67,76,32.67,75.16,1633179324487,"2021-10-02T18:25:24+05:30"
48,69,76,33,73.93,1633179355452,"2021-10-02T18:25:55+05:30"
50,73,79,33.3,72.82,1633179385620,"2021-10-02T18:26:25+05:30"
47,72,78,33.38,72.17,1633179416188,"2021-10-02T18:26:56+05:30"
46,66,76,32.91,74.34,1633179447283,"2021-10-02T18:27:27+05:30"
42,56,70,32.64,75.71,1633179477347,"2021-10-02T18:27:57+05:30"
39,58,70,32.47,76.43,1633179507902,"2021-10-02T18:28:27+05:30"
41,60,72,32.36,76.89,1633179538475,"2021-10-02T18:28:58+05:30"
41,61,73,32.3,77.18,1633179569050,"2021-10-02T18:29:29+05:30"
41,59,71,32.26,77.38,1633179599612,"2021-10-02T18:29:59+05:30"
42,62,73,32.29,77.58,1633179630185,"2021-10-02T18:30:30+05:30"
43,64,75,32.32,77.46,1633179660744,"2021-10-02T18:31:00+05:30"
44,65,74,32.34,77.36,1633179685231,"2021-10-02T18:31:25+05:30"
44,61,74,32.36,77.36,1633179715324,"2021-10-02T18:31:55+05:30"
46,65,75,32.4,76.88,1633179745911,"2021-10-02T18:32:25+05:30"
41,62,71,32.17,76.48,1633179776466,"2021-10-02T18:32:56+05:30"
41,61,71,32.05,76.6,1633179807046,"2021-10-02T18:33:27+05:30"
49,71,77,32.03,76.62,1633179837606,"2021-10-02T18:33:57+05:30"
49,71,77,32.03,76.69,1633179868204,"2021-10-02T18:34:28+05:30"
47,69,77,32.06,76.64,1633179898745,"2021-10-02T18:34:58+05:30"
46,70,77,32.07,76.58,1633179929341,"2021-10-02T18:35:29+05:30"
47,68,77,32.08,76.59,1633179959893,"2021-10-02T18:35:59+05:30"
48,71,79,32.08,76.67,1633179990484,"2021-10-02T18:36:30+05:30"
48,70,78,32.05,76.77,1633180021276,"2021-10-02T18:37:01+05:30"
48,68,77,32.04,76.86,1633180051871,"2021-10-02T18:37:31+05:30"
47,70,78,32.02,76.94,1633180082545,"2021-10-02T18:38:02+05:30"
47,71,79,32.01,76.99,1633180114400,"2021-10-02T18:38:34+05:30"
47,69,75,32.02,76.98,1633180145168,"2021-10-02T18:39:05+05:30"
47,70,78,32.01,77.12,1633180175661,"2021-10-02T18:39:35+05:30"
47,70,76,32.03,77.28,1633180206278,"2021-10-02T18:40:06+05:30"
47,70,77,32.02,77.34,1633180236796,"2021-10-02T18:40:36+05:30"
47,70,77,31.99,77.4,1633180267370,"2021-10-02T18:41:07+05:30"
47,68,76,31.95,77.48,1633180297936,"2021-10-02T18:41:37+05:30"
46,67,75,31.93,77.54,1633180328725,"2021-10-02T18:42:08+05:30"
47,70,77,31.9,77.56,1633180359081,"2021-10-02T18:42:39+05:30"
46,68,76,31.88,77.53,1633180389653,"2021-10-02T18:43:09+05:30"
48,71,80,31.88,77.56,1633180420222,"2021-10-02T18:43:40+05:30"
47,70,78,31.9,77.54,1633180450934,"2021-10-02T18:44:10+05:30"
47,69,77,31.93,77.49,1633180481446,"2021-10-02T18:44:41+05:30"
47,70,80,31.96,77.41,1633180512011,"2021-10-02T18:45:12+05:30"
45,65,74,31.98,77.35,1633180542584,"2021-10-02T18:45:42+05:30"
44,66,75,32,77.32,1633180573168,"2021-10-02T18:46:13+05:30"
44,67,76,32.01,77.54,1633180604947,"2021-10-02T18:46:44+05:30"
45,69,76,32.01,77.74,1633180635504,"2021-10-02T18:47:15+05:30"
47,69,77,32.02,77.82,1633180666090,"2021-10-02T18:47:46+05:30"
46,67,77,32,77.89,1633180696644,"2021-10-02T18:48:16+05:30"
48,70,77,31.99,78.02,1633180727217,"2021-10-02T18:48:47+05:30"
48,69,78,31.98,78.12,1633180757784,"2021-10-02T18:49:17+05:30"
46,68,76,31.98,78.19,1633180788352,"2021-10-02T18:49:48+05:30"
46,71,77,31.98,78.18,1633180818923,"2021-10-02T18:50:18+05:30"
45,69,77,32.01,78.06,1633180849498,"2021-10-02T18:50:49+05:30"
47,70,77,32.03,77.93,1633180880160,"2021-10-02T18:51:20+05:30"
47,68,77,32.05,77.84,1633180910633,"2021-10-02T18:51:50+05:30"
46,67,75,32.06,77.79,1633180941204,"2021-10-02T18:52:21+05:30"
48,71,78,32.06,77.74,1633180971774,"2021-10-02T18:52:51+05:30"
47,68,76,32.07,77.69,1633181002380,"2021-10-02T18:53:22+05:30"
47,69,76,32.09,77.58,1633181032935,"2021-10-02T18:53:52+05:30"
46,68,76,32.09,77.57,1633181063507,"2021-10-02T18:54:23+05:30"
47,70,77,32.09,77.6,1633181094154,"2021-10-02T18:54:54+05:30"
45,68,77,32.08,77.6,1633181124899,"2021-10-02T18:55:24+05:30"
46,70,77,32.06,77.66,1633181155204,"2021-10-02T18:55:55+05:30"
47,70,77,32.06,77.66,1633181185789,"2021-10-02T18:56:25+05:30"
46,67,76,32.08,77.61,1633181216346,"2021-10-02T18:56:56+05:30"
45,69,77,32.09,77.6,1633181246940,"2021-10-02T18:57:26+05:30"
46,68,77,32.09,77.58,1633181277556,"2021-10-02T18:57:57+05:30"
46,70,77,32.08,77.61,1633181308051,"2021-10-02T18:58:28+05:30"
46,69,79,32.07,77.68,1633181338625,"2021-10-02T18:58:58+05:30"
46,68,77,32.05,77.76,1633181369203,"2021-10-02T18:59:29+05:30"
47,69,76,32.02,77.82,1633181399782,"2021-10-02T18:59:59+05:30"
46,69,76,32.01,77.9,1633181430347,"2021-10-02T19:00:30+05:30"
47,68,77,32,77.91,1633181460917,"2021-10-02T19:01:00+05:30"
45,67,75,32,77.91,1633181487150,"2021-10-02T19:01:27+05:30"
46,68,76,31.99,77.94,1633181517234,"2021-10-02T19:01:57+05:30"
46,69,78,31.98,77.99,1633181547787,"2021-10-02T19:02:27+05:30"
47,68,76,31.97,78.04,1633181578378,"2021-10-02T19:02:58+05:30"
47,68,75,31.96,78.19,1633181608933,"2021-10-02T19:03:28+05:30"
47,69,76,31.97,78.32,1633181639518,"2021-10-02T19:03:59+05:30"
47,69,78,31.98,78.35,1633181670073,"2021-10-02T19:04:30+05:30"
48,68,76,31.98,78.38,1633181700653,"2021-10-02T19:05:00+05:30"
46,66,75,32,78.37,1633181731228,"2021-10-02T19:05:31+05:30"
45,67,76,32.01,78.33,1633181761828,"2021-10-02T19:06:01+05:30"
46,69,76,32,78.33,1633181792358,"2021-10-02T19:06:32+05:30"
46,69,79,31.99,78.36,1633181823014,"2021-10-02T19:07:03+05:30"
48,70,79,31.98,78.41,1633181854011,"2021-10-02T19:07:34+05:30"
48,72,78,31.97,78.47,1633181884174,"2021-10-02T19:08:04+05:30"
49,70,78,31.97,78.53,1633181914737,"2021-10-02T19:08:34+05:30"
47,68,77,31.97,78.52,1633181945310,"2021-10-02T19:09:05+05:30"
47,71,80,31.96,78.6,1633181975887,"2021-10-02T19:09:35+05:30"
48,72,80,31.97,78.65,1633182006446,"2021-10-02T19:10:06+05:30"
48,71,79,31.98,78.63,1633182037026,"2021-10-02T19:10:37+05:30"
48,70,77,32,78.59,1633182067954,"2021-10-02T19:11:07+05:30"
48,69,77,32.01,78.57,1633182098698,"2021-10-02T19:11:38+05:30"
48,71,78,32,78.57,1633182129532,"2021-10-02T19:12:09+05:30"
47,73,81,31.99,78.61,1633182160529,"2021-10-02T19:12:40+05:30"
48,71,78,31.99,78.62,1633182191042,"2021-10-02T19:13:11+05:30"
49,74,80,31.98,78.63,1633182222702,"2021-10-02T19:13:42+05:30"
47,70,79,31.97,78.67,1633182253355,"2021-10-02T19:14:13+05:30"
49,67,76,31.96,78.68,1633182283925,"2021-10-02T19:14:43+05:30"
48,72,78,31.97,78.65,1633182314497,"2021-10-02T19:15:14+05:30"
50,68,76,31.98,78.61,1633182345077,"2021-10-02T19:15:45+05:30"
48,71,78,31.99,78.56,1633182375659,"2021-10-02T19:16:15+05:30"
50,74,78,32,78.52,1633182407971,"2021-10-02T19:16:47+05:30"
51,77,83,32,78.52,1633182437994,"2021-10-02T19:17:17+05:30"
51,76,82,32,78.51,1633182468581,"2021-10-02T19:17:48+05:30"
49,77,83,32,78.53,1633182499136,"2021-10-02T19:18:19+05:30"
51,75,82,32.01,78.5,1633182529745,"2021-10-02T19:18:49+05:30"
53,80,85,32.02,78.47,1633182560315,"2021-10-02T19:19:20+05:30"
51,77,84,32.02,78.47,1633182590844,"2021-10-02T19:19:50+05:30"
51,77,85,32.02,78.48,1633182621892,"2021-10-02T19:20:21+05:30"
50,74,81,32.03,78.49,1633182652068,"2021-10-02T19:20:52+05:30"
50,77,82,32.02,78.49,1633182682629,"2021-10-02T19:21:22+05:30"
50,74,79,32.01,78.54,1633182713365,"2021-10-02T19:21:53+05:30"
50,74,82,32.01,78.58,1633182743772,"2021-10-02T19:22:23+05:30"
49,71,80,32.02,78.57,1633182774327,"2021-10-02T19:22:54+05:30"
51,76,82,32.02,78.59,1633182804933,"2021-10-02T19:23:24+05:30"
50,108,388,32.03,78.58,1633182858462,"2021-10-02T19:24:18+05:30"
63,96,102,32.07,79.64,1633183846742,"2021-10-02T19:40:46+05:30"
66,96,104,31.93,79.58,1633183877503,"2021-10-02T19:41:17+05:30"
67,103,114,31.89,79.75,1633183908942,"2021-10-02T19:41:48+05:30"
68,101,113,31.9,79.74,1633183939557,"2021-10-02T19:42:19+05:30"
66,99,108,31.93,79.62,1633183970097,"2021-10-02T19:42:50+05:30"
66,100,108,31.95,79.53,1633184000725,"2021-10-02T19:43:20+05:30"
64,100,110,31.96,79.49,1633184031300,"2021-10-02T19:43:51+05:30"
65,98,106,31.97,79.44,1633184061885,"2021-10-02T19:44:21+05:30"
65,100,112,31.98,79.39,1633184092829,"2021-10-02T19:44:52+05:30"
64,99,109,31.99,79.34,1633184123485,"2021-10-02T19:45:23+05:30"
64,100,107,32,79.31,1633184153922,"2021-10-02T19:45:53+05:30"
65,100,111,32.01,79.26,1633184184785,"2021-10-02T19:46:24+05:30"
64,100,111,32.02,79.23,1633184215125,"2021-10-02T19:46:55+05:30"
65,98,108,32.03,79.17,1633184245723,"2021-10-02T19:47:25+05:30"
61,93,101,32.03,79.15,1633184276300,"2021-10-02T19:47:56+05:30"
64,98,107,32.03,79.16,1633184306879,"2021-10-02T19:48:26+05:30"
66,102,111,32.04,79.2,1633184337457,"2021-10-02T19:48:57+05:30"
68,101,107,32.04,79.31,1633184368025,"2021-10-02T19:49:28+05:30"
69,106,118,32.04,79.36,1633184398625,"2021-10-02T19:49:58+05:30"
69,107,118,32.04,79.46,1633184429238,"2021-10-02T19:50:29+05:30"
70,107,120,32.05,79.53,1633184459783,"2021-10-02T19:50:59+05:30"
69,106,121,32.05,79.57,1633184490345,"2021-10-02T19:51:30+05:30"
70,106,121,32.06,79.59,1633184521019,"2021-10-02T19:52:01+05:30"
69,105,117,32.06,79.59,1633184551842,"2021-10-02T19:52:31+05:30"
68,100,111,32.05,79.61,1633184582186,"2021-10-02T19:53:02+05:30"
66,101,111,32.07,79.78,1633184612781,"2021-10-02T19:53:32+05:30"
67,104,115,32.07,79.82,1633184643343,"2021-10-02T19:54:03+05:30"
68,102,112,32.08,79.86,1633184673929,"2021-10-02T19:54:33+05:30"
66,104,117,32.09,79.86,1633184704514,"2021-10-02T19:55:04+05:30"
66,104,110,32.1,79.86,1633184734706,"2021-10-02T19:55:34+05:30"
68,104,112,32.1,79.86,1633184764813,"2021-10-02T19:56:04+05:30"
69,104,112,32.1,79.84,1633184795410,"2021-10-02T19:56:35+05:30"
67,103,113,32.11,79.84,1633184826015,"2021-10-02T19:57:06+05:30"
66,103,113,32.1,79.85,1633184856743,"2021-10-02T19:57:36+05:30"
67,103,113,32.1,79.87,1633184887506,"2021-10-02T19:58:07+05:30"
68,103,112,32.1,79.89,1633184918508,"2021-10-02T19:58:38+05:30"
66,103,112,32.1,79.91,1633184949028,"2021-10-02T19:59:09+05:30"
68,104,112,32.1,79.98,1633184979636,"2021-10-02T19:59:39+05:30"
68,105,113,32.1,80.03,1633185011341,"2021-10-02T20:00:11+05:30"
67,103,112,32.09,80.06,1633185041904,"2021-10-02T20:00:41+05:30"
66,101,110,32.09,80.07,1633185072493,"2021-10-02T20:01:12+05:30"
66,102,117,32.1,80.04,1633185103059,"2021-10-02T20:01:43+05:30"
68,102,112,32.1,80.03,1633185133627,"2021-10-02T20:02:13+05:30"
67,101,111,32.1,80.06,1633185164232,"2021-10-02T20:02:44+05:30"
64,98,108,32.1,80.03,1633185194812,"2021-10-02T20:03:14+05:30"
66,97,107,32.1,80.06,1633185225381,"2021-10-02T20:03:45+05:30"
65,96,106,32.09,80.05,1633185255978,"2021-10-02T20:04:15+05:30"
65,97,106,32.09,80.08,1633185286925,"2021-10-02T20:04:46+05:30"
65,97,106,32.09,80.11,1633185317529,"2021-10-02T20:05:17+05:30"
63,95,100,32.09,80.11,1633185347939,"2021-10-02T20:05:47+05:30"
63,99,107,32.09,80.11,1633185378511,"2021-10-02T20:06:18+05:30"
63,95,105,32.08,80.1,1633185409088,"2021-10-02T20:06:49+05:30"
62,93,104,32.06,80.13,1633185439691,"2021-10-02T20:07:19+05:30"
62,95,103,32.05,80.15,1633185470286,"2021-10-02T20:07:50+05:30"
63,95,104,32.04,80.2,1633185500847,"2021-10-02T20:08:20+05:30"
63,93,103,32.04,80.21,1633185531429,"2021-10-02T20:08:51+05:30"
61,93,101,32.04,80.24,1633185562023,"2021-10-02T20:09:22+05:30"
62,94,106,32.04,80.27,1633185592616,"2021-10-02T20:09:52+05:30"
59,91,100,32.05,80.29,1633185627910,"2021-10-02T20:10:27+05:30"
60,91,100,32.05,80.27,1633185658543,"2021-10-02T20:10:58+05:30"
57,86,97,32.07,80.26,1633185689083,"2021-10-02T20:11:29+05:30"
60,90,97,32.08,80.22,1633185719660,"2021-10-02T20:11:59+05:30"
57,87,94,32.09,80.21,1633185750242,"2021-10-02T20:12:30+05:30"
58,89,97,32.09,80.21,1633185780839,"2021-10-02T20:13:00+05:30"
58,88,95,32.09,80.21,1633185811410,"2021-10-02T20:13:31+05:30"
59,86,93,32.1,80.35,1633185841986,"2021-10-02T20:14:01+05:30"
59,85,94,32.11,80.45,1633185872579,"2021-10-02T20:14:32+05:30"
58,87,94,32.13,80.48,1633185903169,"2021-10-02T20:15:03+05:30"
58,86,94,32.13,80.56,1633185933751,"2021-10-02T20:15:33+05:30"
58,88,96,32.13,80.61,1633185964311,"2021-10-02T20:16:04+05:30"
57,88,95,32.13,80.7,1633185994909,"2021-10-02T20:16:34+05:30"
57,87,95,32.14,80.7,1633186025503,"2021-10-02T20:17:05+05:30"
58,89,99,32.14,80.75,1633186056074,"2021-10-02T20:17:36+05:30"
59,92,99,32.14,80.81,1633186086638,"2021-10-02T20:18:06+05:30"
58,88,98,32.16,80.79,1633186117330,"2021-10-02T20:18:37+05:30"
58,86,94,32.17,80.77,1633186147918,"2021-10-02T20:19:07+05:30"
59,86,91,32.16,80.8,1633186178508,"2021-10-02T20:19:38+05:30"
56,83,90,32.17,80.84,1633186209100,"2021-10-02T20:20:09+05:30"
58,83,91,32.17,80.85,1633186239648,"2021-10-02T20:20:39+05:30"
56,86,93,32.17,80.92,1633186270247,"2021-10-02T20:21:10+05:30"
57,85,93,32.17,80.94,1633186300836,"2021-10-02T20:21:40+05:30"
56,81,89,32.17,80.95,1633186331409,"2021-10-02T20:22:11+05:30"
55,80,88,32.17,80.99,1633186362211,"2021-10-02T20:22:42+05:30"
57,86,93,32.18,81.06,1633186392813,"2021-10-02T20:23:12+05:30"
56,83,92,32.17,81.08,1633186413285,"2021-10-02T20:23:33+05:30"
55,82,89,32.17,81,1633186444277,"2021-10-02T20:24:04+05:30"
54,80,85,32.16,80.95,1633186474707,"2021-10-02T20:24:34+05:30"
54,81,89,32.16,80.92,1633186505290,"2021-10-02T20:25:05+05:30"
54,83,88,32.16,80.85,1633186535712,"2021-10-02T20:25:35+05:30"
54,80,85,32.17,80.79,1633186565821,"2021-10-02T20:26:05+05:30"
56,83,91,32.17,80.74,1633186596400,"2021-10-02T20:26:36+05:30"
55,83,89,32.17,80.68,1633186626993,"2021-10-02T20:27:06+05:30"
55,83,89,32.16,80.68,1633186657575,"2021-10-02T20:27:37+05:30"
54,82,88,32.16,80.63,1633186688130,"2021-10-02T20:28:08+05:30"
53,80,87,32.17,80.57,1633186718731,"2021-10-02T20:28:38+05:30"
55,82,88,32.17,80.53,1633186749322,"2021-10-02T20:29:09+05:30"
54,82,89,32.16,80.53,1633186779936,"2021-10-02T20:29:39+05:30"
53,77,83,32.17,80.49,1633186810470,"2021-10-02T20:30:10+05:30"
51,76,83,32.17,80.45,1633186841160,"2021-10-02T20:30:41+05:30"
53,78,81,32.16,80.44,1633186871674,"2021-10-02T20:31:11+05:30"
52,78,82,32.16,80.44,1633186903126,"2021-10-02T20:31:43+05:30"
51,77,82,32.15,80.43,1633186933882,"2021-10-02T20:32:13+05:30"
52,75,80,32.14,80.45,1633186964480,"2021-10-02T20:32:44+05:30"
52,77,82,32.15,80.41,1633186995043,"2021-10-02T20:33:15+05:30"
50,76,84,32.16,80.38,1633187025695,"2021-10-02T20:33:45+05:30"
52,78,84,32.15,80.38,1633187056386,"2021-10-02T20:34:16+05:30"
52,76,84,32.14,80.4,1633187086975,"2021-10-02T20:34:46+05:30"
51,75,82,32.15,80.35,1633187117632,"2021-10-02T20:35:17+05:30"
50,75,79,32.15,80.33,1633187148246,"2021-10-02T20:35:48+05:30"
50,77,81,32.14,80.35,1633187179039,"2021-10-02T20:36:19+05:30"
49,74,83,32.14,80.34,1633187209413,"2021-10-02T20:36:49+05:30"
51,77,82,32.14,80.33,1633187239991,"2021-10-02T20:37:19+05:30"
51,76,83,32.13,80.34,1633187270574,"2021-10-02T20:37:50+05:30"
50,75,84,32.12,80.37,1633187301195,"2021-10-02T20:38:21+05:30"
51,76,82,32.12,80.4,1633187331741,"2021-10-02T20:38:51+05:30"
50,76,82,32.12,80.4,1633187362668,"2021-10-02T20:39:22+05:30"
50,73,80,32.11,80.41,1633187393301,"2021-10-02T20:39:53+05:30"
51,77,83,32.12,80.39,1633187428435,"2021-10-02T20:40:28+05:30"
49,75,83,32.12,80.4,1633187459065,"2021-10-02T20:40:59+05:30"
51,75,81,32.1,80.44,1633187489661,"2021-10-02T20:41:29+05:30"
50,72,79,32.1,80.45,1633187520169,"2021-10-02T20:42:00+05:30"
51,76,83,32.1,80.46,1633187550749,"2021-10-02T20:42:30+05:30"
50,74,80,32.1,80.45,1633187581327,"2021-10-02T20:43:01+05:30"
50,76,82,32.1,80.44,1633187611892,"2021-10-02T20:43:31+05:30"
50,75,80,32.1,80.43,1633187642467,"2021-10-02T20:44:02+05:30"
51,74,79,32.11,80.39,1633187673066,"2021-10-02T20:44:33+05:30"
50,74,80,32.11,80.37,1633187703666,"2021-10-02T20:45:03+05:30"
51,73,79,32.11,80.34,1633187734221,"2021-10-02T20:45:34+05:30"
49,76,83,32.11,80.32,1633187764816,"2021-10-02T20:46:04+05:30"
50,74,80,32.12,80.27,1633187795401,"2021-10-02T20:46:35+05:30"
52,77,81,32.12,80.27,1633187825998,"2021-10-02T20:47:05+05:30"
52,79,85,32.11,80.28,1633187856560,"2021-10-02T20:47:36+05:30"
54,79,86,32.11,80.3,1633187887127,"2021-10-02T20:48:07+05:30"
54,81,86,32.11,80.26,1633187917720,"2021-10-02T20:48:37+05:30"
54,78,85,32.11,80.28,1633187948439,"2021-10-02T20:49:08+05:30"
54,81,87,32.11,80.29,1633187979009,"2021-10-02T20:49:39+05:30"
54,82,89,32.1,80.32,1633188009797,"2021-10-02T20:50:09+05:30"
54,83,89,32.1,80.34,1633188040185,"2021-10-02T20:50:40+05:30"
55,84,91,32.1,80.35,1633188070744,"2021-10-02T20:51:10+05:30"
55,82,89,32.1,80.35,1633188101334,"2021-10-02T20:51:41+05:30"
56,85,92,32.09,80.37,1633188131898,"2021-10-02T20:52:11+05:30"
56,85,91,32.1,80.34,1633188162504,"2021-10-02T20:52:42+05:30"
56,85,92,32.09,80.36,1633188193093,"2021-10-02T20:53:13+05:30"
57,83,89,32.09,80.37,1633188224088,"2021-10-02T20:53:44+05:30"
58,86,92,32.1,80.34,1633188255021,"2021-10-02T20:54:15+05:30"
58,87,94,32.1,80.33,1633188285457,"2021-10-02T20:54:45+05:30"
58,85,92,32.1,80.33,1633188316051,"2021-10-02T20:55:16+05:30"
56,85,92,32.09,80.33,1633188349102,"2021-10-02T20:55:49+05:30"
60,90,99,32.09,80.32,1633188379668,"2021-10-02T20:56:19+05:30"
58,87,97,32.09,80.34,1633188410288,"2021-10-02T20:56:50+05:30"
55,82,89,32.09,80.34,1633188440845,"2021-10-02T20:57:20+05:30"
56,83,91,32.08,80.34,1633188471438,"2021-10-02T20:57:51+05:30"
58,87,97,32.08,80.34,1633188502126,"2021-10-02T20:58:22+05:30"
56,85,91,32.08,80.35,1633188532546,"2021-10-02T20:58:52+05:30"
56,87,94,32.08,80.36,1633188563139,"2021-10-02T20:59:23+05:30"
57,87,96,32.08,80.37,1633188593729,"2021-10-02T20:59:53+05:30"
58,84,90,32.09,80.34,1633188624289,"2021-10-02T21:00:24+05:30"
56,82,88,32.08,80.36,1633188654854,"2021-10-02T21:00:54+05:30"
56,84,92,32.08,80.37,1633188685632,"2021-10-02T21:01:25+05:30"
55,82,93,32.09,80.38,1633188716052,"2021-10-02T21:01:56+05:30"
56,83,92,32.08,80.4,1633188746616,"2021-10-02T21:02:26+05:30"
56,85,91,32.1,80.34,1633188777187,"2021-10-02T21:02:57+05:30"
56,83,90,32.1,80.32,1633188807787,"2021-10-02T21:03:27+05:30"
56,84,91,32.09,80.34,1633188838391,"2021-10-02T21:03:58+05:30"
56,84,92,32.08,80.37,1633188868952,"2021-10-02T21:04:28+05:30"
54,82,88,32.08,80.38,1633188899538,"2021-10-02T21:04:59+05:30"
53,80,84,32.1,80.35,1633188930117,"2021-10-02T21:05:30+05:30"
55,81,89,32.1,80.36,1633188960704,"2021-10-02T21:06:00+05:30"
53,78,86,32.1,80.35,1633188991276,"2021-10-02T21:06:31+05:30"
55,78,86,32.1,80.33,1633189021880,"2021-10-02T21:07:01+05:30"
57,83,89,32.11,80.32,1633189052444,"2021-10-02T21:07:32+05:30"
54,82,88,32.11,80.33,1633189083042,"2021-10-02T21:08:03+05:30"
57,84,93,32.11,80.32,1633189113608,"2021-10-02T21:08:33+05:30"
55,83,93,32.11,80.32,1633189144341,"2021-10-02T21:09:04+05:30"
57,85,93,32.1,80.33,1633189175205,"2021-10-02T21:09:35+05:30"
57,83,91,32.1,80.32,1633189205822,"2021-10-02T21:10:05+05:30"
56,82,91,32.11,80.29,1633189235915,"2021-10-02T21:10:35+05:30"
56,83,91,32.12,80.22,1633189266470,"2021-10-02T21:11:06+05:30"
56,83,88,32.11,80.24,1633189297124,"2021-10-02T21:11:37+05:30"
54,81,86,32.1,80.32,1633189327683,"2021-10-02T21:12:07+05:30"
56,84,89,32.09,80.39,1633189358360,"2021-10-02T21:12:38+05:30"
56,81,86,32.09,80.44,1633189388925,"2021-10-02T21:13:08+05:30"
54,79,85,32.09,80.44,1633189419517,"2021-10-02T21:13:39+05:30"
54,81,87,32.09,80.5,1633189450094,"2021-10-02T21:14:10+05:30"
54,80,88,32.09,80.52,1633189480643,"2021-10-02T21:14:40+05:30"
54,80,86,32.09,80.56,1633189511276,"2021-10-02T21:15:11+05:30"
56,80,86,32.08,80.62,1633189541996,"2021-10-02T21:15:41+05:30"
54,79,85,32.08,80.65,1633189572549,"2021-10-02T21:16:12+05:30"
54,82,90,32.07,80.67,1633189603151,"2021-10-02T21:16:43+05:30"
55,78,82,32.08,80.66,1633189633793,"2021-10-02T21:17:13+05:30"
56,85,95,32.07,80.87,1633189664378,"2021-10-02T21:17:44+05:30"
55,81,89,32.07,80.81,1633189695004,"2021-10-02T21:18:15+05:30"
55,83,89,32.07,80.79,1633189725558,"2021-10-02T21:18:45+05:30"
54,81,87,32.07,80.78,1633189756163,"2021-10-02T21:19:16+05:30"
55,83,91,32.08,80.75,1633189786834,"2021-10-02T21:19:46+05:30"
56,83,91,32.08,80.76,1633189817305,"2021-10-02T21:20:17+05:30"
55,81,90,32.07,80.99,1633189847894,"2021-10-02T21:20:47+05:30"
56,83,92,32.06,81.09,1633189878439,"2021-10-02T21:21:18+05:30"
55,82,90,32.05,81.14,1633189909039,"2021-10-02T21:21:49+05:30"
56,84,90,32.03,81.17,1633189939648,"2021-10-02T21:22:19+05:30"
55,83,86,32.02,81.2,1633189970286,"2021-10-02T21:22:50+05:30"
56,85,89,32.01,81.25,1633190000887,"2021-10-02T21:23:20+05:30"
55,80,89,32,81.27,1633190031431,"2021-10-02T21:23:51+05:30"
56,82,91,31.99,81.3,1633190062003,"2021-10-02T21:24:22+05:30"
56,83,90,31.99,81.29,1633190092601,"2021-10-02T21:24:52+05:30"
57,86,93,31.98,81.3,1633190123320,"2021-10-02T21:25:23+05:30"
55,82,89,31.98,81.29,1633190151360,"2021-10-02T21:25:51+05:30"
57,82,92,31.97,81.29,1633190181330,"2021-10-02T21:26:21+05:30"
57,85,92,31.97,81.3,1633190211902,"2021-10-02T21:26:51+05:30"
58,86,93,31.96,81.32,1633190242478,"2021-10-02T21:27:22+05:30"
57,85,91,31.95,81.31,1633190273184,"2021-10-02T21:27:53+05:30"
58,85,93,31.94,81.3,1633190303661,"2021-10-02T21:28:23+05:30"
56,83,87,31.94,81.3,1633190334303,"2021-10-02T21:28:54+05:30"
57,84,90,31.94,81.32,1633190364892,"2021-10-02T21:29:24+05:30"
57,83,88,31.94,81.33,1633190395458,"2021-10-02T21:29:55+05:30"
58,85,91,31.94,81.35,1633190426044,"2021-10-02T21:30:26+05:30"
57,85,90,31.94,81.35,1633190456656,"2021-10-02T21:30:56+05:30"
56,85,94,31.94,81.35,1633190487302,"2021-10-02T21:31:27+05:30"
56,82,88,31.94,81.34,1633190517799,"2021-10-02T21:31:57+05:30"
55,81,87,31.94,81.35,1633190548365,"2021-10-02T21:32:28+05:30"
57,89,94,31.93,81.36,1633190578981,"2021-10-02T21:32:58+05:30"
56,85,91,31.93,81.37,1633190609554,"2021-10-02T21:33:29+05:30"
55,82,88,31.93,81.36,1633190640169,"2021-10-02T21:34:00+05:30"
56,81,87,31.92,81.37,1633190670692,"2021-10-02T21:34:30+05:30"
56,81,86,31.92,81.37,1633190701293,"2021-10-02T21:35:01+05:30"
57,82,90,31.92,81.36,1633190731882,"2021-10-02T21:35:31+05:30"
57,85,93,31.92,81.4,1633190762510,"2021-10-02T21:36:02+05:30"
57,84,89,31.93,81.4,1633190793023,"2021-10-02T21:36:33+05:30"
56,84,88,31.92,81.4,1633190823619,"2021-10-02T21:37:03+05:30"
57,82,87,31.92,81.4,1633190854214,"2021-10-02T21:37:34+05:30"
57,85,92,31.92,81.41,1633190884799,"2021-10-02T21:38:04+05:30"
56,84,91,31.92,81.44,1633190915344,"2021-10-02T21:38:35+05:30"
56,85,93,31.91,81.46,1633190945941,"2021-10-02T21:39:05+05:30"
57,86,95,31.92,81.48,1633190976549,"2021-10-02T21:39:36+05:30"
58,83,93,31.92,81.49,1633191007123,"2021-10-02T21:40:07+05:30"
56,83,89,31.92,81.52,1633191036978,"2021-10-02T21:40:36+05:30"
57,83,88,31.93,81.47,1633191067129,"2021-10-02T21:41:07+05:30"
54,81,86,31.94,81.45,1633191097804,"2021-10-02T21:41:37+05:30"
56,81,88,31.95,81.43,1633191128416,"2021-10-02T21:42:08+05:30"
55,82,87,31.97,81.38,1633191159008,"2021-10-02T21:42:39+05:30"
56,84,89,31.98,81.34,1633191190018,"2021-10-02T21:43:10+05:30"
55,82,87,31.99,81.29,1633191220723,"2021-10-02T21:43:40+05:30"
56,82,87,32,81.27,1633191252198,"2021-10-02T21:44:12+05:30"
56,80,84,31.99,81.28,1633191282931,"2021-10-02T21:44:42+05:30"
55,81,88,32,81.27,1633191313645,"2021-10-02T21:45:13+05:30"
55,80,86,32.01,81.25,1633191345198,"2021-10-02T21:45:45+05:30"
55,82,88,32.01,81.24,1633191375901,"2021-10-02T21:46:15+05:30"
54,79,86,32.02,81.18,1633191406470,"2021-10-02T21:46:46+05:30"
54,81,88,32.02,81.17,1633191437073,"2021-10-02T21:47:17+05:30"
53,78,81,32.02,81.17,1633191467702,"2021-10-02T21:47:47+05:30"
54,82,88,32.03,81.16,1633191498260,"2021-10-02T21:48:18+05:30"
53,79,87,32.03,81.16,1633191528845,"2021-10-02T21:48:48+05:30"
54,80,85,32.03,81.14,1633191559437,"2021-10-02T21:49:19+05:30"
52,77,85,32.03,81.14,1633191590115,"2021-10-02T21:49:50+05:30"
53,76,85,32.04,81.11,1633191620790,"2021-10-02T21:50:20+05:30"
52,79,84,32.05,81.07,1633191651395,"2021-10-02T21:50:51+05:30"
54,81,87,32.04,81.09,1633191681985,"2021-10-02T21:51:21+05:30"
53,78,87,32.04,81.12,1633191712603,"2021-10-02T21:51:52+05:30"
52,78,85,32.03,81.15,1633191743161,"2021-10-02T21:52:23+05:30"
52,76,82,32.02,81.16,1633191773719,"2021-10-02T21:52:53+05:30"
51,75,81,32.02,81.15,1633191804361,"2021-10-02T21:53:24+05:30"
51,77,83,32.02,81.18,1633191834916,"2021-10-02T21:53:54+05:30"
51,77,85,32.01,81.21,1633191865498,"2021-10-02T21:54:25+05:30"
50,73,79,32.01,81.25,1633191896061,"2021-10-02T21:54:56+05:30"
52,75,81,32.02,81.23,1633191932327,"2021-10-02T21:55:32+05:30"
51,78,84,32.02,81.21,1633191962396,"2021-10-02T21:56:02+05:30"
52,77,82,32.03,81.2,1633191992987,"2021-10-02T21:56:32+05:30"
50,74,80,32.03,81.21,1633192023644,"2021-10-02T21:57:03+05:30"
50,73,79,32.04,81.18,1633192054200,"2021-10-02T21:57:34+05:30"
49,75,80,32.04,81.18,1633192084776,"2021-10-02T21:58:04+05:30"
50,74,80,32.05,81.17,1633192115380,"2021-10-02T21:58:35+05:30"
50,74,80,32.05,81.15,1633192145960,"2021-10-02T21:59:05+05:30"
50,74,79,32.05,81.16,1633192176521,"2021-10-02T21:59:36+05:30"
50,74,81,32.06,81.15,1633192207123,"2021-10-02T22:00:07+05:30"
51,76,81,32.06,81.16,1633192237738,"2021-10-02T22:00:37+05:30"
51,73,80,32.07,81.13,1633192268285,"2021-10-02T22:01:08+05:30"
48,72,79,32.06,81.14,1633192298882,"2021-10-02T22:01:38+05:30"
50,74,79,32.06,81.15,1633192329518,"2021-10-02T22:02:09+05:30"
49,76,82,32.06,81.16,1633192360064,"2021-10-02T22:02:40+05:30"
49,71,77,32.06,81.16,1633192390699,"2021-10-02T22:03:10+05:30"
49,75,83,32.07,81.13,1633192421291,"2021-10-02T22:03:41+05:30"
51,73,81,32.06,81.14,1633192451811,"2021-10-02T22:04:11+05:30"
49,72,79,32.06,81.16,1633192482414,"2021-10-02T22:04:42+05:30"
49,72,78,32.06,81.16,1633192512991,"2021-10-02T22:05:12+05:30"
48,70,77,32.06,81.17,1633192543538,"2021-10-02T22:05:43+05:30"
48,70,77,32.07,81.14,1633192574185,"2021-10-02T22:06:14+05:30"
48,70,78,32.07,81.14,1633192604732,"2021-10-02T22:06:44+05:30"
49,72,80,32.07,81.13,1633192635316,"2021-10-02T22:07:15+05:30"
48,71,78,32.07,81.14,1633192665878,"2021-10-02T22:07:45+05:30"
47,68,78,32.08,81.12,1633192696471,"2021-10-02T22:08:16+05:30"
47,71,78,32.08,81.11,1633192727065,"2021-10-02T22:08:47+05:30"
49,69,76,32.09,81.09,1633192757633,"2021-10-02T22:09:17+05:30"
48,70,77,32.08,81.1,1633192788218,"2021-10-02T22:09:48+05:30"
46,69,77,32.07,81.13,1633192818805,"2021-10-02T22:10:18+05:30"
48,69,77,32.07,81.13,1633192842558,"2021-10-02T22:10:42+05:30"
48,71,78,32.07,81.14,1633192872652,"2021-10-02T22:11:12+05:30"
45,65,74,32.07,81.14,1633192903510,"2021-10-02T22:11:43+05:30"
48,67,77,32.07,81.15,1633192934185,"2021-10-02T22:12:14+05:30"
47,71,77,32.06,81.16,1633192964837,"2021-10-02T22:12:44+05:30"
48,71,77,32.07,81.14,1633192995554,"2021-10-02T22:13:15+05:30"
47,71,79,32.07,81.14,1633193026032,"2021-10-02T22:13:46+05:30"
47,70,77,32.07,81.15,1633193056606,"2021-10-02T22:14:16+05:30"
48,71,77,32.06,81.16,1633193087201,"2021-10-02T22:14:47+05:30"
48,71,78,32.06,81.16,1633193117788,"2021-10-02T22:15:17+05:30"
46,68,76,32.07,81.14,1633193148403,"2021-10-02T22:15:48+05:30"
47,68,77,32.07,81.13,1633193178931,"2021-10-02T22:16:18+05:30"
48,70,77,32.08,81.12,1633193209555,"2021-10-02T22:16:49+05:30"
47,71,78,32.08,81.08,1633193240124,"2021-10-02T22:17:20+05:30"
47,70,77,32.08,81.08,1633193270699,"2021-10-02T22:17:50+05:30"
46,69,77,32.09,81.12,1633193301289,"2021-10-02T22:18:21+05:30"
46,67,76,32.09,81.09,1633193331874,"2021-10-02T22:18:51+05:30"
47,66,76,32.1,81.12,1633193362477,"2021-10-02T22:19:22+05:30"
53,79,84,32.09,81.12,1633193393030,"2021-10-02T22:19:53+05:30"
54,82,89,32.05,81.04,1633193423644,"2021-10-02T22:20:23+05:30"
54,80,87,31.98,81.32,1633193454208,"2021-10-02T22:20:54+05:30"
53,76,83,31.94,81.55,1633193484787,"2021-10-02T22:21:24+05:30"
55,83,89,31.91,81.65,1633193515368,"2021-10-02T22:21:55+05:30"
55,80,87,31.9,81.74,1633193545936,"2021-10-02T22:22:25+05:30"
55,80,89,31.88,81.81,1633193576519,"2021-10-02T22:22:56+05:30"
54,80,86,31.86,81.87,1633193607194,"2021-10-02T22:23:27+05:30"
55,81,89,31.85,81.93,1633193637682,"2021-10-02T22:23:57+05:30"
54,82,88,31.84,81.97,1633193668250,"2021-10-02T22:24:28+05:30"
53,79,85,31.83,82.02,1633193698855,"2021-10-02T22:24:58+05:30"
54,82,90,31.83,82.06,1633193734208,"2021-10-02T22:25:34+05:30"
54,80,88,31.82,82.04,1633193765036,"2021-10-02T22:26:05+05:30"
54,82,89,31.82,82.1,1633193795345,"2021-10-02T22:26:35+05:30"
53,81,90,31.83,82.08,1633193825917,"2021-10-02T22:27:05+05:30"
54,81,88,31.83,82.03,1633193856502,"2021-10-02T22:27:36+05:30"
54,80,86,31.83,82.04,1633193887086,"2021-10-02T22:28:07+05:30"
55,82,88,31.83,82.04,1633193917667,"2021-10-02T22:28:37+05:30"
53,77,84,31.83,82.03,1633193948231,"2021-10-02T22:29:08+05:30"
54,80,86,31.84,82,1633193978840,"2021-10-02T22:29:38+05:30"
53,79,85,31.84,81.98,1633194009438,"2021-10-02T22:30:09+05:30"
54,80,84,31.83,82.01,1633194039988,"2021-10-02T22:30:39+05:30"
55,79,83,31.82,82.02,1633194070570,"2021-10-02T22:31:10+05:30"
54,80,84,31.82,82,1633194101179,"2021-10-02T22:31:41+05:30"
53,80,86,31.82,82.02,1633194131786,"2021-10-02T22:32:11+05:30"
55,82,92,31.81,82.02,1633194162349,"2021-10-02T22:32:42+05:30"
53,79,84,31.81,82.04,1633194192898,"2021-10-02T22:33:12+05:30"
53,80,85,31.82,82.03,1633194223530,"2021-10-02T22:33:43+05:30"
52,79,87,31.83,82.01,1633194254306,"2021-10-02T22:34:14+05:30"
53,77,86,31.82,81.99,1633194284973,"2021-10-02T22:34:44+05:30"
54,78,84,31.83,81.99,1633194315329,"2021-10-02T22:35:15+05:30"
52,77,82,31.83,81.98,1633194345995,"2021-10-02T22:35:45+05:30"
53,82,88,31.83,81.97,1633194376564,"2021-10-02T22:36:16+05:30"
52,78,84,31.83,81.96,1633194407131,"2021-10-02T22:36:47+05:30"
52,78,83,31.83,81.97,1633194437747,"2021-10-02T22:37:17+05:30"
52,75,81,31.82,81.97,1633194468372,"2021-10-02T22:37:48+05:30"
51,76,85,31.84,81.95,1633194498873,"2021-10-02T22:38:18+05:30"
50,76,81,31.83,81.91,1633194529443,"2021-10-02T22:38:49+05:30"
51,74,80,31.83,81.92,1633194560069,"2021-10-02T22:39:20+05:30"
50,73,80,31.83,81.94,1633194590713,"2021-10-02T22:39:50+05:30"
51,77,82,31.83,81.96,1633194621201,"2021-10-02T22:40:21+05:30"
50,75,82,31.83,81.96,1633194654402,"2021-10-02T22:40:54+05:30"
50,75,81,31.83,81.96,1633194684762,"2021-10-02T22:41:24+05:30"
51,75,81,31.82,81.98,1633194715069,"2021-10-02T22:41:55+05:30"
50,75,80,31.81,81.98,1633194745710,"2021-10-02T22:42:25+05:30"
51,75,81,31.79,82.05,1633194776239,"2021-10-02T22:42:56+05:30"
49,75,81,31.78,82.09,1633194806819,"2021-10-02T22:43:26+05:30"
50,75,81,31.77,82.12,1633194837358,"2021-10-02T22:43:57+05:30"
49,73,78,31.76,82.15,1633194867967,"2021-10-02T22:44:27+05:30"
48,72,79,31.76,82.15,1633194898543,"2021-10-02T22:44:58+05:30"
49,74,84,31.76,82.14,1633194929118,"2021-10-02T22:45:29+05:30"
48,72,78,31.75,82.15,1633194959700,"2021-10-02T22:45:59+05:30"
48,71,78,31.74,82.17,1633194990272,"2021-10-02T22:46:30+05:30"
48,72,78,31.74,82.19,1633195021067,"2021-10-02T22:47:01+05:30"
47,69,77,31.72,82.23,1633195051541,"2021-10-02T22:47:31+05:30"
48,72,78,31.68,82.36,1633195082121,"2021-10-02T22:48:02+05:30"
48,72,79,31.66,82.45,1633195112707,"2021-10-02T22:48:32+05:30"
48,72,79,31.65,82.52,1633195143356,"2021-10-02T22:49:03+05:30"
48,72,77,31.64,82.55,1633195173873,"2021-10-02T22:49:33+05:30"
46,70,77,31.64,82.52,1633195204467,"2021-10-02T22:50:04+05:30"
48,72,79,31.66,82.46,1633195235048,"2021-10-02T22:50:35+05:30"
49,69,78,31.67,82.4,1633195265684,"2021-10-02T22:51:05+05:30"
47,68,77,31.67,82.37,1633195296196,"2021-10-02T22:51:36+05:30"
46,69,79,31.68,82.34,1633195326802,"2021-10-02T22:52:06+05:30"
49,72,79,31.68,82.31,1633195357354,"2021-10-02T22:52:37+05:30"
46,70,77,31.69,82.27,1633195387932,"2021-10-02T22:53:07+05:30"
45,67,77,31.71,82.21,1633195418528,"2021-10-02T22:53:38+05:30"
46,68,75,31.72,82.2,1633195449124,"2021-10-02T22:54:09+05:30"
46,70,77,31.73,82.15,1633195479690,"2021-10-02T22:54:39+05:30"
46,69,77,31.72,82.14,1633195510262,"2021-10-02T22:55:10+05:30"
46,69,76,31.72,82.12,1633195535406,"2021-10-02T22:55:35+05:30"
46,69,76,31.72,82.13,1633195566177,"2021-10-02T22:56:06+05:30"
46,72,79,31.72,82.12,1633195596786,"2021-10-02T22:56:36+05:30"
46,69,78,31.73,82.08,1633195627384,"2021-10-02T22:57:07+05:30"
47,71,78,31.73,82.06,1633195658228,"2021-10-02T22:57:38+05:30"
45,68,77,31.73,82.05,1633195688867,"2021-10-02T22:58:08+05:30"
47,70,76,31.73,82.06,1633195719738,"2021-10-02T22:58:39+05:30"
47,67,77,31.74,82.05,1633195750265,"2021-10-02T22:59:10+05:30"
44,66,76,31.75,82,1633195780841,"2021-10-02T22:59:40+05:30"
48,70,77,31.75,81.98,1633195811587,"2021-10-02T23:00:11+05:30"
45,67,75,31.76,81.97,1633195842354,"2021-10-02T23:00:42+05:30"
45,69,76,31.76,81.98,1633195873253,"2021-10-02T23:01:13+05:30"
46,68,77,31.75,82,1633195904064,"2021-10-02T23:01:44+05:30"
45,67,76,31.75,81.99,1633195934903,"2021-10-02T23:02:14+05:30"
45,67,75,31.75,81.97,1633195965416,"2021-10-02T23:02:45+05:30"
45,68,78,31.75,82,1633195995957,"2021-10-02T23:03:15+05:30"
44,65,74,31.74,81.99,1633196027600,"2021-10-02T23:03:47+05:30"
45,68,77,31.74,82,1633196058444,"2021-10-02T23:04:18+05:30"
45,68,77,31.73,82.08,1633196089166,"2021-10-02T23:04:49+05:30"
44,68,76,31.75,82.07,1633196119757,"2021-10-02T23:05:19+05:30"
44,63,74,31.75,82.08,1633196150322,"2021-10-02T23:05:50+05:30"
45,64,74,31.76,82.13,1633196180895,"2021-10-02T23:06:20+05:30"
45,68,76,31.76,82.09,1633196211504,"2021-10-02T23:06:51+05:30"
43,65,74,31.76,82.13,1633196242084,"2021-10-02T23:07:22+05:30"
45,65,74,31.76,82.16,1633196272649,"2021-10-02T23:07:52+05:30"
45,65,76,31.77,82.11,1633196303220,"2021-10-02T23:08:23+05:30"
45,65,74,31.77,82.12,1633196333963,"2021-10-02T23:08:53+05:30"
44,66,74,31.76,82.16,1633196364422,"2021-10-02T23:09:24+05:30"
44,64,75,31.77,82.19,1633196394984,"2021-10-02T23:09:54+05:30"
43,65,76,31.79,82.2,1633196425551,"2021-10-02T23:10:25+05:30"
42,62,75,31.8,82.16,1633196455717,"2021-10-02T23:10:55+05:30"
42,67,75,31.79,82.18,1633196486412,"2021-10-02T23:11:26+05:30"
45,65,74,31.77,82.23,1633196516864,"2021-10-02T23:11:56+05:30"
42,65,75,31.77,82.28,1633196547465,"2021-10-02T23:12:27+05:30"
41,62,74,31.78,82.27,1633196578069,"2021-10-02T23:12:58+05:30"
42,62,73,31.77,82.28,1633196608676,"2021-10-02T23:13:28+05:30"
44,65,74,31.77,82.38,1633196639204,"2021-10-02T23:13:59+05:30"
44,65,75,31.76,82.34,1633196669913,"2021-10-02T23:14:29+05:30"
43,65,74,31.75,82.34,1633196700375,"2021-10-02T23:15:00+05:30"
43,65,77,31.75,82.34,1633196730959,"2021-10-02T23:15:30+05:30"
44,62,72,31.74,82.35,1633196761529,"2021-10-02T23:16:01+05:30"
45,65,74,31.75,82.34,1633196792291,"2021-10-02T23:16:32+05:30"
44,67,76,31.75,82.31,1633196823215,"2021-10-02T23:17:03+05:30"
44,65,74,31.73,82.34,1633196853807,"2021-10-02T23:17:33+05:30"
44,65,73,31.73,82.35,1633196884397,"2021-10-02T23:18:04+05:30"
43,64,74,31.73,82.35,1633196914981,"2021-10-02T23:18:34+05:30"
43,63,73,31.73,82.36,1633196945571,"2021-10-02T23:19:05+05:30"
42,61,73,31.73,82.36,1633196976135,"2021-10-02T23:19:36+05:30"
43,66,75,31.73,82.35,1633197006704,"2021-10-02T23:20:06+05:30"
44,65,74,31.73,82.36,1633197037302,"2021-10-02T23:20:37+05:30"
43,65,74,31.74,82.34,1633197067899,"2021-10-02T23:21:07+05:30"
44,65,74,31.74,82.34,1633197098466,"2021-10-02T23:21:38+05:30"
42,64,73,31.74,82.33,1633197129033,"2021-10-02T23:22:09+05:30"
44,65,74,31.74,82.33,1633197159975,"2021-10-02T23:22:39+05:30"
43,66,76,31.74,82.33,1633197190528,"2021-10-02T23:23:10+05:30"
42,63,75,31.74,82.33,1633197221254,"2021-10-02T23:23:41+05:30"
43,65,75,31.74,82.44,1633197251875,"2021-10-02T23:24:11+05:30"
45,67,76,31.73,82.54,1633197282522,"2021-10-02T23:24:42+05:30"
45,66,75,31.72,82.7,1633197313072,"2021-10-02T23:25:13+05:30"
46,66,76,31.72,82.7,1633197343802,"2021-10-02T23:25:43+05:30"
46,67,76,31.73,82.71,1633197374624,"2021-10-02T23:26:14+05:30"
46,68,76,31.73,82.69,1633197405510,"2021-10-02T23:26:45+05:30"
45,68,76,31.74,82.67,1633197436047,"2021-10-02T23:27:16+05:30"
45,65,74,31.75,82.64,1633197466884,"2021-10-02T23:27:46+05:30"
45,64,75,31.75,82.63,1633197497625,"2021-10-02T23:28:17+05:30"
44,69,76,31.76,82.6,1633197528415,"2021-10-02T23:28:48+05:30"
45,69,76,31.76,82.59,1633197558899,"2021-10-02T23:29:18+05:30"
46,67,75,31.77,82.59,1633197589796,"2021-10-02T23:29:49+05:30"
45,65,76,31.78,82.56,1633197620278,"2021-10-02T23:30:20+05:30"
44,66,76,31.77,82.57,1633197650816,"2021-10-02T23:30:50+05:30"
45,66,74,31.78,82.54,1633197681389,"2021-10-02T23:31:21+05:30"
44,64,74,31.79,82.49,1633197711958,"2021-10-02T23:31:51+05:30"
45,69,78,31.79,82.47,1633197742597,"2021-10-02T23:32:22+05:30"
44,66,75,31.79,82.45,1633197773164,"2021-10-02T23:32:53+05:30"
45,68,75,31.79,82.45,1633197803714,"2021-10-02T23:33:23+05:30"
44,65,74,31.77,82.5,1633197834285,"2021-10-02T23:33:54+05:30"
43,62,72,31.78,82.46,1633197864907,"2021-10-02T23:34:24+05:30"
42,64,73,31.79,82.44,1633197895474,"2021-10-02T23:34:55+05:30"
43,63,73,31.79,82.42,1633197926048,"2021-10-02T23:35:26+05:30"
43,64,73,31.8,82.4,1633197956780,"2021-10-02T23:35:56+05:30"
43,63,74,31.79,82.43,1633197987316,"2021-10-02T23:36:27+05:30"
45,65,75,31.79,82.4,1633198017915,"2021-10-02T23:36:57+05:30"
42,64,74,31.81,82.34,1633198048483,"2021-10-02T23:37:28+05:30"
41,63,75,31.82,82.3,1633198079049,"2021-10-02T23:37:59+05:30"
41,60,71,31.83,82.28,1633198109634,"2021-10-02T23:38:29+05:30"
41,61,71,31.82,82.3,1633198140224,"2021-10-02T23:39:00+05:30"
41,61,71,31.81,82.34,1633198170851,"2021-10-02T23:39:30+05:30"
41,60,71,31.81,82.3,1633198201397,"2021-10-02T23:40:01+05:30"
42,62,72,31.81,82.32,1633198235962,"2021-10-02T23:40:35+05:30"
41,61,71,31.81,82.3,1633198266315,"2021-10-02T23:41:06+05:30"
42,63,74,31.8,82.32,1633198296905,"2021-10-02T23:41:36+05:30"
41,62,73,31.8,82.34,1633198327687,"2021-10-02T23:42:07+05:30"
40,61,73,31.79,82.37,1633198358272,"2021-10-02T23:42:38+05:30"
42,61,72,31.8,82.33,1633198388849,"2021-10-02T23:43:08+05:30"
40,59,71,31.8,82.33,1633198419412,"2021-10-02T23:43:39+05:30"
41,61,71,31.81,82.28,1633198450004,"2021-10-02T23:44:10+05:30"
41,60,72,31.8,82.29,1633198480621,"2021-10-02T23:44:40+05:30"
40,59,71,31.8,82.29,1633198511176,"2021-10-02T23:45:11+05:30"
40,60,71,31.8,82.28,1633198541918,"2021-10-02T23:45:41+05:30"
40,58,70,31.81,82.22,1633198572305,"2021-10-02T23:46:12+05:30"
40,61,72,31.8,82.22,1633198602938,"2021-10-02T23:46:42+05:30"
41,57,69,31.8,82.22,1633198633497,"2021-10-02T23:47:13+05:30"
38,58,71,31.8,82.21,1633198664047,"2021-10-02T23:47:44+05:30"
39,58,70,31.81,82.21,1633198694616,"2021-10-02T23:48:14+05:30"
40,58,69,31.81,82.16,1633198725247,"2021-10-02T23:48:45+05:30"
40,60,72,31.8,82.15,1633198755813,"2021-10-02T23:49:15+05:30"
40,57,70,31.8,82.14,1633198786390,"2021-10-02T23:49:46+05:30"
38,58,70,31.8,82.13,1633198816943,"2021-10-02T23:50:16+05:30"
38,58,70,31.8,82.1,1633198847589,"2021-10-02T23:50:47+05:30"
38,56,68,31.81,82.05,1633198878148,"2021-10-02T23:51:18+05:30"
38,57,69,31.81,82.06,1633198908737,"2021-10-02T23:51:48+05:30"
38,55,68,31.81,82.05,1633198939283,"2021-10-02T23:52:19+05:30"
38,55,67,31.8,82.07,1633198969927,"2021-10-02T23:52:49+05:30"
40,57,69,31.79,82.08,1633199000469,"2021-10-02T23:53:20+05:30"
38,55,69,31.79,82.09,1633199031032,"2021-10-02T23:53:51+05:30"
39,58,70,31.79,82.02,1633199061616,"2021-10-02T23:54:21+05:30"
38,55,68,31.78,81.97,1633199092207,"2021-10-02T23:54:52+05:30"
39,57,69,31.78,81.92,1633199122800,"2021-10-02T23:55:22+05:30"
39,59,70,31.77,81.92,1633199157211,"2021-10-02T23:55:57+05:30"
39,57,70,31.76,81.91,1633199187803,"2021-10-02T23:56:27+05:30"
38,55,69,31.74,81.98,1633199218367,"2021-10-02T23:56:58+05:30"
39,57,71,31.74,81.95,1633199248940,"2021-10-02T23:57:28+05:30"
38,59,73,31.74,81.95,1633199279529,"2021-10-02T23:57:59+05:30"
38,56,69,31.74,81.96,1633199310154,"2021-10-02T23:58:30+05:30"
39,58,70,31.74,81.94,1633199340730,"2021-10-02T23:59:00+05:30"
37,57,70,31.74,81.92,1633199371272,"2021-10-02T23:59:31+05:30"