"pm1_0","pm2_5","pm10","temp","humid","createdAt","localtime"
31,46,60,30.63,76.7,1633372254459,"2021-10-05T00:00:54+05:30"
30,46,60,30.77,76.27,1633372285027,"2021-10-05T00:01:25+05:30"
31,47,62,30.88,75.96,1633372315858,"2021-10-05T00:01:55+05:30"
32,46,59,30.85,75.96,1633372346213,"2021-10-05T00:02:26+05:30"
32,48,64,30.82,76.2,1633372376829,"2021-10-05T00:02:56+05:30"
32,48,65,30.77,76.4,1633372407413,"2021-10-05T00:03:27+05:30"
32,50,66,30.72,76.61,1633372438011,"2021-10-05T00:03:58+05:30"
32,49,66,30.75,76.6,1633372468568,"2021-10-05T00:04:28+05:30"
32,48,64,30.74,76.45,1633372499467,"2021-10-05T00:04:59+05:30"
32,50,66,30.66,76.44,1633372529817,"2021-10-05T00:05:29+05:30"
31,48,65,30.69,76.6,1633372560424,"2021-10-05T00:06:00+05:30"
32,48,64,30.78,76.57,1633372591241,"2021-10-05T00:06:31+05:30"
32,48,62,30.79,76.42,1633372621585,"2021-10-05T00:07:01+05:30"
32,48,68,30.75,76.44,1633372652169,"2021-10-05T00:07:32+05:30"
32,49,64,30.76,76.66,1633372682236,"2021-10-05T00:08:02+05:30"
31,49,66,30.78,76.66,1633372712997,"2021-10-05T00:08:32+05:30"
32,49,67,30.8,76.52,1633372743787,"2021-10-05T00:09:03+05:30"
32,48,64,30.78,76.61,1633372774288,"2021-10-05T00:09:34+05:30"
31,48,63,30.77,76.56,1633372804865,"2021-10-05T00:10:04+05:30"
32,48,64,30.79,76.49,1633372835426,"2021-10-05T00:10:35+05:30"
31,48,66,30.8,76.36,1633372866165,"2021-10-05T00:11:06+05:30"
31,48,64,30.76,76.22,1633372896656,"2021-10-05T00:11:36+05:30"
31,46,61,30.63,76.2,1633372927284,"2021-10-05T00:12:07+05:30"
31,46,59,30.57,76.64,1633372957839,"2021-10-05T00:12:37+05:30"
31,47,62,30.53,76.77,1633372988454,"2021-10-05T00:13:08+05:30"
30,48,62,30.53,76.87,1633373018989,"2021-10-05T00:13:38+05:30"
31,47,63,30.55,76.93,1633373049588,"2021-10-05T00:14:09+05:30"
31,47,62,30.56,76.94,1633373080184,"2021-10-05T00:14:40+05:30"
30,47,62,30.55,76.7,1633373111293,"2021-10-05T00:15:11+05:30"
30,45,58,30.52,76.59,1633373141394,"2021-10-05T00:15:41+05:30"
30,46,60,30.52,76.69,1633373172240,"2021-10-05T00:16:12+05:30"
30,45,59,30.6,76.62,1633373202964,"2021-10-05T00:16:42+05:30"
31,48,63,30.59,76.67,1633373233482,"2021-10-05T00:17:13+05:30"
31,48,64,30.59,76.77,1633373264120,"2021-10-05T00:17:44+05:30"
32,48,62,30.54,77.21,1633373294699,"2021-10-05T00:18:14+05:30"
31,46,62,30.47,78.56,1633373325263,"2021-10-05T00:18:45+05:30"
31,47,60,30.4,79.27,1633373355818,"2021-10-05T00:19:15+05:30"
30,46,59,30.35,79.53,1633373386417,"2021-10-05T00:19:46+05:30"
31,47,60,30.32,79.24,1633373416999,"2021-10-05T00:20:16+05:30"
32,49,64,30.28,79.16,1633373447572,"2021-10-05T00:20:47+05:30"
32,48,62,30.36,79.08,1633373480176,"2021-10-05T00:21:20+05:30"
31,47,60,30.37,78.95,1633373508878,"2021-10-05T00:21:48+05:30"
32,50,66,30.4,78.91,1633373539530,"2021-10-05T00:22:19+05:30"
32,47,61,30.42,79.11,1633373677676,"2021-10-05T00:24:37+05:30"
32,48,64,30.43,79.04,1633373690832,"2021-10-05T00:24:50+05:30"
32,47,64,30.42,79.24,1633373721587,"2021-10-05T00:25:21+05:30"
31,47,60,30.47,79.12,1633373751998,"2021-10-05T00:25:51+05:30"
31,46,61,30.51,78.97,1633373782576,"2021-10-05T00:26:22+05:30"
31,47,62,30.52,78.93,1633373813134,"2021-10-05T00:26:53+05:30"
32,49,64,30.49,78.97,1633373843901,"2021-10-05T00:27:23+05:30"
31,47,61,30.53,78.56,1633373874778,"2021-10-05T00:27:54+05:30"
29,46,59,30.51,77.74,1633373905428,"2021-10-05T00:28:25+05:30"
30,45,59,30.51,77.41,1633373936079,"2021-10-05T00:28:56+05:30"
29,43,56,30.46,76.71,1633373967039,"2021-10-05T00:29:27+05:30"
28,43,54,30.45,76.47,1633373997778,"2021-10-05T00:29:57+05:30"
29,42,54,30.39,76.45,1633374028243,"2021-10-05T00:30:28+05:30"
28,41,52,30.36,76.28,1633374058833,"2021-10-05T00:30:58+05:30"
28,43,54,30.35,76.51,1633374089419,"2021-10-05T00:31:29+05:30"
29,44,56,30.39,76.57,1633374119980,"2021-10-05T00:31:59+05:30"
29,43,58,30.45,76.44,1633374150585,"2021-10-05T00:32:30+05:30"
29,43,53,30.49,76.39,1633374181415,"2021-10-05T00:33:01+05:30"
29,43,55,30.46,76.09,1633374211875,"2021-10-05T00:33:31+05:30"
29,43,56,30.47,76.1,1633374242460,"2021-10-05T00:34:02+05:30"
29,44,57,30.48,76.3,1633374273035,"2021-10-05T00:34:33+05:30"
28,41,54,30.51,76.04,1633374303608,"2021-10-05T00:35:03+05:30"
29,44,58,30.53,75.85,1633374334234,"2021-10-05T00:35:34+05:30"
29,44,58,30.58,75.83,1633374364900,"2021-10-05T00:36:04+05:30"
28,41,55,30.69,75.41,1633374395386,"2021-10-05T00:36:35+05:30"
30,44,58,30.79,74.89,1633374425942,"2021-10-05T00:37:05+05:30"
29,43,55,30.82,74.97,1633374456671,"2021-10-05T00:37:36+05:30"
29,43,55,30.78,75.2,1633374487121,"2021-10-05T00:38:07+05:30"
29,42,52,30.74,75.57,1633374517690,"2021-10-05T00:38:37+05:30"
29,44,59,30.74,75.53,1633374548271,"2021-10-05T00:39:08+05:30"
29,44,56,30.67,75.77,1633374578096,"2021-10-05T00:39:38+05:30"
30,46,61,30.7,76.08,1633374608673,"2021-10-05T00:40:08+05:30"
29,44,57,30.67,75.64,1633374639229,"2021-10-05T00:40:39+05:30"
29,44,58,30.65,75.75,1633374670023,"2021-10-05T00:41:10+05:30"
30,45,58,30.69,75.64,1633374700519,"2021-10-05T00:41:40+05:30"
29,44,57,30.74,75.54,1633374731119,"2021-10-05T00:42:11+05:30"
29,43,55,30.8,75.49,1633374761684,"2021-10-05T00:42:41+05:30"
29,44,60,30.77,75.38,1633374792536,"2021-10-05T00:43:12+05:30"
30,45,60,30.73,75.44,1633374822848,"2021-10-05T00:43:42+05:30"
29,45,57,30.68,75.86,1633374853442,"2021-10-05T00:44:13+05:30"
31,47,60,30.63,75.78,1633374884014,"2021-10-05T00:44:44+05:30"
30,47,63,30.59,75.77,1633374914583,"2021-10-05T00:45:14+05:30"
31,49,63,30.52,76.03,1633374945407,"2021-10-05T00:45:45+05:30"
31,48,65,30.5,75.85,1633374975777,"2021-10-05T00:46:15+05:30"
31,48,66,30.48,75.63,1633375006363,"2021-10-05T00:46:46+05:30"
31,48,64,30.45,75.94,1633375036925,"2021-10-05T00:47:16+05:30"
32,48,64,30.45,75.99,1633375067661,"2021-10-05T00:47:47+05:30"
32,49,66,30.48,75.73,1633375098181,"2021-10-05T00:48:18+05:30"
31,49,64,30.52,75.67,1633375128752,"2021-10-05T00:48:48+05:30"
32,48,63,30.45,75.29,1633375159324,"2021-10-05T00:49:19+05:30"
32,49,67,30.45,76.03,1633375190159,"2021-10-05T00:49:50+05:30"
31,48,63,30.53,75.97,1633375220481,"2021-10-05T00:50:20+05:30"
32,49,66,30.59,75.71,1633375251061,"2021-10-05T00:50:51+05:30"
31,48,64,30.58,75.11,1633375281699,"2021-10-05T00:51:21+05:30"
31,48,64,30.52,75.16,1633375312309,"2021-10-05T00:51:52+05:30"
32,48,62,30.58,75.17,1633375342870,"2021-10-05T00:52:22+05:30"
31,48,63,30.65,74.66,1633375373441,"2021-10-05T00:52:53+05:30"
32,49,64,30.6,74.96,1633375404009,"2021-10-05T00:53:24+05:30"
30,48,63,30.59,74.86,1633375434588,"2021-10-05T00:53:54+05:30"
32,47,61,30.63,74.56,1633375465178,"2021-10-05T00:54:25+05:30"
31,47,63,30.58,74.53,1633375499558,"2021-10-05T00:54:59+05:30"
31,48,63,30.54,74.55,1633375530145,"2021-10-05T00:55:30+05:30"
30,47,60,30.56,74.81,1633375560736,"2021-10-05T00:56:00+05:30"
30,46,62,30.57,74.7,1633375591311,"2021-10-05T00:56:31+05:30"
30,47,63,30.61,74.64,1633375621870,"2021-10-05T00:57:01+05:30"
30,46,58,30.7,73.65,1633375653950,"2021-10-05T00:57:33+05:30"
29,44,57,30.72,73.27,1633375683061,"2021-10-05T00:58:03+05:30"
29,43,54,30.77,72.62,1633375713632,"2021-10-05T00:58:33+05:30"
28,43,55,30.82,72.24,1633375744209,"2021-10-05T00:59:04+05:30"
29,44,57,30.79,72.81,1633375774803,"2021-10-05T00:59:34+05:30"
29,44,56,30.86,72.83,1633375805392,"2021-10-05T01:00:05+05:30"
28,42,54,30.89,72.34,1633375835957,"2021-10-05T01:00:35+05:30"
27,41,49,30.87,72.03,1633375866824,"2021-10-05T01:01:06+05:30"
27,43,56,30.83,72.29,1633375897212,"2021-10-05T01:01:37+05:30"
28,41,55,30.87,72.24,1633375927817,"2021-10-05T01:02:07+05:30"
28,41,52,30.98,72.05,1633375958557,"2021-10-05T01:02:38+05:30"
27,42,56,31,72.05,1633375988974,"2021-10-05T01:03:08+05:30"
28,42,55,31.07,71.79,1633376019543,"2021-10-05T01:03:39+05:30"
28,43,58,31.1,72.12,1633376050146,"2021-10-05T01:04:10+05:30"
27,43,55,31.08,72.03,1633376080718,"2021-10-05T01:04:40+05:30"
27,43,55,31.08,72.26,1633376111281,"2021-10-05T01:05:11+05:30"
27,41,52,31.04,72.11,1633376141846,"2021-10-05T01:05:41+05:30"
27,40,50,31.07,71.72,1633376172426,"2021-10-05T01:06:12+05:30"
27,42,52,31.06,71.66,1633376203072,"2021-10-05T01:06:43+05:30"
27,43,56,31.05,71.95,1633376233609,"2021-10-05T01:07:13+05:30"
28,42,53,31.04,72.31,1633376264188,"2021-10-05T01:07:44+05:30"
27,42,54,31.03,72.65,1633376294801,"2021-10-05T01:08:14+05:30"
29,43,54,31.07,72.73,1633376325355,"2021-10-05T01:08:45+05:30"
29,42,54,31.04,72.36,1633376355955,"2021-10-05T01:09:15+05:30"
29,44,58,31.02,72.11,1633376379454,"2021-10-05T01:09:39+05:30"
28,44,58,31,72.32,1633376410032,"2021-10-05T01:10:10+05:30"
32,49,64,30.98,72.3,1633376440699,"2021-10-05T01:10:40+05:30"
31,49,63,30.96,72.39,1633376471188,"2021-10-05T01:11:11+05:30"
33,52,66,30.95,72.31,1633376502107,"2021-10-05T01:11:42+05:30"
35,56,74,30.96,71.97,1633376532659,"2021-10-05T01:12:12+05:30"
39,67,82,30.99,71.61,1633376563240,"2021-10-05T01:12:43+05:30"
39,64,79,30.98,71.76,1633376593841,"2021-10-05T01:13:13+05:30"
39,66,82,30.98,71.77,1633376624511,"2021-10-05T01:13:44+05:30"
39,68,82,31.01,71.49,1633376655007,"2021-10-05T01:14:15+05:30"
41,72,86,30.99,71.4,1633376685561,"2021-10-05T01:14:45+05:30"
37,62,77,31.03,71.33,1633376716187,"2021-10-05T01:15:16+05:30"
36,65,79,31.01,71.28,1633376746744,"2021-10-05T01:15:46+05:30"
34,57,73,31.01,71.33,1633376777474,"2021-10-05T01:16:17+05:30"
34,55,72,31.07,71.51,1633376807887,"2021-10-05T01:16:47+05:30"
33,52,72,31.07,71.38,1633376839649,"2021-10-05T01:17:19+05:30"
34,53,68,31.04,71.47,1633376870368,"2021-10-05T01:17:50+05:30"
34,54,69,31.01,71.56,1633376901098,"2021-10-05T01:18:21+05:30"
32,49,63,30.97,71.69,1633376931697,"2021-10-05T01:18:51+05:30"
33,52,71,31.01,72.5,1633376962309,"2021-10-05T01:19:22+05:30"
33,50,68,30.99,72.13,1633376992862,"2021-10-05T01:19:52+05:30"
30,47,64,31.01,71.1,1633377023425,"2021-10-05T01:20:23+05:30"
29,45,60,31.02,71.23,1633377054055,"2021-10-05T01:20:54+05:30"
30,47,62,30.97,71.47,1633377084633,"2021-10-05T01:21:24+05:30"
30,48,61,30.95,71.74,1633377115180,"2021-10-05T01:21:55+05:30"
31,47,64,30.94,71.88,1633377145750,"2021-10-05T01:22:25+05:30"
30,47,62,30.96,71.86,1633377176356,"2021-10-05T01:22:56+05:30"
30,48,63,30.95,72.06,1633377206978,"2021-10-05T01:23:26+05:30"
29,47,64,30.95,72.2,1633377237521,"2021-10-05T01:23:57+05:30"
29,44,58,30.96,71.57,1633377268256,"2021-10-05T01:24:28+05:30"
29,44,57,30.98,71.48,1633377299465,"2021-10-05T01:24:59+05:30"
29,44,60,30.93,72.03,1633377330224,"2021-10-05T01:25:30+05:30"
27,41,54,30.92,71.34,1633377360618,"2021-10-05T01:26:00+05:30"
28,43,57,30.94,71.98,1633377391193,"2021-10-05T01:26:31+05:30"
28,43,56,30.98,71.63,1633377421810,"2021-10-05T01:27:01+05:30"
27,41,52,30.99,71.24,1633377452384,"2021-10-05T01:27:32+05:30"
27,41,54,31,71.34,1633377482958,"2021-10-05T01:28:02+05:30"
27,42,53,31,71.45,1633377513519,"2021-10-05T01:28:33+05:30"
27,42,54,30.97,71.38,1633377544123,"2021-10-05T01:29:04+05:30"
26,40,55,30.91,71.1,1633377574728,"2021-10-05T01:29:34+05:30"
26,39,50,30.95,70.92,1633377605298,"2021-10-05T01:30:05+05:30"
27,41,52,30.94,70.99,1633377635860,"2021-10-05T01:30:35+05:30"
27,42,54,30.92,71.45,1633377666457,"2021-10-05T01:31:06+05:30"
26,42,56,31,71.65,1633377697077,"2021-10-05T01:31:37+05:30"
27,41,54,30.96,71.14,1633377727631,"2021-10-05T01:32:07+05:30"
26,40,51,30.92,71.01,1633377758183,"2021-10-05T01:32:38+05:30"
26,38,48,30.89,71.34,1633377788775,"2021-10-05T01:33:08+05:30"
26,39,49,30.89,71.18,1633377819378,"2021-10-05T01:33:39+05:30"
25,39,52,30.9,71.36,1633377849932,"2021-10-05T01:34:09+05:30"
25,38,50,30.93,70.92,1633377880510,"2021-10-05T01:34:40+05:30"
25,38,48,30.95,70.69,1633377911237,"2021-10-05T01:35:11+05:30"
25,39,50,30.94,70.74,1633377941717,"2021-10-05T01:35:41+05:30"
25,38,46,30.94,70.86,1633377972269,"2021-10-05T01:36:12+05:30"
26,39,49,30.96,71.33,1633378002837,"2021-10-05T01:36:42+05:30"
26,37,47,30.9,71.38,1633378033442,"2021-10-05T01:37:13+05:30"
26,37,49,30.89,71.22,1633378064038,"2021-10-05T01:37:44+05:30"
25,36,48,30.88,71.25,1633378094608,"2021-10-05T01:38:14+05:30"
25,38,48,30.85,71.08,1633378125187,"2021-10-05T01:38:45+05:30"
23,35,46,30.88,71.15,1633378155787,"2021-10-05T01:39:15+05:30"
24,38,47,30.86,71.18,1633378181190,"2021-10-05T01:39:41+05:30"
26,39,48,30.87,71.39,1633378211795,"2021-10-05T01:40:11+05:30"
25,37,45,30.81,71.41,1633378243004,"2021-10-05T01:40:43+05:30"
24,36,47,30.74,71.55,1633378273544,"2021-10-05T01:41:13+05:30"
24,37,46,30.79,71.6,1633378304132,"2021-10-05T01:41:44+05:30"
24,35,44,30.8,71.31,1633378334756,"2021-10-05T01:42:14+05:30"
23,33,40,30.79,70.99,1633378365437,"2021-10-05T01:42:45+05:30"
23,35,42,30.82,71.06,1633378395889,"2021-10-05T01:43:15+05:30"
23,33,41,30.83,70.65,1633378426446,"2021-10-05T01:43:46+05:30"
23,32,38,30.84,70.78,1633378457065,"2021-10-05T01:44:17+05:30"
24,34,44,30.85,70.48,1633378487679,"2021-10-05T01:44:47+05:30"
23,35,46,30.86,70.71,1633378518204,"2021-10-05T01:45:18+05:30"
25,34,43,30.83,70.61,1633378548812,"2021-10-05T01:45:48+05:30"
23,36,44,30.8,70.48,1633378579502,"2021-10-05T01:46:19+05:30"
23,35,44,30.81,70.51,1633378609985,"2021-10-05T01:46:49+05:30"
23,35,46,30.79,70.62,1633378640550,"2021-10-05T01:47:20+05:30"
22,34,43,30.76,70.51,1633378671280,"2021-10-05T01:47:51+05:30"
23,34,40,30.74,70.5,1633378713549,"2021-10-05T01:48:33+05:30"
23,36,46,30.81,71.04,1633378735732,"2021-10-05T01:48:55+05:30"
23,33,42,30.78,70.65,1633378762947,"2021-10-05T01:49:22+05:30"
23,34,41,30.62,70.9,1633378793536,"2021-10-05T01:49:53+05:30"
23,34,44,30.55,71.29,1633378824096,"2021-10-05T01:50:24+05:30"
22,34,39,30.57,70.74,1633378854676,"2021-10-05T01:50:54+05:30"
24,35,44,30.49,71.49,1633378885257,"2021-10-05T01:51:25+05:30"
24,39,49,30.43,72.27,1633378915992,"2021-10-05T01:51:55+05:30"
24,35,45,30.51,71.81,1633378946434,"2021-10-05T01:52:26+05:30"
24,37,45,30.61,71.49,1633378976995,"2021-10-05T01:52:56+05:30"
22,33,40,30.66,70.92,1633379007617,"2021-10-05T01:53:27+05:30"
23,33,42,30.67,70.7,1633379038190,"2021-10-05T01:53:58+05:30"
22,34,40,30.7,70.5,1633379068755,"2021-10-05T01:54:28+05:30"
22,31,37,30.69,70.13,1633379099166,"2021-10-05T01:54:59+05:30"
21,30,33,30.69,70.04,1633379129738,"2021-10-05T01:55:29+05:30"
22,33,39,30.68,70.18,1633379160318,"2021-10-05T01:56:00+05:30"
22,34,43,30.69,70.32,1633379191026,"2021-10-05T01:56:31+05:30"
21,31,35,30.68,70.75,1633379221539,"2021-10-05T01:57:01+05:30"
22,32,40,30.58,71.2,1633379252067,"2021-10-05T01:57:32+05:30"
22,34,42,30.52,71.38,1633379282723,"2021-10-05T01:58:02+05:30"
22,34,44,30.48,71.85,1633379313237,"2021-10-05T01:58:33+05:30"
24,36,47,30.42,72.31,1633379343823,"2021-10-05T01:59:03+05:30"
22,35,49,30.34,72.35,1633379374413,"2021-10-05T01:59:34+05:30"
24,38,51,30.3,72.56,1633379404960,"2021-10-05T02:00:04+05:30"
23,36,46,30.28,72.66,1633379435725,"2021-10-05T02:00:35+05:30"
23,35,47,30.35,72.5,1633379466154,"2021-10-05T02:01:06+05:30"
23,37,49,30.43,72.17,1633379496809,"2021-10-05T02:01:36+05:30"
23,35,44,30.48,71.76,1633379527296,"2021-10-05T02:02:07+05:30"
23,35,46,30.52,71.5,1633379557895,"2021-10-05T02:02:37+05:30"
23,34,44,30.53,71.04,1633379588481,"2021-10-05T02:03:08+05:30"
22,33,41,30.54,71.06,1633379619053,"2021-10-05T02:03:39+05:30"
22,32,39,30.54,70.73,1633379649636,"2021-10-05T02:04:09+05:30"
22,33,44,30.52,70.72,1633379680239,"2021-10-05T02:04:40+05:30"
21,31,39,30.51,70.83,1633379711054,"2021-10-05T02:05:11+05:30"
22,32,38,30.5,71.04,1633379741383,"2021-10-05T02:05:41+05:30"
22,32,39,30.49,71.49,1633379772000,"2021-10-05T02:06:12+05:30"
24,35,45,30.4,71.92,1633379802584,"2021-10-05T02:06:42+05:30"
23,34,44,30.38,72.23,1633379833138,"2021-10-05T02:07:13+05:30"
23,34,43,30.35,72.59,1633379863758,"2021-10-05T02:07:43+05:30"
22,35,45,30.4,72.49,1633379894504,"2021-10-05T02:08:14+05:30"
23,35,44,30.36,72.23,1633379924886,"2021-10-05T02:08:44+05:30"
22,34,45,30.32,72.75,1633379955504,"2021-10-05T02:09:15+05:30"
23,34,46,30.22,72.34,1633379985655,"2021-10-05T02:09:45+05:30"
22,33,40,30.16,72.33,1633380016409,"2021-10-05T02:10:16+05:30"
22,32,37,30.14,72.56,1633380046833,"2021-10-05T02:10:46+05:30"
22,34,41,30.11,72.37,1633380077443,"2021-10-05T02:11:17+05:30"
21,31,40,30.13,72.64,1633380108029,"2021-10-05T02:11:48+05:30"
22,34,43,30.18,72.46,1633380139534,"2021-10-05T02:12:19+05:30"
21,32,39,30.2,72.31,1633380170286,"2021-10-05T02:12:50+05:30"
22,32,39,30.22,72.23,1633380200812,"2021-10-05T02:13:20+05:30"
22,32,39,30.19,72.48,1633380231393,"2021-10-05T02:13:51+05:30"
21,31,37,30.19,72.53,1633380261980,"2021-10-05T02:14:21+05:30"
22,32,38,30.3,72.43,1633380292528,"2021-10-05T02:14:52+05:30"
22,32,38,30.38,72.1,1633380323117,"2021-10-05T02:15:23+05:30"
22,32,39,30.46,71.97,1633380353710,"2021-10-05T02:15:53+05:30"
21,30,37,30.54,71.58,1633380384271,"2021-10-05T02:16:24+05:30"
22,31,36,30.56,71.47,1633380414838,"2021-10-05T02:16:54+05:30"
21,31,37,30.55,71.28,1633380445428,"2021-10-05T02:17:25+05:30"
23,34,41,30.48,71.78,1633380476005,"2021-10-05T02:17:56+05:30"
25,37,49,30.39,72.08,1633380506588,"2021-10-05T02:18:26+05:30"
23,33,43,30.32,72.05,1633380537174,"2021-10-05T02:18:57+05:30"
22,33,42,30.29,72.3,1633380567750,"2021-10-05T02:19:27+05:30"
23,35,44,30.29,72.39,1633380598338,"2021-10-05T02:19:58+05:30"
23,35,44,30.21,72.65,1633380628926,"2021-10-05T02:20:28+05:30"
23,35,44,30.15,73.02,1633380659583,"2021-10-05T02:20:59+05:30"
22,32,38,30.12,73.21,1633380690070,"2021-10-05T02:21:30+05:30"
22,31,37,30.1,73.38,1633380720912,"2021-10-05T02:22:00+05:30"
22,34,42,30.17,73.27,1633380751276,"2021-10-05T02:22:31+05:30"
23,34,45,30.22,73.26,1633380781830,"2021-10-05T02:23:01+05:30"
24,34,46,30.21,73.33,1633380812397,"2021-10-05T02:23:32+05:30"
23,34,45,30.15,73.69,1633380843004,"2021-10-05T02:24:03+05:30"
23,37,46,30.22,73.72,1633380879421,"2021-10-05T02:24:39+05:30"
23,35,43,30.22,73.14,1633380909996,"2021-10-05T02:25:09+05:30"
22,31,38,30.2,73.13,1633380940610,"2021-10-05T02:25:40+05:30"
22,32,39,30.22,73.07,1633380971267,"2021-10-05T02:26:11+05:30"
22,33,42,30.19,73.51,1633381001757,"2021-10-05T02:26:41+05:30"
23,36,45,30.17,73.69,1633381032310,"2021-10-05T02:27:12+05:30"
23,37,49,30.17,73.73,1633381062906,"2021-10-05T02:27:42+05:30"
25,38,49,30.16,73.86,1633381093499,"2021-10-05T02:28:13+05:30"
26,40,52,30.16,73.97,1633381124103,"2021-10-05T02:28:44+05:30"
25,40,52,30.15,74.17,1633381154710,"2021-10-05T02:29:14+05:30"
25,38,48,30.11,73.7,1633381185287,"2021-10-05T02:29:45+05:30"
23,36,46,30.12,73.51,1633381215891,"2021-10-05T02:30:15+05:30"
22,34,42,30.11,73.69,1633381246400,"2021-10-05T02:30:46+05:30"
22,33,42,30.1,73.54,1633381276969,"2021-10-05T02:31:16+05:30"
22,33,40,30.05,73.56,1633381307572,"2021-10-05T02:31:47+05:30"
22,32,38,30.01,73.68,1633381338332,"2021-10-05T02:32:18+05:30"
21,31,37,29.98,73.81,1633381368729,"2021-10-05T02:32:48+05:30"
22,30,35,30,74.08,1633381399440,"2021-10-05T02:33:19+05:30"
22,34,42,30.08,74.2,1633381429977,"2021-10-05T02:33:49+05:30"
23,35,44,30.09,74.04,1633381460582,"2021-10-05T02:34:20+05:30"
23,34,40,30.22,74.05,1633381491219,"2021-10-05T02:34:51+05:30"
22,32,38,30.32,72.86,1633381521809,"2021-10-05T02:35:21+05:30"
21,30,34,30.32,72.46,1633381552320,"2021-10-05T02:35:52+05:30"
22,32,40,30.39,72.5,1633381582907,"2021-10-05T02:36:22+05:30"
23,33,45,30.38,73.34,1633381613501,"2021-10-05T02:36:53+05:30"
23,35,44,30.37,73.3,1633381644072,"2021-10-05T02:37:24+05:30"
23,34,44,30.35,73.37,1633381674632,"2021-10-05T02:37:54+05:30"
23,36,45,30.26,73.02,1633381705305,"2021-10-05T02:38:25+05:30"
23,34,41,30.31,72.97,1633381736095,"2021-10-05T02:38:56+05:30"
22,34,42,30.33,72.77,1633381766411,"2021-10-05T02:39:26+05:30"
22,33,44,30.26,73.03,1633381799554,"2021-10-05T02:39:59+05:30"
22,31,40,30.28,73.1,1633381830154,"2021-10-05T02:40:30+05:30"
21,33,40,30.22,73.32,1633381860740,"2021-10-05T02:41:00+05:30"
22,33,43,30.15,73.55,1633381891303,"2021-10-05T02:41:31+05:30"
22,32,39,30.16,73.78,1633381921877,"2021-10-05T02:42:01+05:30"
21,31,35,30.09,73.88,1633381952470,"2021-10-05T02:42:32+05:30"
22,33,40,30.03,74.56,1633381983058,"2021-10-05T02:43:03+05:30"
21,32,38,30.03,74.66,1633382013615,"2021-10-05T02:43:33+05:30"
21,30,33,30.08,74.49,1633382044187,"2021-10-05T02:44:04+05:30"
22,31,37,30.11,74.61,1633382074756,"2021-10-05T02:44:34+05:30"
22,33,42,30.08,74.74,1633382105356,"2021-10-05T02:45:05+05:30"
23,34,44,30.08,74.48,1633382135945,"2021-10-05T02:45:35+05:30"
22,35,45,30.11,74.26,1633382166525,"2021-10-05T02:46:06+05:30"
23,34,44,30.11,74.36,1633382197084,"2021-10-05T02:46:37+05:30"
22,33,43,30.09,74.44,1633382227801,"2021-10-05T02:47:07+05:30"
22,35,42,30.17,74.31,1633382258269,"2021-10-05T02:47:38+05:30"
23,33,38,30.17,74.51,1633382288998,"2021-10-05T02:48:08+05:30"
22,34,44,30.13,74.83,1633382319429,"2021-10-05T02:48:39+05:30"
24,33,43,30.06,75.08,1633382350029,"2021-10-05T02:49:10+05:30"
22,32,39,30.03,75.37,1633382380609,"2021-10-05T02:49:40+05:30"
22,31,36,30,75.4,1633382411186,"2021-10-05T02:50:11+05:30"
22,31,41,29.96,75.07,1633382441749,"2021-10-05T02:50:41+05:30"
22,32,40,29.95,74.97,1633382472559,"2021-10-05T02:51:12+05:30"
22,32,42,29.95,74.88,1633382503283,"2021-10-05T02:51:43+05:30"
22,31,36,29.9,75.06,1633382525302,"2021-10-05T02:52:05+05:30"
23,34,43,29.86,75.46,1633382554245,"2021-10-05T02:52:34+05:30"
24,35,43,29.81,75.8,1633382584899,"2021-10-05T02:53:04+05:30"
22,33,39,29.76,75.73,1633382615448,"2021-10-05T02:53:35+05:30"
25,35,43,29.79,76.38,1633382646299,"2021-10-05T02:54:06+05:30"
22,34,43,29.87,75.69,1633382679714,"2021-10-05T02:54:39+05:30"
23,33,43,29.93,75.43,1633382710282,"2021-10-05T02:55:10+05:30"
22,33,40,29.99,75.21,1633382740896,"2021-10-05T02:55:40+05:30"
23,36,44,29.98,75.32,1633382771479,"2021-10-05T02:56:11+05:30"
24,37,47,29.93,75.63,1633382802033,"2021-10-05T02:56:42+05:30"
22,34,43,29.85,75.19,1633382832599,"2021-10-05T02:57:12+05:30"
22,33,42,29.88,75.71,1633382863324,"2021-10-05T02:57:43+05:30"
22,32,38,29.93,75.24,1633382893810,"2021-10-05T02:58:13+05:30"
22,33,44,29.95,75.14,1633382924372,"2021-10-05T02:58:44+05:30"
22,33,42,29.98,75.26,1633382954959,"2021-10-05T02:59:14+05:30"
22,33,41,29.98,75.83,1633382985544,"2021-10-05T02:59:45+05:30"
23,35,45,30,75.87,1633383016141,"2021-10-05T03:00:16+05:30"
23,35,43,29.98,76.19,1633383046933,"2021-10-05T03:00:46+05:30"
23,35,46,30,76.24,1633383077271,"2021-10-05T03:01:17+05:30"
23,35,45,30.04,76.02,1633383107857,"2021-10-05T03:01:47+05:30"
23,34,44,29.99,75.94,1633383138490,"2021-10-05T03:02:18+05:30"
23,34,43,29.98,75.42,1633383169043,"2021-10-05T03:02:49+05:30"
22,32,41,29.98,75.33,1633383199814,"2021-10-05T03:03:19+05:30"
23,34,42,29.96,75.66,1633383230255,"2021-10-05T03:03:50+05:30"
24,36,47,29.97,75.88,1633383260861,"2021-10-05T03:04:20+05:30"
22,34,43,29.95,75.82,1633383291431,"2021-10-05T03:04:51+05:30"
22,35,42,29.97,75.91,1633383323973,"2021-10-05T03:05:23+05:30"
23,34,41,30.04,75.82,1633383352581,"2021-10-05T03:05:52+05:30"
23,34,47,30.02,75.75,1633383383170,"2021-10-05T03:06:23+05:30"
23,35,44,30,75.79,1633383413754,"2021-10-05T03:06:53+05:30"
23,35,43,29.99,75.35,1633383444352,"2021-10-05T03:07:24+05:30"
22,34,43,30,74.8,1633383474914,"2021-10-05T03:07:54+05:30"
23,34,42,30,75.19,1633383505571,"2021-10-05T03:08:25+05:30"
23,34,44,30.01,75.33,1633383536090,"2021-10-05T03:08:56+05:30"
22,33,41,30.05,74.95,1633383566675,"2021-10-05T03:09:26+05:30"
22,34,40,30.09,75.03,1633383599139,"2021-10-05T03:09:59+05:30"
22,33,41,30.19,74.98,1633383629721,"2021-10-05T03:10:29+05:30"
22,33,41,30.27,74.62,1633383660286,"2021-10-05T03:11:00+05:30"
22,33,43,30.21,74.76,1633383690851,"2021-10-05T03:11:30+05:30"
22,35,45,30.16,75.14,1633383721466,"2021-10-05T03:12:01+05:30"
22,34,43,30.13,75.06,1633383752518,"2021-10-05T03:12:32+05:30"
25,37,46,30.09,75.26,1633383782623,"2021-10-05T03:13:02+05:30"
26,38,48,30.06,75.6,1633383813359,"2021-10-05T03:13:33+05:30"
26,38,47,30.05,75.93,1633383843786,"2021-10-05T03:14:03+05:30"
26,38,47,30.07,75.98,1633383874669,"2021-10-05T03:14:34+05:30"
26,38,47,30.06,76.07,1633383905239,"2021-10-05T03:15:05+05:30"
27,41,50,30.08,76.07,1633383935826,"2021-10-05T03:15:35+05:30"
28,42,54,30.08,76.08,1633383966450,"2021-10-05T03:16:06+05:30"
28,40,50,30.08,76.06,1633383996979,"2021-10-05T03:16:36+05:30"
31,44,56,30.02,76.13,1633384027631,"2021-10-05T03:17:07+05:30"
31,45,56,29.95,76.39,1633384058315,"2021-10-05T03:17:38+05:30"
31,46,58,29.92,76.47,1633384088775,"2021-10-05T03:18:08+05:30"
32,47,60,29.89,76.61,1633384119332,"2021-10-05T03:18:39+05:30"
32,46,59,29.87,76.68,1633384149896,"2021-10-05T03:19:09+05:30"
32,46,59,29.86,76.83,1633384180488,"2021-10-05T03:19:40+05:30"
32,47,60,29.84,76.98,1633384211103,"2021-10-05T03:20:11+05:30"
31,45,57,29.82,77.11,1633384241648,"2021-10-05T03:20:41+05:30"
31,46,57,29.84,77.01,1633384272228,"2021-10-05T03:21:12+05:30"
32,46,56,29.85,77,1633384302829,"2021-10-05T03:21:42+05:30"
32,46,57,29.83,77.12,1633384333409,"2021-10-05T03:22:13+05:30"
31,45,58,29.77,77.22,1633384363972,"2021-10-05T03:22:43+05:30"
31,45,58,29.79,77.32,1633384394549,"2021-10-05T03:23:14+05:30"
31,46,58,29.78,77.27,1633384425167,"2021-10-05T03:23:45+05:30"
31,46,59,29.76,77.29,1633384455750,"2021-10-05T03:24:15+05:30"
30,45,56,29.76,77.49,1633384479621,"2021-10-05T03:24:39+05:30"
30,45,55,29.8,77.43,1633384510193,"2021-10-05T03:25:10+05:30"
31,45,58,29.81,77.33,1633384540893,"2021-10-05T03:25:40+05:30"
31,46,58,29.77,77.38,1633384571534,"2021-10-05T03:26:11+05:30"
31,45,56,29.75,77.51,1633384602164,"2021-10-05T03:26:42+05:30"
30,45,56,29.78,77.45,1633384632754,"2021-10-05T03:27:12+05:30"
30,45,56,29.79,77.5,1633384663293,"2021-10-05T03:27:43+05:30"
31,46,57,29.77,77.58,1633384693874,"2021-10-05T03:28:13+05:30"
31,45,57,29.79,77.55,1633384724509,"2021-10-05T03:28:44+05:30"
32,46,57,29.77,77.65,1633384755061,"2021-10-05T03:29:15+05:30"
31,46,57,29.74,77.66,1633384785631,"2021-10-05T03:29:45+05:30"
30,44,54,29.73,77.5,1633384816203,"2021-10-05T03:30:16+05:30"
29,43,54,29.71,77.55,1633384846781,"2021-10-05T03:30:46+05:30"
30,45,54,29.7,77.64,1633384877373,"2021-10-05T03:31:17+05:30"
30,45,56,29.74,77.56,1633384907944,"2021-10-05T03:31:47+05:30"
29,43,55,29.76,77.38,1633384938510,"2021-10-05T03:32:18+05:30"
31,47,61,29.77,77.27,1633384970558,"2021-10-05T03:32:50+05:30"
31,46,59,29.73,77.23,1633384999683,"2021-10-05T03:33:19+05:30"
31,45,57,29.71,77.12,1633385030272,"2021-10-05T03:33:50+05:30"
30,45,57,29.71,77.16,1633385060843,"2021-10-05T03:34:20+05:30"
30,45,56,29.7,77.17,1633385093563,"2021-10-05T03:34:53+05:30"
30,44,55,29.7,77.24,1633385122018,"2021-10-05T03:35:22+05:30"
30,44,54,29.73,77.19,1633385152600,"2021-10-05T03:35:52+05:30"
30,44,54,29.7,77.27,1633385183169,"2021-10-05T03:36:23+05:30"
31,45,56,29.67,77.5,1633385213741,"2021-10-05T03:36:53+05:30"
29,43,54,29.7,77.44,1633385244362,"2021-10-05T03:37:24+05:30"
30,44,55,29.65,77.38,1633385275382,"2021-10-05T03:37:55+05:30"
30,43,53,29.63,77.55,1633385305796,"2021-10-05T03:38:25+05:30"
30,43,53,29.6,77.69,1633385336375,"2021-10-05T03:38:56+05:30"
29,43,56,29.56,77.8,1633385367380,"2021-10-05T03:39:27+05:30"
29,43,52,29.56,77.82,1633385399449,"2021-10-05T03:39:59+05:30"
30,43,54,29.54,77.85,1633385430091,"2021-10-05T03:40:30+05:30"
29,44,55,29.54,78,1633385460604,"2021-10-05T03:41:00+05:30"
30,43,53,29.56,77.96,1633385491182,"2021-10-05T03:41:31+05:30"
29,42,52,29.57,77.87,1633385521777,"2021-10-05T03:42:01+05:30"
30,44,54,29.53,77.95,1633385552443,"2021-10-05T03:42:32+05:30"
30,44,56,29.59,77.89,1633385583020,"2021-10-05T03:43:03+05:30"
30,43,53,29.63,77.77,1633385613631,"2021-10-05T03:43:33+05:30"
30,43,52,29.64,77.65,1633385644216,"2021-10-05T03:44:04+05:30"
30,44,55,29.65,77.59,1633385674822,"2021-10-05T03:44:34+05:30"
30,44,54,29.62,77.68,1633385705762,"2021-10-05T03:45:05+05:30"
29,43,55,29.61,77.73,1633385736313,"2021-10-05T03:45:36+05:30"
29,41,51,29.59,77.81,1633385766857,"2021-10-05T03:46:06+05:30"
30,44,55,29.59,77.83,1633385797440,"2021-10-05T03:46:37+05:30"
29,42,50,29.65,77.71,1633385828030,"2021-10-05T03:47:08+05:30"
29,43,55,29.68,77.6,1633385858757,"2021-10-05T03:47:38+05:30"
30,44,58,29.67,77.63,1633385889180,"2021-10-05T03:48:09+05:30"
29,43,52,29.68,77.64,1633385919779,"2021-10-05T03:48:39+05:30"
29,43,55,29.74,77.54,1633385950361,"2021-10-05T03:49:10+05:30"
29,42,52,29.74,77.39,1633385980928,"2021-10-05T03:49:40+05:30"
28,42,52,29.69,77.53,1633386011504,"2021-10-05T03:50:11+05:30"
29,43,53,29.68,77.54,1633386042126,"2021-10-05T03:50:42+05:30"
29,42,50,29.65,77.64,1633386075379,"2021-10-05T03:51:15+05:30"
29,42,51,29.64,77.62,1633386103347,"2021-10-05T03:51:43+05:30"
29,43,52,29.64,77.68,1633386133879,"2021-10-05T03:52:13+05:30"
30,43,51,29.63,77.8,1633386164473,"2021-10-05T03:52:44+05:30"
28,41,50,29.67,77.69,1633386195040,"2021-10-05T03:53:15+05:30"
28,41,52,29.65,77.6,1633386225609,"2021-10-05T03:53:45+05:30"
29,42,51,29.65,77.5,1633386256212,"2021-10-05T03:54:16+05:30"
28,42,52,29.66,77.48,1633386281555,"2021-10-05T03:54:41+05:30"
29,43,54,29.63,77.54,1633386312509,"2021-10-05T03:55:12+05:30"
29,42,51,29.66,77.51,1633386344052,"2021-10-05T03:55:44+05:30"
28,41,50,29.68,77.4,1633386374677,"2021-10-05T03:56:14+05:30"
27,41,49,29.67,77.48,1633386405289,"2021-10-05T03:56:45+05:30"
29,41,51,29.66,77.53,1633386436209,"2021-10-05T03:57:16+05:30"
29,42,51,29.68,77.63,1633386466616,"2021-10-05T03:57:46+05:30"
28,41,49,29.66,77.67,1633386497197,"2021-10-05T03:58:17+05:30"
30,43,52,29.64,77.79,1633386527804,"2021-10-05T03:58:47+05:30"
29,41,50,29.69,77.62,1633386558352,"2021-10-05T03:59:18+05:30"
29,42,53,29.72,77.5,1633386588939,"2021-10-05T03:59:48+05:30"
29,41,51,29.75,77.4,1633386619529,"2021-10-05T04:00:19+05:30"
28,40,49,29.78,77.27,1633386650110,"2021-10-05T04:00:50+05:30"
29,41,51,29.74,77.3,1633386680677,"2021-10-05T04:01:20+05:30"
29,42,52,29.73,77.45,1633386711451,"2021-10-05T04:01:51+05:30"
28,42,49,29.76,77.45,1633386744536,"2021-10-05T04:02:24+05:30"
29,42,50,29.79,77.4,1633386772443,"2021-10-05T04:02:52+05:30"
28,42,51,29.86,77.17,1633386803119,"2021-10-05T04:03:23+05:30"
28,42,52,29.84,77.15,1633386833725,"2021-10-05T04:03:53+05:30"
29,43,52,29.82,77.25,1633386864252,"2021-10-05T04:04:24+05:30"
28,42,53,29.8,77.25,1633386894867,"2021-10-05T04:04:54+05:30"
28,42,54,29.77,77.4,1633386925453,"2021-10-05T04:05:25+05:30"
29,42,52,29.75,77.48,1633386956036,"2021-10-05T04:05:56+05:30"
29,42,51,29.73,77.5,1633386986608,"2021-10-05T04:06:26+05:30"
28,42,52,29.75,77.44,1633387017194,"2021-10-05T04:06:57+05:30"
29,42,50,29.76,77.31,1633387047777,"2021-10-05T04:07:27+05:30"
28,42,51,29.76,77.24,1633387078388,"2021-10-05T04:07:58+05:30"
28,42,52,29.73,77.3,1633387108925,"2021-10-05T04:08:28+05:30"
29,43,53,29.71,77.36,1633387139556,"2021-10-05T04:08:59+05:30"
28,42,53,29.67,77.41,1633387170300,"2021-10-05T04:09:30+05:30"
29,42,51,29.65,77.49,1633387199183,"2021-10-05T04:09:59+05:30"
30,43,53,29.65,77.53,1633387229724,"2021-10-05T04:10:29+05:30"
29,42,53,29.71,77.43,1633387260289,"2021-10-05T04:11:00+05:30"
29,42,52,29.73,77.25,1633387290889,"2021-10-05T04:11:30+05:30"
30,43,52,29.73,77.28,1633387321527,"2021-10-05T04:12:01+05:30"
29,43,53,29.77,77.22,1633387352044,"2021-10-05T04:12:32+05:30"
29,43,55,29.77,77.29,1633387383179,"2021-10-05T04:13:03+05:30"
28,43,53,29.78,77.21,1633387413916,"2021-10-05T04:13:33+05:30"
29,43,53,29.78,77.18,1633387444453,"2021-10-05T04:14:04+05:30"
28,41,49,29.77,77.16,1633387475033,"2021-10-05T04:14:35+05:30"
29,42,51,29.8,77.16,1633387505602,"2021-10-05T04:15:05+05:30"
29,41,50,29.86,76.89,1633387536194,"2021-10-05T04:15:36+05:30"
29,43,53,29.83,76.96,1633387567213,"2021-10-05T04:16:07+05:30"
28,42,51,29.85,77.02,1633387598034,"2021-10-05T04:16:38+05:30"
29,41,51,29.86,76.08,1633387628536,"2021-10-05T04:17:08+05:30"
28,41,51,29.85,76.56,1633387659101,"2021-10-05T04:17:39+05:30"
28,40,50,29.89,76.24,1633387689672,"2021-10-05T04:18:09+05:30"
28,42,52,29.88,76.03,1633387721932,"2021-10-05T04:18:41+05:30"
28,41,49,29.83,75.97,1633387750925,"2021-10-05T04:19:10+05:30"
28,41,51,29.82,76.08,1633387781442,"2021-10-05T04:19:41+05:30"
28,41,49,29.79,75.98,1633387812011,"2021-10-05T04:20:12+05:30"
28,41,50,29.77,75.96,1633387842629,"2021-10-05T04:20:42+05:30"
28,41,50,29.79,76,1633387873414,"2021-10-05T04:21:13+05:30"
28,41,52,29.79,75.86,1633387904054,"2021-10-05T04:21:44+05:30"
28,40,50,29.83,75.87,1633387934469,"2021-10-05T04:22:14+05:30"
28,41,53,29.78,75.76,1633387965094,"2021-10-05T04:22:45+05:30"
28,40,51,29.78,75.81,1633387995773,"2021-10-05T04:23:15+05:30"
28,41,51,29.79,75.76,1633388026228,"2021-10-05T04:23:46+05:30"
28,41,51,29.82,75.65,1633388056802,"2021-10-05T04:24:16+05:30"
28,42,50,29.8,75.41,1633388087006,"2021-10-05T04:24:47+05:30"
28,41,50,29.77,75.39,1633388117828,"2021-10-05T04:25:17+05:30"
27,40,49,29.79,75.23,1633388148571,"2021-10-05T04:25:48+05:30"
27,40,50,29.75,75.21,1633388179055,"2021-10-05T04:26:19+05:30"
27,39,48,29.74,75.3,1633388209627,"2021-10-05T04:26:49+05:30"
27,39,47,29.76,75.35,1633388240222,"2021-10-05T04:27:20+05:30"
28,39,48,29.77,75.31,1633388270764,"2021-10-05T04:27:50+05:30"
27,40,48,29.75,75.35,1633388301617,"2021-10-05T04:28:21+05:30"
27,40,47,29.72,75.3,1633388332047,"2021-10-05T04:28:52+05:30"
28,41,49,29.69,75.32,1633388362638,"2021-10-05T04:29:22+05:30"
27,39,49,29.66,75.52,1633388393205,"2021-10-05T04:29:53+05:30"
28,41,51,29.72,75.41,1633388423779,"2021-10-05T04:30:23+05:30"
27,39,48,29.74,75.34,1633388454368,"2021-10-05T04:30:54+05:30"
27,40,51,29.73,75.05,1633388484952,"2021-10-05T04:31:24+05:30"
27,38,47,29.72,75.26,1633388515529,"2021-10-05T04:31:55+05:30"
26,39,49,29.74,75.2,1633388546094,"2021-10-05T04:32:26+05:30"
27,39,48,29.76,75.16,1633388576656,"2021-10-05T04:32:56+05:30"
27,41,50,29.72,75.22,1633388607397,"2021-10-05T04:33:27+05:30"
27,39,50,29.69,75.31,1633388637855,"2021-10-05T04:33:57+05:30"
27,40,50,29.68,75.29,1633388668421,"2021-10-05T04:34:28+05:30"
27,40,51,29.71,75.3,1633388698992,"2021-10-05T04:34:58+05:30"
27,40,49,29.69,75.26,1633388729586,"2021-10-05T04:35:29+05:30"
26,38,47,29.67,75.33,1633388760234,"2021-10-05T04:36:00+05:30"
27,39,48,29.67,75.17,1633388790748,"2021-10-05T04:36:30+05:30"
26,37,47,29.7,75.17,1633388821322,"2021-10-05T04:37:01+05:30"
27,38,46,29.66,75.19,1633388851929,"2021-10-05T04:37:31+05:30"
27,38,45,29.66,75.33,1633388882529,"2021-10-05T04:38:02+05:30"
27,37,44,29.66,75.31,1633388913081,"2021-10-05T04:38:33+05:30"
27,39,47,29.62,75.31,1633388943654,"2021-10-05T04:39:03+05:30"
246,353,377,31.3,73.86,1633435126644,"2021-10-05T17:28:46+05:30"
240,341,364,31.44,73.41,1633435136501,"2021-10-05T17:28:56+05:30"
236,343,366,31.58,72.93,1633435167114,"2021-10-05T17:29:27+05:30"
229,331,350,31.69,72.45,1633435198042,"2021-10-05T17:29:58+05:30"
227,324,348,31.8,72.11,1633435228323,"2021-10-05T17:30:28+05:30"
55,76,86,31.85,69.27,1633435258874,"2021-10-05T17:30:58+05:30"
24,34,42,31.99,67.1,1633435321017,"2021-10-05T17:32:01+05:30"
23,33,43,32.07,67.1,1633435351575,"2021-10-05T17:32:31+05:30"
25,35,41,33.23,64.74,1633435526176,"2021-10-05T17:35:26+05:30"
23,32,38,33.08,64.63,1633435556281,"2021-10-05T17:35:56+05:30"
35,48,56,32.87,65.52,1633435586838,"2021-10-05T17:36:26+05:30"
121,169,179,32.65,68.38,1633435617422,"2021-10-05T17:36:57+05:30"
122,166,173,32.48,69.09,1633435648026,"2021-10-05T17:37:28+05:30"
117,161,171,32.35,69.62,1633435678596,"2021-10-05T17:37:58+05:30"
115,157,165,32.26,70.06,1633435709165,"2021-10-05T17:38:29+05:30"
108,150,161,32.18,70.4,1633435739733,"2021-10-05T17:38:59+05:30"
103,139,145,32.13,70.54,1633435770463,"2021-10-05T17:39:30+05:30"
98,134,141,32.08,70.71,1633435800911,"2021-10-05T17:40:00+05:30"
92,126,135,32.03,70.86,1633435831612,"2021-10-05T17:40:31+05:30"
86,119,127,32,70.95,1633435862199,"2021-10-05T17:41:02+05:30"
83,112,119,31.99,71.02,1633435892790,"2021-10-05T17:41:32+05:30"
76,104,110,31.97,70.95,1633435923322,"2021-10-05T17:42:03+05:30"
69,92,98,31.95,70.9,1633435953911,"2021-10-05T17:42:33+05:30"
65,89,95,31.93,70.88,1633435984441,"2021-10-05T17:43:04+05:30"
61,83,88,31.92,70.87,1633436015183,"2021-10-05T17:43:35+05:30"
55,78,82,31.91,70.84,1633436045748,"2021-10-05T17:44:05+05:30"
52,72,77,31.9,70.84,1633436076393,"2021-10-05T17:44:36+05:30"
50,67,76,31.9,70.78,1633436106990,"2021-10-05T17:45:06+05:30"
47,64,74,31.9,70.69,1633436137424,"2021-10-05T17:45:37+05:30"
43,62,71,31.9,70.64,1633436167998,"2021-10-05T17:46:07+05:30"
40,57,70,31.9,70.53,1633436198605,"2021-10-05T17:46:38+05:30"
39,54,68,31.91,70.43,1633436229142,"2021-10-05T17:47:09+05:30"
39,54,68,31.91,70.37,1633436259707,"2021-10-05T17:47:39+05:30"
37,51,65,31.9,70.27,1633436290425,"2021-10-05T17:48:10+05:30"
35,50,64,31.9,70.22,1633436320874,"2021-10-05T17:48:40+05:30"
33,49,61,31.88,70.08,1633436351621,"2021-10-05T17:49:11+05:30"
33,47,60,31.88,70.02,1633436381987,"2021-10-05T17:49:41+05:30"
32,48,61,31.88,69.98,1633436412629,"2021-10-05T17:50:12+05:30"
32,45,57,31.87,69.99,1633436434736,"2021-10-05T17:50:34+05:30"
32,46,58,31.87,70.01,1633436465873,"2021-10-05T17:51:05+05:30"
30,44,56,31.88,70.02,1633436496540,"2021-10-05T17:51:36+05:30"
31,46,59,31.88,70.01,1633436527546,"2021-10-05T17:52:07+05:30"
31,46,58,31.89,70.03,1633436557890,"2021-10-05T17:52:37+05:30"
30,43,52,31.89,70.06,1633436588449,"2021-10-05T17:53:08+05:30"
30,42,54,31.9,70.08,1633436619149,"2021-10-05T17:53:39+05:30"
29,43,53,31.9,70.08,1633436649899,"2021-10-05T17:54:09+05:30"
29,43,52,31.9,70.08,1633436680703,"2021-10-05T17:54:40+05:30"
29,42,51,31.9,69.98,1633436711065,"2021-10-05T17:55:11+05:30"
29,42,50,31.89,69.95,1633436741901,"2021-10-05T17:55:41+05:30"
28,41,50,31.88,70,1633436772233,"2021-10-05T17:56:12+05:30"
27,40,50,31.88,70.05,1633436802740,"2021-10-05T17:56:42+05:30"
26,40,50,31.88,70.11,1633436833334,"2021-10-05T17:57:13+05:30"
26,39,47,31.89,70.1,1633436863879,"2021-10-05T17:57:43+05:30"
26,39,50,31.89,70.1,1633436894457,"2021-10-05T17:58:14+05:30"
26,38,47,31.9,70.14,1633436925029,"2021-10-05T17:58:45+05:30"
26,37,44,31.9,70.16,1633436955597,"2021-10-05T17:59:15+05:30"
26,38,49,31.91,70.16,1633436986528,"2021-10-05T17:59:46+05:30"
26,36,46,31.92,70.17,1633437016753,"2021-10-05T18:00:16+05:30"
25,37,46,31.93,70.14,1633437047469,"2021-10-05T18:00:47+05:30"
24,36,43,31.92,70.17,1633437077872,"2021-10-05T18:01:17+05:30"
25,36,42,31.92,70.21,1633437108440,"2021-10-05T18:01:48+05:30"
26,37,45,31.93,70.21,1633437139181,"2021-10-05T18:02:19+05:30"
24,35,43,31.93,70.23,1633437169590,"2021-10-05T18:02:49+05:30"
24,34,42,31.92,70.18,1633437200157,"2021-10-05T18:03:20+05:30"
22,32,39,31.91,70.18,1633437230719,"2021-10-05T18:03:50+05:30"
23,34,42,31.92,70.17,1633437261474,"2021-10-05T18:04:21+05:30"
23,32,38,31.92,70.15,1633437291952,"2021-10-05T18:04:51+05:30"
23,34,40,31.92,70.14,1633437325364,"2021-10-05T18:05:25+05:30"
22,32,38,31.92,70.14,1633437355377,"2021-10-05T18:05:55+05:30"
22,31,34,31.92,70.13,1633437385945,"2021-10-05T18:06:25+05:30"
22,32,38,31.93,70.1,1633437416526,"2021-10-05T18:06:56+05:30"
22,31,39,31.94,70.1,1633437447144,"2021-10-05T18:07:27+05:30"
22,32,37,31.94,70.05,1633437477650,"2021-10-05T18:07:57+05:30"
22,32,37,31.94,70.05,1633437508232,"2021-10-05T18:08:28+05:30"
22,33,38,31.94,70.1,1633437538806,"2021-10-05T18:08:58+05:30"
21,31,37,31.95,70.06,1633437569366,"2021-10-05T18:09:29+05:30"
22,31,37,31.96,70.05,1633437599932,"2021-10-05T18:09:59+05:30"
21,31,36,31.95,70.06,1633437630520,"2021-10-05T18:10:30+05:30"
21,30,32,31.94,70.07,1633437661082,"2021-10-05T18:11:01+05:30"
21,29,32,31.94,70.12,1633437691649,"2021-10-05T18:11:31+05:30"
20,28,30,31.94,70.15,1633437722323,"2021-10-05T18:12:02+05:30"
20,29,32,31.94,70.16,1633437752784,"2021-10-05T18:12:32+05:30"
21,29,33,31.94,70.12,1633437783350,"2021-10-05T18:13:03+05:30"
20,30,36,31.93,70.1,1633437813925,"2021-10-05T18:13:33+05:30"
19,27,31,31.94,70.05,1633437844515,"2021-10-05T18:14:04+05:30"
20,29,31,31.93,70,1633437875080,"2021-10-05T18:14:35+05:30"
21,29,32,31.93,70.01,1633437905844,"2021-10-05T18:15:05+05:30"
19,29,33,31.92,69.97,1633437936476,"2021-10-05T18:15:36+05:30"
20,30,33,31.9,69.86,1633437967039,"2021-10-05T18:16:07+05:30"
19,27,30,31.89,69.83,1633437997679,"2021-10-05T18:16:37+05:30"
20,29,32,31.89,69.86,1633438028188,"2021-10-05T18:17:08+05:30"
20,30,34,31.88,69.84,1633438058764,"2021-10-05T18:17:38+05:30"
21,30,31,31.88,69.85,1633438089317,"2021-10-05T18:18:09+05:30"
22,31,35,31.88,69.85,1633438120073,"2021-10-05T18:18:40+05:30"
21,32,40,31.9,69.92,1633438150483,"2021-10-05T18:19:10+05:30"
23,34,40,31.91,69.94,1633438181038,"2021-10-05T18:19:41+05:30"
24,34,39,31.91,69.99,1633438211847,"2021-10-05T18:20:11+05:30"
25,36,45,31.91,70.03,1633438244109,"2021-10-05T18:20:44+05:30"
25,38,48,31.92,70.03,1633438274188,"2021-10-05T18:21:14+05:30"
26,39,48,31.92,70.02,1633438304890,"2021-10-05T18:21:44+05:30"
26,37,45,31.93,70.01,1633438335429,"2021-10-05T18:22:15+05:30"
26,38,47,31.93,70.02,1633438366024,"2021-10-05T18:22:46+05:30"
26,38,46,31.93,70.01,1633438396560,"2021-10-05T18:23:16+05:30"
26,38,47,31.93,69.99,1633438430879,"2021-10-05T18:23:50+05:30"
26,38,46,31.94,69.99,1633438460987,"2021-10-05T18:24:20+05:30"
26,38,46,31.93,70,1633438491590,"2021-10-05T18:24:51+05:30"
27,37,46,31.93,69.98,1633438521624,"2021-10-05T18:25:21+05:30"
25,37,46,31.93,69.97,1633438552194,"2021-10-05T18:25:52+05:30"
25,35,44,31.93,69.94,1633438582757,"2021-10-05T18:26:22+05:30"
23,35,44,31.92,69.93,1633438613400,"2021-10-05T18:26:53+05:30"
23,36,44,31.93,69.92,1633438643931,"2021-10-05T18:27:23+05:30"
24,36,43,31.93,69.92,1633438674515,"2021-10-05T18:27:54+05:30"
23,33,42,31.94,69.92,1633438705078,"2021-10-05T18:28:25+05:30"
24,35,43,31.93,69.98,1633438735755,"2021-10-05T18:28:55+05:30"
23,34,42,31.93,70.01,1633438766316,"2021-10-05T18:29:26+05:30"
22,34,39,31.93,70.04,1633438796900,"2021-10-05T18:29:56+05:30"
23,33,38,31.93,70.07,1633438827455,"2021-10-05T18:30:27+05:30"
23,34,43,31.94,70.1,1633438858031,"2021-10-05T18:30:58+05:30"
22,32,37,31.94,70.14,1633438888588,"2021-10-05T18:31:28+05:30"
22,32,39,31.95,70.18,1633438919173,"2021-10-05T18:31:59+05:30"
22,31,37,31.95,70.23,1633438952260,"2021-10-05T18:32:32+05:30"
22,32,38,31.94,70.21,1633438970812,"2021-10-05T18:32:50+05:30"
22,30,35,31.94,70.22,1633439001567,"2021-10-05T18:33:21+05:30"
22,33,41,31.94,70.23,1633439032139,"2021-10-05T18:33:52+05:30"
23,33,40,31.94,70.22,1633439062710,"2021-10-05T18:34:22+05:30"
25,37,46,31.94,70.28,1633439093279,"2021-10-05T18:34:53+05:30"
27,41,52,31.95,70.35,1633439123854,"2021-10-05T18:35:23+05:30"
27,40,50,31.96,70.37,1633439154428,"2021-10-05T18:35:54+05:30"
27,40,49,31.97,70.42,1633439185004,"2021-10-05T18:36:25+05:30"
25,39,49,31.98,70.4,1633439215629,"2021-10-05T18:36:55+05:30"
25,37,48,31.97,70.37,1633439246137,"2021-10-05T18:37:26+05:30"
25,38,47,31.97,70.37,1633439276702,"2021-10-05T18:37:56+05:30"
24,37,46,31.97,70.4,1633439307282,"2021-10-05T18:38:27+05:30"
23,35,42,31.96,70.39,1633439337835,"2021-10-05T18:38:57+05:30"
25,36,44,31.96,70.39,1633439368426,"2021-10-05T18:39:28+05:30"
23,35,46,31.96,70.39,1633439397681,"2021-10-05T18:39:57+05:30"
23,34,43,31.96,70.36,1633439427799,"2021-10-05T18:40:27+05:30"
24,35,43,31.95,70.37,1633439458360,"2021-10-05T18:40:58+05:30"
23,34,42,31.95,70.31,1633439488920,"2021-10-05T18:41:28+05:30"
23,34,40,31.95,70.29,1633439519487,"2021-10-05T18:41:59+05:30"
23,31,38,31.94,70.3,1633439550062,"2021-10-05T18:42:30+05:30"
23,34,43,31.94,70.29,1633439580640,"2021-10-05T18:43:00+05:30"
22,32,36,31.95,70.24,1633439611226,"2021-10-05T18:43:31+05:30"
22,31,36,31.94,70.19,1633439641834,"2021-10-05T18:44:01+05:30"
22,32,39,31.93,70.13,1633439672345,"2021-10-05T18:44:32+05:30"
22,31,37,31.93,70.1,1633439703185,"2021-10-05T18:45:03+05:30"
22,32,37,31.92,70.1,1633439733682,"2021-10-05T18:45:33+05:30"
21,30,34,31.92,70.1,1633439764154,"2021-10-05T18:46:04+05:30"
22,31,36,31.92,70.08,1633439794724,"2021-10-05T18:46:34+05:30"
21,30,37,31.92,70.04,1633439825296,"2021-10-05T18:47:05+05:30"
21,30,37,31.91,70.02,1633439855860,"2021-10-05T18:47:35+05:30"
21,29,33,31.91,70,1633439886442,"2021-10-05T18:48:06+05:30"
22,30,32,31.91,70,1633439917118,"2021-10-05T18:48:37+05:30"
20,28,30,31.92,69.93,1633439947659,"2021-10-05T18:49:07+05:30"
20,29,35,31.91,69.85,1633439978242,"2021-10-05T18:49:38+05:30"
20,30,34,31.91,69.91,1633440008803,"2021-10-05T18:50:08+05:30"
21,28,32,31.91,69.95,1633440039371,"2021-10-05T18:50:39+05:30"
21,29,32,31.91,69.97,1633440069940,"2021-10-05T18:51:09+05:30"
22,29,32,31.92,69.98,1633440100547,"2021-10-05T18:51:40+05:30"
19,28,32,31.91,69.98,1633440131106,"2021-10-05T18:52:11+05:30"
20,29,32,31.91,69.95,1633440161801,"2021-10-05T18:52:41+05:30"
19,28,34,31.91,69.97,1633440192238,"2021-10-05T18:53:12+05:30"
20,29,33,31.91,69.98,1633440223315,"2021-10-05T18:53:43+05:30"
19,29,34,31.9,69.98,1633440253722,"2021-10-05T18:54:13+05:30"
19,28,31,31.91,69.99,1633440315464,"2021-10-05T18:55:15+05:30"
20,29,32,31.91,69.92,1633440345565,"2021-10-05T18:55:45+05:30"
19,26,26,31.9,69.91,1633440376153,"2021-10-05T18:56:16+05:30"
20,29,32,31.9,69.95,1633440407217,"2021-10-05T18:56:47+05:30"
19,28,30,31.9,69.97,1633440438057,"2021-10-05T18:57:18+05:30"
19,28,31,31.9,69.98,1633440468627,"2021-10-05T18:57:48+05:30"
19,29,34,31.9,69.92,1633440499208,"2021-10-05T18:58:19+05:30"
20,28,31,31.9,69.91,1633440529854,"2021-10-05T18:58:49+05:30"
20,27,31,31.89,69.9,1633440560425,"2021-10-05T18:59:20+05:30"
19,29,33,31.9,69.9,1633440591003,"2021-10-05T18:59:51+05:30"
20,30,35,31.9,69.87,1633440621565,"2021-10-05T19:00:21+05:30"
21,29,31,31.89,69.84,1633440652132,"2021-10-05T19:00:52+05:30"
20,30,35,31.89,69.84,1633440682705,"2021-10-05T19:01:22+05:30"
20,31,36,31.89,69.82,1633440713272,"2021-10-05T19:01:53+05:30"
20,30,34,31.89,69.81,1633440743841,"2021-10-05T19:02:23+05:30"
22,31,38,31.9,69.8,1633440774420,"2021-10-05T19:02:54+05:30"
21,31,37,31.9,69.77,1633440804995,"2021-10-05T19:03:24+05:30"
22,31,36,31.89,69.75,1633440835935,"2021-10-05T19:03:55+05:30"
22,33,39,31.89,69.71,1633440866472,"2021-10-05T19:04:26+05:30"
22,32,37,31.88,69.68,1633440897035,"2021-10-05T19:04:57+05:30"
23,33,41,31.88,69.64,1633440927618,"2021-10-05T19:05:27+05:30"
22,32,37,31.88,69.63,1633440958202,"2021-10-05T19:05:58+05:30"
22,31,35,31.87,69.62,1633440988750,"2021-10-05T19:06:28+05:30"
22,33,38,31.87,69.62,1633441019316,"2021-10-05T19:06:59+05:30"
22,32,37,31.87,69.62,1633441049920,"2021-10-05T19:07:29+05:30"
23,32,37,31.87,69.6,1633441081226,"2021-10-05T19:08:01+05:30"
22,33,40,31.87,69.6,1633441111935,"2021-10-05T19:08:31+05:30"
22,33,39,31.88,69.6,1633441142503,"2021-10-05T19:09:02+05:30"
21,30,34,31.88,69.59,1633441173084,"2021-10-05T19:09:33+05:30"
21,31,37,31.88,69.6,1633441203676,"2021-10-05T19:10:03+05:30"
20,27,28,31.89,69.58,1633441233785,"2021-10-05T19:10:33+05:30"
21,31,38,31.89,69.58,1633441264370,"2021-10-05T19:11:04+05:30"
21,30,34,31.89,69.59,1633441294993,"2021-10-05T19:11:34+05:30"
20,28,30,31.89,69.6,1633441325504,"2021-10-05T19:12:05+05:30"
21,29,31,31.9,69.58,1633441356060,"2021-10-05T19:12:36+05:30"
21,29,33,31.9,69.56,1633441386956,"2021-10-05T19:13:06+05:30"
22,31,37,31.9,69.56,1633441417322,"2021-10-05T19:13:37+05:30"
22,31,35,31.9,69.5,1633441448523,"2021-10-05T19:14:08+05:30"
21,31,34,31.9,69.53,1633441479179,"2021-10-05T19:14:39+05:30"
21,31,35,31.91,69.53,1633441509791,"2021-10-05T19:15:09+05:30"
21,30,33,31.91,69.5,1633441540516,"2021-10-05T19:15:40+05:30"
21,32,37,31.9,69.51,1633441571076,"2021-10-05T19:16:11+05:30"
21,30,34,31.91,69.53,1633441601646,"2021-10-05T19:16:41+05:30"
21,28,30,31.91,69.53,1633441633320,"2021-10-05T19:17:13+05:30"
22,30,35,31.91,69.55,1633441664192,"2021-10-05T19:17:44+05:30"
21,31,35,31.91,69.51,1633441694482,"2021-10-05T19:18:14+05:30"
20,30,33,31.91,69.54,1633441725053,"2021-10-05T19:18:45+05:30"
21,30,33,31.91,69.56,1633441755611,"2021-10-05T19:19:15+05:30"
20,27,30,31.92,69.58,1633441786181,"2021-10-05T19:19:46+05:30"
20,30,35,31.92,69.58,1633441816773,"2021-10-05T19:20:16+05:30"
21,30,33,31.92,69.59,1633441847541,"2021-10-05T19:20:47+05:30"
20,30,33,31.91,69.61,1633441877992,"2021-10-05T19:21:17+05:30"
21,29,34,31.91,69.62,1633441908465,"2021-10-05T19:21:48+05:30"
20,29,34,31.9,69.65,1633441939033,"2021-10-05T19:22:19+05:30"
20,29,30,31.9,69.65,1633441969632,"2021-10-05T19:22:49+05:30"
22,32,38,31.89,69.66,1633442000208,"2021-10-05T19:23:20+05:30"
21,31,39,31.88,69.65,1633442030746,"2021-10-05T19:23:50+05:30"
21,32,38,31.88,69.65,1633442061326,"2021-10-05T19:24:21+05:30"
22,32,38,31.87,69.67,1633442093571,"2021-10-05T19:24:53+05:30"
21,31,36,31.87,69.69,1633442123684,"2021-10-05T19:25:23+05:30"
21,33,40,31.87,69.68,1633442154241,"2021-10-05T19:25:54+05:30"
22,32,42,31.86,69.7,1633442184855,"2021-10-05T19:26:24+05:30"
22,32,37,31.86,69.7,1633442215400,"2021-10-05T19:26:55+05:30"
22,31,37,31.86,69.7,1633442245955,"2021-10-05T19:27:25+05:30"
22,32,38,31.86,69.68,1633442277638,"2021-10-05T19:27:57+05:30"
23,35,42,31.87,69.7,1633442307156,"2021-10-05T19:28:27+05:30"
22,33,40,31.86,69.71,1633442337731,"2021-10-05T19:28:57+05:30"
24,35,43,31.86,69.74,1633442368309,"2021-10-05T19:29:28+05:30"
23,35,44,31.85,69.74,1633442398874,"2021-10-05T19:29:58+05:30"
23,35,45,31.86,69.75,1633442429463,"2021-10-05T19:30:29+05:30"
23,34,42,31.87,69.76,1633442460014,"2021-10-05T19:31:00+05:30"
23,32,40,31.88,69.76,1633442490706,"2021-10-05T19:31:30+05:30"
23,35,42,31.89,69.76,1633442521172,"2021-10-05T19:32:01+05:30"
23,36,43,31.89,69.78,1633442551796,"2021-10-05T19:32:31+05:30"
23,33,38,31.89,69.8,1633442582396,"2021-10-05T19:33:02+05:30"
23,34,41,31.9,69.77,1633442612863,"2021-10-05T19:33:32+05:30"
23,33,38,31.9,69.77,1633442643433,"2021-10-05T19:34:03+05:30"
22,32,38,31.91,69.77,1633442674035,"2021-10-05T19:34:34+05:30"
22,34,40,31.92,69.76,1633442704587,"2021-10-05T19:35:04+05:30"
22,34,41,31.92,69.78,1633442735166,"2021-10-05T19:35:35+05:30"
22,32,39,31.92,69.81,1633442765717,"2021-10-05T19:36:05+05:30"
22,32,37,31.92,69.83,1633442796303,"2021-10-05T19:36:36+05:30"
22,31,38,31.92,69.83,1633442826850,"2021-10-05T19:37:06+05:30"
22,33,36,31.93,69.84,1633442857434,"2021-10-05T19:37:37+05:30"
22,31,35,31.93,69.84,1633442887992,"2021-10-05T19:38:07+05:30"
21,32,37,31.93,69.86,1633442918658,"2021-10-05T19:38:38+05:30"
21,31,35,31.93,69.87,1633442949134,"2021-10-05T19:39:09+05:30"
20,31,37,31.93,69.87,1633442979702,"2021-10-05T19:39:39+05:30"
22,31,35,31.92,69.89,1633443013793,"2021-10-05T19:40:13+05:30"
21,30,34,31.92,69.93,1633443044134,"2021-10-05T19:40:44+05:30"
21,31,37,31.92,69.93,1633443064647,"2021-10-05T19:41:04+05:30"
21,30,33,31.93,69.9,1633443095200,"2021-10-05T19:41:35+05:30"
21,32,38,31.93,69.87,1633443125789,"2021-10-05T19:42:05+05:30"
20,30,33,31.93,69.85,1633443156346,"2021-10-05T19:42:36+05:30"
21,31,34,31.93,69.87,1633443188085,"2021-10-05T19:43:08+05:30"
21,31,34,31.93,69.87,1633443189727,"2021-10-05T19:43:09+05:30"
21,30,33,31.93,69.87,1633443217514,"2021-10-05T19:43:37+05:30"
21,32,38,31.93,69.85,1633443249330,"2021-10-05T19:44:09+05:30"
21,31,37,31.93,69.83,1633443279992,"2021-10-05T19:44:39+05:30"
21,31,36,31.92,69.85,1633443310554,"2021-10-05T19:45:10+05:30"
20,30,37,31.92,69.85,1633443341730,"2021-10-05T19:45:41+05:30"
20,30,35,31.92,69.82,1633443372374,"2021-10-05T19:46:12+05:30"
21,30,33,31.91,69.8,1633443403844,"2021-10-05T19:46:43+05:30"
21,30,35,31.91,69.8,1633443434486,"2021-10-05T19:47:14+05:30"
19,30,34,31.92,69.79,1633443465926,"2021-10-05T19:47:45+05:30"
20,30,34,31.91,69.79,1633443496577,"2021-10-05T19:48:16+05:30"
20,29,33,31.9,69.76,1633443527186,"2021-10-05T19:48:47+05:30"
19,28,32,31.9,69.74,1633443557733,"2021-10-05T19:49:17+05:30"
19,27,28,31.9,69.73,1633443588280,"2021-10-05T19:49:48+05:30"
19,31,37,31.9,69.72,1633443618947,"2021-10-05T19:50:18+05:30"
20,30,33,31.9,69.76,1633443649431,"2021-10-05T19:50:49+05:30"
19,28,33,31.9,69.79,1633443679996,"2021-10-05T19:51:19+05:30"
20,29,36,31.9,69.81,1633443710843,"2021-10-05T19:51:50+05:30"
19,30,34,31.9,69.82,1633443741440,"2021-10-05T19:52:21+05:30"
21,31,35,31.9,69.8,1633443772004,"2021-10-05T19:52:52+05:30"
21,32,40,31.9,69.8,1633443802639,"2021-10-05T19:53:22+05:30"
21,31,40,32.01,69.74,1633443833331,"2021-10-05T19:53:53+05:30"
20,29,34,32.19,69.25,1633443863751,"2021-10-05T19:54:23+05:30"
19,29,36,32.31,68.87,1633443893753,"2021-10-05T19:54:53+05:30"
20,31,37,32.41,68.58,1633443924416,"2021-10-05T19:55:24+05:30"
20,29,37,32.48,68.36,1633443955010,"2021-10-05T19:55:55+05:30"
19,30,33,32.54,68.17,1633443985574,"2021-10-05T19:56:25+05:30"
19,28,31,32.58,68.01,1633444016825,"2021-10-05T19:56:56+05:30"
20,28,32,32.62,67.89,1633444047409,"2021-10-05T19:57:27+05:30"
19,30,36,32.66,67.77,1633444078008,"2021-10-05T19:57:58+05:30"
20,29,33,32.68,67.66,1633444108562,"2021-10-05T19:58:28+05:30"
19,29,34,32.71,67.59,1633444139736,"2021-10-05T19:58:59+05:30"
20,31,34,32.73,67.52,1633444170458,"2021-10-05T19:59:30+05:30"
21,29,32,32.75,67.48,1633444200913,"2021-10-05T20:00:00+05:30"
19,26,29,32.76,67.44,1633444231758,"2021-10-05T20:00:31+05:30"
19,27,29,32.77,67.41,1633444263520,"2021-10-05T20:01:03+05:30"
19,28,30,32.78,67.38,1633444294098,"2021-10-05T20:01:34+05:30"
19,28,30,32.79,67.39,1633444324741,"2021-10-05T20:02:04+05:30"
20,30,36,32.8,67.36,1633444355252,"2021-10-05T20:02:35+05:30"
21,30,35,32.81,67.34,1633444385822,"2021-10-05T20:03:05+05:30"
20,29,33,32.82,67.29,1633444416458,"2021-10-05T20:03:36+05:30"
21,31,36,32.83,67.26,1633444447067,"2021-10-05T20:04:07+05:30"
19,29,34,32.85,67.22,1633444477605,"2021-10-05T20:04:37+05:30"
20,30,37,32.85,67.17,1633444508265,"2021-10-05T20:05:08+05:30"
21,32,38,32.86,67.14,1633444538843,"2021-10-05T20:05:38+05:30"
19,29,34,32.86,67.11,1633444569418,"2021-10-05T20:06:09+05:30"
19,29,32,32.87,67.09,1633444600012,"2021-10-05T20:06:40+05:30"
18,26,26,32.87,67.07,1633444630717,"2021-10-05T20:07:10+05:30"
19,26,31,32.88,67.05,1633444661346,"2021-10-05T20:07:41+05:30"
18,27,30,32.88,67.04,1633444691847,"2021-10-05T20:08:11+05:30"
19,26,29,32.88,67.04,1633444722983,"2021-10-05T20:08:42+05:30"
19,25,28,32.89,67.04,1633444753384,"2021-10-05T20:09:13+05:30"
18,25,28,32.89,67.07,1633444783954,"2021-10-05T20:09:43+05:30"
19,25,26,32.91,67.07,1633444814601,"2021-10-05T20:10:14+05:30"
18,26,28,32.92,67.05,1633444844517,"2021-10-05T20:10:44+05:30"
16,23,25,32.93,67.04,1633444875101,"2021-10-05T20:11:15+05:30"
17,21,23,32.94,67.03,1633444905681,"2021-10-05T20:11:45+05:30"
18,25,27,32.95,67.02,1633444936239,"2021-10-05T20:12:16+05:30"
16,21,24,32.96,67.02,1633444966811,"2021-10-05T20:12:46+05:30"
16,23,24,32.97,67.02,1633444997378,"2021-10-05T20:13:17+05:30"
16,23,24,32.98,67.02,1633445027936,"2021-10-05T20:13:47+05:30"
17,25,26,32.99,67.18,1633445058504,"2021-10-05T20:14:18+05:30"
15,19,20,33,67.26,1633445089075,"2021-10-05T20:14:49+05:30"
17,21,24,33.01,67.26,1633445119740,"2021-10-05T20:15:19+05:30"
17,24,25,33.01,67.25,1633445150212,"2021-10-05T20:15:50+05:30"
17,21,23,33.02,67.25,1633445180871,"2021-10-05T20:16:20+05:30"
15,21,23,33.03,67.23,1633445211571,"2021-10-05T20:16:51+05:30"
16,21,22,33.04,67.21,1633445242073,"2021-10-05T20:17:22+05:30"
16,21,23,33.05,67.21,1633445272678,"2021-10-05T20:17:52+05:30"
17,22,23,33.05,67.22,1633445303331,"2021-10-05T20:18:23+05:30"
16,22,24,33.06,67.22,1633445340863,"2021-10-05T20:19:00+05:30"