"pm1_0","pm2_5","pm10","temp","humid","createdAt","localtime"
1,2,3,28.24,66.82,1635161871184,"2021-10-25T17:07:51+05:30"
3,4,6,28.22,66.6,1635161881737,"2021-10-25T17:08:01+05:30"
32,50,68,28.23,67.99,1635161912205,"2021-10-25T17:08:32+05:30"
36,59,76,28.24,68.36,1635161942778,"2021-10-25T17:09:02+05:30"
38,67,95,28.14,67.39,1635161996734,"2021-10-25T17:09:56+05:30"
28,46,61,27.96,67.97,1635162027596,"2021-10-25T17:10:27+05:30"
9,16,20,27.45,66.54,1635162059030,"2021-10-25T17:10:59+05:30"
8,13,18,27.1,68.15,1635162089436,"2021-10-25T17:11:29+05:30"
8,11,15,26.76,68.7,1635162120007,"2021-10-25T17:12:00+05:30"
8,14,17,26.51,69.49,1635162150583,"2021-10-25T17:12:30+05:30"
6,11,14,26.32,70.38,1635162181146,"2021-10-25T17:13:01+05:30"
13,21,30,26.3,72.28,1635162211710,"2021-10-25T17:13:31+05:30"
17,29,40,26.36,71.94,1635162242310,"2021-10-25T17:14:02+05:30"
6,9,11,26.21,71.47,1635162273285,"2021-10-25T17:14:33+05:30"
6,10,12,26.12,72.06,1635162303843,"2021-10-25T17:15:03+05:30"
6,10,11,26.03,72.09,1635162334413,"2021-10-25T17:15:34+05:30"
5,11,15,25.95,72.3,1635162364977,"2021-10-25T17:16:04+05:30"
4,8,12,25.9,72.64,1635162395542,"2021-10-25T17:16:35+05:30"
5,9,16,25.88,73.08,1635162426097,"2021-10-25T17:17:06+05:30"
6,10,13,25.84,72.96,1635162456862,"2021-10-25T17:17:36+05:30"
5,8,11,25.81,73.05,1635162487246,"2021-10-25T17:18:07+05:30"
5,10,12,25.76,72.85,1635162517832,"2021-10-25T17:18:37+05:30"
5,9,10,25.73,73.03,1635162548384,"2021-10-25T17:19:08+05:30"
4,6,9,25.76,73.77,1635162578953,"2021-10-25T17:19:38+05:30"
3,5,8,25.73,73.35,1635162609529,"2021-10-25T17:20:09+05:30"
4,5,8,25.7,73.19,1635162640078,"2021-10-25T17:20:40+05:30"
3,5,6,25.7,73.55,1635162670666,"2021-10-25T17:21:10+05:30"
4,8,12,25.68,73.6,1635162701259,"2021-10-25T17:21:41+05:30"
5,8,10,25.62,73.39,1635162731810,"2021-10-25T17:22:11+05:30"
6,10,13,25.58,73.53,1635162762373,"2021-10-25T17:22:42+05:30"
5,7,9,25.56,73.59,1635162792937,"2021-10-25T17:23:12+05:30"
6,10,13,25.56,73.82,1635162823489,"2021-10-25T17:23:43+05:30"
6,9,12,25.59,73.99,1635162854084,"2021-10-25T17:24:14+05:30"
5,10,14,25.63,74.21,1635162883800,"2021-10-25T17:24:43+05:30"
5,8,10,25.63,73.8,1635162914379,"2021-10-25T17:25:14+05:30"
4,8,9,25.63,73.7,1635162944956,"2021-10-25T17:25:44+05:30"
5,8,11,25.63,73.63,1635162975534,"2021-10-25T17:26:15+05:30"
5,9,13,25.64,73.83,1635163006071,"2021-10-25T17:26:46+05:30"
32,52,74,26.28,75.51,1635163091158,"2021-10-25T17:28:11+05:30"
32,54,74,26.54,74.1,1635163121863,"2021-10-25T17:28:41+05:30"
31,52,73,26.63,73.47,1635163152511,"2021-10-25T17:29:12+05:30"
31,50,66,26.66,72.97,1635163183279,"2021-10-25T17:29:43+05:30"
31,49,70,26.68,73.03,1635163214054,"2021-10-25T17:30:14+05:30"
31,49,70,26.78,72.96,1635163244890,"2021-10-25T17:30:44+05:30"
33,52,72,26.83,72.75,1635163275369,"2021-10-25T17:31:15+05:30"
31,50,71,26.84,72.57,1635163305934,"2021-10-25T17:31:45+05:30"
31,51,69,26.83,72.52,1635163336554,"2021-10-25T17:32:16+05:30"
31,50,69,26.82,72.63,1635163367076,"2021-10-25T17:32:47+05:30"
32,50,69,26.77,72.77,1635163397619,"2021-10-25T17:33:17+05:30"
31,51,72,26.74,72.87,1635163428194,"2021-10-25T17:33:48+05:30"
32,52,72,26.75,72.83,1635163458764,"2021-10-25T17:34:18+05:30"
32,51,70,26.73,72.72,1635163489630,"2021-10-25T17:34:49+05:30"
31,51,70,26.69,72.79,1635163519987,"2021-10-25T17:35:19+05:30"
30,50,70,26.68,72.9,1635163550531,"2021-10-25T17:35:50+05:30"
31,50,68,26.65,72.93,1635163581119,"2021-10-25T17:36:21+05:30"
31,50,69,26.65,72.97,1635163611682,"2021-10-25T17:36:51+05:30"
31,50,68,26.67,72.91,1635163642268,"2021-10-25T17:37:22+05:30"
31,51,70,26.68,72.91,1635163672825,"2021-10-25T17:37:52+05:30"
32,55,74,26.64,72.73,1635163703392,"2021-10-25T17:38:23+05:30"
32,57,78,26.6,72.83,1635163733951,"2021-10-25T17:38:53+05:30"
33,52,73,26.62,72.94,1635163764524,"2021-10-25T17:39:24+05:30"
32,51,72,26.62,73.02,1635163795105,"2021-10-25T17:39:55+05:30"
33,53,73,26.6,72.87,1635163825664,"2021-10-25T17:40:25+05:30"
34,58,79,26.6,72.98,1635163856240,"2021-10-25T17:40:56+05:30"
32,54,74,26.61,73.07,1635163886802,"2021-10-25T17:41:26+05:30"
32,56,79,26.59,72.97,1635163917362,"2021-10-25T17:41:57+05:30"
32,53,76,26.61,73.1,1635163947956,"2021-10-25T17:42:27+05:30"
32,56,78,26.63,73.01,1635163974614,"2021-10-25T17:42:54+05:30"
32,53,76,26.63,72.98,1635164005836,"2021-10-25T17:43:25+05:30"
33,55,78,26.62,72.92,1635164036680,"2021-10-25T17:43:56+05:30"
32,55,77,26.63,72.94,1635164067296,"2021-10-25T17:44:27+05:30"
33,56,81,26.65,72.83,1635164098321,"2021-10-25T17:44:58+05:30"
33,57,80,26.66,72.8,1635164129149,"2021-10-25T17:45:29+05:30"
33,59,80,26.65,72.74,1635164160068,"2021-10-25T17:46:00+05:30"
33,59,84,26.63,72.93,1635164190945,"2021-10-25T17:46:30+05:30"
33,60,86,26.62,72.85,1635164221506,"2021-10-25T17:47:01+05:30"
34,61,84,26.58,72.94,1635164252084,"2021-10-25T17:47:32+05:30"
34,65,90,26.58,72.93,1635164282636,"2021-10-25T17:48:02+05:30"
34,67,93,26.57,72.91,1635164313473,"2021-10-25T17:48:33+05:30"
34,64,89,26.56,72.95,1635164343804,"2021-10-25T17:49:03+05:30"
34,64,92,26.56,73.07,1635164374373,"2021-10-25T17:49:34+05:30"
34,63,88,26.57,73.07,1635164404955,"2021-10-25T17:50:04+05:30"
33,64,88,26.58,73.03,1635164435479,"2021-10-25T17:50:35+05:30"
33,61,90,26.6,73.01,1635164466066,"2021-10-25T17:51:06+05:30"
33,62,84,26.6,72.97,1635164496769,"2021-10-25T17:51:36+05:30"
33,62,89,26.58,73,1635164527182,"2021-10-25T17:52:07+05:30"
34,62,88,26.57,73.07,1635164557773,"2021-10-25T17:52:37+05:30"
33,59,82,26.56,73.06,1635164588319,"2021-10-25T17:53:08+05:30"
33,62,86,26.58,73.11,1635164618919,"2021-10-25T17:53:38+05:30"
33,60,82,26.58,73.01,1635164649467,"2021-10-25T17:54:09+05:30"
33,61,92,26.57,73.02,1635164680043,"2021-10-25T17:54:40+05:30"
34,63,89,26.56,73.04,1635164710593,"2021-10-25T17:55:10+05:30"
35,62,87,26.55,73.05,1635164741175,"2021-10-25T17:55:41+05:30"
33,63,84,26.54,73.11,1635164771744,"2021-10-25T17:56:11+05:30"
33,59,80,26.54,73.14,1635164802461,"2021-10-25T17:56:42+05:30"
34,63,93,26.56,73.1,1635164832887,"2021-10-25T17:57:12+05:30"
33,61,87,26.56,73.1,1635164863453,"2021-10-25T17:57:43+05:30"
34,63,86,26.56,73.13,1635164892104,"2021-10-25T17:58:12+05:30"
34,66,88,26.58,73.23,1635164922662,"2021-10-25T17:58:42+05:30"
34,62,86,26.61,73.2,1635164953235,"2021-10-25T17:59:13+05:30"
34,59,85,26.64,73.25,1635164983813,"2021-10-25T17:59:43+05:30"
33,63,88,26.68,73.18,1635165014349,"2021-10-25T18:00:14+05:30"
34,62,87,26.7,73.13,1635165044938,"2021-10-25T18:00:44+05:30"
33,60,83,26.84,73.24,1635165075496,"2021-10-25T18:01:15+05:30"
34,56,74,27.09,71.09,1635165106161,"2021-10-25T18:01:46+05:30"
33,49,62,26.92,68.78,1635165136643,"2021-10-25T18:02:16+05:30"
33,49,63,26.78,68.94,1635165167206,"2021-10-25T18:02:47+05:30"
33,50,65,26.67,69.18,1635165197777,"2021-10-25T18:03:17+05:30"
32,49,62,26.57,69.42,1635165228355,"2021-10-25T18:03:48+05:30"
32,48,61,26.5,69.51,1635165258947,"2021-10-25T18:04:18+05:30"
33,50,65,26.45,69.59,1635165289621,"2021-10-25T18:04:49+05:30"
33,51,65,26.39,69.73,1635165320165,"2021-10-25T18:05:20+05:30"
33,50,64,26.34,69.96,1635165350804,"2021-10-25T18:05:50+05:30"
33,50,65,26.32,69.78,1635165381529,"2021-10-25T18:06:21+05:30"
34,52,66,26.29,69.84,1635165412147,"2021-10-25T18:06:52+05:30"
33,51,66,26.28,69.99,1635165442736,"2021-10-25T18:07:22+05:30"
34,51,67,26.27,69.9,1635165473296,"2021-10-25T18:07:53+05:30"
34,51,64,26.24,70.04,1635165503875,"2021-10-25T18:08:23+05:30"
34,51,64,26.22,70.24,1635165534434,"2021-10-25T18:08:54+05:30"
35,53,67,26.21,70.44,1635165565405,"2021-10-25T18:09:25+05:30"
34,51,67,26.2,70.41,1635165595910,"2021-10-25T18:09:55+05:30"
35,52,66,26.2,70.39,1635165626494,"2021-10-25T18:10:26+05:30"
34,51,66,26.2,70.31,1635165657732,"2021-10-25T18:10:57+05:30"
34,53,67,26.22,70.26,1635165688642,"2021-10-25T18:11:28+05:30"
35,52,66,26.21,70.28,1635165719383,"2021-10-25T18:11:59+05:30"
35,53,68,26.2,70.1,1635165750068,"2021-10-25T18:12:30+05:30"
35,52,67,26.18,70.28,1635165780995,"2021-10-25T18:13:00+05:30"
34,51,66,26.19,70.4,1635165811480,"2021-10-25T18:13:31+05:30"
36,55,71,26.18,70.18,1635165842598,"2021-10-25T18:14:02+05:30"
35,52,68,26.19,70.03,1635165873427,"2021-10-25T18:14:33+05:30"
35,53,69,26.18,69.83,1635165904348,"2021-10-25T18:15:04+05:30"
34,53,67,26.17,69.89,1635165934920,"2021-10-25T18:15:34+05:30"
34,53,67,26.16,70.05,1635165965484,"2021-10-25T18:16:05+05:30"
35,53,68,26.17,70.31,1635165996042,"2021-10-25T18:16:36+05:30"
34,51,65,26.17,70.32,1635166026883,"2021-10-25T18:17:06+05:30"
34,52,68,26.16,70.38,1635166057165,"2021-10-25T18:17:37+05:30"
35,52,67,26.17,70.49,1635166087759,"2021-10-25T18:18:07+05:30"
36,52,68,26.16,70.37,1635166118530,"2021-10-25T18:18:38+05:30"
36,53,68,26.14,70.45,1635166148943,"2021-10-25T18:19:08+05:30"
35,52,68,26.14,70.7,1635166179457,"2021-10-25T18:19:39+05:30"
34,51,67,26.15,70.98,1635166210039,"2021-10-25T18:20:10+05:30"
34,53,68,26.16,71.1,1635166240643,"2021-10-25T18:20:40+05:30"
34,50,63,26.13,71.33,1635166271190,"2021-10-25T18:21:11+05:30"
34,51,66,26.13,71.25,1635166301735,"2021-10-25T18:21:41+05:30"
35,53,68,26.14,71.5,1635166332333,"2021-10-25T18:22:12+05:30"
34,51,67,26.13,71.53,1635166362885,"2021-10-25T18:22:42+05:30"
35,53,69,26.13,71.47,1635166395233,"2021-10-25T18:23:15+05:30"
34,52,67,26.13,71.11,1635166424108,"2021-10-25T18:23:44+05:30"
35,53,67,26.14,71.25,1635166454784,"2021-10-25T18:24:14+05:30"
35,53,67,26.13,71.46,1635166485250,"2021-10-25T18:24:45+05:30"
34,51,66,26.14,71.39,1635166515793,"2021-10-25T18:25:15+05:30"
34,51,65,26.14,71.48,1635166546364,"2021-10-25T18:25:46+05:30"
35,53,68,26.13,71.31,1635166577123,"2021-10-25T18:26:17+05:30"
35,52,66,26.13,71.31,1635166607506,"2021-10-25T18:26:47+05:30"
34,53,69,26.13,71.26,1635166638093,"2021-10-25T18:27:18+05:30"
34,51,67,26.12,71.38,1635166673268,"2021-10-25T18:27:53+05:30"
35,54,68,26.1,71.65,1635166703848,"2021-10-25T18:28:23+05:30"
34,53,68,26.08,71.65,1635166734617,"2021-10-25T18:28:54+05:30"
35,53,67,26.08,71.59,1635166765041,"2021-10-25T18:29:25+05:30"
35,54,69,26.07,71.75,1635166795512,"2021-10-25T18:29:55+05:30"
35,53,68,26.06,71.93,1635166826096,"2021-10-25T18:30:26+05:30"
36,54,68,26.06,71.58,1635166856663,"2021-10-25T18:30:56+05:30"
38,56,69,26.07,71.27,1635166887312,"2021-10-25T18:31:27+05:30"
36,54,69,26.1,71.2,1635166917794,"2021-10-25T18:31:57+05:30"
37,53,68,26.11,71.15,1635166948345,"2021-10-25T18:32:28+05:30"
36,54,69,26.09,71.35,1635166978951,"2021-10-25T18:32:58+05:30"
35,53,69,26.1,71.29,1635167009491,"2021-10-25T18:33:29+05:30"
36,54,68,26.11,71.26,1635167040098,"2021-10-25T18:34:00+05:30"
38,56,71,26.1,71.39,1635167070636,"2021-10-25T18:34:30+05:30"
38,57,71,26.11,71.3,1635167101215,"2021-10-25T18:35:01+05:30"
37,55,71,26.11,71.24,1635167131767,"2021-10-25T18:35:31+05:30"
44,64,75,26.11,71.15,1635167162333,"2021-10-25T18:36:02+05:30"
44,63,75,26.09,71.3,1635167192915,"2021-10-25T18:36:32+05:30"
48,72,81,26.09,71.55,1635167223492,"2021-10-25T18:37:03+05:30"
52,76,83,26.08,71.92,1635167254059,"2021-10-25T18:37:34+05:30"
45,66,76,26.08,72.14,1635167284619,"2021-10-25T18:38:04+05:30"
41,61,74,26.07,72.03,1635167315194,"2021-10-25T18:38:35+05:30"
45,64,75,26.04,72.38,1635167345763,"2021-10-25T18:39:05+05:30"
44,66,76,26.04,72.37,1635167376308,"2021-10-25T18:39:36+05:30"
42,63,75,26.05,72.11,1635167406921,"2021-10-25T18:40:06+05:30"
43,62,75,26.07,72.02,1635167437464,"2021-10-25T18:40:37+05:30"
43,62,74,26.08,71.7,1635167468049,"2021-10-25T18:41:08+05:30"
42,59,71,26.08,71.5,1635167498628,"2021-10-25T18:41:38+05:30"
41,60,71,26.09,71.46,1635167529193,"2021-10-25T18:42:09+05:30"
40,59,72,26.09,71.05,1635167559730,"2021-10-25T18:42:39+05:30"
39,57,70,26.11,71.03,1635167583071,"2021-10-25T18:43:03+05:30"
39,56,69,26.1,70.92,1635167613962,"2021-10-25T18:43:33+05:30"
40,58,71,26.09,70.96,1635167644559,"2021-10-25T18:44:04+05:30"
38,56,71,26.09,70.96,1635167675191,"2021-10-25T18:44:35+05:30"
39,56,69,26.09,71.04,1635167705740,"2021-10-25T18:45:05+05:30"
37,56,69,26.06,71.05,1635167736330,"2021-10-25T18:45:36+05:30"
38,56,70,26.06,71.06,1635167766905,"2021-10-25T18:46:06+05:30"
37,56,70,26.08,71.06,1635167797479,"2021-10-25T18:46:37+05:30"
38,58,73,26.09,71.06,1635167828043,"2021-10-25T18:47:08+05:30"
38,56,71,26.08,70.82,1635167858610,"2021-10-25T18:47:38+05:30"
39,56,70,26.07,70.99,1635167889160,"2021-10-25T18:48:09+05:30"
39,56,70,26.05,71.05,1635167919717,"2021-10-25T18:48:39+05:30"
38,57,70,26.04,71.38,1635167950313,"2021-10-25T18:49:10+05:30"
38,57,71,26.01,71.78,1635167980870,"2021-10-25T18:49:40+05:30"
40,60,71,26.01,72.11,1635168011454,"2021-10-25T18:50:11+05:30"
40,59,71,25.99,71.95,1635168042099,"2021-10-25T18:50:42+05:30"
41,58,72,25.99,71.99,1635168072593,"2021-10-25T18:51:12+05:30"
39,60,71,26.02,71.69,1635168103402,"2021-10-25T18:51:43+05:30"
40,60,72,26.01,71.63,1635168134328,"2021-10-25T18:52:14+05:30"
41,61,74,26.02,71.64,1635168164855,"2021-10-25T18:52:44+05:30"
40,58,71,26.02,71.7,1635168195406,"2021-10-25T18:53:15+05:30"
39,58,71,26.04,71.57,1635168225983,"2021-10-25T18:53:45+05:30"
40,58,71,26.05,71.61,1635168256541,"2021-10-25T18:54:16+05:30"
41,60,73,26.04,71.38,1635168287340,"2021-10-25T18:54:47+05:30"
39,60,72,26.03,71.53,1635168317748,"2021-10-25T18:55:17+05:30"
40,60,72,26.02,71.68,1635168348520,"2021-10-25T18:55:48+05:30"
41,61,73,26.01,71.74,1635168378833,"2021-10-25T18:56:18+05:30"
38,57,72,26,71.75,1635168409417,"2021-10-25T18:56:49+05:30"
41,58,71,26.01,71.82,1635168439974,"2021-10-25T18:57:19+05:30"
41,60,72,25.99,71.84,1635168476498,"2021-10-25T18:57:56+05:30"
40,61,72,25.99,71.67,1635168506620,"2021-10-25T18:58:26+05:30"
40,58,72,25.98,71.7,1635168537175,"2021-10-25T18:58:57+05:30"
39,59,72,25.96,71.59,1635168567731,"2021-10-25T18:59:27+05:30"
40,58,71,25.96,71.59,1635168598300,"2021-10-25T18:59:58+05:30"
43,63,73,25.95,71.58,1635168628855,"2021-10-25T19:00:28+05:30"
42,60,73,25.93,71.48,1635168659552,"2021-10-25T19:00:59+05:30"
42,63,74,25.91,71.68,1635168690069,"2021-10-25T19:01:30+05:30"
43,62,73,25.92,71.96,1635168720729,"2021-10-25T19:02:00+05:30"
42,60,75,25.93,72.11,1635168765837,"2021-10-25T19:02:45+05:30"
42,61,75,25.96,71.67,1635168796768,"2021-10-25T19:03:16+05:30"
17,26,37,24.9,77.63,1635174043410,"2021-10-25T20:30:43+05:30"
13,20,26,24.8,78.09,1635174074233,"2021-10-25T20:31:14+05:30"
13,20,28,24.81,78.24,1635174104663,"2021-10-25T20:31:44+05:30"
16,25,34,24.8,78.18,1635174135224,"2021-10-25T20:32:15+05:30"
16,27,32,24.81,78.03,1635174165802,"2021-10-25T20:32:45+05:30"
16,27,32,24.85,77.89,1635174196359,"2021-10-25T20:33:16+05:30"
15,24,32,24.86,77.8,1635174226902,"2021-10-25T20:33:46+05:30"
17,28,41,24.83,77.64,1635174257451,"2021-10-25T20:34:17+05:30"
18,30,43,24.84,77.59,1635174288062,"2021-10-25T20:34:48+05:30"
18,29,41,24.82,77.48,1635174318617,"2021-10-25T20:35:18+05:30"
18,31,41,24.88,77.82,1635174349196,"2021-10-25T20:35:49+05:30"
20,32,42,24.88,77.35,1635174379779,"2021-10-25T20:36:19+05:30"
21,33,47,24.87,77.21,1635174410375,"2021-10-25T20:36:50+05:30"
21,33,46,24.94,77.44,1635174440889,"2021-10-25T20:37:20+05:30"
21,34,47,24.99,77.21,1635174471511,"2021-10-25T20:37:51+05:30"
21,34,48,24.97,76.86,1635174502347,"2021-10-25T20:38:22+05:30"
20,31,43,25.02,77.17,1635174532718,"2021-10-25T20:38:52+05:30"
21,34,43,25,76.76,1635174563305,"2021-10-25T20:39:23+05:30"
21,33,47,25.01,76.73,1635174593855,"2021-10-25T20:39:53+05:30"
22,33,45,25.04,76.85,1635174624406,"2021-10-25T20:40:24+05:30"
19,32,43,25.05,76.73,1635174654994,"2021-10-25T20:40:54+05:30"
19,31,40,25.09,76.81,1635174685536,"2021-10-25T20:41:25+05:30"
19,31,40,25.14,76.72,1635174716102,"2021-10-25T20:41:56+05:30"
19,32,42,25.14,76.6,1635174746690,"2021-10-25T20:42:26+05:30"
20,32,39,25.11,76.64,1635174777260,"2021-10-25T20:42:57+05:30"
20,32,41,25.17,77.32,1635174808077,"2021-10-25T20:43:28+05:30"
19,31,40,25.21,77.3,1635174838631,"2021-10-25T20:43:58+05:30"
17,31,36,25.27,77.23,1635174869531,"2021-10-25T20:44:29+05:30"
18,28,31,25.28,76.86,1635174900295,"2021-10-25T20:45:00+05:30"
18,30,38,25.27,76.86,1635174930501,"2021-10-25T20:45:30+05:30"
19,30,35,25.28,76.81,1635174961183,"2021-10-25T20:46:01+05:30"
19,31,41,25.33,76.99,1635174991770,"2021-10-25T20:46:31+05:30"
18,29,35,25.33,76.63,1635175022641,"2021-10-25T20:47:02+05:30"
17,25,30,25.35,76.83,1635175053634,"2021-10-25T20:47:33+05:30"
18,30,36,25.35,76.76,1635175084013,"2021-10-25T20:48:04+05:30"
18,29,39,25.39,76.69,1635175114580,"2021-10-25T20:48:34+05:30"
18,30,40,25.38,76.53,1635175145236,"2021-10-25T20:49:05+05:30"
19,30,39,25.36,76.64,1635175175810,"2021-10-25T20:49:35+05:30"
19,30,40,25.34,76.7,1635175206382,"2021-10-25T20:50:06+05:30"
18,27,31,25.34,76.7,1635175236940,"2021-10-25T20:50:36+05:30"
16,25,32,25.35,76.78,1635175267567,"2021-10-25T20:51:07+05:30"
17,28,30,25.39,77.12,1635175298065,"2021-10-25T20:51:38+05:30"
17,28,34,25.43,77.07,1635175328658,"2021-10-25T20:52:08+05:30"
18,29,36,25.44,76.67,1635175359347,"2021-10-25T20:52:39+05:30"
16,28,33,25.39,76.32,1635175389837,"2021-10-25T20:53:09+05:30"
17,30,35,25.34,76.41,1635175420439,"2021-10-25T20:53:40+05:30"
16,26,30,25.3,76.4,1635175450985,"2021-10-25T20:54:10+05:30"
17,29,36,25.27,76.59,1635175481599,"2021-10-25T20:54:41+05:30"
16,25,31,25.28,76.72,1635175512227,"2021-10-25T20:55:12+05:30"
16,24,30,25.27,76.8,1635175542809,"2021-10-25T20:55:42+05:30"
17,27,33,25.28,76.91,1635175573373,"2021-10-25T20:56:13+05:30"
15,25,30,25.26,76.86,1635175604173,"2021-10-25T20:56:44+05:30"
15,24,30,25.25,77.14,1635175634489,"2021-10-25T20:57:14+05:30"
16,25,32,25.19,77.29,1635175665185,"2021-10-25T20:57:45+05:30"
15,23,34,25.07,77.92,1635175695645,"2021-10-25T20:58:15+05:30"
15,24,29,25,78.13,1635175726282,"2021-10-25T20:58:46+05:30"
16,26,34,24.94,78.34,1635175756798,"2021-10-25T20:59:16+05:30"
18,28,32,24.9,78.74,1635175787338,"2021-10-25T20:59:47+05:30"
17,25,31,24.95,78.71,1635175823708,"2021-10-25T21:00:23+05:30"
16,26,31,24.97,78.37,1635175854279,"2021-10-25T21:00:54+05:30"
16,28,38,24.93,77.78,1635175884839,"2021-10-25T21:01:24+05:30"
16,27,32,24.89,77.78,1635175915481,"2021-10-25T21:01:55+05:30"
16,26,31,24.9,77.81,1635175946037,"2021-10-25T21:02:26+05:30"
17,26,37,24.9,77.58,1635175976588,"2021-10-25T21:02:56+05:30"
16,23,28,24.88,77.49,1635176007323,"2021-10-25T21:03:27+05:30"
17,27,32,24.89,77.56,1635176037730,"2021-10-25T21:03:57+05:30"
16,28,36,24.9,77.44,1635176068294,"2021-10-25T21:04:28+05:30"
15,24,32,24.96,77.54,1635176098884,"2021-10-25T21:04:58+05:30"
15,23,28,24.93,77.39,1635176129440,"2021-10-25T21:05:29+05:30"
16,28,33,24.9,77.38,1635176160022,"2021-10-25T21:06:00+05:30"
16,26,31,24.95,77.56,1635176190598,"2021-10-25T21:06:30+05:30"
16,26,33,24.95,77.29,1635176221171,"2021-10-25T21:07:01+05:30"
17,28,38,24.92,77.25,1635176251715,"2021-10-25T21:07:31+05:30"
18,27,39,24.89,77.24,1635176282285,"2021-10-25T21:08:02+05:30"
17,25,34,24.87,77.35,1635176312909,"2021-10-25T21:08:32+05:30"
18,30,38,24.84,77.4,1635176343499,"2021-10-25T21:09:03+05:30"
17,30,38,24.82,77.49,1635176374048,"2021-10-25T21:09:34+05:30"
19,28,40,24.79,77.65,1635176404917,"2021-10-25T21:10:04+05:30"
18,27,34,24.78,77.66,1635176435371,"2021-10-25T21:10:35+05:30"
18,25,30,24.78,77.69,1635176465756,"2021-10-25T21:11:05+05:30"
18,29,35,24.81,77.77,1635176496337,"2021-10-25T21:11:36+05:30"
17,29,34,24.78,77.76,1635176526968,"2021-10-25T21:12:06+05:30"
16,28,36,24.78,77.89,1635176557518,"2021-10-25T21:12:37+05:30"
17,27,35,24.8,77.91,1635176588344,"2021-10-25T21:13:08+05:30"
16,26,33,24.81,77.99,1635176618670,"2021-10-25T21:13:38+05:30"
16,27,35,24.81,77.89,1635176649277,"2021-10-25T21:14:09+05:30"
17,26,34,24.78,77.99,1635176679787,"2021-10-25T21:14:39+05:30"
17,29,37,24.77,78.08,1635176710357,"2021-10-25T21:15:10+05:30"
16,28,39,24.81,78.02,1635176744841,"2021-10-25T21:15:44+05:30"
15,25,33,24.8,78.04,1635176775385,"2021-10-25T21:16:15+05:30"
16,26,36,24.82,78.13,1635176805946,"2021-10-25T21:16:45+05:30"
16,28,33,24.83,78.07,1635176836525,"2021-10-25T21:17:16+05:30"
17,29,35,24.83,78.15,1635176867166,"2021-10-25T21:17:47+05:30"
17,28,34,24.81,78.14,1635176897728,"2021-10-25T21:18:17+05:30"
17,26,34,24.87,78.42,1635176928291,"2021-10-25T21:18:48+05:30"
16,25,35,24.91,78.11,1635176958842,"2021-10-25T21:19:18+05:30"
16,25,27,24.91,77.93,1635176989440,"2021-10-25T21:19:49+05:30"
17,26,35,24.97,78.08,1635177020000,"2021-10-25T21:20:20+05:30"
18,28,33,24.98,77.81,1635177050786,"2021-10-25T21:20:50+05:30"
18,27,32,24.95,77.72,1635177081640,"2021-10-25T21:21:21+05:30"
18,29,35,24.96,77.73,1635177111978,"2021-10-25T21:21:51+05:30"
17,25,30,24.99,77.71,1635177142541,"2021-10-25T21:22:22+05:30"
16,24,31,24.96,77.54,1635177173144,"2021-10-25T21:22:53+05:30"
17,25,34,24.97,77.76,1635177203700,"2021-10-25T21:23:23+05:30"
17,28,39,25.01,77.81,1635177234268,"2021-10-25T21:23:54+05:30"
16,27,32,25.04,77.83,1635177264829,"2021-10-25T21:24:24+05:30"
17,27,35,25.01,77.8,1635177295408,"2021-10-25T21:24:55+05:30"
18,29,36,25,77.72,1635177325958,"2021-10-25T21:25:25+05:30"
16,27,34,24.96,77.91,1635177356534,"2021-10-25T21:25:56+05:30"
17,28,36,24.97,78.04,1635177387113,"2021-10-25T21:26:27+05:30"
16,26,33,24.97,77.95,1635177417674,"2021-10-25T21:26:57+05:30"
17,29,32,24.96,77.95,1635177448268,"2021-10-25T21:27:28+05:30"
16,27,36,24.95,77.92,1635177478813,"2021-10-25T21:27:58+05:30"
17,29,36,24.9,78.05,1635177509391,"2021-10-25T21:28:29+05:30"
17,29,37,24.86,78.25,1635177540160,"2021-10-25T21:29:00+05:30"
16,25,27,24.87,78.29,1635177570667,"2021-10-25T21:29:30+05:30"
16,27,36,24.83,78.33,1635177601092,"2021-10-25T21:30:01+05:30"
17,28,32,24.82,78.39,1635177625868,"2021-10-25T21:30:25+05:30"
18,28,32,24.81,78.35,1635177656414,"2021-10-25T21:30:56+05:30"
17,29,37,24.8,78.39,1635177687024,"2021-10-25T21:31:27+05:30"
17,28,39,24.76,78.37,1635177717589,"2021-10-25T21:31:57+05:30"
17,30,37,24.79,78.52,1635177748168,"2021-10-25T21:32:28+05:30"
17,29,34,24.79,78.52,1635177778713,"2021-10-25T21:32:58+05:30"
17,27,34,24.84,78.64,1635177809770,"2021-10-25T21:33:29+05:30"
16,24,27,24.88,78.62,1635177839831,"2021-10-25T21:33:59+05:30"
15,24,30,24.95,78.57,1635177870416,"2021-10-25T21:34:30+05:30"
17,24,29,24.97,78.32,1635177900997,"2021-10-25T21:35:00+05:30"
17,25,32,24.94,78.28,1635177931560,"2021-10-25T21:35:31+05:30"
16,24,30,24.88,78.4,1635177962127,"2021-10-25T21:36:02+05:30"
17,28,38,24.88,78.43,1635177992710,"2021-10-25T21:36:32+05:30"
17,28,40,24.89,78.75,1635178023259,"2021-10-25T21:37:03+05:30"
17,28,34,24.83,78.57,1635178053831,"2021-10-25T21:37:33+05:30"
18,29,34,24.78,78.75,1635178084386,"2021-10-25T21:38:04+05:30"
18,29,36,24.74,78.8,1635178114984,"2021-10-25T21:38:34+05:30"
18,28,35,24.76,78.88,1635178145540,"2021-10-25T21:39:05+05:30"
19,30,43,24.77,78.79,1635178176181,"2021-10-25T21:39:36+05:30"
17,28,40,24.72,78.85,1635178206668,"2021-10-25T21:40:06+05:30"
18,29,33,24.72,78.91,1635178237261,"2021-10-25T21:40:37+05:30"
16,25,28,24.72,78.83,1635178267902,"2021-10-25T21:41:07+05:30"
17,28,35,24.68,78.91,1635178298387,"2021-10-25T21:41:38+05:30"
17,28,37,24.65,79.03,1635178329012,"2021-10-25T21:42:09+05:30"
16,25,31,24.67,79.27,1635178359526,"2021-10-25T21:42:39+05:30"
17,28,34,24.79,79.54,1635178390094,"2021-10-25T21:43:10+05:30"
15,26,32,24.91,79.58,1635178420682,"2021-10-25T21:43:40+05:30"
16,25,31,25.02,79.52,1635178451215,"2021-10-25T21:44:11+05:30"
16,24,30,25.12,79.21,1635178481823,"2021-10-25T21:44:41+05:30"
17,27,36,25.2,78.93,1635178512334,"2021-10-25T21:45:12+05:30"
17,28,36,25.19,78.29,1635178546567,"2021-10-25T21:45:46+05:30"
17,28,32,25.07,78,1635178577111,"2021-10-25T21:46:17+05:30"
17,28,35,24.98,78.31,1635178607726,"2021-10-25T21:46:47+05:30"
18,28,33,24.91,78.52,1635178638242,"2021-10-25T21:47:18+05:30"
18,29,37,24.87,78.55,1635178668794,"2021-10-25T21:47:48+05:30"
18,28,38,24.81,78.57,1635178699391,"2021-10-25T21:48:19+05:30"
18,28,33,24.76,78.73,1635178729954,"2021-10-25T21:48:49+05:30"
18,27,36,24.72,78.87,1635178760556,"2021-10-25T21:49:20+05:30"
18,29,34,24.74,78.91,1635178791184,"2021-10-25T21:49:51+05:30"
16,25,29,24.72,78.87,1635178821656,"2021-10-25T21:50:21+05:30"
18,26,34,24.71,78.98,1635178852220,"2021-10-25T21:50:52+05:30"
17,26,31,24.73,78.97,1635178882796,"2021-10-25T21:51:22+05:30"
18,29,36,24.77,78.87,1635178913409,"2021-10-25T21:51:53+05:30"
18,29,33,24.77,78.69,1635178943938,"2021-10-25T21:52:23+05:30"
18,29,35,24.72,78.65,1635178974500,"2021-10-25T21:52:54+05:30"
18,28,36,24.73,78.78,1635179005083,"2021-10-25T21:53:25+05:30"
19,29,39,24.69,78.9,1635179035659,"2021-10-25T21:53:55+05:30"
17,29,36,24.66,78.97,1635179066224,"2021-10-25T21:54:26+05:30"
18,29,41,24.61,79.09,1635179096758,"2021-10-25T21:54:56+05:30"
19,30,38,24.59,79.23,1635179127349,"2021-10-25T21:55:27+05:30"
18,25,30,24.57,79.34,1635179157914,"2021-10-25T21:55:57+05:30"
18,29,34,24.6,79.5,1635179188476,"2021-10-25T21:56:28+05:30"
19,30,38,24.67,79.3,1635179219062,"2021-10-25T21:56:59+05:30"
18,29,35,24.73,79.26,1635179249605,"2021-10-25T21:57:29+05:30"
17,29,38,24.72,78.96,1635179280204,"2021-10-25T21:58:00+05:30"
19,29,38,24.7,78.94,1635179310728,"2021-10-25T21:58:30+05:30"
17,24,35,24.72,79,1635179341364,"2021-10-25T21:59:01+05:30"
19,30,38,24.71,78.93,1635179371883,"2021-10-25T21:59:31+05:30"
18,29,37,24.79,79.01,1635179402471,"2021-10-25T22:00:02+05:30"
17,27,40,24.77,78.76,1635179426603,"2021-10-25T22:00:26+05:30"
18,31,41,24.71,78.85,1635179457153,"2021-10-25T22:00:57+05:30"
18,30,38,24.73,79.1,1635179487706,"2021-10-25T22:01:27+05:30"
18,31,42,24.75,78.96,1635179518369,"2021-10-25T22:01:58+05:30"
19,29,39,24.69,79.02,1635179548837,"2021-10-25T22:02:28+05:30"
17,30,40,24.66,79.11,1635179579628,"2021-10-25T22:02:59+05:30"
18,28,35,24.67,79.11,1635179609973,"2021-10-25T22:03:29+05:30"
19,28,36,24.67,79.03,1635179640559,"2021-10-25T22:04:00+05:30"
19,30,36,24.64,79.16,1635179671301,"2021-10-25T22:04:31+05:30"
19,29,35,24.63,79.14,1635179701673,"2021-10-25T22:05:01+05:30"
18,30,37,24.56,79.19,1635179732425,"2021-10-25T22:05:32+05:30"
16,28,37,24.54,79.31,1635179762829,"2021-10-25T22:06:02+05:30"
19,30,40,24.6,79.45,1635179793389,"2021-10-25T22:06:33+05:30"
18,30,38,24.61,79.09,1635179823972,"2021-10-25T22:07:03+05:30"
17,28,35,24.59,79.03,1635179854736,"2021-10-25T22:07:34+05:30"
18,29,36,24.64,79.24,1635179885065,"2021-10-25T22:08:05+05:30"
19,31,40,24.59,79.15,1635179915654,"2021-10-25T22:08:35+05:30"
18,29,35,24.56,79.25,1635179946282,"2021-10-25T22:09:06+05:30"
17,31,40,24.54,79.29,1635179976854,"2021-10-25T22:09:36+05:30"
18,28,37,24.54,79.27,1635180007432,"2021-10-25T22:10:07+05:30"
19,31,42,24.52,79.12,1635180037996,"2021-10-25T22:10:37+05:30"
18,29,39,24.52,79.22,1635180068581,"2021-10-25T22:11:08+05:30"
19,30,38,24.54,79.17,1635180099197,"2021-10-25T22:11:39+05:30"
19,29,34,24.52,78.98,1635180129739,"2021-10-25T22:12:09+05:30"
19,30,37,24.54,79.12,1635180160279,"2021-10-25T22:12:40+05:30"
18,29,38,24.52,79.16,1635180190850,"2021-10-25T22:13:10+05:30"
19,30,39,24.54,79.29,1635180221417,"2021-10-25T22:13:41+05:30"
18,30,40,24.53,79.22,1635180252015,"2021-10-25T22:14:12+05:30"
18,27,35,24.52,79.23,1635180282555,"2021-10-25T22:14:42+05:30"
18,29,42,24.55,79.19,1635180313118,"2021-10-25T22:15:13+05:30"
18,29,40,24.52,79.09,1635180347889,"2021-10-25T22:15:47+05:30"
18,28,36,24.57,79.13,1635180378260,"2021-10-25T22:16:18+05:30"
20,33,41,24.56,79.03,1635180408790,"2021-10-25T22:16:48+05:30"
19,30,37,24.55,79.01,1635180439340,"2021-10-25T22:17:19+05:30"
19,30,38,24.52,79.08,1635180470294,"2021-10-25T22:17:50+05:30"
19,31,39,24.54,78.98,1635180500532,"2021-10-25T22:18:20+05:30"
18,29,36,24.55,79.08,1635180531072,"2021-10-25T22:18:51+05:30"
19,30,38,24.61,79.04,1635180561632,"2021-10-25T22:19:21+05:30"
18,30,40,24.61,78.73,1635180592217,"2021-10-25T22:19:52+05:30"
19,30,39,24.57,78.46,1635180622770,"2021-10-25T22:20:22+05:30"
19,31,41,24.6,78.57,1635180653320,"2021-10-25T22:20:53+05:30"
19,28,35,24.61,78.49,1635180683925,"2021-10-25T22:21:23+05:30"
18,27,36,24.69,78.69,1635180714471,"2021-10-25T22:21:54+05:30"
19,32,40,24.72,78.46,1635180745044,"2021-10-25T22:22:25+05:30"
20,33,45,24.69,78.24,1635180775613,"2021-10-25T22:22:55+05:30"
19,28,36,24.63,78.15,1635180806190,"2021-10-25T22:23:26+05:30"
19,31,37,24.6,78.11,1635180836865,"2021-10-25T22:23:56+05:30"
19,31,41,24.59,78.31,1635180867297,"2021-10-25T22:24:27+05:30"
19,31,41,24.61,78.55,1635180897908,"2021-10-25T22:24:57+05:30"
20,30,36,24.58,78.61,1635180928467,"2021-10-25T22:25:28+05:30"
18,30,43,24.57,78.68,1635180959052,"2021-10-25T22:25:59+05:30"
19,28,40,24.59,78.66,1635180989601,"2021-10-25T22:26:29+05:30"
20,32,47,24.54,78.72,1635181020395,"2021-10-25T22:27:00+05:30"
18,30,39,24.61,78.9,1635181050733,"2021-10-25T22:27:30+05:30"
19,29,37,24.66,78.76,1635181081284,"2021-10-25T22:28:01+05:30"
19,27,37,24.62,78.74,1635181111950,"2021-10-25T22:28:31+05:30"
19,30,39,24.57,78.78,1635181142569,"2021-10-25T22:29:02+05:30"
19,31,39,24.54,78.93,1635181173113,"2021-10-25T22:29:33+05:30"
19,29,36,24.56,78.92,1635181203691,"2021-10-25T22:30:03+05:30"
19,32,41,24.53,78.78,1635181230993,"2021-10-25T22:30:30+05:30"
20,32,42,24.51,78.93,1635181261387,"2021-10-25T22:31:01+05:30"
19,31,42,24.53,78.95,1635181291946,"2021-10-25T22:31:31+05:30"
18,29,38,24.6,78.99,1635181322499,"2021-10-25T22:32:02+05:30"
18,29,38,24.57,78.81,1635181353087,"2021-10-25T22:32:33+05:30"
20,29,41,24.61,78.8,1635181383639,"2021-10-25T22:33:03+05:30"
19,30,37,24.58,78.67,1635181414206,"2021-10-25T22:33:34+05:30"
19,29,38,24.52,78.56,1635181444936,"2021-10-25T22:34:04+05:30"
19,32,40,24.52,78.73,1635181475557,"2021-10-25T22:34:35+05:30"
20,30,39,24.52,78.83,1635181506129,"2021-10-25T22:35:06+05:30"
17,28,37,24.57,78.9,1635181536636,"2021-10-25T22:35:36+05:30"
19,31,39,24.53,78.69,1635181567203,"2021-10-25T22:36:07+05:30"
20,31,38,24.47,78.68,1635181597914,"2021-10-25T22:36:37+05:30"
19,30,40,24.5,78.77,1635181628536,"2021-10-25T22:37:08+05:30"
18,31,43,24.52,78.74,1635181659082,"2021-10-25T22:37:39+05:30"
18,28,34,24.51,78.7,1635181689853,"2021-10-25T22:38:09+05:30"
19,32,45,24.51,78.54,1635181720374,"2021-10-25T22:38:40+05:30"
20,31,37,24.49,78.53,1635181750914,"2021-10-25T22:39:10+05:30"
19,31,41,24.43,78.42,1635181781488,"2021-10-25T22:39:41+05:30"
19,32,43,24.38,78.63,1635181812152,"2021-10-25T22:40:12+05:30"
20,32,43,24.36,78.72,1635181842801,"2021-10-25T22:40:42+05:30"
20,32,40,24.37,78.79,1635181873314,"2021-10-25T22:41:13+05:30"
20,31,40,24.37,78.62,1635181903880,"2021-10-25T22:41:43+05:30"
20,32,40,24.37,78.59,1635181934472,"2021-10-25T22:42:14+05:30"
21,32,41,24.36,78.53,1635181965055,"2021-10-25T22:42:45+05:30"
19,31,46,24.35,78.65,1635181995573,"2021-10-25T22:43:15+05:30"
19,31,41,24.43,78.7,1635182026157,"2021-10-25T22:43:46+05:30"
19,33,46,24.4,78.7,1635182056822,"2021-10-25T22:44:16+05:30"
20,34,45,24.41,78.61,1635182087297,"2021-10-25T22:44:47+05:30"
19,30,38,24.39,78.54,1635182117871,"2021-10-25T22:45:17+05:30"
20,32,39,24.36,78.48,1635182149620,"2021-10-25T22:45:49+05:30"
20,32,42,24.39,78.54,1635182180169,"2021-10-25T22:46:20+05:30"
19,31,42,24.42,78.41,1635182210736,"2021-10-25T22:46:50+05:30"
20,31,36,24.47,78.29,1635182241320,"2021-10-25T22:47:21+05:30"
21,33,44,24.42,78.06,1635182271864,"2021-10-25T22:47:51+05:30"
20,32,41,24.45,78.07,1635182302457,"2021-10-25T22:48:22+05:30"
20,34,45,24.44,78.09,1635182333002,"2021-10-25T22:48:53+05:30"
20,32,40,24.46,78.41,1635182363585,"2021-10-25T22:49:23+05:30"
20,32,41,24.37,78.89,1635182394165,"2021-10-25T22:49:54+05:30"
20,31,40,24.29,79.5,1635182424728,"2021-10-25T22:50:24+05:30"
19,30,37,24.26,79.72,1635182455285,"2021-10-25T22:50:55+05:30"
19,31,43,24.21,79.76,1635182485842,"2021-10-25T22:51:25+05:30"
20,32,43,24.23,79.78,1635182516432,"2021-10-25T22:51:56+05:30"
20,31,40,24.3,79.82,1635182547008,"2021-10-25T22:52:27+05:30"
20,32,43,24.33,79.65,1635182577584,"2021-10-25T22:52:57+05:30"
21,34,43,24.36,79.16,1635182608131,"2021-10-25T22:53:28+05:30"
21,33,39,24.37,78.64,1635182638698,"2021-10-25T22:53:58+05:30"
20,33,44,24.35,78.44,1635182669263,"2021-10-25T22:54:29+05:30"
20,29,38,24.39,78.45,1635182699820,"2021-10-25T22:54:59+05:30"
20,31,39,24.43,78.42,1635182730383,"2021-10-25T22:55:30+05:30"
19,33,45,24.46,78.11,1635182760958,"2021-10-25T22:56:00+05:30"
20,32,40,24.51,78.07,1635182791518,"2021-10-25T22:56:31+05:30"
19,30,42,24.46,77.82,1635182822112,"2021-10-25T22:57:02+05:30"
19,31,41,24.42,77.84,1635182852660,"2021-10-25T22:57:32+05:30"
20,32,43,24.39,77.77,1635182883235,"2021-10-25T22:58:03+05:30"
20,33,43,24.35,77.88,1635182913804,"2021-10-25T22:58:33+05:30"
20,29,40,24.33,77.92,1635182944453,"2021-10-25T22:59:04+05:30"
19,32,42,24.32,78.02,1635182975007,"2021-10-25T22:59:35+05:30"
20,33,43,24.35,77.96,1635183005580,"2021-10-25T23:00:05+05:30"
20,31,39,24.36,77.82,1635183031942,"2021-10-25T23:00:31+05:30"
19,32,44,24.41,77.79,1635183062701,"2021-10-25T23:01:02+05:30"
21,32,40,24.43,77.69,1635183093272,"2021-10-25T23:01:33+05:30"
20,33,45,24.41,77.59,1635183123871,"2021-10-25T23:02:03+05:30"
19,29,39,24.43,77.64,1635183154396,"2021-10-25T23:02:34+05:30"
19,30,37,24.37,77.57,1635183184970,"2021-10-25T23:03:04+05:30"
20,33,47,24.34,77.6,1635183215547,"2021-10-25T23:03:35+05:30"
20,33,41,24.3,77.73,1635183246084,"2021-10-25T23:04:06+05:30"
19,30,37,24.31,77.84,1635183276676,"2021-10-25T23:04:36+05:30"
20,30,36,24.34,77.85,1635183307250,"2021-10-25T23:05:07+05:30"
20,32,43,24.3,77.72,1635183337816,"2021-10-25T23:05:37+05:30"
19,31,38,24.31,77.79,1635183368376,"2021-10-25T23:06:08+05:30"
19,30,42,24.32,77.9,1635183398945,"2021-10-25T23:06:38+05:30"
18,31,45,24.35,77.86,1635183429498,"2021-10-25T23:07:09+05:30"
19,28,37,24.38,77.82,1635183460072,"2021-10-25T23:07:40+05:30"
19,30,40,24.4,77.88,1635183490743,"2021-10-25T23:08:10+05:30"
19,30,39,24.43,77.83,1635183521225,"2021-10-25T23:08:41+05:30"
20,33,42,24.44,77.73,1635183551793,"2021-10-25T23:09:11+05:30"
18,29,39,24.4,77.71,1635183582364,"2021-10-25T23:09:42+05:30"
17,29,40,24.43,77.81,1635183612917,"2021-10-25T23:10:12+05:30"
18,30,38,24.39,77.79,1635183643540,"2021-10-25T23:10:43+05:30"
18,30,43,24.34,77.86,1635183674138,"2021-10-25T23:11:14+05:30"
20,32,44,24.34,78,1635183704718,"2021-10-25T23:11:44+05:30"
20,30,42,24.38,77.95,1635183735266,"2021-10-25T23:12:15+05:30"
19,31,37,24.39,78.01,1635183765817,"2021-10-25T23:12:45+05:30"
19,31,44,24.41,78.05,1635183796372,"2021-10-25T23:13:16+05:30"
19,31,38,24.43,77.93,1635183826932,"2021-10-25T23:13:46+05:30"
19,32,42,24.45,77.98,1635183857632,"2021-10-25T23:14:17+05:30"
18,30,39,24.53,77.89,1635183888075,"2021-10-25T23:14:48+05:30"
19,32,43,24.55,77.77,1635183918818,"2021-10-25T23:15:18+05:30"
18,30,39,24.53,77.62,1635183950615,"2021-10-25T23:15:50+05:30"
19,31,41,24.44,77.87,1635183981095,"2021-10-25T23:16:21+05:30"
19,31,43,24.44,77.98,1635184011562,"2021-10-25T23:16:51+05:30"
19,31,41,24.45,78.05,1635184042139,"2021-10-25T23:17:22+05:30"
19,32,41,24.46,77.87,1635184072720,"2021-10-25T23:17:52+05:30"
19,30,37,24.41,77.93,1635184103273,"2021-10-25T23:18:23+05:30"
19,29,35,24.42,78.11,1635184133840,"2021-10-25T23:18:53+05:30"
19,30,40,24.36,77.97,1635184164409,"2021-10-25T23:19:24+05:30"
19,31,39,24.29,78.16,1635184194983,"2021-10-25T23:19:54+05:30"
20,32,39,24.22,78.45,1635184225538,"2021-10-25T23:20:25+05:30"
19,31,42,24.18,78.59,1635184256108,"2021-10-25T23:20:56+05:30"
20,30,40,24.2,78.68,1635184286682,"2021-10-25T23:21:26+05:30"
20,30,40,24.21,78.69,1635184317465,"2021-10-25T23:21:57+05:30"
20,31,39,24.18,78.69,1635184348041,"2021-10-25T23:22:28+05:30"
19,30,39,24.18,78.73,1635184378615,"2021-10-25T23:22:58+05:30"
20,30,37,24.24,78.79,1635184409210,"2021-10-25T23:23:29+05:30"
20,32,40,24.26,78.57,1635184439759,"2021-10-25T23:23:59+05:30"
20,32,42,24.28,78.56,1635184470326,"2021-10-25T23:24:30+05:30"
19,31,42,24.29,78.4,1635184500876,"2021-10-25T23:25:00+05:30"
18,31,42,24.35,78.33,1635184531433,"2021-10-25T23:25:31+05:30"
19,30,38,24.37,78.02,1635184562033,"2021-10-25T23:26:02+05:30"
19,30,42,24.3,78.08,1635184592592,"2021-10-25T23:26:32+05:30"
19,28,40,24.31,78.23,1635184623168,"2021-10-25T23:27:03+05:30"
18,30,40,24.28,78.23,1635184653733,"2021-10-25T23:27:33+05:30"
19,29,39,24.26,78.41,1635184684295,"2021-10-25T23:28:04+05:30"
19,30,40,24.33,78.49,1635184714871,"2021-10-25T23:28:34+05:30"
19,32,40,24.4,78.31,1635184745420,"2021-10-25T23:29:05+05:30"
20,31,40,24.35,78.11,1635184776002,"2021-10-25T23:29:36+05:30"
18,30,40,24.34,78.31,1635184806622,"2021-10-25T23:30:06+05:30"
19,30,36,24.26,78.21,1635184834536,"2021-10-25T23:30:34+05:30"
21,31,42,24.2,78.38,1635184865233,"2021-10-25T23:31:05+05:30"
18,31,40,24.16,78.54,1635184895988,"2021-10-25T23:31:35+05:30"
20,31,37,24.18,78.69,1635184926383,"2021-10-25T23:32:06+05:30"
19,30,38,24.28,78.55,1635184956951,"2021-10-25T23:32:36+05:30"
19,32,41,24.35,78.38,1635184987536,"2021-10-25T23:33:07+05:30"
20,32,44,24.39,78.12,1635185018095,"2021-10-25T23:33:38+05:30"
19,31,41,24.32,77.9,1635185048679,"2021-10-25T23:34:08+05:30"
20,31,37,24.28,77.98,1635185079207,"2021-10-25T23:34:39+05:30"
19,29,37,24.29,78.18,1635185109874,"2021-10-25T23:35:09+05:30"
19,31,42,24.35,78.16,1635185140364,"2021-10-25T23:35:40+05:30"
19,32,38,24.39,78.06,1635185170938,"2021-10-25T23:36:10+05:30"
19,32,45,24.35,77.89,1635185201511,"2021-10-25T23:36:41+05:30"
20,33,41,24.25,78.15,1635185232073,"2021-10-25T23:37:12+05:30"
20,33,43,24.27,78.23,1635185262681,"2021-10-25T23:37:42+05:30"
19,29,38,24.31,78.16,1635185293237,"2021-10-25T23:38:13+05:30"
20,30,39,24.31,78.13,1635185323803,"2021-10-25T23:38:43+05:30"
19,29,35,24.38,78.04,1635185354388,"2021-10-25T23:39:14+05:30"
19,29,35,24.44,77.84,1635185384945,"2021-10-25T23:39:44+05:30"
19,31,41,24.42,77.58,1635185415553,"2021-10-25T23:40:15+05:30"