"pm1_0","pm2_5","pm10","temp","humid","createdAt","localtime"
75,110,120,31.39,60.05,1634455494187,"2021-10-17T12:54:54+05:30"
75,106,119,31.35,60.16,1634455514782,"2021-10-17T12:55:14+05:30"
72,104,115,31.3,60.3,1634455545806,"2021-10-17T12:55:45+05:30"
73,101,115,31.27,60.25,1634455576410,"2021-10-17T12:56:16+05:30"
73,103,116,31.21,60.68,1634455607531,"2021-10-17T12:56:47+05:30"
70,97,104,31.14,60.95,1634455637702,"2021-10-17T12:57:17+05:30"
10,40,111,30.03,54.33,1634458206877,"2021-10-17T13:40:06+05:30"
25,41,63,29.75,54.59,1634458237831,"2021-10-17T13:40:37+05:30"
30,48,67,29.65,54.69,1634458267991,"2021-10-17T13:41:07+05:30"
26,56,113,29.47,54.8,1634458298563,"2021-10-17T13:41:38+05:30"
32,54,74,29.54,55.37,1634458329132,"2021-10-17T13:42:09+05:30"
24,38,53,29.6,54.78,1634458359711,"2021-10-17T13:42:39+05:30"
17,25,38,29.49,54.9,1634458390277,"2021-10-17T13:43:10+05:30"
37,55,75,29.74,55.31,1634458421276,"2021-10-17T13:43:41+05:30"
31,47,66,29.85,54.33,1634458451884,"2021-10-17T13:44:11+05:30"
24,40,60,29.82,54.51,1634458482030,"2021-10-17T13:44:42+05:30"
23,36,52,29.82,54.2,1634458512613,"2021-10-17T13:45:12+05:30"
21,32,43,29.83,54.36,1634458543199,"2021-10-17T13:45:43+05:30"
21,32,42,29.87,54.15,1634458573768,"2021-10-17T13:46:13+05:30"
21,35,52,29.87,54.14,1634458604332,"2021-10-17T13:46:44+05:30"
32,47,64,30.05,54.37,1634458634898,"2021-10-17T13:47:14+05:30"
19,27,35,29.95,53.62,1634458665549,"2021-10-17T13:47:45+05:30"
11,19,28,29.67,54.3,1634458696121,"2021-10-17T13:48:16+05:30"
17,27,38,29.53,55.22,1634458726748,"2021-10-17T13:48:46+05:30"
13,17,21,29.39,55.26,1634458757245,"2021-10-17T13:49:17+05:30"
16,23,27,29.29,55.62,1634458787864,"2021-10-17T13:49:47+05:30"
19,28,38,29.31,56.08,1634458818360,"2021-10-17T13:50:18+05:30"
12,23,35,29.26,55.84,1634458848951,"2021-10-17T13:50:48+05:30"
10,14,23,28.98,56.72,1634458879595,"2021-10-17T13:51:19+05:30"
13,19,29,28.85,57.38,1634458910185,"2021-10-17T13:51:50+05:30"
15,24,32,28.83,57.71,1634458941016,"2021-10-17T13:52:21+05:30"
15,22,32,28.84,57.62,1634458971454,"2021-10-17T13:52:51+05:30"
13,18,24,28.65,58.21,1634459001945,"2021-10-17T13:53:21+05:30"
13,17,22,28.66,58.68,1634459032523,"2021-10-17T13:53:52+05:30"
16,23,33,28.73,58.47,1634459063067,"2021-10-17T13:54:23+05:30"
11,17,22,28.73,58.62,1634459088862,"2021-10-17T13:54:48+05:30"
16,23,33,28.79,58.54,1634459119426,"2021-10-17T13:55:19+05:30"
9,16,21,28.71,58.68,1634459150004,"2021-10-17T13:55:50+05:30"
14,21,32,28.74,59,1634459180941,"2021-10-17T13:56:20+05:30"
20,31,42,28.99,58.52,1634459211709,"2021-10-17T13:56:51+05:30"
20,32,46,29.23,58.34,1634459242664,"2021-10-17T13:57:22+05:30"
21,32,46,29.47,57.36,1634459273098,"2021-10-17T13:57:53+05:30"
20,29,40,29.67,56.55,1634459303969,"2021-10-17T13:58:23+05:30"
14,20,25,29.52,56.33,1634459334382,"2021-10-17T13:58:54+05:30"
9,11,14,29.21,57.11,1634459364782,"2021-10-17T13:59:24+05:30"
10,15,20,29.13,57.61,1634459395387,"2021-10-17T13:59:55+05:30"
10,13,23,29.04,57.67,1634459426089,"2021-10-17T14:00:26+05:30"
8,11,21,28.75,58.47,1634459456989,"2021-10-17T14:00:56+05:30"
8,11,15,28.54,59.22,1634459487810,"2021-10-17T14:01:27+05:30"
7,10,14,28.53,59.51,1634459518650,"2021-10-17T14:01:58+05:30"
8,10,13,28.65,58.97,1634459549415,"2021-10-17T14:02:29+05:30"
7,9,13,28.45,59.57,1634459580333,"2021-10-17T14:03:00+05:30"
8,10,12,28.38,59.98,1634459611219,"2021-10-17T14:03:31+05:30"
13,19,22,28.53,59.6,1634459642205,"2021-10-17T14:04:02+05:30"
16,21,25,28.65,59.11,1634459672426,"2021-10-17T14:04:32+05:30"
11,16,30,28.68,59.09,1634459702995,"2021-10-17T14:05:02+05:30"
12,19,33,28.69,59.21,1634459733577,"2021-10-17T14:05:33+05:30"
10,13,19,28.7,58.95,1634459764156,"2021-10-17T14:06:04+05:30"
7,11,15,28.58,59.32,1634459795160,"2021-10-17T14:06:35+05:30"
8,11,15,28.53,59.73,1634459825337,"2021-10-17T14:07:05+05:30"
8,9,14,28.68,59.13,1634459855903,"2021-10-17T14:07:35+05:30"
8,12,21,28.67,59.13,1634459886949,"2021-10-17T14:08:06+05:30"
10,15,24,28.64,59.35,1634459917121,"2021-10-17T14:08:37+05:30"
11,20,31,28.48,59.94,1634459947683,"2021-10-17T14:09:07+05:30"
12,17,31,28.45,60.3,1634459978504,"2021-10-17T14:09:38+05:30"
10,13,21,28.46,59.98,1634460009276,"2021-10-17T14:10:09+05:30"
9,11,16,28.64,59.36,1634460039631,"2021-10-17T14:10:39+05:30"
8,11,14,28.51,59.4,1634460070237,"2021-10-17T14:11:10+05:30"
9,15,27,28.37,60.25,1634460100761,"2021-10-17T14:11:40+05:30"
13,23,41,28.48,60.1,1634460131319,"2021-10-17T14:12:11+05:30"
10,14,24,28.6,59.47,1634460161933,"2021-10-17T14:12:41+05:30"
8,10,16,28.45,60.05,1634460192588,"2021-10-17T14:13:12+05:30"
17,25,37,28.59,59.79,1634460223174,"2021-10-17T14:13:43+05:30"
15,19,22,28.67,59.61,1634460253673,"2021-10-17T14:14:13+05:30"
15,19,25,28.81,59.31,1634460284255,"2021-10-17T14:14:44+05:30"
16,25,33,28.95,58.88,1634460314940,"2021-10-17T14:15:14+05:30"
15,21,31,28.91,59.11,1634460345706,"2021-10-17T14:15:45+05:30"
15,24,33,28.95,59.22,1634460376008,"2021-10-17T14:16:16+05:30"
14,25,36,28.91,60.46,1634460406641,"2021-10-17T14:16:46+05:30"
11,15,23,28.76,61.41,1634460437213,"2021-10-17T14:17:17+05:30"
11,17,25,28.62,63.19,1634460467753,"2021-10-17T14:17:47+05:30"
13,17,23,28.45,63.7,1634460498315,"2021-10-17T14:18:18+05:30"
14,17,20,28.21,64.62,1634460529016,"2021-10-17T14:18:49+05:30"
11,14,22,28.14,65.31,1634460559510,"2021-10-17T14:19:19+05:30"
19,25,25,27.59,69.19,1634465927359,"2021-10-17T15:48:47+05:30"
17,22,26,27.26,70.15,1634465957947,"2021-10-17T15:49:17+05:30"
18,24,27,27.06,70.96,1634465988297,"2021-10-17T15:49:48+05:30"
16,20,23,26.98,71.5,1634466018866,"2021-10-17T15:50:18+05:30"
18,24,27,26.97,71.99,1634466049455,"2021-10-17T15:50:49+05:30"
18,23,26,26.96,72.32,1634466080143,"2021-10-17T15:51:20+05:30"
19,24,27,26.96,72.41,1634466110615,"2021-10-17T15:51:50+05:30"
20,25,28,26.99,71.99,1634466141195,"2021-10-17T15:52:21+05:30"
18,23,25,26.98,71.84,1634466171792,"2021-10-17T15:52:51+05:30"
19,24,26,27.02,71.68,1634466202389,"2021-10-17T15:53:22+05:30"
18,23,25,27.09,71.04,1634466233206,"2021-10-17T15:53:53+05:30"
19,23,26,27.08,70.88,1634466263517,"2021-10-17T15:54:23+05:30"
17,23,26,27.07,71.08,1634466294082,"2021-10-17T15:54:54+05:30"
18,23,25,27.1,71.38,1634466324646,"2021-10-17T15:55:24+05:30"
18,22,23,27.08,71.63,1634466355215,"2021-10-17T15:55:55+05:30"
17,23,24,27.04,71.89,1634466386049,"2021-10-17T15:56:26+05:30"
19,23,26,26.99,72.1,1634466416392,"2021-10-17T15:56:56+05:30"
18,21,27,26.93,72.64,1634466446954,"2021-10-17T15:57:26+05:30"
18,22,24,26.94,72.61,1634466477576,"2021-10-17T15:57:57+05:30"
21,28,31,26.98,72.5,1634466508127,"2021-10-17T15:58:28+05:30"
20,25,30,26.99,72.61,1634466538725,"2021-10-17T15:58:58+05:30"
23,32,37,26.98,73.01,1634466569405,"2021-10-17T15:59:29+05:30"
22,28,32,27.03,73.04,1634466599830,"2021-10-17T15:59:59+05:30"
20,26,29,27.08,72.81,1634466630404,"2021-10-17T16:00:30+05:30"
19,25,28,27.15,72.46,1634466660991,"2021-10-17T16:01:00+05:30"
18,23,25,27.16,72.54,1634466691574,"2021-10-17T16:01:31+05:30"
20,27,29,27.15,72.46,1634466722152,"2021-10-17T16:02:02+05:30"
20,26,27,27.12,73,1634466752711,"2021-10-17T16:02:32+05:30"
19,26,29,27.15,72.79,1634466783274,"2021-10-17T16:03:03+05:30"
19,25,27,27.18,72.38,1634466814183,"2021-10-17T16:03:34+05:30"
20,28,30,27.19,72.16,1634466847637,"2021-10-17T16:04:07+05:30"
20,27,30,27.18,72.47,1634466878200,"2021-10-17T16:04:38+05:30"
20,28,31,27.16,72.92,1634466908809,"2021-10-17T16:05:08+05:30"
20,27,28,27.17,73.04,1634466939482,"2021-10-17T16:05:39+05:30"
19,26,30,27.21,73.41,1634466970087,"2021-10-17T16:06:10+05:30"
20,29,33,27.3,72.65,1634467000673,"2021-10-17T16:06:40+05:30"
21,29,33,27.3,72.72,1634467031201,"2021-10-17T16:07:11+05:30"
21,30,35,27.24,73.1,1634467061820,"2021-10-17T16:07:41+05:30"
21,29,34,27.23,73.37,1634467092415,"2021-10-17T16:08:12+05:30"
22,32,35,27.2,73.54,1634467122975,"2021-10-17T16:08:42+05:30"
21,30,38,27.23,73.4,1634467153543,"2021-10-17T16:09:13+05:30"
22,31,35,27.23,73.54,1634467184250,"2021-10-17T16:09:44+05:30"
22,30,33,27.27,73.53,1634467214736,"2021-10-17T16:10:14+05:30"
21,29,32,27.25,73.09,1634467245292,"2021-10-17T16:10:45+05:30"
22,31,36,27.3,72.77,1634467275869,"2021-10-17T16:11:15+05:30"
23,31,35,27.26,72.77,1634467306463,"2021-10-17T16:11:46+05:30"
23,31,39,27.25,73.4,1634467337065,"2021-10-17T16:12:17+05:30"
23,32,37,27.3,73.36,1634467367628,"2021-10-17T16:12:47+05:30"
23,32,36,27.38,73.49,1634467398194,"2021-10-17T16:13:18+05:30"
23,32,38,27.41,73.68,1634467428935,"2021-10-17T16:13:48+05:30"
24,33,38,27.43,73.24,1634467459396,"2021-10-17T16:14:19+05:30"
23,33,39,27.53,72.85,1634467489952,"2021-10-17T16:14:49+05:30"
26,35,43,27.58,72.85,1634467520555,"2021-10-17T16:15:20+05:30"
25,35,41,27.53,72.54,1634467551122,"2021-10-17T16:15:51+05:30"
25,35,43,27.5,73.06,1634467581717,"2021-10-17T16:16:21+05:30"
23,34,42,27.5,72.49,1634467612489,"2021-10-17T16:16:52+05:30"
23,33,38,27.52,72.55,1634467642977,"2021-10-17T16:17:22+05:30"
25,33,43,27.54,72.33,1634467673491,"2021-10-17T16:17:53+05:30"
24,34,39,27.53,72.48,1634467704336,"2021-10-17T16:18:24+05:30"
24,35,41,27.55,72.2,1634467728918,"2021-10-17T16:18:48+05:30"
24,34,42,27.52,72.03,1634467759516,"2021-10-17T16:19:19+05:30"
24,33,38,27.46,72.43,1634467790085,"2021-10-17T16:19:50+05:30"
25,36,45,27.43,72.78,1634467820646,"2021-10-17T16:20:20+05:30"
27,36,45,27.38,72.77,1634467851250,"2021-10-17T16:20:51+05:30"
27,38,46,27.33,72.9,1634467882090,"2021-10-17T16:21:22+05:30"
27,37,47,27.29,73.22,1634467912574,"2021-10-17T16:21:52+05:30"
27,38,47,27.25,73.81,1634467942982,"2021-10-17T16:22:22+05:30"
27,38,46,27.22,73.6,1634467973582,"2021-10-17T16:22:53+05:30"
26,38,47,27.16,73.59,1634468004173,"2021-10-17T16:23:24+05:30"
26,38,46,27.11,73.87,1634468034731,"2021-10-17T16:23:54+05:30"
26,36,43,27.11,73.95,1634468065303,"2021-10-17T16:24:25+05:30"
26,36,44,27.15,73.97,1634468095891,"2021-10-17T16:24:55+05:30"
27,37,47,27.16,74.03,1634468126452,"2021-10-17T16:25:26+05:30"
26,37,46,27.12,73.57,1634468157042,"2021-10-17T16:25:57+05:30"
25,35,41,27.11,73.72,1634468187612,"2021-10-17T16:26:27+05:30"
26,36,43,27.1,73.92,1634468218192,"2021-10-17T16:26:58+05:30"
27,36,44,27.09,73.91,1634468248790,"2021-10-17T16:27:28+05:30"
25,37,44,27.09,73.67,1634468279377,"2021-10-17T16:27:59+05:30"
26,38,47,27.12,74.13,1634468309939,"2021-10-17T16:28:29+05:30"
26,36,44,27.14,74.33,1634468340621,"2021-10-17T16:29:00+05:30"
25,34,44,27.02,74.41,1634468371167,"2021-10-17T16:29:31+05:30"
25,35,42,26.95,74.7,1634468401741,"2021-10-17T16:30:01+05:30"
25,37,43,26.96,74.96,1634468432342,"2021-10-17T16:30:32+05:30"
24,33,38,27.04,75.69,1634468462935,"2021-10-17T16:31:02+05:30"
25,34,39,27.05,74.9,1634468493519,"2021-10-17T16:31:33+05:30"
24,35,45,27.08,74.54,1634468524074,"2021-10-17T16:32:04+05:30"
22,32,35,27.07,74.87,1634468554671,"2021-10-17T16:32:34+05:30"
25,36,42,27.1,74.92,1634468585269,"2021-10-17T16:33:05+05:30"
24,33,38,27.09,74.8,1634468615842,"2021-10-17T16:33:35+05:30"
25,34,41,27.06,74.92,1634468649495,"2021-10-17T16:34:09+05:30"
25,36,44,27.05,74.99,1634468680044,"2021-10-17T16:34:40+05:30"
24,34,39,27.1,74.91,1634468710615,"2021-10-17T16:35:10+05:30"
25,35,42,27.11,75.01,1634468742131,"2021-10-17T16:35:42+05:30"
26,36,45,27.04,74.87,1634468771788,"2021-10-17T16:36:11+05:30"
26,38,47,26.96,75.08,1634468802372,"2021-10-17T16:36:42+05:30"
25,35,43,26.91,74.94,1634468832924,"2021-10-17T16:37:12+05:30"
27,37,44,26.83,74.96,1634468863524,"2021-10-17T16:37:43+05:30"
26,36,43,26.85,75.19,1634468894125,"2021-10-17T16:38:14+05:30"
25,35,43,26.91,75.66,1634468924707,"2021-10-17T16:38:44+05:30"
27,36,44,26.95,76.01,1634468955789,"2021-10-17T16:39:15+05:30"
27,36,42,26.92,75.07,1634468991523,"2021-10-17T16:39:51+05:30"
26,38,47,26.91,74.86,1634469016683,"2021-10-17T16:40:16+05:30"
26,37,47,26.94,74.73,1634469037310,"2021-10-17T16:40:37+05:30"
26,37,46,26.97,74.76,1634469067878,"2021-10-17T16:41:07+05:30"
26,38,47,26.93,74.57,1634469098769,"2021-10-17T16:41:38+05:30"
26,37,44,26.94,74.62,1634469129560,"2021-10-17T16:42:09+05:30"
24,35,42,26.95,74.69,1634469160008,"2021-10-17T16:42:40+05:30"
25,36,45,26.93,74.82,1634469190615,"2021-10-17T16:43:10+05:30"
26,37,44,26.99,74.62,1634469221204,"2021-10-17T16:43:41+05:30"
25,35,42,26.95,74.53,1634469251776,"2021-10-17T16:44:11+05:30"
27,38,48,26.95,74.54,1634469282372,"2021-10-17T16:44:42+05:30"
28,38,47,26.94,74.56,1634469312945,"2021-10-17T16:45:12+05:30"
27,37,44,26.9,74.89,1634469343542,"2021-10-17T16:45:43+05:30"
26,36,44,26.87,74.88,1634469374123,"2021-10-17T16:46:14+05:30"
26,36,45,26.86,74.69,1634469404696,"2021-10-17T16:46:44+05:30"
24,33,42,26.87,74.44,1634469435246,"2021-10-17T16:47:15+05:30"
25,36,43,26.85,74.39,1634469465821,"2021-10-17T16:47:45+05:30"
23,34,42,26.84,74.44,1634469496602,"2021-10-17T16:48:16+05:30"
23,32,38,26.79,74.55,1634469531238,"2021-10-17T16:48:51+05:30"
23,32,38,26.77,74.88,1634469561460,"2021-10-17T16:49:21+05:30"
23,33,37,26.79,74.86,1634469591917,"2021-10-17T16:49:51+05:30"
22,30,33,26.78,74.6,1634469622489,"2021-10-17T16:50:22+05:30"
22,31,37,26.77,74.71,1634469653084,"2021-10-17T16:50:53+05:30"
22,29,34,26.83,74.62,1634469683768,"2021-10-17T16:51:23+05:30"
22,30,36,26.77,74.92,1634469714243,"2021-10-17T16:51:54+05:30"
22,29,32,26.79,75.08,1634469744830,"2021-10-17T16:52:24+05:30"
22,32,35,26.77,75.21,1634469775418,"2021-10-17T16:52:55+05:30"
20,27,31,26.77,74.95,1634469806020,"2021-10-17T16:53:26+05:30"
20,29,34,26.72,75.26,1634469836584,"2021-10-17T16:53:56+05:30"
20,27,28,26.7,75.33,1634469867173,"2021-10-17T16:54:27+05:30"
21,28,30,26.79,75.15,1634469897778,"2021-10-17T16:54:57+05:30"
21,28,29,26.85,74.83,1634469928378,"2021-10-17T16:55:28+05:30"
21,28,33,26.89,74.61,1634469958922,"2021-10-17T16:55:58+05:30"
21,28,33,26.9,74.58,1634469989473,"2021-10-17T16:56:29+05:30"
21,28,32,26.86,74.6,1634470020088,"2021-10-17T16:57:00+05:30"
22,29,33,26.87,75.13,1634470050689,"2021-10-17T16:57:30+05:30"
29,39,47,26.86,74.76,1634470081242,"2021-10-17T16:58:01+05:30"
22,29,33,26.86,74.89,1634470112348,"2021-10-17T16:58:32+05:30"
22,30,36,26.9,75.05,1634470142466,"2021-10-17T16:59:02+05:30"
20,27,31,26.98,74.62,1634470173086,"2021-10-17T16:59:33+05:30"
20,26,30,27.04,74.31,1634470203686,"2021-10-17T17:00:03+05:30"
21,27,31,27.02,74.44,1634470234494,"2021-10-17T17:00:34+05:30"
19,26,31,26.97,74.18,1634470264798,"2021-10-17T17:01:04+05:30"
20,27,30,26.93,74.19,1634470295442,"2021-10-17T17:01:35+05:30"
20,29,32,26.9,74.57,1634470325973,"2021-10-17T17:02:05+05:30"
19,25,28,26.89,74.89,1634470356530,"2021-10-17T17:02:36+05:30"
20,29,33,27,74.8,1634470387197,"2021-10-17T17:03:07+05:30"
20,28,30,27.07,75.18,1634470417684,"2021-10-17T17:03:37+05:30"
19,26,32,27.11,74.86,1634470439328,"2021-10-17T17:03:59+05:30"
21,27,30,27.12,74.34,1634470469894,"2021-10-17T17:04:29+05:30"
20,29,31,27.06,74.57,1634470500459,"2021-10-17T17:05:00+05:30"
20,26,30,27.01,74.59,1634470531023,"2021-10-17T17:05:31+05:30"
25,34,40,26.99,74.95,1634470561615,"2021-10-17T17:06:01+05:30"
22,30,33,26.98,74.52,1634470592188,"2021-10-17T17:06:32+05:30"
20,26,28,26.93,74.43,1634470622779,"2021-10-17T17:07:02+05:30"
20,29,31,26.89,74.84,1634470653367,"2021-10-17T17:07:33+05:30"
20,27,29,26.93,74.76,1634470683944,"2021-10-17T17:08:03+05:30"
19,28,30,26.88,74.87,1634470715068,"2021-10-17T17:08:35+05:30"
20,27,31,26.9,74.74,1634470745504,"2021-10-17T17:09:05+05:30"
20,25,27,26.92,74.56,1634470776443,"2021-10-17T17:09:36+05:30"
19,25,28,26.85,74.37,1634470806540,"2021-10-17T17:10:06+05:30"
19,26,28,26.83,74.72,1634470837106,"2021-10-17T17:10:37+05:30"
19,25,27,26.75,75.34,1634470867682,"2021-10-17T17:11:07+05:30"
19,25,29,26.71,75.56,1634470898294,"2021-10-17T17:11:38+05:30"
20,26,28,26.75,75.67,1634470928875,"2021-10-17T17:12:08+05:30"
25,34,40,26.86,75.74,1634470959537,"2021-10-17T17:12:39+05:30"
21,28,30,26.91,75.15,1634470990013,"2021-10-17T17:13:10+05:30"
19,27,30,26.91,74.9,1634471020617,"2021-10-17T17:13:40+05:30"
20,26,29,26.87,75.24,1634471051211,"2021-10-17T17:14:11+05:30"
20,27,29,26.92,75.18,1634471082243,"2021-10-17T17:14:42+05:30"
18,26,29,26.97,74.41,1634471112393,"2021-10-17T17:15:12+05:30"
19,25,29,26.98,74.47,1634471143905,"2021-10-17T17:15:43+05:30"
20,26,29,26.91,74.87,1634471173551,"2021-10-17T17:16:13+05:30"
20,27,31,26.89,75.19,1634471204112,"2021-10-17T17:16:44+05:30"
21,29,33,26.89,74.83,1634471234705,"2021-10-17T17:17:14+05:30"
23,32,36,26.89,75.05,1634471266767,"2021-10-17T17:17:46+05:30"
21,27,30,26.9,75.07,1634471295871,"2021-10-17T17:18:15+05:30"
20,27,33,27.01,74.42,1634471354320,"2021-10-17T17:19:14+05:30"
19,26,28,27.01,73.93,1634471384899,"2021-10-17T17:19:44+05:30"
18,26,29,27,73.89,1634471415536,"2021-10-17T17:20:15+05:30"
19,28,30,26.93,74.27,1634471446122,"2021-10-17T17:20:46+05:30"
23,31,36,26.91,74.82,1634471476749,"2021-10-17T17:21:16+05:30"
22,30,33,26.99,74.42,1634471507718,"2021-10-17T17:21:47+05:30"
22,29,31,27.05,73.96,1634471538393,"2021-10-17T17:22:18+05:30"
23,32,38,27.02,74.06,1634471569278,"2021-10-17T17:22:49+05:30"
21,28,32,26.96,74.3,1634471600297,"2021-10-17T17:23:20+05:30"
20,26,27,26.91,74.46,1634471630644,"2021-10-17T17:23:50+05:30"
19,27,31,26.89,74.85,1634471661232,"2021-10-17T17:24:21+05:30"
21,29,33,26.86,74.72,1634471691792,"2021-10-17T17:24:51+05:30"
21,29,33,26.83,74.52,1634471722389,"2021-10-17T17:25:22+05:30"
21,28,31,26.82,74.46,1634471752952,"2021-10-17T17:25:52+05:30"
20,27,32,26.82,74.52,1634471783542,"2021-10-17T17:26:23+05:30"
20,27,30,26.88,74.22,1634471814118,"2021-10-17T17:26:54+05:30"
21,29,32,26.93,74.26,1634471844778,"2021-10-17T17:27:24+05:30"
20,27,29,26.84,74.22,1634471875346,"2021-10-17T17:27:55+05:30"
20,28,30,26.8,74.05,1634471905932,"2021-10-17T17:28:25+05:30"
21,29,31,26.77,74.28,1634471936505,"2021-10-17T17:28:56+05:30"
21,27,31,26.79,74.16,1634471967109,"2021-10-17T17:29:27+05:30"
21,29,34,26.83,74.41,1634471997683,"2021-10-17T17:29:57+05:30"
22,29,31,26.8,74.11,1634472028674,"2021-10-17T17:30:28+05:30"
21,28,32,26.79,74.4,1634472059244,"2021-10-17T17:30:59+05:30"
20,26,26,26.85,74.13,1634472089840,"2021-10-17T17:31:29+05:30"
19,27,32,26.85,73.95,1634472120586,"2021-10-17T17:32:00+05:30"
20,27,29,26.83,73.78,1634472151120,"2021-10-17T17:32:31+05:30"
19,25,26,26.83,73.96,1634472181902,"2021-10-17T17:33:01+05:30"
20,25,28,26.85,74.13,1634472212849,"2021-10-17T17:33:32+05:30"
20,28,31,26.92,73.73,1634472243439,"2021-10-17T17:34:03+05:30"
20,27,32,26.89,73.7,1634472273999,"2021-10-17T17:34:33+05:30"
21,29,31,26.89,73.97,1634472304644,"2021-10-17T17:35:04+05:30"
21,30,34,26.88,73.74,1634472335180,"2021-10-17T17:35:35+05:30"
21,31,38,26.86,74.02,1634472365752,"2021-10-17T17:36:05+05:30"
21,30,34,26.86,73.54,1634472396331,"2021-10-17T17:36:36+05:30"
20,27,27,26.84,74.18,1634472426973,"2021-10-17T17:37:06+05:30"
21,29,32,26.81,73.98,1634472457502,"2021-10-17T17:37:37+05:30"
21,30,33,26.82,73.84,1634472488080,"2021-10-17T17:38:08+05:30"
22,30,33,26.81,73.88,1634472518726,"2021-10-17T17:38:38+05:30"
23,31,35,26.82,74.02,1634472549669,"2021-10-17T17:39:09+05:30"
22,30,34,26.82,74.16,1634472580377,"2021-10-17T17:39:40+05:30"
22,32,38,26.8,73.84,1634472611148,"2021-10-17T17:40:11+05:30"
21,31,36,26.8,73.7,1634472641728,"2021-10-17T17:40:41+05:30"
21,30,34,26.79,73.33,1634472672291,"2021-10-17T17:41:12+05:30"
22,30,33,26.78,73.81,1634472702857,"2021-10-17T17:41:42+05:30"
22,30,34,26.83,74.18,1634472733464,"2021-10-17T17:42:13+05:30"
21,30,33,26.87,73.42,1634472764033,"2021-10-17T17:42:44+05:30"
22,30,33,26.88,73.16,1634472794631,"2021-10-17T17:43:14+05:30"
23,32,37,26.84,73.57,1634472825191,"2021-10-17T17:43:45+05:30"
23,32,39,26.87,73.89,1634472855785,"2021-10-17T17:44:15+05:30"
23,31,35,26.85,73.53,1634472886372,"2021-10-17T17:44:46+05:30"
23,32,37,26.85,73.67,1634472916964,"2021-10-17T17:45:16+05:30"
22,32,35,26.87,73.65,1634472947539,"2021-10-17T17:45:47+05:30"
24,33,41,26.86,73.66,1634472978111,"2021-10-17T17:46:18+05:30"
23,33,39,26.95,73.45,1634473008709,"2021-10-17T17:46:48+05:30"
28,39,49,26.93,73.14,1634473039272,"2021-10-17T17:47:19+05:30"
28,38,47,26.88,73.24,1634473069842,"2021-10-17T17:47:49+05:30"
25,36,44,26.88,73.55,1634473100448,"2021-10-17T17:48:20+05:30"
26,37,45,26.86,73.53,1634473135174,"2021-10-17T17:48:55+05:30"
24,34,40,26.84,73.45,1634473165743,"2021-10-17T17:49:25+05:30"
25,35,44,26.85,73.42,1634473196306,"2021-10-17T17:49:56+05:30"
25,35,42,26.85,73.67,1634473227290,"2021-10-17T17:50:27+05:30"
26,37,44,26.94,73.2,1634473257483,"2021-10-17T17:50:57+05:30"
26,37,45,27.03,72.98,1634473288061,"2021-10-17T17:51:28+05:30"
26,36,44,27.11,72.77,1634473318641,"2021-10-17T17:51:58+05:30"
26,38,45,27.05,73.31,1634473349193,"2021-10-17T17:52:29+05:30"
26,37,43,27.09,72.92,1634473379812,"2021-10-17T17:52:59+05:30"
26,37,45,27.05,72.73,1634473410387,"2021-10-17T17:53:30+05:30"
26,37,46,27.01,72.84,1634473441152,"2021-10-17T17:54:01+05:30"
24,34,43,27,73.28,1634473471526,"2021-10-17T17:54:31+05:30"
26,36,42,27.04,72.88,1634473502138,"2021-10-17T17:55:02+05:30"
27,37,46,27.11,72.36,1634473532846,"2021-10-17T17:55:32+05:30"
26,37,47,27.12,72.14,1634473563274,"2021-10-17T17:56:03+05:30"
26,35,43,27.15,72.2,1634473593975,"2021-10-17T17:56:33+05:30"
26,36,45,27.21,72.13,1634473624408,"2021-10-17T17:57:04+05:30"
26,34,41,27.17,72.23,1634473655093,"2021-10-17T17:57:35+05:30"
23,31,37,27.1,71.44,1634473686187,"2021-10-17T17:58:06+05:30"
26,37,45,27.09,71.75,1634473716429,"2021-10-17T17:58:36+05:30"
25,35,42,27.14,71.25,1634473746984,"2021-10-17T17:59:06+05:30"
24,33,37,27.16,70.93,1634473777555,"2021-10-17T17:59:37+05:30"
26,35,42,27.19,70.8,1634473808160,"2021-10-17T18:00:08+05:30"
27,38,48,27.22,70.81,1634473838736,"2021-10-17T18:00:38+05:30"
27,38,45,27.25,71.28,1634473869322,"2021-10-17T18:01:09+05:30"
28,39,47,27.21,71.28,1634473899882,"2021-10-17T18:01:39+05:30"
28,40,48,27.13,70.8,1634473930504,"2021-10-17T18:02:10+05:30"
27,37,46,27.12,71.02,1634473961072,"2021-10-17T18:02:41+05:30"
27,38,46,27.11,71.28,1634473991745,"2021-10-17T18:03:11+05:30"
26,35,42,27.15,71.04,1634474022387,"2021-10-17T18:03:42+05:30"
25,34,40,27.17,70.98,1634474042849,"2021-10-17T18:04:02+05:30"
25,35,42,27.16,70.8,1634474073607,"2021-10-17T18:04:33+05:30"
27,38,44,27.14,70.61,1634474104085,"2021-10-17T18:05:04+05:30"
25,35,42,27.16,71.16,1634474134575,"2021-10-17T18:05:34+05:30"
27,37,46,27.15,70.5,1634474165183,"2021-10-17T18:06:05+05:30"
28,40,49,27.16,70.32,1634474195788,"2021-10-17T18:06:35+05:30"
22,32,38,27.12,70.43,1634474226438,"2021-10-17T18:07:06+05:30"
21,28,34,27.09,69.86,1634474257001,"2021-10-17T18:07:37+05:30"
21,29,31,27.06,70.05,1634474287622,"2021-10-17T18:08:07+05:30"
22,31,35,27.05,70.2,1634474318165,"2021-10-17T18:08:38+05:30"
23,30,32,27.05,70.14,1634474348956,"2021-10-17T18:09:08+05:30"
24,33,38,27.12,70.36,1634474379504,"2021-10-17T18:09:39+05:30"
25,35,43,27.16,70.6,1634474409899,"2021-10-17T18:10:09+05:30"
27,38,46,27.22,69.99,1634474440464,"2021-10-17T18:10:40+05:30"
27,40,49,27.23,69.86,1634474471081,"2021-10-17T18:11:11+05:30"
27,38,46,27.23,70.37,1634474501676,"2021-10-17T18:11:41+05:30"
25,36,45,27.2,70.67,1634474532244,"2021-10-17T18:12:12+05:30"
27,37,45,27.29,70.15,1634474562798,"2021-10-17T18:12:42+05:30"
27,39,49,27.32,69.44,1634474593396,"2021-10-17T18:13:13+05:30"
28,38,48,27.28,69.6,1634474623976,"2021-10-17T18:13:43+05:30"
27,38,46,27.3,70.14,1634474654553,"2021-10-17T18:14:14+05:30"
27,40,49,27.35,69.81,1634474685107,"2021-10-17T18:14:45+05:30"
29,42,52,27.35,69.22,1634474715770,"2021-10-17T18:15:15+05:30"
30,43,54,27.34,69.46,1634474746348,"2021-10-17T18:15:46+05:30"
30,42,52,27.4,69.56,1634474776918,"2021-10-17T18:16:16+05:30"
30,43,53,27.45,69.39,1634474807515,"2021-10-17T18:16:47+05:30"
27,39,48,27.4,69.3,1634474838097,"2021-10-17T18:17:18+05:30"
25,36,45,27.36,68.9,1634474868664,"2021-10-17T18:17:48+05:30"
28,39,47,27.31,69.18,1634474899238,"2021-10-17T18:18:19+05:30"
27,37,47,27.28,69.34,1634474930609,"2021-10-17T18:18:50+05:30"
25,35,43,27.25,69.29,1634474959505,"2021-10-17T18:19:19+05:30"
25,34,42,27.27,69.39,1634474990686,"2021-10-17T18:19:50+05:30"
26,35,41,27.31,69.61,1634475021612,"2021-10-17T18:20:21+05:30"
30,41,52,27.4,69.71,1634475052062,"2021-10-17T18:20:52+05:30"
28,41,51,27.44,69.04,1634475082703,"2021-10-17T18:21:22+05:30"
28,40,51,27.46,68.95,1634475113186,"2021-10-17T18:21:53+05:30"
29,41,50,27.47,70.01,1634475144106,"2021-10-17T18:22:24+05:30"
30,41,52,27.47,69.83,1634475174373,"2021-10-17T18:22:54+05:30"
29,40,48,27.46,69.67,1634475204970,"2021-10-17T18:23:24+05:30"
30,42,52,27.49,69.2,1634475235516,"2021-10-17T18:23:55+05:30"
29,39,49,27.49,69.18,1634475266113,"2021-10-17T18:24:26+05:30"
28,38,46,27.45,69.14,1634475296722,"2021-10-17T18:24:56+05:30"
30,42,52,27.45,69.44,1634475327295,"2021-10-17T18:25:27+05:30"
27,38,47,27.4,68.85,1634475357841,"2021-10-17T18:25:57+05:30"
25,36,44,27.44,69.36,1634475388436,"2021-10-17T18:26:28+05:30"
24,36,44,27.4,69.37,1634475419023,"2021-10-17T18:26:59+05:30"
25,36,44,27.41,69.43,1634475449606,"2021-10-17T18:27:29+05:30"
24,34,44,27.45,69.39,1634475480171,"2021-10-17T18:28:00+05:30"
24,34,40,27.44,69.11,1634475510760,"2021-10-17T18:28:30+05:30"
26,36,45,27.49,69.71,1634475541340,"2021-10-17T18:29:01+05:30"
26,38,47,27.49,70,1634475571909,"2021-10-17T18:29:31+05:30"
26,36,45,27.46,69.88,1634475602721,"2021-10-17T18:30:02+05:30"
26,36,44,27.38,69.16,1634475633065,"2021-10-17T18:30:33+05:30"
25,35,43,27.38,69.36,1634475663647,"2021-10-17T18:31:03+05:30"
24,32,37,27.34,69.19,1634475694242,"2021-10-17T18:31:34+05:30"
24,34,40,27.38,69.34,1634475724822,"2021-10-17T18:32:04+05:30"
24,34,42,27.34,69.82,1634475755405,"2021-10-17T18:32:35+05:30"
25,34,42,27.35,69.88,1634475785942,"2021-10-17T18:33:05+05:30"
27,37,46,27.38,69.84,1634475816611,"2021-10-17T18:33:36+05:30"
26,37,46,27.39,69.86,1634475844346,"2021-10-17T18:34:04+05:30"
27,39,47,27.4,70.12,1634475875125,"2021-10-17T18:34:35+05:30"
27,39,49,27.46,69.93,1634475905508,"2021-10-17T18:35:05+05:30"
30,44,54,27.54,69.17,1634475936151,"2021-10-17T18:35:36+05:30"
30,44,55,27.54,68.58,1634475966943,"2021-10-17T18:36:06+05:30"
31,44,55,27.54,68.73,1634475997244,"2021-10-17T18:36:37+05:30"
32,46,58,27.56,68.41,1634476027982,"2021-10-17T18:37:07+05:30"
30,43,55,27.45,68.05,1634476058698,"2021-10-17T18:37:38+05:30"
31,45,57,27.45,68.11,1634476089547,"2021-10-17T18:38:09+05:30"
31,45,58,27.46,68.71,1634476120335,"2021-10-17T18:38:40+05:30"
32,46,60,27.47,68.55,1634476150889,"2021-10-17T18:39:10+05:30"
32,46,60,27.5,68.32,1634476181916,"2021-10-17T18:39:41+05:30"
32,46,59,27.54,68.11,1634476212363,"2021-10-17T18:40:12+05:30"
32,45,56,27.55,68.39,1634476243033,"2021-10-17T18:40:43+05:30"
31,43,54,27.53,68.43,1634476274161,"2021-10-17T18:41:14+05:30"
36,51,61,27.46,68.71,1634476305117,"2021-10-17T18:41:45+05:30"
34,48,60,27.43,68.93,1634476335572,"2021-10-17T18:42:15+05:30"
30,43,53,27.35,69.52,1634476366541,"2021-10-17T18:42:46+05:30"
29,43,52,27.32,69.29,1634476397327,"2021-10-17T18:43:17+05:30"
29,41,49,27.28,69.15,1634476428279,"2021-10-17T18:43:48+05:30"
29,40,52,27.24,69.51,1634476458962,"2021-10-17T18:44:18+05:30"
41,54,68,27.24,69.81,1634476490825,"2021-10-17T18:44:50+05:30"
32,45,56,27.2,69.66,1634476521480,"2021-10-17T18:45:21+05:30"
31,43,53,27.21,69.88,1634476552183,"2021-10-17T18:45:52+05:30"
29,42,52,27.21,70.07,1634476582760,"2021-10-17T18:46:22+05:30"
29,41,51,27.21,70.52,1634476613320,"2021-10-17T18:46:53+05:30"
30,43,52,27.25,70.81,1634476644137,"2021-10-17T18:47:24+05:30"
29,43,52,27.25,70.4,1634476674883,"2021-10-17T18:47:54+05:30"
28,41,51,27.29,70.47,1634476705896,"2021-10-17T18:48:25+05:30"
29,42,56,27.33,69.68,1634476738761,"2021-10-17T18:48:58+05:30"
27,40,53,27.24,69.54,1634476769333,"2021-10-17T18:49:29+05:30"
26,37,48,27.23,69.8,1634476799917,"2021-10-17T18:49:59+05:30"
25,35,45,27.21,69.11,1634476830484,"2021-10-17T18:50:30+05:30"
25,37,46,27.16,69.2,1634476861087,"2021-10-17T18:51:01+05:30"
26,37,44,27.16,69.2,1634476891652,"2021-10-17T18:51:31+05:30"
25,36,47,27.18,69.43,1634476922253,"2021-10-17T18:52:02+05:30"
28,40,50,27.23,69.42,1634476952811,"2021-10-17T18:52:32+05:30"
29,43,54,27.27,68.42,1634476983387,"2021-10-17T18:53:03+05:30"
28,39,48,27.26,67.81,1634477014011,"2021-10-17T18:53:34+05:30"
27,39,47,27.22,68.08,1634477044583,"2021-10-17T18:54:04+05:30"
24,37,45,27.2,68.45,1634477075140,"2021-10-17T18:54:35+05:30"
26,37,47,27.19,69.15,1634477105705,"2021-10-17T18:55:05+05:30"
27,39,48,27.19,68.74,1634477136388,"2021-10-17T18:55:36+05:30"
26,36,44,27.13,68.11,1634477166900,"2021-10-17T18:56:06+05:30"
25,35,44,27.13,68.8,1634477197460,"2021-10-17T18:56:37+05:30"
27,38,46,27.15,69.13,1634477228039,"2021-10-17T18:57:08+05:30"
28,42,51,27.19,69.27,1634477258660,"2021-10-17T18:57:38+05:30"
27,39,48,27.15,69.96,1634477289297,"2021-10-17T18:58:09+05:30"
26,38,46,27.11,69.56,1634477319854,"2021-10-17T18:58:39+05:30"
27,39,48,27.13,69.54,1634477350368,"2021-10-17T18:59:10+05:30"
26,39,48,27.13,69.58,1634477380974,"2021-10-17T18:59:40+05:30"
26,36,43,27.07,69.61,1634477411567,"2021-10-17T19:00:11+05:30"
25,35,42,27.05,70,1634477442183,"2021-10-17T19:00:42+05:30"
26,36,47,27.06,70.33,1634477472811,"2021-10-17T19:01:12+05:30"
27,38,48,27.1,70.52,1634477503295,"2021-10-17T19:01:43+05:30"
27,38,47,27.14,69.73,1634477533916,"2021-10-17T19:02:13+05:30"
28,40,49,27.08,69.71,1634477564455,"2021-10-17T19:02:44+05:30"
27,39,49,27.04,69.73,1634477595030,"2021-10-17T19:03:15+05:30"
27,39,49,27.04,69.64,1634477625660,"2021-10-17T19:03:45+05:30"
28,42,52,27.09,69.51,1634477659852,"2021-10-17T19:04:19+05:30"
27,40,50,27.07,69.38,1634477690389,"2021-10-17T19:04:50+05:30"
26,39,48,27.04,68.97,1634477721049,"2021-10-17T19:05:21+05:30"
27,39,47,27.06,69.42,1634477751879,"2021-10-17T19:05:51+05:30"
30,44,55,27.08,69.38,1634477782288,"2021-10-17T19:06:22+05:30"
32,46,56,27.09,69.65,1634477813251,"2021-10-17T19:06:53+05:30"
30,43,55,27.14,69.35,1634477843805,"2021-10-17T19:07:23+05:30"
28,39,49,27.11,69.3,1634477863902,"2021-10-17T19:07:43+05:30"
27,39,49,27.09,69.18,1634477894505,"2021-10-17T19:08:14+05:30"
27,39,47,27.01,69.52,1634477925141,"2021-10-17T19:08:45+05:30"
27,39,49,26.99,69.72,1634477955704,"2021-10-17T19:09:15+05:30"
28,40,51,27,69.47,1634477986526,"2021-10-17T19:09:46+05:30"
30,43,55,26.94,69.25,1634478016878,"2021-10-17T19:10:16+05:30"
27,39,49,26.93,69.47,1634478047602,"2021-10-17T19:10:47+05:30"
28,39,49,26.95,69.76,1634478078566,"2021-10-17T19:11:18+05:30"
28,41,52,26.93,69.88,1634478108690,"2021-10-17T19:11:48+05:30"
29,43,53,26.92,69.97,1634478139263,"2021-10-17T19:12:19+05:30"
27,39,47,26.9,69.94,1634478169871,"2021-10-17T19:12:49+05:30"
27,39,49,26.96,69.61,1634478200488,"2021-10-17T19:13:20+05:30"
28,40,50,27.03,69.22,1634478231076,"2021-10-17T19:13:51+05:30"
28,41,52,27.07,69.3,1634478261851,"2021-10-17T19:14:21+05:30"
27,38,47,27.07,69.48,1634478292192,"2021-10-17T19:14:52+05:30"
27,39,47,27.05,69.34,1634478322794,"2021-10-17T19:15:22+05:30"
26,38,47,27.06,69.32,1634478353348,"2021-10-17T19:15:53+05:30"
27,39,48,27.11,68.97,1634478383927,"2021-10-17T19:16:23+05:30"
27,39,49,27.11,69.14,1634478414641,"2021-10-17T19:16:54+05:30"
36,50,64,27.09,68.99,1634478445161,"2021-10-17T19:17:25+05:30"
33,45,56,27.07,69.01,1634478475749,"2021-10-17T19:17:55+05:30"
28,40,50,27.04,68.83,1634478506415,"2021-10-17T19:18:26+05:30"
26,37,45,26.98,68.81,1634478541526,"2021-10-17T19:19:01+05:30"
25,35,42,26.93,68.73,1634478572299,"2021-10-17T19:19:32+05:30"
25,36,44,26.91,69.07,1634478603112,"2021-10-17T19:20:03+05:30"
25,36,45,26.89,69.12,1634478633272,"2021-10-17T19:20:33+05:30"
23,33,39,26.86,69.32,1634478663870,"2021-10-17T19:21:03+05:30"
27,37,47,26.92,70.12,1634478824047,"2021-10-17T19:23:44+05:30"
26,37,46,26.94,69.89,1634478839961,"2021-10-17T19:23:59+05:30"
25,35,43,26.96,69.74,1634478870553,"2021-10-17T19:24:30+05:30"
26,38,45,26.94,69.8,1634478901154,"2021-10-17T19:25:01+05:30"
26,36,44,26.96,69.8,1634478931742,"2021-10-17T19:25:31+05:30"
25,37,47,27,69.86,1634478962332,"2021-10-17T19:26:02+05:30"
25,36,45,27.01,69.48,1634478992882,"2021-10-17T19:26:32+05:30"
25,34,42,26.99,69.44,1634479023561,"2021-10-17T19:27:03+05:30"
25,34,43,26.98,69.37,1634479054011,"2021-10-17T19:27:34+05:30"
25,37,45,26.97,69.41,1634479084661,"2021-10-17T19:28:04+05:30"
26,36,43,26.97,69.64,1634479116765,"2021-10-17T19:28:36+05:30"
26,35,41,26.97,69.43,1634479145915,"2021-10-17T19:29:05+05:30"
25,35,42,26.97,69.51,1634479176651,"2021-10-17T19:29:36+05:30"
25,36,44,26.97,69.69,1634479207147,"2021-10-17T19:30:07+05:30"
25,35,42,27.05,69.49,1634479237889,"2021-10-17T19:30:37+05:30"
26,36,44,27.03,69.24,1634479268287,"2021-10-17T19:31:08+05:30"
25,35,43,27.01,69,1634479298782,"2021-10-17T19:31:38+05:30"
25,35,43,27,69.44,1634479329403,"2021-10-17T19:32:09+05:30"
25,35,41,26.98,69.3,1634479360054,"2021-10-17T19:32:40+05:30"
26,37,44,26.98,69.37,1634479390632,"2021-10-17T19:33:10+05:30"
25,36,45,26.99,69.51,1634479421184,"2021-10-17T19:33:41+05:30"
26,37,45,27,69.79,1634479451776,"2021-10-17T19:34:11+05:30"
26,36,45,27.01,69.72,1634479482915,"2021-10-17T19:34:42+05:30"
27,36,47,27.03,69.73,1634479513660,"2021-10-17T19:35:13+05:30"
27,38,45,27.05,69.6,1634479544288,"2021-10-17T19:35:44+05:30"
26,37,46,27.02,69.28,1634479574928,"2021-10-17T19:36:14+05:30"
25,34,39,27.01,69.5,1634479605446,"2021-10-17T19:36:45+05:30"
25,36,41,27,69.56,1634479636186,"2021-10-17T19:37:16+05:30"
26,36,44,26.93,69.97,1634479666641,"2021-10-17T19:37:46+05:30"
26,35,43,26.94,69.89,1634479697194,"2021-10-17T19:38:17+05:30"
31,44,55,26.95,69.85,1634479727120,"2021-10-17T19:38:47+05:30"
29,39,48,26.96,69.79,1634479757186,"2021-10-17T19:39:17+05:30"
26,37,46,26.9,69.7,1634479787758,"2021-10-17T19:39:47+05:30"
27,36,42,26.89,69.87,1634479818540,"2021-10-17T19:40:18+05:30"
26,36,45,26.89,69.89,1634479849339,"2021-10-17T19:40:49+05:30"
27,37,46,26.91,70.1,1634479879788,"2021-10-17T19:41:19+05:30"
26,36,43,26.93,69.93,1634479910378,"2021-10-17T19:41:50+05:30"
28,39,49,26.95,69.96,1634479940948,"2021-10-17T19:42:20+05:30"
30,44,54,26.97,70.3,1634479971521,"2021-10-17T19:42:51+05:30"
31,44,55,27.01,70.47,1634480002099,"2021-10-17T19:43:22+05:30"
38,53,66,27,69.94,1634480131085,"2021-10-17T19:45:31+05:30"
36,50,63,27.02,70.08,1634480161686,"2021-10-17T19:46:01+05:30"
37,52,67,27.02,70.19,1634480192599,"2021-10-17T19:46:32+05:30"
38,51,65,27.02,70.72,1634480222817,"2021-10-17T19:47:02+05:30"
35,50,64,27.01,70.34,1634480253405,"2021-10-17T19:47:33+05:30"
33,47,59,26.99,69.69,1634480284020,"2021-10-17T19:48:04+05:30"
32,47,59,26.98,69.64,1634480314578,"2021-10-17T19:48:34+05:30"
31,44,57,26.96,69.93,1634480345150,"2021-10-17T19:49:05+05:30"
32,46,58,26.98,70.18,1634480377769,"2021-10-17T19:49:37+05:30"
33,46,58,26.99,69.9,1634480406332,"2021-10-17T19:50:06+05:30"
31,44,56,27,69.89,1634480436904,"2021-10-17T19:50:36+05:30"
32,46,59,26.98,70.04,1634480467464,"2021-10-17T19:51:07+05:30"
33,47,58,26.98,70.04,1634480498091,"2021-10-17T19:51:38+05:30"
31,44,55,26.97,69.95,1634480528681,"2021-10-17T19:52:08+05:30"
31,44,55,26.96,69.91,1634480559226,"2021-10-17T19:52:39+05:30"
31,44,55,26.93,70.13,1634480589804,"2021-10-17T19:53:09+05:30"
30,42,52,26.93,70.19,1634480620677,"2021-10-17T19:53:40+05:30"
30,43,52,26.95,70.3,1634480651075,"2021-10-17T19:54:11+05:30"
30,42,52,26.94,70.23,1634480681664,"2021-10-17T19:54:41+05:30"
30,43,53,26.88,70.47,1634480712501,"2021-10-17T19:55:12+05:30"
30,43,53,26.89,70.71,1634480742902,"2021-10-17T19:55:42+05:30"
30,42,53,26.91,70.71,1634480773609,"2021-10-17T19:56:13+05:30"
29,41,50,26.91,70.96,1634480804494,"2021-10-17T19:56:44+05:30"
29,42,52,26.89,71.02,1634480834917,"2021-10-17T19:57:14+05:30"
28,40,50,26.85,71.22,1634480865490,"2021-10-17T19:57:45+05:30"
28,40,49,26.89,70.97,1634480896085,"2021-10-17T19:58:16+05:30"
29,40,48,26.93,70.63,1634480926623,"2021-10-17T19:58:46+05:30"
29,40,49,26.96,70.48,1634480957475,"2021-10-17T19:59:17+05:30"
28,40,48,26.95,70.53,1634480987958,"2021-10-17T19:59:47+05:30"
28,40,49,26.95,70.58,1634481018601,"2021-10-17T20:00:18+05:30"
28,39,46,26.93,70.61,1634481039466,"2021-10-17T20:00:39+05:30"
28,40,47,26.95,70.9,1634481070068,"2021-10-17T20:01:10+05:30"
28,40,49,26.93,70.78,1634481100606,"2021-10-17T20:01:40+05:30"
28,39,48,26.94,71.06,1634481131213,"2021-10-17T20:02:11+05:30"
28,41,50,26.94,70.86,1634481161778,"2021-10-17T20:02:41+05:30"
27,39,47,26.93,70.68,1634481192366,"2021-10-17T20:03:12+05:30"
28,40,48,26.96,70.77,1634481222941,"2021-10-17T20:03:42+05:30"
28,39,49,26.96,70.68,1634481253583,"2021-10-17T20:04:13+05:30"
28,39,49,26.97,70.47,1634481284144,"2021-10-17T20:04:44+05:30"
28,39,47,26.97,70.44,1634481314687,"2021-10-17T20:05:14+05:30"
29,41,50,26.96,70.9,1634481375418,"2021-10-17T20:06:15+05:30"
28,40,51,26.91,70.42,1634481406051,"2021-10-17T20:06:46+05:30"
28,41,51,26.89,70.58,1634481436549,"2021-10-17T20:07:16+05:30"
29,42,53,26.91,70.84,1634481467177,"2021-10-17T20:07:47+05:30"
29,42,53,26.91,70.87,1634481497776,"2021-10-17T20:08:17+05:30"
29,40,50,26.89,70.77,1634481528359,"2021-10-17T20:08:48+05:30"
28,40,49,26.87,71.01,1634481559065,"2021-10-17T20:09:19+05:30"
28,39,48,26.83,71.04,1634481589607,"2021-10-17T20:09:49+05:30"
28,40,50,26.83,71.06,1634481620394,"2021-10-17T20:10:20+05:30"
28,41,51,26.86,70.95,1634481650833,"2021-10-17T20:10:50+05:30"
29,41,53,26.87,70.84,1634481681412,"2021-10-17T20:11:21+05:30"
28,39,49,26.89,70.81,1634481711981,"2021-10-17T20:11:51+05:30"
29,41,51,26.95,71.05,1634481742565,"2021-10-17T20:12:22+05:30"
29,42,53,26.97,71,1634481773141,"2021-10-17T20:12:53+05:30"
30,43,54,27.01,70.87,1634481803723,"2021-10-17T20:13:23+05:30"
29,43,53,26.96,70.74,1634481834292,"2021-10-17T20:13:54+05:30"
29,41,51,26.95,70.64,1634481864903,"2021-10-17T20:14:24+05:30"
29,41,52,26.97,70.81,1634481895447,"2021-10-17T20:14:55+05:30"
31,44,56,26.95,71.47,1634481926024,"2021-10-17T20:15:26+05:30"
32,44,55,26.83,71.48,1634481956606,"2021-10-17T20:15:56+05:30"
29,42,52,26.81,71.25,1634481987187,"2021-10-17T20:16:27+05:30"
28,41,52,26.81,71.07,1634482017767,"2021-10-17T20:16:57+05:30"
30,43,54,26.8,71.48,1634482048356,"2021-10-17T20:17:28+05:30"
30,42,51,26.79,71.48,1634482078919,"2021-10-17T20:17:58+05:30"
29,43,52,26.81,71.21,1634482109489,"2021-10-17T20:18:29+05:30"
27,42,51,26.8,71.09,1634482140101,"2021-10-17T20:19:00+05:30"
27,39,47,26.77,71.1,1634482170703,"2021-10-17T20:19:30+05:30"
28,41,51,26.75,71.41,1634482201250,"2021-10-17T20:20:01+05:30"
29,42,51,26.74,71.51,1634482231846,"2021-10-17T20:20:31+05:30"
29,39,47,26.72,71.62,1634482268064,"2021-10-17T20:21:08+05:30"
27,38,49,26.71,71.91,1634482298456,"2021-10-17T20:21:38+05:30"
27,38,46,26.73,71.71,1634482329068,"2021-10-17T20:22:09+05:30"
28,40,49,26.74,71.85,1634482359680,"2021-10-17T20:22:39+05:30"
28,41,51,26.71,72.07,1634482390246,"2021-10-17T20:23:10+05:30"
28,41,50,26.69,72.02,1634482420952,"2021-10-17T20:23:40+05:30"
28,41,50,26.69,72.03,1634482451531,"2021-10-17T20:24:11+05:30"
28,38,48,26.69,71.57,1634482482067,"2021-10-17T20:24:42+05:30"
32,45,55,26.7,71.61,1634482512656,"2021-10-17T20:25:12+05:30"
36,48,60,26.7,71.64,1634482543233,"2021-10-17T20:25:43+05:30"
30,44,54,26.67,71.75,1634482573813,"2021-10-17T20:26:13+05:30"
29,41,50,26.62,71.79,1634482604405,"2021-10-17T20:26:44+05:30"
27,37,47,26.61,71.75,1634482635344,"2021-10-17T20:27:15+05:30"
27,38,47,26.62,71.69,1634482665551,"2021-10-17T20:27:45+05:30"
27,39,47,26.65,71.85,1634482696170,"2021-10-17T20:28:16+05:30"
27,38,48,26.66,71.78,1634482726738,"2021-10-17T20:28:46+05:30"
26,36,44,26.64,71.38,1634482757323,"2021-10-17T20:29:17+05:30"
27,37,44,26.63,71.65,1634482787912,"2021-10-17T20:29:47+05:30"
26,37,45,26.64,71.24,1634482818468,"2021-10-17T20:30:18+05:30"
26,36,46,26.62,71.38,1634482849057,"2021-10-17T20:30:49+05:30"
26,39,48,26.63,71.81,1634482879653,"2021-10-17T20:31:19+05:30"
26,39,48,26.67,71.83,1634482910225,"2021-10-17T20:31:50+05:30"
27,40,48,26.67,71.87,1634482940860,"2021-10-17T20:32:20+05:30"
27,38,49,26.69,71.59,1634482971390,"2021-10-17T20:32:51+05:30"
27,38,48,26.68,71.54,1634483001979,"2021-10-17T20:33:21+05:30"
26,36,43,26.68,71.46,1634483032553,"2021-10-17T20:33:52+05:30"
32,46,58,26.68,72,1634483063131,"2021-10-17T20:34:23+05:30"
27,39,48,26.65,72.28,1634483093715,"2021-10-17T20:34:53+05:30"
28,38,48,26.67,71.87,1634483124406,"2021-10-17T20:35:24+05:30"
27,38,47,26.67,71.83,1634483154987,"2021-10-17T20:35:54+05:30"
27,37,44,26.63,71.65,1634483177611,"2021-10-17T20:36:17+05:30"
26,38,46,26.61,71.72,1634483208288,"2021-10-17T20:36:48+05:30"
26,36,43,26.62,71.61,1634483239710,"2021-10-17T20:37:19+05:30"
26,36,43,26.67,71.64,1634483270308,"2021-10-17T20:37:50+05:30"
26,37,44,26.74,71.39,1634483301094,"2021-10-17T20:38:21+05:30"
26,36,45,26.79,71.34,1634483331379,"2021-10-17T20:38:51+05:30"
27,38,46,26.78,71.67,1634483362107,"2021-10-17T20:39:22+05:30"
26,34,42,26.79,71.56,1634483392549,"2021-10-17T20:39:52+05:30"
26,38,46,26.86,71.1,1634483423171,"2021-10-17T20:40:23+05:30"
28,40,50,26.82,71.41,1634483453821,"2021-10-17T20:40:53+05:30"
29,42,53,26.8,71.64,1634483484518,"2021-10-17T20:41:24+05:30"
31,45,56,26.82,71.69,1634483515139,"2021-10-17T20:41:55+05:30"
31,44,55,26.87,71.68,1634483546033,"2021-10-17T20:42:26+05:30"
31,44,54,26.93,71.22,1634483576373,"2021-10-17T20:42:56+05:30"
30,43,55,26.99,70.73,1634483606964,"2021-10-17T20:43:26+05:30"
30,43,53,27.05,70.26,1634483665937,"2021-10-17T20:44:25+05:30"
31,45,55,27.09,70.22,1634483696484,"2021-10-17T20:44:56+05:30"
30,42,51,27.12,70.53,1634483727477,"2021-10-17T20:45:27+05:30"