"pm1_0","pm2_5","pm10","temp","humid","createdAt","localtime"
70,102,116,27.53,52.64,1635053300884,"2021-10-24T10:58:20+05:30"
72,103,117,27.69,54.02,1635053328624,"2021-10-24T10:58:48+05:30"
71,105,122,27.81,53.48,1635053359001,"2021-10-24T10:59:19+05:30"
70,103,118,28.24,53.15,1635053490392,"2021-10-24T11:01:30+05:30"
78,115,137,28.29,53.08,1635053521099,"2021-10-24T11:02:01+05:30"
76,115,134,28.31,51.4,1635053551687,"2021-10-24T11:02:31+05:30"
79,118,138,28.37,51.15,1635053582271,"2021-10-24T11:03:02+05:30"
76,114,130,28.36,51.52,1635053612828,"2021-10-24T11:03:32+05:30"
74,106,118,28.34,51.64,1635053643433,"2021-10-24T11:04:03+05:30"
73,108,123,28.29,51.62,1635053674243,"2021-10-24T11:04:34+05:30"
71,103,119,28.29,51.75,1635053705584,"2021-10-24T11:05:05+05:30"
73,105,123,28.34,52.29,1635053736196,"2021-10-24T11:05:36+05:30"
80,117,136,28.31,52.72,1635053766966,"2021-10-24T11:06:06+05:30"
79,115,136,28.32,51.86,1635053797563,"2021-10-24T11:06:37+05:30"
76,114,130,28.38,51.59,1635053828159,"2021-10-24T11:07:08+05:30"
69,103,119,28.42,51.59,1635053859084,"2021-10-24T11:07:39+05:30"
72,105,121,28.45,50.17,1635053889906,"2021-10-24T11:08:09+05:30"
65,96,114,28.41,49.66,1635053920447,"2021-10-24T11:08:40+05:30"
66,93,103,28.4,49.73,1635053951038,"2021-10-24T11:09:11+05:30"
68,93,109,28.46,51.27,1635053981610,"2021-10-24T11:09:41+05:30"
66,97,113,28.47,50.9,1635054012173,"2021-10-24T11:10:12+05:30"
63,92,104,28.51,49.98,1635054042777,"2021-10-24T11:10:42+05:30"
64,94,110,28.49,50.77,1635054073375,"2021-10-24T11:11:13+05:30"
67,98,117,28.5,50.72,1635054104073,"2021-10-24T11:11:44+05:30"
80,118,141,28.59,50.57,1635054134530,"2021-10-24T11:12:14+05:30"
83,123,145,28.69,50.23,1635054165137,"2021-10-24T11:12:45+05:30"
69,102,123,28.71,50.66,1635054195696,"2021-10-24T11:13:15+05:30"
69,102,120,28.65,51.51,1635054226274,"2021-10-24T11:13:46+05:30"
68,105,122,28.69,50.66,1635054256836,"2021-10-24T11:14:16+05:30"
62,94,111,28.7,50.49,1635054287859,"2021-10-24T11:14:47+05:30"
64,96,114,28.63,50.81,1635054318831,"2021-10-24T11:15:18+05:30"
66,98,119,28.67,50.98,1635054349192,"2021-10-24T11:15:49+05:30"
67,100,127,28.65,52.06,1635054381719,"2021-10-24T11:16:21+05:30"
71,107,129,28.65,51.68,1635054412292,"2021-10-24T11:16:52+05:30"
79,118,141,28.68,52.25,1635054442875,"2021-10-24T11:17:22+05:30"
111,158,182,28.68,50.92,1635054473493,"2021-10-24T11:17:53+05:30"
84,126,144,28.67,50.29,1635054504035,"2021-10-24T11:18:24+05:30"
70,101,119,28.68,49.59,1635054534620,"2021-10-24T11:18:54+05:30"
56,83,98,28.68,49.29,1635054565193,"2021-10-24T11:19:25+05:30"
53,79,90,28.71,48.74,1635054595767,"2021-10-24T11:19:55+05:30"
57,84,104,28.77,50.15,1635054626355,"2021-10-24T11:20:26+05:30"
56,79,94,28.79,50,1635054656947,"2021-10-24T11:20:56+05:30"
52,76,86,28.78,49.01,1635054687547,"2021-10-24T11:21:27+05:30"
51,73,87,28.88,48.57,1635054718120,"2021-10-24T11:21:58+05:30"
53,78,97,28.91,49.09,1635054748728,"2021-10-24T11:22:28+05:30"
53,78,92,28.95,48.15,1635054779274,"2021-10-24T11:22:59+05:30"
52,75,87,28.98,48.91,1635054809882,"2021-10-24T11:23:29+05:30"
51,73,85,29,48.29,1635054840422,"2021-10-24T11:24:00+05:30"
52,78,92,29.03,49.71,1635054871303,"2021-10-24T11:24:31+05:30"
59,84,99,29,52.21,1635054901887,"2021-10-24T11:25:01+05:30"
52,77,90,28.94,48.48,1635054932453,"2021-10-24T11:25:32+05:30"
52,77,98,28.94,48.68,1635054963055,"2021-10-24T11:26:03+05:30"
50,74,92,28.96,48.09,1635054993750,"2021-10-24T11:26:33+05:30"
54,77,97,28.99,49.39,1635055024222,"2021-10-24T11:27:04+05:30"
60,86,102,29.09,49.3,1635055054791,"2021-10-24T11:27:34+05:30"
55,82,99,29.12,50.88,1635055085409,"2021-10-24T11:28:05+05:30"
58,84,95,29.1,49.73,1635055115998,"2021-10-24T11:28:35+05:30"
58,84,95,29.1,49.73,1635055118189,"2021-10-24T11:28:38+05:30"
52,75,83,29.1,48.15,1635055146562,"2021-10-24T11:29:06+05:30"
53,74,83,29.13,47.82,1635055177129,"2021-10-24T11:29:37+05:30"
50,71,80,29.15,46.91,1635055207928,"2021-10-24T11:30:07+05:30"
50,71,80,29.15,46.91,1635055209207,"2021-10-24T11:30:09+05:30"
52,75,81,29.21,47.44,1635055238365,"2021-10-24T11:30:38+05:30"
53,76,88,29.17,48.19,1635055268883,"2021-10-24T11:31:08+05:30"
53,75,85,29.17,48.43,1635055293945,"2021-10-24T11:31:33+05:30"
52,76,85,29.22,48.39,1635055324710,"2021-10-24T11:32:04+05:30"
52,76,85,29.22,48.39,1635055331436,"2021-10-24T11:32:11+05:30"
52,76,85,29.22,48.39,1635055333246,"2021-10-24T11:32:13+05:30"
55,82,98,29.23,49.31,1635055355749,"2021-10-24T11:32:35+05:30"
54,76,92,29.22,49.2,1635055386046,"2021-10-24T11:33:06+05:30"
51,73,82,29.31,48.09,1635055416648,"2021-10-24T11:33:36+05:30"
54,82,96,29.36,48.48,1635055447253,"2021-10-24T11:34:07+05:30"
56,82,95,29.36,48.41,1635055477796,"2021-10-24T11:34:37+05:30"
55,82,95,29.38,48.24,1635055508384,"2021-10-24T11:35:08+05:30"
54,79,91,29.37,48.25,1635055538959,"2021-10-24T11:35:38+05:30"
54,79,90,29.35,48.16,1635055569564,"2021-10-24T11:36:09+05:30"
57,85,102,29.42,47.98,1635055600141,"2021-10-24T11:36:40+05:30"
52,76,91,29.49,47.07,1635055630718,"2021-10-24T11:37:10+05:30"
52,74,85,29.52,47.22,1635055661306,"2021-10-24T11:37:41+05:30"
51,73,90,29.51,47.39,1635055692360,"2021-10-24T11:38:12+05:30"
52,75,88,29.55,47.97,1635055722457,"2021-10-24T11:38:42+05:30"
53,79,96,29.59,47.71,1635055753057,"2021-10-24T11:39:13+05:30"
50,72,83,29.5,47.5,1635055783616,"2021-10-24T11:39:43+05:30"
50,74,84,29.47,47.88,1635055814191,"2021-10-24T11:40:14+05:30"
50,75,87,29.46,48,1635055844781,"2021-10-24T11:40:44+05:30"
50,74,85,29.44,47.8,1635055875393,"2021-10-24T11:41:15+05:30"
51,76,87,29.44,47.33,1635055905954,"2021-10-24T11:41:45+05:30"
51,72,82,29.44,46.87,1635055936517,"2021-10-24T11:42:16+05:30"
47,67,76,29.4,46.51,1635055967120,"2021-10-24T11:42:47+05:30"
48,69,79,29.43,46.86,1635055997761,"2021-10-24T11:43:17+05:30"
48,70,80,29.46,47.12,1635056028346,"2021-10-24T11:43:48+05:30"
50,70,81,29.49,47.07,1635056059153,"2021-10-24T11:44:19+05:30"
55,80,95,29.54,46.96,1635056089508,"2021-10-24T11:44:49+05:30"
62,92,105,29.59,47.29,1635056120090,"2021-10-24T11:45:20+05:30"
57,85,97,29.59,47.06,1635056150976,"2021-10-24T11:45:50+05:30"
57,85,97,29.59,47.06,1635056153968,"2021-10-24T11:45:53+05:30"
57,85,97,29.59,47.06,1635056154979,"2021-10-24T11:45:54+05:30"
55,81,95,29.65,46.42,1635056185948,"2021-10-24T11:46:25+05:30"
50,74,84,29.6,46.32,1635056216389,"2021-10-24T11:46:56+05:30"
50,71,81,29.58,46.53,1635056247058,"2021-10-24T11:47:27+05:30"
48,69,79,29.61,47.29,1635056277814,"2021-10-24T11:47:57+05:30"
54,76,92,29.57,48.28,1635056298571,"2021-10-24T11:48:18+05:30"
50,71,83,29.53,46.78,1635056329133,"2021-10-24T11:48:49+05:30"
51,73,84,29.54,47.11,1635056359893,"2021-10-24T11:49:19+05:30"
49,71,83,29.51,47.51,1635056390494,"2021-10-24T11:49:50+05:30"
52,80,101,29.48,50.79,1635056421053,"2021-10-24T11:50:21+05:30"
50,71,90,29.43,48.2,1635056451611,"2021-10-24T11:50:51+05:30"
49,71,83,29.42,48.29,1635056482245,"2021-10-24T11:51:22+05:30"
47,67,80,29.41,47.56,1635056513318,"2021-10-24T11:51:53+05:30"
48,71,84,29.45,48.84,1635056544075,"2021-10-24T11:52:24+05:30"
48,71,84,29.45,48.84,1635056546413,"2021-10-24T11:52:26+05:30"
50,74,88,29.44,47.7,1635056574631,"2021-10-24T11:52:54+05:30"
49,72,80,29.44,49.05,1635056605235,"2021-10-24T11:53:25+05:30"
52,75,87,29.34,49.73,1635056635830,"2021-10-24T11:53:55+05:30"
52,76,95,29.25,48.41,1635056666402,"2021-10-24T11:54:26+05:30"
58,81,94,29.22,48.09,1635056696955,"2021-10-24T11:54:56+05:30"
45,66,79,29.25,46.8,1635056727849,"2021-10-24T11:55:27+05:30"
45,63,74,29.26,48.09,1635056758149,"2021-10-24T11:55:58+05:30"
48,68,79,29.3,47.27,1635056788800,"2021-10-24T11:56:28+05:30"
48,69,81,29.33,47.36,1635056819296,"2021-10-24T11:56:59+05:30"
48,71,83,29.38,48.33,1635056849946,"2021-10-24T11:57:29+05:30"
49,69,79,29.35,48.72,1635056880453,"2021-10-24T11:58:00+05:30"
47,69,79,29.4,48.38,1635056911030,"2021-10-24T11:58:31+05:30"
50,75,86,29.45,48.27,1635056941623,"2021-10-24T11:59:01+05:30"
47,69,81,29.55,46.19,1635056972182,"2021-10-24T11:59:32+05:30"
46,65,78,29.55,47.79,1635057003097,"2021-10-24T12:00:03+05:30"
47,65,77,29.53,46.9,1635057033645,"2021-10-24T12:00:33+05:30"
48,67,78,29.51,46.71,1635057069874,"2021-10-24T12:01:09+05:30"
48,67,78,29.51,46.71,1635057071688,"2021-10-24T12:01:11+05:30"
49,70,80,29.54,46.63,1635057094396,"2021-10-24T12:01:34+05:30"
47,65,76,29.57,46.21,1635057124892,"2021-10-24T12:02:04+05:30"
47,65,76,29.57,46.21,1635057131578,"2021-10-24T12:02:11+05:30"
47,65,76,29.57,46.21,1635057133101,"2021-10-24T12:02:13+05:30"
49,69,82,29.6,46.63,1635057155557,"2021-10-24T12:02:35+05:30"
49,69,82,29.6,46.63,1635057157347,"2021-10-24T12:02:37+05:30"
49,69,82,29.6,46.63,1635057162055,"2021-10-24T12:02:42+05:30"
49,69,82,29.6,46.63,1635057166036,"2021-10-24T12:02:46+05:30"
49,69,82,29.6,46.63,1635057167570,"2021-10-24T12:02:47+05:30"
49,69,82,29.6,46.63,1635057169377,"2021-10-24T12:02:49+05:30"
49,69,82,29.6,46.63,1635057171246,"2021-10-24T12:02:51+05:30"
48,71,82,29.59,48.43,1635057186117,"2021-10-24T12:03:06+05:30"
46,67,77,29.61,47.25,1635057216766,"2021-10-24T12:03:36+05:30"
48,68,77,29.57,48.32,1635057247282,"2021-10-24T12:04:07+05:30"
45,63,76,29.59,46.79,1635057277867,"2021-10-24T12:04:37+05:30"
43,63,75,29.62,47.08,1635057308452,"2021-10-24T12:05:08+05:30"
45,63,78,29.59,49.36,1635057339030,"2021-10-24T12:05:39+05:30"
47,66,78,29.58,48.6,1635057369606,"2021-10-24T12:06:09+05:30"
48,69,82,29.6,47.38,1635057400200,"2021-10-24T12:06:40+05:30"
47,70,85,29.61,47.35,1635057430776,"2021-10-24T12:07:10+05:30"
52,75,88,29.59,48.02,1635057461370,"2021-10-24T12:07:41+05:30"
52,73,89,29.63,48.07,1635057491928,"2021-10-24T12:08:11+05:30"
53,76,94,29.72,47.88,1635057522678,"2021-10-24T12:08:42+05:30"
49,69,80,29.75,47.13,1635057553102,"2021-10-24T12:09:13+05:30"
47,67,82,29.78,48.45,1635057583956,"2021-10-24T12:09:43+05:30"
46,69,80,29.78,47.73,1635057614541,"2021-10-24T12:10:14+05:30"
46,64,75,29.77,46.78,1635057645143,"2021-10-24T12:10:45+05:30"
49,72,87,29.77,48.35,1635057675761,"2021-10-24T12:11:15+05:30"
54,82,105,29.77,49.74,1635057706468,"2021-10-24T12:11:46+05:30"
50,74,94,29.77,50.31,1635057736983,"2021-10-24T12:12:16+05:30"
49,73,92,29.76,49.18,1635057767566,"2021-10-24T12:12:47+05:30"
50,75,91,29.77,49.05,1635057798156,"2021-10-24T12:13:18+05:30"
63,93,106,29.8,46.91,1635057828754,"2021-10-24T12:13:48+05:30"
56,84,105,29.81,48.01,1635057859309,"2021-10-24T12:14:19+05:30"
48,67,80,29.81,48.16,1635057889940,"2021-10-24T12:14:49+05:30"
50,73,88,29.82,48.66,1635057920486,"2021-10-24T12:15:20+05:30"
46,66,78,29.84,47.23,1635057951062,"2021-10-24T12:15:51+05:30"
44,62,75,29.83,46.65,1635057985618,"2021-10-24T12:16:25+05:30"
47,72,87,29.83,46.92,1635058016185,"2021-10-24T12:16:56+05:30"
49,71,84,29.8,48.75,1635058046757,"2021-10-24T12:17:26+05:30"
68,106,132,29.84,46.08,1635058077336,"2021-10-24T12:17:57+05:30"
56,82,97,29.9,46.33,1635058107897,"2021-10-24T12:18:27+05:30"
52,79,92,29.97,47.53,1635058138483,"2021-10-24T12:18:58+05:30"
50,75,93,29.98,46.92,1635058169071,"2021-10-24T12:19:29+05:30"
50,74,89,30.02,48.7,1635058199643,"2021-10-24T12:19:59+05:30"
57,86,99,30,46.92,1635058230416,"2021-10-24T12:20:30+05:30"
53,76,91,30.05,45.97,1635058260808,"2021-10-24T12:21:00+05:30"
50,72,81,30.02,46.4,1635058291420,"2021-10-24T12:21:31+05:30"
48,70,79,30,47.94,1635058321985,"2021-10-24T12:22:01+05:30"
49,74,94,30.03,46.88,1635058352559,"2021-10-24T12:22:32+05:30"
53,79,90,30.05,49.43,1635058383139,"2021-10-24T12:23:03+05:30"
54,77,87,30,48.14,1635058413744,"2021-10-24T12:23:33+05:30"
55,83,93,30,49.85,1635058444311,"2021-10-24T12:24:04+05:30"
61,91,109,30.02,47.75,1635058474934,"2021-10-24T12:24:34+05:30"
73,115,158,30.15,49.5,1635058505536,"2021-10-24T12:25:05+05:30"
68,103,131,30.21,50.97,1635058536103,"2021-10-24T12:25:36+05:30"
64,95,116,30.16,49.43,1635058566713,"2021-10-24T12:26:06+05:30"
102,155,176,30.14,47.64,1635058597420,"2021-10-24T12:26:37+05:30"
81,118,132,30.05,49.22,1635058627893,"2021-10-24T12:27:07+05:30"
76,110,127,29.98,50.17,1635058658490,"2021-10-24T12:27:38+05:30"
72,105,119,29.94,48.84,1635058689072,"2021-10-24T12:28:09+05:30"
60,85,97,29.91,51.17,1635058719656,"2021-10-24T12:28:39+05:30"
58,83,100,29.84,53.78,1635058750207,"2021-10-24T12:29:10+05:30"
57,83,98,29.8,54.78,1635058780816,"2021-10-24T12:29:40+05:30"
58,84,96,29.74,53.14,1635058811395,"2021-10-24T12:30:11+05:30"
60,89,106,29.71,57.39,1635058841982,"2021-10-24T12:30:41+05:30"
63,93,107,29.61,57.69,1635058872540,"2021-10-24T12:31:12+05:30"
72,106,121,29.62,51.65,1635058897191,"2021-10-24T12:31:37+05:30"
62,92,108,29.66,54.66,1635058927947,"2021-10-24T12:32:07+05:30"
56,82,94,29.66,50,1635058958375,"2021-10-24T12:32:38+05:30"
57,82,95,29.78,49.72,1635058989000,"2021-10-24T12:33:09+05:30"
57,87,101,29.84,49.6,1635059019559,"2021-10-24T12:33:39+05:30"
62,90,107,29.93,49.59,1635059050074,"2021-10-24T12:34:10+05:30"
57,81,95,29.93,49.18,1635059080690,"2021-10-24T12:34:40+05:30"
53,75,87,29.95,48.79,1635059111243,"2021-10-24T12:35:11+05:30"
51,75,87,29.93,54.12,1635059141834,"2021-10-24T12:35:41+05:30"
55,79,90,29.82,53.31,1635059172788,"2021-10-24T12:36:12+05:30"
48,71,82,29.8,48.11,1635059203062,"2021-10-24T12:36:43+05:30"
49,72,86,29.94,46.84,1635059233686,"2021-10-24T12:37:13+05:30"
55,78,91,30.04,47.92,1635059264195,"2021-10-24T12:37:44+05:30"
62,86,97,30.16,47.8,1635059294782,"2021-10-24T12:38:14+05:30"
68,94,108,30.17,50,1635059325353,"2021-10-24T12:38:45+05:30"
87,123,136,30.24,47.82,1635059355907,"2021-10-24T12:39:15+05:30"
67,99,112,30.25,49.19,1635059386530,"2021-10-24T12:39:46+05:30"
69,100,114,30.18,52.2,1635059417091,"2021-10-24T12:40:17+05:30"
74,107,128,30.14,46.86,1635059447692,"2021-10-24T12:40:47+05:30"
55,79,88,30.24,45.72,1635059478247,"2021-10-24T12:41:18+05:30"
53,73,83,30.27,47.43,1635059508931,"2021-10-24T12:41:48+05:30"
51,71,80,30.27,45.98,1635059539542,"2021-10-24T12:42:19+05:30"
47,67,79,30.29,45.51,1635059570039,"2021-10-24T12:42:50+05:30"
48,69,79,30.37,45.3,1635059600550,"2021-10-24T12:43:20+05:30"
45,63,75,30.44,45.35,1635059631124,"2021-10-24T12:43:51+05:30"
47,66,77,30.41,46.28,1635059661723,"2021-10-24T12:44:21+05:30"
46,67,78,30.39,46.99,1635059692283,"2021-10-24T12:44:52+05:30"
47,63,76,30.3,46,1635059722903,"2021-10-24T12:45:22+05:30"
44,61,75,30.21,45.91,1635059753456,"2021-10-24T12:45:53+05:30"
45,63,76,30.11,46,1635059788695,"2021-10-24T12:46:28+05:30"
46,64,77,30.1,45.82,1635059818788,"2021-10-24T12:46:58+05:30"
48,68,80,30.2,46.9,1635059849309,"2021-10-24T12:47:29+05:30"
46,65,77,30.24,45.52,1635059879883,"2021-10-24T12:47:59+05:30"
47,66,80,30.3,45.46,1635059910480,"2021-10-24T12:48:30+05:30"
49,73,83,30.26,52.31,1635059941073,"2021-10-24T12:49:01+05:30"
54,77,89,30.07,54.39,1635059971722,"2021-10-24T12:49:31+05:30"
50,73,86,29.94,48.58,1635060002201,"2021-10-24T12:50:02+05:30"
47,67,78,29.98,47.7,1635060032825,"2021-10-24T12:50:32+05:30"
46,64,76,29.99,46.8,1635060063427,"2021-10-24T12:51:03+05:30"
45,65,77,29.98,49.53,1635060093973,"2021-10-24T12:51:33+05:30"
47,66,80,29.95,47.86,1635060124536,"2021-10-24T12:52:04+05:30"
46,68,82,30,48.42,1635060155138,"2021-10-24T12:52:35+05:30"
49,72,84,29.96,51.89,1635060185719,"2021-10-24T12:53:05+05:30"
57,80,89,29.93,49.04,1635060216313,"2021-10-24T12:53:36+05:30"
85,122,142,29.97,48.73,1635060246879,"2021-10-24T12:54:06+05:30"
62,88,100,29.89,50.06,1635060277536,"2021-10-24T12:54:37+05:30"
64,93,106,29.91,48.78,1635060308149,"2021-10-24T12:55:08+05:30"
99,140,158,29.94,47.24,1635060338741,"2021-10-24T12:55:38+05:30"
180,254,274,30.01,48.01,1635060369324,"2021-10-24T12:56:09+05:30"
118,164,180,29.95,50.05,1635060399902,"2021-10-24T12:56:39+05:30"
75,104,114,29.86,53.93,1635060430653,"2021-10-24T12:57:10+05:30"
62,89,102,29.76,51.87,1635060461232,"2021-10-24T12:57:41+05:30"
54,77,86,29.81,48.36,1635060491775,"2021-10-24T12:58:11+05:30"
51,73,80,29.9,48.09,1635060522342,"2021-10-24T12:58:42+05:30"
47,69,78,29.95,46.39,1635060552986,"2021-10-24T12:59:12+05:30"
47,66,79,30.04,45.97,1635060583525,"2021-10-24T12:59:43+05:30"
56,80,93,30.04,51.4,1635060614110,"2021-10-24T13:00:14+05:30"
60,89,102,29.98,50.2,1635060644670,"2021-10-24T13:00:44+05:30"
57,80,102,30.09,48.39,1635060675264,"2021-10-24T13:01:15+05:30"
54,79,94,30.14,48.21,1635060696668,"2021-10-24T13:01:36+05:30"
57,83,98,30.04,52.83,1635060727412,"2021-10-24T13:02:07+05:30"
59,86,100,29.87,54.04,1635060757985,"2021-10-24T13:02:37+05:30"
55,79,90,29.78,53.26,1635060788705,"2021-10-24T13:03:08+05:30"
58,83,96,29.71,51.56,1635060819300,"2021-10-24T13:03:39+05:30"
51,73,90,29.78,47.27,1635060849883,"2021-10-24T13:04:09+05:30"
51,72,81,29.89,49.42,1635060880433,"2021-10-24T13:04:40+05:30"
52,74,85,29.85,50.29,1635060911056,"2021-10-24T13:05:11+05:30"
59,86,97,29.81,53.41,1635060941637,"2021-10-24T13:05:41+05:30"
66,95,111,29.66,55.29,1635060972204,"2021-10-24T13:06:12+05:30"
51,71,86,29.63,47.68,1635061002789,"2021-10-24T13:06:42+05:30"
51,74,84,29.74,49.24,1635061033380,"2021-10-24T13:07:13+05:30"
48,69,79,29.81,49.28,1635061063971,"2021-10-24T13:07:43+05:30"
51,73,86,29.73,51.64,1635061094567,"2021-10-24T13:08:14+05:30"
53,77,88,29.57,54.06,1635061125101,"2021-10-24T13:08:45+05:30"
47,65,78,29.55,49.5,1635061155724,"2021-10-24T13:09:15+05:30"
48,68,78,29.59,50.02,1635061186308,"2021-10-24T13:09:46+05:30"
42,61,74,29.69,46.57,1635061216862,"2021-10-24T13:10:16+05:30"
45,63,81,29.69,50.81,1635061247428,"2021-10-24T13:10:47+05:30"
46,65,77,29.74,49.59,1635061278057,"2021-10-24T13:11:18+05:30"
44,64,76,29.72,49.23,1635061308641,"2021-10-24T13:11:48+05:30"
46,66,78,29.64,51.04,1635061339198,"2021-10-24T13:12:19+05:30"
48,70,79,29.63,51.31,1635061369762,"2021-10-24T13:12:49+05:30"
49,69,78,29.58,50.93,1635061400357,"2021-10-24T13:13:20+05:30"
50,70,82,29.67,49.41,1635061430947,"2021-10-24T13:13:50+05:30"
44,62,74,29.83,47.14,1635061461522,"2021-10-24T13:14:21+05:30"
44,61,74,29.95,47.07,1635061492095,"2021-10-24T13:14:52+05:30"
45,66,77,30.02,46.45,1635061522690,"2021-10-24T13:15:22+05:30"
53,81,104,30.06,47.07,1635061553354,"2021-10-24T13:15:53+05:30"
48,70,88,30.07,46.08,1635061587863,"2021-10-24T13:16:27+05:30"
46,65,80,30.15,46.21,1635061608251,"2021-10-24T13:16:48+05:30"
50,74,86,30.15,47.98,1635061638847,"2021-10-24T13:17:18+05:30"
53,76,86,29.99,51.07,1635061669395,"2021-10-24T13:17:49+05:30"
46,66,77,29.98,46.88,1635061699970,"2021-10-24T13:18:19+05:30"
40,56,73,30.05,45.59,1635061730563,"2021-10-24T13:18:50+05:30"
44,62,74,30.07,46.64,1635061761148,"2021-10-24T13:19:21+05:30"
46,68,81,30.05,47.89,1635061791726,"2021-10-24T13:19:51+05:30"
48,73,81,29.92,49.83,1635061822301,"2021-10-24T13:20:22+05:30"
47,68,78,29.83,49.71,1635061852895,"2021-10-24T13:20:52+05:30"
48,70,83,29.8,49.69,1635061883494,"2021-10-24T13:21:23+05:30"
54,79,96,29.79,48.75,1635061914068,"2021-10-24T13:21:54+05:30"
46,66,78,29.95,45.72,1635061944634,"2021-10-24T13:22:24+05:30"
45,64,78,29.93,50.27,1635061975242,"2021-10-24T13:22:55+05:30"
47,70,85,29.83,48.14,1635062005850,"2021-10-24T13:23:25+05:30"
44,65,78,29.85,48.91,1635062036398,"2021-10-24T13:23:56+05:30"
44,64,79,29.88,46.6,1635062066977,"2021-10-24T13:24:26+05:30"
42,64,82,29.97,45.41,1635062097569,"2021-10-24T13:24:57+05:30"
47,75,97,30.07,45.22,1635062128168,"2021-10-24T13:25:28+05:30"
44,70,86,30.12,44.62,1635062158730,"2021-10-24T13:25:58+05:30"
43,66,83,30.12,44.44,1635062189304,"2021-10-24T13:26:29+05:30"
46,69,83,30.08,49.84,1635062219885,"2021-10-24T13:26:59+05:30"
42,63,77,30.05,46.44,1635062250450,"2021-10-24T13:27:30+05:30"
43,63,78,30.19,44.94,1635062281057,"2021-10-24T13:28:01+05:30"
46,67,83,30.23,45.86,1635062311745,"2021-10-24T13:28:31+05:30"
46,68,84,30.26,44.23,1635062342432,"2021-10-24T13:29:02+05:30"
44,63,77,30.24,46.19,1635062372792,"2021-10-24T13:29:32+05:30"
46,68,81,30.12,48.99,1635062403361,"2021-10-24T13:30:03+05:30"
45,67,79,30.08,47.78,1635062433972,"2021-10-24T13:30:33+05:30"
45,64,77,30.09,48.34,1635062464508,"2021-10-24T13:31:04+05:30"
48,79,116,30.11,46.54,1635062491716,"2021-10-24T13:31:31+05:30"
43,63,79,30.16,46.24,1635062522125,"2021-10-24T13:32:02+05:30"
45,62,74,30.14,46.9,1635062552419,"2021-10-24T13:32:32+05:30"
42,59,73,30.09,47.79,1635062583004,"2021-10-24T13:33:03+05:30"
42,61,74,30.13,45.28,1635062613566,"2021-10-24T13:33:33+05:30"
72,95,106,30.14,46.34,1635062644168,"2021-10-24T13:34:04+05:30"
90,117,127,30.17,47.36,1635062674756,"2021-10-24T13:34:34+05:30"
60,83,95,30.2,47.03,1635062705406,"2021-10-24T13:35:05+05:30"
50,71,85,30.29,46.86,1635062736009,"2021-10-24T13:35:36+05:30"
43,61,72,30.37,44.9,1635062766558,"2021-10-24T13:36:06+05:30"
43,63,79,30.4,46.91,1635062797124,"2021-10-24T13:36:37+05:30"
44,63,76,30.26,48.5,1635062827719,"2021-10-24T13:37:07+05:30"
49,68,77,30.05,49.78,1635062858305,"2021-10-24T13:37:38+05:30"
44,64,75,29.96,48.57,1635062888881,"2021-10-24T13:38:08+05:30"
40,55,71,29.96,44.92,1635062919471,"2021-10-24T13:38:39+05:30"
41,58,73,30.08,47.12,1635062950076,"2021-10-24T13:39:10+05:30"
45,62,76,29.99,48.01,1635062980638,"2021-10-24T13:39:40+05:30"
42,61,76,30.02,46.73,1635063011229,"2021-10-24T13:40:11+05:30"
44,63,76,30.01,46.83,1635063041956,"2021-10-24T13:40:41+05:30"
44,67,84,30.07,46.26,1635063072382,"2021-10-24T13:41:12+05:30"
44,65,84,30.15,44.55,1635063102979,"2021-10-24T13:41:42+05:30"
38,56,71,30.22,44.2,1635063133550,"2021-10-24T13:42:13+05:30"
47,67,82,30.26,45.09,1635063164133,"2021-10-24T13:42:44+05:30"
45,66,85,30.2,46.12,1635063194710,"2021-10-24T13:43:14+05:30"
45,65,77,30.06,47.7,1635063225314,"2021-10-24T13:43:45+05:30"
46,68,81,29.91,49.13,1635063255867,"2021-10-24T13:44:15+05:30"
48,73,88,29.91,47.77,1635063286452,"2021-10-24T13:44:46+05:30"
49,73,90,29.74,50.91,1635063317166,"2021-10-24T13:45:17+05:30"
51,76,95,29.65,50.23,1635063347709,"2021-10-24T13:45:47+05:30"
50,76,91,29.61,50.09,1635063378309,"2021-10-24T13:46:18+05:30"
42,62,75,29.68,45.63,1635063409700,"2021-10-24T13:46:49+05:30"
43,61,74,29.7,48.01,1635063440207,"2021-10-24T13:47:20+05:30"
43,64,75,29.76,47.55,1635063470773,"2021-10-24T13:47:50+05:30"
44,64,78,29.8,45.46,1635063501387,"2021-10-24T13:48:21+05:30"
42,60,72,29.88,45.4,1635063531989,"2021-10-24T13:48:51+05:30"
45,66,78,29.81,48.53,1635063562542,"2021-10-24T13:49:22+05:30"
49,71,85,29.7,49.6,1635063593195,"2021-10-24T13:49:53+05:30"
49,74,91,29.68,48.5,1635063623733,"2021-10-24T13:50:23+05:30"
46,68,83,29.72,47.67,1635063654312,"2021-10-24T13:50:54+05:30"
46,68,83,29.72,47.67,1635063655834,"2021-10-24T13:50:55+05:30"
46,69,83,29.77,47.48,1635063685155,"2021-10-24T13:51:25+05:30"
46,69,83,29.77,47.48,1635063686786,"2021-10-24T13:51:26+05:30"
46,68,78,29.71,49.26,1635063715462,"2021-10-24T13:51:55+05:30"
46,67,80,29.76,48.76,1635063746052,"2021-10-24T13:52:26+05:30"
47,70,87,29.54,52.25,1635063776842,"2021-10-24T13:52:56+05:30"
49,72,87,29.37,52.34,1635063807200,"2021-10-24T13:53:27+05:30"
49,72,87,29.24,53.89,1635063837854,"2021-10-24T13:53:57+05:30"
48,70,80,29.1,53.64,1635063868388,"2021-10-24T13:54:28+05:30"
48,69,80,29.14,52.14,1635063898964,"2021-10-24T13:54:58+05:30"
47,69,82,29.13,52,1635063929524,"2021-10-24T13:55:29+05:30"
47,68,81,29.37,48.44,1635063960114,"2021-10-24T13:56:00+05:30"
47,68,85,29.57,46.62,1635063990698,"2021-10-24T13:56:30+05:30"
48,68,77,29.54,49.58,1635064021285,"2021-10-24T13:57:01+05:30"
44,64,76,29.57,47.98,1635064051907,"2021-10-24T13:57:31+05:30"
44,65,79,29.71,46.79,1635064082446,"2021-10-24T13:58:02+05:30"
45,64,76,29.74,49.35,1635064113074,"2021-10-24T13:58:33+05:30"
46,68,80,29.6,50.56,1635064143621,"2021-10-24T13:59:03+05:30"
48,70,86,29.7,48.25,1635064174185,"2021-10-24T13:59:34+05:30"
45,64,78,29.71,50.37,1635064204783,"2021-10-24T14:00:04+05:30"
45,67,81,29.63,50.32,1635064235504,"2021-10-24T14:00:35+05:30"
47,69,82,29.61,51.24,1635064265947,"2021-10-24T14:01:05+05:30"
47,68,79,29.63,50.73,1635064291916,"2021-10-24T14:01:31+05:30"
49,70,85,29.51,51.55,1635064322477,"2021-10-24T14:02:02+05:30"
49,70,83,29.48,51.59,1635064353087,"2021-10-24T14:02:33+05:30"
51,76,93,29.61,49.23,1635064383673,"2021-10-24T14:03:03+05:30"
59,87,105,29.7,48.78,1635064414264,"2021-10-24T14:03:34+05:30"
58,84,102,29.86,48.19,1635064444855,"2021-10-24T14:04:04+05:30"
52,74,86,29.93,47.49,1635064475548,"2021-10-24T14:04:35+05:30"
52,74,86,29.93,47.49,1635064477021,"2021-10-24T14:04:37+05:30"
52,77,88,29.87,49.34,1635064506268,"2021-10-24T14:05:06+05:30"
55,82,97,29.87,49.22,1635064536579,"2021-10-24T14:05:36+05:30"
51,77,88,29.83,50.01,1635064567216,"2021-10-24T14:06:07+05:30"
55,79,90,29.71,51.21,1635064597858,"2021-10-24T14:06:37+05:30"
55,79,95,29.65,50.6,1635064628342,"2021-10-24T14:07:08+05:30"
49,69,81,29.69,49.22,1635064658899,"2021-10-24T14:07:38+05:30"
57,83,96,29.76,49.45,1635064689504,"2021-10-24T14:08:09+05:30"
57,84,98,29.73,48.88,1635064720104,"2021-10-24T14:08:40+05:30"
53,74,85,29.69,50.31,1635064750667,"2021-10-24T14:09:10+05:30"
52,74,87,29.69,50.51,1635064781430,"2021-10-24T14:09:41+05:30"
67,99,115,29.63,50.55,1635064811848,"2021-10-24T14:10:11+05:30"
64,91,105,29.7,46.67,1635064842430,"2021-10-24T14:10:42+05:30"
54,74,83,29.73,47.33,1635064873142,"2021-10-24T14:11:13+05:30"
55,78,88,29.68,49.41,1635064903627,"2021-10-24T14:11:43+05:30"
56,83,99,29.58,50.88,1635064934292,"2021-10-24T14:12:14+05:30"
53,72,82,29.61,50.9,1635064964779,"2021-10-24T14:12:44+05:30"
55,78,87,29.53,51.96,1635064995355,"2021-10-24T14:13:15+05:30"
54,77,88,29.5,53.08,1635065025953,"2021-10-24T14:13:45+05:30"
57,82,98,29.41,54.41,1635065056533,"2021-10-24T14:14:16+05:30"
59,92,104,29.45,50.86,1635065087121,"2021-10-24T14:14:47+05:30"
64,95,113,29.59,49.93,1635065117701,"2021-10-24T14:15:17+05:30"
54,81,95,29.62,51.57,1635065148277,"2021-10-24T14:15:48+05:30"
52,75,84,29.54,50,1635065178856,"2021-10-24T14:16:18+05:30"
51,74,83,29.5,52.14,1635065212313,"2021-10-24T14:16:52+05:30"
51,73,81,29.36,52.42,1635065242870,"2021-10-24T14:17:22+05:30"
48,68,80,29.29,51.43,1635065273454,"2021-10-24T14:17:53+05:30"
49,71,82,29.28,51.91,1635065304046,"2021-10-24T14:18:24+05:30"
46,66,79,29.38,49.12,1635065334616,"2021-10-24T14:18:54+05:30"
48,72,86,29.6,48.2,1635065365189,"2021-10-24T14:19:25+05:30"
46,66,77,29.67,47.52,1635065395894,"2021-10-24T14:19:55+05:30"
47,68,83,29.67,47.19,1635065426384,"2021-10-24T14:20:26+05:30"
50,76,97,29.62,49.21,1635065457024,"2021-10-24T14:20:57+05:30"
46,65,77,29.65,46.64,1635065487762,"2021-10-24T14:21:27+05:30"
47,65,77,29.8,46.09,1635065518443,"2021-10-24T14:21:58+05:30"
46,67,76,29.82,47.54,1635065549128,"2021-10-24T14:22:29+05:30"
47,68,76,29.74,48.27,1635065579846,"2021-10-24T14:22:59+05:30"
47,67,77,29.71,46.75,1635065610586,"2021-10-24T14:23:30+05:30"
46,65,76,29.8,46.17,1635065641153,"2021-10-24T14:24:01+05:30"
51,75,86,30,46.42,1635065671844,"2021-10-24T14:24:31+05:30"
52,75,90,30.17,46.72,1635065702540,"2021-10-24T14:25:02+05:30"
52,78,94,30.29,46.7,1635065722929,"2021-10-24T14:25:22+05:30"
57,86,106,30.35,46.78,1635065753510,"2021-10-24T14:25:53+05:30"
49,72,86,30.46,44.87,1635065784116,"2021-10-24T14:26:24+05:30"
47,67,76,30.49,43.57,1635065814721,"2021-10-24T14:26:54+05:30"
49,73,86,30.51,44.3,1635065845257,"2021-10-24T14:27:25+05:30"
47,65,76,30.51,44.2,1635065875928,"2021-10-24T14:27:55+05:30"
46,67,78,30.48,44.68,1635065906510,"2021-10-24T14:28:26+05:30"
44,61,73,30.45,43.23,1635065937130,"2021-10-24T14:28:57+05:30"
42,60,72,30.47,43.59,1635065967977,"2021-10-24T14:29:27+05:30"
43,58,72,30.49,43.34,1635065998275,"2021-10-24T14:29:58+05:30"
44,61,75,30.55,43.86,1635066028855,"2021-10-24T14:30:28+05:30"
43,64,75,30.49,44.1,1635066059441,"2021-10-24T14:30:59+05:30"
45,64,81,30.44,44.18,1635066097609,"2021-10-24T14:31:37+05:30"
48,69,80,30.39,44.97,1635066130816,"2021-10-24T14:32:10+05:30"
48,69,80,30.39,44.97,1635066132206,"2021-10-24T14:32:12+05:30"
51,75,87,30.23,48.09,1635066158735,"2021-10-24T14:32:38+05:30"
48,69,79,30.22,46.99,1635066189412,"2021-10-24T14:33:09+05:30"
48,69,79,30.22,46.99,1635066191511,"2021-10-24T14:33:11+05:30"
47,69,81,30.02,52.38,1635066220057,"2021-10-24T14:33:40+05:30"
48,72,83,29.79,53.1,1635066240850,"2021-10-24T14:34:00+05:30"
47,67,78,29.75,46.9,1635066271365,"2021-10-24T14:34:31+05:30"
45,67,79,29.82,47.23,1635066301739,"2021-10-24T14:35:01+05:30"
45,67,79,29.82,47.23,1635066305599,"2021-10-24T14:35:05+05:30"
53,74,89,29.87,47.8,1635066332291,"2021-10-24T14:35:32+05:30"
46,66,80,29.96,46.47,1635066362996,"2021-10-24T14:36:02+05:30"
48,71,84,29.85,50.54,1635066393488,"2021-10-24T14:36:33+05:30"
44,67,80,29.85,47.96,1635066424056,"2021-10-24T14:37:04+05:30"
45,65,79,29.83,47.22,1635066454614,"2021-10-24T14:37:34+05:30"
45,63,79,29.82,46.4,1635066485240,"2021-10-24T14:38:05+05:30"
46,66,80,29.96,46.13,1635066515821,"2021-10-24T14:38:35+05:30"
45,67,84,29.96,49.4,1635066546379,"2021-10-24T14:39:06+05:30"
46,65,82,29.84,49.77,1635066577038,"2021-10-24T14:39:37+05:30"
44,62,76,29.84,49.6,1635066607622,"2021-10-24T14:40:07+05:30"
45,64,77,29.9,47.59,1635066638230,"2021-10-24T14:40:38+05:30"
43,62,78,29.97,48.86,1635066668819,"2021-10-24T14:41:08+05:30"
49,71,85,30,48.53,1635066699392,"2021-10-24T14:41:39+05:30"
60,84,97,30,48.14,1635066729957,"2021-10-24T14:42:09+05:30"
46,64,76,29.95,47.62,1635066760578,"2021-10-24T14:42:40+05:30"
44,63,78,29.93,47.99,1635066791200,"2021-10-24T14:43:11+05:30"
46,62,75,29.92,46.65,1635066821731,"2021-10-24T14:43:41+05:30"
43,60,74,29.9,46.82,1635066852321,"2021-10-24T14:44:12+05:30"
42,60,74,29.89,46.13,1635066882890,"2021-10-24T14:44:42+05:30"
42,60,74,29.89,46.13,1635066886190,"2021-10-24T14:44:46+05:30"
40,57,75,29.9,47.52,1635066913481,"2021-10-24T14:45:13+05:30"
43,60,73,29.86,46.65,1635066944046,"2021-10-24T14:45:44+05:30"
47,65,80,29.87,47.95,1635066974648,"2021-10-24T14:46:14+05:30"
46,64,78,29.76,50.18,1635067003593,"2021-10-24T14:46:43+05:30"
44,62,75,29.72,50.51,1635067034179,"2021-10-24T14:47:14+05:30"
42,57,74,29.74,48.61,1635067064760,"2021-10-24T14:47:44+05:30"
43,62,78,29.72,51.74,1635067095416,"2021-10-24T14:48:15+05:30"
41,58,74,29.72,47.33,1635067126178,"2021-10-24T14:48:46+05:30"
41,58,73,29.73,49.47,1635067156863,"2021-10-24T14:49:16+05:30"
41,57,72,29.12,47.28,1635069937005,"2021-10-24T15:35:37+05:30"
44,67,80,29.01,50.25,1635069967618,"2021-10-24T15:36:07+05:30"
42,72,108,29.02,47.5,1635069998146,"2021-10-24T15:36:38+05:30"
39,60,80,29.04,47.13,1635070026244,"2021-10-24T15:37:06+05:30"
38,55,72,29.31,46.4,1635070128750,"2021-10-24T15:38:48+05:30"
41,60,76,29.25,51.03,1635070158971,"2021-10-24T15:39:18+05:30"
50,72,85,29.17,49.38,1635070189504,"2021-10-24T15:39:49+05:30"
50,71,82,29.19,48.33,1635070220074,"2021-10-24T15:40:20+05:30"
46,66,82,29.18,50.2,1635070251653,"2021-10-24T15:40:51+05:30"
43,60,74,29.11,49.82,1635070281235,"2021-10-24T15:41:21+05:30"
44,62,78,29.12,47.75,1635070311879,"2021-10-24T15:41:51+05:30"
46,66,76,29.07,50.79,1635070342358,"2021-10-24T15:42:22+05:30"
51,73,84,29.07,48.38,1635070372949,"2021-10-24T15:42:52+05:30"
57,82,95,29.12,47.93,1635070403512,"2021-10-24T15:43:23+05:30"
63,89,100,29.16,47.02,1635070434107,"2021-10-24T15:43:54+05:30"
62,89,104,29.2,47.39,1635070464708,"2021-10-24T15:44:24+05:30"
60,85,99,29.22,48.22,1635070495272,"2021-10-24T15:44:55+05:30"
53,77,85,29.22,47.44,1635070525839,"2021-10-24T15:45:25+05:30"
45,66,77,29.24,46.95,1635070556433,"2021-10-24T15:45:56+05:30"
41,56,73,29.28,45.9,1635070587027,"2021-10-24T15:46:27+05:30"
40,54,68,29.29,45.72,1635070617597,"2021-10-24T15:46:57+05:30"
40,59,73,29.3,46.3,1635070648170,"2021-10-24T15:47:28+05:30"
45,66,80,29.21,52.72,1635070678791,"2021-10-24T15:47:58+05:30"
45,66,79,29.12,47.67,1635070709399,"2021-10-24T15:48:29+05:30"
40,58,75,29.17,46.19,1635070739998,"2021-10-24T15:48:59+05:30"
40,58,74,29.2,45.84,1635070770581,"2021-10-24T15:49:30+05:30"
41,60,72,29.21,47.79,1635070801152,"2021-10-24T15:50:01+05:30"
43,63,75,29.15,46.11,1635070831748,"2021-10-24T15:50:31+05:30"
41,60,74,29.16,45.31,1635070862322,"2021-10-24T15:51:02+05:30"
44,62,75,29.16,44.83,1635070893007,"2021-10-24T15:51:33+05:30"
44,65,78,29.17,44.83,1635070920649,"2021-10-24T15:52:00+05:30"
49,71,85,29.18,45.97,1635070951224,"2021-10-24T15:52:31+05:30"
56,81,102,29.18,46.75,1635070981802,"2021-10-24T15:53:01+05:30"
53,80,104,29.22,45.89,1635071012521,"2021-10-24T15:53:32+05:30"
49,76,92,29.22,46.22,1635071043045,"2021-10-24T15:54:03+05:30"
46,68,82,29.22,45.18,1635071073626,"2021-10-24T15:54:33+05:30"
50,73,87,29.21,45.92,1635071104217,"2021-10-24T15:55:04+05:30"
45,63,78,29.22,44.62,1635071135021,"2021-10-24T15:55:35+05:30"
50,76,108,29.26,44.7,1635071165491,"2021-10-24T15:56:05+05:30"
45,67,82,29.31,45.2,1635071196170,"2021-10-24T15:56:36+05:30"
43,65,79,29.28,45.2,1635071226673,"2021-10-24T15:57:06+05:30"
42,59,79,29.3,44.07,1635071257242,"2021-10-24T15:57:37+05:30"
42,60,78,29.32,44.75,1635071287890,"2021-10-24T15:58:07+05:30"
45,68,85,29.26,44.41,1635071318411,"2021-10-24T15:58:38+05:30"
42,63,78,29.26,44.22,1635071349005,"2021-10-24T15:59:09+05:30"
41,62,79,29.25,46.14,1635071379591,"2021-10-24T15:59:39+05:30"
39,59,75,29.19,45.71,1635071410134,"2021-10-24T16:00:10+05:30"
39,57,75,29.17,46.08,1635071440960,"2021-10-24T16:00:40+05:30"
44,62,78,29.16,45.63,1635071471328,"2021-10-24T16:01:11+05:30"
44,64,82,29.18,45.46,1635071501945,"2021-10-24T16:01:41+05:30"
39,59,76,29.18,44.19,1635071532474,"2021-10-24T16:02:12+05:30"
36,52,69,29.2,43.75,1635071563073,"2021-10-24T16:02:43+05:30"
36,53,70,29.19,44.02,1635071593818,"2021-10-24T16:03:13+05:30"
37,53,68,29.19,43.22,1635071624317,"2021-10-24T16:03:44+05:30"
36,54,70,29.2,43.24,1635071654827,"2021-10-24T16:04:14+05:30"
37,53,71,29.2,43.52,1635071685829,"2021-10-24T16:04:45+05:30"
34,51,67,29.2,43.27,1635071715994,"2021-10-24T16:05:15+05:30"
36,53,71,29.2,43.55,1635071746571,"2021-10-24T16:05:46+05:30"
38,55,76,29.19,44.15,1635071777159,"2021-10-24T16:06:17+05:30"
37,51,68,29.18,43.91,1635071805128,"2021-10-24T16:06:45+05:30"
37,52,68,29.18,44.3,1635071835799,"2021-10-24T16:07:15+05:30"
38,56,72,29.16,44.66,1635071866392,"2021-10-24T16:07:46+05:30"
36,51,66,29.13,45,1635071896996,"2021-10-24T16:08:16+05:30"
37,51,67,29.09,45.82,1635071927586,"2021-10-24T16:08:47+05:30"
37,53,68,29.07,46.09,1635071958237,"2021-10-24T16:09:18+05:30"
39,55,70,29.02,47.69,1635071989118,"2021-10-24T16:09:49+05:30"
38,55,70,28.97,48.92,1635072019951,"2021-10-24T16:10:19+05:30"
42,61,75,28.89,51.34,1635072050572,"2021-10-24T16:10:50+05:30"
42,62,75,28.82,51.99,1635072081144,"2021-10-24T16:11:21+05:30"
39,58,72,28.78,49.53,1635072111737,"2021-10-24T16:11:51+05:30"
39,57,72,28.76,49.06,1635072142387,"2021-10-24T16:12:22+05:30"
47,65,80,28.74,51.08,1635072172962,"2021-10-24T16:12:52+05:30"
49,71,81,28.7,50.57,1635072203865,"2021-10-24T16:13:23+05:30"
43,62,77,28.65,53.15,1635072234416,"2021-10-24T16:13:54+05:30"
42,61,79,28.61,51.58,1635072265157,"2021-10-24T16:14:25+05:30"
42,59,73,28.57,52.21,1635072295589,"2021-10-24T16:14:55+05:30"
39,55,69,28.51,51.63,1635072326163,"2021-10-24T16:15:26+05:30"
38,55,69,28.48,52.25,1635072356942,"2021-10-24T16:15:56+05:30"
40,58,73,28.46,54.78,1635072387859,"2021-10-24T16:16:27+05:30"
40,57,72,28.42,54.07,1635072418710,"2021-10-24T16:16:58+05:30"
44,59,73,28.39,54.09,1635072449110,"2021-10-24T16:17:29+05:30"
44,59,72,28.38,54.03,1635072479666,"2021-10-24T16:17:59+05:30"
41,58,72,28.34,52.93,1635072510451,"2021-10-24T16:18:30+05:30"
39,57,71,28.35,53.28,1635072541110,"2021-10-24T16:19:01+05:30"
40,56,72,28.33,53.03,1635072571771,"2021-10-24T16:19:31+05:30"
41,59,73,28.31,54.22,1635072602423,"2021-10-24T16:20:02+05:30"
42,60,73,28.3,52.82,1635072632987,"2021-10-24T16:20:32+05:30"
43,61,73,28.3,53.09,1635072663657,"2021-10-24T16:21:03+05:30"
42,60,74,28.3,54,1635072724188,"2021-10-24T16:22:04+05:30"
41,60,73,28.29,53.49,1635072754751,"2021-10-24T16:22:34+05:30"
42,61,75,28.26,53.21,1635072785403,"2021-10-24T16:23:05+05:30"
42,59,72,28.24,53.09,1635072815928,"2021-10-24T16:23:35+05:30"
39,54,70,28.24,53.43,1635072846507,"2021-10-24T16:24:06+05:30"
41,58,72,28.23,52.81,1635072877074,"2021-10-24T16:24:37+05:30"
41,57,69,28.22,52.16,1635072907811,"2021-10-24T16:25:07+05:30"
40,57,69,28.21,52.63,1635072938268,"2021-10-24T16:25:38+05:30"
39,55,68,28.21,53.92,1635072969528,"2021-10-24T16:26:09+05:30"
41,58,71,28.19,53.18,1635073000093,"2021-10-24T16:26:40+05:30"
42,59,73,28.19,54.33,1635073030703,"2021-10-24T16:27:10+05:30"
43,61,71,28.16,54.96,1635073061272,"2021-10-24T16:27:41+05:30"
44,61,75,28.13,53.53,1635073091832,"2021-10-24T16:28:11+05:30"
66,94,107,28.12,53.21,1635073122439,"2021-10-24T16:28:42+05:30"
64,88,98,28.11,52.85,1635073153286,"2021-10-24T16:29:13+05:30"
55,75,81,28.12,53.48,1635073184203,"2021-10-24T16:29:44+05:30"
46,64,75,28.12,53.43,1635073214996,"2021-10-24T16:30:14+05:30"
48,68,78,28.11,54.32,1635073245987,"2021-10-24T16:30:45+05:30"
45,63,77,28.09,54.93,1635073276488,"2021-10-24T16:31:16+05:30"
46,64,76,28.06,54.72,1635073307065,"2021-10-24T16:31:47+05:30"
46,65,75,28.07,55.59,1635073337648,"2021-10-24T16:32:17+05:30"
48,67,77,28.04,55.98,1635073368211,"2021-10-24T16:32:48+05:30"
48,70,89,28.04,56.27,1635073398830,"2021-10-24T16:33:18+05:30"
46,66,85,28.03,56.97,1635073429402,"2021-10-24T16:33:49+05:30"
44,62,73,27.95,57.03,1635073459973,"2021-10-24T16:34:19+05:30"
47,66,76,27.93,61.27,1635073490536,"2021-10-24T16:34:50+05:30"
46,65,75,27.88,59.74,1635073521144,"2021-10-24T16:35:21+05:30"
45,63,74,27.82,59.22,1635073551702,"2021-10-24T16:35:51+05:30"
43,62,73,27.76,59.37,1635073582277,"2021-10-24T16:36:22+05:30"
43,58,71,27.76,61.34,1635073611475,"2021-10-24T16:36:51+05:30"
44,62,73,27.71,60.45,1635073642140,"2021-10-24T16:37:22+05:30"
45,61,72,27.6,60.19,1635073672704,"2021-10-24T16:37:52+05:30"
43,62,74,27.54,60.96,1635073703357,"2021-10-24T16:38:23+05:30"
46,65,77,27.48,61.33,1635073733865,"2021-10-24T16:38:53+05:30"
45,65,77,27.34,61.35,1635073764484,"2021-10-24T16:39:24+05:30"
51,84,143,27.15,62.58,1635073795062,"2021-10-24T16:39:55+05:30"
59,103,171,27,64.06,1635073825728,"2021-10-24T16:40:25+05:30"
49,69,78,26.86,64.63,1635073856203,"2021-10-24T16:40:56+05:30"
48,69,77,26.78,66.1,1635073886793,"2021-10-24T16:41:26+05:30"
48,68,78,26.69,65.93,1635073917388,"2021-10-24T16:41:57+05:30"
51,72,82,26.62,65.82,1635073948009,"2021-10-24T16:42:28+05:30"
49,68,76,26.53,66.11,1635073978538,"2021-10-24T16:42:58+05:30"
49,71,79,26.46,66.47,1635074009135,"2021-10-24T16:43:29+05:30"
50,70,78,26.41,66.09,1635074039722,"2021-10-24T16:43:59+05:30"
48,67,76,26.34,66.19,1635074070304,"2021-10-24T16:44:30+05:30"
46,64,75,26.25,64.57,1635074100871,"2021-10-24T16:45:00+05:30"
43,61,73,26.22,62.81,1635074131458,"2021-10-24T16:45:31+05:30"
44,61,72,26.21,63.5,1635074162032,"2021-10-24T16:46:02+05:30"
45,63,74,26.22,63.92,1635074192630,"2021-10-24T16:46:32+05:30"
45,64,76,26.2,63.82,1635074223257,"2021-10-24T16:47:03+05:30"
46,65,75,26.2,63.8,1635074253781,"2021-10-24T16:47:33+05:30"
46,62,73,26.22,63.24,1635074284363,"2021-10-24T16:48:04+05:30"
46,65,75,26.23,62.58,1635074315018,"2021-10-24T16:48:35+05:30"
44,61,73,26.27,62.28,1635074345792,"2021-10-24T16:49:05+05:30"
45,63,74,26.27,61.7,1635074376116,"2021-10-24T16:49:36+05:30"
43,61,73,26.24,61.05,1635074406736,"2021-10-24T16:50:06+05:30"
42,59,70,26.24,61.15,1635074437297,"2021-10-24T16:50:37+05:30"
42,60,72,26.25,62,1635074467914,"2021-10-24T16:51:07+05:30"
43,59,72,26.26,62.43,1635074502046,"2021-10-24T16:51:42+05:30"
44,62,74,26.25,63,1635074532623,"2021-10-24T16:52:12+05:30"
44,63,75,26.19,61.89,1635074563207,"2021-10-24T16:52:43+05:30"
44,62,73,26.18,63.29,1635074593761,"2021-10-24T16:53:13+05:30"
44,62,74,26.13,63.18,1635074624342,"2021-10-24T16:53:44+05:30"
47,64,76,26.11,64.47,1635074654945,"2021-10-24T16:54:14+05:30"
44,61,72,26.04,64.35,1635074685503,"2021-10-24T16:54:45+05:30"
46,66,74,26,64.61,1635074716122,"2021-10-24T16:55:16+05:30"
46,65,75,25.97,64.46,1635074747186,"2021-10-24T16:55:47+05:30"
46,65,75,25.95,64.83,1635074777770,"2021-10-24T16:56:17+05:30"
46,63,74,25.95,65.63,1635074808151,"2021-10-24T16:56:48+05:30"
45,62,74,25.89,63.72,1635074838756,"2021-10-24T16:57:18+05:30"
44,62,73,25.87,63.73,1635074869315,"2021-10-24T16:57:49+05:30"
43,58,71,25.87,63.23,1635074899900,"2021-10-24T16:58:19+05:30"
42,60,73,25.95,64.14,1635074930457,"2021-10-24T16:58:50+05:30"
44,62,73,25.99,64.55,1635074961061,"2021-10-24T16:59:21+05:30"
42,61,76,26.02,63.86,1635074991666,"2021-10-24T16:59:51+05:30"
45,66,83,26.06,63.68,1635075022227,"2021-10-24T17:00:22+05:30"
42,60,75,26.08,62.98,1635075052810,"2021-10-24T17:00:52+05:30"
41,60,73,26.06,62.66,1635075083409,"2021-10-24T17:01:23+05:30"
40,60,76,26.06,62.17,1635075114015,"2021-10-24T17:01:54+05:30"
40,59,73,26.05,61.65,1635075144590,"2021-10-24T17:02:24+05:30"
38,53,68,26,61.16,1635075175173,"2021-10-24T17:02:55+05:30"
39,55,69,25.97,61.13,1635075205721,"2021-10-24T17:03:25+05:30"
35,51,64,25.9,58.64,1635075236342,"2021-10-24T17:03:56+05:30"
33,47,60,25.84,57.81,1635075266879,"2021-10-24T17:04:26+05:30"
33,48,60,25.81,57.98,1635075297470,"2021-10-24T17:04:57+05:30"
33,49,65,25.81,58.51,1635075328051,"2021-10-24T17:05:28+05:30"
35,55,81,25.89,61,1635075358681,"2021-10-24T17:05:58+05:30"
30,45,58,25.79,54.95,1635075389191,"2021-10-24T17:06:29+05:30"
29,43,55,25.76,55.24,1635075423284,"2021-10-24T17:07:03+05:30"
29,42,51,25.74,54.95,1635075453957,"2021-10-24T17:07:33+05:30"
29,42,55,25.73,55.59,1635075474639,"2021-10-24T17:07:54+05:30"
30,42,53,25.7,56.07,1635075506210,"2021-10-24T17:08:26+05:30"
30,44,54,25.7,56.26,1635075536852,"2021-10-24T17:08:56+05:30"
30,44,54,25.7,56.26,1635075539575,"2021-10-24T17:08:59+05:30"
28,40,52,25.68,56.39,1635075568517,"2021-10-24T17:09:28+05:30"
28,40,53,25.67,56.47,1635075599110,"2021-10-24T17:09:59+05:30"
28,41,50,25.66,55.48,1635075629710,"2021-10-24T17:10:29+05:30"
28,40,49,25.6,54.21,1635075660282,"2021-10-24T17:11:00+05:30"
27,39,49,25.56,54.17,1635075690864,"2021-10-24T17:11:30+05:30"
25,35,45,25.5,52.22,1635075721457,"2021-10-24T17:12:01+05:30"
25,33,40,25.5,52.89,1635075752071,"2021-10-24T17:12:32+05:30"
25,35,45,25.46,52.91,1635075782623,"2021-10-24T17:13:02+05:30"
24,35,44,25.43,50.9,1635075813253,"2021-10-24T17:13:33+05:30"
23,32,39,25.45,51.48,1635075843815,"2021-10-24T17:14:03+05:30"
25,35,44,25.44,51.03,1635075874419,"2021-10-24T17:14:34+05:30"
23,33,40,25.42,50.44,1635075904969,"2021-10-24T17:15:04+05:30"
23,32,37,25.4,49.51,1635075935560,"2021-10-24T17:15:35+05:30"
24,33,39,25.43,51.45,1635075966276,"2021-10-24T17:16:06+05:30"
24,32,38,25.45,51.24,1635075996721,"2021-10-24T17:16:36+05:30"
24,31,36,25.44,49.43,1635076027302,"2021-10-24T17:17:07+05:30"
22,30,35,25.45,49.65,1635076057888,"2021-10-24T17:17:37+05:30"
23,32,39,25.44,50.1,1635076088475,"2021-10-24T17:18:08+05:30"
22,31,34,25.45,51.24,1635076119066,"2021-10-24T17:18:39+05:30"
25,33,38,25.53,55.34,1635076149613,"2021-10-24T17:19:09+05:30"
22,31,35,25.52,52.18,1635076180223,"2021-10-24T17:19:40+05:30"
23,33,41,25.53,52.11,1635076210814,"2021-10-24T17:20:10+05:30"
25,37,45,25.56,54.13,1635076241350,"2021-10-24T17:20:41+05:30"
25,34,41,25.53,50.01,1635076272079,"2021-10-24T17:21:12+05:30"
24,32,38,25.46,48.94,1635076302443,"2021-10-24T17:21:42+05:30"
24,33,36,25.41,49.12,1635076333017,"2021-10-24T17:22:13+05:30"
22,31,35,25.36,48.98,1635076363597,"2021-10-24T17:22:43+05:30"
23,32,35,25.33,49.83,1635076394181,"2021-10-24T17:23:14+05:30"
24,33,38,25.32,50.54,1635076424771,"2021-10-24T17:23:44+05:30"
26,38,46,25.32,52.74,1635076455342,"2021-10-24T17:24:15+05:30"
27,38,46,25.34,53.63,1635076485934,"2021-10-24T17:24:45+05:30"
29,42,52,25.33,54.57,1635076516767,"2021-10-24T17:25:16+05:30"
30,43,53,25.37,55.68,1635076547197,"2021-10-24T17:25:47+05:30"
30,44,55,25.37,56.31,1635076577781,"2021-10-24T17:26:17+05:30"
31,45,58,25.38,56.85,1635076608352,"2021-10-24T17:26:48+05:30"
32,46,59,25.4,57.68,1635076638924,"2021-10-24T17:27:18+05:30"
32,46,370,25.39,58.61,1635076698971,"2021-10-24T17:28:18+05:30"
33,48,59,25.38,58.29,1635076729060,"2021-10-24T17:28:49+05:30"
32,47,58,22.25,75.35,1635086948406,"2021-10-24T20:19:08+05:30"