"pm1_0","pm2_5","pm10","temp","humid","createdAt","localtime"
54,83,94,21.36,76.46,1635132092714,"2021-10-25T08:51:32+05:30"
60,90,102,21.38,76.71,1635132123287,"2021-10-25T08:52:03+05:30"
59,89,98,21.45,76.23,1635132153844,"2021-10-25T08:52:33+05:30"
57,86,98,21.52,75.72,1635132184416,"2021-10-25T08:53:04+05:30"
59,87,95,21.63,75.09,1635132215158,"2021-10-25T08:53:35+05:30"
53,80,89,21.74,75.22,1635132245626,"2021-10-25T08:54:05+05:30"
57,83,93,21.78,74.63,1635132276185,"2021-10-25T08:54:36+05:30"
55,82,88,21.84,74.28,1635132306754,"2021-10-25T08:55:06+05:30"
60,89,96,21.87,73.9,1635132337561,"2021-10-25T08:55:37+05:30"
95,133,145,21.95,74.1,1635132368146,"2021-10-25T08:56:08+05:30"
70,102,112,21.98,73.75,1635132398752,"2021-10-25T08:56:38+05:30"
58,84,92,22.03,73.65,1635132429305,"2021-10-25T08:57:09+05:30"
89,130,144,22.08,73.49,1635132460183,"2021-10-25T08:57:40+05:30"
88,129,142,22.12,73.77,1635132490446,"2021-10-25T08:58:10+05:30"
81,121,130,22.19,73.76,1635132521055,"2021-10-25T08:58:41+05:30"
68,100,113,22.27,73.79,1635132551645,"2021-10-25T08:59:11+05:30"
63,92,101,22.3,73.33,1635132582402,"2021-10-25T08:59:42+05:30"
60,89,99,22.35,73.54,1635132602976,"2021-10-25T09:00:02+05:30"
61,90,99,22.35,73.23,1635132633542,"2021-10-25T09:00:33+05:30"
92,121,129,22.33,72.5,1635132664089,"2021-10-25T09:01:04+05:30"
60,89,98,22.4,73.08,1635132694651,"2021-10-25T09:01:34+05:30"
56,83,90,22.4,72.91,1635132725561,"2021-10-25T09:02:05+05:30"
56,82,90,22.43,72.88,1635132756392,"2021-10-25T09:02:36+05:30"
59,86,94,22.42,72.74,1635132786842,"2021-10-25T09:03:06+05:30"
56,82,91,22.37,72.41,1635132817441,"2021-10-25T09:03:37+05:30"
57,81,94,22.35,73.27,1635132848031,"2021-10-25T09:04:08+05:30"
55,81,93,22.36,73.1,1635132878710,"2021-10-25T09:04:38+05:30"
55,80,88,22.33,72.36,1635132909590,"2021-10-25T09:05:09+05:30"
56,82,92,22.32,72.42,1635132940075,"2021-10-25T09:05:40+05:30"
56,80,89,22.32,72.25,1635132970677,"2021-10-25T09:06:10+05:30"
55,82,90,22.3,71.93,1635132999688,"2021-10-25T09:06:39+05:30"
56,82,90,22.31,72.26,1635133030608,"2021-10-25T09:07:10+05:30"
57,83,90,22.36,72.7,1635133061134,"2021-10-25T09:07:41+05:30"
61,86,97,22.39,72.23,1635133092086,"2021-10-25T09:08:12+05:30"
75,107,119,22.41,71.84,1635133122583,"2021-10-25T09:08:42+05:30"
57,83,90,22.45,71.35,1635133153143,"2021-10-25T09:09:13+05:30"
54,78,88,22.43,71.19,1635133183723,"2021-10-25T09:09:43+05:30"
51,73,84,22.43,71.87,1635133214294,"2021-10-25T09:10:14+05:30"
55,80,93,22.45,72.07,1635133245055,"2021-10-25T09:10:45+05:30"
55,80,88,22.49,72.28,1635133275483,"2021-10-25T09:11:15+05:30"
56,82,88,22.53,71.93,1635133306053,"2021-10-25T09:11:46+05:30"
55,80,88,22.51,71.14,1635133336615,"2021-10-25T09:12:16+05:30"
53,79,87,22.5,71.14,1635133367223,"2021-10-25T09:12:47+05:30"
59,86,97,22.51,71.35,1635133397819,"2021-10-25T09:13:17+05:30"
57,82,90,22.53,71.87,1635133428472,"2021-10-25T09:13:48+05:30"
55,82,90,22.56,71.98,1635133458945,"2021-10-25T09:14:18+05:30"
58,82,88,22.55,71.65,1635133489552,"2021-10-25T09:14:49+05:30"
55,79,87,22.57,71.67,1635133520139,"2021-10-25T09:15:20+05:30"
54,79,86,22.55,71.28,1635133550709,"2021-10-25T09:15:50+05:30"
54,78,85,22.52,71,1635133581494,"2021-10-25T09:16:21+05:30"
54,80,87,22.46,71.19,1635133611886,"2021-10-25T09:16:51+05:30"
52,77,87,22.42,71.37,1635133642472,"2021-10-25T09:17:22+05:30"
55,80,91,22.38,71.6,1635133673103,"2021-10-25T09:17:53+05:30"
51,72,79,22.37,71.6,1635133703637,"2021-10-25T09:18:23+05:30"
55,79,87,22.37,71.97,1635133734202,"2021-10-25T09:18:54+05:30"
56,81,87,22.4,72.34,1635133764915,"2021-10-25T09:19:24+05:30"
55,81,91,22.4,72.25,1635133795375,"2021-10-25T09:19:55+05:30"
52,75,82,22.4,71.98,1635133825969,"2021-10-25T09:20:25+05:30"
53,77,85,22.41,71.99,1635133856554,"2021-10-25T09:20:56+05:30"
56,78,84,22.44,72.35,1635133893125,"2021-10-25T09:21:33+05:30"
57,79,85,22.45,72.02,1635133923842,"2021-10-25T09:22:03+05:30"
58,81,90,22.47,71.92,1635133954682,"2021-10-25T09:22:34+05:30"
89,125,136,22.52,72.43,1635133985231,"2021-10-25T09:23:05+05:30"
69,99,113,22.5,71.9,1635134015760,"2021-10-25T09:23:35+05:30"
56,81,91,22.52,71.93,1635134046321,"2021-10-25T09:24:06+05:30"
59,86,93,22.55,72.5,1635134077053,"2021-10-25T09:24:37+05:30"
56,81,87,22.57,71.89,1635134107872,"2021-10-25T09:25:07+05:30"
57,80,89,22.56,71.38,1635134138427,"2021-10-25T09:25:38+05:30"
58,84,92,22.55,71.54,1635134159068,"2021-10-25T09:25:59+05:30"
74,102,108,22.56,72.13,1635134189543,"2021-10-25T09:26:29+05:30"
74,105,115,22.59,72.5,1635134220117,"2021-10-25T09:27:00+05:30"
63,92,100,22.63,72.45,1635134250725,"2021-10-25T09:27:30+05:30"
60,86,94,22.67,72.36,1635134281273,"2021-10-25T09:28:01+05:30"
58,85,93,22.69,71.62,1635134311820,"2021-10-25T09:28:31+05:30"
58,82,92,22.73,71.68,1635134342422,"2021-10-25T09:29:02+05:30"
61,85,93,22.77,71.81,1635134372988,"2021-10-25T09:29:32+05:30"
58,86,92,22.77,71.35,1635134403584,"2021-10-25T09:30:03+05:30"
57,84,91,22.77,70.82,1635134434212,"2021-10-25T09:30:34+05:30"
53,76,81,22.8,70.82,1635134464764,"2021-10-25T09:31:04+05:30"
51,74,80,22.77,70.5,1635134495322,"2021-10-25T09:31:35+05:30"
52,76,84,22.76,70.16,1635134525871,"2021-10-25T09:32:05+05:30"
50,73,82,22.76,69.88,1635134556437,"2021-10-25T09:32:36+05:30"
50,74,83,22.77,70.45,1635134587317,"2021-10-25T09:33:07+05:30"
49,70,78,22.78,70.07,1635134617638,"2021-10-25T09:33:37+05:30"
49,71,79,22.83,70.31,1635134648196,"2021-10-25T09:34:08+05:30"
48,69,78,22.88,70.78,1635134678956,"2021-10-25T09:34:38+05:30"
50,71,81,22.92,70.86,1635134709428,"2021-10-25T09:35:09+05:30"
52,74,83,22.92,70.38,1635134740025,"2021-10-25T09:35:40+05:30"
48,69,79,22.9,70.19,1635134770593,"2021-10-25T09:36:10+05:30"
45,65,76,22.9,69.72,1635134799022,"2021-10-25T09:36:39+05:30"
46,70,78,22.89,69.5,1635134829595,"2021-10-25T09:37:09+05:30"
45,67,77,22.87,69.14,1635134860215,"2021-10-25T09:37:40+05:30"
46,65,76,22.9,69.34,1635134890792,"2021-10-25T09:38:10+05:30"
44,64,74,22.91,69.25,1635134921368,"2021-10-25T09:38:41+05:30"
44,62,75,22.94,69.55,1635134951926,"2021-10-25T09:39:11+05:30"
46,65,75,22.97,69.83,1635134982557,"2021-10-25T09:39:42+05:30"
57,80,89,22.98,69.86,1635135013122,"2021-10-25T09:40:13+05:30"
47,69,76,22.97,69.13,1635135043694,"2021-10-25T09:40:43+05:30"
45,62,74,22.96,69.6,1635135074260,"2021-10-25T09:41:14+05:30"
42,61,73,22.94,69.03,1635135104859,"2021-10-25T09:41:44+05:30"
40,59,71,22.93,69.06,1635135135438,"2021-10-25T09:42:15+05:30"
43,62,74,22.92,69.16,1635135166011,"2021-10-25T09:42:46+05:30"
41,61,72,22.93,69.59,1635135196582,"2021-10-25T09:43:16+05:30"
42,61,72,22.94,69.28,1635135227190,"2021-10-25T09:43:47+05:30"
42,61,72,22.97,69.47,1635135257761,"2021-10-25T09:44:17+05:30"
42,60,72,23.01,69.51,1635135288342,"2021-10-25T09:44:48+05:30"
41,60,72,23.05,69.55,1635135318913,"2021-10-25T09:45:18+05:30"
42,62,74,23.06,69.37,1635135349527,"2021-10-25T09:45:49+05:30"
40,58,73,23.07,69.41,1635135380108,"2021-10-25T09:46:20+05:30"
43,62,73,23.08,68.96,1635135410684,"2021-10-25T09:46:50+05:30"
44,65,76,23.12,68.95,1635135441299,"2021-10-25T09:47:21+05:30"
42,61,73,23.19,69.49,1635135471929,"2021-10-25T09:47:51+05:30"
43,61,72,23.26,69.7,1635135502489,"2021-10-25T09:48:22+05:30"
41,58,70,23.23,68.69,1635135533385,"2021-10-25T09:48:53+05:30"
43,63,74,23.21,69.21,1635135564723,"2021-10-25T09:49:24+05:30"
42,62,74,23.18,68.84,1635135594977,"2021-10-25T09:49:54+05:30"
44,62,74,23.17,68.86,1635135625590,"2021-10-25T09:50:25+05:30"
45,64,74,23.15,68.42,1635135656424,"2021-10-25T09:50:56+05:30"
44,64,75,23.18,68.29,1635135717999,"2021-10-25T09:51:57+05:30"
44,64,77,23.14,68.31,1635135748832,"2021-10-25T09:52:28+05:30"
44,61,73,23.12,68.3,1635135779614,"2021-10-25T09:52:59+05:30"
41,60,72,23.13,68.61,1635135810707,"2021-10-25T09:53:30+05:30"
45,64,76,23.15,68.85,1635135841126,"2021-10-25T09:54:01+05:30"
44,62,73,23.16,68.97,1635135871684,"2021-10-25T09:54:31+05:30"
44,62,73,23.2,68.9,1635135902536,"2021-10-25T09:55:02+05:30"
44,62,74,23.21,68.99,1635135933285,"2021-10-25T09:55:33+05:30"
42,62,74,23.23,68.72,1635135964111,"2021-10-25T09:56:04+05:30"
45,65,76,23.23,68.63,1635135994905,"2021-10-25T09:56:34+05:30"
43,63,75,23.25,68.83,1635136025642,"2021-10-25T09:57:05+05:30"
44,63,75,23.29,68.88,1635136056213,"2021-10-25T09:57:36+05:30"
46,64,76,23.31,68.91,1635136086797,"2021-10-25T09:58:06+05:30"
48,68,78,23.34,69.27,1635136117427,"2021-10-25T09:58:37+05:30"
46,64,76,23.4,69.67,1635136147952,"2021-10-25T09:59:07+05:30"
43,62,75,23.46,70.17,1635136178550,"2021-10-25T09:59:38+05:30"
43,62,75,23.48,69.91,1635136209159,"2021-10-25T10:00:09+05:30"
44,65,76,23.53,70.27,1635136239722,"2021-10-25T10:00:39+05:30"
40,61,76,23.5,68.75,1635136270279,"2021-10-25T10:01:10+05:30"
45,66,78,23.47,68.41,1635136300874,"2021-10-25T10:01:40+05:30"
44,64,76,23.42,67.79,1635136331767,"2021-10-25T10:02:11+05:30"
43,62,74,23.4,68.05,1635136362052,"2021-10-25T10:02:42+05:30"
43,63,75,23.44,69.41,1635136392614,"2021-10-25T10:03:12+05:30"
45,60,73,23.45,69.78,1635136423208,"2021-10-25T10:03:43+05:30"
42,60,73,23.44,68.97,1635136453819,"2021-10-25T10:04:13+05:30"
44,64,75,23.43,68.81,1635136484399,"2021-10-25T10:04:44+05:30"
43,62,73,23.48,69.85,1635136514978,"2021-10-25T10:05:14+05:30"
43,63,73,23.56,70.73,1635136545543,"2021-10-25T10:05:45+05:30"
46,66,76,23.6,70.24,1635136576171,"2021-10-25T10:06:16+05:30"
46,67,75,23.63,70.04,1635136606271,"2021-10-25T10:06:46+05:30"
44,64,73,23.61,69.82,1635136637185,"2021-10-25T10:07:17+05:30"
45,66,77,23.6,69.51,1635136667697,"2021-10-25T10:07:47+05:30"
47,66,77,23.61,69.34,1635136698282,"2021-10-25T10:08:18+05:30"
48,68,77,23.65,69.31,1635136728840,"2021-10-25T10:08:48+05:30"
46,67,77,23.65,68.75,1635136759429,"2021-10-25T10:09:19+05:30"
46,66,77,23.65,68.85,1635136790019,"2021-10-25T10:09:50+05:30"
48,71,78,23.67,68.91,1635136821170,"2021-10-25T10:10:21+05:30"
52,74,82,23.65,68.8,1635136851897,"2021-10-25T10:10:51+05:30"
51,75,83,23.63,68.68,1635136882458,"2021-10-25T10:11:22+05:30"
49,73,80,23.63,68.83,1635136913239,"2021-10-25T10:11:53+05:30"
50,72,80,23.65,68.66,1635136943603,"2021-10-25T10:12:23+05:30"
47,67,78,23.7,68.92,1635136974187,"2021-10-25T10:12:54+05:30"
48,70,80,23.72,68.73,1635137004774,"2021-10-25T10:13:24+05:30"
47,68,77,23.73,68.59,1635137035353,"2021-10-25T10:13:55+05:30"
47,68,78,23.73,68.38,1635137065933,"2021-10-25T10:14:25+05:30"
48,68,78,23.73,68.54,1635137096524,"2021-10-25T10:14:56+05:30"
45,63,76,23.75,68.15,1635137127109,"2021-10-25T10:15:27+05:30"
48,69,77,23.77,68.06,1635137157684,"2021-10-25T10:15:57+05:30"
48,67,76,23.75,67.68,1635137188254,"2021-10-25T10:16:28+05:30"
50,72,81,23.75,67.63,1635137219003,"2021-10-25T10:16:59+05:30"
49,73,81,23.73,67.33,1635137249809,"2021-10-25T10:17:29+05:30"
63,89,97,23.75,67.49,1635137281024,"2021-10-25T10:18:01+05:30"
62,85,92,23.77,67.72,1635137311578,"2021-10-25T10:18:31+05:30"
59,86,96,23.78,67.61,1635137342133,"2021-10-25T10:19:02+05:30"
54,78,88,23.77,67.3,1635137372788,"2021-10-25T10:19:32+05:30"
51,74,80,23.76,67.29,1635137403357,"2021-10-25T10:20:03+05:30"
52,77,84,23.79,67.48,1635137433949,"2021-10-25T10:20:33+05:30"
49,74,83,23.82,67.63,1635137464495,"2021-10-25T10:21:04+05:30"
52,72,81,23.82,67.57,1635137495514,"2021-10-25T10:21:35+05:30"
54,79,86,23.81,67.43,1635137526074,"2021-10-25T10:22:06+05:30"
50,72,81,23.79,67.54,1635137556655,"2021-10-25T10:22:36+05:30"
55,81,93,23.85,67.78,1635137587203,"2021-10-25T10:23:07+05:30"
53,74,81,23.88,67.4,1635137617814,"2021-10-25T10:23:37+05:30"
50,72,78,23.88,67.36,1635137648395,"2021-10-25T10:24:08+05:30"
50,73,80,23.88,66.83,1635137678977,"2021-10-25T10:24:38+05:30"
49,73,79,23.86,66.98,1635137709537,"2021-10-25T10:25:09+05:30"
48,72,80,23.9,67.07,1635137740134,"2021-10-25T10:25:40+05:30"
49,69,76,23.9,67.22,1635137770736,"2021-10-25T10:26:10+05:30"
50,72,80,23.92,67.42,1635137801332,"2021-10-25T10:26:41+05:30"
52,74,80,23.96,67.55,1635137831871,"2021-10-25T10:27:11+05:30"
54,78,85,24.01,67.63,1635137862478,"2021-10-25T10:27:42+05:30"
53,77,85,24.02,67.56,1635137893076,"2021-10-25T10:28:13+05:30"
54,78,83,24.02,67.52,1635137923706,"2021-10-25T10:28:43+05:30"
53,77,81,23.99,67.12,1635137954251,"2021-10-25T10:29:14+05:30"
50,72,81,24,66.89,1635137984810,"2021-10-25T10:29:44+05:30"
48,70,77,24.05,66.82,1635138015405,"2021-10-25T10:30:15+05:30"
51,73,80,24.06,66.93,1635138046017,"2021-10-25T10:30:46+05:30"
56,81,88,24.09,67.04,1635138076536,"2021-10-25T10:31:16+05:30"
51,76,82,24.08,66.55,1635138107180,"2021-10-25T10:31:47+05:30"
50,73,80,24.11,66.46,1635138137756,"2021-10-25T10:32:17+05:30"
46,68,77,24.11,66.32,1635138168322,"2021-10-25T10:32:48+05:30"
49,73,80,24.12,66.51,1635138198958,"2021-10-25T10:33:18+05:30"
49,71,80,24.15,66.7,1635138229519,"2021-10-25T10:33:49+05:30"
51,75,82,24.14,66.31,1635138260091,"2021-10-25T10:34:20+05:30"
50,71,79,24.14,66.4,1635138290664,"2021-10-25T10:34:50+05:30"
50,73,80,24.11,65.69,1635138321256,"2021-10-25T10:35:21+05:30"
47,68,76,24.14,65.64,1635138351853,"2021-10-25T10:35:51+05:30"
49,70,78,24.18,66.02,1635138382508,"2021-10-25T10:36:22+05:30"
50,72,80,24.2,66.15,1635138416465,"2021-10-25T10:36:56+05:30"
49,70,80,24.17,65.2,1635138447095,"2021-10-25T10:37:27+05:30"
48,70,80,24.17,65.56,1635138477626,"2021-10-25T10:37:57+05:30"
51,73,82,24.18,65.81,1635138508273,"2021-10-25T10:38:28+05:30"
49,71,79,24.14,65.47,1635138538803,"2021-10-25T10:38:58+05:30"
52,77,87,24.15,66,1635138569372,"2021-10-25T10:39:29+05:30"
54,77,84,24.13,65.84,1635138599973,"2021-10-25T10:39:59+05:30"
61,89,97,24.11,65.89,1635138630563,"2021-10-25T10:40:30+05:30"
63,90,96,24.12,66.43,1635138661129,"2021-10-25T10:41:01+05:30"
56,81,90,24.11,66.25,1635138691684,"2021-10-25T10:41:31+05:30"
54,78,84,24.12,66.15,1635138722293,"2021-10-25T10:42:02+05:30"
54,75,82,24.14,66.73,1635138752884,"2021-10-25T10:42:32+05:30"
51,73,80,24.14,66.8,1635138783452,"2021-10-25T10:43:03+05:30"
51,75,84,24.15,66.55,1635138814023,"2021-10-25T10:43:34+05:30"
55,79,87,24.17,66.33,1635138844618,"2021-10-25T10:44:04+05:30"
51,71,81,24.17,65.29,1635138875217,"2021-10-25T10:44:35+05:30"
50,72,79,24.21,65.27,1635138905791,"2021-10-25T10:45:05+05:30"
48,71,81,24.22,64.84,1635138936369,"2021-10-25T10:45:36+05:30"
45,67,76,24.26,63.77,1635138966953,"2021-10-25T10:46:06+05:30"
42,60,73,24.24,62.62,1635138997557,"2021-10-25T10:46:37+05:30"
39,56,69,24.26,62.09,1635139028123,"2021-10-25T10:47:08+05:30"
40,57,71,24.31,62.33,1635139058709,"2021-10-25T10:47:38+05:30"
40,58,71,24.34,61.95,1635139089283,"2021-10-25T10:48:09+05:30"
43,63,73,24.37,62.4,1635139119868,"2021-10-25T10:48:39+05:30"
41,58,72,24.37,62.71,1635139150457,"2021-10-25T10:49:10+05:30"
42,61,72,24.38,62.59,1635139181061,"2021-10-25T10:49:41+05:30"
43,60,72,24.4,62.44,1635139211909,"2021-10-25T10:50:11+05:30"
41,60,72,24.39,62.18,1635139242558,"2021-10-25T10:50:42+05:30"
44,60,73,24.37,62.84,1635139273054,"2021-10-25T10:51:13+05:30"
43,61,74,24.4,63.3,1635139297692,"2021-10-25T10:51:37+05:30"
44,61,72,24.43,63.54,1635139328263,"2021-10-25T10:52:08+05:30"
45,63,76,24.48,64.25,1635139377128,"2021-10-25T10:52:57+05:30"
44,63,75,24.45,64.09,1635139389678,"2021-10-25T10:53:09+05:30"
43,63,74,24.46,64.26,1635139420425,"2021-10-25T10:53:40+05:30"
46,67,76,24.47,64.56,1635139451029,"2021-10-25T10:54:11+05:30"
44,64,76,24.48,64.39,1635139481641,"2021-10-25T10:54:41+05:30"
47,67,77,24.5,64.07,1635139512266,"2021-10-25T10:55:12+05:30"
44,62,72,24.49,62.78,1635139542864,"2021-10-25T10:55:42+05:30"
41,61,73,24.49,62.84,1635139573411,"2021-10-25T10:56:13+05:30"
44,65,77,24.47,63.33,1635139603988,"2021-10-25T10:56:43+05:30"
46,65,75,24.47,63.6,1635139634589,"2021-10-25T10:57:14+05:30"
55,84,92,24.52,64.09,1635139665177,"2021-10-25T10:57:45+05:30"
49,71,80,24.54,63.56,1635139695756,"2021-10-25T10:58:15+05:30"
45,65,76,24.55,63.05,1635139726326,"2021-10-25T10:58:46+05:30"
46,66,77,24.53,63.04,1635139756937,"2021-10-25T10:59:16+05:30"
45,66,77,24.52,63.27,1635139787502,"2021-10-25T10:59:47+05:30"
44,65,76,24.52,63.35,1635139818076,"2021-10-25T11:00:18+05:30"
45,64,77,24.52,63.69,1635139848636,"2021-10-25T11:00:48+05:30"
46,66,77,24.54,64.43,1635139879328,"2021-10-25T11:01:19+05:30"
29,40,49,28.09,45.67,1635153747646,"2021-10-25T14:52:27+05:30"
28,40,49,28.08,46.37,1635153777501,"2021-10-25T14:52:57+05:30"
29,42,53,28.08,46.54,1635153807903,"2021-10-25T14:53:27+05:30"
29,43,54,28.2,47.46,1635153838478,"2021-10-25T14:53:58+05:30"
30,42,54,28.28,47.22,1635153869082,"2021-10-25T14:54:29+05:30"
29,42,53,28.26,46.76,1635153899667,"2021-10-25T14:54:59+05:30"
34,47,58,28.29,46.47,1635153930509,"2021-10-25T14:55:30+05:30"
35,50,63,28.4,46.15,1635153960813,"2021-10-25T14:56:00+05:30"
31,45,60,28.42,46.45,1635153991410,"2021-10-25T14:56:31+05:30"
29,42,53,28.45,45.46,1635154022006,"2021-10-25T14:57:02+05:30"
30,44,56,28.46,46.13,1635154052590,"2021-10-25T14:57:32+05:30"
29,42,49,28.42,45.99,1635154083142,"2021-10-25T14:58:03+05:30"
30,43,55,28.44,47.21,1635154113730,"2021-10-25T14:58:33+05:30"
30,44,58,28.44,46.91,1635154144304,"2021-10-25T14:59:04+05:30"
29,42,54,28.39,46.99,1635154174872,"2021-10-25T14:59:34+05:30"
30,42,52,28.48,47.17,1635154205444,"2021-10-25T15:00:05+05:30"
30,44,57,28.5,47.43,1635154236026,"2021-10-25T15:00:36+05:30"
28,41,51,28.43,46.47,1635154266614,"2021-10-25T15:01:06+05:30"
28,40,50,28.44,47.91,1635154297208,"2021-10-25T15:01:37+05:30"
30,44,58,28.49,46.25,1635154327784,"2021-10-25T15:02:07+05:30"
31,47,62,28.54,47,1635154358353,"2021-10-25T15:02:38+05:30"
32,48,63,28.56,46.74,1635154388952,"2021-10-25T15:03:08+05:30"
32,49,65,28.49,47.22,1635154419536,"2021-10-25T15:03:39+05:30"
31,47,63,28.51,47.72,1635154450115,"2021-10-25T15:04:10+05:30"
30,44,56,28.47,46.05,1635154480671,"2021-10-25T15:04:40+05:30"
28,40,50,28.41,46.18,1635154511274,"2021-10-25T15:05:11+05:30"
27,39,49,28.32,46.24,1635154541886,"2021-10-25T15:05:41+05:30"
28,41,51,28.31,46.79,1635154572439,"2021-10-25T15:06:12+05:30"
30,44,56,28.42,47.27,1635154603075,"2021-10-25T15:06:43+05:30"
31,45,58,28.49,46.6,1635154633652,"2021-10-25T15:07:13+05:30"
29,41,50,28.47,46.23,1635154666771,"2021-10-25T15:07:46+05:30"
28,40,49,28.39,45.76,1635154697265,"2021-10-25T15:08:17+05:30"
28,39,52,28.44,44.83,1635154727996,"2021-10-25T15:08:47+05:30"
28,42,53,28.5,45.12,1635154758428,"2021-10-25T15:09:18+05:30"
28,40,50,28.5,44.81,1635154789228,"2021-10-25T15:09:49+05:30"
28,41,50,28.49,45.22,1635154819593,"2021-10-25T15:10:19+05:30"
27,40,50,28.46,45.77,1635154850194,"2021-10-25T15:10:50+05:30"
29,42,55,28.5,46.41,1635154880759,"2021-10-25T15:11:20+05:30"
28,40,50,28.43,45.79,1635154911470,"2021-10-25T15:11:51+05:30"
28,41,51,28.48,46.04,1635154941917,"2021-10-25T15:12:21+05:30"
28,41,52,28.5,46.23,1635154972577,"2021-10-25T15:12:52+05:30"
28,40,49,28.54,44.64,1635155003450,"2021-10-25T15:13:23+05:30"
28,40,50,28.57,44.16,1635155033833,"2021-10-25T15:13:53+05:30"
27,37,45,28.57,44.06,1635155064545,"2021-10-25T15:14:24+05:30"
27,39,48,28.61,44.11,1635155095128,"2021-10-25T15:14:55+05:30"
27,37,46,28.6,44.68,1635155125915,"2021-10-25T15:15:25+05:30"
27,39,48,28.57,46.66,1635155156545,"2021-10-25T15:15:56+05:30"
28,41,52,28.47,46.79,1635155187454,"2021-10-25T15:16:27+05:30"
29,43,58,28.42,46.09,1635155207817,"2021-10-25T15:16:47+05:30"
28,40,51,28.38,47.15,1635155238399,"2021-10-25T15:17:18+05:30"
29,44,56,28.35,47.34,1635155269047,"2021-10-25T15:17:49+05:30"
28,41,53,28.35,47.31,1635155299604,"2021-10-25T15:18:19+05:30"
33,47,62,28.32,47.68,1635155330166,"2021-10-25T15:18:50+05:30"
33,49,62,28.26,48.25,1635155360754,"2021-10-25T15:19:20+05:30"
33,48,62,28.26,49.01,1635155391326,"2021-10-25T15:19:51+05:30"
30,44,54,28.26,48.81,1635155421937,"2021-10-25T15:20:21+05:30"
31,44,55,28.34,47.93,1635155452500,"2021-10-25T15:20:52+05:30"
31,44,55,28.35,47.17,1635155483063,"2021-10-25T15:21:23+05:30"
29,42,52,28.37,46.85,1635155513932,"2021-10-25T15:21:53+05:30"
28,42,51,28.35,46.29,1635155548110,"2021-10-25T15:22:28+05:30"
28,41,51,28.27,45.8,1635155578676,"2021-10-25T15:22:58+05:30"
28,41,52,28.23,46.28,1635155609262,"2021-10-25T15:23:29+05:30"
28,41,53,28.23,46.38,1635155639837,"2021-10-25T15:23:59+05:30"
29,42,53,28.29,46.26,1635155670410,"2021-10-25T15:24:30+05:30"
29,42,54,28.34,46.11,1635155701190,"2021-10-25T15:25:01+05:30"
28,41,52,28.37,46.24,1635155731684,"2021-10-25T15:25:31+05:30"
27,39,51,28.34,46.14,1635155762267,"2021-10-25T15:26:02+05:30"
27,40,50,28.35,47.35,1635155792902,"2021-10-25T15:26:32+05:30"
29,43,55,28.32,47.41,1635155823408,"2021-10-25T15:27:03+05:30"
30,44,57,28.32,47.7,1635155854016,"2021-10-25T15:27:34+05:30"
28,42,54,28.3,46.91,1635155884599,"2021-10-25T15:28:04+05:30"
30,43,52,28.26,46.96,1635155915179,"2021-10-25T15:28:35+05:30"
31,44,54,28.23,46.8,1635155945961,"2021-10-25T15:29:05+05:30"
32,45,58,28.22,46.52,1635155976336,"2021-10-25T15:29:36+05:30"
33,46,58,28.19,46,1635156006953,"2021-10-25T15:30:06+05:30"
35,49,63,28.2,47.45,1635156037501,"2021-10-25T15:30:37+05:30"
33,46,62,28.21,46.15,1635156068094,"2021-10-25T15:31:08+05:30"
28,40,50,28.27,45.33,1635156098677,"2021-10-25T15:31:38+05:30"
29,42,51,28.31,45.66,1635156129261,"2021-10-25T15:32:09+05:30"
29,42,51,28.33,45.23,1635156159856,"2021-10-25T15:32:39+05:30"
28,39,50,28.33,45.18,1635156190406,"2021-10-25T15:33:10+05:30"
27,40,49,28.34,45.39,1635156221034,"2021-10-25T15:33:41+05:30"
38,54,67,28.29,45.94,1635156251587,"2021-10-25T15:34:11+05:30"
41,55,68,28.25,46.67,1635156282168,"2021-10-25T15:34:42+05:30"
34,48,62,28.23,47.55,1635156312740,"2021-10-25T15:35:12+05:30"
31,46,59,28.29,47.5,1635156343331,"2021-10-25T15:35:43+05:30"
32,47,63,28.3,47.4,1635156373917,"2021-10-25T15:36:13+05:30"
31,45,59,28.33,47.23,1635156404492,"2021-10-25T15:36:44+05:30"
31,45,58,28.31,48.02,1635156435333,"2021-10-25T15:37:15+05:30"
29,42,55,28.31,46.7,1635156468024,"2021-10-25T15:37:48+05:30"
28,39,49,28.31,45.56,1635156498117,"2021-10-25T15:38:18+05:30"
27,39,47,28.3,45.12,1635156528690,"2021-10-25T15:38:48+05:30"
28,40,48,28.3,46.06,1635156559317,"2021-10-25T15:39:19+05:30"
54,77,92,28.3,46.01,1635156589884,"2021-10-25T15:39:49+05:30"
30,44,55,28.29,45.26,1635156620458,"2021-10-25T15:40:20+05:30"
28,39,48,28.26,45.34,1635156651016,"2021-10-25T15:40:51+05:30"
36,49,59,28.24,46.43,1635156681614,"2021-10-25T15:41:21+05:30"
49,68,77,28.24,45.24,1635156712205,"2021-10-25T15:41:52+05:30"
47,65,75,28.23,44.62,1635156742967,"2021-10-25T15:42:22+05:30"
32,45,57,28.24,44.1,1635156773344,"2021-10-25T15:42:53+05:30"
32,47,60,28.27,46.12,1635156804119,"2021-10-25T15:43:24+05:30"
58,80,92,28.27,47.06,1635156834721,"2021-10-25T15:43:54+05:30"
59,87,99,28.22,46.18,1635156865262,"2021-10-25T15:44:25+05:30"
38,55,69,28.21,46.16,1635156895870,"2021-10-25T15:44:55+05:30"
36,51,65,28.22,46.82,1635156926444,"2021-10-25T15:45:26+05:30"
30,43,56,28.21,46.63,1635156957014,"2021-10-25T15:45:57+05:30"
30,45,58,28.19,46.19,1635156987594,"2021-10-25T15:46:27+05:30"
28,40,50,28.18,44.84,1635157018189,"2021-10-25T15:46:58+05:30"
27,39,52,28.18,44.94,1635157048773,"2021-10-25T15:47:28+05:30"
27,38,48,28.16,45.33,1635157079435,"2021-10-25T15:47:59+05:30"
28,41,53,28.16,46.32,1635157109936,"2021-10-25T15:48:29+05:30"
29,42,56,28.15,46.43,1635157140522,"2021-10-25T15:49:00+05:30"
28,41,53,28.13,44.78,1635157171261,"2021-10-25T15:49:31+05:30"
27,40,51,28.12,45.81,1635157201744,"2021-10-25T15:50:01+05:30"
28,42,52,28.11,46.26,1635157232428,"2021-10-25T15:50:32+05:30"
29,41,53,28.1,46.55,1635157263058,"2021-10-25T15:51:03+05:30"
28,42,52,28.09,46.68,1635157283453,"2021-10-25T15:51:23+05:30"
27,39,49,28.05,45.83,1635157314425,"2021-10-25T15:51:54+05:30"
27,38,48,28.05,46.21,1635157348350,"2021-10-25T15:52:28+05:30"
27,39,50,28.05,45.67,1635157378353,"2021-10-25T15:52:58+05:30"
27,38,48,28.01,45.28,1635157408875,"2021-10-25T15:53:28+05:30"
27,39,48,28.01,45.9,1635157439434,"2021-10-25T15:53:59+05:30"
27,40,50,28,46.03,1635157469996,"2021-10-25T15:54:29+05:30"
29,43,54,27.98,47.08,1635157500598,"2021-10-25T15:55:00+05:30"
28,40,50,27.98,47.21,1635157531192,"2021-10-25T15:55:31+05:30"
30,44,53,27.99,46.75,1635157561760,"2021-10-25T15:56:01+05:30"
28,41,51,28,46.33,1635157592329,"2021-10-25T15:56:32+05:30"
27,40,50,27.99,46.28,1635157622919,"2021-10-25T15:57:02+05:30"
27,38,47,27.99,45.75,1635157653483,"2021-10-25T15:57:33+05:30"
28,40,50,27.99,46.14,1635157684080,"2021-10-25T15:58:04+05:30"
28,40,49,27.96,45.83,1635157714635,"2021-10-25T15:58:34+05:30"
27,40,48,27.92,46.53,1635157745210,"2021-10-25T15:59:05+05:30"
28,41,50,27.92,46.68,1635157775822,"2021-10-25T15:59:35+05:30"
27,40,48,27.94,46.57,1635157806424,"2021-10-25T16:00:06+05:30"
28,41,52,27.93,46.93,1635157836969,"2021-10-25T16:00:36+05:30"
31,46,59,27.91,47.36,1635157867534,"2021-10-25T16:01:07+05:30"
31,45,59,27.93,47.91,1635157898143,"2021-10-25T16:01:38+05:30"
30,44,56,27.94,47.19,1635157928721,"2021-10-25T16:02:08+05:30"
29,41,52,27.94,47.46,1635157959311,"2021-10-25T16:02:39+05:30"
30,44,56,27.9,47.24,1635157990004,"2021-10-25T16:03:10+05:30"
36,55,72,27.89,47.36,1635158020588,"2021-10-25T16:03:40+05:30"
35,52,68,27.88,48.67,1635158051061,"2021-10-25T16:04:11+05:30"
31,46,59,27.86,47.78,1635158081630,"2021-10-25T16:04:41+05:30"
28,41,54,27.88,47.67,1635158112195,"2021-10-25T16:05:12+05:30"
29,42,54,27.91,47.85,1635158142798,"2021-10-25T16:05:42+05:30"
41,59,69,27.88,46.35,1635158173387,"2021-10-25T16:06:13+05:30"
48,64,75,27.85,46.37,1635158203952,"2021-10-25T16:06:43+05:30"
36,51,66,27.86,48.21,1635158235015,"2021-10-25T16:07:15+05:30"
32,46,59,27.85,49.2,1635158268885,"2021-10-25T16:07:48+05:30"
31,45,59,27.87,50.81,1635158299725,"2021-10-25T16:08:19+05:30"
30,44,59,27.86,49.85,1635158330109,"2021-10-25T16:08:50+05:30"
31,46,60,27.85,49.32,1635158360687,"2021-10-25T16:09:20+05:30"
29,43,57,27.85,49.1,1635158391274,"2021-10-25T16:09:51+05:30"
28,42,54,27.85,48.15,1635158421872,"2021-10-25T16:10:21+05:30"
28,41,51,27.83,48.15,1635158452438,"2021-10-25T16:10:52+05:30"
29,44,56,27.8,48.62,1635158483016,"2021-10-25T16:11:23+05:30"
29,43,53,27.78,47.87,1635158513606,"2021-10-25T16:11:53+05:30"
29,41,52,27.74,47.58,1635158544193,"2021-10-25T16:12:24+05:30"
28,41,53,27.74,48.12,1635158574778,"2021-10-25T16:12:54+05:30"
29,41,51,27.77,47.4,1635158605415,"2021-10-25T16:13:25+05:30"
28,40,48,27.78,47.59,1635158635940,"2021-10-25T16:13:55+05:30"
30,44,59,27.79,47.73,1635158666530,"2021-10-25T16:14:26+05:30"
28,41,52,27.77,47.79,1635158697094,"2021-10-25T16:14:57+05:30"
29,43,54,27.75,48.49,1635158727718,"2021-10-25T16:15:27+05:30"
28,43,57,27.75,48.63,1635158758289,"2021-10-25T16:15:58+05:30"
28,41,51,27.76,48.45,1635158788856,"2021-10-25T16:16:28+05:30"
29,40,50,27.76,47.98,1635158819422,"2021-10-25T16:16:59+05:30"
28,41,51,27.73,48.19,1635158849993,"2021-10-25T16:17:29+05:30"
28,40,50,27.71,48.08,1635158880603,"2021-10-25T16:18:00+05:30"
29,41,53,27.71,48.12,1635158911182,"2021-10-25T16:18:31+05:30"
28,42,53,27.71,48.02,1635158941751,"2021-10-25T16:19:01+05:30"
28,43,54,27.68,47.77,1635158972320,"2021-10-25T16:19:32+05:30"
28,41,50,27.71,48.3,1635159002928,"2021-10-25T16:20:02+05:30"
30,43,54,27.72,48.65,1635159033526,"2021-10-25T16:20:33+05:30"
31,45,57,27.72,48.61,1635159064092,"2021-10-25T16:21:04+05:30"
30,44,56,27.72,48.76,1635159094656,"2021-10-25T16:21:34+05:30"
31,45,57,27.71,48.81,1635159125263,"2021-10-25T16:22:05+05:30"
30,44,57,27.68,47.33,1635159149541,"2021-10-25T16:22:29+05:30"
28,40,52,27.67,46.99,1635159180292,"2021-10-25T16:23:00+05:30"
30,42,55,27.66,49.28,1635159210841,"2021-10-25T16:23:30+05:30"
29,41,54,27.66,48.36,1635159241288,"2021-10-25T16:24:01+05:30"
28,39,49,27.66,48.09,1635159271882,"2021-10-25T16:24:31+05:30"
28,40,50,27.65,48.97,1635159302535,"2021-10-25T16:25:02+05:30"
29,42,51,27.64,48.85,1635159333143,"2021-10-25T16:25:33+05:30"
29,43,54,27.6,48.76,1635159363728,"2021-10-25T16:26:03+05:30"
30,44,54,27.61,50.12,1635159394266,"2021-10-25T16:26:34+05:30"
29,43,54,27.61,49.98,1635159425099,"2021-10-25T16:27:05+05:30"
30,43,55,27.61,48.92,1635159455600,"2021-10-25T16:27:35+05:30"
30,44,57,27.6,49.04,1635159486283,"2021-10-25T16:28:06+05:30"
30,43,54,27.6,48.74,1635159516737,"2021-10-25T16:28:36+05:30"
29,40,51,27.59,49.32,1635159547388,"2021-10-25T16:29:07+05:30"
28,41,53,27.6,48.66,1635159577929,"2021-10-25T16:29:37+05:30"
28,41,50,27.59,49.06,1635159608512,"2021-10-25T16:30:08+05:30"
28,41,52,27.58,49.08,1635159639058,"2021-10-25T16:30:39+05:30"
29,42,52,27.56,48.67,1635159669659,"2021-10-25T16:31:09+05:30"
31,44,58,27.53,48.29,1635159700263,"2021-10-25T16:31:40+05:30"
32,46,58,27.53,48.55,1635159730832,"2021-10-25T16:32:10+05:30"
32,46,60,27.58,51.4,1635159761385,"2021-10-25T16:32:41+05:30"
31,44,55,27.55,50.9,1635159792011,"2021-10-25T16:33:12+05:30"
32,44,56,27.52,50.85,1635159822821,"2021-10-25T16:33:42+05:30"
35,49,61,27.51,49.34,1635159853166,"2021-10-25T16:34:13+05:30"
40,54,67,27.53,49.65,1635159883721,"2021-10-25T16:34:43+05:30"
34,49,63,27.54,49.25,1635159914322,"2021-10-25T16:35:14+05:30"
35,50,64,27.53,50.52,1635159944902,"2021-10-25T16:35:44+05:30"
34,49,63,27.53,50.47,1635159975499,"2021-10-25T16:36:15+05:30"
32,46,58,27.51,50.64,1635160006046,"2021-10-25T16:36:46+05:30"
32,46,58,27.52,51.09,1635160036643,"2021-10-25T16:37:16+05:30"
31,46,58,27.52,50.46,1635160070723,"2021-10-25T16:37:50+05:30"
32,46,59,27.49,51.33,1635160101536,"2021-10-25T16:38:21+05:30"
32,48,60,27.48,51.18,1635160131850,"2021-10-25T16:38:51+05:30"
31,45,57,27.46,49.42,1635160162436,"2021-10-25T16:39:22+05:30"
29,43,53,27.45,48.5,1635160193040,"2021-10-25T16:39:53+05:30"
29,41,50,27.45,49.09,1635160223611,"2021-10-25T16:40:23+05:30"
29,42,52,27.48,50.59,1635160254166,"2021-10-25T16:40:54+05:30"
31,45,57,27.55,53.74,1635160284805,"2021-10-25T16:41:24+05:30"
31,45,59,27.52,51.71,1635160315360,"2021-10-25T16:41:55+05:30"
30,45,57,27.49,50.33,1635160345940,"2021-10-25T16:42:25+05:30"
30,45,58,27.47,49.58,1635160376501,"2021-10-25T16:42:56+05:30"
30,43,53,27.45,51.16,1635160407111,"2021-10-25T16:43:27+05:30"
30,45,59,27.46,52.62,1635160437719,"2021-10-25T16:43:57+05:30"
31,45,58,27.44,50.61,1635160468258,"2021-10-25T16:44:28+05:30"
32,47,64,27.44,51.39,1635160498826,"2021-10-25T16:44:58+05:30"
31,46,59,27.45,51.54,1635160529462,"2021-10-25T16:45:29+05:30"
31,45,58,27.46,51.58,1635160560324,"2021-10-25T16:46:00+05:30"
31,45,57,27.46,50.41,1635160590594,"2021-10-25T16:46:30+05:30"
31,43,54,27.46,50.48,1635160621353,"2021-10-25T16:47:01+05:30"
32,47,58,27.45,51.04,1635160651788,"2021-10-25T16:47:31+05:30"
33,48,60,27.43,49.98,1635160682378,"2021-10-25T16:48:02+05:30"
30,44,55,27.45,49.31,1635160712920,"2021-10-25T16:48:32+05:30"
31,44,56,27.47,50.77,1635160743494,"2021-10-25T16:49:03+05:30"
32,46,58,27.46,52.19,1635160774085,"2021-10-25T16:49:34+05:30"
32,46,59,27.44,51.33,1635160804695,"2021-10-25T16:50:04+05:30"
32,46,57,27.43,51.03,1635160835279,"2021-10-25T16:50:35+05:30"
44,61,71,27.43,51.24,1635160865819,"2021-10-25T16:51:05+05:30"
37,52,64,27.41,49.5,1635160896420,"2021-10-25T16:51:36+05:30"
30,44,55,27.43,49.62,1635160927033,"2021-10-25T16:52:07+05:30"
32,47,60,27.44,51.37,1635160951891,"2021-10-25T16:52:31+05:30"
33,47,62,27.44,52.86,1635160982464,"2021-10-25T16:53:02+05:30"
33,48,60,27.41,52.77,1635161013027,"2021-10-25T16:53:33+05:30"
33,48,61,27.39,52,1635161043608,"2021-10-25T16:54:03+05:30"
34,49,63,27.39,52.05,1635161074258,"2021-10-25T16:54:34+05:30"
34,49,65,27.4,53.65,1635161104790,"2021-10-25T16:55:04+05:30"
34,50,66,27.4,53.46,1635161135366,"2021-10-25T16:55:35+05:30"
34,50,67,27.41,54.1,1635161165940,"2021-10-25T16:56:05+05:30"
33,48,62,27.37,52.76,1635161196534,"2021-10-25T16:56:36+05:30"
33,48,61,27.37,52.73,1635161227120,"2021-10-25T16:57:07+05:30"
32,47,62,27.37,52.72,1635161257779,"2021-10-25T16:57:37+05:30"
33,47,62,27.38,53.57,1635161288394,"2021-10-25T16:58:08+05:30"
33,47,62,27.36,52.74,1635161318945,"2021-10-25T16:58:38+05:30"
31,46,57,27.36,52.22,1635161349606,"2021-10-25T16:59:09+05:30"
31,46,60,27.35,51.66,1635161380387,"2021-10-25T16:59:40+05:30"
32,46,59,27.33,52.87,1635161410946,"2021-10-25T17:00:10+05:30"
33,48,61,27.33,53.5,1635161441696,"2021-10-25T17:00:41+05:30"
33,47,61,27.32,53.91,1635161472352,"2021-10-25T17:01:12+05:30"
33,48,63,27.33,53.73,1635161503152,"2021-10-25T17:01:43+05:30"
34,49,62,27.31,53.9,1635161533887,"2021-10-25T17:02:13+05:30"
35,50,66,27.34,55.8,1635161564614,"2021-10-25T17:02:44+05:30"
35,50,65,27.31,54.06,1635161595774,"2021-10-25T17:03:15+05:30"
34,48,60,27.29,54.16,1635161626352,"2021-10-25T17:03:46+05:30"
34,50,66,27.28,54.91,1635161656911,"2021-10-25T17:04:16+05:30"
34,50,62,27.27,53.96,1635161687494,"2021-10-25T17:04:47+05:30"
36,51,64,27.29,54.74,1635161718078,"2021-10-25T17:05:18+05:30"
37,52,67,27.29,54.75,1635161748745,"2021-10-25T17:05:48+05:30"
37,52,67,27.28,54.84,1635161779250,"2021-10-25T17:06:19+05:30"
37,52,68,27.26,54.13,1635161809830,"2021-10-25T17:06:49+05:30"
38,53,68,27.27,55.47,1635161840439,"2021-10-25T17:07:20+05:30"
40,57,70,27.25,55.02,1635161872575,"2021-10-25T17:07:52+05:30"
37,52,67,27.26,55.48,1635161903151,"2021-10-25T17:08:23+05:30"
34,49,62,27.26,54.92,1635161933733,"2021-10-25T17:08:53+05:30"
34,51,65,27.27,54.61,1635161964328,"2021-10-25T17:09:24+05:30"
35,50,64,27.3,56.07,1635161994885,"2021-10-25T17:09:54+05:30"
34,49,63,27.29,56.3,1635162025467,"2021-10-25T17:10:25+05:30"
34,50,65,27.3,56.37,1635162056070,"2021-10-25T17:10:56+05:30"
34,50,65,27.3,56.38,1635162086669,"2021-10-25T17:11:26+05:30"
34,50,65,27.3,56.38,1635162088523,"2021-10-25T17:11:28+05:30"
35,50,65,27.29,56.08,1635162117225,"2021-10-25T17:11:57+05:30"
37,52,67,27.31,56.39,1635162147848,"2021-10-25T17:12:27+05:30"
35,51,67,27.31,56.48,1635162178359,"2021-10-25T17:12:58+05:30"
34,50,63,27.28,56.04,1635162208968,"2021-10-25T17:13:28+05:30"
34,49,65,27.28,55.76,1635162239548,"2021-10-25T17:13:59+05:30"
33,48,61,27.26,54.31,1635162270129,"2021-10-25T17:14:30+05:30"
33,47,62,27.27,55.64,1635162300720,"2021-10-25T17:15:00+05:30"
33,48,62,27.26,56.18,1635162331353,"2021-10-25T17:15:31+05:30"
33,48,62,27.26,56.42,1635162361933,"2021-10-25T17:16:01+05:30"
33,49,62,27.23,55.6,1635162392524,"2021-10-25T17:16:32+05:30"
32,48,60,27.22,56.27,1635162423119,"2021-10-25T17:17:03+05:30"
33,48,62,27.22,56.08,1635162453674,"2021-10-25T17:17:33+05:30"
33,48,62,27.22,56.02,1635162484370,"2021-10-25T17:18:04+05:30"
33,48,62,27.22,56.18,1635162514819,"2021-10-25T17:18:34+05:30"
34,48,61,27.25,55.92,1635162545423,"2021-10-25T17:19:05+05:30"
61,88,99,27.25,56.82,1635162576016,"2021-10-25T17:19:36+05:30"
36,54,67,27.26,57.41,1635162606598,"2021-10-25T17:20:06+05:30"
35,50,66,27.22,57.6,1635162637358,"2021-10-25T17:20:37+05:30"
33,49,64,27.19,57.53,1635162667821,"2021-10-25T17:21:07+05:30"
33,49,63,27.15,55.47,1635162698353,"2021-10-25T17:21:38+05:30"
34,51,65,27.15,56.46,1635162729114,"2021-10-25T17:22:09+05:30"
33,49,63,27.16,56.43,1635162755384,"2021-10-25T17:22:35+05:30"
33,48,63,27.14,55.86,1635162785990,"2021-10-25T17:23:05+05:30"
33,49,63,27.14,57.04,1635162816597,"2021-10-25T17:23:36+05:30"
34,50,65,27.13,56.43,1635162847160,"2021-10-25T17:24:07+05:30"
33,49,65,27.13,57.21,1635162877737,"2021-10-25T17:24:37+05:30"
32,48,61,27.12,58.89,1635162908775,"2021-10-25T17:25:08+05:30"
35,50,66,27.1,57.34,1635162939267,"2021-10-25T17:25:39+05:30"
36,52,69,27.08,57.09,1635162969837,"2021-10-25T17:26:09+05:30"
38,54,71,27.06,55.91,1635163000446,"2021-10-25T17:26:40+05:30"
40,56,71,27.04,55.01,1635163031013,"2021-10-25T17:27:11+05:30"
35,50,66,27.07,57.38,1635163061567,"2021-10-25T17:27:41+05:30"
35,51,67,27.07,57.95,1635163092173,"2021-10-25T17:28:12+05:30"
35,51,67,27.02,56.41,1635163122757,"2021-10-25T17:28:42+05:30"
35,50,66,27.01,56.27,1635163153340,"2021-10-25T17:29:13+05:30"
33,50,64,27.02,56.52,1635163183903,"2021-10-25T17:29:43+05:30"
35,50,64,27.02,56.88,1635163214522,"2021-10-25T17:30:14+05:30"
35,50,65,27.01,55.69,1635163245092,"2021-10-25T17:30:45+05:30"
34,49,66,27.01,55.13,1635163275667,"2021-10-25T17:31:15+05:30"
35,49,63,26.99,55.42,1635163306221,"2021-10-25T17:31:46+05:30"
43,57,69,26.97,55.71,1635163336832,"2021-10-25T17:32:16+05:30"
37,52,66,26.95,54.47,1635163367420,"2021-10-25T17:32:47+05:30"
37,52,67,26.95,54.95,1635163397991,"2021-10-25T17:33:17+05:30"
37,53,67,26.96,55.58,1635163428984,"2021-10-25T17:33:48+05:30"
34,51,65,26.98,56.86,1635163459378,"2021-10-25T17:34:19+05:30"
36,52,68,26.99,56.45,1635163489977,"2021-10-25T17:34:49+05:30"
35,52,67,26.98,56.77,1635163520645,"2021-10-25T17:35:20+05:30"
36,51,66,26.98,57.34,1635163551140,"2021-10-25T17:35:51+05:30"
36,51,67,26.95,56.42,1635163581700,"2021-10-25T17:36:21+05:30"
37,54,69,26.93,54.84,1635163612312,"2021-10-25T17:36:52+05:30"
39,54,69,26.94,54.89,1635163642913,"2021-10-25T17:37:22+05:30"
39,55,69,26.94,55.6,1635163675709,"2021-10-25T17:37:55+05:30"
35,50,65,26.92,54.48,1635163705985,"2021-10-25T17:38:25+05:30"
34,49,61,26.9,54.65,1635163736479,"2021-10-25T17:38:56+05:30"
33,50,63,26.91,56.25,1635163767054,"2021-10-25T17:39:27+05:30"
40,57,69,26.89,54.99,1635163797661,"2021-10-25T17:39:57+05:30"
55,79,90,26.9,55.21,1635163828234,"2021-10-25T17:40:28+05:30"
43,64,76,26.9,55.36,1635163858812,"2021-10-25T17:40:58+05:30"
40,54,70,26.87,54.46,1635163889388,"2021-10-25T17:41:29+05:30"
35,52,66,26.84,54.35,1635163919980,"2021-10-25T17:41:59+05:30"
37,53,68,26.83,54.35,1635163950584,"2021-10-25T17:42:30+05:30"
39,56,71,26.84,55.27,1635163981141,"2021-10-25T17:43:01+05:30"
38,54,71,26.87,57.24,1635164011716,"2021-10-25T17:43:31+05:30"
36,51,65,26.87,56.65,1635164042324,"2021-10-25T17:44:02+05:30"
36,51,66,26.84,55.77,1635164072917,"2021-10-25T17:44:32+05:30"
36,52,67,26.83,55.77,1635164103488,"2021-10-25T17:45:03+05:30"
38,54,67,26.81,56.02,1635164134057,"2021-10-25T17:45:34+05:30"
39,53,68,26.82,57.31,1635164164657,"2021-10-25T17:46:04+05:30"
35,51,65,26.83,57.62,1635164195241,"2021-10-25T17:46:35+05:30"
36,51,65,26.83,57.03,1635164225801,"2021-10-25T17:47:05+05:30"
38,52,67,26.8,56.46,1635164256374,"2021-10-25T17:47:36+05:30"
39,55,70,26.77,56.41,1635164286967,"2021-10-25T17:48:06+05:30"
38,53,68,26.78,57.61,1635164317560,"2021-10-25T17:48:37+05:30"
38,54,69,26.77,57.46,1635164348127,"2021-10-25T17:49:08+05:30"
36,53,67,26.79,58.27,1635164378701,"2021-10-25T17:49:38+05:30"
36,52,69,26.79,57.58,1635164409661,"2021-10-25T17:50:09+05:30"
37,52,67,26.8,57.96,1635164440077,"2021-10-25T17:50:40+05:30"
37,54,72,26.82,58.21,1635164470673,"2021-10-25T17:51:10+05:30"
38,54,72,26.82,57.76,1635164501251,"2021-10-25T17:51:41+05:30"
36,53,71,26.83,58.55,1635164531822,"2021-10-25T17:52:11+05:30"
40,58,73,26.81,57.54,1635164562316,"2021-10-25T17:52:42+05:30"
50,70,85,26.74,57.36,1635164593035,"2021-10-25T17:53:13+05:30"
43,61,76,26.7,58.11,1635164623619,"2021-10-25T17:53:43+05:30"
42,61,76,26.66,57.52,1635164654218,"2021-10-25T17:54:14+05:30"
42,60,76,26.67,57.74,1635164684789,"2021-10-25T17:54:44+05:30"
42,61,76,26.67,57.84,1635164715335,"2021-10-25T17:55:15+05:30"
42,60,73,26.64,56.89,1635164745940,"2021-10-25T17:55:45+05:30"
41,57,71,26.61,56.39,1635164776527,"2021-10-25T17:56:16+05:30"
41,56,69,26.6,56.35,1635164807092,"2021-10-25T17:56:47+05:30"
44,61,75,26.6,56.91,1635164837785,"2021-10-25T17:57:17+05:30"
44,63,78,26.59,57.28,1635164868337,"2021-10-25T17:57:48+05:30"
44,63,76,26.57,56.74,1635164898908,"2021-10-25T17:58:18+05:30"
40,58,74,26.54,56.45,1635164929601,"2021-10-25T17:58:49+05:30"
42,57,73,26.54,56.64,1635164960125,"2021-10-25T17:59:20+05:30"
47,68,77,26.56,57.94,1635164990812,"2021-10-25T17:59:50+05:30"
48,69,80,26.61,58.05,1635165021330,"2021-10-25T18:00:21+05:30"
44,65,78,26.63,58.07,1635165051889,"2021-10-25T18:00:51+05:30"
42,62,76,26.61,57.3,1635165082458,"2021-10-25T18:01:22+05:30"
43,60,76,26.6,57.26,1635165113056,"2021-10-25T18:01:53+05:30"
43,63,75,26.61,57.33,1635165143644,"2021-10-25T18:02:23+05:30"
44,62,77,26.6,57.33,1635165174220,"2021-10-25T18:02:54+05:30"
44,61,75,26.6,57.62,1635165204833,"2021-10-25T18:03:24+05:30"
43,62,75,26.59,57.01,1635165235392,"2021-10-25T18:03:55+05:30"
43,62,75,26.55,56.88,1635165266150,"2021-10-25T18:04:26+05:30"
44,60,72,26.52,56.6,1635165296708,"2021-10-25T18:04:56+05:30"
44,63,75,26.53,57.16,1635165327295,"2021-10-25T18:05:27+05:30"
43,61,73,26.49,56.92,1635165357895,"2021-10-25T18:05:57+05:30"
42,60,75,26.45,57.41,1635165388466,"2021-10-25T18:06:28+05:30"
42,59,74,26.47,58.01,1635165419026,"2021-10-25T18:06:59+05:30"
49,72,83,26.51,58.18,1635165449605,"2021-10-25T18:07:29+05:30"
46,65,77,26.49,57.48,1635165479128,"2021-10-25T18:07:59+05:30"
46,67,78,26.45,57.37,1635165509719,"2021-10-25T18:08:29+05:30"
48,68,78,26.5,58.5,1635165540308,"2021-10-25T18:09:00+05:30"
46,65,77,26.55,58.61,1635165571073,"2021-10-25T18:09:31+05:30"
45,64,75,26.53,57.8,1635165601675,"2021-10-25T18:10:01+05:30"
47,64,75,26.48,57.44,1635165632302,"2021-10-25T18:10:32+05:30"
45,64,76,26.49,58.19,1635165663022,"2021-10-25T18:11:03+05:30"
45,66,80,26.54,58.86,1635165693531,"2021-10-25T18:11:33+05:30"
44,63,80,26.56,58.37,1635165724130,"2021-10-25T18:12:04+05:30"
44,63,80,26.56,58.37,1635165725732,"2021-10-25T18:12:05+05:30"
44,63,76,26.52,57.38,1635165754695,"2021-10-25T18:12:34+05:30"
46,67,76,26.5,57.5,1635165785263,"2021-10-25T18:13:05+05:30"
47,67,76,26.47,57.76,1635165815901,"2021-10-25T18:13:35+05:30"
48,69,78,26.46,57.9,1635165846474,"2021-10-25T18:14:06+05:30"
47,67,78,26.46,58.43,1635165877035,"2021-10-25T18:14:37+05:30"
47,65,76,26.44,58.01,1635165907886,"2021-10-25T18:15:07+05:30"
45,63,75,26.42,57.36,1635165938311,"2021-10-25T18:15:38+05:30"
46,64,75,26.41,57.76,1635165968920,"2021-10-25T18:16:08+05:30"
46,68,80,26.47,59.52,1635165999475,"2021-10-25T18:16:39+05:30"
45,64,77,26.55,59.7,1635166030059,"2021-10-25T18:17:10+05:30"
47,67,78,26.57,59.21,1635166060916,"2021-10-25T18:17:40+05:30"
54,78,86,26.52,58.4,1635166091252,"2021-10-25T18:18:11+05:30"
72,102,114,26.5,57.97,1635166121860,"2021-10-25T18:18:41+05:30"
50,71,80,26.52,58.91,1635166152378,"2021-10-25T18:19:12+05:30"
47,67,79,26.51,58.49,1635166182978,"2021-10-25T18:19:42+05:30"
50,71,81,26.46,57.52,1635166213594,"2021-10-25T18:20:13+05:30"
49,70,80,26.43,58.02,1635166244159,"2021-10-25T18:20:44+05:30"
47,67,78,26.44,59.06,1635166274709,"2021-10-25T18:21:14+05:30"
47,66,77,26.43,58.44,1635166306026,"2021-10-25T18:21:46+05:30"
49,69,78,26.4,58.56,1635166336589,"2021-10-25T18:22:16+05:30"
50,72,82,26.39,58.76,1635166377461,"2021-10-25T18:22:57+05:30"
50,70,81,26.35,58.34,1635166407888,"2021-10-25T18:23:27+05:30"
50,70,79,26.33,58.59,1635166438662,"2021-10-25T18:23:58+05:30"
49,70,79,26.3,58.33,1635166469116,"2021-10-25T18:24:29+05:30"
49,69,79,26.28,58.61,1635166499693,"2021-10-25T18:24:59+05:30"
49,70,79,26.3,59.01,1635166530425,"2021-10-25T18:25:30+05:30"
48,68,80,26.36,59.86,1635166551172,"2021-10-25T18:25:51+05:30"
50,73,80,26.32,58.69,1635166581646,"2021-10-25T18:26:21+05:30"
50,70,79,26.34,59.61,1635166612236,"2021-10-25T18:26:52+05:30"
51,72,82,26.39,60.16,1635166642798,"2021-10-25T18:27:22+05:30"
54,77,87,26.39,58.83,1635166673379,"2021-10-25T18:27:53+05:30"
52,73,82,26.35,58.16,1635166703973,"2021-10-25T18:28:23+05:30"
53,74,82,26.35,58.56,1635166734556,"2021-10-25T18:28:54+05:30"
52,72,82,26.33,58.69,1635166765154,"2021-10-25T18:29:25+05:30"
52,74,83,26.36,59.45,1635166795706,"2021-10-25T18:29:55+05:30"
53,75,83,26.29,57.99,1635166826301,"2021-10-25T18:30:26+05:30"
54,77,86,26.3,58.84,1635166856886,"2021-10-25T18:30:56+05:30"
53,76,87,26.29,58.69,1635166887458,"2021-10-25T18:31:27+05:30"
51,73,79,26.27,58.14,1635166918023,"2021-10-25T18:31:58+05:30"
54,74,82,26.27,58.54,1635166948625,"2021-10-25T18:32:28+05:30"
52,75,86,26.25,58.33,1635166979214,"2021-10-25T18:32:59+05:30"
51,72,80,26.27,59.68,1635167009804,"2021-10-25T18:33:29+05:30"
51,70,79,26.38,60.29,1635167040760,"2021-10-25T18:34:00+05:30"
51,76,85,26.38,59.47,1635167071344,"2021-10-25T18:34:31+05:30"
49,71,84,26.43,59.73,1635167101970,"2021-10-25T18:35:01+05:30"
52,75,82,26.39,58.82,1635167132457,"2021-10-25T18:35:32+05:30"
54,75,86,26.42,60.01,1635167163077,"2021-10-25T18:36:03+05:30"
54,76,84,26.41,59.3,1635167193601,"2021-10-25T18:36:33+05:30"
54,72,81,26.4,59.03,1635167224177,"2021-10-25T18:37:04+05:30"
52,72,80,26.36,58.74,1635167257339,"2021-10-25T18:37:37+05:30"
52,72,84,26.4,59.89,1635167287912,"2021-10-25T18:38:07+05:30"
53,72,81,26.42,59.97,1635167318560,"2021-10-25T18:38:38+05:30"
52,75,84,26.46,59.96,1635167349057,"2021-10-25T18:39:09+05:30"
55,77,84,26.4,58.48,1635167379661,"2021-10-25T18:39:39+05:30"
55,76,87,26.38,58.86,1635167410513,"2021-10-25T18:40:10+05:30"
56,81,90,26.31,58.14,1635167441105,"2021-10-25T18:40:41+05:30"
57,81,93,26.3,58.72,1635167471697,"2021-10-25T18:41:11+05:30"
62,91,104,26.29,58.64,1635167502278,"2021-10-25T18:41:42+05:30"
60,86,99,26.31,59.28,1635167532851,"2021-10-25T18:42:12+05:30"
61,86,96,26.34,59.63,1635167563434,"2021-10-25T18:42:43+05:30"
60,86,97,26.34,59.37,1635167594039,"2021-10-25T18:43:14+05:30"
57,81,91,26.38,59.69,1635167624639,"2021-10-25T18:43:44+05:30"
59,88,100,26.36,59.05,1635167655169,"2021-10-25T18:44:15+05:30"
60,85,93,26.37,59.48,1635167685764,"2021-10-25T18:44:45+05:30"
58,85,99,26.4,59.96,1635167716354,"2021-10-25T18:45:16+05:30"
58,84,93,26.44,60.08,1635167746965,"2021-10-25T18:45:46+05:30"
58,85,96,26.49,60.1,1635167777509,"2021-10-25T18:46:17+05:30"
61,87,100,26.54,60.37,1635167808104,"2021-10-25T18:46:48+05:30"
57,83,92,26.59,60.67,1635167838685,"2021-10-25T18:47:18+05:30"
60,87,93,26.58,59.74,1635167869262,"2021-10-25T18:47:49+05:30"
65,93,102,26.5,59.3,1635167899827,"2021-10-25T18:48:19+05:30"
66,95,104,26.44,59.07,1635167930479,"2021-10-25T18:48:50+05:30"
70,102,117,26.4,58.99,1635167961037,"2021-10-25T18:49:21+05:30"
73,105,117,26.35,58.86,1635167991610,"2021-10-25T18:49:51+05:30"
66,97,111,26.4,60.5,1635168022242,"2021-10-25T18:50:22+05:30"
63,92,99,26.49,60.9,1635168052829,"2021-10-25T18:50:52+05:30"
61,86,98,26.51,60.04,1635168083559,"2021-10-25T18:51:23+05:30"
62,89,101,26.51,59.81,1635168113930,"2021-10-25T18:51:53+05:30"
61,89,98,26.49,59.08,1635168144540,"2021-10-25T18:52:24+05:30"
63,88,99,26.45,59.11,1635168177493,"2021-10-25T18:52:57+05:30"
61,88,95,26.48,59.89,1635168208068,"2021-10-25T18:53:28+05:30"
63,90,101,26.45,59.29,1635168238660,"2021-10-25T18:53:58+05:30"
65,92,105,26.38,58.77,1635168269253,"2021-10-25T18:54:29+05:30"
64,92,105,26.31,58.66,1635168300057,"2021-10-25T18:55:00+05:30"
66,95,107,26.29,59.26,1635168330991,"2021-10-25T18:55:30+05:30"
63,92,102,26.31,59.63,1635168351206,"2021-10-25T18:55:51+05:30"
62,90,103,26.44,60.99,1635168381784,"2021-10-25T18:56:21+05:30"
65,94,104,26.39,58.95,1635168412378,"2021-10-25T18:56:52+05:30"
68,95,108,26.38,59.12,1635168443025,"2021-10-25T18:57:23+05:30"
68,95,105,26.42,59.88,1635168473594,"2021-10-25T18:57:53+05:30"
64,91,98,26.48,60.27,1635168504380,"2021-10-25T18:58:24+05:30"
65,92,99,26.5,59.56,1635168535178,"2021-10-25T18:58:55+05:30"
65,94,106,26.47,58.81,1635168565816,"2021-10-25T18:59:25+05:30"
68,98,107,26.44,58.8,1635168596626,"2021-10-25T18:59:56+05:30"
66,95,108,26.48,59.84,1635168627620,"2021-10-25T19:00:27+05:30"
65,94,104,26.52,60.15,1635168658137,"2021-10-25T19:00:58+05:30"
66,94,103,26.55,59.71,1635168688719,"2021-10-25T19:01:28+05:30"
67,98,134,26.4,58.96,1635168746818,"2021-10-25T19:02:26+05:30"
65,91,103,26.37,59,1635168777377,"2021-10-25T19:02:57+05:30"
93,136,163,24.19,65.58,1635178938230,"2021-10-25T21:52:18+05:30"
99,147,169,24.25,66.35,1635178969476,"2021-10-25T21:52:49+05:30"
98,144,164,24.51,66.6,1635178998907,"2021-10-25T21:53:18+05:30"
96,141,161,24.69,65.25,1635179029490,"2021-10-25T21:53:49+05:30"
96,142,162,24.75,63.96,1635179060079,"2021-10-25T21:54:20+05:30"
92,140,165,24.86,64.5,1635179090633,"2021-10-25T21:54:50+05:30"
96,144,165,25.1,64.54,1635179121306,"2021-10-25T21:55:21+05:30"
97,140,157,25.27,63.87,1635179151826,"2021-10-25T21:55:51+05:30"
96,142,160,25.4,63.42,1635179182402,"2021-10-25T21:56:22+05:30"
94,139,156,25.51,63.03,1635179212991,"2021-10-25T21:56:52+05:30"
93,133,150,25.59,62.75,1635179243583,"2021-10-25T21:57:23+05:30"
93,136,158,25.65,62.42,1635179274175,"2021-10-25T21:57:54+05:30"
94,136,152,25.69,62.31,1635179304791,"2021-10-25T21:58:24+05:30"
94,137,153,25.73,62.04,1635179335301,"2021-10-25T21:58:55+05:30"
92,136,155,25.75,62.04,1635179365915,"2021-10-25T21:59:25+05:30"
94,138,150,25.77,61.84,1635179396507,"2021-10-25T21:59:56+05:30"
92,133,148,25.79,61.75,1635179427128,"2021-10-25T22:00:27+05:30"
91,133,154,25.8,61.7,1635179457617,"2021-10-25T22:00:57+05:30"
93,134,152,25.82,61.67,1635179488226,"2021-10-25T22:01:28+05:30"
92,131,150,25.83,61.67,1635179518806,"2021-10-25T22:01:58+05:30"
92,133,156,25.85,61.55,1635179549441,"2021-10-25T22:02:29+05:30"
91,134,154,25.87,61.62,1635179579962,"2021-10-25T22:02:59+05:30"
92,135,155,25.88,61.56,1635179610555,"2021-10-25T22:03:30+05:30"
89,130,142,25.89,61.54,1635179641205,"2021-10-25T22:04:01+05:30"
92,134,155,25.9,61.5,1635179671718,"2021-10-25T22:04:31+05:30"
91,131,151,25.9,61.45,1635179702311,"2021-10-25T22:05:02+05:30"
89,128,142,25.9,61.44,1635179732940,"2021-10-25T22:05:32+05:30"
88,129,149,25.91,61.44,1635179763465,"2021-10-25T22:06:03+05:30"
88,125,139,25.91,61.38,1635179794040,"2021-10-25T22:06:34+05:30"
90,130,146,25.92,61.49,1635179822034,"2021-10-25T22:07:02+05:30"
89,127,141,25.93,61.38,1635179852612,"2021-10-25T22:07:32+05:30"
90,126,142,25.92,61.42,1635179883181,"2021-10-25T22:08:03+05:30"
89,131,147,25.93,61.35,1635179913748,"2021-10-25T22:08:33+05:30"
88,128,145,25.94,61.26,1635179944340,"2021-10-25T22:09:04+05:30"
89,129,149,25.94,61.32,1635179974943,"2021-10-25T22:09:34+05:30"
90,127,147,25.94,61.48,1635180005515,"2021-10-25T22:10:05+05:30"
90,129,145,25.94,61.31,1635180036076,"2021-10-25T22:10:36+05:30"
90,129,148,25.94,61.29,1635180066733,"2021-10-25T22:11:06+05:30"
87,126,140,25.94,61.41,1635180097255,"2021-10-25T22:11:37+05:30"
90,130,146,25.93,61.43,1635180127857,"2021-10-25T22:12:07+05:30"
87,126,144,25.93,61.38,1635180158424,"2021-10-25T22:12:38+05:30"
88,126,138,25.92,61.36,1635180188977,"2021-10-25T22:13:08+05:30"
88,131,147,25.91,61.41,1635180219743,"2021-10-25T22:13:39+05:30"
90,131,147,25.92,61.3,1635180250168,"2021-10-25T22:14:10+05:30"
89,128,138,25.92,61.34,1635180280740,"2021-10-25T22:14:40+05:30"
88,127,149,25.91,61.55,1635180311379,"2021-10-25T22:15:11+05:30"
87,126,143,25.91,61.44,1635180342014,"2021-10-25T22:15:42+05:30"
90,131,148,25.9,61.6,1635180372584,"2021-10-25T22:16:12+05:30"
89,128,144,25.9,61.53,1635180403278,"2021-10-25T22:16:43+05:30"
90,128,143,25.91,61.44,1635180433826,"2021-10-25T22:17:13+05:30"
86,127,142,25.9,61.51,1635180464326,"2021-10-25T22:17:44+05:30"
89,128,144,25.89,61.52,1635180494918,"2021-10-25T22:18:14+05:30"
92,132,145,25.88,61.56,1635180525510,"2021-10-25T22:18:45+05:30"
91,130,150,25.86,61.65,1635180556088,"2021-10-25T22:19:16+05:30"
89,129,145,25.85,61.72,1635180586663,"2021-10-25T22:19:46+05:30"
90,129,144,25.85,61.71,1635180617250,"2021-10-25T22:20:17+05:30"
90,131,141,25.87,61.63,1635180647841,"2021-10-25T22:20:47+05:30"
90,132,149,25.85,61.68,1635180678409,"2021-10-25T22:21:18+05:30"
89,129,146,25.84,61.77,1635180708992,"2021-10-25T22:21:48+05:30"
91,131,148,25.83,61.7,1635180737992,"2021-10-25T22:22:17+05:30"
91,133,149,25.83,61.76,1635180768428,"2021-10-25T22:22:48+05:30"
91,130,146,25.82,61.79,1635180798988,"2021-10-25T22:23:18+05:30"
90,129,143,25.81,61.9,1635180829590,"2021-10-25T22:23:49+05:30"
92,130,145,25.81,61.88,1635180860505,"2021-10-25T22:24:20+05:30"
88,126,144,25.83,61.8,1635180890775,"2021-10-25T22:24:50+05:30"
93,133,152,25.82,61.86,1635180921317,"2021-10-25T22:25:21+05:30"
90,129,143,25.81,61.87,1635180951914,"2021-10-25T22:25:51+05:30"
90,129,145,25.81,61.98,1635180982520,"2021-10-25T22:26:22+05:30"
88,130,146,25.8,61.87,1635181013092,"2021-10-25T22:26:53+05:30"
90,131,147,25.8,61.93,1635181043670,"2021-10-25T22:27:23+05:30"
88,124,140,25.81,61.87,1635181074297,"2021-10-25T22:27:54+05:30"
90,124,140,25.81,61.85,1635181104834,"2021-10-25T22:28:24+05:30"
90,130,144,25.82,61.83,1635181135427,"2021-10-25T22:28:55+05:30"
92,133,148,25.82,61.82,1635181165995,"2021-10-25T22:29:25+05:30"
89,130,144,25.82,61.84,1635181196574,"2021-10-25T22:29:56+05:30"
91,133,145,25.83,61.76,1635181227193,"2021-10-25T22:30:27+05:30"
92,132,145,25.83,61.72,1635181257732,"2021-10-25T22:30:57+05:30"
92,130,147,25.82,61.8,1635181288403,"2021-10-25T22:31:28+05:30"
91,134,151,25.8,61.8,1635181318932,"2021-10-25T22:31:58+05:30"
90,128,142,25.8,61.86,1635181349922,"2021-10-25T22:32:29+05:30"
90,131,146,25.81,61.88,1635181380083,"2021-10-25T22:33:00+05:30"
92,132,148,25.8,61.89,1635181410717,"2021-10-25T22:33:30+05:30"
92,131,149,25.8,61.81,1635181441332,"2021-10-25T22:34:01+05:30"
90,131,148,25.8,61.76,1635181471924,"2021-10-25T22:34:31+05:30"
91,132,145,25.79,61.89,1635181502468,"2021-10-25T22:35:02+05:30"
88,132,147,25.79,61.72,1635181533058,"2021-10-25T22:35:33+05:30"
93,137,154,25.79,61.61,1635181563646,"2021-10-25T22:36:03+05:30"
93,134,146,25.79,61.98,1635181594195,"2021-10-25T22:36:34+05:30"
91,135,150,25.78,61.99,1635181621529,"2021-10-25T22:37:01+05:30"
91,131,145,25.78,61.91,1635181652110,"2021-10-25T22:37:32+05:30"
93,134,151,25.79,61.98,1635181682685,"2021-10-25T22:38:02+05:30"
91,131,153,25.8,61.77,1635181713250,"2021-10-25T22:38:33+05:30"
93,137,152,25.79,61.87,1635181744329,"2021-10-25T22:39:04+05:30"
92,133,149,25.78,61.78,1635181774773,"2021-10-25T22:39:34+05:30"
92,132,148,25.77,61.93,1635181805323,"2021-10-25T22:40:05+05:30"
92,131,144,25.77,62.02,1635181835912,"2021-10-25T22:40:35+05:30"
92,132,144,25.77,61.94,1635181866513,"2021-10-25T22:41:06+05:30"
92,134,148,25.76,62.01,1635181897070,"2021-10-25T22:41:37+05:30"
93,137,150,25.75,62.1,1635181927686,"2021-10-25T22:42:07+05:30"
94,138,151,25.75,61.91,1635181958422,"2021-10-25T22:42:38+05:30"
90,129,145,25.77,61.65,1635181988902,"2021-10-25T22:43:08+05:30"
93,133,146,25.76,61.74,1635182019381,"2021-10-25T22:43:39+05:30"
93,134,149,25.75,61.95,1635182049952,"2021-10-25T22:44:09+05:30"
93,135,149,25.75,61.53,1635182080523,"2021-10-25T22:44:40+05:30"
92,132,148,25.74,61.61,1635182111126,"2021-10-25T22:45:11+05:30"
91,134,152,25.73,61.85,1635182141710,"2021-10-25T22:45:41+05:30"
92,133,149,25.73,61.84,1635182172297,"2021-10-25T22:46:12+05:30"
93,129,145,25.75,61.79,1635182202854,"2021-10-25T22:46:42+05:30"
91,132,148,25.74,61.82,1635182233463,"2021-10-25T22:47:13+05:30"
93,130,147,25.74,61.85,1635182264043,"2021-10-25T22:47:44+05:30"
93,135,150,25.74,61.96,1635182294640,"2021-10-25T22:48:14+05:30"
92,134,151,25.73,61.93,1635182325359,"2021-10-25T22:48:45+05:30"
91,131,142,25.72,61.95,1635182355845,"2021-10-25T22:49:15+05:30"
90,132,148,25.72,62.03,1635182386381,"2021-10-25T22:49:46+05:30"
90,131,143,25.72,61.95,1635182416956,"2021-10-25T22:50:16+05:30"
92,131,144,25.72,61.95,1635182447522,"2021-10-25T22:50:47+05:30"
94,135,154,25.72,61.98,1635182478126,"2021-10-25T22:51:18+05:30"
93,134,157,25.72,61.93,1635182508700,"2021-10-25T22:51:48+05:30"
92,132,147,25.72,61.91,1635182540500,"2021-10-25T22:52:20+05:30"
91,133,149,25.72,62,1635182570608,"2021-10-25T22:52:50+05:30"
92,133,147,25.72,62.15,1635182601155,"2021-10-25T22:53:21+05:30"
88,131,147,25.71,62.1,1635182631766,"2021-10-25T22:53:51+05:30"
93,133,150,25.71,61.99,1635182662363,"2021-10-25T22:54:22+05:30"
92,133,150,25.69,62.05,1635182692919,"2021-10-25T22:54:52+05:30"
90,132,146,25.67,62.09,1635182723514,"2021-10-25T22:55:23+05:30"
93,135,150,25.66,62.15,1635182754087,"2021-10-25T22:55:54+05:30"
92,134,150,25.67,62.14,1635182784711,"2021-10-25T22:56:24+05:30"
93,131,146,25.68,62.06,1635182815245,"2021-10-25T22:56:55+05:30"
92,131,144,25.67,62.06,1635182845808,"2021-10-25T22:57:25+05:30"
92,133,147,25.66,62.05,1635182876409,"2021-10-25T22:57:56+05:30"
91,126,141,25.67,62.03,1635182907010,"2021-10-25T22:58:27+05:30"
90,131,147,25.65,62.11,1635182937567,"2021-10-25T22:58:57+05:30"
91,132,145,25.64,62.23,1635182968144,"2021-10-25T22:59:28+05:30"
92,131,145,25.62,62.18,1635182998736,"2021-10-25T22:59:58+05:30"
94,137,153,25.62,62.28,1635183029330,"2021-10-25T23:00:29+05:30"
93,135,153,25.63,62.17,1635183059908,"2021-10-25T23:00:59+05:30"
91,134,151,25.64,61.98,1635183090491,"2021-10-25T23:01:30+05:30"
92,132,151,25.63,61.96,1635183121084,"2021-10-25T23:02:01+05:30"
90,130,150,25.62,62.12,1635183151686,"2021-10-25T23:02:31+05:30"
91,131,148,25.61,62.06,1635183182444,"2021-10-25T23:03:02+05:30"
91,134,146,25.6,62.16,1635183212838,"2021-10-25T23:03:32+05:30"
93,134,148,25.62,62.14,1635183243403,"2021-10-25T23:04:03+05:30"
90,128,147,25.63,62.06,1635183274003,"2021-10-25T23:04:34+05:30"
91,135,147,25.62,62.11,1635183304569,"2021-10-25T23:05:04+05:30"
92,129,141,25.63,62.11,1635183335224,"2021-10-25T23:05:35+05:30"
91,130,144,25.63,61.98,1635183365735,"2021-10-25T23:06:05+05:30"
91,133,150,25.63,62.04,1635183396329,"2021-10-25T23:06:36+05:30"
92,133,148,25.59,61.94,1635183420887,"2021-10-25T23:07:00+05:30"
90,130,144,25.58,62.12,1635183451450,"2021-10-25T23:07:31+05:30"
90,129,150,25.59,62.16,1635183482189,"2021-10-25T23:08:02+05:30"
90,132,153,25.58,62.14,1635183512693,"2021-10-25T23:08:32+05:30"
90,133,146,25.58,62.19,1635183543193,"2021-10-25T23:09:03+05:30"
90,127,142,25.57,62.06,1635183573759,"2021-10-25T23:09:33+05:30"
89,129,145,25.58,62.07,1635183604370,"2021-10-25T23:10:04+05:30"
91,131,145,25.59,62.07,1635183634972,"2021-10-25T23:10:34+05:30"
92,129,147,25.59,62.12,1635183665505,"2021-10-25T23:11:05+05:30"
88,126,137,25.57,62.14,1635183696068,"2021-10-25T23:11:36+05:30"
91,132,147,25.57,62.13,1635183726635,"2021-10-25T23:12:06+05:30"
91,131,146,25.58,62.35,1635183757229,"2021-10-25T23:12:37+05:30"
89,128,147,25.58,62.28,1635183787833,"2021-10-25T23:13:07+05:30"
91,130,144,25.58,62.15,1635183818417,"2021-10-25T23:13:38+05:30"
91,128,146,25.6,62.01,1635183848976,"2021-10-25T23:14:08+05:30"
92,132,149,25.59,62,1635183879565,"2021-10-25T23:14:39+05:30"
90,132,149,25.57,62.11,1635183910249,"2021-10-25T23:15:10+05:30"
92,132,146,25.55,62.41,1635183940752,"2021-10-25T23:15:40+05:30"
91,131,147,25.54,62.32,1635183971302,"2021-10-25T23:16:11+05:30"
90,133,150,25.54,62.18,1635184001892,"2021-10-25T23:16:41+05:30"
90,129,143,25.55,62.18,1635184032500,"2021-10-25T23:17:12+05:30"
88,127,144,25.56,62.14,1635184063038,"2021-10-25T23:17:43+05:30"
90,128,140,25.57,62.13,1635184093646,"2021-10-25T23:18:13+05:30"
90,128,139,25.56,62.13,1635184124177,"2021-10-25T23:18:44+05:30"
91,128,140,25.58,62.02,1635184154783,"2021-10-25T23:19:14+05:30"
89,133,144,25.58,62.03,1635184185373,"2021-10-25T23:19:45+05:30"
89,128,146,25.57,62.13,1635184215935,"2021-10-25T23:20:15+05:30"
90,133,150,25.57,62.11,1635184246636,"2021-10-25T23:20:46+05:30"
90,127,141,25.56,62.19,1635184277109,"2021-10-25T23:21:17+05:30"
87,125,140,25.54,62.19,1635184307660,"2021-10-25T23:21:47+05:30"
89,128,141,25.53,62.44,1635184341916,"2021-10-25T23:22:21+05:30"
90,130,143,25.53,62.28,1635184372425,"2021-10-25T23:22:52+05:30"
90,129,144,25.52,62.47,1635184403017,"2021-10-25T23:23:23+05:30"
89,129,146,25.52,62.35,1635184433804,"2021-10-25T23:23:53+05:30"
88,126,143,25.52,62.39,1635184464169,"2021-10-25T23:24:24+05:30"
90,126,140,25.54,62.29,1635184494741,"2021-10-25T23:24:54+05:30"
90,129,148,25.55,62.17,1635184525491,"2021-10-25T23:25:25+05:30"
90,128,143,25.54,62.14,1635184555938,"2021-10-25T23:25:55+05:30"
90,128,147,25.53,62.05,1635184586815,"2021-10-25T23:26:26+05:30"
91,130,148,25.52,62.16,1635184607333,"2021-10-25T23:26:47+05:30"
90,132,148,25.52,62.25,1635184638339,"2021-10-25T23:27:18+05:30"
92,132,148,25.52,62.21,1635184668825,"2021-10-25T23:27:48+05:30"
91,131,143,25.51,62.34,1635184699375,"2021-10-25T23:28:19+05:30"
92,132,144,25.52,62.41,1635184730053,"2021-10-25T23:28:50+05:30"
89,128,144,25.52,62.3,1635184760906,"2021-10-25T23:29:20+05:30"
92,134,148,25.51,62.32,1635184791446,"2021-10-25T23:29:51+05:30"
89,126,143,25.48,62.43,1635184822050,"2021-10-25T23:30:22+05:30"
89,129,145,25.48,62.35,1635184852620,"2021-10-25T23:30:52+05:30"
89,132,147,25.48,62.5,1635184883183,"2021-10-25T23:31:23+05:30"
89,129,145,25.49,62.21,1635184913780,"2021-10-25T23:31:53+05:30"
90,131,146,25.49,62.21,1635184944425,"2021-10-25T23:32:24+05:30"
90,132,146,25.47,62.49,1635184975036,"2021-10-25T23:32:55+05:30"
93,134,147,25.48,62.49,1635185005599,"2021-10-25T23:33:25+05:30"
89,130,149,25.49,62.37,1635185036400,"2021-10-25T23:33:56+05:30"
89,131,143,25.47,62.34,1635185067101,"2021-10-25T23:34:27+05:30"
90,131,144,25.48,62.33,1635185097696,"2021-10-25T23:34:57+05:30"
88,129,142,25.48,62.17,1635185128234,"2021-10-25T23:35:28+05:30"
89,130,144,25.47,62.27,1635185158834,"2021-10-25T23:35:58+05:30"
89,129,145,25.48,62.19,1635185189420,"2021-10-25T23:36:29+05:30"
88,129,142,25.47,62.28,1635185221707,"2021-10-25T23:37:01+05:30"
90,126,143,25.44,62.33,1635185252282,"2021-10-25T23:37:32+05:30"
90,129,141,25.43,62.31,1635185282855,"2021-10-25T23:38:02+05:30"
88,130,143,25.43,62.27,1635185313433,"2021-10-25T23:38:33+05:30"
91,131,144,25.44,62.32,1635185344019,"2021-10-25T23:39:04+05:30"
91,132,146,25.43,62.36,1635185374610,"2021-10-25T23:39:34+05:30"
90,132,149,25.43,62.44,1635185405256,"2021-10-25T23:40:05+05:30"
92,130,142,25.43,62.42,1635185435760,"2021-10-25T23:40:35+05:30"
90,131,144,25.43,62.27,1635185466444,"2021-10-25T23:41:06+05:30"
88,131,145,25.44,62.32,1635185496949,"2021-10-25T23:41:36+05:30"
90,132,151,25.46,62.27,1635185527514,"2021-10-25T23:42:07+05:30"
90,129,143,25.46,62.23,1635185558080,"2021-10-25T23:42:38+05:30"
94,134,152,25.44,62.3,1635185588684,"2021-10-25T23:43:08+05:30"
91,132,149,25.44,62.3,1635185619272,"2021-10-25T23:43:39+05:30"
91,134,148,25.43,62.27,1635185649834,"2021-10-25T23:44:09+05:30"
89,133,155,25.44,62.36,1635185680418,"2021-10-25T23:44:40+05:30"
92,138,156,25.45,62.31,1635185711027,"2021-10-25T23:45:11+05:30"
90,134,151,25.43,62.28,1635185741891,"2021-10-25T23:45:41+05:30"
95,138,155,25.43,62.21,1635185772253,"2021-10-25T23:46:12+05:30"
94,133,150,25.42,62.34,1635185802841,"2021-10-25T23:46:42+05:30"
91,134,154,25.42,62.36,1635185833415,"2021-10-25T23:47:13+05:30"
90,129,151,25.43,62.49,1635185864061,"2021-10-25T23:47:44+05:30"
91,134,153,25.42,62.35,1635185894582,"2021-10-25T23:48:14+05:30"
92,138,156,25.4,62.36,1635185925202,"2021-10-25T23:48:45+05:30"
93,139,152,25.4,62.39,1635185955739,"2021-10-25T23:49:15+05:30"
95,137,154,25.38,62.3,1635185986307,"2021-10-25T23:49:46+05:30"
94,140,160,25.38,62.32,1635186016876,"2021-10-25T23:50:16+05:30"
96,143,160,25.36,62.3,1635186047475,"2021-10-25T23:50:47+05:30"
96,141,160,25.36,62.35,1635186078054,"2021-10-25T23:51:18+05:30"
98,144,163,25.36,62.25,1635186108611,"2021-10-25T23:51:48+05:30"
98,145,161,25.35,62.26,1635186141842,"2021-10-25T23:52:21+05:30"
94,144,159,25.36,62.34,1635186172426,"2021-10-25T23:52:52+05:30"
97,144,162,25.37,62.36,1635186203029,"2021-10-25T23:53:23+05:30"
97,143,162,25.36,62.28,1635186233613,"2021-10-25T23:53:53+05:30"
98,144,163,25.35,62.23,1635186264168,"2021-10-25T23:54:24+05:30"
98,145,165,25.32,62.3,1635186294768,"2021-10-25T23:54:54+05:30"
99,148,168,25.31,62.39,1635186325346,"2021-10-25T23:55:25+05:30"
98,145,165,25.33,62.43,1635186355930,"2021-10-25T23:55:55+05:30"
99,144,161,25.35,62.34,1635186386520,"2021-10-25T23:56:26+05:30"
98,147,170,25.36,62.32,1635186417075,"2021-10-25T23:56:57+05:30"
99,148,168,25.35,62.36,1635186447673,"2021-10-25T23:57:27+05:30"
99,150,167,25.35,62.24,1635186478271,"2021-10-25T23:57:58+05:30"
98,150,168,25.34,62.34,1635186508861,"2021-10-25T23:58:28+05:30"
100,149,168,25.34,62.33,1635186539414,"2021-10-25T23:58:59+05:30"
100,146,161,25.35,62.19,1635186570308,"2021-10-25T23:59:30+05:30"