"pm1_0","pm2_5","pm10","temp","humid","createdAt","localtime"
21,29,36,32.71,54.19,1633261179146,"2021-10-03T17:09:39+05:30"
20,29,35,32.76,54.49,1633261209744,"2021-10-03T17:10:09+05:30"
19,27,34,32.76,53.9,1633261240406,"2021-10-03T17:10:40+05:30"
17,24,26,32.79,53.91,1633261270904,"2021-10-03T17:11:10+05:30"
16,23,23,32.78,53.8,1633261301482,"2021-10-03T17:11:41+05:30"
12,17,19,32.69,54.07,1633261332069,"2021-10-03T17:12:12+05:30"
16,28,49,32.83,58.43,1633261362672,"2021-10-03T17:12:42+05:30"
18,29,46,32.91,55.27,1633261393242,"2021-10-03T17:13:13+05:30"
17,26,38,32.97,55.98,1633261423816,"2021-10-03T17:13:43+05:30"
17,25,32,33,54.56,1633261454397,"2021-10-03T17:14:14+05:30"
21,32,40,32.94,52.74,1633261484962,"2021-10-03T17:14:44+05:30"
24,35,46,32.87,52.72,1633261515555,"2021-10-03T17:15:15+05:30"
20,29,37,32.85,53.04,1633261546118,"2021-10-03T17:15:46+05:30"
16,20,23,32.81,52.66,1633261576682,"2021-10-03T17:16:16+05:30"
14,18,19,32.79,53.01,1633261607285,"2021-10-03T17:16:47+05:30"
13,16,20,32.81,53.52,1633261638064,"2021-10-03T17:17:18+05:30"
16,20,23,32.81,52.85,1633261668447,"2021-10-03T17:17:48+05:30"
14,20,27,32.75,52.89,1633261699020,"2021-10-03T17:18:19+05:30"
13,17,20,32.73,53.01,1633261729579,"2021-10-03T17:18:49+05:30"
15,18,20,32.69,53.08,1633261760175,"2021-10-03T17:19:20+05:30"
14,18,22,32.68,53.18,1633261790753,"2021-10-03T17:19:50+05:30"
14,17,22,32.7,53.3,1633261821404,"2021-10-03T17:20:21+05:30"
14,19,24,32.74,53.35,1633261851896,"2021-10-03T17:20:51+05:30"
15,19,22,32.69,53.42,1633261882508,"2021-10-03T17:21:22+05:30"
15,19,23,32.7,53.48,1633261913085,"2021-10-03T17:21:53+05:30"
14,18,23,32.68,53.39,1633261943773,"2021-10-03T17:22:23+05:30"
17,22,27,32.64,53.53,1633261974234,"2021-10-03T17:22:54+05:30"
17,23,28,32.66,53.38,1633262004840,"2021-10-03T17:23:24+05:30"
18,23,27,32.65,53.5,1633262035461,"2021-10-03T17:23:55+05:30"
17,24,26,32.63,53.49,1633262065984,"2021-10-03T17:24:25+05:30"
19,24,28,32.6,53.76,1633262099704,"2021-10-03T17:24:59+05:30"
16,23,29,32.65,53.6,1633262130213,"2021-10-03T17:25:30+05:30"
18,25,32,32.69,53.65,1633262160873,"2021-10-03T17:26:00+05:30"
21,31,44,32.67,53.8,1633262191353,"2021-10-03T17:26:31+05:30"
22,34,44,32.67,53.77,1633262221944,"2021-10-03T17:27:01+05:30"
17,24,28,32.68,53.65,1633262252521,"2021-10-03T17:27:32+05:30"
17,22,23,32.71,53.72,1633262283086,"2021-10-03T17:28:03+05:30"
18,24,27,32.72,53.68,1633262313681,"2021-10-03T17:28:33+05:30"
16,23,25,32.71,53.48,1633262344276,"2021-10-03T17:29:04+05:30"
17,24,28,32.63,53.76,1633262374869,"2021-10-03T17:29:34+05:30"
16,21,23,32.64,53.96,1633262405484,"2021-10-03T17:30:05+05:30"
16,23,25,32.55,54,1633262436149,"2021-10-03T17:30:36+05:30"
15,20,23,32.52,53.98,1633262466820,"2021-10-03T17:31:06+05:30"
13,17,21,32.51,54.08,1633262497647,"2021-10-03T17:31:37+05:30"
15,18,21,32.53,54.21,1633262528099,"2021-10-03T17:32:08+05:30"
15,20,22,32.48,54.12,1633262558814,"2021-10-03T17:32:38+05:30"
14,19,21,32.46,54.19,1633262589548,"2021-10-03T17:33:09+05:30"
16,21,24,32.51,53.92,1633262609529,"2021-10-03T17:33:29+05:30"
17,22,26,32.56,54.05,1633262640143,"2021-10-03T17:34:00+05:30"
21,28,38,32.55,54.37,1633262670708,"2021-10-03T17:34:30+05:30"
20,28,35,32.59,54.17,1633262701275,"2021-10-03T17:35:01+05:30"
16,23,26,32.59,54.15,1633262731839,"2021-10-03T17:35:31+05:30"
17,22,26,32.57,53.85,1633262762452,"2021-10-03T17:36:02+05:30"
16,22,28,32.58,54.17,1633262793029,"2021-10-03T17:36:33+05:30"
16,21,27,32.52,54.22,1633262823609,"2021-10-03T17:37:03+05:30"
15,19,22,32.5,54.17,1633262854173,"2021-10-03T17:37:34+05:30"
16,20,21,32.48,54.39,1633262884777,"2021-10-03T17:38:04+05:30"
14,20,27,32.47,54.27,1633262915363,"2021-10-03T17:38:35+05:30"
16,22,28,32.47,54.46,1633262945933,"2021-10-03T17:39:05+05:30"
15,20,25,32.52,54.37,1633262981158,"2021-10-03T17:39:41+05:30"
17,21,23,32.53,54.6,1633263011564,"2021-10-03T17:40:11+05:30"
16,22,28,32.52,54.49,1633263042214,"2021-10-03T17:40:42+05:30"
16,23,27,32.49,54.68,1633263072723,"2021-10-03T17:41:12+05:30"
15,22,24,32.46,54.6,1633263103280,"2021-10-03T17:41:43+05:30"
16,21,24,32.43,54.69,1633263134085,"2021-10-03T17:42:14+05:30"
16,21,24,32.43,54.86,1633263164557,"2021-10-03T17:42:44+05:30"
15,22,26,32.41,55.07,1633263195044,"2021-10-03T17:43:15+05:30"
18,23,27,32.46,54.99,1633263225611,"2021-10-03T17:43:45+05:30"
17,22,27,32.49,54.86,1633263256182,"2021-10-03T17:44:16+05:30"
17,22,27,32.47,55.05,1633263286773,"2021-10-03T17:44:46+05:30"
18,25,30,32.48,54.91,1633263317354,"2021-10-03T17:45:17+05:30"
16,20,25,32.43,55.1,1633263347920,"2021-10-03T17:45:47+05:30"
19,24,27,32.44,55.37,1633263378542,"2021-10-03T17:46:18+05:30"
23,34,46,32.44,55.53,1633263409093,"2021-10-03T17:46:49+05:30"
21,32,43,32.49,55.36,1633263439685,"2021-10-03T17:47:19+05:30"
19,26,31,32.49,55.02,1633263470265,"2021-10-03T17:47:50+05:30"
19,28,34,32.51,55.16,1633263500819,"2021-10-03T17:48:20+05:30"
21,32,42,32.55,55.11,1633263531432,"2021-10-03T17:48:51+05:30"
23,35,51,32.58,55.15,1633263562012,"2021-10-03T17:49:22+05:30"
20,28,36,32.54,54.83,1633263592757,"2021-10-03T17:49:52+05:30"
18,25,27,32.47,54.99,1633263623154,"2021-10-03T17:50:23+05:30"
19,25,29,32.48,55.06,1633263653745,"2021-10-03T17:50:53+05:30"
20,29,34,32.48,55.17,1633263684340,"2021-10-03T17:51:24+05:30"
21,28,33,32.48,55.1,1633263714924,"2021-10-03T17:51:54+05:30"
21,28,33,32.46,55.27,1633263745551,"2021-10-03T17:52:25+05:30"
20,28,35,32.42,55.46,1633263776070,"2021-10-03T17:52:56+05:30"
20,28,42,32.37,55.39,1633263806663,"2021-10-03T17:53:26+05:30"
22,35,45,32.35,55.62,1633263837217,"2021-10-03T17:53:57+05:30"
21,31,39,32.36,55.67,1633263868304,"2021-10-03T17:54:28+05:30"
19,25,31,32.36,55.59,1633263901870,"2021-10-03T17:55:01+05:30"
21,29,35,32.32,55.82,1633263932426,"2021-10-03T17:55:32+05:30"
20,27,34,32.32,55.5,1633263963112,"2021-10-03T17:56:03+05:30"
22,33,41,32.34,55.95,1633263993735,"2021-10-03T17:56:33+05:30"
23,33,46,32.36,55.64,1633264024223,"2021-10-03T17:57:04+05:30"
20,28,32,32.35,55.64,1633264054814,"2021-10-03T17:57:34+05:30"
19,28,31,32.33,55.83,1633264085416,"2021-10-03T17:58:05+05:30"
21,28,33,32.35,55.64,1633264115984,"2021-10-03T17:58:35+05:30"
21,28,35,32.37,55.66,1633264146613,"2021-10-03T17:59:06+05:30"
21,28,33,32.39,55.76,1633264177371,"2021-10-03T17:59:37+05:30"
21,30,36,32.36,55.8,1633264207769,"2021-10-03T18:00:07+05:30"
18,25,29,32.32,55.67,1633264238342,"2021-10-03T18:00:38+05:30"
19,27,31,32.31,55.81,1633264268941,"2021-10-03T18:01:08+05:30"
18,24,27,32.28,55.67,1633264299534,"2021-10-03T18:01:39+05:30"
20,27,33,32.27,55.58,1633264330164,"2021-10-03T18:02:10+05:30"
20,26,30,32.27,55.75,1633264360690,"2021-10-03T18:02:40+05:30"
20,26,30,32.24,55.87,1633264391264,"2021-10-03T18:03:11+05:30"
20,27,36,32.28,55.89,1633264421907,"2021-10-03T18:03:41+05:30"
20,25,34,32.32,55.86,1633264452457,"2021-10-03T18:04:12+05:30"
20,30,36,32.33,55.86,1633264482991,"2021-10-03T18:04:42+05:30"
21,31,40,32.37,55.72,1633264513591,"2021-10-03T18:05:13+05:30"
21,29,35,32.38,55.61,1633264544193,"2021-10-03T18:05:44+05:30"
21,31,40,32.37,55.89,1633264574913,"2021-10-03T18:06:14+05:30"
22,33,43,32.39,55.81,1633264605328,"2021-10-03T18:06:45+05:30"
21,29,36,32.44,55.65,1633264635926,"2021-10-03T18:07:15+05:30"
21,32,40,32.47,55.55,1633264666550,"2021-10-03T18:07:46+05:30"
22,33,46,32.49,55.88,1633264697150,"2021-10-03T18:08:17+05:30"
23,35,43,32.52,55.95,1633264727717,"2021-10-03T18:08:47+05:30"
26,38,52,32.52,55.98,1633264758294,"2021-10-03T18:09:18+05:30"
24,36,47,32.51,55.45,1633264783722,"2021-10-03T18:09:43+05:30"
22,32,42,32.5,55.64,1633264813964,"2021-10-03T18:10:13+05:30"
22,33,41,32.5,55.51,1633264844396,"2021-10-03T18:10:44+05:30"
23,33,43,32.45,55.46,1633264874983,"2021-10-03T18:11:14+05:30"
23,33,42,32.47,55.47,1633264905554,"2021-10-03T18:11:45+05:30"
22,31,38,32.44,55.51,1633264936126,"2021-10-03T18:12:16+05:30"
22,32,38,32.39,55.58,1633264966732,"2021-10-03T18:12:46+05:30"
22,31,40,32.38,55.63,1633264997314,"2021-10-03T18:13:17+05:30"
22,32,40,32.38,55.78,1633265027896,"2021-10-03T18:13:47+05:30"
23,31,38,32.35,55.66,1633265058460,"2021-10-03T18:14:18+05:30"
21,30,40,32.32,55.63,1633265089070,"2021-10-03T18:14:49+05:30"
22,31,37,32.33,55.69,1633265119662,"2021-10-03T18:15:19+05:30"
22,30,37,32.35,55.85,1633265150220,"2021-10-03T18:15:50+05:30"
21,30,36,32.35,55.59,1633265180784,"2021-10-03T18:16:20+05:30"
21,29,32,32.32,55.35,1633265211380,"2021-10-03T18:16:51+05:30"
21,27,32,32.3,55.58,1633265242045,"2021-10-03T18:17:22+05:30"
21,30,34,32.33,55.79,1633265272567,"2021-10-03T18:17:52+05:30"
20,29,37,32.38,55.7,1633265303117,"2021-10-03T18:18:23+05:30"
21,29,36,32.39,55.59,1633265333682,"2021-10-03T18:18:53+05:30"
19,28,35,32.39,55.49,1633265364276,"2021-10-03T18:19:24+05:30"
19,28,33,32.34,55.56,1633265395072,"2021-10-03T18:19:55+05:30"
21,30,39,32.34,55.54,1633265425525,"2021-10-03T18:20:25+05:30"
21,31,42,32.36,55.59,1633265456204,"2021-10-03T18:20:56+05:30"
22,31,38,32.42,55.53,1633265486670,"2021-10-03T18:21:26+05:30"
21,31,40,32.44,55.49,1633265517273,"2021-10-03T18:21:57+05:30"
22,31,37,32.37,55.43,1633265547864,"2021-10-03T18:22:27+05:30"
20,30,36,32.34,55.62,1633265578437,"2021-10-03T18:22:58+05:30"
21,30,35,32.34,55.59,1633265609002,"2021-10-03T18:23:29+05:30"
21,30,37,32.3,55.8,1633265639599,"2021-10-03T18:23:59+05:30"
21,30,39,32.3,55.83,1633265670189,"2021-10-03T18:24:30+05:30"
22,31,36,32.35,55.89,1633265693623,"2021-10-03T18:24:53+05:30"
22,33,46,32.39,55.91,1633265724246,"2021-10-03T18:25:24+05:30"
22,32,44,32.4,55.82,1633265754755,"2021-10-03T18:25:54+05:30"
23,35,48,32.42,56.09,1633265785341,"2021-10-03T18:26:25+05:30"
24,37,49,32.46,55.86,1633265815944,"2021-10-03T18:26:55+05:30"
23,34,46,32.48,55.9,1633265846481,"2021-10-03T18:27:26+05:30"
23,36,48,32.51,55.68,1633265877086,"2021-10-03T18:27:57+05:30"
24,36,45,32.53,55.85,1633265907658,"2021-10-03T18:28:27+05:30"
27,40,55,32.55,55.93,1633265938242,"2021-10-03T18:28:58+05:30"
29,45,61,32.56,56.09,1633265969100,"2021-10-03T18:29:29+05:30"
30,46,64,32.58,55.88,1633265999669,"2021-10-03T18:29:59+05:30"
32,48,65,32.61,55.71,1633266030260,"2021-10-03T18:30:30+05:30"
34,50,67,32.64,55.76,1633266061155,"2021-10-03T18:31:01+05:30"
34,50,68,32.65,56.13,1633266091392,"2021-10-03T18:31:31+05:30"
35,54,72,32.65,56.01,1633266122152,"2021-10-03T18:32:02+05:30"
39,60,77,32.63,56.13,1633266152592,"2021-10-03T18:32:32+05:30"
51,80,103,32.63,56.08,1633266183329,"2021-10-03T18:33:03+05:30"
42,65,80,32.65,55.75,1633266214083,"2021-10-03T18:33:34+05:30"
35,53,72,32.6,56.01,1633266244842,"2021-10-03T18:34:04+05:30"
33,50,68,32.59,56.41,1633266275521,"2021-10-03T18:34:35+05:30"
32,49,66,32.6,56.06,1633266306087,"2021-10-03T18:35:06+05:30"
29,44,60,32.58,55.82,1633266336854,"2021-10-03T18:35:36+05:30"
28,42,60,32.55,56,1633266367832,"2021-10-03T18:36:07+05:30"
29,44,60,32.54,55.96,1633266398474,"2021-10-03T18:36:38+05:30"
27,41,53,32.5,55.61,1633266429263,"2021-10-03T18:37:09+05:30"
28,44,58,32.48,56.19,1633266459852,"2021-10-03T18:37:39+05:30"
29,43,58,32.53,56.09,1633266492199,"2021-10-03T18:38:12+05:30"
27,40,52,32.51,55.43,1633266521409,"2021-10-03T18:38:41+05:30"
26,38,52,32.5,55.63,1633266551990,"2021-10-03T18:39:11+05:30"
27,39,50,32.48,55.68,1633266584989,"2021-10-03T18:39:44+05:30"
25,38,48,32.46,55.42,1633266615578,"2021-10-03T18:40:15+05:30"
24,36,48,32.41,55.63,1633266646157,"2021-10-03T18:40:46+05:30"
30,45,60,32.42,56.29,1633266676721,"2021-10-03T18:41:16+05:30"
29,43,57,32.44,56.02,1633266707313,"2021-10-03T18:41:47+05:30"
27,42,56,32.47,55.81,1633266737906,"2021-10-03T18:42:17+05:30"
27,42,55,32.48,55.51,1633266768481,"2021-10-03T18:42:48+05:30"
27,40,51,32.45,55.41,1633266799048,"2021-10-03T18:43:19+05:30"
27,41,51,32.43,55.5,1633266829680,"2021-10-03T18:43:49+05:30"
27,39,50,32.38,55.56,1633266860240,"2021-10-03T18:44:20+05:30"
25,38,48,32.34,55.56,1633266890823,"2021-10-03T18:44:50+05:30"
27,39,48,32.33,55.62,1633266921382,"2021-10-03T18:45:21+05:30"
30,43,56,32.36,55.85,1633266952000,"2021-10-03T18:45:52+05:30"
29,42,58,32.42,55.84,1633266982568,"2021-10-03T18:46:22+05:30"
28,41,50,32.42,55.56,1633267013134,"2021-10-03T18:46:53+05:30"
26,37,46,32.4,55.56,1633267043706,"2021-10-03T18:47:23+05:30"
26,38,46,32.35,55.65,1633267074474,"2021-10-03T18:47:54+05:30"
26,37,47,32.31,55.74,1633267104906,"2021-10-03T18:48:24+05:30"
29,43,54,32.33,55.77,1633267135482,"2021-10-03T18:48:55+05:30"
28,43,56,32.36,55.8,1633267166042,"2021-10-03T18:49:26+05:30"
28,40,53,32.35,55.83,1633267196728,"2021-10-03T18:49:56+05:30"
26,38,49,32.32,55.71,1633267227271,"2021-10-03T18:50:27+05:30"
27,40,52,32.31,55.92,1633267257870,"2021-10-03T18:50:57+05:30"
28,40,52,32.31,55.95,1633267288500,"2021-10-03T18:51:28+05:30"
26,39,48,32.33,55.89,1633267319133,"2021-10-03T18:51:59+05:30"
27,41,53,32.35,56.17,1633267349688,"2021-10-03T18:52:29+05:30"
29,42,54,32.36,56.54,1633267380266,"2021-10-03T18:53:00+05:30"
29,44,55,32.35,56.11,1633267410833,"2021-10-03T18:53:30+05:30"
28,41,55,32.35,55.94,1633267441420,"2021-10-03T18:54:01+05:30"
29,43,58,32.37,55.74,1633267471980,"2021-10-03T18:54:31+05:30"
29,43,56,32.38,55.87,1633267505777,"2021-10-03T18:55:05+05:30"
29,42,54,32.37,55.66,1633267536353,"2021-10-03T18:55:36+05:30"
31,45,59,32.34,56,1633267566916,"2021-10-03T18:56:06+05:30"
37,53,67,32.29,56.13,1633267597509,"2021-10-03T18:56:37+05:30"
37,54,68,32.27,56.08,1633267628266,"2021-10-03T18:57:08+05:30"
32,46,62,32.28,56.31,1633267658687,"2021-10-03T18:57:38+05:30"
34,50,65,32.27,57.16,1633267689234,"2021-10-03T18:58:09+05:30"
34,48,64,32.28,56.77,1633267719980,"2021-10-03T18:58:39+05:30"
32,47,63,32.28,56.44,1633267750441,"2021-10-03T18:59:10+05:30"
31,45,57,32.27,56.27,1633267781013,"2021-10-03T18:59:41+05:30"
31,46,61,32.3,56.4,1633267811584,"2021-10-03T19:00:11+05:30"
32,48,65,32.31,56.76,1633267842174,"2021-10-03T19:00:42+05:30"
32,46,64,32.34,56.41,1633267872776,"2021-10-03T19:01:12+05:30"
30,44,56,32.28,56.16,1633267903337,"2021-10-03T19:01:43+05:30"
31,46,60,32.31,56.35,1633267933902,"2021-10-03T19:02:13+05:30"
32,47,62,32.34,56.54,1633267964567,"2021-10-03T19:02:44+05:30"
31,46,63,32.34,56.72,1633267995214,"2021-10-03T19:03:15+05:30"
30,44,58,32.3,56.75,1633268026012,"2021-10-03T19:03:46+05:30"
30,44,59,32.29,56.51,1633268056381,"2021-10-03T19:04:16+05:30"
29,44,59,32.26,56.3,1633268086916,"2021-10-03T19:04:46+05:30"
30,45,59,32.24,56.43,1633268117514,"2021-10-03T19:05:17+05:30"
32,47,62,32.2,56.4,1633268148110,"2021-10-03T19:05:48+05:30"
35,50,66,32.2,56.55,1633268178704,"2021-10-03T19:06:18+05:30"
32,46,62,32.19,56.58,1633268209246,"2021-10-03T19:06:49+05:30"
32,48,64,32.21,56.61,1633268239844,"2021-10-03T19:07:19+05:30"
31,46,61,32.23,56.65,1633268270440,"2021-10-03T19:07:50+05:30"
31,46,63,32.26,56.62,1633268301014,"2021-10-03T19:08:21+05:30"
32,47,62,32.24,56.41,1633268331573,"2021-10-03T19:08:51+05:30"
34,50,63,32.2,56.49,1633268362205,"2021-10-03T19:09:22+05:30"
43,59,74,32.19,57.08,1633268390155,"2021-10-03T19:09:50+05:30"
40,57,73,32.24,57.06,1633268420247,"2021-10-03T19:10:20+05:30"
35,52,70,32.28,57.02,1633268451173,"2021-10-03T19:10:51+05:30"
32,47,63,32.26,57.09,1633268481947,"2021-10-03T19:11:21+05:30"
32,47,66,32.24,57.27,1633268512533,"2021-10-03T19:11:52+05:30"
31,46,64,32.19,57.18,1633268543105,"2021-10-03T19:12:23+05:30"
29,43,58,32.16,57.19,1633268573671,"2021-10-03T19:12:53+05:30"
30,44,59,32.18,57.07,1633268604247,"2021-10-03T19:13:24+05:30"
29,43,55,32.18,56.49,1633268634838,"2021-10-03T19:13:54+05:30"
29,42,54,32.17,56.52,1633268665427,"2021-10-03T19:14:25+05:30"
30,45,58,32.16,56.77,1633268696000,"2021-10-03T19:14:56+05:30"
31,45,63,32.19,57.04,1633268726562,"2021-10-03T19:15:26+05:30"
31,45,62,32.21,56.74,1633268757171,"2021-10-03T19:15:57+05:30"
42,59,80,32.22,57.05,1633268787760,"2021-10-03T19:16:27+05:30"
34,51,70,32.23,56.62,1633268818330,"2021-10-03T19:16:58+05:30"
29,42,53,32.18,56.43,1633268849005,"2021-10-03T19:17:29+05:30"
29,42,51,32.17,56.42,1633268879499,"2021-10-03T19:17:59+05:30"
31,45,57,32.16,56.77,1633268910090,"2021-10-03T19:18:30+05:30"
31,46,60,32.2,56.71,1633268940671,"2021-10-03T19:19:00+05:30"
31,45,59,32.19,56.6,1633268971230,"2021-10-03T19:19:31+05:30"
31,45,57,32.14,56.63,1633269001835,"2021-10-03T19:20:01+05:30"
29,43,54,32.12,56.61,1633269032422,"2021-10-03T19:20:32+05:30"
30,44,57,32.09,56.67,1633269063028,"2021-10-03T19:21:03+05:30"
31,46,62,32.11,56.83,1633269093560,"2021-10-03T19:21:33+05:30"
34,50,64,32.13,56.95,1633269124340,"2021-10-03T19:22:04+05:30"
31,45,60,32.13,56.85,1633269154753,"2021-10-03T19:22:34+05:30"
30,44,59,32.13,56.73,1633269185324,"2021-10-03T19:23:05+05:30"
30,44,60,32.16,56.9,1633269215960,"2021-10-03T19:23:35+05:30"
35,51,67,32.15,57.01,1633269246526,"2021-10-03T19:24:06+05:30"
35,51,67,32.2,56.78,1633269277077,"2021-10-03T19:24:37+05:30"
33,49,70,32.27,56.8,1633269308075,"2021-10-03T19:25:08+05:30"
31,45,61,32.27,56.57,1633269338475,"2021-10-03T19:25:38+05:30"
31,45,59,32.23,56.43,1633269369143,"2021-10-03T19:26:09+05:30"
30,44,57,32.15,56.41,1633269399704,"2021-10-03T19:26:39+05:30"
30,43,54,32.09,56.55,1633269430349,"2021-10-03T19:27:10+05:30"
30,45,59,32.08,56.7,1633269461158,"2021-10-03T19:27:41+05:30"
30,44,56,32.09,56.8,1633269491818,"2021-10-03T19:28:11+05:30"
31,46,62,32.1,56.84,1633269522370,"2021-10-03T19:28:42+05:30"
33,48,63,32.11,57.22,1633269552955,"2021-10-03T19:29:12+05:30"
40,56,71,32.12,57.21,1633269583599,"2021-10-03T19:29:43+05:30"
31,45,58,32.1,56.8,1633269614093,"2021-10-03T19:30:14+05:30"
32,46,61,32.08,56.96,1633269644698,"2021-10-03T19:30:44+05:30"
31,45,58,32.1,56.92,1633269675287,"2021-10-03T19:31:15+05:30"
30,45,58,32.08,56.83,1633269705949,"2021-10-03T19:31:45+05:30"
31,45,58,32.09,56.9,1633269736423,"2021-10-03T19:32:16+05:30"
30,42,54,32.07,56.96,1633269767028,"2021-10-03T19:32:47+05:30"
31,45,60,32.06,56.98,1633269797917,"2021-10-03T19:33:17+05:30"
32,48,63,32.06,57.35,1633269828299,"2021-10-03T19:33:48+05:30"
32,48,63,32.06,57.39,1633269858875,"2021-10-03T19:34:18+05:30"
33,50,66,32.05,57.21,1633269889761,"2021-10-03T19:34:49+05:30"
35,52,70,32.05,57.57,1633269920043,"2021-10-03T19:35:20+05:30"
35,52,70,32,58.04,1633269950683,"2021-10-03T19:35:50+05:30"
35,52,69,31.96,58.07,1633269981193,"2021-10-03T19:36:21+05:30"
36,54,72,31.98,57.99,1633270011763,"2021-10-03T19:36:51+05:30"
39,57,74,31.98,58,1633270042620,"2021-10-03T19:37:22+05:30"
42,62,76,31.92,58.09,1633270073016,"2021-10-03T19:37:53+05:30"
49,69,82,31.86,58.12,1633270103532,"2021-10-03T19:38:23+05:30"
46,69,82,31.89,58.29,1633270134513,"2021-10-03T19:38:54+05:30"
50,75,91,31.89,58.31,1633270164905,"2021-10-03T19:39:24+05:30"
55,82,99,31.9,58.51,1633270194593,"2021-10-03T19:39:54+05:30"
51,74,87,31.96,58.15,1633270225461,"2021-10-03T19:40:25+05:30"
49,71,86,31.93,58.26,1633270256035,"2021-10-03T19:40:56+05:30"
49,72,82,31.89,58.48,1633270286816,"2021-10-03T19:41:26+05:30"
49,73,86,31.89,58.54,1633270317432,"2021-10-03T19:41:57+05:30"
53,78,89,31.9,58.22,1633270348004,"2021-10-03T19:42:28+05:30"
50,72,85,31.97,58.23,1633270378614,"2021-10-03T19:42:58+05:30"
54,80,93,31.98,58,1633270409587,"2021-10-03T19:43:29+05:30"
54,80,93,31.99,58.01,1633270440503,"2021-10-03T19:44:00+05:30"
51,77,88,31.99,57.93,1633270471073,"2021-10-03T19:44:31+05:30"
50,73,83,31.95,57.96,1633270501682,"2021-10-03T19:45:01+05:30"
52,75,86,31.93,57.98,1633270532224,"2021-10-03T19:45:32+05:30"
55,79,89,31.9,58.15,1633270562808,"2021-10-03T19:46:02+05:30"
52,78,91,31.89,58.2,1633270593412,"2021-10-03T19:46:33+05:30"
50,74,85,31.88,58.22,1633270623982,"2021-10-03T19:47:03+05:30"
51,72,82,31.89,58.21,1633270654541,"2021-10-03T19:47:34+05:30"
50,73,84,31.9,58.23,1633270685139,"2021-10-03T19:48:05+05:30"
48,72,82,31.93,58.19,1633270715732,"2021-10-03T19:48:35+05:30"
51,75,86,31.91,58.19,1633270746317,"2021-10-03T19:49:06+05:30"
53,78,91,31.88,58.43,1633270776875,"2021-10-03T19:49:36+05:30"
56,83,95,31.86,58.43,1633270807511,"2021-10-03T19:50:07+05:30"
58,87,98,31.83,58.52,1633270838063,"2021-10-03T19:50:38+05:30"
58,83,94,31.8,58.65,1633270868633,"2021-10-03T19:51:08+05:30"
55,81,92,31.79,58.65,1633270899300,"2021-10-03T19:51:39+05:30"
53,80,95,31.82,58.64,1633270929861,"2021-10-03T19:52:09+05:30"
57,84,97,31.82,58.73,1633270960450,"2021-10-03T19:52:40+05:30"
57,85,98,31.83,58.82,1633270991036,"2021-10-03T19:53:11+05:30"
56,86,102,31.85,58.83,1633271021661,"2021-10-03T19:53:41+05:30"
55,82,93,31.84,58.58,1633271052216,"2021-10-03T19:54:12+05:30"
54,80,94,31.83,58.74,1633271087071,"2021-10-03T19:54:47+05:30"
54,81,95,31.82,58.76,1633271117626,"2021-10-03T19:55:17+05:30"
55,81,94,31.87,58.59,1633271148224,"2021-10-03T19:55:48+05:30"
57,82,93,31.91,58.49,1633271178785,"2021-10-03T19:56:18+05:30"
57,85,96,31.87,58.83,1633271209375,"2021-10-03T19:56:49+05:30"
53,80,91,31.88,59.06,1633271239950,"2021-10-03T19:57:19+05:30"
55,80,96,31.94,58.9,1633271270556,"2021-10-03T19:57:50+05:30"
58,87,104,32.01,58.58,1633271301462,"2021-10-03T19:58:21+05:30"
57,88,106,32,58.39,1633271332084,"2021-10-03T19:58:52+05:30"
60,88,105,31.99,58.42,1633271362651,"2021-10-03T19:59:22+05:30"
58,89,105,32.02,58.32,1633271393229,"2021-10-03T19:59:53+05:30"
64,97,112,32.01,58.36,1633271423885,"2021-10-03T20:00:23+05:30"
66,98,114,31.98,58.64,1633271454425,"2021-10-03T20:00:54+05:30"
66,98,113,31.97,58.56,1633271485006,"2021-10-03T20:01:25+05:30"
64,96,112,32.01,58.28,1633271515597,"2021-10-03T20:01:55+05:30"
70,103,122,32.03,58.78,1633271546198,"2021-10-03T20:02:26+05:30"
68,102,115,32.06,58.34,1633271576813,"2021-10-03T20:02:56+05:30"
66,96,106,32.01,58.38,1633271607376,"2021-10-03T20:03:27+05:30"
61,88,100,31.99,58.23,1633271637975,"2021-10-03T20:03:57+05:30"
57,86,98,31.97,58.31,1633271668581,"2021-10-03T20:04:28+05:30"
59,87,98,31.95,58.32,1633271699346,"2021-10-03T20:04:59+05:30"
56,79,91,31.92,58.43,1633271729834,"2021-10-03T20:05:29+05:30"
55,81,93,31.91,58.44,1633271760607,"2021-10-03T20:06:00+05:30"
56,81,91,31.91,58.57,1633271790987,"2021-10-03T20:06:30+05:30"
57,81,92,31.91,58.75,1633271821595,"2021-10-03T20:07:01+05:30"
56,82,93,31.92,58.58,1633271852160,"2021-10-03T20:07:32+05:30"
52,79,91,31.88,58.69,1633271882759,"2021-10-03T20:08:02+05:30"
52,75,87,31.87,58.72,1633271913309,"2021-10-03T20:08:33+05:30"
50,71,80,31.88,58.69,1633271943898,"2021-10-03T20:09:03+05:30"
48,71,80,31.89,58.73,1633271974494,"2021-10-03T20:09:34+05:30"
51,73,85,31.9,58.76,1633272008498,"2021-10-03T20:10:08+05:30"
49,71,80,31.89,58.71,1633272038572,"2021-10-03T20:10:38+05:30"
48,70,79,31.9,58.76,1633272069242,"2021-10-03T20:11:09+05:30"
59,83,93,31.93,58.8,1633272099804,"2021-10-03T20:11:39+05:30"
61,86,96,31.97,58.74,1633272130417,"2021-10-03T20:12:10+05:30"
50,70,82,31.96,58.59,1633272160923,"2021-10-03T20:12:40+05:30"
43,63,77,31.97,58.53,1633272191516,"2021-10-03T20:13:11+05:30"
45,66,76,31.99,58.7,1633272222106,"2021-10-03T20:13:42+05:30"
54,79,92,32,59.17,1633272252678,"2021-10-03T20:14:12+05:30"
50,71,83,32.07,58.7,1633272283242,"2021-10-03T20:14:43+05:30"
43,61,76,32.08,58.41,1633272313905,"2021-10-03T20:15:13+05:30"
40,58,74,32.09,58.3,1633272344435,"2021-10-03T20:15:44+05:30"
40,58,73,32.08,58.34,1633272374999,"2021-10-03T20:16:14+05:30"
39,58,72,32.08,58.44,1633272405587,"2021-10-03T20:16:45+05:30"
38,55,72,32.09,58.35,1633272436179,"2021-10-03T20:17:16+05:30"
38,55,70,32.1,58.32,1633272466761,"2021-10-03T20:17:46+05:30"
40,55,71,32.12,58.47,1633272497411,"2021-10-03T20:18:17+05:30"
39,55,71,32.13,58.27,1633272527999,"2021-10-03T20:18:47+05:30"
38,58,75,32.16,58.65,1633272558558,"2021-10-03T20:19:18+05:30"
38,56,74,32.16,58.42,1633272589313,"2021-10-03T20:19:49+05:30"
37,54,71,32.12,58.33,1633272619708,"2021-10-03T20:20:19+05:30"
37,53,70,32.08,58.41,1633272650281,"2021-10-03T20:20:50+05:30"
36,52,68,32.08,58.48,1633272680953,"2021-10-03T20:21:20+05:30"
37,54,71,32.17,58.43,1633272711447,"2021-10-03T20:21:51+05:30"
36,52,69,32.2,58.46,1633272742001,"2021-10-03T20:22:22+05:30"
35,51,68,32.17,57.97,1633272772709,"2021-10-03T20:22:52+05:30"
37,55,72,32.12,58.39,1633272803240,"2021-10-03T20:23:23+05:30"
36,53,70,32.15,58.16,1633272833776,"2021-10-03T20:23:53+05:30"
35,53,69,32.16,58.27,1633272864341,"2021-10-03T20:24:24+05:30"
35,53,69,32.16,58.34,1633272892080,"2021-10-03T20:24:52+05:30"
35,51,66,32.14,58.3,1633272922225,"2021-10-03T20:25:22+05:30"
35,52,66,32.12,58.36,1633272952798,"2021-10-03T20:25:52+05:30"
46,64,75,32.13,58.47,1633272983368,"2021-10-03T20:26:23+05:30"
39,57,74,32.12,58.38,1633273014283,"2021-10-03T20:26:54+05:30"
41,66,99,32.1,58.83,1633273045154,"2021-10-03T20:27:25+05:30"
38,60,81,32.09,59.33,1633273075554,"2021-10-03T20:27:55+05:30"
36,53,73,32.11,58.9,1633273106707,"2021-10-03T20:28:26+05:30"
35,52,71,32.13,58.69,1633273136756,"2021-10-03T20:28:56+05:30"
34,49,67,32.08,58.62,1633273167359,"2021-10-03T20:29:27+05:30"
35,51,68,32.07,58.75,1633273197937,"2021-10-03T20:29:57+05:30"
34,51,70,32.09,58.94,1633273242435,"2021-10-03T20:30:42+05:30"
34,50,68,32.15,58.85,1633273259776,"2021-10-03T20:30:59+05:30"
34,50,67,32.17,58.68,1633273290336,"2021-10-03T20:31:30+05:30"
33,49,63,32.18,58.58,1633273320924,"2021-10-03T20:32:00+05:30"
34,50,66,32.2,58.71,1633273351653,"2021-10-03T20:32:31+05:30"
33,49,64,32.22,58.76,1633273382207,"2021-10-03T20:33:02+05:30"
33,49,66,32.22,58.83,1633273412752,"2021-10-03T20:33:32+05:30"
33,49,64,32.2,58.5,1633273443400,"2021-10-03T20:34:03+05:30"
33,49,64,32.17,58.62,1633273473990,"2021-10-03T20:34:33+05:30"
34,50,69,32.18,58.93,1633273504560,"2021-10-03T20:35:04+05:30"
34,51,69,32.19,59.24,1633273535147,"2021-10-03T20:35:35+05:30"
35,51,66,32.2,58.97,1633273565700,"2021-10-03T20:36:05+05:30"
35,50,68,32.2,59.54,1633273596304,"2021-10-03T20:36:36+05:30"
34,50,67,32.17,59.62,1633273626875,"2021-10-03T20:37:06+05:30"
34,50,66,32.11,59.64,1633273657460,"2021-10-03T20:37:37+05:30"
33,48,65,32.06,59.56,1633273688045,"2021-10-03T20:38:08+05:30"
34,51,68,32.06,59.79,1633273718625,"2021-10-03T20:38:38+05:30"
35,53,70,32.08,59.81,1633273749522,"2021-10-03T20:39:09+05:30"
33,49,68,32.03,59.92,1633273779791,"2021-10-03T20:39:39+05:30"
32,48,64,31.96,59.77,1633273810271,"2021-10-03T20:40:10+05:30"
32,48,61,31.88,59.85,1633273840852,"2021-10-03T20:40:40+05:30"
32,47,61,31.85,60.05,1633273871464,"2021-10-03T20:41:11+05:30"
33,47,61,31.88,60.06,1633273902116,"2021-10-03T20:41:42+05:30"
33,48,64,31.9,60.35,1633273932687,"2021-10-03T20:42:12+05:30"
33,49,65,31.97,60.17,1633273963277,"2021-10-03T20:42:43+05:30"
33,49,67,32,60.11,1633273993858,"2021-10-03T20:43:13+05:30"
33,48,63,31.97,59.74,1633274024480,"2021-10-03T20:43:44+05:30"
32,46,59,31.89,59.67,1633274055015,"2021-10-03T20:44:15+05:30"
32,46,60,31.88,59.75,1633274085605,"2021-10-03T20:44:45+05:30"
33,46,61,31.93,59.73,1633274116291,"2021-10-03T20:45:16+05:30"
32,47,63,31.98,59.61,1633274146788,"2021-10-03T20:45:46+05:30"
32,47,62,32,59.64,1633274177367,"2021-10-03T20:46:17+05:30"
32,47,62,32.03,59.7,1633274207912,"2021-10-03T20:46:47+05:30"
31,46,60,32.02,59.46,1633274238513,"2021-10-03T20:47:18+05:30"
31,46,59,32.01,59.83,1633274269118,"2021-10-03T20:47:49+05:30"
32,49,64,31.99,59.65,1633274299721,"2021-10-03T20:48:19+05:30"
31,46,61,32.03,59.15,1633274330242,"2021-10-03T20:48:50+05:30"
31,46,61,32.08,59.35,1633274360867,"2021-10-03T20:49:20+05:30"
32,48,66,32.09,59.61,1633274391464,"2021-10-03T20:49:51+05:30"
32,47,62,32.09,59.57,1633274422009,"2021-10-03T20:50:22+05:30"
32,48,63,32.1,59.27,1633274452573,"2021-10-03T20:50:52+05:30"
32,47,64,32.12,59.31,1633274483171,"2021-10-03T20:51:23+05:30"
32,47,64,32.11,59.6,1633274513814,"2021-10-03T20:51:53+05:30"
34,50,73,32.07,59.75,1633274544332,"2021-10-03T20:52:24+05:30"
33,49,68,32.05,59.51,1633274574893,"2021-10-03T20:52:54+05:30"
32,48,64,32.08,59.31,1633274605501,"2021-10-03T20:53:25+05:30"
33,48,68,32.11,59.4,1633274636129,"2021-10-03T20:53:56+05:30"
45,64,80,32.14,59.64,1633274666665,"2021-10-03T20:54:26+05:30"
50,72,87,32.12,60.18,1633274695551,"2021-10-03T20:54:55+05:30"
43,63,78,32.07,60.12,1633274726368,"2021-10-03T20:55:26+05:30"
36,52,68,32.03,59.81,1633274757160,"2021-10-03T20:55:57+05:30"
38,57,75,32.02,60.04,1633274787977,"2021-10-03T20:56:27+05:30"
37,57,76,32.01,60.34,1633274818536,"2021-10-03T20:56:58+05:30"
34,53,70,31.99,60.21,1633274849137,"2021-10-03T20:57:29+05:30"
34,50,65,31.93,60.2,1633274879722,"2021-10-03T20:57:59+05:30"
34,49,64,31.86,60.43,1633274910512,"2021-10-03T20:58:30+05:30"
33,49,66,31.84,60.53,1633274940889,"2021-10-03T20:59:00+05:30"
35,50,67,31.9,60.46,1633274971460,"2021-10-03T20:59:31+05:30"
33,50,65,31.96,60.14,1633275002128,"2021-10-03T21:00:02+05:30"
33,50,69,31.99,60.21,1633275032728,"2021-10-03T21:00:32+05:30"
34,51,72,31.96,60.53,1633275063265,"2021-10-03T21:01:03+05:30"
34,51,69,31.85,60.54,1633275093835,"2021-10-03T21:01:33+05:30"
33,49,65,31.76,60.71,1633275124542,"2021-10-03T21:02:04+05:30"
34,49,64,31.7,60.91,1633275155124,"2021-10-03T21:02:35+05:30"
33,49,63,31.68,60.87,1633275185817,"2021-10-03T21:03:05+05:30"
33,48,63,31.73,60.93,1633275216279,"2021-10-03T21:03:36+05:30"
34,50,67,31.74,60.98,1633275246868,"2021-10-03T21:04:06+05:30"
34,51,69,31.77,60.82,1633275277442,"2021-10-03T21:04:37+05:30"
34,49,64,31.79,60.45,1633275308042,"2021-10-03T21:05:08+05:30"
34,50,66,31.8,60.52,1633275338714,"2021-10-03T21:05:38+05:30"
34,49,66,31.79,60.64,1633275369186,"2021-10-03T21:06:09+05:30"
34,52,71,31.82,60.79,1633275399784,"2021-10-03T21:06:39+05:30"
34,50,67,31.88,60.83,1633275430370,"2021-10-03T21:07:10+05:30"
34,50,67,31.89,60.56,1633275460922,"2021-10-03T21:07:40+05:30"
33,49,66,31.89,60.49,1633275491558,"2021-10-03T21:08:11+05:30"
34,51,67,31.94,60.59,1633275522103,"2021-10-03T21:08:42+05:30"
34,50,68,32,60.47,1633275552718,"2021-10-03T21:09:12+05:30"
34,49,66,32.05,60.15,1633275583374,"2021-10-03T21:09:43+05:30"
34,50,68,32.1,60.15,1633275612976,"2021-10-03T21:10:12+05:30"
34,51,70,32.11,60.06,1633275643570,"2021-10-03T21:10:43+05:30"
34,52,69,32.09,60.1,1633275674162,"2021-10-03T21:11:14+05:30"
35,51,67,32.04,59.98,1633275704720,"2021-10-03T21:11:44+05:30"
34,50,65,31.99,60.16,1633275735306,"2021-10-03T21:12:15+05:30"
35,51,69,31.97,60.41,1633275765889,"2021-10-03T21:12:45+05:30"
33,50,68,31.95,60.37,1633275796497,"2021-10-03T21:13:16+05:30"
34,50,67,31.95,60.34,1633275827153,"2021-10-03T21:13:47+05:30"
33,49,66,31.98,60.22,1633275857631,"2021-10-03T21:14:17+05:30"
36,53,67,31.96,60.35,1633275888219,"2021-10-03T21:14:48+05:30"
37,54,71,31.95,60.8,1633275918819,"2021-10-03T21:15:18+05:30"
35,51,67,31.93,60.76,1633275949373,"2021-10-03T21:15:49+05:30"
34,50,68,31.99,59.62,1633275979958,"2021-10-03T21:16:19+05:30"
32,47,63,32.1,59.2,1633276010784,"2021-10-03T21:16:50+05:30"
34,51,67,32.05,59.74,1633276041550,"2021-10-03T21:17:21+05:30"
33,48,63,32.09,59.25,1633276072197,"2021-10-03T21:17:52+05:30"
32,48,62,32.14,59.04,1633276103247,"2021-10-03T21:18:23+05:30"
32,49,66,32.15,58.87,1633276133717,"2021-10-03T21:18:53+05:30"
33,48,63,32.06,59.03,1633276164698,"2021-10-03T21:19:24+05:30"
32,48,61,32.06,59.09,1633276195277,"2021-10-03T21:19:55+05:30"
57,83,100,32.03,59.69,1633276225957,"2021-10-03T21:20:25+05:30"
65,92,112,32.07,59.63,1633276256438,"2021-10-03T21:20:56+05:30"
57,81,94,32.11,59.6,1633276287024,"2021-10-03T21:21:27+05:30"
50,71,88,32.07,60.06,1633276317608,"2021-10-03T21:21:57+05:30"
41,60,75,32.08,59.65,1633276348214,"2021-10-03T21:22:28+05:30"
35,52,71,32.12,59.5,1633276378765,"2021-10-03T21:22:58+05:30"
34,51,70,32.14,59.29,1633276409339,"2021-10-03T21:23:29+05:30"
34,51,69,32.16,59.32,1633276439928,"2021-10-03T21:23:59+05:30"
35,53,69,32.2,58.95,1633276470865,"2021-10-03T21:24:30+05:30"
38,56,77,32.26,59.15,1633276501440,"2021-10-03T21:25:01+05:30"
36,54,74,32.23,59.7,1633276531713,"2021-10-03T21:25:31+05:30"
35,56,73,32.19,60.83,1633276562431,"2021-10-03T21:26:02+05:30"
34,52,73,32.11,61.59,1633276593034,"2021-10-03T21:26:33+05:30"
35,52,71,32.05,62.26,1633276623579,"2021-10-03T21:27:03+05:30"
36,52,72,32.01,62.22,1633276654373,"2021-10-03T21:27:34+05:30"
34,52,73,31.93,63.18,1633276684856,"2021-10-03T21:28:04+05:30"
33,49,68,31.91,62.55,1633276715439,"2021-10-03T21:28:35+05:30"
33,49,65,31.94,62.1,1633276746066,"2021-10-03T21:29:06+05:30"
34,49,66,31.96,62.63,1633276776576,"2021-10-03T21:29:36+05:30"
34,50,65,31.96,63.3,1633276807155,"2021-10-03T21:30:07+05:30"
34,51,67,31.91,63.87,1633276837757,"2021-10-03T21:30:37+05:30"
33,49,65,31.87,64.59,1633276868350,"2021-10-03T21:31:08+05:30"
34,50,66,31.83,65.02,1633276898983,"2021-10-03T21:31:38+05:30"
33,51,69,31.84,64.92,1633276929565,"2021-10-03T21:32:09+05:30"
33,48,62,31.73,65.21,1633276960224,"2021-10-03T21:32:40+05:30"
34,49,66,31.73,64.8,1633276990710,"2021-10-03T21:33:10+05:30"
34,51,67,31.87,63.93,1633277021301,"2021-10-03T21:33:41+05:30"
34,50,67,31.98,63.22,1633277051894,"2021-10-03T21:34:11+05:30"
33,50,67,32.07,62.97,1633277082482,"2021-10-03T21:34:42+05:30"
33,50,64,32.12,62.7,1633277113052,"2021-10-03T21:35:13+05:30"
33,48,64,32.16,62.4,1633277143632,"2021-10-03T21:35:43+05:30"
32,47,64,32.19,62.4,1633277174239,"2021-10-03T21:36:14+05:30"
33,50,66,32.22,62.01,1633277204821,"2021-10-03T21:36:44+05:30"
32,48,65,32.25,61.92,1633277235362,"2021-10-03T21:37:15+05:30"
33,49,64,32.27,61.73,1633277265964,"2021-10-03T21:37:45+05:30"
32,47,62,32.29,61.88,1633277296559,"2021-10-03T21:38:16+05:30"
32,48,63,32.29,61.86,1633277327134,"2021-10-03T21:38:47+05:30"
33,49,63,32.31,61.7,1633277357693,"2021-10-03T21:39:17+05:30"
32,47,63,32.31,61.48,1633277392573,"2021-10-03T21:39:52+05:30"
32,47,62,32.32,61.41,1633277423142,"2021-10-03T21:40:23+05:30"
32,47,63,32.32,61.38,1633277453706,"2021-10-03T21:40:53+05:30"
32,48,62,32.33,61.26,1633277484309,"2021-10-03T21:41:24+05:30"
33,48,62,32.32,61.26,1633277514891,"2021-10-03T21:41:54+05:30"
33,49,64,32.32,61.14,1633277545462,"2021-10-03T21:42:25+05:30"
32,48,64,32.33,61.04,1633277576036,"2021-10-03T21:42:56+05:30"
33,49,64,32.33,60.95,1633277606632,"2021-10-03T21:43:26+05:30"
34,50,67,32.34,60.87,1633277637209,"2021-10-03T21:43:57+05:30"
34,50,66,32.34,60.83,1633277667777,"2021-10-03T21:44:27+05:30"
35,52,68,32.34,60.84,1633277698344,"2021-10-03T21:44:58+05:30"
34,50,66,32.34,60.77,1633277728916,"2021-10-03T21:45:28+05:30"
36,52,67,32.34,60.72,1633277759539,"2021-10-03T21:45:59+05:30"
37,53,68,32.34,60.65,1633277790103,"2021-10-03T21:46:30+05:30"
37,52,70,32.33,60.78,1633277820842,"2021-10-03T21:47:00+05:30"
37,54,70,32.32,60.79,1633277851386,"2021-10-03T21:47:31+05:30"
38,56,70,32.33,60.7,1633277882246,"2021-10-03T21:48:02+05:30"
39,59,73,32.33,60.58,1633277912574,"2021-10-03T21:48:32+05:30"
39,57,71,32.33,60.7,1633277943145,"2021-10-03T21:49:03+05:30"
40,54,71,32.33,60.77,1633277974231,"2021-10-03T21:49:34+05:30"
42,60,73,32.32,60.79,1633278004699,"2021-10-03T21:50:04+05:30"
42,62,74,32.32,60.62,1633278025410,"2021-10-03T21:50:25+05:30"
43,61,74,32.33,60.78,1633278056116,"2021-10-03T21:50:56+05:30"
42,62,75,32.33,60.54,1633278086462,"2021-10-03T21:51:26+05:30"
46,66,77,32.35,60.36,1633278117063,"2021-10-03T21:51:57+05:30"
50,73,83,32.35,60.31,1633278147829,"2021-10-03T21:52:27+05:30"
59,85,96,32.35,60.29,1633278178455,"2021-10-03T21:52:58+05:30"
64,90,104,32.35,60.33,1633278209064,"2021-10-03T21:53:29+05:30"
69,98,112,32.35,60.22,1633278239737,"2021-10-03T21:53:59+05:30"
72,103,116,32.36,60.2,1633278270351,"2021-10-03T21:54:30+05:30"
69,99,110,32.36,60.19,1633278299823,"2021-10-03T21:54:59+05:30"
72,104,116,32.36,60.15,1633278330673,"2021-10-03T21:55:30+05:30"
75,105,117,32.36,60.2,1633278361209,"2021-10-03T21:56:01+05:30"
76,109,124,32.35,60.25,1633278391806,"2021-10-03T21:56:31+05:30"
76,110,126,32.35,60.24,1633278422377,"2021-10-03T21:57:02+05:30"
77,111,124,32.35,60.19,1633278452988,"2021-10-03T21:57:32+05:30"
79,115,127,32.35,60.13,1633278483578,"2021-10-03T21:58:03+05:30"
78,115,128,32.36,60,1633278514167,"2021-10-03T21:58:34+05:30"
81,117,130,32.36,59.85,1633278544798,"2021-10-03T21:59:04+05:30"
81,116,129,32.35,60.26,1633278575340,"2021-10-03T21:59:35+05:30"
82,122,133,32.35,60.2,1633278605928,"2021-10-03T22:00:05+05:30"
81,118,130,32.35,60.24,1633278636491,"2021-10-03T22:00:36+05:30"
80,112,126,32.34,60.49,1633278667088,"2021-10-03T22:01:07+05:30"
85,118,133,32.34,60.42,1633278697680,"2021-10-03T22:01:37+05:30"
83,121,133,32.33,60.51,1633278728270,"2021-10-03T22:02:08+05:30"
82,121,134,32.33,60.54,1633278758885,"2021-10-03T22:02:38+05:30"
82,119,132,32.33,60.54,1633278789499,"2021-10-03T22:03:09+05:30"
79,113,124,32.32,60.64,1633278820216,"2021-10-03T22:03:40+05:30"
80,117,127,32.33,60.49,1633278850647,"2021-10-03T22:04:10+05:30"
78,118,129,32.33,60.41,1633278881244,"2021-10-03T22:04:41+05:30"
83,119,131,32.33,60.49,1633278911820,"2021-10-03T22:05:11+05:30"
80,114,126,32.33,60.5,1633278942430,"2021-10-03T22:05:42+05:30"
84,121,132,32.34,60.35,1633278973016,"2021-10-03T22:06:13+05:30"
80,118,128,32.34,60.52,1633279003627,"2021-10-03T22:06:43+05:30"
81,117,132,32.34,60.49,1633279034217,"2021-10-03T22:07:14+05:30"
81,115,127,32.33,60.59,1633279064812,"2021-10-03T22:07:44+05:30"
78,114,130,32.34,60.61,1633279095387,"2021-10-03T22:08:15+05:30"
80,115,127,32.33,60.64,1633279125983,"2021-10-03T22:08:45+05:30"
79,110,123,32.34,60.44,1633279156584,"2021-10-03T22:09:16+05:30"
80,114,127,32.34,60.32,1633279193597,"2021-10-03T22:09:53+05:30"
77,110,122,32.35,60.58,1633280115321,"2021-10-03T22:25:15+05:30"
76,113,126,32.35,60.69,1633280132351,"2021-10-03T22:25:32+05:30"
72,109,120,32.34,60.76,1633280163060,"2021-10-03T22:26:03+05:30"
74,106,117,32.34,60.92,1633280193668,"2021-10-03T22:26:33+05:30"
75,105,117,32.34,60.77,1633280224247,"2021-10-03T22:27:04+05:30"
73,103,114,32.34,60.7,1633280254827,"2021-10-03T22:27:34+05:30"
75,107,117,32.34,60.86,1633280285678,"2021-10-03T22:28:05+05:30"
74,108,118,32.33,60.89,1633280316526,"2021-10-03T22:28:36+05:30"
73,107,115,32.33,60.77,1633280346874,"2021-10-03T22:29:06+05:30"
74,105,119,32.34,60.76,1633280377460,"2021-10-03T22:29:37+05:30"
74,106,119,32.34,60.78,1633280408059,"2021-10-03T22:30:08+05:30"
72,103,112,32.34,60.83,1633280438653,"2021-10-03T22:30:38+05:30"
70,101,109,32.33,61.17,1633280469238,"2021-10-03T22:31:09+05:30"
72,104,114,32.32,60.98,1633280499851,"2021-10-03T22:31:39+05:30"
72,103,113,32.32,60.99,1633280530438,"2021-10-03T22:32:10+05:30"
73,104,112,32.33,60.93,1633280561037,"2021-10-03T22:32:41+05:30"
72,103,118,32.33,60.8,1633280591623,"2021-10-03T22:33:11+05:30"
72,105,115,32.34,60.7,1633280622213,"2021-10-03T22:33:42+05:30"
72,104,115,32.34,60.82,1633280652803,"2021-10-03T22:34:12+05:30"
71,101,113,32.34,60.95,1633280683402,"2021-10-03T22:34:43+05:30"
73,102,113,32.35,60.83,1633280713995,"2021-10-03T22:35:13+05:30"
73,106,118,32.35,60.81,1633280744586,"2021-10-03T22:35:44+05:30"
70,99,109,32.34,61.02,1633280775209,"2021-10-03T22:36:15+05:30"
68,101,115,32.34,60.93,1633280805794,"2021-10-03T22:36:45+05:30"
74,104,121,32.34,60.86,1633280836450,"2021-10-03T22:37:16+05:30"
70,101,110,32.34,60.97,1633280867040,"2021-10-03T22:37:47+05:30"
70,102,113,32.33,61.06,1633280897645,"2021-10-03T22:38:17+05:30"
67,97,103,32.31,61.42,1633280928239,"2021-10-03T22:38:48+05:30"
66,92,100,32.29,61.47,1633280958821,"2021-10-03T22:39:18+05:30"
65,93,103,32.29,61.28,1633280989607,"2021-10-03T22:39:49+05:30"
67,96,104,32.28,61.3,1633281020391,"2021-10-03T22:40:20+05:30"
64,93,101,32.29,61.27,1633281051169,"2021-10-03T22:40:51+05:30"
64,94,100,32.28,61.23,1633281081681,"2021-10-03T22:41:21+05:30"
68,99,110,32.3,61.13,1633281112478,"2021-10-03T22:41:52+05:30"
65,93,104,32.3,61.19,1633281143425,"2021-10-03T22:42:23+05:30"
66,92,100,32.3,61.37,1633281173849,"2021-10-03T22:42:53+05:30"
66,91,98,32.3,61.38,1633281204449,"2021-10-03T22:43:24+05:30"
66,94,108,32.3,61.17,1633281235028,"2021-10-03T22:43:55+05:30"
64,88,98,32.29,61.27,1633281417439,"2021-10-03T22:46:57+05:30"
62,88,98,32.28,61.12,1633281448015,"2021-10-03T22:47:28+05:30"
63,87,92,32.28,61.05,1633281478652,"2021-10-03T22:47:58+05:30"
63,90,98,32.29,60.96,1633281509168,"2021-10-03T22:48:29+05:30"
64,91,100,32.29,61.02,1633281539762,"2021-10-03T22:48:59+05:30"
62,85,93,32.29,61.07,1633281570340,"2021-10-03T22:49:30+05:30"
61,86,94,32.28,61.27,1633281601308,"2021-10-03T22:50:01+05:30"
61,87,97,32.28,61.26,1633281631501,"2021-10-03T22:50:31+05:30"
61,87,95,32.27,61.44,1633281662261,"2021-10-03T22:51:02+05:30"
61,84,94,32.25,61.45,1633281692733,"2021-10-03T22:51:32+05:30"
59,86,97,32.26,61.24,1633281723223,"2021-10-03T22:52:03+05:30"
59,84,94,32.25,61.3,1633281753824,"2021-10-03T22:52:33+05:30"
60,86,93,32.27,61.11,1633281784548,"2021-10-03T22:53:04+05:30"
63,89,97,32.29,61,1633281814986,"2021-10-03T22:53:34+05:30"
62,89,97,32.3,61.03,1633281845559,"2021-10-03T22:54:05+05:30"
61,86,93,32.3,61.08,1633281876158,"2021-10-03T22:54:36+05:30"
61,87,97,32.3,61.18,1633281906784,"2021-10-03T22:55:06+05:30"
60,85,93,32.3,61.2,1633281937432,"2021-10-03T22:55:37+05:30"
59,86,93,32.29,61.22,1633281968002,"2021-10-03T22:56:08+05:30"
59,83,89,32.3,61.02,1633281998568,"2021-10-03T22:56:38+05:30"
58,83,92,32.3,61.13,1633282029253,"2021-10-03T22:57:09+05:30"
58,78,87,32.28,61.25,1633282059754,"2021-10-03T22:57:39+05:30"
57,81,90,32.28,61.12,1633282090329,"2021-10-03T22:58:10+05:30"
57,82,89,32.28,61.13,1633282121160,"2021-10-03T22:58:41+05:30"
58,82,89,32.28,61.11,1633282151499,"2021-10-03T22:59:11+05:30"
61,86,93,32.29,61.04,1633282182251,"2021-10-03T22:59:42+05:30"
62,84,93,32.29,61.05,1633282212821,"2021-10-03T23:00:12+05:30"
59,83,90,32.29,61.1,1633282243229,"2021-10-03T23:00:43+05:30"
59,85,94,32.28,61.06,1633282273829,"2021-10-03T23:01:13+05:30"
54,77,85,32.27,61.22,1633282304420,"2021-10-03T23:01:44+05:30"
55,77,84,32.27,61.22,1633282338666,"2021-10-03T23:02:18+05:30"
57,80,88,32.28,61.1,1633282368752,"2021-10-03T23:02:48+05:30"
57,80,92,32.27,61.24,1633282399353,"2021-10-03T23:03:19+05:30"
55,80,87,32.28,61.11,1633282429936,"2021-10-03T23:03:49+05:30"
57,81,91,32.28,61.01,1633282460509,"2021-10-03T23:04:20+05:30"
56,80,86,32.29,61.01,1633282491076,"2021-10-03T23:04:51+05:30"
55,77,85,32.28,61.14,1633282521658,"2021-10-03T23:05:21+05:30"
53,76,83,32.27,61.23,1633282552230,"2021-10-03T23:05:52+05:30"
52,73,81,32.26,61.19,1633282582817,"2021-10-03T23:06:22+05:30"
55,78,86,32.26,61.25,1633282613490,"2021-10-03T23:06:53+05:30"
55,76,85,32.25,61.28,1633282643982,"2021-10-03T23:07:23+05:30"
49,71,79,32.23,61.41,1633282674556,"2021-10-03T23:07:54+05:30"
53,76,84,32.24,61.26,1633282705352,"2021-10-03T23:08:25+05:30"
55,76,84,32.25,61.27,1633282735729,"2021-10-03T23:08:55+05:30"
51,73,79,32.24,61.34,1633282766301,"2021-10-03T23:09:26+05:30"
51,73,79,32.24,61.3,1633282796915,"2021-10-03T23:09:56+05:30"
54,76,81,32.25,61.21,1633282827481,"2021-10-03T23:10:27+05:30"
51,73,80,32.25,61.14,1633282858042,"2021-10-03T23:10:58+05:30"
52,73,79,32.24,61.22,1633282888617,"2021-10-03T23:11:28+05:30"
51,71,79,32.23,61.27,1633282919356,"2021-10-03T23:11:59+05:30"
51,73,81,32.23,61.29,1633282949802,"2021-10-03T23:12:29+05:30"
50,71,80,32.23,61.29,1633282980396,"2021-10-03T23:13:00+05:30"
51,69,78,32.22,61.4,1633283010948,"2021-10-03T23:13:30+05:30"
49,71,78,32.23,61.33,1633283041594,"2021-10-03T23:14:01+05:30"
51,71,80,32.24,61.32,1633283072167,"2021-10-03T23:14:32+05:30"
50,70,79,32.23,61.25,1633283102744,"2021-10-03T23:15:02+05:30"
50,70,79,32.23,61.21,1633283133331,"2021-10-03T23:15:33+05:30"
48,68,77,32.23,61.15,1633283163924,"2021-10-03T23:16:03+05:30"
49,72,79,32.24,61.18,1633283194482,"2021-10-03T23:16:34+05:30"
49,70,78,32.24,61.23,1633283219699,"2021-10-03T23:16:59+05:30"
48,67,75,32.24,61.25,1633283250396,"2021-10-03T23:17:30+05:30"
48,66,77,32.23,61.31,1633283280875,"2021-10-03T23:18:00+05:30"
46,66,77,32.22,61.36,1633283311647,"2021-10-03T23:18:31+05:30"
47,67,76,32.22,61.35,1633283342131,"2021-10-03T23:19:02+05:30"
49,68,77,32.22,61.37,1633283372705,"2021-10-03T23:19:32+05:30"
49,67,75,32.23,61.34,1633283403302,"2021-10-03T23:20:03+05:30"
49,70,76,32.24,61.34,1633283433893,"2021-10-03T23:20:33+05:30"
47,68,77,32.23,61.35,1633283464468,"2021-10-03T23:21:04+05:30"
45,65,75,32.23,61.33,1633283495031,"2021-10-03T23:21:35+05:30"
47,67,75,32.23,61.3,1633283525623,"2021-10-03T23:22:05+05:30"
49,69,77,32.23,61.39,1633283556231,"2021-10-03T23:22:36+05:30"
46,64,75,32.22,61.48,1633283586792,"2021-10-03T23:23:06+05:30"
46,64,74,32.21,61.53,1633283617362,"2021-10-03T23:23:37+05:30"
47,66,75,32.21,61.48,1633283648025,"2021-10-03T23:24:08+05:30"
48,67,76,32.21,61.45,1633283678557,"2021-10-03T23:24:38+05:30"
46,64,76,32.21,61.46,1633283709121,"2021-10-03T23:25:09+05:30"
46,65,74,32.21,61.35,1633283739694,"2021-10-03T23:25:39+05:30"
46,63,76,32.22,61.33,1633283770310,"2021-10-03T23:26:10+05:30"
46,64,75,32.21,61.4,1633283800874,"2021-10-03T23:26:40+05:30"
46,65,76,32.22,61.33,1633283831639,"2021-10-03T23:27:11+05:30"
45,65,76,32.23,61.27,1633283862112,"2021-10-03T23:27:42+05:30"
45,62,75,32.22,61.31,1633283892791,"2021-10-03T23:28:12+05:30"
46,66,77,32.22,61.33,1633283923207,"2021-10-03T23:28:43+05:30"
43,60,72,32.19,61.56,1633283953810,"2021-10-03T23:29:13+05:30"
44,63,74,32.19,61.43,1633283984343,"2021-10-03T23:29:44+05:30"
44,63,74,32.2,61.5,1633284014972,"2021-10-03T23:30:14+05:30"
43,61,73,32.18,61.63,1633284045533,"2021-10-03T23:30:45+05:30"
41,59,72,32.16,61.73,1633284076115,"2021-10-03T23:31:16+05:30"
42,59,71,32.17,61.6,1633284106679,"2021-10-03T23:31:46+05:30"
43,63,73,32.16,61.58,1633284139729,"2021-10-03T23:32:19+05:30"
43,62,73,32.15,61.65,1633284170292,"2021-10-03T23:32:50+05:30"
43,60,72,32.14,61.68,1633284200897,"2021-10-03T23:33:20+05:30"
44,61,74,32.14,61.8,1633284231458,"2021-10-03T23:33:51+05:30"
42,58,71,32.12,61.88,1633284262045,"2021-10-03T23:34:22+05:30"
42,59,73,32.12,61.8,1633284292603,"2021-10-03T23:34:52+05:30"
42,58,71,32.12,61.78,1633284323180,"2021-10-03T23:35:23+05:30"
42,59,72,32.13,61.66,1633284353774,"2021-10-03T23:35:53+05:30"
42,57,72,32.13,61.66,1633284384364,"2021-10-03T23:36:24+05:30"
42,59,72,32.14,61.59,1633284415039,"2021-10-03T23:36:55+05:30"
41,55,68,32.13,61.63,1633284445518,"2021-10-03T23:37:25+05:30"
41,57,71,32.13,61.61,1633284476106,"2021-10-03T23:37:56+05:30"
39,54,69,32.13,61.69,1633284506702,"2021-10-03T23:38:26+05:30"
41,58,71,32.14,61.63,1633284537385,"2021-10-03T23:38:57+05:30"
39,55,70,32.14,61.63,1633284567906,"2021-10-03T23:39:27+05:30"
40,56,70,32.13,61.7,1633284598434,"2021-10-03T23:39:58+05:30"
39,54,68,32.12,61.78,1633284629156,"2021-10-03T23:40:29+05:30"
39,54,68,32.12,61.75,1633284659614,"2021-10-03T23:40:59+05:30"
39,54,68,32.11,61.81,1633284690174,"2021-10-03T23:41:30+05:30"
39,55,69,32.1,61.89,1633284720764,"2021-10-03T23:42:00+05:30"
39,55,69,32.1,61.79,1633284751381,"2021-10-03T23:42:31+05:30"
39,55,69,32.12,61.69,1633284781928,"2021-10-03T23:43:01+05:30"
38,54,67,32.12,61.66,1633284812627,"2021-10-03T23:43:32+05:30"
37,54,68,32.1,61.74,1633284843247,"2021-10-03T23:44:03+05:30"
36,52,68,32.08,61.83,1633284873897,"2021-10-03T23:44:33+05:30"
35,51,66,32.07,61.74,1633284904260,"2021-10-03T23:45:04+05:30"
38,54,68,32.09,61.8,1633284934834,"2021-10-03T23:45:34+05:30"
37,53,67,32.1,61.69,1633284965432,"2021-10-03T23:46:05+05:30"
39,54,67,32.1,61.75,1633284996043,"2021-10-03T23:46:36+05:30"
37,51,63,32.09,61.73,1633285020316,"2021-10-03T23:47:00+05:30"
36,52,66,32.09,61.76,1633285050758,"2021-10-03T23:47:30+05:30"
38,52,67,32.1,61.68,1633285081626,"2021-10-03T23:48:01+05:30"
37,52,66,32.1,61.63,1633285111949,"2021-10-03T23:48:31+05:30"
36,52,66,32.1,61.71,1633285142553,"2021-10-03T23:49:02+05:30"
36,51,64,32.09,61.74,1633285173191,"2021-10-03T23:49:33+05:30"
35,50,63,32.09,61.75,1633285203710,"2021-10-03T23:50:03+05:30"
36,51,65,32.09,61.77,1633285234306,"2021-10-03T23:50:34+05:30"
36,52,66,32.08,61.82,1633285264859,"2021-10-03T23:51:04+05:30"
35,51,65,32.08,61.77,1633285295421,"2021-10-03T23:51:35+05:30"
34,50,65,32.08,61.75,1633285326007,"2021-10-03T23:52:06+05:30"
34,50,62,32.07,61.8,1633285356755,"2021-10-03T23:52:36+05:30"
35,50,63,32.06,61.73,1633285387179,"2021-10-03T23:53:07+05:30"
36,51,66,32.05,61.87,1633285417746,"2021-10-03T23:53:37+05:30"
35,52,66,32.08,61.85,1633285448350,"2021-10-03T23:54:08+05:30"
36,52,66,32.07,61.82,1633285478942,"2021-10-03T23:54:38+05:30"
37,51,65,32.08,61.68,1633285509867,"2021-10-03T23:55:09+05:30"
36,50,63,32.08,61.79,1633285540183,"2021-10-03T23:55:40+05:30"
35,51,66,32.11,61.61,1633285571608,"2021-10-03T23:56:11+05:30"
35,51,65,32.11,61.54,1633285602176,"2021-10-03T23:56:42+05:30"
35,51,65,32.11,61.57,1633285632752,"2021-10-03T23:57:12+05:30"
35,50,63,32.12,61.64,1633285663314,"2021-10-03T23:57:43+05:30"
35,51,64,32.12,61.62,1633285693915,"2021-10-03T23:58:13+05:30"
35,51,65,32.11,61.71,1633285724504,"2021-10-03T23:58:44+05:30"
35,50,65,32.1,61.74,1633285755085,"2021-10-03T23:59:15+05:30"
34,50,64,32.09,61.82,1633285785637,"2021-10-03T23:59:45+05:30"