"pm1_0","pm2_5","pm10","temp","humid","createdAt","localtime"
91,140,158,26.53,62.03,1634700974621,"2021-10-20T09:06:14+05:30"
89,132,149,26.49,61.76,1634701004955,"2021-10-20T09:06:44+05:30"
91,133,151,26.48,62.12,1634701035527,"2021-10-20T09:07:15+05:30"
90,129,144,26.42,61.6,1634701066214,"2021-10-20T09:07:46+05:30"
88,132,147,26.39,62.06,1634701096715,"2021-10-20T09:08:16+05:30"
92,136,153,26.31,62,1634701127319,"2021-10-20T09:08:47+05:30"
94,144,164,26.23,62.3,1634701157899,"2021-10-20T09:09:17+05:30"
94,144,169,26.05,63.26,1634701279642,"2021-10-20T09:11:19+05:30"
95,142,158,26.07,63.3,1634701309717,"2021-10-20T09:11:49+05:30"
94,142,160,26.09,63.49,1634701340726,"2021-10-20T09:12:20+05:30"
98,145,168,26.08,63.7,1634701370913,"2021-10-20T09:12:50+05:30"
101,151,176,26.04,63.58,1634701401508,"2021-10-20T09:13:21+05:30"
98,146,165,26.04,63.59,1634701432094,"2021-10-20T09:13:52+05:30"
99,151,179,26.01,64.08,1634701462698,"2021-10-20T09:14:22+05:30"
95,143,162,26.03,63.93,1634701493290,"2021-10-20T09:14:53+05:30"
95,144,161,26.07,63.71,1634701523880,"2021-10-20T09:15:23+05:30"
94,139,157,26.17,63.86,1634701554463,"2021-10-20T09:15:54+05:30"
93,138,158,26.25,63.67,1634701585054,"2021-10-20T09:16:25+05:30"
94,141,161,26.25,63.48,1634701615807,"2021-10-20T09:16:55+05:30"
96,141,161,26.24,63.49,1634701646248,"2021-10-20T09:17:26+05:30"
95,141,161,26.28,63.55,1634701676847,"2021-10-20T09:17:56+05:30"
97,145,163,26.27,63.54,1634701707429,"2021-10-20T09:18:27+05:30"
97,142,162,26.22,63.47,1634701738038,"2021-10-20T09:18:58+05:30"
93,137,159,26.22,63.45,1634701768632,"2021-10-20T09:19:28+05:30"
91,137,155,26.22,63.44,1634701799653,"2021-10-20T09:19:59+05:30"
94,141,159,26.19,63.68,1634701820054,"2021-10-20T09:20:20+05:30"
97,144,165,26.17,64.14,1634701850577,"2021-10-20T09:20:50+05:30"
99,145,162,26.14,63.89,1634701881159,"2021-10-20T09:21:21+05:30"
95,142,159,26.1,63.64,1634701911742,"2021-10-20T09:21:51+05:30"
92,137,158,26.11,63.69,1634701942344,"2021-10-20T09:22:22+05:30"
94,141,155,26.12,63.6,1634701972951,"2021-10-20T09:22:52+05:30"
95,140,153,26.13,63.5,1634702003529,"2021-10-20T09:23:23+05:30"
93,142,158,26.1,63.16,1634702034125,"2021-10-20T09:23:54+05:30"
96,140,155,26.09,63.39,1634702065395,"2021-10-20T09:24:25+05:30"
96,140,155,26.08,63.37,1634702095486,"2021-10-20T09:24:55+05:30"
94,140,160,26.11,63.93,1634702126034,"2021-10-20T09:25:26+05:30"
93,140,159,26.25,63.79,1634702156506,"2021-10-20T09:25:56+05:30"
96,146,164,26.27,63.69,1634702185716,"2021-10-20T09:26:25+05:30"
98,147,168,26.21,64.17,1634702216259,"2021-10-20T09:26:56+05:30"
105,155,179,26.2,63.72,1634702246701,"2021-10-20T09:27:26+05:30"
98,147,163,26.2,63.39,1634702277286,"2021-10-20T09:27:57+05:30"
98,146,163,26.16,63.46,1634702308015,"2021-10-20T09:28:28+05:30"
94,140,160,26.15,63.72,1634702338477,"2021-10-20T09:28:58+05:30"
97,144,161,26.12,63.58,1634702369069,"2021-10-20T09:29:29+05:30"
97,146,168,26.1,63.31,1634702399689,"2021-10-20T09:29:59+05:30"
97,146,162,26.08,63.44,1634702430268,"2021-10-20T09:30:30+05:30"
96,143,158,26.06,63.32,1634702460850,"2021-10-20T09:31:00+05:30"
98,146,166,26.06,63.5,1634702491446,"2021-10-20T09:31:31+05:30"
98,148,165,26.09,63.57,1634702522049,"2021-10-20T09:32:02+05:30"
95,146,164,26.1,63.6,1634702553051,"2021-10-20T09:32:33+05:30"
93,142,160,26.14,63.67,1634702583246,"2021-10-20T09:33:03+05:30"
96,144,163,26.14,63.47,1634702613812,"2021-10-20T09:33:33+05:30"
96,141,162,26.14,63.71,1634702644415,"2021-10-20T09:34:04+05:30"
96,141,160,26.17,63.84,1634702675016,"2021-10-20T09:34:35+05:30"
97,145,157,26.21,63.8,1634702705626,"2021-10-20T09:35:05+05:30"
96,139,154,26.21,63.65,1634702736189,"2021-10-20T09:35:36+05:30"
95,142,158,26.23,63.69,1634702766797,"2021-10-20T09:36:06+05:30"
97,145,166,26.25,63.53,1634702797386,"2021-10-20T09:36:37+05:30"
97,146,165,26.23,63.32,1634702827977,"2021-10-20T09:37:07+05:30"
100,152,169,26.26,63.49,1634702858627,"2021-10-20T09:37:38+05:30"
103,155,171,26.24,63.59,1634702889196,"2021-10-20T09:38:09+05:30"
98,146,163,26.25,63.38,1634702919748,"2021-10-20T09:38:39+05:30"
98,145,165,26.26,63.37,1634702950397,"2021-10-20T09:39:10+05:30"
97,146,160,26.26,63.2,1634702980946,"2021-10-20T09:39:40+05:30"
97,145,161,26.26,63.2,1634703011598,"2021-10-20T09:40:11+05:30"
96,140,158,26.27,63.2,1634703042137,"2021-10-20T09:40:42+05:30"
98,149,163,26.29,63.37,1634703073160,"2021-10-20T09:41:13+05:30"
102,149,169,26.3,63.72,1634703100768,"2021-10-20T09:41:40+05:30"
99,147,168,26.32,63.61,1634703131329,"2021-10-20T09:42:11+05:30"
97,145,163,26.29,62.88,1634703161927,"2021-10-20T09:42:41+05:30"
99,146,160,26.26,63.16,1634703192511,"2021-10-20T09:43:12+05:30"
99,146,166,26.26,63.16,1634703223101,"2021-10-20T09:43:43+05:30"
95,144,165,26.28,63,1634703253704,"2021-10-20T09:44:13+05:30"
94,143,162,26.27,63.24,1634703284552,"2021-10-20T09:44:44+05:30"
96,148,167,26.26,63.31,1634703314974,"2021-10-20T09:45:14+05:30"
96,148,166,26.29,63.27,1634703345575,"2021-10-20T09:45:45+05:30"
97,146,161,26.25,63.05,1634703376169,"2021-10-20T09:46:16+05:30"
93,141,159,26.29,63.46,1634703406757,"2021-10-20T09:46:46+05:30"
93,141,159,26.33,63.6,1634703437470,"2021-10-20T09:47:17+05:30"
95,142,159,26.35,63.39,1634703468479,"2021-10-20T09:47:48+05:30"
96,144,163,26.37,63.29,1634703498531,"2021-10-20T09:48:18+05:30"
95,144,162,26.38,63.22,1634703529218,"2021-10-20T09:48:49+05:30"
94,144,163,26.39,63.58,1634703559723,"2021-10-20T09:49:19+05:30"
97,142,160,26.42,63.71,1634703590306,"2021-10-20T09:49:50+05:30"
93,142,164,26.46,63.52,1634703620892,"2021-10-20T09:50:20+05:30"
97,144,166,26.5,63.37,1634703651502,"2021-10-20T09:50:51+05:30"
96,145,165,26.54,63.25,1634703682086,"2021-10-20T09:51:22+05:30"
97,147,172,26.55,63.41,1634703712684,"2021-10-20T09:51:52+05:30"
96,154,196,26.58,63.49,1634703743282,"2021-10-20T09:52:23+05:30"
96,142,162,26.57,62.67,1634703773878,"2021-10-20T09:52:53+05:30"
96,143,164,26.56,61.84,1634703805083,"2021-10-20T09:53:25+05:30"
93,141,161,26.56,61.96,1634703835401,"2021-10-20T09:53:55+05:30"
94,141,161,26.56,62.15,1634703866002,"2021-10-20T09:54:26+05:30"
93,141,161,26.56,61.61,1634703896610,"2021-10-20T09:54:56+05:30"
93,141,159,26.56,61.56,1634703927188,"2021-10-20T09:55:27+05:30"
93,141,157,26.59,61.9,1634703957790,"2021-10-20T09:55:57+05:30"
94,143,164,26.6,62.14,1634703981913,"2021-10-20T09:56:21+05:30"
94,141,162,26.59,62.7,1634704012501,"2021-10-20T09:56:52+05:30"
92,138,160,26.57,62.66,1634704043088,"2021-10-20T09:57:23+05:30"
91,137,157,26.55,62.86,1634704073904,"2021-10-20T09:57:53+05:30"
90,138,159,26.55,62.39,1634704104281,"2021-10-20T09:58:24+05:30"
90,134,147,26.56,62.02,1634704134869,"2021-10-20T09:58:54+05:30"
91,139,157,26.58,61.94,1634704165492,"2021-10-20T09:59:25+05:30"
94,142,163,26.58,62,1634704196064,"2021-10-20T09:59:56+05:30"
96,144,159,26.57,61.89,1634704226649,"2021-10-20T10:00:26+05:30"
92,138,153,26.58,61.88,1634704257253,"2021-10-20T10:00:57+05:30"
93,142,160,26.61,61.97,1634704287833,"2021-10-20T10:01:27+05:30"
93,139,154,26.62,61.81,1634704318451,"2021-10-20T10:01:58+05:30"
90,137,157,26.65,62.11,1634704349065,"2021-10-20T10:02:29+05:30"
92,138,154,26.63,61.66,1634704379949,"2021-10-20T10:02:59+05:30"
91,135,154,26.6,61.4,1634704410785,"2021-10-20T10:03:30+05:30"
93,139,155,26.6,61.46,1634704441154,"2021-10-20T10:04:01+05:30"
94,139,154,26.62,61.97,1634704471894,"2021-10-20T10:04:31+05:30"
95,143,156,26.64,61.71,1634704502385,"2021-10-20T10:05:02+05:30"
94,137,153,26.66,61.71,1634704532972,"2021-10-20T10:05:32+05:30"
96,141,157,26.65,61.59,1634704563577,"2021-10-20T10:06:03+05:30"
94,139,155,26.63,61.26,1634704594167,"2021-10-20T10:06:34+05:30"
95,141,158,26.64,61.45,1634704624761,"2021-10-20T10:07:04+05:30"
97,147,165,26.66,62.29,1634704655346,"2021-10-20T10:07:35+05:30"
101,149,166,26.67,61.97,1634704685962,"2021-10-20T10:08:05+05:30"
101,145,159,26.7,62.68,1634704716533,"2021-10-20T10:08:36+05:30"
96,142,171,26.69,62.81,1634704747135,"2021-10-20T10:09:07+05:30"
96,142,164,26.72,62.56,1634704777711,"2021-10-20T10:09:37+05:30"
99,149,171,26.75,61.84,1634704808469,"2021-10-20T10:10:08+05:30"
98,144,162,26.77,62.07,1634704838901,"2021-10-20T10:10:38+05:30"
99,150,177,26.78,62.34,1634704869501,"2021-10-20T10:11:09+05:30"
95,139,156,26.75,61.9,1634704902791,"2021-10-20T10:11:42+05:30"
97,148,162,26.74,61.19,1634704933382,"2021-10-20T10:12:13+05:30"
100,151,165,26.75,61.44,1634704963985,"2021-10-20T10:12:43+05:30"
97,145,162,26.77,61.56,1634704994567,"2021-10-20T10:13:14+05:30"
98,147,165,26.77,62.34,1634705025165,"2021-10-20T10:13:45+05:30"
98,146,165,26.77,62.73,1634705055715,"2021-10-20T10:14:15+05:30"
95,135,153,26.79,62.46,1634705086636,"2021-10-20T10:14:46+05:30"
92,138,151,26.8,62.12,1634705116900,"2021-10-20T10:15:16+05:30"
92,136,153,26.81,62.17,1634705147488,"2021-10-20T10:15:47+05:30"
93,138,155,26.83,61.96,1634705178329,"2021-10-20T10:16:18+05:30"
99,145,166,26.82,61.1,1634705208761,"2021-10-20T10:16:48+05:30"
96,144,168,26.8,61.16,1634705239431,"2021-10-20T10:17:19+05:30"
95,142,155,26.82,61.47,1634705269870,"2021-10-20T10:17:49+05:30"
96,146,166,26.84,62.03,1634705300540,"2021-10-20T10:18:20+05:30"
99,146,168,26.87,62.05,1634705331119,"2021-10-20T10:18:51+05:30"
96,146,162,26.89,62.12,1634705361729,"2021-10-20T10:19:21+05:30"
94,141,160,27.04,62.01,1634705480946,"2021-10-20T10:21:20+05:30"
94,142,159,27.07,62.51,1634705511541,"2021-10-20T10:21:51+05:30"
93,142,157,27.06,62.26,1634705542218,"2021-10-20T10:22:22+05:30"
90,134,152,27.08,62.52,1634705572749,"2021-10-20T10:22:52+05:30"
91,140,158,27.15,62.72,1634705603417,"2021-10-20T10:23:23+05:30"
91,136,152,27.19,62.12,1634705634037,"2021-10-20T10:23:54+05:30"
93,136,155,27.22,61.83,1634705664819,"2021-10-20T10:24:24+05:30"
91,136,158,27.23,61.72,1634705695194,"2021-10-20T10:24:55+05:30"
96,141,159,27.2,61.56,1634705725801,"2021-10-20T10:25:25+05:30"
98,147,170,27.18,61.09,1634705756375,"2021-10-20T10:25:56+05:30"
95,142,164,27.16,61.05,1634705786972,"2021-10-20T10:26:26+05:30"
93,140,154,27.16,61.41,1634705817562,"2021-10-20T10:26:57+05:30"
93,141,160,27.17,61.29,1634705848163,"2021-10-20T10:27:28+05:30"
97,145,167,27.16,61.31,1634705878788,"2021-10-20T10:27:58+05:30"
94,144,165,27.15,60.99,1634705909343,"2021-10-20T10:28:29+05:30"
95,141,167,27.15,61.01,1634705939934,"2021-10-20T10:28:59+05:30"
98,147,164,27.16,60.95,1634705970539,"2021-10-20T10:29:30+05:30"
102,153,171,27.15,60.77,1634706001135,"2021-10-20T10:30:01+05:30"
99,151,171,27.16,60.84,1634706032017,"2021-10-20T10:30:32+05:30"
101,146,165,27.15,60.55,1634706062314,"2021-10-20T10:31:02+05:30"
97,147,164,27.14,60.78,1634706092905,"2021-10-20T10:31:32+05:30"
98,148,166,27.14,61.05,1634706123481,"2021-10-20T10:32:03+05:30"
98,150,167,27.12,60.88,1634706154099,"2021-10-20T10:32:34+05:30"
98,150,166,27.13,61.17,1634706184681,"2021-10-20T10:33:04+05:30"
102,154,173,27.17,61.23,1634706215299,"2021-10-20T10:33:35+05:30"
108,159,181,27.22,61.07,1634706245877,"2021-10-20T10:34:05+05:30"
105,162,189,27.3,61.14,1634706276472,"2021-10-20T10:34:36+05:30"
105,162,189,27.38,61.07,1634706307103,"2021-10-20T10:35:07+05:30"
99,146,165,27.38,60.38,1634706337647,"2021-10-20T10:35:37+05:30"
97,148,168,27.4,60.45,1634706368241,"2021-10-20T10:36:08+05:30"
98,148,162,27.4,60.5,1634706390206,"2021-10-20T10:36:30+05:30"
97,149,166,27.38,60.57,1634706420807,"2021-10-20T10:37:00+05:30"
101,150,169,27.39,61.45,1634706451361,"2021-10-20T10:37:31+05:30"
100,153,172,27.41,61.3,1634706482067,"2021-10-20T10:38:02+05:30"
98,149,166,27.38,61,1634706512554,"2021-10-20T10:38:32+05:30"
133,202,227,27.36,60.82,1634706543752,"2021-10-20T10:39:03+05:30"
106,153,169,27.34,60.76,1634706573743,"2021-10-20T10:39:33+05:30"
106,156,175,27.37,60.59,1634706604326,"2021-10-20T10:40:04+05:30"
105,162,175,27.41,60.72,1634706634969,"2021-10-20T10:40:34+05:30"
156,265,309,27.41,60.08,1634706665510,"2021-10-20T10:41:05+05:30"
158,266,311,27.4,60.54,1634706696116,"2021-10-20T10:41:36+05:30"
115,178,199,27.41,61.11,1634706726708,"2021-10-20T10:42:06+05:30"
104,159,180,27.41,60.51,1634706757305,"2021-10-20T10:42:37+05:30"
146,248,296,27.42,60.72,1634706787893,"2021-10-20T10:43:07+05:30"
179,315,378,27.39,60.8,1634706818483,"2021-10-20T10:43:38+05:30"
132,209,243,27.42,60.47,1634706849086,"2021-10-20T10:44:09+05:30"
131,207,242,27.48,60.37,1634706879669,"2021-10-20T10:44:39+05:30"
176,316,381,27.52,60.25,1634706910266,"2021-10-20T10:45:10+05:30"
144,244,287,27.53,60.64,1634706940875,"2021-10-20T10:45:40+05:30"
143,259,312,27.56,60.9,1634706971489,"2021-10-20T10:46:11+05:30"
221,427,532,27.54,60.38,1634707002120,"2021-10-20T10:46:42+05:30"
228,444,548,27.56,59.56,1634707032717,"2021-10-20T10:47:12+05:30"
203,377,464,27.6,59.67,1634707063318,"2021-10-20T10:47:43+05:30"
231,461,569,27.58,59.45,1634707093903,"2021-10-20T10:48:13+05:30"
220,450,564,27.58,59.2,1634707124499,"2021-10-20T10:48:44+05:30"
128,208,243,27.62,59.95,1634707155109,"2021-10-20T10:49:15+05:30"
134,223,263,27.64,59.89,1634707185823,"2021-10-20T10:49:45+05:30"
185,365,463,27.69,59.96,1634707216423,"2021-10-20T10:50:16+05:30"
267,660,867,27.69,59.96,1634707247047,"2021-10-20T10:50:47+05:30"
143,243,288,27.71,60.02,1634707282910,"2021-10-20T10:51:22+05:30"
138,230,273,27.72,59.73,1634707313561,"2021-10-20T10:51:53+05:30"
161,287,348,27.74,59.73,1634707344064,"2021-10-20T10:52:24+05:30"
259,605,782,27.78,59.44,1634707374889,"2021-10-20T10:52:54+05:30"
295,838,1165,27.78,59.12,1634707405357,"2021-10-20T10:53:25+05:30"
284,726,975,27.76,59.16,1634707435932,"2021-10-20T10:53:55+05:30"
299,812,1082,27.78,58.8,1634707467030,"2021-10-20T10:54:27+05:30"
207,436,548,27.79,57.95,1634707497125,"2021-10-20T10:54:57+05:30"
120,196,233,27.81,57.87,1634707527732,"2021-10-20T10:55:27+05:30"
248,537,684,27.83,58.72,1634707558319,"2021-10-20T10:55:58+05:30"
204,438,553,27.82,58.42,1634707588901,"2021-10-20T10:56:28+05:30"
252,541,685,27.82,58.23,1634707619529,"2021-10-20T10:56:59+05:30"
195,390,490,27.87,58.78,1634707650175,"2021-10-20T10:57:30+05:30"
189,367,448,27.89,59.18,1634707670591,"2021-10-20T10:57:50+05:30"
264,598,775,27.87,59.23,1634707701285,"2021-10-20T10:58:21+05:30"
146,252,298,27.9,59.28,1634707731863,"2021-10-20T10:58:51+05:30"
195,371,453,27.9,59.81,1634707762471,"2021-10-20T10:59:22+05:30"
146,248,296,27.89,59.57,1634707793037,"2021-10-20T10:59:53+05:30"
122,195,226,27.89,58.95,1634707824480,"2021-10-20T11:00:24+05:30"
173,306,368,27.91,58.7,1634707854404,"2021-10-20T11:00:54+05:30"
191,348,418,27.89,58.48,1634707884830,"2021-10-20T11:01:24+05:30"
131,216,253,27.89,58,1634707915482,"2021-10-20T11:01:55+05:30"
147,243,283,27.92,57.89,1634707946394,"2021-10-20T11:02:26+05:30"
140,225,262,27.92,58.35,1634707976818,"2021-10-20T11:02:56+05:30"
174,310,367,27.95,58.75,1634708007194,"2021-10-20T11:03:27+05:30"
148,251,297,27.99,58.7,1634708037786,"2021-10-20T11:03:57+05:30"
168,305,370,28.01,58.55,1634708068394,"2021-10-20T11:04:28+05:30"
263,620,811,28,58.82,1634708098977,"2021-10-20T11:04:58+05:30"
262,582,737,27.97,58.76,1634708129619,"2021-10-20T11:05:29+05:30"
239,508,645,27.92,58.68,1634708160182,"2021-10-20T11:06:00+05:30"
232,502,637,27.94,58.84,1634708188787,"2021-10-20T11:06:28+05:30"
274,626,802,27.93,58.54,1634708219361,"2021-10-20T11:06:59+05:30"
268,589,747,27.96,58.71,1634708249935,"2021-10-20T11:07:29+05:30"
226,459,575,27.94,58.67,1634708280524,"2021-10-20T11:08:00+05:30"
259,612,822,27.94,59.02,1634708311116,"2021-10-20T11:08:31+05:30"
242,571,750,27.97,58.48,1634708341719,"2021-10-20T11:09:01+05:30"
176,316,386,28.03,58.67,1634708373260,"2021-10-20T11:09:33+05:30"
134,218,258,28.06,58.74,1634708402895,"2021-10-20T11:10:02+05:30"
143,241,280,28.08,58.78,1634708433489,"2021-10-20T11:10:33+05:30"
132,212,242,28.12,58.34,1634708464095,"2021-10-20T11:11:04+05:30"
131,215,247,28.15,58.48,1634708494905,"2021-10-20T11:11:34+05:30"
122,196,226,28.22,58.54,1634708525730,"2021-10-20T11:12:05+05:30"
163,282,333,28.23,58.1,1634708555868,"2021-10-20T11:12:35+05:30"
183,325,395,28.21,57.83,1634708586464,"2021-10-20T11:13:06+05:30"
154,258,310,28.23,57.84,1634708617052,"2021-10-20T11:13:37+05:30"
147,248,292,28.26,57.42,1634708648300,"2021-10-20T11:14:08+05:30"
144,248,293,28.25,57.53,1634708678236,"2021-10-20T11:14:38+05:30"
170,298,358,28.2,57.77,1634708708833,"2021-10-20T11:15:08+05:30"
138,228,269,28.21,57.83,1634708739430,"2021-10-20T11:15:39+05:30"
105,161,183,28.3,57.45,1634708770016,"2021-10-20T11:16:10+05:30"
123,198,227,28.31,57.28,1634708800622,"2021-10-20T11:16:40+05:30"
118,186,216,28.33,57.06,1634708831598,"2021-10-20T11:17:11+05:30"
124,201,233,28.32,57.38,1634708861803,"2021-10-20T11:17:41+05:30"
128,208,246,28.29,57.34,1634708892664,"2021-10-20T11:18:12+05:30"
116,185,219,28.3,57.08,1634708923018,"2021-10-20T11:18:43+05:30"
108,168,197,28.3,56.92,1634708953639,"2021-10-20T11:19:13+05:30"
120,194,233,28.35,56.86,1634708984162,"2021-10-20T11:19:44+05:30"
111,177,204,28.41,57.23,1634709014763,"2021-10-20T11:20:14+05:30"
153,265,316,28.43,57.76,1634709045354,"2021-10-20T11:20:45+05:30"
190,362,441,28.45,57.43,1634709075949,"2021-10-20T11:21:15+05:30"
216,417,515,28.44,57.12,1634709102956,"2021-10-20T11:21:42+05:30"
139,240,282,28.43,56.45,1634709133575,"2021-10-20T11:22:13+05:30"
128,211,249,28.46,56.79,1634709164133,"2021-10-20T11:22:44+05:30"
125,201,231,28.5,56.79,1634709194743,"2021-10-20T11:23:14+05:30"
133,218,252,28.49,57.52,1634709225344,"2021-10-20T11:23:45+05:30"
146,251,293,28.49,57.49,1634709255960,"2021-10-20T11:24:15+05:30"
205,387,475,28.51,56.62,1634709286510,"2021-10-20T11:24:46+05:30"
153,257,303,28.51,56.3,1634709317116,"2021-10-20T11:25:17+05:30"
138,237,281,28.55,56.57,1634709347761,"2021-10-20T11:25:47+05:30"
204,387,477,28.55,56.59,1634709378841,"2021-10-20T11:26:18+05:30"
204,387,469,28.49,57.13,1634709409306,"2021-10-20T11:26:49+05:30"
186,350,431,28.47,57.3,1634709439482,"2021-10-20T11:27:19+05:30"
213,423,528,28.44,57.17,1634709470078,"2021-10-20T11:27:50+05:30"
177,313,374,28.44,56.99,1634709500708,"2021-10-20T11:28:20+05:30"
159,276,324,28.42,57.14,1634709531269,"2021-10-20T11:28:51+05:30"
229,449,552,28.46,57.25,1634709561862,"2021-10-20T11:29:21+05:30"
189,349,423,28.49,56.48,1634709592812,"2021-10-20T11:29:52+05:30"
149,254,296,28.49,56.59,1634709623125,"2021-10-20T11:30:23+05:30"
126,199,230,28.47,56.65,1634709653630,"2021-10-20T11:30:53+05:30"
103,157,176,28.51,56.48,1634709684231,"2021-10-20T11:31:24+05:30"
92,139,157,28.59,56.33,1634709714830,"2021-10-20T11:31:54+05:30"
102,155,179,28.64,56.54,1634709745461,"2021-10-20T11:32:25+05:30"
104,163,195,28.72,56.7,1634709776128,"2021-10-20T11:32:56+05:30"
108,168,197,28.75,56.83,1634709806758,"2021-10-20T11:33:26+05:30"
106,170,203,28.78,56.78,1634709837191,"2021-10-20T11:33:57+05:30"
138,228,266,28.78,55.76,1634709867800,"2021-10-20T11:34:27+05:30"
159,286,343,28.77,55.32,1634709898397,"2021-10-20T11:34:58+05:30"
138,225,267,28.73,55.51,1634709929306,"2021-10-20T11:35:29+05:30"
139,236,275,28.71,55.64,1634709959571,"2021-10-20T11:35:59+05:30"
121,198,227,28.72,55.54,1634709984261,"2021-10-20T11:36:24+05:30"
108,171,201,28.78,55.42,1634710014646,"2021-10-20T11:36:54+05:30"
157,275,335,28.74,55.26,1634710045637,"2021-10-20T11:37:25+05:30"
95,147,164,28.78,54.84,1634710076272,"2021-10-20T11:37:56+05:30"
112,176,206,28.83,54.1,1634710106941,"2021-10-20T11:38:26+05:30"
99,154,176,28.86,54.32,1634710137540,"2021-10-20T11:38:57+05:30"
151,258,306,28.84,53.96,1634710168134,"2021-10-20T11:39:28+05:30"
166,290,347,28.79,53.87,1634710198733,"2021-10-20T11:39:58+05:30"
142,238,276,28.75,54.43,1634710229322,"2021-10-20T11:40:29+05:30"
118,194,221,28.75,54.35,1634710259912,"2021-10-20T11:40:59+05:30"
126,207,243,28.77,54.83,1634710290548,"2021-10-20T11:41:30+05:30"
156,264,309,28.76,54.9,1634710321138,"2021-10-20T11:42:01+05:30"
98,156,186,28.79,54.3,1634710351682,"2021-10-20T11:42:31+05:30"
127,211,252,28.86,54.33,1634710382285,"2021-10-20T11:43:02+05:30"
124,197,227,28.89,53.63,1634710412838,"2021-10-20T11:43:32+05:30"
144,244,282,28.94,53.71,1634710443628,"2021-10-20T11:44:03+05:30"
151,267,322,28.91,54.28,1634710474035,"2021-10-20T11:44:34+05:30"
133,224,261,28.88,54.15,1634710504700,"2021-10-20T11:45:04+05:30"
115,184,213,28.94,53.58,1634710535302,"2021-10-20T11:45:35+05:30"
91,138,152,28.97,53.21,1634710565915,"2021-10-20T11:46:05+05:30"
97,146,171,29.06,53.33,1634710596497,"2021-10-20T11:46:36+05:30"
105,165,193,29.12,52.95,1634710628214,"2021-10-20T11:47:08+05:30"
162,276,333,29.11,53.76,1634710657680,"2021-10-20T11:47:37+05:30"
158,279,335,29.06,54.06,1634710688270,"2021-10-20T11:48:08+05:30"
160,281,344,29.01,53.74,1634710718873,"2021-10-20T11:48:38+05:30"
134,218,249,28.96,53.27,1634710749466,"2021-10-20T11:49:09+05:30"
72,106,118,29.78,48.48,1634717038405,"2021-10-20T13:33:58+05:30"
69,105,118,29.93,47.61,1634717068917,"2021-10-20T13:34:28+05:30"
67,97,111,30.13,47.03,1634717099498,"2021-10-20T13:34:59+05:30"
68,104,119,30.28,45.68,1634717130105,"2021-10-20T13:35:30+05:30"
68,101,114,30.38,45.8,1634717160783,"2021-10-20T13:36:00+05:30"
67,98,113,30.53,46.19,1634717191205,"2021-10-20T13:36:31+05:30"
64,95,113,30.7,45.21,1634717221802,"2021-10-20T13:37:01+05:30"
70,101,118,30.78,45.36,1634717252343,"2021-10-20T13:37:32+05:30"
62,92,106,30.86,43.68,1634717282934,"2021-10-20T13:38:02+05:30"
62,95,115,30.98,43.98,1634717313491,"2021-10-20T13:38:33+05:30"
64,95,110,31.11,44.58,1634717344058,"2021-10-20T13:39:04+05:30"
65,96,107,31.15,43.9,1634717374823,"2021-10-20T13:39:34+05:30"
65,97,112,31.13,42.28,1634717405375,"2021-10-20T13:40:05+05:30"
61,90,108,31.14,43.16,1634717435947,"2021-10-20T13:40:35+05:30"
64,94,109,31.17,42.93,1634717466393,"2021-10-20T13:41:06+05:30"
64,94,109,31.17,42.93,1634717485842,"2021-10-20T13:41:25+05:30"
64,94,109,31.17,42.93,1634717486240,"2021-10-20T13:41:26+05:30"
64,94,109,31.17,42.93,1634717487585,"2021-10-20T13:41:27+05:30"
64,94,109,31.17,42.93,1634717488510,"2021-10-20T13:41:28+05:30"
64,94,109,31.17,42.93,1634717489156,"2021-10-20T13:41:29+05:30"
64,94,109,31.17,42.93,1634717490163,"2021-10-20T13:41:30+05:30"
64,94,109,31.17,42.93,1634717492167,"2021-10-20T13:41:32+05:30"
64,94,109,31.17,42.93,1634717493159,"2021-10-20T13:41:33+05:30"
64,94,109,31.17,42.93,1634717495167,"2021-10-20T13:41:35+05:30"
64,97,120,31.12,43.64,1634717497390,"2021-10-20T13:41:37+05:30"
64,96,116,31.15,44.27,1634717527529,"2021-10-20T13:42:07+05:30"
70,106,124,31.13,43.63,1634717558058,"2021-10-20T13:42:38+05:30"
63,94,110,31.16,44.39,1634717588618,"2021-10-20T13:43:08+05:30"
64,95,111,31.18,45.72,1634717619186,"2021-10-20T13:43:39+05:30"
67,102,119,31.21,45.35,1634717649749,"2021-10-20T13:44:09+05:30"
65,98,116,31.24,45.24,1634717680319,"2021-10-20T13:44:40+05:30"
64,95,114,31.29,44.38,1634717710930,"2021-10-20T13:45:10+05:30"
64,97,117,31.3,43.96,1634717741550,"2021-10-20T13:45:41+05:30"
68,99,109,31.26,44.33,1634717772064,"2021-10-20T13:46:12+05:30"
65,94,104,31.2,43.49,1634717802644,"2021-10-20T13:46:42+05:30"
62,93,105,31.22,43.95,1634717833216,"2021-10-20T13:47:13+05:30"
64,94,106,31.3,45.32,1634717864077,"2021-10-20T13:47:44+05:30"
69,102,114,31.3,44.15,1634717894419,"2021-10-20T13:48:14+05:30"
69,102,114,31.3,44.15,1634717901946,"2021-10-20T13:48:21+05:30"
68,100,113,31.27,44.49,1634717921109,"2021-10-20T13:48:41+05:30"
66,99,119,31.33,44.97,1634717951829,"2021-10-20T13:49:11+05:30"
64,99,124,31.35,43.96,1634717982386,"2021-10-20T13:49:42+05:30"
62,100,131,31.37,42.07,1634718013184,"2021-10-20T13:50:13+05:30"
63,93,109,31.32,42.47,1634718043736,"2021-10-20T13:50:43+05:30"
62,90,105,31.38,42.8,1634718074303,"2021-10-20T13:51:14+05:30"
64,95,105,31.31,41.91,1634718104917,"2021-10-20T13:51:44+05:30"
63,91,102,31.21,42.09,1634718135452,"2021-10-20T13:52:15+05:30"
56,83,95,31.49,40.28,1634719783354,"2021-10-20T14:19:43+05:30"
58,84,93,31.49,39.89,1634719794090,"2021-10-20T14:19:54+05:30"
57,83,90,31.45,39.83,1634719824361,"2021-10-20T14:20:24+05:30"
57,83,95,31.43,39.85,1634719854945,"2021-10-20T14:20:54+05:30"
56,80,89,31.46,38.9,1634719885513,"2021-10-20T14:21:25+05:30"
54,77,86,31.41,39.75,1634719916094,"2021-10-20T14:21:56+05:30"
56,80,88,31.38,40.25,1634719946654,"2021-10-20T14:22:26+05:30"
57,80,94,31.52,40.77,1634719977299,"2021-10-20T14:22:57+05:30"
56,82,93,31.57,40.62,1634720007886,"2021-10-20T14:23:27+05:30"
56,80,87,31.48,39.58,1634720038545,"2021-10-20T14:23:58+05:30"
57,81,91,31.56,40.75,1634720069032,"2021-10-20T14:24:29+05:30"
55,78,89,31.61,40.59,1634720099607,"2021-10-20T14:24:59+05:30"
58,85,104,31.61,41.79,1634720130178,"2021-10-20T14:25:30+05:30"
59,87,104,31.57,42.09,1634720160757,"2021-10-20T14:26:00+05:30"
58,84,95,31.57,40.85,1634720191317,"2021-10-20T14:26:31+05:30"
54,79,89,31.54,39.72,1634720221894,"2021-10-20T14:27:01+05:30"
54,79,88,31.56,39.58,1634720252472,"2021-10-20T14:27:32+05:30"
56,83,93,31.66,41.18,1634720283044,"2021-10-20T14:28:03+05:30"
57,85,102,31.73,41.31,1634720313606,"2021-10-20T14:28:33+05:30"
56,84,102,31.78,40.88,1634720344211,"2021-10-20T14:29:04+05:30"
54,79,91,31.77,41.35,1634720374767,"2021-10-20T14:29:34+05:30"
58,83,96,31.76,40.86,1634720405340,"2021-10-20T14:30:05+05:30"
54,80,93,31.75,39.65,1634720435914,"2021-10-20T14:30:35+05:30"
54,81,94,31.8,40.18,1634720467434,"2021-10-20T14:31:07+05:30"
54,81,90,31.81,39.56,1634720497270,"2021-10-20T14:31:37+05:30"
54,80,95,31.82,39.06,1634720527610,"2021-10-20T14:32:07+05:30"
54,78,90,31.74,38.54,1634720558428,"2021-10-20T14:32:38+05:30"
53,78,91,31.75,39.75,1634720588774,"2021-10-20T14:33:08+05:30"
55,83,100,31.78,40.08,1634720619337,"2021-10-20T14:33:39+05:30"
56,87,105,31.84,39.98,1634720650226,"2021-10-20T14:34:10+05:30"
57,88,105,31.87,40.6,1634720683688,"2021-10-20T14:34:43+05:30"
60,91,107,31.92,40.77,1634720702423,"2021-10-20T14:35:02+05:30"
58,85,110,31.96,41.4,1634720733039,"2021-10-20T14:35:33+05:30"
56,88,110,31.96,41.93,1634720763712,"2021-10-20T14:36:03+05:30"
73,112,154,31.92,41.29,1634720794298,"2021-10-20T14:36:34+05:30"
59,89,111,31.95,39.4,1634720824868,"2021-10-20T14:37:04+05:30"
55,85,104,31.93,39.84,1634720855463,"2021-10-20T14:37:35+05:30"
56,85,104,31.88,40.66,1634720886410,"2021-10-20T14:38:06+05:30"
54,78,90,31.84,39.75,1634720916596,"2021-10-20T14:38:36+05:30"
54,77,88,31.86,40.31,1634720947162,"2021-10-20T14:39:07+05:30"
55,80,91,31.9,40.12,1634720977780,"2021-10-20T14:39:37+05:30"
56,84,100,31.91,40.76,1634721008676,"2021-10-20T14:40:08+05:30"
54,78,91,31.81,39.65,1634721038928,"2021-10-20T14:40:38+05:30"
53,75,82,31.83,39.45,1634721070008,"2021-10-20T14:41:10+05:30"
51,75,82,31.83,39.28,1634721100079,"2021-10-20T14:41:40+05:30"
53,76,86,31.88,39.92,1634721130634,"2021-10-20T14:42:10+05:30"
52,76,86,31.81,39.39,1634721161262,"2021-10-20T14:42:41+05:30"
51,75,82,31.85,39.05,1634721191987,"2021-10-20T14:43:11+05:30"
55,82,99,31.88,40.71,1634721222373,"2021-10-20T14:43:42+05:30"
54,78,86,31.81,39.33,1634721252958,"2021-10-20T14:44:12+05:30"
52,74,82,31.74,39.5,1634721283501,"2021-10-20T14:44:43+05:30"
51,74,82,31.7,38.86,1634721314075,"2021-10-20T14:45:14+05:30"
50,75,85,31.65,38.59,1634721344663,"2021-10-20T14:45:44+05:30"
51,76,84,31.69,38.76,1634721375218,"2021-10-20T14:46:15+05:30"
50,73,80,31.64,39.7,1634721405802,"2021-10-20T14:46:45+05:30"
52,75,85,31.71,40.21,1634721436351,"2021-10-20T14:47:16+05:30"
53,79,93,31.69,41.06,1634721466919,"2021-10-20T14:47:46+05:30"
52,76,87,31.65,39.94,1634721497492,"2021-10-20T14:48:17+05:30"
54,79,93,31.69,40.61,1634721528065,"2021-10-20T14:48:48+05:30"
52,76,88,31.75,38.77,1634721559072,"2021-10-20T14:49:19+05:30"
52,74,88,31.8,37.97,1634721587162,"2021-10-20T14:49:47+05:30"
50,72,81,31.75,37.77,1634721617736,"2021-10-20T14:50:17+05:30"
51,75,88,31.78,38.9,1634721648795,"2021-10-20T14:50:48+05:30"
53,78,90,31.76,39.2,1634721679026,"2021-10-20T14:51:19+05:30"
51,74,85,31.66,38.73,1634721709610,"2021-10-20T14:51:49+05:30"
52,74,81,31.6,38.59,1634721740178,"2021-10-20T14:52:20+05:30"
50,75,86,31.64,38.74,1634721770830,"2021-10-20T14:52:50+05:30"
54,81,91,31.61,39.48,1634721801392,"2021-10-20T14:53:21+05:30"
56,81,100,31.59,40.92,1634721831956,"2021-10-20T14:53:51+05:30"
54,79,93,31.5,39.87,1634721862526,"2021-10-20T14:54:22+05:30"
53,78,95,31.53,39.83,1634721894711,"2021-10-20T14:54:54+05:30"
53,77,98,31.47,39.57,1634721923693,"2021-10-20T14:55:23+05:30"
53,82,114,31.53,41,1634721954262,"2021-10-20T14:55:54+05:30"
53,78,93,31.59,40.16,1634721984830,"2021-10-20T14:56:24+05:30"
53,81,102,31.59,40.6,1634722015387,"2021-10-20T14:56:55+05:30"
52,77,93,31.57,39.16,1634722045980,"2021-10-20T14:57:25+05:30"
53,74,89,31.5,39.26,1634722076550,"2021-10-20T14:57:56+05:30"
52,75,85,31.45,39.86,1634722107131,"2021-10-20T14:58:27+05:30"
50,72,80,31.41,39.78,1634722137698,"2021-10-20T14:58:57+05:30"
51,77,91,31.45,41.19,1634722168254,"2021-10-20T14:59:28+05:30"
53,82,104,31.38,40.27,1634722198815,"2021-10-20T14:59:58+05:30"
52,72,86,31.35,40,1634722229399,"2021-10-20T15:00:29+05:30"
53,77,94,31.48,40.44,1634722259960,"2021-10-20T15:00:59+05:30"
50,72,81,31.6,38.82,1634722290712,"2021-10-20T15:01:30+05:30"
49,72,82,31.62,38.62,1634722321162,"2021-10-20T15:02:01+05:30"
50,73,83,31.6,37.77,1634722351720,"2021-10-20T15:02:31+05:30"
50,73,87,31.62,38.47,1634722382301,"2021-10-20T15:03:02+05:30"
50,76,94,31.61,39.11,1634722412863,"2021-10-20T15:03:32+05:30"
52,77,99,31.63,39.6,1634722443426,"2021-10-20T15:04:03+05:30"
51,76,93,31.66,39.85,1634722474350,"2021-10-20T15:04:34+05:30"
48,69,80,31.67,38.85,1634722505550,"2021-10-20T15:05:05+05:30"
48,71,83,31.69,37.8,1634722536098,"2021-10-20T15:05:36+05:30"
47,68,81,31.67,38.09,1634722566668,"2021-10-20T15:06:06+05:30"
48,69,85,31.69,38.38,1634722597295,"2021-10-20T15:06:37+05:30"
49,72,87,31.71,37.57,1634722627877,"2021-10-20T15:07:07+05:30"
49,73,83,31.68,37.85,1634722658905,"2021-10-20T15:07:38+05:30"
50,69,81,31.69,37.27,1634722689285,"2021-10-20T15:08:09+05:30"
48,67,79,31.72,36.77,1634722719834,"2021-10-20T15:08:39+05:30"
45,67,77,31.72,36.8,1634722750419,"2021-10-20T15:09:10+05:30"
47,69,80,31.66,37.21,1634722780993,"2021-10-20T15:09:40+05:30"
48,69,80,31.62,37.35,1634722811650,"2021-10-20T15:10:11+05:30"
47,69,80,31.52,37.3,1634722842223,"2021-10-20T15:10:42+05:30"
47,68,84,31.54,37.96,1634722872881,"2021-10-20T15:11:12+05:30"
47,68,82,31.6,38.41,1634722903368,"2021-10-20T15:11:43+05:30"
49,71,81,31.57,37.48,1634722933932,"2021-10-20T15:12:13+05:30"
47,69,80,31.55,38.42,1634722964499,"2021-10-20T15:12:44+05:30"
47,71,80,31.61,38.49,1634722995081,"2021-10-20T15:13:15+05:30"
47,70,85,31.58,37.89,1634723025649,"2021-10-20T15:13:45+05:30"
48,73,87,31.52,38.34,1634723056206,"2021-10-20T15:14:16+05:30"
47,68,80,31.6,37.73,1634723086775,"2021-10-20T15:14:46+05:30"
49,75,90,31.61,38.61,1634723117367,"2021-10-20T15:15:17+05:30"
48,71,86,31.58,38.52,1634723147923,"2021-10-20T15:15:47+05:30"
48,73,86,31.51,39.57,1634723178558,"2021-10-20T15:16:18+05:30"
47,73,90,31.56,39.83,1634723209127,"2021-10-20T15:16:49+05:30"
47,71,90,31.5,38.89,1634723239768,"2021-10-20T15:17:19+05:30"
48,68,79,31.43,38.79,1634723270284,"2021-10-20T15:17:50+05:30"
50,71,84,31.41,39.8,1634723300869,"2021-10-20T15:18:20+05:30"
46,69,80,31.34,39.55,1634723331407,"2021-10-20T15:18:51+05:30"
46,68,77,31.31,39.14,1634723362006,"2021-10-20T15:19:22+05:30"
50,73,86,31.32,40.45,1634723388348,"2021-10-20T15:19:48+05:30"
49,74,93,31.31,41.43,1634723419300,"2021-10-20T15:20:19+05:30"
47,68,82,31.36,40.55,1634723449501,"2021-10-20T15:20:49+05:30"
49,76,96,31.38,40.58,1634723480550,"2021-10-20T15:21:20+05:30"
47,69,82,31.44,39.24,1634723510714,"2021-10-20T15:21:50+05:30"
48,71,83,31.48,38.54,1634723542953,"2021-10-20T15:22:22+05:30"
46,66,78,31.52,37.59,1634723571847,"2021-10-20T15:22:51+05:30"
48,74,88,31.53,38.49,1634723602412,"2021-10-20T15:23:22+05:30"
48,73,88,31.52,38.58,1634723633010,"2021-10-20T15:23:53+05:30"
48,69,82,31.54,38.39,1634723663576,"2021-10-20T15:24:23+05:30"
47,71,84,31.5,38.83,1634723694147,"2021-10-20T15:24:54+05:30"
47,68,81,31.45,39.33,1634723724701,"2021-10-20T15:25:24+05:30"
51,73,87,31.47,39.27,1634723755280,"2021-10-20T15:25:55+05:30"
50,70,81,31.41,39.51,1634723785842,"2021-10-20T15:26:25+05:30"
47,69,78,31.38,38.88,1634723816417,"2021-10-20T15:26:56+05:30"
48,73,85,31.33,39.99,1634723846979,"2021-10-20T15:27:26+05:30"
48,73,89,31.26,41.1,1634723877551,"2021-10-20T15:27:57+05:30"
50,72,86,31.23,41.06,1634723908135,"2021-10-20T15:28:28+05:30"
51,73,87,31.19,40.67,1634723938694,"2021-10-20T15:28:58+05:30"
48,72,87,31.26,39.01,1634723969339,"2021-10-20T15:29:29+05:30"
47,73,90,31.29,39.81,1634723999834,"2021-10-20T15:29:59+05:30"
50,81,113,31.27,40.24,1634724030414,"2021-10-20T15:30:30+05:30"
47,70,89,31.26,39.27,1634724060999,"2021-10-20T15:31:00+05:30"
47,72,89,31.24,39.44,1634724091587,"2021-10-20T15:31:31+05:30"
49,74,88,31.25,40.17,1634724122132,"2021-10-20T15:32:02+05:30"
49,73,87,31.26,40.4,1634724152719,"2021-10-20T15:32:32+05:30"
52,77,100,31.35,38.69,1634724290018,"2021-10-20T15:34:50+05:30"
70,105,120,31.35,39.54,1634724300659,"2021-10-20T15:35:00+05:30"
60,91,109,31.3,39.62,1634724331323,"2021-10-20T15:35:31+05:30"
48,69,82,31.32,38.39,1634724361886,"2021-10-20T15:36:01+05:30"
47,68,79,31.36,38.35,1634724392459,"2021-10-20T15:36:32+05:30"
50,76,93,31.34,39.53,1634724423025,"2021-10-20T15:37:03+05:30"
49,78,105,31.27,40.1,1634724453596,"2021-10-20T15:37:33+05:30"
50,76,92,31.2,40.11,1634724484168,"2021-10-20T15:38:04+05:30"
47,72,86,31.17,39.66,1634724515185,"2021-10-20T15:38:35+05:30"
47,69,78,31.18,38.65,1634724545312,"2021-10-20T15:39:05+05:30"
46,67,77,31.22,38.08,1634724575896,"2021-10-20T15:39:35+05:30"
47,73,97,31.21,38.33,1634724606449,"2021-10-20T15:40:06+05:30"
45,71,86,31.19,38.66,1634724637044,"2021-10-20T15:40:37+05:30"
46,70,82,31.19,38.68,1634724667646,"2021-10-20T15:41:07+05:30"
46,68,79,31.21,38.75,1634724698169,"2021-10-20T15:41:38+05:30"
47,69,82,31.21,39.43,1634724728742,"2021-10-20T15:42:08+05:30"
46,69,83,31.16,38.89,1634724759457,"2021-10-20T15:42:39+05:30"
47,67,78,31.14,39.21,1634724789908,"2021-10-20T15:43:09+05:30"
46,67,78,31.11,39.24,1634724820457,"2021-10-20T15:43:40+05:30"
49,76,97,31.11,39.79,1634724851009,"2021-10-20T15:44:11+05:30"
48,73,92,31.09,39.1,1634724881771,"2021-10-20T15:44:41+05:30"
47,71,90,31.05,39.75,1634724912257,"2021-10-20T15:45:12+05:30"
47,73,90,31,40.03,1634724942820,"2021-10-20T15:45:42+05:30"
47,68,81,30.97,39.06,1634724973401,"2021-10-20T15:46:13+05:30"
47,69,83,30.96,39.57,1634725003968,"2021-10-20T15:46:43+05:30"
46,70,85,30.96,39.13,1634725034793,"2021-10-20T15:47:14+05:30"
46,68,78,30.96,38.88,1634725065109,"2021-10-20T15:47:45+05:30"
47,67,78,30.94,39.61,1634725095676,"2021-10-20T15:48:15+05:30"
47,69,81,30.94,39.61,1634725126298,"2021-10-20T15:48:46+05:30"
47,69,85,30.93,40.12,1634725156814,"2021-10-20T15:49:16+05:30"
47,70,86,30.84,40.78,1634725190183,"2021-10-20T15:49:50+05:30"
48,71,88,30.82,41.57,1634725220829,"2021-10-20T15:50:20+05:30"
47,69,80,30.74,41.33,1634725251330,"2021-10-20T15:50:51+05:30"
47,68,80,30.77,41.47,1634725281986,"2021-10-20T15:51:21+05:30"
48,69,82,30.74,41.37,1634725312552,"2021-10-20T15:51:52+05:30"
47,69,78,30.75,40.99,1634725343140,"2021-10-20T15:52:23+05:30"
47,67,77,30.8,40.47,1634725373703,"2021-10-20T15:52:53+05:30"
47,69,78,30.8,40.1,1634725404268,"2021-10-20T15:53:24+05:30"
50,75,83,30.77,41.24,1634725434869,"2021-10-20T15:53:54+05:30"
46,68,79,30.73,40.64,1634725465416,"2021-10-20T15:54:25+05:30"
48,71,80,30.75,40.42,1634725495991,"2021-10-20T15:54:55+05:30"
46,67,80,30.75,40.81,1634725526581,"2021-10-20T15:55:26+05:30"
46,65,76,30.75,40.42,1634725557126,"2021-10-20T15:55:57+05:30"
48,67,80,30.72,40.22,1634725587722,"2021-10-20T15:56:27+05:30"
46,68,78,30.76,39.34,1634725618271,"2021-10-20T15:56:58+05:30"
47,67,77,30.76,39.86,1634725649011,"2021-10-20T15:57:29+05:30"
47,69,79,30.74,40.42,1634725679410,"2021-10-20T15:57:59+05:30"
47,69,82,30.73,40.34,1634725710001,"2021-10-20T15:58:30+05:30"
49,70,79,30.72,40.41,1634725740562,"2021-10-20T15:59:00+05:30"
52,75,85,30.69,40.86,1634725771138,"2021-10-20T15:59:31+05:30"
51,74,88,30.67,40.88,1634725801703,"2021-10-20T16:00:01+05:30"
48,71,83,30.69,40.71,1634725832289,"2021-10-20T16:00:32+05:30"
48,70,80,30.66,40.64,1634725863129,"2021-10-20T16:01:03+05:30"
49,71,82,30.74,39.92,1634725893423,"2021-10-20T16:01:33+05:30"
57,85,99,30.8,40.14,1634725923994,"2021-10-20T16:02:03+05:30"
56,82,97,30.78,40.4,1634725954561,"2021-10-20T16:02:34+05:30"
49,71,79,30.74,40.66,1634725985137,"2021-10-20T16:03:05+05:30"
50,73,84,30.69,40.64,1634726015887,"2021-10-20T16:03:35+05:30"
49,71,84,30.7,40.33,1634726046276,"2021-10-20T16:04:06+05:30"
50,75,90,30.67,40.58,1634726076826,"2021-10-20T16:04:36+05:30"
48,70,84,30.68,40.29,1634726100178,"2021-10-20T16:05:00+05:30"
49,69,78,30.68,40.48,1634726130732,"2021-10-20T16:05:30+05:30"
46,67,78,30.67,40.72,1634726161764,"2021-10-20T16:06:01+05:30"
48,70,82,30.69,41.03,1634726193433,"2021-10-20T16:06:33+05:30"
47,69,80,30.68,41.56,1634726224047,"2021-10-20T16:07:04+05:30"
48,71,81,30.65,41.44,1634726254578,"2021-10-20T16:07:34+05:30"
47,69,78,30.65,41.44,1634726285291,"2021-10-20T16:08:05+05:30"
50,72,84,30.61,42.38,1634726315849,"2021-10-20T16:08:35+05:30"
50,75,89,30.52,43.28,1634726346448,"2021-10-20T16:09:06+05:30"
53,76,93,30.5,42.21,1634726376992,"2021-10-20T16:09:36+05:30"
59,86,103,30.51,41.36,1634726407570,"2021-10-20T16:10:07+05:30"
63,92,107,30.55,41.53,1634726438152,"2021-10-20T16:10:38+05:30"
60,87,100,30.56,41.57,1634726468826,"2021-10-20T16:11:08+05:30"
58,87,97,30.52,42.12,1634726499290,"2021-10-20T16:11:39+05:30"
54,82,97,30.47,42.86,1634726530018,"2021-10-20T16:12:10+05:30"
52,76,92,30.45,42.52,1634726560437,"2021-10-20T16:12:40+05:30"
53,78,93,30.48,42.72,1634726591373,"2021-10-20T16:13:11+05:30"
50,77,89,30.45,43.14,1634726621580,"2021-10-20T16:13:41+05:30"
50,73,85,30.43,42.8,1634726652156,"2021-10-20T16:14:12+05:30"
50,75,92,30.4,43.44,1634726683019,"2021-10-20T16:14:43+05:30"
52,77,99,30.4,42.82,1634726713403,"2021-10-20T16:15:13+05:30"
52,78,92,30.39,43.05,1634726743957,"2021-10-20T16:15:43+05:30"
51,75,88,30.39,42.52,1634726774539,"2021-10-20T16:16:14+05:30"
51,76,92,30.38,43.01,1634726805095,"2021-10-20T16:16:45+05:30"
52,78,94,30.33,43.82,1634726835689,"2021-10-20T16:17:15+05:30"
52,78,94,30.35,43.18,1634726866488,"2021-10-20T16:17:46+05:30"
51,78,94,30.4,42.64,1634726896838,"2021-10-20T16:18:16+05:30"
52,75,89,30.4,43.05,1634726927375,"2021-10-20T16:18:47+05:30"
54,78,89,30.36,42.45,1634726957953,"2021-10-20T16:19:17+05:30"
52,76,89,30.39,42.15,1634726991935,"2021-10-20T16:19:51+05:30"
52,78,88,30.46,42.25,1634727022524,"2021-10-20T16:20:22+05:30"
57,84,100,30.48,42.43,1634727053498,"2021-10-20T16:20:53+05:30"
55,80,95,30.44,42.86,1634727083762,"2021-10-20T16:21:23+05:30"
64,98,119,30.42,42.69,1634727114375,"2021-10-20T16:21:54+05:30"
68,105,134,30.39,43.2,1634727144923,"2021-10-20T16:22:24+05:30"
81,127,156,30.37,43.41,1634727175865,"2021-10-20T16:22:55+05:30"
82,127,155,30.38,43.41,1634727206097,"2021-10-20T16:23:26+05:30"
78,121,151,30.36,43.76,1634727236673,"2021-10-20T16:23:56+05:30"
69,103,123,30.38,42.9,1634727267355,"2021-10-20T16:24:27+05:30"
68,105,123,30.41,43.3,1634727297815,"2021-10-20T16:24:57+05:30"
66,98,116,30.38,43.55,1634727328427,"2021-10-20T16:25:28+05:30"
63,95,112,30.39,43.26,1634727358984,"2021-10-20T16:25:58+05:30"
72,105,124,30.36,43.96,1634727389556,"2021-10-20T16:26:29+05:30"
79,118,138,30.3,44.25,1634727420140,"2021-10-20T16:27:00+05:30"
68,106,123,30.33,42.93,1634727450717,"2021-10-20T16:27:30+05:30"
67,97,110,30.38,42.42,1634727481527,"2021-10-20T16:28:01+05:30"
63,93,109,30.39,43.02,1634727511869,"2021-10-20T16:28:31+05:30"
62,93,106,30.39,43.91,1634727542448,"2021-10-20T16:29:02+05:30"
63,94,109,30.32,44.5,1634727573054,"2021-10-20T16:29:33+05:30"
63,93,115,30.28,44.41,1634727603644,"2021-10-20T16:30:03+05:30"
65,99,120,30.27,44.7,1634727634194,"2021-10-20T16:30:34+05:30"
56,83,101,30.31,43.86,1634727664776,"2021-10-20T16:31:04+05:30"
53,79,93,30.36,43.49,1634727695352,"2021-10-20T16:31:35+05:30"
58,87,102,30.31,44.69,1634727725965,"2021-10-20T16:32:05+05:30"
68,100,114,30.3,44.78,1634727756511,"2021-10-20T16:32:36+05:30"
70,108,129,30.28,44.99,1634727787145,"2021-10-20T16:33:07+05:30"
66,97,115,30.24,45.56,1634727817758,"2021-10-20T16:33:37+05:30"
66,103,120,30.18,46.27,1634727848270,"2021-10-20T16:34:08+05:30"
63,100,123,30.18,46.79,1634727878865,"2021-10-20T16:34:38+05:30"
66,102,126,30.15,46.39,1634727911881,"2021-10-20T16:35:11+05:30"
67,105,129,30.16,45.91,1634727942484,"2021-10-20T16:35:42+05:30"
65,101,123,30.17,46.63,1634727973049,"2021-10-20T16:36:13+05:30"
72,107,129,30.16,46.16,1634728003639,"2021-10-20T16:36:43+05:30"
68,107,132,30.14,46.53,1634728034208,"2021-10-20T16:37:14+05:30"
71,109,145,30.12,46.65,1634728064775,"2021-10-20T16:37:44+05:30"
68,106,136,30.13,45.63,1634728095373,"2021-10-20T16:38:15+05:30"
66,99,122,30.16,45.36,1634728125948,"2021-10-20T16:38:45+05:30"
70,105,127,30.15,45.29,1634728156522,"2021-10-20T16:39:16+05:30"
71,105,121,30.16,45.37,1634728187097,"2021-10-20T16:39:47+05:30"
91,136,159,30.14,45.8,1634728217680,"2021-10-20T16:40:17+05:30"
97,138,159,30.11,45.96,1634728248767,"2021-10-20T16:40:48+05:30"
82,117,136,30.11,46.39,1634728278838,"2021-10-20T16:41:18+05:30"
77,111,134,30.08,46.4,1634728309427,"2021-10-20T16:41:49+05:30"
75,109,121,30.06,45.97,1634728343842,"2021-10-20T16:42:23+05:30"
77,110,130,30.07,45.81,1634728370585,"2021-10-20T16:42:50+05:30"
85,124,142,30.07,45.36,1634728401192,"2021-10-20T16:43:21+05:30"
81,122,152,30.08,45.42,1634728431746,"2021-10-20T16:43:51+05:30"
74,106,121,30.09,45.23,1634728462604,"2021-10-20T16:44:22+05:30"
75,111,127,30.09,45.15,1634728492916,"2021-10-20T16:44:52+05:30"
80,117,134,30.09,44.91,1634728523597,"2021-10-20T16:45:23+05:30"
75,108,124,30.12,44.85,1634728554064,"2021-10-20T16:45:54+05:30"
81,120,139,30.1,45.46,1634728584634,"2021-10-20T16:46:24+05:30"
78,114,138,30.04,45.93,1634728615423,"2021-10-20T16:46:55+05:30"
72,109,128,30.05,46.05,1634728645800,"2021-10-20T16:47:25+05:30"
69,104,122,30.04,46.39,1634728676445,"2021-10-20T16:47:56+05:30"
74,113,140,30.02,46.89,1634728707385,"2021-10-20T16:48:27+05:30"
78,120,146,30,46.72,1634728737857,"2021-10-20T16:48:57+05:30"
79,120,147,29.98,46.97,1634728768128,"2021-10-20T16:49:28+05:30"
78,118,137,29.98,46.31,1634728793713,"2021-10-20T16:49:53+05:30"
77,116,137,29.97,46.71,1634728824354,"2021-10-20T16:50:24+05:30"
121,172,193,29.95,46.93,1634728854960,"2021-10-20T16:50:54+05:30"
102,147,166,29.94,46.86,1634728885627,"2021-10-20T16:51:25+05:30"
91,134,153,29.97,46.55,1634728916189,"2021-10-20T16:51:56+05:30"
69,102,122,30.02,44.95,1634728946798,"2021-10-20T16:52:26+05:30"
61,91,102,30.1,44.37,1634728977371,"2021-10-20T16:52:57+05:30"
62,93,107,30.13,44.74,1634729007952,"2021-10-20T16:53:27+05:30"
64,97,115,30.1,45.61,1634729038707,"2021-10-20T16:53:58+05:30"
65,98,125,30.07,45.56,1634729069506,"2021-10-20T16:54:29+05:30"
69,104,126,30.05,45.84,1634729101219,"2021-10-20T16:55:01+05:30"
63,92,110,30.03,45,1634729131624,"2021-10-20T16:55:31+05:30"
62,95,115,30.03,45.47,1634729162281,"2021-10-20T16:56:02+05:30"
67,107,127,30,45.82,1634729192868,"2021-10-20T16:56:32+05:30"
67,100,112,30,44.86,1634729223438,"2021-10-20T16:57:03+05:30"
64,95,108,30,45.16,1634729254027,"2021-10-20T16:57:34+05:30"
65,100,118,29.98,45.74,1634729284907,"2021-10-20T16:58:04+05:30"
70,107,125,29.97,45.26,1634729315274,"2021-10-20T16:58:35+05:30"
71,109,132,29.96,45.94,1634729346505,"2021-10-20T16:59:06+05:30"
73,110,138,29.91,46.46,1634729376448,"2021-10-20T16:59:36+05:30"
70,105,128,29.9,46.47,1634729407011,"2021-10-20T17:00:07+05:30"
72,109,130,29.86,46.85,1634729437596,"2021-10-20T17:00:37+05:30"
69,107,127,29.84,46.96,1634729468189,"2021-10-20T17:01:08+05:30"
70,106,125,29.83,46.92,1634729498769,"2021-10-20T17:01:38+05:30"
73,108,132,29.82,47.58,1634729529339,"2021-10-20T17:02:09+05:30"
76,113,138,29.8,48.05,1634729559920,"2021-10-20T17:02:39+05:30"
79,119,139,29.79,48.08,1634729590517,"2021-10-20T17:03:10+05:30"
74,112,131,29.78,48.81,1634729621088,"2021-10-20T17:03:41+05:30"
74,113,141,29.78,48.91,1634729651664,"2021-10-20T17:04:11+05:30"
71,106,126,29.77,49.25,1634729682228,"2021-10-20T17:04:42+05:30"
69,104,127,29.75,49.51,1634729713395,"2021-10-20T17:05:13+05:30"
69,103,128,29.75,49.66,1634729743604,"2021-10-20T17:05:43+05:30"
68,104,132,29.7,49.08,1634729774166,"2021-10-20T17:06:14+05:30"
67,102,127,29.71,47.06,1634729804758,"2021-10-20T17:06:44+05:30"
68,103,125,29.74,47.17,1634729835334,"2021-10-20T17:07:15+05:30"
68,102,123,29.78,47.24,1634729865922,"2021-10-20T17:07:45+05:30"
65,95,110,29.8,46.74,1634729896476,"2021-10-20T17:08:16+05:30"
66,99,121,29.79,46.92,1634729927314,"2021-10-20T17:08:47+05:30"
70,108,134,29.79,47.48,1634729957658,"2021-10-20T17:09:17+05:30"
65,96,119,29.81,47.19,1634729988227,"2021-10-20T17:09:48+05:30"
67,100,120,29.8,47.54,1634730018904,"2021-10-20T17:10:18+05:30"
62,93,104,29.78,47.13,1634730049503,"2021-10-20T17:10:49+05:30"
66,101,125,29.77,47.61,1634730080500,"2021-10-20T17:11:20+05:30"
69,104,128,29.75,48.17,1634730110641,"2021-10-20T17:11:50+05:30"
69,102,124,29.74,48.23,1634730141346,"2021-10-20T17:12:21+05:30"
67,102,123,29.72,48.29,1634730171806,"2021-10-20T17:12:51+05:30"
64,98,114,29.71,48.68,1634730202512,"2021-10-20T17:13:22+05:30"
64,96,114,29.71,48.8,1634730232963,"2021-10-20T17:13:52+05:30"
60,91,114,29.68,48.8,1634730263551,"2021-10-20T17:14:23+05:30"
59,87,104,29.65,48.53,1634730294129,"2021-10-20T17:14:54+05:30"
59,88,102,29.6,48.5,1634730324722,"2021-10-20T17:15:24+05:30"
65,97,116,29.56,49.26,1634730355283,"2021-10-20T17:15:55+05:30"
63,95,117,29.57,49.48,1634730386186,"2021-10-20T17:16:26+05:30"
61,93,114,29.55,49.53,1634730416681,"2021-10-20T17:16:56+05:30"
62,95,116,29.51,49.93,1634730447268,"2021-10-20T17:17:27+05:30"
67,102,126,29.49,50.17,1634730477870,"2021-10-20T17:17:57+05:30"
62,94,120,29.49,50.43,1634730508588,"2021-10-20T17:18:28+05:30"
61,88,106,29.49,50.31,1634730539417,"2021-10-20T17:18:59+05:30"
60,91,113,29.46,50.26,1634730569579,"2021-10-20T17:19:29+05:30"
58,89,110,29.38,50.51,1634730596351,"2021-10-20T17:19:56+05:30"
60,90,109,29.35,50.84,1634730627311,"2021-10-20T17:20:27+05:30"
65,108,155,29.28,51.31,1634730657837,"2021-10-20T17:20:57+05:30"
63,103,140,29.28,51.31,1634730688420,"2021-10-20T17:21:28+05:30"
61,96,134,29.28,51.01,1634730719219,"2021-10-20T17:21:59+05:30"
62,101,134,29.28,51.09,1634730749736,"2021-10-20T17:22:29+05:30"
64,98,123,29.22,51.46,1634730780363,"2021-10-20T17:23:00+05:30"
61,93,114,29.2,52.07,1634730811086,"2021-10-20T17:23:31+05:30"
61,95,121,29.19,52.05,1634730841959,"2021-10-20T17:24:01+05:30"
59,91,116,29.22,51.9,1634730872535,"2021-10-20T17:24:32+05:30"
63,102,136,29.22,52.06,1634730903306,"2021-10-20T17:25:03+05:30"
60,97,118,29.22,52.24,1634730933911,"2021-10-20T17:25:33+05:30"
58,90,109,29.23,52.27,1634730964462,"2021-10-20T17:26:04+05:30"
60,92,111,29.23,52.32,1634730995033,"2021-10-20T17:26:35+05:30"
59,88,110,29.24,52.52,1634731025615,"2021-10-20T17:27:05+05:30"
60,89,114,29.24,52.6,1634731056195,"2021-10-20T17:27:36+05:30"
60,94,119,29.23,52.15,1634731086960,"2021-10-20T17:28:06+05:30"
58,93,121,29.22,52.77,1634731117556,"2021-10-20T17:28:37+05:30"
62,92,116,29.21,52.95,1634731148367,"2021-10-20T17:29:08+05:30"
61,92,118,29.2,53.05,1634731178971,"2021-10-20T17:29:38+05:30"
63,97,125,29.19,52.96,1634731209709,"2021-10-20T17:30:09+05:30"
63,97,125,29.19,52.96,1634731225719,"2021-10-20T17:30:25+05:30"
63,97,125,29.19,52.96,1634731227766,"2021-10-20T17:30:27+05:30"
61,95,123,29.19,52.81,1634731240272,"2021-10-20T17:30:40+05:30"
59,91,111,29.22,52.91,1634731270882,"2021-10-20T17:31:10+05:30"
59,91,115,29.24,52.79,1634731301429,"2021-10-20T17:31:41+05:30"
59,90,115,29.23,52.92,1634731332028,"2021-10-20T17:32:12+05:30"
61,93,123,29.23,53.11,1634731362687,"2021-10-20T17:32:42+05:30"
61,94,122,29.23,53.19,1634731393170,"2021-10-20T17:33:13+05:30"
61,94,114,29.23,53.07,1634731423999,"2021-10-20T17:33:43+05:30"
61,93,112,29.23,53.02,1634731454342,"2021-10-20T17:34:14+05:30"
62,95,121,29.22,52.81,1634731485013,"2021-10-20T17:34:45+05:30"
60,91,110,29.2,52.76,1634731515363,"2021-10-20T17:35:15+05:30"
61,93,111,29.2,52.98,1634731545497,"2021-10-20T17:35:45+05:30"
60,93,115,29.19,53.29,1634731576041,"2021-10-20T17:36:16+05:30"
63,95,117,29.16,53.54,1634731606883,"2021-10-20T17:36:46+05:30"
64,99,129,29.11,53.23,1634731637218,"2021-10-20T17:37:17+05:30"
61,94,111,29.09,53.4,1634731667812,"2021-10-20T17:37:47+05:30"
60,91,113,29.07,54.09,1634731698420,"2021-10-20T17:38:18+05:30"
61,93,114,29.06,53.61,1634731728936,"2021-10-20T17:38:48+05:30"
64,95,119,29.05,53.99,1634731759520,"2021-10-20T17:39:19+05:30"
73,109,135,29.04,54.3,1634731791235,"2021-10-20T17:39:51+05:30"
72,108,135,29.03,54.17,1634731821814,"2021-10-20T17:40:21+05:30"
69,102,120,29.02,53.57,1634731853656,"2021-10-20T17:40:53+05:30"
64,95,112,28.99,53.57,1634731884644,"2021-10-20T17:41:24+05:30"
66,96,112,28.98,53.8,1634731914993,"2021-10-20T17:41:54+05:30"
66,97,115,28.97,53.54,1634731945565,"2021-10-20T17:42:25+05:30"
78,120,164,29,54.55,1634732099649,"2021-10-20T17:44:59+05:30"
77,120,158,28.99,54.51,1634732129823,"2021-10-20T17:45:29+05:30"
89,145,203,28.99,54.71,1634732191466,"2021-10-20T17:46:31+05:30"
108,155,206,28.98,54.71,1634732222054,"2021-10-20T17:47:02+05:30"
97,141,190,28.96,55.19,1634732252638,"2021-10-20T17:47:32+05:30"
88,133,172,28.94,55.03,1634732283526,"2021-10-20T17:48:03+05:30"
92,143,191,28.93,55.18,1634732314473,"2021-10-20T17:48:34+05:30"
88,134,181,28.94,55.55,1634732344687,"2021-10-20T17:49:04+05:30"
79,121,155,28.9,55.63,1634732375272,"2021-10-20T17:49:35+05:30"
78,119,146,28.85,55.64,1634732405866,"2021-10-20T17:50:05+05:30"
75,116,141,28.84,55.39,1634732436437,"2021-10-20T17:50:36+05:30"
71,109,137,28.85,54.96,1634732467006,"2021-10-20T17:51:07+05:30"
63,93,110,28.87,53.44,1634732497716,"2021-10-20T17:51:37+05:30"
60,90,109,28.91,53.1,1634732528419,"2021-10-20T17:52:08+05:30"
60,90,107,28.94,53.15,1634732558744,"2021-10-20T17:52:38+05:30"
61,90,109,28.96,52.95,1634732589328,"2021-10-20T17:53:09+05:30"
64,98,116,28.96,53.22,1634732619993,"2021-10-20T17:53:39+05:30"
61,90,107,28.96,53.22,1634732650673,"2021-10-20T17:54:10+05:30"
62,95,116,28.95,53.35,1634732681135,"2021-10-20T17:54:41+05:30"
61,92,111,28.96,53.05,1634732711788,"2021-10-20T17:55:11+05:30"
64,98,122,28.96,53.42,1634732742643,"2021-10-20T17:55:42+05:30"
63,96,116,28.97,53.61,1634732772889,"2021-10-20T17:56:12+05:30"
71,106,127,28.96,54.39,1634732803456,"2021-10-20T17:56:43+05:30"
83,124,147,28.95,54.55,1634732834038,"2021-10-20T17:57:14+05:30"
86,129,154,28.92,54.68,1634732864627,"2021-10-20T17:57:44+05:30"
79,118,139,28.92,54.48,1634732895280,"2021-10-20T17:58:15+05:30"
79,120,148,28.94,54.89,1634732925788,"2021-10-20T17:58:45+05:30"
77,116,138,28.94,54.42,1634732956418,"2021-10-20T17:59:16+05:30"
75,110,135,28.95,54.28,1634732986945,"2021-10-20T17:59:46+05:30"
72,105,126,28.94,54.29,1634733017542,"2021-10-20T18:00:17+05:30"
68,102,124,28.93,53.62,1634733048113,"2021-10-20T18:00:48+05:30"
73,111,136,28.9,55.06,1634733078698,"2021-10-20T18:01:18+05:30"
72,107,134,28.85,56.07,1634733110537,"2021-10-20T18:01:50+05:30"
70,102,124,28.78,55.08,1634733140676,"2021-10-20T18:02:20+05:30"
73,110,131,28.74,55.55,1634733171210,"2021-10-20T18:02:51+05:30"
71,109,129,28.73,55.94,1634733201788,"2021-10-20T18:03:21+05:30"
75,114,143,28.75,56.17,1634733232394,"2021-10-20T18:03:52+05:30"
77,117,156,28.75,56.12,1634733262977,"2021-10-20T18:04:22+05:30"
76,115,146,28.73,55.47,1634733293839,"2021-10-20T18:04:53+05:30"
75,112,143,28.73,55.62,1634733324472,"2021-10-20T18:05:24+05:30"
81,124,158,28.72,55.99,1634733355045,"2021-10-20T18:05:55+05:30"
77,114,139,28.68,55,1634733385612,"2021-10-20T18:06:25+05:30"
74,113,136,28.68,54.67,1634733416843,"2021-10-20T18:06:56+05:30"
75,116,144,28.66,54.99,1634733446858,"2021-10-20T18:07:26+05:30"
74,112,130,28.64,55.14,1634733477354,"2021-10-20T18:07:57+05:30"
76,112,132,28.65,54.81,1634733507952,"2021-10-20T18:08:27+05:30"
77,114,132,28.65,55.21,1634733538508,"2021-10-20T18:08:58+05:30"
74,111,130,28.66,55.85,1634733569126,"2021-10-20T18:09:29+05:30"
73,112,133,28.65,55.36,1634733599715,"2021-10-20T18:09:59+05:30"
77,117,142,28.65,56.02,1634733630265,"2021-10-20T18:10:30+05:30"
76,113,137,28.65,55.92,1634733660836,"2021-10-20T18:11:00+05:30"
76,112,131,28.64,56.18,1634733691515,"2021-10-20T18:11:31+05:30"
76,112,133,28.63,55.1,1634733722125,"2021-10-20T18:12:02+05:30"
74,107,128,28.65,54.89,1634733752571,"2021-10-20T18:12:32+05:30"
73,111,128,28.65,54.73,1634733783186,"2021-10-20T18:13:03+05:30"
76,114,135,28.64,55.49,1634733813733,"2021-10-20T18:13:33+05:30"
81,122,147,28.62,56.22,1634733844318,"2021-10-20T18:14:04+05:30"
78,115,138,28.61,56.03,1634733874929,"2021-10-20T18:14:34+05:30"
80,121,142,28.62,56.15,1634733905496,"2021-10-20T18:15:05+05:30"
97,147,181,28.64,57.43,1634733936057,"2021-10-20T18:15:36+05:30"
94,140,172,28.65,57.12,1634733966639,"2021-10-20T18:16:06+05:30"
97,154,186,28.66,57.18,1634733993054,"2021-10-20T18:16:33+05:30"
109,171,214,28.67,57.09,1634734024125,"2021-10-20T18:17:04+05:30"
102,159,196,28.66,56.53,1634734054421,"2021-10-20T18:17:34+05:30"
100,155,188,28.63,56.58,1634734084939,"2021-10-20T18:18:04+05:30"
91,141,172,28.61,56.25,1634734115532,"2021-10-20T18:18:35+05:30"
95,146,178,28.61,56.63,1634734146186,"2021-10-20T18:19:06+05:30"
99,148,186,28.61,57.02,1634734176686,"2021-10-20T18:19:36+05:30"
115,180,226,28.6,57.45,1634734207265,"2021-10-20T18:20:07+05:30"
118,190,245,28.6,57.6,1634734237864,"2021-10-20T18:20:37+05:30"
116,187,232,28.63,56.81,1634734268433,"2021-10-20T18:21:08+05:30"
117,190,233,28.67,56.4,1634734299013,"2021-10-20T18:21:39+05:30"
121,199,248,28.71,56.8,1634734329586,"2021-10-20T18:22:09+05:30"
101,160,194,28.73,56.1,1634734360221,"2021-10-20T18:22:40+05:30"
117,184,225,28.73,56.4,1634734390810,"2021-10-20T18:23:10+05:30"
108,169,206,28.69,56.26,1634734421923,"2021-10-20T18:23:41+05:30"
114,179,217,28.67,56.52,1634734451965,"2021-10-20T18:24:11+05:30"
109,171,207,28.66,56.57,1634734482578,"2021-10-20T18:24:42+05:30"
104,157,190,28.65,56.22,1634734513130,"2021-10-20T18:25:13+05:30"
102,157,195,28.64,56.5,1634734543708,"2021-10-20T18:25:43+05:30"
104,160,198,28.62,56.31,1634734574287,"2021-10-20T18:26:14+05:30"
101,159,197,28.64,56.68,1634734604965,"2021-10-20T18:26:44+05:30"
108,171,218,28.63,56.53,1634734635452,"2021-10-20T18:27:15+05:30"
101,160,200,28.59,56.35,1634734666044,"2021-10-20T18:27:46+05:30"
97,152,189,28.59,56.18,1634734696605,"2021-10-20T18:28:16+05:30"
101,158,188,28.64,56.24,1634734727223,"2021-10-20T18:28:47+05:30"
105,166,201,28.67,56.24,1634734758470,"2021-10-20T18:29:18+05:30"
99,150,179,28.59,55.34,1634734788529,"2021-10-20T18:29:48+05:30"
91,139,166,28.58,55.58,1634734819013,"2021-10-20T18:30:19+05:30"
105,160,192,28.6,55.7,1634734849522,"2021-10-20T18:30:49+05:30"
107,166,198,28.64,55.83,1634734880104,"2021-10-20T18:31:20+05:30"
109,170,204,28.66,55.74,1634734909979,"2021-10-20T18:31:49+05:30"
116,185,238,28.66,56.16,1634734940569,"2021-10-20T18:32:20+05:30"
112,179,229,28.64,55.92,1634734971141,"2021-10-20T18:32:51+05:30"
125,198,251,28.58,55.84,1634735001697,"2021-10-20T18:33:21+05:30"
124,195,252,28.55,55.89,1634735032294,"2021-10-20T18:33:52+05:30"
126,204,240,28.53,56.11,1634735062862,"2021-10-20T18:34:22+05:30"
129,203,254,28.5,56.33,1634735093498,"2021-10-20T18:34:53+05:30"
127,199,259,28.51,56.38,1634735124619,"2021-10-20T18:35:24+05:30"
119,191,237,28.54,56.49,1634735154690,"2021-10-20T18:35:54+05:30"
123,197,243,28.54,56.41,1634735185267,"2021-10-20T18:36:25+05:30"
122,192,230,28.52,56.02,1634735215853,"2021-10-20T18:36:55+05:30"
109,165,204,28.46,56.18,1634735246439,"2021-10-20T18:37:26+05:30"
108,162,198,28.5,56.64,1634735277015,"2021-10-20T18:37:57+05:30"
105,166,209,28.55,56.59,1634735307609,"2021-10-20T18:38:27+05:30"
113,184,230,28.55,56.49,1634735338189,"2021-10-20T18:38:58+05:30"
119,195,243,28.52,56.55,1634735368816,"2021-10-20T18:39:28+05:30"
121,192,236,28.51,56.36,1634735399335,"2021-10-20T18:39:59+05:30"
116,183,232,28.51,56.21,1634735429943,"2021-10-20T18:40:29+05:30"
114,184,245,28.49,56.4,1634735460499,"2021-10-20T18:41:00+05:30"
107,170,211,28.54,56.39,1634735491169,"2021-10-20T18:41:31+05:30"
107,164,205,28.59,56.24,1634735521673,"2021-10-20T18:42:01+05:30"
116,181,225,28.55,56.05,1634735552233,"2021-10-20T18:42:32+05:30"
118,183,227,28.53,56.02,1634735582828,"2021-10-20T18:43:02+05:30"
119,185,225,28.51,56.54,1634735613396,"2021-10-20T18:43:33+05:30"
120,185,225,28.51,56.41,1634735644029,"2021-10-20T18:44:04+05:30"
120,183,228,28.49,56.13,1634735674571,"2021-10-20T18:44:34+05:30"
118,184,223,28.47,56.18,1634735705160,"2021-10-20T18:45:05+05:30"
112,175,219,28.46,56.38,1634735735725,"2021-10-20T18:45:35+05:30"
109,172,212,28.5,57.16,1634735766294,"2021-10-20T18:46:06+05:30"
107,170,202,28.56,57.16,1634735792098,"2021-10-20T18:46:32+05:30"
103,164,197,28.63,57.2,1634735822372,"2021-10-20T18:47:02+05:30"
104,161,190,28.68,56.86,1634735852941,"2021-10-20T18:47:32+05:30"
123,196,242,28.66,56.44,1634735883905,"2021-10-20T18:48:03+05:30"
134,213,261,28.6,56.49,1634735914462,"2021-10-20T18:48:34+05:30"
126,202,253,28.61,57.02,1634735945073,"2021-10-20T18:49:05+05:30"
119,192,232,28.6,56.56,1634735975630,"2021-10-20T18:49:35+05:30"
125,199,243,28.55,55.85,1634736006204,"2021-10-20T18:50:06+05:30"
118,191,227,28.56,55.91,1634736037273,"2021-10-20T18:50:37+05:30"
121,190,233,28.55,55.74,1634736067407,"2021-10-20T18:51:07+05:30"
119,189,230,28.56,56.05,1634736098632,"2021-10-20T18:51:38+05:30"
125,205,253,28.55,55.97,1634736128535,"2021-10-20T18:52:08+05:30"
128,204,260,28.53,55.58,1634736159141,"2021-10-20T18:52:39+05:30"
114,188,239,28.57,55.67,1634736189872,"2021-10-20T18:53:09+05:30"
114,180,222,28.58,55.34,1634736220401,"2021-10-20T18:53:40+05:30"
116,179,223,28.62,54.64,1634736250953,"2021-10-20T18:54:10+05:30"
115,173,222,28.64,54.89,1634736281532,"2021-10-20T18:54:41+05:30"
112,175,211,28.63,54.19,1634736312116,"2021-10-20T18:55:12+05:30"
111,170,213,28.65,54.97,1634736342710,"2021-10-20T18:55:42+05:30"
124,190,236,28.66,54.24,1634736373341,"2021-10-20T18:56:13+05:30"
127,197,238,28.68,54.88,1634736403852,"2021-10-20T18:56:43+05:30"
116,182,216,28.72,55.9,1634736434650,"2021-10-20T18:57:14+05:30"
110,168,201,28.74,56,1634736465038,"2021-10-20T18:57:45+05:30"
109,167,198,28.78,56.29,1634736495588,"2021-10-20T18:58:15+05:30"
110,170,206,28.75,54.42,1634736526172,"2021-10-20T18:58:46+05:30"
116,175,216,28.7,54.19,1634736556821,"2021-10-20T18:59:16+05:30"
111,172,206,28.73,55.49,1634736587410,"2021-10-20T18:59:47+05:30"
109,168,203,28.73,55.51,1634736617927,"2021-10-20T19:00:17+05:30"
118,182,221,28.73,55.76,1634736648488,"2021-10-20T19:00:48+05:30"
118,184,221,28.7,54.6,1634736679075,"2021-10-20T19:01:19+05:30"
118,179,215,28.65,54.53,1634736710597,"2021-10-20T19:01:50+05:30"
121,189,226,28.65,55.01,1634736741163,"2021-10-20T19:02:21+05:30"
124,187,230,28.64,54.72,1634736771725,"2021-10-20T19:02:51+05:30"
127,197,238,28.59,54.41,1634736802300,"2021-10-20T19:03:22+05:30"
115,176,224,28.54,54.2,1634736832887,"2021-10-20T19:03:52+05:30"
114,173,217,28.51,53.83,1634736863488,"2021-10-20T19:04:23+05:30"
117,175,218,28.48,53.91,1634736894163,"2021-10-20T19:04:54+05:30"
122,183,225,28.5,54.44,1634736924747,"2021-10-20T19:05:24+05:30"
118,183,227,28.52,55.04,1634736955472,"2021-10-20T19:05:55+05:30"
111,172,204,28.56,55.94,1634736985915,"2021-10-20T19:06:25+05:30"
126,202,246,28.56,54.98,1634737016503,"2021-10-20T19:06:56+05:30"
131,206,249,28.57,55.59,1634737047046,"2021-10-20T19:07:27+05:30"
137,215,259,28.58,55.35,1634737077635,"2021-10-20T19:07:57+05:30"
141,218,265,28.58,54.77,1634737108198,"2021-10-20T19:08:28+05:30"
150,232,293,28.58,54.44,1634737138777,"2021-10-20T19:08:58+05:30"
158,251,316,28.59,55.02,1634737169360,"2021-10-20T19:09:29+05:30"
149,240,292,28.57,54.57,1634737199992,"2021-10-20T19:09:59+05:30"
135,213,250,28.55,54.51,1634737230700,"2021-10-20T19:10:30+05:30"
135,211,253,28.56,54.97,1634737261398,"2021-10-20T19:11:01+05:30"
133,209,262,28.57,55.36,1634737291746,"2021-10-20T19:11:31+05:30"
130,203,253,28.57,54.46,1634737322274,"2021-10-20T19:12:02+05:30"
125,198,238,28.56,54.33,1634737352862,"2021-10-20T19:12:32+05:30"
124,193,231,28.53,54.34,1634737383431,"2021-10-20T19:13:03+05:30"
125,193,243,28.57,55.32,1634737414012,"2021-10-20T19:13:34+05:30"
121,190,239,28.6,54.86,1634737444612,"2021-10-20T19:14:04+05:30"
127,194,234,28.57,53.3,1634737475175,"2021-10-20T19:14:35+05:30"
124,191,232,28.57,53.47,1634737506447,"2021-10-20T19:15:06+05:30"
128,196,239,28.55,53.88,1634737536367,"2021-10-20T19:15:36+05:30"
119,175,208,28.53,53.11,1634737566927,"2021-10-20T19:16:06+05:30"
117,182,217,28.59,55.17,1634737591773,"2021-10-20T19:16:31+05:30"
126,194,237,28.58,54.65,1634737622328,"2021-10-20T19:17:02+05:30"
114,179,210,28.58,54.29,1634737652913,"2021-10-20T19:17:32+05:30"
118,185,218,28.53,53.2,1634737683527,"2021-10-20T19:18:03+05:30"
120,187,221,28.5,53.95,1634737714096,"2021-10-20T19:18:34+05:30"
121,190,231,28.52,54.65,1634737744645,"2021-10-20T19:19:04+05:30"
127,196,239,28.51,54.42,1634737775244,"2021-10-20T19:19:35+05:30"
128,199,242,28.5,54.54,1634737805903,"2021-10-20T19:20:05+05:30"
125,193,234,28.49,54.19,1634737836739,"2021-10-20T19:20:36+05:30"
141,227,273,28.47,54.4,1634737866981,"2021-10-20T19:21:06+05:30"
128,200,245,28.47,56.02,1634737897554,"2021-10-20T19:21:37+05:30"
119,186,226,28.54,56.61,1634737928162,"2021-10-20T19:22:08+05:30"
116,184,223,28.59,56.23,1634737958795,"2021-10-20T19:22:38+05:30"
130,203,243,28.55,54.91,1634737989384,"2021-10-20T19:23:09+05:30"
131,201,245,28.54,55.64,1634738019868,"2021-10-20T19:23:39+05:30"
121,191,239,28.55,55.57,1634738050632,"2021-10-20T19:24:10+05:30"
122,191,237,28.56,55.58,1634738081147,"2021-10-20T19:24:41+05:30"
129,200,238,28.53,54.7,1634738111612,"2021-10-20T19:25:11+05:30"
127,203,247,28.5,54.23,1634738142272,"2021-10-20T19:25:42+05:30"
127,203,253,28.47,54.33,1634738172772,"2021-10-20T19:26:12+05:30"
120,187,224,28.55,56.09,1634738203446,"2021-10-20T19:26:43+05:30"
121,193,242,28.57,55.06,1634738233931,"2021-10-20T19:27:13+05:30"
121,189,230,28.61,55.7,1634738264516,"2021-10-20T19:27:44+05:30"
117,184,221,28.63,55.45,1634738295202,"2021-10-20T19:28:15+05:30"
123,192,252,28.56,53.91,1634738325665,"2021-10-20T19:28:45+05:30"
121,188,239,28.55,54.61,1634738356262,"2021-10-20T19:29:16+05:30"
117,181,216,28.59,56.07,1634738386845,"2021-10-20T19:29:46+05:30"
116,178,219,28.66,55.96,1634738417445,"2021-10-20T19:30:17+05:30"
118,182,231,28.62,54.39,1634738447990,"2021-10-20T19:30:47+05:30"
117,187,234,28.6,54.7,1634738478602,"2021-10-20T19:31:18+05:30"
113,175,221,28.66,56.09,1634738501706,"2021-10-20T19:31:41+05:30"
118,182,229,28.61,54.4,1634738533016,"2021-10-20T19:32:13+05:30"
121,186,230,28.57,53.86,1634738562915,"2021-10-20T19:32:42+05:30"
118,185,228,28.6,55.72,1634738593425,"2021-10-20T19:33:13+05:30"
118,183,232,28.66,57.04,1634738624053,"2021-10-20T19:33:44+05:30"
114,175,217,28.71,56.77,1634738654803,"2021-10-20T19:34:14+05:30"
112,175,212,28.8,57.88,1634738685171,"2021-10-20T19:34:45+05:30"
114,180,221,28.77,56.14,1634738715739,"2021-10-20T19:35:15+05:30"
115,178,229,28.81,57.17,1634738746325,"2021-10-20T19:35:46+05:30"
118,182,224,28.78,55.45,1634738776922,"2021-10-20T19:36:16+05:30"
116,180,221,28.78,55.99,1634738807658,"2021-10-20T19:36:47+05:30"
116,183,226,28.72,54.81,1634738838082,"2021-10-20T19:37:18+05:30"
114,178,217,28.65,54.67,1634738868651,"2021-10-20T19:37:48+05:30"
111,165,206,28.61,54.54,1634738899231,"2021-10-20T19:38:19+05:30"
110,174,207,28.64,55.74,1634738929846,"2021-10-20T19:38:49+05:30"
110,168,200,28.63,54.56,1634738960378,"2021-10-20T19:39:20+05:30"
107,165,201,28.6,53.69,1634738991157,"2021-10-20T19:39:51+05:30"
110,171,214,28.57,53.24,1634739021644,"2021-10-20T19:40:21+05:30"
109,167,206,28.57,53.85,1634739052259,"2021-10-20T19:40:52+05:30"
112,172,202,28.56,53.9,1634739082811,"2021-10-20T19:41:22+05:30"
111,176,203,28.54,53.98,1634739114039,"2021-10-20T19:41:54+05:30"
108,169,199,28.59,55.68,1634739144155,"2021-10-20T19:42:24+05:30"
107,161,197,28.62,54.9,1634739175218,"2021-10-20T19:42:55+05:30"
107,162,198,28.59,54,1634739205154,"2021-10-20T19:43:25+05:30"
111,165,201,28.58,53.5,1634739236255,"2021-10-20T19:43:56+05:30"
111,170,203,28.57,53.26,1634739266300,"2021-10-20T19:44:26+05:30"
114,173,206,28.58,53.73,1634739296886,"2021-10-20T19:44:56+05:30"
113,173,208,28.55,53.75,1634739327483,"2021-10-20T19:45:27+05:30"
111,168,199,28.56,54.09,1634739358059,"2021-10-20T19:45:58+05:30"
111,173,217,28.53,53.19,1634739393928,"2021-10-20T19:46:33+05:30"
111,171,218,28.54,54.4,1634739424596,"2021-10-20T19:47:04+05:30"
114,172,219,28.54,54.13,1634739455173,"2021-10-20T19:47:35+05:30"
111,174,213,28.56,54.76,1634739485788,"2021-10-20T19:48:05+05:30"
109,168,200,28.55,53.95,1634739516340,"2021-10-20T19:48:36+05:30"
112,169,212,28.53,54.39,1634739546909,"2021-10-20T19:49:06+05:30"
109,169,206,28.48,52.72,1634739577500,"2021-10-20T19:49:37+05:30"
107,168,195,28.48,53.27,1634739608065,"2021-10-20T19:50:08+05:30"
105,153,181,28.47,53.05,1634739638641,"2021-10-20T19:50:38+05:30"
108,159,194,28.5,53.82,1634739669850,"2021-10-20T19:51:09+05:30"
111,167,194,28.49,53.26,1634739690108,"2021-10-20T19:51:30+05:30"
112,172,195,28.51,53.89,1634739720700,"2021-10-20T19:52:00+05:30"
110,164,192,28.55,54.65,1634739751709,"2021-10-20T19:52:31+05:30"
106,157,190,28.61,55.34,1634739781975,"2021-10-20T19:53:01+05:30"
107,161,196,28.64,54.75,1634739812445,"2021-10-20T19:53:32+05:30"
107,159,197,28.64,54.15,1634739843008,"2021-10-20T19:54:03+05:30"
109,166,201,28.64,53.8,1634739873583,"2021-10-20T19:54:33+05:30"
117,177,211,28.61,53.98,1634739904320,"2021-10-20T19:55:04+05:30"
123,187,226,28.57,54.26,1634739935373,"2021-10-20T19:55:35+05:30"
131,200,242,28.53,54.1,1634739965399,"2021-10-20T19:56:05+05:30"
123,185,224,28.51,53.08,1634739995923,"2021-10-20T19:56:35+05:30"
110,165,200,28.52,53.73,1634740026637,"2021-10-20T19:57:06+05:30"
108,163,195,28.59,55.31,1634740057250,"2021-10-20T19:57:37+05:30"
113,173,205,28.59,55.16,1634740087803,"2021-10-20T19:58:07+05:30"
116,175,199,28.6,55.66,1634740118597,"2021-10-20T19:58:38+05:30"
115,174,204,28.63,55.97,1634740148951,"2021-10-20T19:59:08+05:30"
117,179,216,28.65,55.81,1634740179542,"2021-10-20T19:59:39+05:30"
119,183,218,28.64,55.79,1634740210145,"2021-10-20T20:00:10+05:30"
125,190,224,28.63,55.74,1634740240708,"2021-10-20T20:00:40+05:30"
129,189,229,28.6,55.66,1634740271281,"2021-10-20T20:01:11+05:30"
131,197,225,28.6,55.69,1634740296757,"2021-10-20T20:01:36+05:30"
135,204,236,28.57,55.58,1634740327464,"2021-10-20T20:02:07+05:30"
137,209,246,28.53,55.12,1634740358854,"2021-10-20T20:02:38+05:30"
126,193,224,28.46,54.8,1634740389413,"2021-10-20T20:03:09+05:30"
125,192,232,28.44,55.12,1634740420084,"2021-10-20T20:03:40+05:30"
127,193,230,28.47,55.55,1634740450669,"2021-10-20T20:04:10+05:30"
129,199,236,28.48,55.85,1634740481242,"2021-10-20T20:04:41+05:30"
127,193,231,28.46,55.67,1634740511834,"2021-10-20T20:05:11+05:30"
124,188,220,28.46,55.8,1634740542555,"2021-10-20T20:05:42+05:30"
126,191,229,28.46,56.1,1634740572997,"2021-10-20T20:06:12+05:30"
124,184,212,28.48,56.22,1634740604839,"2021-10-20T20:06:44+05:30"
124,186,218,28.48,56.2,1634740634189,"2021-10-20T20:07:14+05:30"
127,190,225,28.44,56.04,1634740664734,"2021-10-20T20:07:44+05:30"
119,176,207,28.39,55.82,1634740695377,"2021-10-20T20:08:15+05:30"
121,186,212,28.43,55.85,1634740725997,"2021-10-20T20:08:45+05:30"
118,179,207,28.43,55.53,1634740756559,"2021-10-20T20:09:16+05:30"
117,174,199,28.39,55.11,1634740787821,"2021-10-20T20:09:47+05:30"
115,175,201,28.38,55.56,1634740817994,"2021-10-20T20:10:17+05:30"
133,192,221,28.29,55.57,1634740848575,"2021-10-20T20:10:48+05:30"
120,178,204,28.21,54.49,1634740878945,"2021-10-20T20:11:18+05:30"
120,178,209,28.2,55.45,1634740909463,"2021-10-20T20:11:49+05:30"
115,171,207,28.24,56.06,1634740940226,"2021-10-20T20:12:20+05:30"
119,171,200,28.21,55.17,1634740970697,"2021-10-20T20:12:50+05:30"
120,182,212,28.16,55.85,1634741001189,"2021-10-20T20:13:21+05:30"
116,176,202,28.21,55.99,1634741031760,"2021-10-20T20:13:51+05:30"
114,167,202,28.24,55.91,1634741062342,"2021-10-20T20:14:22+05:30"
114,170,195,28.27,55.95,1634741092974,"2021-10-20T20:14:52+05:30"
118,174,205,28.24,55.47,1634741123651,"2021-10-20T20:15:23+05:30"
115,169,199,28.24,56.21,1634741154136,"2021-10-20T20:15:54+05:30"
116,174,210,28.25,56.31,1634741184711,"2021-10-20T20:16:24+05:30"
117,177,203,28.23,55.86,1634741216242,"2021-10-20T20:16:56+05:30"
113,172,201,28.22,54.47,1634741246812,"2021-10-20T20:17:26+05:30"
112,166,192,28.23,54.48,1634741277357,"2021-10-20T20:17:57+05:30"
114,168,197,28.23,54.76,1634741308516,"2021-10-20T20:18:28+05:30"
113,167,191,28.22,54.32,1634741338707,"2021-10-20T20:18:58+05:30"
111,162,183,28.25,55.15,1634741370404,"2021-10-20T20:19:30+05:30"
113,166,190,28.26,54.83,1634741399679,"2021-10-20T20:19:59+05:30"
117,172,196,28.25,54.89,1634741430266,"2021-10-20T20:20:30+05:30"
115,173,207,28.21,55.09,1634741460856,"2021-10-20T20:21:00+05:30"
114,166,188,28.24,55.54,1634741491588,"2021-10-20T20:21:31+05:30"
114,170,199,28.24,55.39,1634741522088,"2021-10-20T20:22:02+05:30"
113,172,201,28.25,55.73,1634741552744,"2021-10-20T20:22:32+05:30"
113,168,197,28.28,56,1634741583284,"2021-10-20T20:23:03+05:30"
111,170,190,28.31,55.9,1634741613817,"2021-10-20T20:23:33+05:30"
108,163,187,28.33,55.89,1634741644417,"2021-10-20T20:24:04+05:30"