"pm1_0","pm2_5","pm10","temp","humid","createdAt","localtime"
184,358,451,26.21,72.23,1634617711298,"2021-10-19T09:58:31+05:30"
176,315,373,26.17,72.14,1634617721941,"2021-10-19T09:58:41+05:30"
196,393,499,26.19,72.04,1634617752338,"2021-10-19T09:59:12+05:30"
245,562,761,26.27,71.9,1634617783049,"2021-10-19T09:59:43+05:30"
187,390,498,26.27,71.75,1634617813525,"2021-10-19T10:00:13+05:30"
191,387,497,26.26,71.68,1634617844097,"2021-10-19T10:00:44+05:30"
258,630,845,26.27,71.81,1634617874680,"2021-10-19T10:01:14+05:30"
220,454,595,26.25,71.88,1634617905273,"2021-10-19T10:01:45+05:30"
198,397,505,26.27,71.71,1634617935909,"2021-10-19T10:02:15+05:30"
175,333,422,26.28,71.83,1634617966424,"2021-10-19T10:02:46+05:30"
94,166,202,26.28,72.07,1634617997011,"2021-10-19T10:03:17+05:30"
134,240,294,26.29,72.08,1634618027605,"2021-10-19T10:03:47+05:30"
133,240,299,26.29,72.39,1634618058277,"2021-10-19T10:04:18+05:30"
179,353,441,26.32,72.05,1634618089013,"2021-10-19T10:04:49+05:30"
234,489,638,26.34,71.96,1634618119758,"2021-10-19T10:05:19+05:30"
248,540,698,26.4,72.08,1634618140593,"2021-10-19T10:05:40+05:30"
164,338,429,26.4,72.25,1634618171175,"2021-10-19T10:06:11+05:30"
221,476,613,26.43,72.12,1634618201823,"2021-10-19T10:06:41+05:30"
206,436,561,26.42,72.06,1634618232351,"2021-10-19T10:07:12+05:30"
115,205,255,26.41,72.22,1634618262946,"2021-10-19T10:07:42+05:30"
183,367,470,26.39,72.04,1634618293513,"2021-10-19T10:08:13+05:30"
135,237,286,26.41,71.97,1634618324127,"2021-10-19T10:08:44+05:30"
185,376,475,26.43,71.9,1634618354690,"2021-10-19T10:09:14+05:30"
132,237,282,26.44,71.93,1634618385282,"2021-10-19T10:09:45+05:30"
236,545,718,26.46,71.42,1634618415886,"2021-10-19T10:10:15+05:30"
261,597,765,26.52,71.21,1634618446468,"2021-10-19T10:10:46+05:30"
263,594,760,26.54,71.27,1634618477100,"2021-10-19T10:11:17+05:30"
279,674,887,26.59,71.2,1634618507640,"2021-10-19T10:11:47+05:30"
226,460,575,26.54,71.25,1634618538234,"2021-10-19T10:12:18+05:30"
218,440,552,26.53,71.8,1634618568828,"2021-10-19T10:12:48+05:30"
154,284,353,26.53,72.15,1634618599518,"2021-10-19T10:13:19+05:30"
126,229,276,26.54,71.89,1634618631567,"2021-10-19T10:13:51+05:30"
86,144,173,26.53,71.5,1634618662110,"2021-10-19T10:14:22+05:30"
126,224,268,26.55,71.45,1634618692705,"2021-10-19T10:14:52+05:30"
126,224,268,26.55,71.45,1634618708686,"2021-10-19T10:15:08+05:30"
126,224,268,26.55,71.45,1634618710942,"2021-10-19T10:15:10+05:30"
126,224,268,26.55,71.45,1634618711653,"2021-10-19T10:15:11+05:30"
182,345,435,26.57,71.44,1634618723294,"2021-10-19T10:15:23+05:30"
141,261,317,26.61,71.58,1634618753888,"2021-10-19T10:15:53+05:30"
84,137,161,26.62,71.56,1634618784495,"2021-10-19T10:16:24+05:30"
93,168,203,26.63,71.76,1634618815068,"2021-10-19T10:16:55+05:30"
104,182,216,26.6,71.55,1634618845658,"2021-10-19T10:17:25+05:30"
126,221,261,26.59,71.91,1634618876226,"2021-10-19T10:17:56+05:30"
151,304,379,26.65,71.81,1634618906834,"2021-10-19T10:18:26+05:30"
195,435,548,26.68,71,1634618937420,"2021-10-19T10:18:57+05:30"
97,168,196,26.75,71.12,1634619153753,"2021-10-19T10:22:33+05:30"
112,195,234,26.71,71.11,1634619184252,"2021-10-19T10:23:04+05:30"
97,163,199,26.74,71.25,1634619214866,"2021-10-19T10:23:34+05:30"
119,207,253,26.74,70.89,1634619245444,"2021-10-19T10:24:05+05:30"
75,119,142,26.8,70.74,1634619276089,"2021-10-19T10:24:36+05:30"
58,91,108,26.88,70.49,1634619306676,"2021-10-19T10:25:06+05:30"
56,87,102,26.93,70.4,1634619337383,"2021-10-19T10:25:37+05:30"
87,142,169,26.98,70.26,1634619357971,"2021-10-19T10:25:57+05:30"
94,158,192,26.99,70.3,1634619388052,"2021-10-19T10:26:28+05:30"
101,167,194,26.95,69.69,1634619419097,"2021-10-19T10:26:59+05:30"
127,217,260,26.91,69.35,1634619449205,"2021-10-19T10:27:29+05:30"
135,246,302,26.89,69.54,1634619479801,"2021-10-19T10:27:59+05:30"
107,191,231,26.94,69.58,1634619510393,"2021-10-19T10:28:30+05:30"
40,61,73,26.99,69.57,1634619540949,"2021-10-19T10:29:00+05:30"
93,157,185,26.98,69.16,1634619571520,"2021-10-19T10:29:31+05:30"
146,263,318,26.96,68.86,1634619602140,"2021-10-19T10:30:02+05:30"
94,160,189,26.92,68.91,1634619632687,"2021-10-19T10:30:32+05:30"
90,155,179,26.96,69.16,1634619663313,"2021-10-19T10:31:03+05:30"
112,189,228,27,69.19,1634619693904,"2021-10-19T10:31:33+05:30"
147,261,313,27.05,69.21,1634619724413,"2021-10-19T10:32:04+05:30"
139,246,305,27.01,69.07,1634619755003,"2021-10-19T10:32:35+05:30"
165,308,380,27.01,69.01,1634619785595,"2021-10-19T10:33:05+05:30"
160,295,358,27.01,68.8,1634619816169,"2021-10-19T10:33:36+05:30"
141,255,316,27,68.94,1634619846732,"2021-10-19T10:34:06+05:30"
80,128,148,27.05,69.21,1634619877691,"2021-10-19T10:34:37+05:30"
117,202,238,27.02,68.92,1634619908080,"2021-10-19T10:35:08+05:30"
110,187,222,27.01,68.76,1634619938617,"2021-10-19T10:35:38+05:30"
104,172,198,27.03,68.98,1634619969244,"2021-10-19T10:36:09+05:30"
159,281,342,27.01,69.13,1634619999790,"2021-10-19T10:36:39+05:30"
181,352,441,27.06,68.99,1634620030399,"2021-10-19T10:37:10+05:30"
199,396,498,27.11,68.76,1634620055892,"2021-10-19T10:37:35+05:30"
104,180,217,27.11,68.88,1634620086701,"2021-10-19T10:38:06+05:30"
156,282,342,27.12,68.74,1634620117309,"2021-10-19T10:38:37+05:30"
132,235,286,27.12,68.43,1634620148193,"2021-10-19T10:39:08+05:30"
111,195,228,27.11,68.26,1634620178754,"2021-10-19T10:39:38+05:30"
92,155,183,27.09,68.38,1634620209336,"2021-10-19T10:40:09+05:30"
84,135,158,27.1,68.66,1634620239926,"2021-10-19T10:40:39+05:30"
118,202,243,27.07,68.59,1634620270496,"2021-10-19T10:41:10+05:30"
182,346,435,27.11,68.59,1634620301087,"2021-10-19T10:41:41+05:30"
138,247,300,27.1,68.38,1634620331685,"2021-10-19T10:42:11+05:30"
92,161,189,27.07,68.24,1634620362272,"2021-10-19T10:42:42+05:30"
115,204,250,27.04,68.63,1634620392826,"2021-10-19T10:43:12+05:30"
115,199,243,27.05,68.3,1634620423787,"2021-10-19T10:43:43+05:30"
78,130,152,27.04,68.45,1634620454007,"2021-10-19T10:44:14+05:30"
81,137,161,27.05,68.66,1634620484588,"2021-10-19T10:44:44+05:30"
44,68,81,27.09,69.25,1634620515168,"2021-10-19T10:45:15+05:30"
68,110,128,27.15,69.06,1634620545727,"2021-10-19T10:45:45+05:30"
62,99,113,27.19,69.02,1634620576331,"2021-10-19T10:46:16+05:30"
96,167,203,27.19,68.68,1634620607151,"2021-10-19T10:46:47+05:30"
159,302,376,27.25,68.35,1634620637507,"2021-10-19T10:47:17+05:30"
49,77,93,27.27,68.7,1634620668092,"2021-10-19T10:47:48+05:30"
54,80,91,27.32,69.12,1634620698657,"2021-10-19T10:48:18+05:30"
67,104,116,27.34,69.17,1634620729278,"2021-10-19T10:48:49+05:30"
61,95,109,27.35,69.04,1634620759819,"2021-10-19T10:49:19+05:30"
96,158,187,27.33,67.93,1634620790405,"2021-10-19T10:49:50+05:30"
75,124,148,27.35,67.93,1634620820986,"2021-10-19T10:50:20+05:30"
85,131,159,27.33,68.05,1634620851580,"2021-10-19T10:50:51+05:30"
114,199,237,27.32,67.74,1634620882150,"2021-10-19T10:51:22+05:30"
59,92,107,27.28,67.8,1634620912848,"2021-10-19T10:51:52+05:30"
113,193,227,27.29,67.79,1634620943370,"2021-10-19T10:52:23+05:30"
63,98,114,27.28,68.13,1634620974281,"2021-10-19T10:52:54+05:30"
67,109,131,27.34,68.03,1634621004863,"2021-10-19T10:53:24+05:30"
84,139,163,27.33,67.37,1634621035437,"2021-10-19T10:53:55+05:30"
45,67,79,27.33,68.26,1634621065995,"2021-10-19T10:54:25+05:30"
45,64,77,27.37,68.52,1634621096613,"2021-10-19T10:54:56+05:30"
48,73,86,27.42,68.78,1634621127196,"2021-10-19T10:55:27+05:30"
51,76,86,27.46,68.29,1634621157730,"2021-10-19T10:55:57+05:30"
61,94,111,27.5,67.71,1634621188357,"2021-10-19T10:56:28+05:30"
88,147,172,27.49,66.95,1634621218895,"2021-10-19T10:56:58+05:30"
79,128,154,27.47,66.76,1634621249504,"2021-10-19T10:57:29+05:30"
108,189,227,27.5,66.59,1634621280083,"2021-10-19T10:58:00+05:30"
112,203,246,27.51,66.57,1634621310644,"2021-10-19T10:58:30+05:30"
112,190,226,27.5,66.54,1634621341220,"2021-10-19T10:59:01+05:30"
84,134,161,27.51,67.07,1634621371861,"2021-10-19T10:59:31+05:30"
67,101,117,27.51,67.29,1634621402464,"2021-10-19T11:00:02+05:30"
60,99,114,27.55,67.15,1634621432974,"2021-10-19T11:00:32+05:30"
75,121,140,27.56,67.33,1634621463553,"2021-10-19T11:01:03+05:30"
89,134,153,27.54,67.27,1634621494130,"2021-10-19T11:01:34+05:30"
78,125,150,27.56,66.79,1634621524707,"2021-10-19T11:02:04+05:30"
89,139,159,27.58,66.87,1634621555805,"2021-10-19T11:02:35+05:30"
77,116,135,27.56,66.81,1634621585848,"2021-10-19T11:03:05+05:30"
73,118,137,27.57,66.85,1634621616469,"2021-10-19T11:03:36+05:30"
74,111,128,27.59,67.01,1634621647227,"2021-10-19T11:04:07+05:30"
49,75,86,27.59,67.05,1634621677617,"2021-10-19T11:04:37+05:30"
47,72,86,27.63,67.05,1634621708177,"2021-10-19T11:05:08+05:30"
63,101,115,27.67,67.06,1634621738749,"2021-10-19T11:05:38+05:30"
90,150,171,27.65,66.72,1634621769353,"2021-10-19T11:06:09+05:30"
101,169,202,27.63,66.49,1634621799945,"2021-10-19T11:06:39+05:30"
75,118,143,27.59,66.23,1634621830540,"2021-10-19T11:07:10+05:30"
134,240,291,27.6,66.23,1634621854565,"2021-10-19T11:07:34+05:30"
96,164,194,27.63,65.95,1634621885024,"2021-10-19T11:08:05+05:30"
48,70,81,27.63,66.21,1634621915609,"2021-10-19T11:08:35+05:30"
57,89,101,27.66,66.39,1634621946183,"2021-10-19T11:09:06+05:30"
106,181,219,27.69,66.09,1634621976762,"2021-10-19T11:09:36+05:30"
143,255,309,27.73,65.73,1634622007367,"2021-10-19T11:10:07+05:30"
141,249,310,27.75,65.88,1634622037951,"2021-10-19T11:10:37+05:30"
109,181,217,27.79,66,1634622068511,"2021-10-19T11:11:08+05:30"
68,107,126,27.8,66.22,1634622099093,"2021-10-19T11:11:39+05:30"
89,152,184,27.81,65.92,1634622129893,"2021-10-19T11:12:09+05:30"
77,124,144,27.81,66.22,1634622160273,"2021-10-19T11:12:40+05:30"
87,146,173,27.81,66.03,1634622190842,"2021-10-19T11:13:10+05:30"
61,95,108,27.81,66.22,1634622221409,"2021-10-19T11:13:41+05:30"
66,105,118,27.82,66.24,1634622252020,"2021-10-19T11:14:12+05:30"
67,106,120,27.82,66.55,1634622282607,"2021-10-19T11:14:42+05:30"
86,145,175,27.78,66.28,1634622313170,"2021-10-19T11:15:13+05:30"
65,103,121,27.77,66.37,1634622343793,"2021-10-19T11:15:43+05:30"
69,109,122,27.81,65.95,1634622374422,"2021-10-19T11:16:14+05:30"
103,169,201,27.85,65.64,1634622405019,"2021-10-19T11:16:45+05:30"
95,159,190,27.8,65.52,1634622435622,"2021-10-19T11:17:15+05:30"
52,78,88,27.84,66.14,1634622466238,"2021-10-19T11:17:46+05:30"
60,96,113,27.9,66.03,1634622497111,"2021-10-19T11:18:17+05:30"
49,71,81,27.96,65.63,1634622527490,"2021-10-19T11:18:47+05:30"
53,78,91,27.96,65.48,1634622557934,"2021-10-19T11:19:17+05:30"
57,85,96,27.95,65.71,1634622589097,"2021-10-19T11:19:49+05:30"
66,99,113,27.98,65.63,1634622619077,"2021-10-19T11:20:19+05:30"
61,90,100,27.98,65.36,1634622650100,"2021-10-19T11:20:50+05:30"
88,142,166,27.99,65.45,1634622680378,"2021-10-19T11:21:20+05:30"
103,168,198,27.99,65.69,1634622710841,"2021-10-19T11:21:50+05:30"
102,160,182,28.02,65.85,1634622742706,"2021-10-19T11:22:22+05:30"
69,107,121,27.98,65.66,1634622763755,"2021-10-19T11:22:43+05:30"
72,114,131,27.99,65.74,1634622794244,"2021-10-19T11:23:14+05:30"
71,111,129,28.06,65.2,1634622824829,"2021-10-19T11:23:44+05:30"
82,134,153,28.04,64.88,1634622855418,"2021-10-19T11:24:15+05:30"
96,160,188,27.99,64.88,1634622885969,"2021-10-19T11:24:45+05:30"
67,102,114,27.92,64.78,1634622916575,"2021-10-19T11:25:16+05:30"
86,140,166,27.99,65.38,1634622947179,"2021-10-19T11:25:47+05:30"
128,223,265,28.06,64.74,1634622977760,"2021-10-19T11:26:17+05:30"
92,151,177,28.04,64.62,1634623008351,"2021-10-19T11:26:48+05:30"
115,196,226,28.03,64.58,1634623038949,"2021-10-19T11:27:18+05:30"
119,202,241,28.07,64.24,1634623069521,"2021-10-19T11:27:49+05:30"
102,169,197,28.12,64.2,1634623100089,"2021-10-19T11:28:20+05:30"
99,168,200,28.13,64.4,1634623130696,"2021-10-19T11:28:50+05:30"
90,145,169,28.13,64.32,1634623161272,"2021-10-19T11:29:21+05:30"
84,137,163,28.13,64.34,1634623192428,"2021-10-19T11:29:52+05:30"
83,133,151,28.17,64.61,1634623222500,"2021-10-19T11:30:22+05:30"
62,99,114,28.13,64.92,1634623253015,"2021-10-19T11:30:53+05:30"
64,96,111,28.09,65.42,1634623284023,"2021-10-19T11:31:24+05:30"
71,108,120,28.12,65.39,1634623314167,"2021-10-19T11:31:54+05:30"
62,90,100,28.17,65.19,1634623344738,"2021-10-19T11:32:24+05:30"
51,76,87,28.25,64.93,1634623375392,"2021-10-19T11:32:55+05:30"
51,74,84,28.28,64.06,1634623406092,"2021-10-19T11:33:26+05:30"
55,82,92,28.31,63.45,1634623436514,"2021-10-19T11:33:56+05:30"
56,85,97,28.35,63.63,1634623467114,"2021-10-19T11:34:27+05:30"
71,109,124,28.35,63.69,1634623497717,"2021-10-19T11:34:57+05:30"
57,85,97,28.34,63.57,1634623528274,"2021-10-19T11:35:28+05:30"
64,97,111,28.35,63.71,1634623558851,"2021-10-19T11:35:58+05:30"
72,112,129,28.31,63.69,1634623589445,"2021-10-19T11:36:29+05:30"
58,84,97,28.34,63.95,1634623620016,"2021-10-19T11:37:00+05:30"
55,81,88,28.34,63.73,1634623655903,"2021-10-19T11:37:35+05:30"
51,75,83,28.36,63.33,1634623687224,"2021-10-19T11:38:07+05:30"
56,81,88,28.37,62.91,1634623717042,"2021-10-19T11:38:37+05:30"
53,82,94,28.39,63.1,1634623747621,"2021-10-19T11:39:07+05:30"
48,71,79,28.44,63.4,1634623778196,"2021-10-19T11:39:38+05:30"
57,86,97,28.48,63.36,1634623808748,"2021-10-19T11:40:08+05:30"
60,91,103,28.51,63.59,1634623839401,"2021-10-19T11:40:39+05:30"
49,69,79,28.53,63.74,1634623869942,"2021-10-19T11:41:09+05:30"
55,82,95,28.55,64.07,1634623900540,"2021-10-19T11:41:40+05:30"
51,79,88,28.54,63.63,1634623931092,"2021-10-19T11:42:11+05:30"
60,89,104,28.54,63.24,1634623961653,"2021-10-19T11:42:41+05:30"
61,94,105,28.58,63.36,1634623992248,"2021-10-19T11:43:12+05:30"
55,82,92,28.55,63.24,1634624022841,"2021-10-19T11:43:42+05:30"
61,94,106,28.56,63.26,1634624053426,"2021-10-19T11:44:13+05:30"
53,79,88,28.56,63.59,1634624083968,"2021-10-19T11:44:43+05:30"
56,82,97,28.58,64.29,1634624114559,"2021-10-19T11:45:14+05:30"
52,74,84,28.62,64.23,1634624145419,"2021-10-19T11:45:45+05:30"
71,111,123,28.63,63.99,1634624175835,"2021-10-19T11:46:15+05:30"
58,89,100,28.68,64.07,1634624206389,"2021-10-19T11:46:46+05:30"
55,83,96,28.7,63.65,1634624236950,"2021-10-19T11:47:16+05:30"
61,92,108,28.74,63.57,1634624267874,"2021-10-19T11:47:47+05:30"
57,87,100,28.73,63.54,1634624298140,"2021-10-19T11:48:18+05:30"
55,81,90,28.73,63.69,1634624328781,"2021-10-19T11:48:48+05:30"
54,80,89,28.77,62.81,1634624349049,"2021-10-19T11:49:09+05:30"
58,88,99,28.76,61.52,1634624380097,"2021-10-19T11:49:40+05:30"
53,78,88,28.73,61.99,1634624410349,"2021-10-19T11:50:10+05:30"
52,77,83,28.7,61.55,1634624440962,"2021-10-19T11:50:40+05:30"
63,95,106,28.72,61.57,1634624471580,"2021-10-19T11:51:11+05:30"
58,88,99,28.72,61.69,1634624502086,"2021-10-19T11:51:42+05:30"
47,70,80,28.73,61.79,1634624532725,"2021-10-19T11:52:12+05:30"
46,66,75,28.72,62.03,1634624562546,"2021-10-19T11:52:42+05:30"
47,69,82,28.72,61.95,1634624593714,"2021-10-19T11:53:13+05:30"
49,71,83,28.72,61.87,1634624624557,"2021-10-19T11:53:44+05:30"
40,56,70,28.74,61.64,1634624654714,"2021-10-19T11:54:14+05:30"
37,53,67,28.75,61.84,1634624685547,"2021-10-19T11:54:45+05:30"
44,64,76,28.76,60.89,1634624716636,"2021-10-19T11:55:16+05:30"
40,58,71,28.74,61.21,1634624746983,"2021-10-19T11:55:46+05:30"
43,61,75,28.72,60.23,1634624778226,"2021-10-19T11:56:18+05:30"
37,54,67,28.71,60.09,1634624808143,"2021-10-19T11:56:48+05:30"
39,56,70,28.69,59.95,1634624840782,"2021-10-19T11:57:20+05:30"
40,58,70,28.7,60.1,1634624869323,"2021-10-19T11:57:49+05:30"
35,52,66,28.69,60.72,1634624899877,"2021-10-19T11:58:19+05:30"
37,56,70,28.72,60.97,1634624930560,"2021-10-19T11:58:50+05:30"
44,62,71,28.76,61.44,1634624961041,"2021-10-19T11:59:21+05:30"
50,68,77,28.8,62.05,1634624991637,"2021-10-19T11:59:51+05:30"
38,55,68,28.84,62.36,1634625022218,"2021-10-19T12:00:22+05:30"
43,64,76,28.87,61.61,1634625052902,"2021-10-19T12:00:52+05:30"
53,83,95,28.83,61.64,1634625083369,"2021-10-19T12:01:23+05:30"
78,126,145,28.84,60.95,1634625113944,"2021-10-19T12:01:53+05:30"
53,80,93,28.89,61.32,1634625144619,"2021-10-19T12:02:24+05:30"
38,56,69,28.93,61.47,1634625175324,"2021-10-19T12:02:55+05:30"
35,50,64,28.92,60.09,1634625205829,"2021-10-19T12:03:25+05:30"
51,77,90,28.92,60.13,1634625236395,"2021-10-19T12:03:56+05:30"
39,58,70,28.93,60.33,1634625267002,"2021-10-19T12:04:27+05:30"
48,72,84,28.95,59.65,1634625297591,"2021-10-19T12:04:57+05:30"
42,63,78,28.92,58.09,1634625328168,"2021-10-19T12:05:28+05:30"
37,54,69,28.92,57.81,1634625358730,"2021-10-19T12:05:58+05:30"
38,55,70,28.92,58.75,1634625389333,"2021-10-19T12:06:29+05:30"
38,56,69,28.92,58.63,1634625419926,"2021-10-19T12:06:59+05:30"
37,54,66,28.93,58.19,1634625450511,"2021-10-19T12:07:30+05:30"
40,60,76,28.98,58.26,1634625480943,"2021-10-19T12:08:00+05:30"
55,86,101,29.01,58.86,1634625511476,"2021-10-19T12:08:31+05:30"
39,58,71,29.03,59.27,1634625542079,"2021-10-19T12:09:02+05:30"
39,58,72,29.06,59.48,1634625572627,"2021-10-19T12:09:32+05:30"
48,74,87,28.98,59.18,1634625603207,"2021-10-19T12:10:03+05:30"
49,71,81,28.98,60.15,1634625633816,"2021-10-19T12:10:33+05:30"
43,65,77,29.04,60.36,1634625664645,"2021-10-19T12:11:04+05:30"
46,69,80,29.07,60.41,1634625694949,"2021-10-19T12:11:34+05:30"
72,117,136,29.07,59.69,1634625725822,"2021-10-19T12:12:05+05:30"
67,105,123,29.05,59.75,1634625756118,"2021-10-19T12:12:36+05:30"
35,52,65,29.1,60.2,1634625786716,"2021-10-19T12:13:06+05:30"
42,61,74,29.17,60.69,1634625817682,"2021-10-19T12:13:37+05:30"
43,65,76,29.21,60.68,1634625847931,"2021-10-19T12:14:07+05:30"
39,57,71,29.22,59.88,1634625878517,"2021-10-19T12:14:38+05:30"
35,52,68,29.2,59.52,1634625909094,"2021-10-19T12:15:09+05:30"
38,55,70,29.2,59.99,1634625939672,"2021-10-19T12:15:39+05:30"
39,56,70,29.22,59.56,1634625970265,"2021-10-19T12:16:10+05:30"
42,59,74,29.22,58.98,1634626000847,"2021-10-19T12:16:40+05:30"
45,67,81,29.24,58.86,1634626031687,"2021-10-19T12:17:11+05:30"
41,61,75,29.18,58.47,1634626062005,"2021-10-19T12:17:42+05:30"
35,51,64,29.22,58.46,1634626092597,"2021-10-19T12:18:12+05:30"
39,55,70,29.23,58.3,1634626123225,"2021-10-19T12:18:43+05:30"
39,59,70,29.21,58.08,1634626153752,"2021-10-19T12:19:13+05:30"
37,54,68,29.2,57.68,1634626184426,"2021-10-19T12:19:44+05:30"
35,52,67,29.2,57.79,1634626214927,"2021-10-19T12:20:14+05:30"
40,58,70,29.21,58.38,1634626245494,"2021-10-19T12:20:45+05:30"
37,54,67,29.21,58.63,1634626276091,"2021-10-19T12:21:16+05:30"
33,49,67,29.24,58.36,1634626307092,"2021-10-19T12:21:47+05:30"
34,50,66,29.25,57.99,1634626337284,"2021-10-19T12:22:17+05:30"
37,52,68,29.29,58.08,1634626365471,"2021-10-19T12:22:45+05:30"
37,52,66,29.35,57.71,1634626395865,"2021-10-19T12:23:15+05:30"
35,50,64,29.38,57.39,1634626426757,"2021-10-19T12:23:46+05:30"
36,54,66,29.37,57.23,1634626456994,"2021-10-19T12:24:16+05:30"
41,62,76,29.35,56.41,1634626487567,"2021-10-19T12:24:47+05:30"
33,48,60,29.35,56.6,1634626518605,"2021-10-19T12:25:18+05:30"
35,51,67,29.32,57.98,1634626662453,"2021-10-19T12:27:42+05:30"
36,52,65,29.3,57.74,1634626673096,"2021-10-19T12:27:53+05:30"
36,52,66,29.31,58.25,1634626703479,"2021-10-19T12:28:23+05:30"
35,52,68,29.37,58.46,1634626734068,"2021-10-19T12:28:54+05:30"
33,48,61,29.42,58.19,1634626765220,"2021-10-19T12:29:25+05:30"
37,54,69,29.44,58.24,1634626795208,"2021-10-19T12:29:55+05:30"
38,55,69,29.44,57.45,1634626825801,"2021-10-19T12:30:25+05:30"
35,50,65,29.44,56.54,1634626856907,"2021-10-19T12:30:56+05:30"
36,54,69,29.49,57.29,1634626887263,"2021-10-19T12:31:27+05:30"
35,52,66,29.49,56.67,1634626917850,"2021-10-19T12:31:57+05:30"
34,49,63,29.5,56.61,1634626948435,"2021-10-19T12:32:28+05:30"
35,51,67,29.52,56.61,1634626979016,"2021-10-19T12:32:59+05:30"
37,54,69,29.51,56.92,1634627009579,"2021-10-19T12:33:29+05:30"
36,54,69,29.5,57.27,1634627040404,"2021-10-19T12:34:00+05:30"
35,50,66,29.49,57.16,1634627070774,"2021-10-19T12:34:30+05:30"
39,57,70,29.49,57.01,1634627101345,"2021-10-19T12:35:01+05:30"
45,64,76,29.51,57.04,1634627131937,"2021-10-19T12:35:31+05:30"
42,59,70,29.52,57.09,1634627162552,"2021-10-19T12:36:02+05:30"
35,51,65,29.51,56.95,1634627193102,"2021-10-19T12:36:33+05:30"
36,53,66,29.52,56.51,1634627223685,"2021-10-19T12:37:03+05:30"
35,50,65,29.52,56.21,1634627254269,"2021-10-19T12:37:34+05:30"
34,49,62,29.53,56.58,1634627284839,"2021-10-19T12:38:04+05:30"
39,58,69,29.53,56.38,1634627315428,"2021-10-19T12:38:35+05:30"
36,52,66,29.56,56.01,1634627345997,"2021-10-19T12:39:05+05:30"
35,51,65,29.6,56.91,1634627376798,"2021-10-19T12:39:36+05:30"
38,55,69,29.6,56.6,1634627407178,"2021-10-19T12:40:07+05:30"
36,53,69,29.6,56.84,1634627437766,"2021-10-19T12:40:37+05:30"
46,64,76,29.57,56.83,1634627468358,"2021-10-19T12:41:08+05:30"
40,58,69,29.58,56.96,1634627499033,"2021-10-19T12:41:39+05:30"
35,51,67,29.57,57.04,1634627529561,"2021-10-19T12:42:09+05:30"
34,51,68,29.62,57.25,1634627563395,"2021-10-19T12:42:43+05:30"
39,56,72,29.62,57.03,1634627593893,"2021-10-19T12:43:13+05:30"
40,59,72,29.64,56.56,1634627624579,"2021-10-19T12:43:44+05:30"
36,51,63,29.66,56.72,1634627645029,"2021-10-19T12:44:05+05:30"
38,55,68,29.61,56.99,1634627676016,"2021-10-19T12:44:36+05:30"
51,76,87,29.6,57.13,1634627706562,"2021-10-19T12:45:06+05:30"
51,77,88,29.57,56.77,1634627736961,"2021-10-19T12:45:36+05:30"
44,65,76,29.54,57.15,1634627767536,"2021-10-19T12:46:07+05:30"
41,61,73,29.58,56.77,1634627799405,"2021-10-19T12:46:39+05:30"
41,61,73,29.58,56.77,1634627802648,"2021-10-19T12:46:42+05:30"
41,61,73,29.58,56.77,1634627804437,"2021-10-19T12:46:44+05:30"
39,57,72,29.67,57.91,1634627828715,"2021-10-19T12:47:08+05:30"
36,51,66,29.73,57.58,1634627859436,"2021-10-19T12:47:39+05:30"
42,61,72,29.73,57.1,1634627890351,"2021-10-19T12:48:10+05:30"
41,60,74,29.75,57.17,1634627920722,"2021-10-19T12:48:40+05:30"
38,54,68,29.75,57.13,1634627951306,"2021-10-19T12:49:11+05:30"
37,52,67,29.76,56.92,1634627981858,"2021-10-19T12:49:41+05:30"
36,52,66,29.81,56.23,1634628012467,"2021-10-19T12:50:12+05:30"
35,51,65,29.83,55.88,1634628043045,"2021-10-19T12:50:43+05:30"
51,77,85,29.81,56.17,1634628073624,"2021-10-19T12:51:13+05:30"
43,64,78,29.78,56.37,1634628104672,"2021-10-19T12:51:44+05:30"
37,55,73,29.78,55.19,1634628135260,"2021-10-19T12:52:15+05:30"
36,51,66,29.77,55.25,1634628166028,"2021-10-19T12:52:46+05:30"
43,64,77,29.75,55.58,1634628196656,"2021-10-19T12:53:16+05:30"
36,51,67,29.79,55.68,1634628227993,"2021-10-19T12:53:47+05:30"
35,52,66,29.82,55.53,1634628258485,"2021-10-19T12:54:18+05:30"
40,58,71,29.81,55.56,1634628288749,"2021-10-19T12:54:48+05:30"
39,57,72,29.8,55.24,1634628319851,"2021-10-19T12:55:19+05:30"
37,52,68,29.84,55.56,1634628350050,"2021-10-19T12:55:50+05:30"
47,71,83,29.82,55.98,1634628380499,"2021-10-19T12:56:20+05:30"
38,56,72,29.8,55.67,1634628411216,"2021-10-19T12:56:51+05:30"
35,52,67,29.82,55.78,1634628441730,"2021-10-19T12:57:21+05:30"
37,53,68,29.86,55.99,1634628472433,"2021-10-19T12:57:52+05:30"
42,62,78,29.91,55.98,1634628503308,"2021-10-19T12:58:23+05:30"
39,56,70,29.91,55.15,1634628534898,"2021-10-19T12:58:54+05:30"
39,56,70,29.91,55.15,1634628535369,"2021-10-19T12:58:55+05:30"
37,52,67,29.93,55.02,1634628564768,"2021-10-19T12:59:24+05:30"
37,54,68,29.95,55.26,1634628595337,"2021-10-19T12:59:55+05:30"
38,55,69,29.94,55.22,1634628625934,"2021-10-19T13:00:25+05:30"
37,52,66,29.92,55.22,1634628656582,"2021-10-19T13:00:56+05:30"
36,52,68,29.93,55.59,1634628687116,"2021-10-19T13:01:27+05:30"
36,52,69,29.96,56.24,1634628717712,"2021-10-19T13:01:57+05:30"
38,54,68,29.99,55.67,1634628748551,"2021-10-19T13:02:28+05:30"
42,58,73,30.02,55.93,1634628778887,"2021-10-19T13:02:58+05:30"
49,74,85,30.02,56.35,1634628809476,"2021-10-19T13:03:29+05:30"
42,62,74,29.94,56.11,1634628840036,"2021-10-19T13:04:00+05:30"
41,61,72,29.95,56.85,1634628870635,"2021-10-19T13:04:30+05:30"
39,54,70,30.01,57.44,1634628901930,"2021-10-19T13:05:01+05:30"
39,57,70,30.06,57.33,1634628931870,"2021-10-19T13:05:31+05:30"
41,61,73,30.02,56.68,1634628962385,"2021-10-19T13:06:02+05:30"
41,57,72,29.97,56.54,1634628992976,"2021-10-19T13:06:32+05:30"
49,73,85,29.95,56.25,1634629023559,"2021-10-19T13:07:03+05:30"
39,55,69,29.93,55.96,1634629054247,"2021-10-19T13:07:34+05:30"
36,54,69,29.99,56.41,1634629084776,"2021-10-19T13:08:04+05:30"
39,54,70,30,56.38,1634629115352,"2021-10-19T13:08:35+05:30"
46,67,78,29.95,56.86,1634629145901,"2021-10-19T13:09:05+05:30"
42,60,75,29.99,58.16,1634629176914,"2021-10-19T13:09:36+05:30"
41,59,72,29.91,56.26,1634629207089,"2021-10-19T13:10:07+05:30"
55,83,95,29.83,57.48,1634629237639,"2021-10-19T13:10:37+05:30"
43,64,76,29.79,57.48,1634629268210,"2021-10-19T13:11:08+05:30"
39,54,70,29.83,57.44,1634629298815,"2021-10-19T13:11:38+05:30"
43,61,74,29.82,56.84,1634629329406,"2021-10-19T13:12:09+05:30"
46,70,82,29.82,57.24,1634629365037,"2021-10-19T13:12:45+05:30"
42,60,71,29.8,56.82,1634629395797,"2021-10-19T13:13:15+05:30"
41,57,72,29.84,56.87,1634629426162,"2021-10-19T13:13:46+05:30"
41,58,70,29.88,57.18,1634629456795,"2021-10-19T13:14:16+05:30"
42,60,71,29.92,56.87,1634629487372,"2021-10-19T13:14:47+05:30"
40,56,70,29.91,56.92,1634629517937,"2021-10-19T13:15:17+05:30"
40,57,72,29.97,57.59,1634629548541,"2021-10-19T13:15:48+05:30"
43,60,74,30,57.52,1634629579173,"2021-10-19T13:16:19+05:30"
40,56,73,29.99,57.35,1634629609709,"2021-10-19T13:16:49+05:30"
39,56,70,30.04,56.8,1634629640349,"2021-10-19T13:17:20+05:30"
40,59,72,30.14,57.57,1634629670908,"2021-10-19T13:17:50+05:30"
39,54,69,30.15,56.32,1634629701487,"2021-10-19T13:18:21+05:30"
37,51,65,30.14,56.01,1634629732055,"2021-10-19T13:18:52+05:30"
50,71,80,30.15,56.39,1634629762824,"2021-10-19T13:19:22+05:30"
47,66,76,30.16,55.52,1634629793209,"2021-10-19T13:19:53+05:30"
38,54,69,30.16,54.47,1634629823794,"2021-10-19T13:20:23+05:30"
37,52,67,30.16,53.27,1634629854368,"2021-10-19T13:20:54+05:30"
34,50,65,30.15,53.1,1634629884930,"2021-10-19T13:21:24+05:30"
34,49,64,30.14,52.54,1634629915541,"2021-10-19T13:21:55+05:30"
33,47,62,30.14,52.3,1634629946121,"2021-10-19T13:22:26+05:30"
34,49,63,30.17,53.34,1634629976729,"2021-10-19T13:22:56+05:30"
34,50,66,30.23,54.49,1634630007254,"2021-10-19T13:23:27+05:30"
37,53,67,30.25,54.17,1634630037870,"2021-10-19T13:23:57+05:30"
34,50,63,30.27,54.2,1634630068455,"2021-10-19T13:24:28+05:30"
35,50,64,30.3,53.63,1634630099130,"2021-10-19T13:24:59+05:30"
35,51,67,30.31,53.85,1634630129833,"2021-10-19T13:25:29+05:30"
34,49,64,30.31,53.54,1634630150495,"2021-10-19T13:25:50+05:30"
34,49,62,30.32,53.95,1634630181100,"2021-10-19T13:26:21+05:30"
35,51,65,30.33,54.08,1634630212474,"2021-10-19T13:26:52+05:30"
34,50,62,30.3,53.78,1634630243136,"2021-10-19T13:27:23+05:30"
33,49,63,30.27,54.01,1634630274026,"2021-10-19T13:27:54+05:30"
38,56,70,30.24,53.59,1634630304997,"2021-10-19T13:28:24+05:30"
34,50,65,30.22,53.66,1634630335618,"2021-10-19T13:28:55+05:30"
37,55,71,30.34,54.53,1634630366492,"2021-10-19T13:29:26+05:30"
40,59,72,30.37,52.96,1634630397087,"2021-10-19T13:29:57+05:30"
33,51,67,30.37,51.84,1634630427887,"2021-10-19T13:30:27+05:30"
34,51,66,30.38,52.14,1634630458984,"2021-10-19T13:30:58+05:30"
34,50,64,30.37,51.81,1634630489566,"2021-10-19T13:31:29+05:30"
36,53,69,30.36,52.42,1634630520524,"2021-10-19T13:32:00+05:30"
36,53,66,30.36,52.09,1634630550708,"2021-10-19T13:32:30+05:30"
37,53,66,30.36,52.29,1634630581274,"2021-10-19T13:33:01+05:30"
34,49,63,30.33,51.8,1634630611877,"2021-10-19T13:33:31+05:30"
36,52,67,30.31,51.2,1634630642483,"2021-10-19T13:34:02+05:30"
40,57,71,30.27,52.28,1634630673045,"2021-10-19T13:34:33+05:30"
34,50,63,30.25,52.34,1634630703609,"2021-10-19T13:35:03+05:30"
35,52,68,30.34,53.42,1634630734209,"2021-10-19T13:35:34+05:30"
33,50,68,30.38,52.42,1634630764799,"2021-10-19T13:36:04+05:30"
33,48,63,30.37,51.35,1634630795530,"2021-10-19T13:36:35+05:30"
33,48,61,30.4,51.04,1634630825948,"2021-10-19T13:37:05+05:30"
34,50,63,30.41,51.39,1634630856571,"2021-10-19T13:37:36+05:30"
36,51,66,30.45,51.74,1634630887783,"2021-10-19T13:38:07+05:30"
34,50,64,30.48,51.58,1634630917714,"2021-10-19T13:38:37+05:30"
34,49,63,30.43,51.29,1634630948283,"2021-10-19T13:39:08+05:30"
37,53,68,30.38,51.28,1634630978885,"2021-10-19T13:39:38+05:30"
34,50,63,30.4,51.43,1634631009461,"2021-10-19T13:40:09+05:30"
33,48,60,30.38,50.29,1634631040035,"2021-10-19T13:40:40+05:30"
33,48,62,30.37,50.4,1634631070825,"2021-10-19T13:41:10+05:30"
34,50,65,30.4,51.2,1634631101214,"2021-10-19T13:41:41+05:30"
33,49,62,30.45,51.27,1634631131881,"2021-10-19T13:42:11+05:30"
32,48,61,30.5,51.29,1634631166574,"2021-10-19T13:42:46+05:30"
33,48,62,30.54,50.81,1634631197123,"2021-10-19T13:43:17+05:30"
34,50,62,30.56,50.01,1634631227731,"2021-10-19T13:43:47+05:30"
33,47,59,30.54,49.83,1634631258717,"2021-10-19T13:44:18+05:30"
34,50,64,30.55,50.43,1634631289078,"2021-10-19T13:44:49+05:30"
35,51,68,30.57,50.19,1634631319759,"2021-10-19T13:45:19+05:30"
34,49,63,30.56,50.22,1634631350241,"2021-10-19T13:45:50+05:30"
33,47,61,30.56,50.61,1634631380822,"2021-10-19T13:46:20+05:30"
34,50,64,30.5,51.08,1634631411606,"2021-10-19T13:46:51+05:30"
34,50,63,30.55,51.94,1634631442006,"2021-10-19T13:47:22+05:30"
34,52,67,30.62,52.18,1634631472574,"2021-10-19T13:47:52+05:30"
33,48,63,30.62,51.37,1634631503137,"2021-10-19T13:48:23+05:30"
35,51,64,30.6,50.86,1634631533752,"2021-10-19T13:48:53+05:30"
60,87,98,30.58,51.17,1634631564346,"2021-10-19T13:49:24+05:30"
37,54,68,30.54,50.32,1634631594899,"2021-10-19T13:49:54+05:30"
33,48,61,30.58,50.87,1634631625470,"2021-10-19T13:50:25+05:30"
33,48,60,30.59,50.2,1634631656160,"2021-10-19T13:50:56+05:30"
40,58,71,30.6,50.7,1634631686752,"2021-10-19T13:51:26+05:30"
35,50,65,30.65,50.79,1634631717346,"2021-10-19T13:51:57+05:30"
37,55,67,30.65,50.4,1634631747910,"2021-10-19T13:52:27+05:30"
45,64,77,30.62,50.2,1634631779143,"2021-10-19T13:52:59+05:30"
42,61,73,30.61,50.72,1634631809212,"2021-10-19T13:53:29+05:30"
36,51,65,30.68,50.88,1634631839695,"2021-10-19T13:53:59+05:30"
37,53,69,30.75,50.83,1634631870242,"2021-10-19T13:54:30+05:30"
50,71,83,30.68,50.86,1634631900815,"2021-10-19T13:55:00+05:30"
39,58,71,30.62,50.63,1634631932102,"2021-10-19T13:55:32+05:30"
37,53,68,30.62,50.8,1634631962198,"2021-10-19T13:56:02+05:30"
39,56,69,30.65,50.98,1634631992734,"2021-10-19T13:56:32+05:30"
37,51,65,30.73,51.57,1634632023280,"2021-10-19T13:57:03+05:30"
36,51,66,30.79,50.7,1634632171722,"2021-10-19T13:59:31+05:30"
35,52,67,30.79,50.63,1634632202298,"2021-10-19T14:00:02+05:30"
36,52,67,30.83,50.94,1634632232854,"2021-10-19T14:00:32+05:30"
37,53,67,30.79,50.49,1634632263482,"2021-10-19T14:01:03+05:30"
37,52,68,30.84,51.06,1634632294175,"2021-10-19T14:01:34+05:30"
35,51,66,30.85,51.18,1634632324756,"2021-10-19T14:02:04+05:30"
36,53,68,30.84,50.96,1634632355302,"2021-10-19T14:02:35+05:30"
34,51,65,30.88,49.64,1634632385983,"2021-10-19T14:03:05+05:30"
33,50,66,30.83,48.82,1634632416528,"2021-10-19T14:03:36+05:30"
34,51,66,30.84,48.73,1634632447089,"2021-10-19T14:04:07+05:30"
37,53,66,30.84,48.66,1634632477701,"2021-10-19T14:04:37+05:30"
35,50,64,30.89,48.78,1634632508592,"2021-10-19T14:05:08+05:30"
33,49,62,30.93,48.75,1634632538845,"2021-10-19T14:05:38+05:30"
34,51,65,30.96,48.71,1634632569756,"2021-10-19T14:06:09+05:30"
33,49,64,30.94,47.61,1634632600249,"2021-10-19T14:06:40+05:30"
35,52,67,30.92,48.24,1634632630632,"2021-10-19T14:07:10+05:30"
35,51,69,30.94,48.47,1634632661630,"2021-10-19T14:07:41+05:30"
34,50,66,30.94,47.86,1634632691749,"2021-10-19T14:08:11+05:30"
34,49,63,30.95,47.78,1634632722346,"2021-10-19T14:08:42+05:30"
35,50,65,30.93,47.68,1634632752937,"2021-10-19T14:09:12+05:30"
35,50,63,30.95,47.97,1634632784221,"2021-10-19T14:09:44+05:30"
38,53,66,30.93,47.66,1634632814182,"2021-10-19T14:10:14+05:30"
34,50,63,30.92,47.56,1634632872244,"2021-10-19T14:11:12+05:30"
34,49,63,30.89,47.68,1634632902942,"2021-10-19T14:11:42+05:30"
36,52,66,30.89,48.87,1634632933374,"2021-10-19T14:12:13+05:30"
36,52,67,30.9,48.54,1634632964002,"2021-10-19T14:12:44+05:30"
36,51,68,30.91,48.85,1634632994843,"2021-10-19T14:13:14+05:30"
37,53,68,30.95,48.75,1634633025614,"2021-10-19T14:13:45+05:30"
37,51,67,30.95,48.19,1634633056190,"2021-10-19T14:14:16+05:30"
34,50,62,30.86,48.1,1634633086778,"2021-10-19T14:14:46+05:30"
37,53,66,30.87,49.89,1634633117346,"2021-10-19T14:15:17+05:30"
37,55,70,30.86,49.38,1634633147920,"2021-10-19T14:15:47+05:30"
38,57,72,30.88,49.92,1634633178519,"2021-10-19T14:16:18+05:30"
39,58,73,30.89,49.98,1634633209595,"2021-10-19T14:16:49+05:30"
44,65,76,30.9,50.18,1634633239709,"2021-10-19T14:17:19+05:30"
38,56,71,30.89,50.3,1634633270258,"2021-10-19T14:17:50+05:30"
38,56,70,30.88,50.23,1634633300844,"2021-10-19T14:18:20+05:30"
43,62,78,30.87,50.61,1634633331439,"2021-10-19T14:18:51+05:30"
39,58,72,30.83,50.12,1634633361996,"2021-10-19T14:19:21+05:30"
39,58,72,30.77,50.55,1634633393060,"2021-10-19T14:19:53+05:30"
39,56,71,30.74,51.52,1634633423318,"2021-10-19T14:20:23+05:30"
38,54,67,30.76,50.85,1634633453904,"2021-10-19T14:20:53+05:30"
48,64,75,30.72,50.61,1634633484473,"2021-10-19T14:21:24+05:30"
41,57,71,30.68,50.5,1634633515046,"2021-10-19T14:21:55+05:30"
39,56,70,30.63,50.52,1634633545624,"2021-10-19T14:22:25+05:30"
39,55,70,30.72,50.68,1634633576198,"2021-10-19T14:22:56+05:30"
42,57,72,30.73,50.33,1634633606776,"2021-10-19T14:23:26+05:30"
40,58,71,30.74,50.87,1634633637351,"2021-10-19T14:23:57+05:30"
46,65,75,30.69,51.3,1634633667915,"2021-10-19T14:24:27+05:30"
45,65,75,30.69,51.28,1634633698518,"2021-10-19T14:24:58+05:30"
45,65,75,30.69,51.28,1634633706319,"2021-10-19T14:25:06+05:30"
45,65,75,30.69,51.28,1634633708126,"2021-10-19T14:25:08+05:30"
45,63,74,30.64,51.47,1634633729109,"2021-10-19T14:25:29+05:30"
49,69,78,30.61,51.9,1634633762618,"2021-10-19T14:26:02+05:30"
42,59,71,30.58,51.5,1634633793196,"2021-10-19T14:26:33+05:30"
43,61,74,30.58,51.44,1634633823786,"2021-10-19T14:27:03+05:30"
41,58,73,30.54,51.63,1634633854349,"2021-10-19T14:27:34+05:30"
43,61,73,30.54,52.04,1634633884919,"2021-10-19T14:28:04+05:30"
43,61,74,30.62,52.89,1634633915695,"2021-10-19T14:28:35+05:30"
46,64,76,30.67,52.78,1634633946182,"2021-10-19T14:29:06+05:30"
45,65,75,30.7,52.47,1634633976680,"2021-10-19T14:29:36+05:30"
43,62,74,30.75,51.96,1634634007643,"2021-10-19T14:30:07+05:30"
40,57,70,30.77,51.85,1634634037873,"2021-10-19T14:30:37+05:30"
41,56,70,30.77,50.88,1634634068576,"2021-10-19T14:31:08+05:30"
42,58,72,30.8,50.84,1634634099011,"2021-10-19T14:31:39+05:30"
41,57,72,30.82,50.44,1634634129572,"2021-10-19T14:32:09+05:30"
42,60,72,30.82,50.52,1634634160181,"2021-10-19T14:32:40+05:30"
42,60,72,30.87,50.87,1634634190852,"2021-10-19T14:33:10+05:30"
40,57,70,30.86,50.43,1634634221345,"2021-10-19T14:33:41+05:30"
40,56,71,30.88,50.43,1634634252110,"2021-10-19T14:34:12+05:30"
40,54,68,30.88,50.03,1634634282514,"2021-10-19T14:34:42+05:30"
40,54,68,30.82,49.97,1634634313130,"2021-10-19T14:35:13+05:30"
41,58,72,30.89,50.14,1634634343671,"2021-10-19T14:35:43+05:30"
40,57,71,30.96,50.28,1634634374255,"2021-10-19T14:36:14+05:30"
43,61,74,31.04,50.72,1634634405519,"2021-10-19T14:36:45+05:30"
42,59,72,30.99,50.27,1634634435456,"2021-10-19T14:37:15+05:30"
40,57,70,31.01,50.13,1634634466075,"2021-10-19T14:37:46+05:30"
40,56,70,30.93,49.45,1634634496569,"2021-10-19T14:38:16+05:30"
42,58,70,30.95,49.6,1634634527164,"2021-10-19T14:38:47+05:30"
44,63,75,31,50.37,1634634558059,"2021-10-19T14:39:18+05:30"
44,64,74,30.99,50.78,1634634588331,"2021-10-19T14:39:48+05:30"
43,61,72,30.97,50.85,1634634618895,"2021-10-19T14:40:18+05:30"
42,59,73,30.98,50.53,1634634649496,"2021-10-19T14:40:49+05:30"
43,58,71,30.96,50.86,1634634682154,"2021-10-19T14:41:22+05:30"
45,62,73,30.93,51.72,1634634712739,"2021-10-19T14:41:52+05:30"
44,61,75,30.9,50.78,1634634743314,"2021-10-19T14:42:23+05:30"
44,64,77,30.86,50.77,1634634773909,"2021-10-19T14:42:53+05:30"
45,66,77,30.82,51.67,1634634804482,"2021-10-19T14:43:24+05:30"
43,64,76,30.82,51.32,1634634835054,"2021-10-19T14:43:55+05:30"
45,64,75,30.83,51.3,1634634865651,"2021-10-19T14:44:25+05:30"
45,64,75,30.76,50.85,1634634896328,"2021-10-19T14:44:56+05:30"
45,62,75,30.7,51.55,1634634926922,"2021-10-19T14:45:26+05:30"
46,64,74,30.67,51.76,1634634957475,"2021-10-19T14:45:57+05:30"
46,68,77,30.71,52.17,1634634988191,"2021-10-19T14:46:28+05:30"
45,64,74,30.78,51.86,1634635008630,"2021-10-19T14:46:48+05:30"
47,65,75,30.8,51.34,1634635039563,"2021-10-19T14:47:19+05:30"
44,63,74,30.8,50.95,1634635069915,"2021-10-19T14:47:49+05:30"
44,65,75,30.73,51.32,1634635100616,"2021-10-19T14:48:20+05:30"
45,62,74,30.73,51.47,1634635131605,"2021-10-19T14:48:51+05:30"
45,63,75,30.73,51.22,1634635162754,"2021-10-19T14:49:22+05:30"
45,63,75,30.78,51.44,1634635192863,"2021-10-19T14:49:52+05:30"
45,63,74,30.82,51.64,1634635223511,"2021-10-19T14:50:23+05:30"
46,63,73,30.78,51.55,1634635254238,"2021-10-19T14:50:54+05:30"
46,67,74,30.76,51.62,1634635284800,"2021-10-19T14:51:24+05:30"
46,67,78,30.75,51.66,1634635315402,"2021-10-19T14:51:55+05:30"
47,67,78,30.72,52.28,1634635345990,"2021-10-19T14:52:25+05:30"
45,61,72,30.8,52.35,1634635376588,"2021-10-19T14:52:56+05:30"
46,65,75,30.83,51.55,1634635407126,"2021-10-19T14:53:27+05:30"
47,66,75,30.75,51.16,1634635438427,"2021-10-19T14:53:58+05:30"
46,64,75,30.77,52.02,1634635468510,"2021-10-19T14:54:28+05:30"
48,65,75,30.78,52.52,1634635498899,"2021-10-19T14:54:58+05:30"
47,65,76,30.73,52.4,1634635529473,"2021-10-19T14:55:29+05:30"
48,67,77,30.76,52.64,1634635562208,"2021-10-19T14:56:02+05:30"
48,69,81,30.89,52.47,1634635592776,"2021-10-19T14:56:32+05:30"
48,68,80,30.92,51.61,1634635623450,"2021-10-19T14:57:03+05:30"
46,64,75,30.87,51.4,1634635653931,"2021-10-19T14:57:33+05:30"
45,62,74,30.78,51.61,1634635684749,"2021-10-19T14:58:04+05:30"
46,64,75,30.75,51.83,1634635715096,"2021-10-19T14:58:35+05:30"
48,66,75,30.71,52.11,1634635745668,"2021-10-19T14:59:05+05:30"
47,66,77,30.74,52.14,1634635776264,"2021-10-19T14:59:36+05:30"
48,66,76,30.8,52.39,1634635806871,"2021-10-19T15:00:06+05:30"
46,64,76,30.79,51.63,1634635837424,"2021-10-19T15:00:37+05:30"
47,65,76,30.78,51.83,1634635868034,"2021-10-19T15:01:08+05:30"
46,67,77,30.84,51.42,1634635898620,"2021-10-19T15:01:38+05:30"
46,66,77,30.79,50.8,1634635929201,"2021-10-19T15:02:09+05:30"
48,68,77,30.74,51.51,1634635959758,"2021-10-19T15:02:39+05:30"
47,67,77,30.71,52.17,1634636073694,"2021-10-19T15:04:33+05:30"
49,70,79,30.79,53.27,1634636084354,"2021-10-19T15:04:44+05:30"
48,68,77,30.76,52.65,1634636114762,"2021-10-19T15:05:14+05:30"
48,69,79,30.69,52.9,1634636145321,"2021-10-19T15:05:45+05:30"
49,69,79,30.77,53.08,1634636176370,"2021-10-19T15:06:16+05:30"
49,66,76,30.81,53.14,1634636206511,"2021-10-19T15:06:46+05:30"
49,66,78,30.83,52.68,1634636237078,"2021-10-19T15:07:17+05:30"
49,69,83,30.83,52.32,1634636267717,"2021-10-19T15:07:47+05:30"
50,72,82,30.85,52.65,1634636298289,"2021-10-19T15:08:18+05:30"
49,69,77,30.83,52.65,1634636328896,"2021-10-19T15:08:48+05:30"
50,69,77,30.85,52.41,1634636359432,"2021-10-19T15:09:19+05:30"
53,74,88,30.78,52.5,1634636390038,"2021-10-19T15:09:50+05:30"
51,71,78,30.77,53.01,1634636420620,"2021-10-19T15:10:20+05:30"
50,68,76,30.77,52.53,1634636451196,"2021-10-19T15:10:51+05:30"
49,68,79,30.77,52.95,1634636481794,"2021-10-19T15:11:21+05:30"
53,71,79,30.75,52.7,1634636512652,"2021-10-19T15:11:52+05:30"
50,71,78,30.69,52.62,1634636542945,"2021-10-19T15:12:22+05:30"
51,72,82,30.76,53.56,1634636573520,"2021-10-19T15:12:53+05:30"
48,69,78,30.81,52.79,1634636604091,"2021-10-19T15:13:24+05:30"
49,68,77,30.74,52.39,1634636634899,"2021-10-19T15:13:54+05:30"
49,71,80,30.76,52.39,1634636665290,"2021-10-19T15:14:25+05:30"
51,72,79,30.75,51.82,1634636695857,"2021-10-19T15:14:55+05:30"
51,70,80,30.66,52.15,1634636726427,"2021-10-19T15:15:26+05:30"
50,69,77,30.64,52.33,1634636757015,"2021-10-19T15:15:57+05:30"
50,71,80,30.68,52.82,1634636787733,"2021-10-19T15:16:27+05:30"
51,72,82,30.62,52.75,1634636818184,"2021-10-19T15:16:58+05:30"
51,73,81,30.56,53.33,1634636848744,"2021-10-19T15:17:28+05:30"
52,74,80,30.55,52.95,1634636879344,"2021-10-19T15:17:59+05:30"
49,71,81,30.53,53.3,1634636909930,"2021-10-19T15:18:29+05:30"
51,72,80,30.53,53.29,1634636940537,"2021-10-19T15:19:00+05:30"
53,74,84,30.56,53.7,1634636974204,"2021-10-19T15:19:34+05:30"
53,74,80,30.56,53.06,1634636993832,"2021-10-19T15:19:53+05:30"
52,73,80,30.65,53.76,1634637024415,"2021-10-19T15:20:24+05:30"
54,77,82,30.71,53.66,1634637055161,"2021-10-19T15:20:55+05:30"
52,74,81,30.73,53.33,1634637085759,"2021-10-19T15:21:25+05:30"
53,75,82,30.72,52.74,1634637116364,"2021-10-19T15:21:56+05:30"
53,76,84,30.7,52.91,1634637146880,"2021-10-19T15:22:26+05:30"
54,77,91,30.66,53.34,1634637177621,"2021-10-19T15:22:57+05:30"
54,76,85,30.68,53.01,1634637208096,"2021-10-19T15:23:28+05:30"
55,77,83,30.67,53.04,1634637238636,"2021-10-19T15:23:58+05:30"
54,76,83,30.64,53.17,1634637269222,"2021-10-19T15:24:29+05:30"
55,80,90,30.62,53.61,1634637299793,"2021-10-19T15:24:59+05:30"
53,76,84,30.67,53.95,1634637330392,"2021-10-19T15:25:30+05:30"
55,77,90,30.68,54,1634637360951,"2021-10-19T15:26:00+05:30"
55,76,84,30.68,54.11,1634637391533,"2021-10-19T15:26:31+05:30"
53,74,81,30.65,53.48,1634637422439,"2021-10-19T15:27:02+05:30"
53,76,82,30.64,53.48,1634637452712,"2021-10-19T15:27:32+05:30"
56,76,82,30.65,53.4,1634637483314,"2021-10-19T15:28:03+05:30"
58,81,87,30.69,53.98,1634637513872,"2021-10-19T15:28:33+05:30"
55,79,86,30.63,54.08,1634637544524,"2021-10-19T15:29:04+05:30"
54,77,83,30.59,53.77,1634637575120,"2021-10-19T15:29:35+05:30"
55,76,82,30.55,53.88,1634637605676,"2021-10-19T15:30:05+05:30"
56,78,86,30.54,53.74,1634637636192,"2021-10-19T15:30:36+05:30"
55,78,85,30.53,54.16,1634637666863,"2021-10-19T15:31:06+05:30"
54,77,86,30.49,54.19,1634637697380,"2021-10-19T15:31:37+05:30"
57,81,91,30.56,54.37,1634637727956,"2021-10-19T15:32:07+05:30"
55,82,88,30.56,54.23,1634637758531,"2021-10-19T15:32:38+05:30"
56,78,86,30.52,53.86,1634637789145,"2021-10-19T15:33:09+05:30"
55,78,85,30.47,53.99,1634637819770,"2021-10-19T15:33:39+05:30"
57,79,85,30.38,54.51,1634637878512,"2021-10-19T15:34:38+05:30"
57,79,87,30.34,54.74,1634637909300,"2021-10-19T15:35:09+05:30"
58,81,88,30.37,54.84,1634637939878,"2021-10-19T15:35:39+05:30"
56,79,87,30.41,55.03,1634637970677,"2021-10-19T15:36:10+05:30"
57,81,85,30.41,54.84,1634638001573,"2021-10-19T15:36:41+05:30"
58,82,88,30.41,54.62,1634638032265,"2021-10-19T15:37:12+05:30"
59,82,88,30.35,54.1,1634638062732,"2021-10-19T15:37:42+05:30"
59,83,91,30.33,54.13,1634638093327,"2021-10-19T15:38:13+05:30"
58,82,91,30.32,54.74,1634638123902,"2021-10-19T15:38:43+05:30"
59,81,88,30.28,54.46,1634638154464,"2021-10-19T15:39:14+05:30"
57,80,87,30.26,54.34,1634638185081,"2021-10-19T15:39:45+05:30"
56,82,92,30.23,54.82,1634638215648,"2021-10-19T15:40:15+05:30"
62,88,94,30.22,54.77,1634638246234,"2021-10-19T15:40:46+05:30"
60,86,92,30.27,55.47,1634638276809,"2021-10-19T15:41:16+05:30"
61,86,94,30.27,55.06,1634638307447,"2021-10-19T15:41:47+05:30"
59,81,89,30.25,55.06,1634638338004,"2021-10-19T15:42:18+05:30"
58,84,91,30.26,55.09,1634638368672,"2021-10-19T15:42:48+05:30"
60,85,96,30.24,55.14,1634638399289,"2021-10-19T15:43:19+05:30"
60,84,95,30.22,55.29,1634638429851,"2021-10-19T15:43:49+05:30"
60,83,93,30.2,55.35,1634638460436,"2021-10-19T15:44:20+05:30"
59,84,91,30.19,55.65,1634638491005,"2021-10-19T15:44:51+05:30"
61,84,93,30.16,55.54,1634638521589,"2021-10-19T15:45:21+05:30"
60,84,91,30.14,55.47,1634638552197,"2021-10-19T15:45:52+05:30"
61,87,96,30.1,55.62,1634638582857,"2021-10-19T15:46:22+05:30"
63,87,96,30.07,55.69,1634638613333,"2021-10-19T15:46:53+05:30"
61,86,97,30.07,55.18,1634638643923,"2021-10-19T15:47:23+05:30"
62,89,96,30.07,55.49,1634638674517,"2021-10-19T15:47:54+05:30"
62,88,97,30.09,55.54,1634638705096,"2021-10-19T15:48:25+05:30"
61,88,96,30.05,55.74,1634638735685,"2021-10-19T15:48:55+05:30"
59,86,96,30.01,55.91,1634638764600,"2021-10-19T15:49:24+05:30"
62,90,100,30,56.36,1634638795268,"2021-10-19T15:49:55+05:30"
63,88,95,29.99,56.28,1634638825888,"2021-10-19T15:50:25+05:30"
61,87,97,30,56.57,1634638856411,"2021-10-19T15:50:56+05:30"
61,89,98,29.97,56.45,1634638886979,"2021-10-19T15:51:26+05:30"
64,94,104,29.96,56.59,1634638917567,"2021-10-19T15:51:57+05:30"
62,93,104,29.95,56.42,1634638948176,"2021-10-19T15:52:28+05:30"
63,88,99,29.94,56.85,1634638978873,"2021-10-19T15:52:58+05:30"
64,93,104,29.92,56.45,1634639009462,"2021-10-19T15:53:29+05:30"
62,87,96,29.91,56.48,1634639040029,"2021-10-19T15:54:00+05:30"
63,92,104,29.91,56.84,1634639070612,"2021-10-19T15:54:30+05:30"
64,91,101,29.91,56.75,1634639101199,"2021-10-19T15:55:01+05:30"
64,90,105,29.91,56.52,1634639131851,"2021-10-19T15:55:31+05:30"
65,92,104,29.91,56.09,1634639162363,"2021-10-19T15:56:02+05:30"
65,93,98,29.9,56.36,1634639192938,"2021-10-19T15:56:32+05:30"
64,88,98,29.91,56.41,1634639223537,"2021-10-19T15:57:03+05:30"
63,89,97,29.9,56.16,1634639254628,"2021-10-19T15:57:34+05:30"
65,93,103,29.9,56.53,1634639284687,"2021-10-19T15:58:04+05:30"
65,97,106,29.93,57.06,1634639315279,"2021-10-19T15:58:35+05:30"
59,86,96,29.95,58.24,1634639345875,"2021-10-19T15:59:05+05:30"
58,83,90,29.95,58.62,1634639376423,"2021-10-19T15:59:36+05:30"
57,82,90,29.93,58.3,1634639407033,"2021-10-19T16:00:07+05:30"
64,90,103,29.91,57.16,1634639437621,"2021-10-19T16:00:37+05:30"
66,93,108,29.91,57.42,1634639468206,"2021-10-19T16:01:08+05:30"
66,94,102,29.9,56.78,1634639498924,"2021-10-19T16:01:38+05:30"
67,95,101,29.92,57.63,1634639529398,"2021-10-19T16:02:09+05:30"
63,89,100,29.94,58.25,1634639559985,"2021-10-19T16:02:39+05:30"
64,90,100,29.9,57.41,1634639590587,"2021-10-19T16:03:10+05:30"
65,92,97,29.89,58.03,1634639621181,"2021-10-19T16:03:41+05:30"
65,95,102,29.9,58.07,1634639651924,"2021-10-19T16:04:11+05:30"
72,101,113,29.89,58.13,1634639679396,"2021-10-19T16:04:39+05:30"
70,97,108,29.9,58.15,1634639709979,"2021-10-19T16:05:09+05:30"
62,89,97,29.89,57.77,1634639740743,"2021-10-19T16:05:40+05:30"
63,91,98,29.86,57.53,1634639771741,"2021-10-19T16:06:11+05:30"
70,100,107,29.84,57.43,1634639801755,"2021-10-19T16:06:41+05:30"
71,100,108,29.83,56.79,1634639832321,"2021-10-19T16:07:12+05:30"
68,98,108,29.84,57.36,1634639862886,"2021-10-19T16:07:42+05:30"
66,95,104,29.82,57.42,1634639893463,"2021-10-19T16:08:13+05:30"
70,99,108,29.82,57.44,1634639924034,"2021-10-19T16:08:44+05:30"
66,94,105,29.85,58.19,1634639954654,"2021-10-19T16:09:14+05:30"
65,91,98,29.82,57.85,1634639985405,"2021-10-19T16:09:45+05:30"
65,92,97,29.78,57.63,1634640015827,"2021-10-19T16:10:15+05:30"
66,93,100,29.78,57.59,1634640046357,"2021-10-19T16:10:46+05:30"
68,94,107,29.8,57.53,1634640076963,"2021-10-19T16:11:16+05:30"
68,97,107,29.81,57.19,1634640107569,"2021-10-19T16:11:47+05:30"
66,95,105,29.75,57.41,1634640138149,"2021-10-19T16:12:18+05:30"
68,98,107,29.72,57.31,1634640169223,"2021-10-19T16:12:49+05:30"
69,97,105,29.75,57.29,1634640199611,"2021-10-19T16:13:19+05:30"
66,92,98,29.74,57.64,1634640230187,"2021-10-19T16:13:50+05:30"
70,99,108,29.75,58.07,1634640261187,"2021-10-19T16:14:21+05:30"
68,98,106,29.77,58.12,1634640291371,"2021-10-19T16:14:51+05:30"
71,101,110,29.77,57.76,1634640321944,"2021-10-19T16:15:21+05:30"
67,94,103,29.8,58.29,1634640352523,"2021-10-19T16:15:52+05:30"
70,101,108,29.8,57.99,1634640383131,"2021-10-19T16:16:23+05:30"
68,97,106,29.77,57.83,1634640413707,"2021-10-19T16:16:53+05:30"
66,94,103,29.74,58.02,1634640444277,"2021-10-19T16:17:24+05:30"
67,95,102,29.74,57.99,1634640474944,"2021-10-19T16:17:54+05:30"
69,100,110,29.72,57.98,1634640505455,"2021-10-19T16:18:25+05:30"
67,94,103,29.69,57.77,1634640536047,"2021-10-19T16:18:56+05:30"
71,103,111,29.7,57.73,1634640562063,"2021-10-19T16:19:22+05:30"
67,98,106,29.7,57.93,1634640592664,"2021-10-19T16:19:52+05:30"
71,102,110,29.7,58.12,1634640623681,"2021-10-19T16:20:23+05:30"
63,91,97,29.72,59.37,1634640653802,"2021-10-19T16:20:53+05:30"
64,92,98,29.69,58.66,1634640684408,"2021-10-19T16:21:24+05:30"
67,94,100,29.66,57.95,1634640714995,"2021-10-19T16:21:54+05:30"
70,98,106,29.65,58.31,1634640745554,"2021-10-19T16:22:25+05:30"
69,94,102,29.64,58.32,1634640776128,"2021-10-19T16:22:56+05:30"
67,98,104,29.64,58.78,1634640806919,"2021-10-19T16:23:26+05:30"
71,100,111,29.63,58.28,1634640837316,"2021-10-19T16:23:57+05:30"
71,101,109,29.63,58.56,1634640867921,"2021-10-19T16:24:27+05:30"
76,107,115,29.62,58.35,1634640898517,"2021-10-19T16:24:58+05:30"
74,105,114,29.61,58.45,1634640929333,"2021-10-19T16:25:29+05:30"
75,108,117,29.6,58.66,1634640959755,"2021-10-19T16:25:59+05:30"
74,109,121,29.59,58.85,1634640990314,"2021-10-19T16:26:30+05:30"
74,109,116,29.58,58.34,1634641020887,"2021-10-19T16:27:00+05:30"
75,111,121,29.58,58.45,1634641051474,"2021-10-19T16:27:31+05:30"
73,105,114,29.55,58.51,1634641082106,"2021-10-19T16:28:02+05:30"
73,105,115,29.55,58.32,1634641112661,"2021-10-19T16:28:32+05:30"
74,108,119,29.56,58.25,1634641143267,"2021-10-19T16:29:03+05:30"
74,108,116,29.55,58.5,1634641173844,"2021-10-19T16:29:33+05:30"
74,106,119,29.56,57.48,1634641204690,"2021-10-19T16:30:04+05:30"
71,105,113,29.56,57.73,1634641235017,"2021-10-19T16:30:35+05:30"
73,105,115,29.58,58.21,1634641265691,"2021-10-19T16:31:05+05:30"
73,104,114,29.56,58.2,1634641296441,"2021-10-19T16:31:36+05:30"
73,106,115,29.54,58.17,1634641326900,"2021-10-19T16:32:06+05:30"
72,102,111,29.55,58.73,1634641357502,"2021-10-19T16:32:37+05:30"
68,97,108,29.55,59.07,1634641388406,"2021-10-19T16:33:08+05:30"
70,102,113,29.55,59.07,1634641418671,"2021-10-19T16:33:38+05:30"
75,106,115,29.54,58.84,1634641449396,"2021-10-19T16:34:09+05:30"
70,104,112,29.51,58.77,1634641480224,"2021-10-19T16:34:40+05:30"
70,98,105,29.49,59.02,1634641510836,"2021-10-19T16:35:10+05:30"
70,98,107,29.48,59,1634641541808,"2021-10-19T16:35:41+05:30"
74,104,111,29.47,58.89,1634641571948,"2021-10-19T16:36:11+05:30"
77,112,123,29.47,58.86,1634641602535,"2021-10-19T16:36:42+05:30"
77,111,120,29.46,58.45,1634641633147,"2021-10-19T16:37:13+05:30"
73,104,117,29.47,59.15,1634641663725,"2021-10-19T16:37:43+05:30"
69,102,112,29.48,59.33,1634641694319,"2021-10-19T16:38:14+05:30"
72,105,119,29.48,59.38,1634641724906,"2021-10-19T16:38:44+05:30"
77,110,122,29.5,59.17,1634641755533,"2021-10-19T16:39:15+05:30"
74,107,116,29.49,59.2,1634641786542,"2021-10-19T16:39:46+05:30"
67,98,107,29.48,59.88,1634641816699,"2021-10-19T16:40:16+05:30"
69,97,104,29.47,59.78,1634641847283,"2021-10-19T16:40:47+05:30"
70,97,110,29.46,59.56,1634641877926,"2021-10-19T16:41:17+05:30"
69,96,108,29.45,59.54,1634641908495,"2021-10-19T16:41:48+05:30"
71,99,111,29.45,59.74,1634641939723,"2021-10-19T16:42:19+05:30"
70,101,113,29.45,59.8,1634641969923,"2021-10-19T16:42:49+05:30"
70,102,110,29.44,59.51,1634642000516,"2021-10-19T16:43:20+05:30"
80,114,127,29.44,59.41,1634642031107,"2021-10-19T16:43:51+05:30"
87,127,139,29.45,59.53,1634642061691,"2021-10-19T16:44:21+05:30"
72,105,114,29.44,59.76,1634642092390,"2021-10-19T16:44:52+05:30"
92,135,150,29.42,59.48,1634642122882,"2021-10-19T16:45:22+05:30"
82,120,131,29.41,59.7,1634642153473,"2021-10-19T16:45:53+05:30"
75,110,121,29.43,59.71,1634642184072,"2021-10-19T16:46:24+05:30"
76,110,124,29.44,59.42,1634642214663,"2021-10-19T16:46:54+05:30"
82,117,128,29.44,59.23,1634642245249,"2021-10-19T16:47:25+05:30"
76,109,119,29.45,59.71,1634642275850,"2021-10-19T16:47:55+05:30"
77,110,122,29.43,59.81,1634642306435,"2021-10-19T16:48:26+05:30"
72,103,117,29.44,60.42,1634642337440,"2021-10-19T16:48:57+05:30"
71,104,116,29.44,60.39,1634642363375,"2021-10-19T16:49:23+05:30"
72,107,117,29.43,60.24,1634642393972,"2021-10-19T16:49:53+05:30"
79,115,131,29.43,60.49,1634642424577,"2021-10-19T16:50:24+05:30"
83,123,139,29.44,60.5,1634642455156,"2021-10-19T16:50:55+05:30"
85,127,140,29.42,60.2,1634642485745,"2021-10-19T16:51:25+05:30"
83,123,135,29.39,59.92,1634642516309,"2021-10-19T16:51:56+05:30"
78,115,126,29.39,60.1,1634642546914,"2021-10-19T16:52:26+05:30"
75,108,120,29.35,59.67,1634642577506,"2021-10-19T16:52:57+05:30"
81,117,128,29.33,59.81,1634642608118,"2021-10-19T16:53:28+05:30"
85,124,141,29.33,60.2,1634642638686,"2021-10-19T16:53:58+05:30"
82,122,137,29.35,60.4,1634642669279,"2021-10-19T16:54:29+05:30"
78,114,131,29.34,60.01,1634642699869,"2021-10-19T16:54:59+05:30"
82,121,135,29.37,60.03,1634642730488,"2021-10-19T16:55:30+05:30"
82,121,138,29.37,59.83,1634642761054,"2021-10-19T16:56:01+05:30"
77,115,125,29.38,59.99,1634642791643,"2021-10-19T16:56:31+05:30"
82,122,133,29.36,59.72,1634642822254,"2021-10-19T16:57:02+05:30"
91,131,148,29.37,60.03,1634642852863,"2021-10-19T16:57:32+05:30"
83,120,134,29.37,60.04,1634642883457,"2021-10-19T16:58:03+05:30"
83,120,131,29.38,60.05,1634642914041,"2021-10-19T16:58:34+05:30"
76,110,121,29.39,59.98,1634642944642,"2021-10-19T16:59:04+05:30"
75,107,112,29.38,60.22,1634642975342,"2021-10-19T16:59:35+05:30"
73,104,116,29.36,60.26,1634643005860,"2021-10-19T17:00:05+05:30"
81,118,132,29.32,59.94,1634643036422,"2021-10-19T17:00:36+05:30"
82,119,137,29.3,60.23,1634643067162,"2021-10-19T17:01:07+05:30"
80,115,127,29.29,60.05,1634643097593,"2021-10-19T17:01:37+05:30"
74,108,117,29.27,59.72,1634643128170,"2021-10-19T17:02:08+05:30"
80,119,129,29.25,59.69,1634643158787,"2021-10-19T17:02:38+05:30"
84,125,138,29.26,60.33,1634643189359,"2021-10-19T17:03:09+05:30"
76,111,118,29.26,60.18,1634643219953,"2021-10-19T17:03:39+05:30"
78,114,122,29.24,60.01,1634643250766,"2021-10-19T17:04:10+05:30"
76,111,123,29.24,60.2,1634643281269,"2021-10-19T17:04:41+05:30"
78,114,128,29.24,60.68,1634643311737,"2021-10-19T17:05:11+05:30"
81,119,132,29.22,60.41,1634643342807,"2021-10-19T17:05:42+05:30"
78,116,127,29.18,59.91,1634643372996,"2021-10-19T17:06:12+05:30"
79,114,124,29.17,60.02,1634643403518,"2021-10-19T17:06:43+05:30"
77,112,124,29.15,60.14,1634643434365,"2021-10-19T17:07:14+05:30"
79,113,126,29.14,59.99,1634643464705,"2021-10-19T17:07:44+05:30"
81,116,128,29.12,60.32,1634643495635,"2021-10-19T17:08:15+05:30"
75,105,114,29.1,59.97,1634643525922,"2021-10-19T17:08:45+05:30"
78,113,125,29.11,59.9,1634643556486,"2021-10-19T17:09:16+05:30"
76,108,118,29.12,60.42,1634643587081,"2021-10-19T17:09:47+05:30"
76,108,118,29.12,60.42,1634643611614,"2021-10-19T17:10:11+05:30"
76,108,118,29.12,60.42,1634643612201,"2021-10-19T17:10:12+05:30"
76,108,118,29.12,60.42,1634643613667,"2021-10-19T17:10:13+05:30"
76,108,118,29.12,60.42,1634643614221,"2021-10-19T17:10:14+05:30"
77,113,123,29.12,60.4,1634643617661,"2021-10-19T17:10:17+05:30"
77,113,129,29.1,60.63,1634643648327,"2021-10-19T17:10:48+05:30"
76,112,132,29.1,60.79,1634643678936,"2021-10-19T17:11:18+05:30"
77,114,125,29.09,60.52,1634643709473,"2021-10-19T17:11:49+05:30"
80,118,132,29.1,60.55,1634643740050,"2021-10-19T17:12:20+05:30"
83,119,131,29.1,60.84,1634643770960,"2021-10-19T17:12:50+05:30"
80,116,130,29.1,61.03,1634643801504,"2021-10-19T17:13:21+05:30"
81,118,131,29.1,61.24,1634643832103,"2021-10-19T17:13:52+05:30"
76,110,121,29.06,60.72,1634643862679,"2021-10-19T17:14:22+05:30"
78,112,122,29.05,60.72,1634643893279,"2021-10-19T17:14:53+05:30"
73,107,116,29.04,60.75,1634643923878,"2021-10-19T17:15:23+05:30"
76,110,118,29.02,60.49,1634643954468,"2021-10-19T17:15:54+05:30"
76,111,120,29.02,60.88,1634643985075,"2021-10-19T17:16:25+05:30"
77,110,123,28.99,60.93,1634644015643,"2021-10-19T17:16:55+05:30"
77,111,120,28.98,61.47,1634644046239,"2021-10-19T17:17:26+05:30"
78,112,122,28.99,61.36,1634644076841,"2021-10-19T17:17:56+05:30"
75,111,124,28.99,60.73,1634644107425,"2021-10-19T17:18:27+05:30"
76,110,121,29.01,60.41,1634644138014,"2021-10-19T17:18:58+05:30"
77,111,122,28.99,60.47,1634644163698,"2021-10-19T17:19:23+05:30"
79,118,132,29.02,61.81,1634644195198,"2021-10-19T17:19:55+05:30"
75,112,126,29.03,61.71,1634644225211,"2021-10-19T17:20:25+05:30"
77,115,135,29.03,61.51,1634644255898,"2021-10-19T17:20:55+05:30"
75,111,124,29.03,60.78,1634644286503,"2021-10-19T17:21:26+05:30"
73,108,126,29.02,61,1634644317067,"2021-10-19T17:21:57+05:30"
80,119,134,29.02,61.48,1634644347676,"2021-10-19T17:22:27+05:30"
78,112,127,29.01,61.36,1634644378252,"2021-10-19T17:22:58+05:30"
78,113,127,29.01,61.18,1634644408825,"2021-10-19T17:23:28+05:30"
78,113,127,29,61.08,1634644439731,"2021-10-19T17:23:59+05:30"
78,110,125,29.02,60.82,1634644470612,"2021-10-19T17:24:30+05:30"
76,109,122,29,60.79,1634644501220,"2021-10-19T17:25:01+05:30"
75,108,123,28.98,61.1,1634644531763,"2021-10-19T17:25:31+05:30"
78,110,122,28.97,61.43,1634644562352,"2021-10-19T17:26:02+05:30"
75,104,119,28.93,61.72,1634644592946,"2021-10-19T17:26:32+05:30"
76,109,123,28.92,62.12,1634644623544,"2021-10-19T17:27:03+05:30"
81,119,135,28.78,62.25,1634645028701,"2021-10-19T17:33:48+05:30"
77,118,134,28.78,62.35,1634645049054,"2021-10-19T17:34:09+05:30"
80,117,135,28.78,62.03,1634645079713,"2021-10-19T17:34:39+05:30"
79,118,136,28.78,62.17,1634645110334,"2021-10-19T17:35:10+05:30"
79,115,133,28.78,61.94,1634645140894,"2021-10-19T17:35:40+05:30"
79,119,135,28.79,61.9,1634645171449,"2021-10-19T17:36:11+05:30"
80,119,133,28.8,61.41,1634645202032,"2021-10-19T17:36:42+05:30"
84,121,133,28.81,61.18,1634645232782,"2021-10-19T17:37:12+05:30"
81,125,139,28.8,61.76,1634645263293,"2021-10-19T17:37:43+05:30"
86,126,140,28.77,61.49,1634645293854,"2021-10-19T17:38:13+05:30"
92,135,153,28.74,61.84,1634645324478,"2021-10-19T17:38:44+05:30"
92,133,144,28.72,61.51,1634645355038,"2021-10-19T17:39:15+05:30"
97,139,154,28.72,61.6,1634645385623,"2021-10-19T17:39:45+05:30"
106,149,166,28.7,61.98,1634645416889,"2021-10-19T17:40:16+05:30"
98,137,151,28.68,62.51,1634645446825,"2021-10-19T17:40:46+05:30"
91,131,143,28.67,62.07,1634645477416,"2021-10-19T17:41:17+05:30"
93,133,149,28.66,61.49,1634645508015,"2021-10-19T17:41:48+05:30"
100,143,159,28.65,61.65,1634645538611,"2021-10-19T17:42:18+05:30"
102,146,157,28.63,61.72,1634645569225,"2021-10-19T17:42:49+05:30"
124,174,189,28.62,62.15,1634645599814,"2021-10-19T17:43:19+05:30"
100,141,157,28.65,62.46,1634645630382,"2021-10-19T17:43:50+05:30"
77,114,132,28.73,63.19,1634645660990,"2021-10-19T17:44:20+05:30"
82,116,135,28.78,62.73,1634645691582,"2021-10-19T17:44:51+05:30"
87,123,143,28.81,62.37,1634645722540,"2021-10-19T17:45:22+05:30"
86,124,134,28.79,61.87,1634645752758,"2021-10-19T17:45:52+05:30"
97,140,155,28.75,61.96,1634645783428,"2021-10-19T17:46:23+05:30"
86,124,141,28.76,62.94,1634645813944,"2021-10-19T17:46:53+05:30"
78,112,125,28.86,63.22,1634645844533,"2021-10-19T17:47:24+05:30"
77,109,122,28.91,62.98,1634645875181,"2021-10-19T17:47:55+05:30"
90,130,147,28.89,62.54,1634645905725,"2021-10-19T17:48:25+05:30"
85,124,143,28.86,62.36,1634645931396,"2021-10-19T17:48:51+05:30"
85,127,143,28.82,62.4,1634645962029,"2021-10-19T17:49:22+05:30"
88,126,138,28.79,62.74,1634645992592,"2021-10-19T17:49:52+05:30"
94,135,150,28.76,62.44,1634646023194,"2021-10-19T17:50:23+05:30"
91,128,142,28.74,62.44,1634646053884,"2021-10-19T17:50:53+05:30"
102,143,157,28.71,62.64,1634646084458,"2021-10-19T17:51:24+05:30"
99,144,163,28.68,63.03,1634646115070,"2021-10-19T17:51:55+05:30"
96,139,163,28.67,63.14,1634646145639,"2021-10-19T17:52:25+05:30"
88,124,138,28.71,63.22,1634646176225,"2021-10-19T17:52:56+05:30"
94,134,148,28.69,62.68,1634646206831,"2021-10-19T17:53:26+05:30"
94,134,148,28.68,62.75,1634646237736,"2021-10-19T17:53:57+05:30"
89,124,136,28.68,62.89,1634646268014,"2021-10-19T17:54:28+05:30"
87,123,134,28.68,63.1,1634646298600,"2021-10-19T17:54:58+05:30"
87,122,136,28.68,63.3,1634646329187,"2021-10-19T17:55:29+05:30"
89,128,142,28.69,63.01,1634646359947,"2021-10-19T17:55:59+05:30"
88,125,137,28.69,62.87,1634646390380,"2021-10-19T17:56:30+05:30"
87,124,138,28.7,63.27,1634646420989,"2021-10-19T17:57:00+05:30"
84,119,133,28.73,64.22,1634646451933,"2021-10-19T17:57:31+05:30"
81,117,136,28.83,64.72,1634646482411,"2021-10-19T17:58:02+05:30"
77,112,125,28.87,64.37,1634646512752,"2021-10-19T17:58:32+05:30"
79,114,126,28.9,64.14,1634646543337,"2021-10-19T17:59:03+05:30"
80,115,125,28.9,63.76,1634646573931,"2021-10-19T17:59:33+05:30"
84,122,137,28.84,63.11,1634646604713,"2021-10-19T18:00:04+05:30"
85,124,137,28.77,62.81,1634646635123,"2021-10-19T18:00:35+05:30"
82,119,133,28.72,62.69,1634646665730,"2021-10-19T18:01:05+05:30"
88,128,139,28.68,62.9,1634646696338,"2021-10-19T18:01:36+05:30"
85,120,135,28.67,63.06,1634646726939,"2021-10-19T18:02:06+05:30"
85,125,139,28.65,63.04,1634646757500,"2021-10-19T18:02:37+05:30"
88,124,135,28.64,63.07,1634646788133,"2021-10-19T18:03:08+05:30"
84,121,136,28.61,62.9,1634646818690,"2021-10-19T18:03:38+05:30"
83,118,132,28.61,63.11,1634646849252,"2021-10-19T18:04:09+05:30"
86,121,135,28.6,63.3,1634646879851,"2021-10-19T18:04:39+05:30"
84,122,135,28.61,63.3,1634646910409,"2021-10-19T18:05:10+05:30"
76,108,117,28.67,63.72,1634646941010,"2021-10-19T18:05:41+05:30"
78,112,125,28.67,63.41,1634646971598,"2021-10-19T18:06:11+05:30"
81,118,131,28.69,63.8,1634647002192,"2021-10-19T18:06:42+05:30"
78,110,124,28.74,63.65,1634647032820,"2021-10-19T18:07:12+05:30"
79,114,128,28.77,63.27,1634647063425,"2021-10-19T18:07:43+05:30"
76,111,123,28.84,63.48,1634647093960,"2021-10-19T18:08:13+05:30"
76,111,121,28.87,63.1,1634647124557,"2021-10-19T18:08:44+05:30"
80,114,127,28.85,63,1634647155273,"2021-10-19T18:09:15+05:30"
82,122,140,28.83,63.17,1634647185838,"2021-10-19T18:09:45+05:30"
82,121,141,28.79,62.8,1634647216898,"2021-10-19T18:10:16+05:30"
82,119,129,28.76,62.6,1634647247057,"2021-10-19T18:10:47+05:30"
84,122,136,28.72,62.57,1634647277619,"2021-10-19T18:11:17+05:30"
86,125,138,28.71,62.73,1634647308319,"2021-10-19T18:11:48+05:30"
90,128,145,28.7,62.93,1634647339117,"2021-10-19T18:12:19+05:30"
83,121,136,28.66,62.92,1634647369479,"2021-10-19T18:12:49+05:30"
84,124,139,28.65,63.24,1634647400017,"2021-10-19T18:13:20+05:30"
83,121,134,28.66,63.45,1634647430580,"2021-10-19T18:13:50+05:30"
84,123,133,28.65,63.35,1634647461480,"2021-10-19T18:14:21+05:30"
84,122,137,28.64,63.49,1634647491761,"2021-10-19T18:14:51+05:30"
86,125,142,28.63,63.65,1634647522350,"2021-10-19T18:15:22+05:30"
84,123,140,28.63,63.27,1634647553272,"2021-10-19T18:15:53+05:30"
83,122,133,28.63,62.94,1634647583792,"2021-10-19T18:16:23+05:30"
85,125,142,28.59,63.21,1634647614526,"2021-10-19T18:16:54+05:30"
81,120,132,28.6,63.21,1634647645125,"2021-10-19T18:17:25+05:30"
80,115,125,28.57,63.11,1634647675621,"2021-10-19T18:17:55+05:30"
82,117,129,28.59,63.39,1634647706195,"2021-10-19T18:18:26+05:30"
82,119,139,28.58,63.71,1634647736530,"2021-10-19T18:18:56+05:30"
84,119,134,28.53,63.95,1634647767234,"2021-10-19T18:19:27+05:30"
82,119,133,28.53,64.06,1634647797947,"2021-10-19T18:19:57+05:30"
83,120,134,28.55,64.09,1634647828659,"2021-10-19T18:20:28+05:30"
80,117,128,28.57,64.08,1634647859105,"2021-10-19T18:20:59+05:30"
75,108,117,28.69,63.55,1634647889698,"2021-10-19T18:21:29+05:30"
77,111,125,28.77,63.21,1634647920288,"2021-10-19T18:22:00+05:30"
76,112,128,28.81,62.91,1634647992386,"2021-10-19T18:23:12+05:30"
88,128,139,28.78,63.02,1634648012038,"2021-10-19T18:23:32+05:30"
78,113,127,28.82,63.04,1634648042256,"2021-10-19T18:24:02+05:30"
85,123,141,28.84,63.05,1634648072911,"2021-10-19T18:24:32+05:30"
81,115,126,28.87,63.09,1634648103452,"2021-10-19T18:25:03+05:30"
88,127,139,28.84,62.83,1634648134052,"2021-10-19T18:25:34+05:30"
86,124,139,28.83,63.09,1634648164665,"2021-10-19T18:26:04+05:30"
83,118,128,28.87,62.94,1634648195234,"2021-10-19T18:26:35+05:30"
82,116,129,28.87,62.72,1634648225822,"2021-10-19T18:27:05+05:30"
79,116,126,28.88,62.89,1634648256421,"2021-10-19T18:27:36+05:30"
82,119,129,28.87,62.65,1634648287026,"2021-10-19T18:28:07+05:30"
88,122,138,28.8,62.42,1634648317627,"2021-10-19T18:28:37+05:30"
92,131,143,28.74,62.91,1634648348222,"2021-10-19T18:29:08+05:30"
96,137,154,28.72,63.23,1634648378786,"2021-10-19T18:29:38+05:30"
97,140,156,28.68,63.52,1634648409557,"2021-10-19T18:30:09+05:30"
94,134,144,28.64,63.2,1634648440068,"2021-10-19T18:30:40+05:30"
96,141,153,28.6,63.3,1634648470582,"2021-10-19T18:31:10+05:30"
94,137,152,28.61,63.86,1634648501206,"2021-10-19T18:31:41+05:30"
83,119,131,28.69,63.58,1634648531777,"2021-10-19T18:32:11+05:30"
84,121,135,28.72,63.23,1634648562358,"2021-10-19T18:32:42+05:30"
90,128,141,28.69,63.21,1634648592940,"2021-10-19T18:33:12+05:30"
92,133,146,28.66,63.33,1634648623944,"2021-10-19T18:33:43+05:30"
93,134,146,28.61,63.25,1634648654659,"2021-10-19T18:34:14+05:30"
95,140,153,28.55,63.34,1634648684997,"2021-10-19T18:34:44+05:30"
93,133,150,28.54,63.58,1634648715333,"2021-10-19T18:35:15+05:30"
94,134,144,28.48,63.79,1634648745901,"2021-10-19T18:35:45+05:30"
95,138,155,28.46,64.01,1634648776506,"2021-10-19T18:36:16+05:30"
85,124,135,28.55,63.93,1634648807111,"2021-10-19T18:36:47+05:30"
91,129,143,28.55,64.17,1634648837706,"2021-10-19T18:37:17+05:30"
91,133,147,28.53,64.55,1634648868277,"2021-10-19T18:37:48+05:30"
99,144,162,28.49,64.83,1634648894883,"2021-10-19T18:38:14+05:30"
100,151,168,28.44,64.68,1634648925762,"2021-10-19T18:38:45+05:30"
100,146,162,28.38,64.19,1634648956142,"2021-10-19T18:39:16+05:30"
97,141,159,28.37,64.14,1634648986816,"2021-10-19T18:39:46+05:30"
98,142,157,28.38,64.45,1634649018335,"2021-10-19T18:40:18+05:30"
102,150,170,28.42,64.49,1634649049136,"2021-10-19T18:40:49+05:30"
82,121,134,28.57,64.16,1634649079809,"2021-10-19T18:41:19+05:30"
85,124,138,28.67,63.66,1634649110493,"2021-10-19T18:41:50+05:30"
87,125,139,28.69,63.48,1634649141084,"2021-10-19T18:42:21+05:30"
87,125,139,28.71,63.84,1634649171690,"2021-10-19T18:42:51+05:30"
85,124,138,28.77,63.87,1634649202281,"2021-10-19T18:43:22+05:30"
99,145,157,28.72,64.13,1634649232859,"2021-10-19T18:43:52+05:30"
97,147,160,28.65,64.24,1634649263447,"2021-10-19T18:44:23+05:30"
96,138,152,28.58,64.34,1634649294046,"2021-10-19T18:44:54+05:30"
104,152,168,28.53,64.84,1634649324646,"2021-10-19T18:45:24+05:30"
105,154,174,28.48,65.17,1634649355365,"2021-10-19T18:45:55+05:30"
95,145,164,28.5,64.6,1634649386181,"2021-10-19T18:46:26+05:30"
93,137,154,28.52,64.2,1634649416572,"2021-10-19T18:46:56+05:30"
98,143,161,28.5,64.4,1634649447157,"2021-10-19T18:47:27+05:30"
96,143,162,28.47,64.45,1634649477691,"2021-10-19T18:47:57+05:30"
93,137,153,28.48,64.26,1634649508313,"2021-10-19T18:48:28+05:30"
88,130,148,28.53,63.66,1634649538997,"2021-10-19T18:48:58+05:30"
88,129,144,28.55,63.53,1634649569568,"2021-10-19T18:49:29+05:30"
100,145,169,28.49,64.03,1634649600078,"2021-10-19T18:50:00+05:30"
105,159,174,28.44,64.33,1634649630833,"2021-10-19T18:50:30+05:30"
104,154,172,28.42,64.36,1634649661265,"2021-10-19T18:51:01+05:30"
101,147,166,28.41,64.33,1634649692019,"2021-10-19T18:51:32+05:30"
99,144,165,28.39,64.23,1634649722630,"2021-10-19T18:52:02+05:30"
102,148,168,28.4,64.36,1634649753369,"2021-10-19T18:52:33+05:30"
102,152,174,28.43,64.26,1634649789328,"2021-10-19T18:53:09+05:30"
104,156,180,28.42,64.5,1634649819808,"2021-10-19T18:53:39+05:30"
107,161,183,28.38,64.69,1634649840114,"2021-10-19T18:54:00+05:30"
103,152,174,28.35,64.59,1634649870703,"2021-10-19T18:54:30+05:30"
96,142,164,28.38,64.28,1634649901284,"2021-10-19T18:55:01+05:30"
96,139,169,28.41,64.19,1634649931884,"2021-10-19T18:55:31+05:30"
102,148,165,28.4,64.36,1634649962496,"2021-10-19T18:56:02+05:30"
103,148,168,28.38,64.49,1634649993071,"2021-10-19T18:56:33+05:30"
96,139,156,28.4,64.5,1634650024302,"2021-10-19T18:57:04+05:30"
97,141,156,28.43,64.38,1634650054689,"2021-10-19T18:57:34+05:30"
99,146,167,28.42,64.39,1634650084862,"2021-10-19T18:58:04+05:30"
100,146,167,28.41,64.18,1634650115460,"2021-10-19T18:58:35+05:30"
100,147,168,28.39,64.21,1634650146203,"2021-10-19T18:59:06+05:30"
100,147,168,28.39,64.21,1634650147224,"2021-10-19T18:59:07+05:30"
101,149,175,28.39,64.36,1634650176863,"2021-10-19T18:59:36+05:30"
100,156,181,28.39,64.65,1634650207433,"2021-10-19T19:00:07+05:30"
98,145,179,28.38,64.55,1634650238021,"2021-10-19T19:00:38+05:30"
97,144,163,28.4,64.05,1634650268511,"2021-10-19T19:01:08+05:30"
92,136,153,28.44,63.6,1634650299140,"2021-10-19T19:01:39+05:30"
95,138,154,28.44,63.64,1634650329592,"2021-10-19T19:02:09+05:30"
97,142,159,28.41,63.68,1634650360490,"2021-10-19T19:02:40+05:30"
96,141,158,28.38,63.69,1634650391099,"2021-10-19T19:03:11+05:30"
98,145,168,28.37,64.09,1634650421712,"2021-10-19T19:03:41+05:30"
98,145,166,28.33,64.21,1634650452287,"2021-10-19T19:04:12+05:30"
97,145,165,28.32,64.15,1634650482859,"2021-10-19T19:04:42+05:30"
95,138,159,28.25,64.15,1634650513451,"2021-10-19T19:05:13+05:30"
90,131,152,28.25,63.99,1634650544068,"2021-10-19T19:05:44+05:30"
94,135,152,28.24,64.18,1634650574642,"2021-10-19T19:06:14+05:30"
98,147,166,28.25,64.7,1634650605249,"2021-10-19T19:06:45+05:30"
95,143,169,28.25,64.54,1634650636163,"2021-10-19T19:07:16+05:30"
90,134,153,28.25,63.96,1634650666428,"2021-10-19T19:07:46+05:30"
89,131,147,28.27,63.85,1634650692943,"2021-10-19T19:08:12+05:30"
88,130,146,28.29,63.94,1634650723553,"2021-10-19T19:08:43+05:30"
89,132,153,28.31,63.89,1634650754249,"2021-10-19T19:09:14+05:30"
87,130,148,28.29,63.4,1634650784714,"2021-10-19T19:09:44+05:30"
90,135,148,28.27,63.6,1634650815550,"2021-10-19T19:10:15+05:30"
88,127,142,28.25,63.88,1634650845995,"2021-10-19T19:10:45+05:30"
88,130,139,28.29,63.73,1634650876578,"2021-10-19T19:11:16+05:30"
87,128,149,28.31,63.63,1634650907170,"2021-10-19T19:11:47+05:30"
87,125,142,28.24,63.46,1634650937765,"2021-10-19T19:12:17+05:30"
90,129,140,28.21,63.84,1634650968380,"2021-10-19T19:12:48+05:30"
86,126,144,28.23,63.78,1634650998967,"2021-10-19T19:13:18+05:30"
86,128,141,28.28,63.5,1634651029541,"2021-10-19T19:13:49+05:30"
84,121,133,28.31,63.48,1634651060297,"2021-10-19T19:14:20+05:30"
87,123,136,28.28,63.38,1634651090739,"2021-10-19T19:14:50+05:30"
88,126,136,28.24,63.9,1634651121986,"2021-10-19T19:15:21+05:30"
92,134,151,28.21,63.69,1634651151909,"2021-10-19T19:15:51+05:30"
92,133,150,28.18,63.86,1634651182512,"2021-10-19T19:16:22+05:30"
92,134,150,28.15,63.96,1634651213118,"2021-10-19T19:16:53+05:30"
90,136,146,28.14,63.81,1634651243838,"2021-10-19T19:17:23+05:30"
91,130,143,28.14,63.78,1634651274298,"2021-10-19T19:17:54+05:30"
90,132,145,28.16,63.79,1634651304860,"2021-10-19T19:18:24+05:30"
89,127,141,28.18,63.63,1634651335508,"2021-10-19T19:18:55+05:30"
91,133,147,28.2,63.67,1634651366024,"2021-10-19T19:19:26+05:30"
94,138,156,28.2,64.31,1634651396614,"2021-10-19T19:19:56+05:30"
93,137,154,28.2,64.26,1634651427995,"2021-10-19T19:20:27+05:30"
94,137,157,28.18,64.63,1634651457923,"2021-10-19T19:20:57+05:30"
93,135,149,28.17,64.63,1634651488524,"2021-10-19T19:21:28+05:30"
95,138,155,28.15,64.73,1634651519086,"2021-10-19T19:21:59+05:30"
94,138,152,28.12,64.97,1634651549710,"2021-10-19T19:22:29+05:30"
92,137,151,28.11,64.74,1634651580264,"2021-10-19T19:23:00+05:30"
93,135,150,28.1,64.64,1634651611079,"2021-10-19T19:23:31+05:30"
87,130,150,28.14,64.17,1634651641673,"2021-10-19T19:24:01+05:30"
90,132,148,28.15,64.09,1634651672390,"2021-10-19T19:24:32+05:30"
92,131,146,28.13,64.18,1634651702879,"2021-10-19T19:25:02+05:30"
94,134,159,28.12,64.94,1634651733592,"2021-10-19T19:25:33+05:30"
93,135,160,28.14,64.5,1634651764045,"2021-10-19T19:26:04+05:30"
88,132,149,28.16,64.05,1634651794646,"2021-10-19T19:26:34+05:30"
90,133,147,28.14,63.93,1634651825238,"2021-10-19T19:27:05+05:30"
93,135,153,28.11,63.88,1634651855911,"2021-10-19T19:27:35+05:30"
93,135,148,28.09,64,1634651886517,"2021-10-19T19:28:06+05:30"
94,136,155,28.06,64.1,1634651917120,"2021-10-19T19:28:37+05:30"
92,136,145,28.04,64.23,1634651947718,"2021-10-19T19:29:07+05:30"
92,133,148,28.09,64.13,1634651978294,"2021-10-19T19:29:38+05:30"
92,133,143,28.12,63.97,1634652008904,"2021-10-19T19:30:08+05:30"
95,136,152,28.14,63.93,1634652039474,"2021-10-19T19:30:39+05:30"
93,133,155,28.13,63.8,1634652070073,"2021-10-19T19:31:10+05:30"
97,142,159,28.09,63.94,1634652100836,"2021-10-19T19:31:40+05:30"
95,139,151,28.08,64.04,1634652131262,"2021-10-19T19:32:11+05:30"
94,136,152,28.12,63.93,1634652161840,"2021-10-19T19:32:41+05:30"
93,131,148,28.22,63.8,1634652192602,"2021-10-19T19:33:12+05:30"
92,132,147,28.28,63.5,1634652223057,"2021-10-19T19:33:43+05:30"
96,138,152,28.25,63.53,1634652253614,"2021-10-19T19:34:13+05:30"
94,137,154,28.22,63.62,1634652284260,"2021-10-19T19:34:44+05:30"
100,147,161,28.16,63.93,1634652314809,"2021-10-19T19:35:14+05:30"
97,142,153,28.11,64.02,1634652345400,"2021-10-19T19:35:45+05:30"
97,146,160,28.08,64.18,1634652375998,"2021-10-19T19:36:15+05:30"
98,141,157,28.06,64.39,1634652406592,"2021-10-19T19:36:46+05:30"
97,140,155,28.06,64.53,1634652437299,"2021-10-19T19:37:17+05:30"
96,140,156,28.04,64.69,1634652467780,"2021-10-19T19:37:47+05:30"
97,142,156,28.03,64.77,1634652492055,"2021-10-19T19:38:12+05:30"
98,141,162,27.99,65.32,1634652523140,"2021-10-19T19:38:43+05:30"
98,141,157,27.96,65.52,1634652553210,"2021-10-19T19:39:13+05:30"
95,139,161,27.96,65.31,1634652583822,"2021-10-19T19:39:43+05:30"
93,139,162,27.97,65.34,1634652614402,"2021-10-19T19:40:14+05:30"
95,138,156,28.01,65.34,1634652644996,"2021-10-19T19:40:44+05:30"
94,140,156,28.07,64.87,1634652675579,"2021-10-19T19:41:15+05:30"
92,132,147,28.13,64.66,1634652706187,"2021-10-19T19:41:46+05:30"
91,134,148,28.17,64.3,1634652736847,"2021-10-19T19:42:16+05:30"
95,135,149,28.12,64.33,1634652767371,"2021-10-19T19:42:47+05:30"
95,138,154,28.06,64.79,1634652797950,"2021-10-19T19:43:17+05:30"
95,138,156,28.02,64.96,1634652828560,"2021-10-19T19:43:48+05:30"
91,138,156,28.04,65.09,1634652859165,"2021-10-19T19:44:19+05:30"
97,143,158,28.06,65.49,1634652889830,"2021-10-19T19:44:49+05:30"
95,140,153,28.04,65.28,1634652920343,"2021-10-19T19:45:20+05:30"
96,138,151,28.03,65.2,1634652950959,"2021-10-19T19:45:50+05:30"
99,144,164,27.99,65.79,1634652981538,"2021-10-19T19:46:21+05:30"
97,141,160,27.94,65.8,1634653012119,"2021-10-19T19:46:52+05:30"
97,143,159,27.91,65.8,1634653042707,"2021-10-19T19:47:22+05:30"
98,143,163,27.89,66.1,1634653073366,"2021-10-19T19:47:53+05:30"
93,134,147,27.97,65.49,1634653103897,"2021-10-19T19:48:23+05:30"
96,135,149,28.01,65.24,1634653134488,"2021-10-19T19:48:54+05:30"
97,139,154,28.06,64.92,1634653165085,"2021-10-19T19:49:25+05:30"
97,141,156,28.04,64.79,1634653195768,"2021-10-19T19:49:55+05:30"
96,141,158,28.1,64.92,1634653226310,"2021-10-19T19:50:26+05:30"
97,140,153,28.14,65.09,1634653256912,"2021-10-19T19:50:56+05:30"
98,143,161,28.1,65.24,1634653287493,"2021-10-19T19:51:27+05:30"
97,141,158,28.1,65.03,1634653318090,"2021-10-19T19:51:58+05:30"
95,141,158,28.15,64.93,1634653348702,"2021-10-19T19:52:28+05:30"
100,144,161,28.13,64.86,1634653379283,"2021-10-19T19:52:59+05:30"
98,138,155,28.13,64.89,1634653412924,"2021-10-19T19:53:32+05:30"
99,144,164,28.06,65.45,1634653443525,"2021-10-19T19:54:03+05:30"
95,139,155,28.08,65.14,1634653474098,"2021-10-19T19:54:34+05:30"
100,145,160,28.06,65.34,1634653504701,"2021-10-19T19:55:04+05:30"
103,152,170,28,65.87,1634653535304,"2021-10-19T19:55:35+05:30"
97,145,160,27.99,65.66,1634653565899,"2021-10-19T19:56:05+05:30"
96,142,159,28.05,65.64,1634653596471,"2021-10-19T19:56:36+05:30"
101,147,162,27.99,65.78,1634653627067,"2021-10-19T19:57:07+05:30"
100,148,160,27.92,65.69,1634653657755,"2021-10-19T19:57:37+05:30"
97,142,156,27.98,65.83,1634653688491,"2021-10-19T19:58:08+05:30"
97,144,163,28.02,65.68,1634653718922,"2021-10-19T19:58:38+05:30"
100,148,170,28.03,65.63,1634653749548,"2021-10-19T19:59:09+05:30"
95,140,158,28.07,65.36,1634653780116,"2021-10-19T19:59:40+05:30"
96,141,158,28.04,65.06,1634653810750,"2021-10-19T20:00:10+05:30"
97,141,159,28,65.4,1634653841595,"2021-10-19T20:00:41+05:30"
97,138,152,28.03,65.42,1634653872069,"2021-10-19T20:01:12+05:30"
98,141,156,28.02,65.35,1634653902879,"2021-10-19T20:01:42+05:30"
99,142,163,27.99,65.51,1634653933399,"2021-10-19T20:02:13+05:30"
98,143,162,27.98,65.61,1634653954238,"2021-10-19T20:02:34+05:30"
96,141,156,27.99,65.56,1634653984605,"2021-10-19T20:03:04+05:30"
96,141,157,28,65.44,1634654015192,"2021-10-19T20:03:35+05:30"
96,141,155,27.98,65.35,1634654045807,"2021-10-19T20:04:05+05:30"
96,141,160,27.92,65.41,1634654076551,"2021-10-19T20:04:36+05:30"
96,142,163,27.85,65.64,1634654106974,"2021-10-19T20:05:06+05:30"
97,143,159,27.84,65.78,1634654137669,"2021-10-19T20:05:37+05:30"
98,145,163,27.84,66.1,1634654168723,"2021-10-19T20:06:08+05:30"
96,140,157,27.85,66.04,1634654198793,"2021-10-19T20:06:38+05:30"
99,143,162,27.78,66.31,1634654229356,"2021-10-19T20:07:09+05:30"
98,140,156,27.75,66.33,1634654260029,"2021-10-19T20:07:40+05:30"
100,146,159,27.77,66.12,1634654293203,"2021-10-19T20:08:13+05:30"
97,145,163,27.86,65.9,1634654323791,"2021-10-19T20:08:43+05:30"
97,142,158,27.89,65.76,1634654354379,"2021-10-19T20:09:14+05:30"
96,138,152,27.89,65.8,1634654385341,"2021-10-19T20:09:45+05:30"
99,145,161,27.86,65.76,1634654415570,"2021-10-19T20:10:15+05:30"
99,143,160,27.83,65.85,1634654446154,"2021-10-19T20:10:46+05:30"
99,145,165,27.78,66.15,1634654476759,"2021-10-19T20:11:16+05:30"
96,143,161,27.77,66.09,1634654507343,"2021-10-19T20:11:47+05:30"
98,146,164,27.78,66.03,1634654538153,"2021-10-19T20:12:18+05:30"
99,146,161,27.81,66.15,1634654568528,"2021-10-19T20:12:48+05:30"
106,154,171,27.79,66.37,1634654599175,"2021-10-19T20:13:19+05:30"
99,144,160,27.79,65.98,1634654629742,"2021-10-19T20:13:49+05:30"
100,147,165,27.81,66.1,1634654660732,"2021-10-19T20:14:20+05:30"
101,146,166,27.84,66.26,1634654690990,"2021-10-19T20:14:50+05:30"
100,142,159,27.84,66.31,1634654721596,"2021-10-19T20:15:21+05:30"
102,153,170,27.83,66.34,1634654752190,"2021-10-19T20:15:52+05:30"
104,155,174,27.76,66.61,1634654782983,"2021-10-19T20:16:22+05:30"
104,154,177,27.68,67.01,1634654813349,"2021-10-19T20:16:53+05:30"
110,159,181,27.7,67.15,1634654843921,"2021-10-19T20:17:23+05:30"
105,154,173,27.68,66.67,1634654874509,"2021-10-19T20:17:54+05:30"
109,157,180,27.67,66.55,1634654905101,"2021-10-19T20:18:25+05:30"
105,159,179,27.66,66.39,1634654935723,"2021-10-19T20:18:55+05:30"
109,163,189,27.65,66.69,1634654966287,"2021-10-19T20:19:26+05:30"
111,163,184,27.65,66.98,1634654996890,"2021-10-19T20:19:56+05:30"
110,160,182,27.65,66.6,1634655027473,"2021-10-19T20:20:27+05:30"
110,165,186,27.68,66.31,1634655058068,"2021-10-19T20:20:58+05:30"
113,169,189,27.66,66.36,1634655088651,"2021-10-19T20:21:28+05:30"
115,175,199,27.67,66.44,1634655119256,"2021-10-19T20:21:59+05:30"
117,179,210,27.62,66.4,1634655149846,"2021-10-19T20:22:29+05:30"
116,179,204,27.64,66.3,1634655180486,"2021-10-19T20:23:00+05:30"
119,178,205,27.66,66.67,1634655338085,"2021-10-19T20:25:38+05:30"
125,190,219,27.64,66.6,1634655354774,"2021-10-19T20:25:54+05:30"
126,192,219,27.63,66.24,1634655385379,"2021-10-19T20:26:25+05:30"
127,193,222,27.59,66.46,1634655416238,"2021-10-19T20:26:56+05:30"
123,188,224,27.59,66.37,1634655446875,"2021-10-19T20:27:26+05:30"
122,188,218,27.59,66.31,1634655477448,"2021-10-19T20:27:57+05:30"
119,181,209,27.61,66.03,1634655508032,"2021-10-19T20:28:28+05:30"
118,181,210,27.63,66.03,1634655538648,"2021-10-19T20:28:58+05:30"
116,178,203,27.66,65.97,1634655569218,"2021-10-19T20:29:29+05:30"
117,177,198,27.66,66.05,1634655599889,"2021-10-19T20:29:59+05:30"
118,180,212,27.66,66.05,1634655630455,"2021-10-19T20:30:30+05:30"
118,178,200,27.63,66.25,1634655660989,"2021-10-19T20:31:00+05:30"
115,177,197,27.63,66.13,1634655691601,"2021-10-19T20:31:31+05:30"
114,172,192,27.64,66.18,1634655722189,"2021-10-19T20:32:02+05:30"
117,176,197,27.61,66.27,1634655752800,"2021-10-19T20:32:32+05:30"
116,177,205,27.63,66.24,1634655783419,"2021-10-19T20:33:03+05:30"
114,175,201,27.61,66.41,1634655813987,"2021-10-19T20:33:33+05:30"
111,167,187,27.6,66.32,1634655844568,"2021-10-19T20:34:04+05:30"
112,168,191,27.61,66.21,1634655875162,"2021-10-19T20:34:35+05:30"
109,166,183,27.61,66.17,1634655905765,"2021-10-19T20:35:05+05:30"
111,160,188,27.67,65.87,1634655936356,"2021-10-19T20:35:36+05:30"
116,172,196,27.65,66.12,1634655967246,"2021-10-19T20:36:07+05:30"
112,170,192,27.64,66.18,1634655997533,"2021-10-19T20:36:37+05:30"
112,167,188,27.61,66.41,1634656028261,"2021-10-19T20:37:08+05:30"
115,173,200,27.58,66.49,1634656059342,"2021-10-19T20:37:39+05:30"
112,172,191,27.54,66.47,1634656089830,"2021-10-19T20:38:09+05:30"
109,165,194,27.59,66.06,1634656120001,"2021-10-19T20:38:40+05:30"
110,165,187,27.63,66.15,1634656150583,"2021-10-19T20:39:10+05:30"
109,166,189,27.62,66.26,1634656181271,"2021-10-19T20:39:41+05:30"
112,171,190,27.59,66.47,1634656211777,"2021-10-19T20:40:11+05:30"
111,168,195,27.57,66.45,1634656238429,"2021-10-19T20:40:38+05:30"
112,168,189,27.56,66.54,1634656269435,"2021-10-19T20:41:09+05:30"
112,166,189,27.57,66.4,1634656299784,"2021-10-19T20:41:39+05:30"
112,166,189,27.59,66.21,1634656330952,"2021-10-19T20:42:10+05:30"
111,164,183,27.59,66.38,1634656360962,"2021-10-19T20:42:40+05:30"
112,173,210,27.58,66.36,1634656391530,"2021-10-19T20:43:11+05:30"
112,167,188,27.56,66.47,1634656422049,"2021-10-19T20:43:42+05:30"
112,166,181,27.55,66.5,1634656452818,"2021-10-19T20:44:12+05:30"
108,163,185,27.56,66.42,1634656483226,"2021-10-19T20:44:43+05:30"
110,166,185,27.58,66.33,1634656513843,"2021-10-19T20:45:13+05:30"
110,165,182,27.59,66.29,1634656544430,"2021-10-19T20:45:44+05:30"
109,159,177,27.57,66.38,1634656602493,"2021-10-19T20:46:42+05:30"
110,164,185,27.58,66.32,1634656633340,"2021-10-19T20:47:13+05:30"
112,168,186,27.56,66.59,1634656663760,"2021-10-19T20:47:43+05:30"
115,170,191,27.49,67.03,1634656694489,"2021-10-19T20:48:14+05:30"
115,175,196,27.42,67.38,1634656724948,"2021-10-19T20:48:44+05:30"
116,170,195,27.4,67.5,1634656755538,"2021-10-19T20:49:15+05:30"
116,172,200,27.4,67.68,1634656786134,"2021-10-19T20:49:46+05:30"
115,172,196,27.4,67.81,1634656816730,"2021-10-19T20:50:16+05:30"
114,168,190,27.42,67.1,1634656847325,"2021-10-19T20:50:47+05:30"
115,171,191,27.43,67.36,1634656877918,"2021-10-19T20:51:17+05:30"
118,174,195,27.42,67.34,1634656908570,"2021-10-19T20:51:48+05:30"
108,162,182,27.46,66.55,1634656939114,"2021-10-19T20:52:19+05:30"
106,160,186,27.55,66.12,1634656969717,"2021-10-19T20:52:49+05:30"
109,160,182,27.62,65.83,1634657000284,"2021-10-19T20:53:20+05:30"
109,161,183,27.66,65.59,1634657030906,"2021-10-19T20:53:50+05:30"
107,157,176,27.74,64.99,1634657062324,"2021-10-19T20:54:22+05:30"
107,160,178,27.77,65,1634657092070,"2021-10-19T20:54:52+05:30"
115,171,198,27.72,65.79,1634657122687,"2021-10-19T20:55:22+05:30"
117,176,195,27.65,66.02,1634657153402,"2021-10-19T20:55:53+05:30"
111,168,187,27.64,65.97,1634657183942,"2021-10-19T20:56:23+05:30"
114,167,191,27.66,65.59,1634657214439,"2021-10-19T20:56:54+05:30"
113,169,193,27.69,65.29,1634657245037,"2021-10-19T20:57:25+05:30"
109,164,181,27.71,65.25,1634657275635,"2021-10-19T20:57:55+05:30"
113,166,187,27.65,65.64,1634657306249,"2021-10-19T20:58:26+05:30"
114,169,197,27.64,66.17,1634657336819,"2021-10-19T20:58:56+05:30"
114,169,189,27.59,66.27,1634657367399,"2021-10-19T20:59:27+05:30"
114,172,196,27.56,66.45,1634657398023,"2021-10-19T20:59:58+05:30"
114,172,196,27.56,66.45,1634657409915,"2021-10-19T21:00:09+05:30"
114,172,196,27.56,66.45,1634657411861,"2021-10-19T21:00:11+05:30"
114,172,196,27.56,66.45,1634657412123,"2021-10-19T21:00:12+05:30"
115,172,197,27.53,66.63,1634657428599,"2021-10-19T21:00:28+05:30"
113,169,191,27.55,66.31,1634657459277,"2021-10-19T21:00:59+05:30"
115,171,189,27.54,66.45,1634657484624,"2021-10-19T21:01:24+05:30"
111,165,184,27.55,66.61,1634657515313,"2021-10-19T21:01:55+05:30"
118,174,202,27.54,66.74,1634657545830,"2021-10-19T21:02:25+05:30"
116,170,193,27.59,66.1,1634657576396,"2021-10-19T21:02:56+05:30"
112,171,197,27.61,66.13,1634657606991,"2021-10-19T21:03:26+05:30"
114,172,195,27.58,66.63,1634657637594,"2021-10-19T21:03:57+05:30"
115,175,197,27.53,66.77,1634657668184,"2021-10-19T21:04:28+05:30"
114,170,192,27.53,66.74,1634657698776,"2021-10-19T21:04:58+05:30"
114,172,193,27.5,67.17,1634657729377,"2021-10-19T21:05:29+05:30"
113,168,186,27.46,67.08,1634657810214,"2021-10-19T21:06:50+05:30"
115,167,186,27.47,66.89,1634657840814,"2021-10-19T21:07:20+05:30"
111,165,177,27.51,66.69,1634657871382,"2021-10-19T21:07:51+05:30"
113,166,186,27.5,66.77,1634657901959,"2021-10-19T21:08:21+05:30"
115,170,192,27.46,66.81,1634657932540,"2021-10-19T21:08:52+05:30"
115,170,192,27.44,66.93,1634657963318,"2021-10-19T21:09:23+05:30"
112,166,185,27.48,66.68,1634657993704,"2021-10-19T21:09:53+05:30"
112,165,183,27.55,66.28,1634658024288,"2021-10-19T21:10:24+05:30"
108,163,183,27.56,66.29,1634658054862,"2021-10-19T21:10:54+05:30"
109,161,182,27.59,66.12,1634658085466,"2021-10-19T21:11:25+05:30"
112,164,187,27.65,65.98,1634658116099,"2021-10-19T21:11:56+05:30"
112,165,191,27.61,66.33,1634658146615,"2021-10-19T21:12:26+05:30"
111,169,195,27.59,66.32,1634658177186,"2021-10-19T21:12:57+05:30"
113,167,187,27.59,66.29,1634658207741,"2021-10-19T21:13:27+05:30"
115,167,187,27.55,66.53,1634658238315,"2021-10-19T21:13:58+05:30"
113,169,189,27.57,66.32,1634658268896,"2021-10-19T21:14:28+05:30"
113,168,187,27.54,66.54,1634658299714,"2021-10-19T21:14:59+05:30"
110,160,181,27.62,66.04,1634658330065,"2021-10-19T21:15:30+05:30"
109,163,185,27.73,65.53,1634658360635,"2021-10-19T21:16:00+05:30"
109,162,181,27.77,65.45,1634658391234,"2021-10-19T21:16:31+05:30"
112,165,185,27.74,65.76,1634658421814,"2021-10-19T21:17:01+05:30"
112,167,189,27.71,65.95,1634658452381,"2021-10-19T21:17:32+05:30"
110,165,186,27.69,65.92,1634658483046,"2021-10-19T21:18:03+05:30"
116,175,203,27.63,66.27,1634658513642,"2021-10-19T21:18:33+05:30"
111,167,186,27.61,66.44,1634658544215,"2021-10-19T21:19:04+05:30"
111,168,192,27.63,66.58,1634658574787,"2021-10-19T21:19:34+05:30"
116,167,187,27.64,66.39,1634658605376,"2021-10-19T21:20:05+05:30"
114,165,187,27.7,66.28,1634658635976,"2021-10-19T21:20:35+05:30"
115,168,182,27.71,66.25,1634658666526,"2021-10-19T21:21:06+05:30"
113,164,182,27.7,66.21,1634658692743,"2021-10-19T21:21:32+05:30"
113,171,187,27.67,66.21,1634658723300,"2021-10-19T21:22:03+05:30"
115,169,186,27.59,66.5,1634658753936,"2021-10-19T21:22:33+05:30"
112,168,190,27.59,66.64,1634658784454,"2021-10-19T21:23:04+05:30"
114,168,187,27.57,66.65,1634658815717,"2021-10-19T21:23:35+05:30"
115,167,185,27.56,66.97,1634658845947,"2021-10-19T21:24:05+05:30"
113,168,189,27.57,66.85,1634658876558,"2021-10-19T21:24:36+05:30"
113,170,191,27.56,66.83,1634658907140,"2021-10-19T21:25:07+05:30"
115,172,197,27.53,66.76,1634658937926,"2021-10-19T21:25:37+05:30"
118,172,192,27.53,67.08,1634658968310,"2021-10-19T21:26:08+05:30"
118,176,199,27.54,67.17,1634658998906,"2021-10-19T21:26:38+05:30"
117,172,192,27.56,67.16,1634659029471,"2021-10-19T21:27:09+05:30"
116,171,193,27.63,66.98,1634659060114,"2021-10-19T21:27:40+05:30"
113,171,189,27.68,66.48,1634659091409,"2021-10-19T21:28:11+05:30"
110,165,181,27.74,66.23,1634659121250,"2021-10-19T21:28:41+05:30"
112,167,190,27.73,66.18,1634659151863,"2021-10-19T21:29:11+05:30"
116,170,192,27.73,66.31,1634659182483,"2021-10-19T21:29:42+05:30"
118,178,199,27.63,66.84,1634659213007,"2021-10-19T21:30:13+05:30"
117,175,197,27.58,67.19,1634659244603,"2021-10-19T21:30:44+05:30"
118,175,196,27.51,67.17,1634659274181,"2021-10-19T21:31:14+05:30"
118,176,197,27.43,67.47,1634659304771,"2021-10-19T21:31:44+05:30"
119,181,200,27.38,67.66,1634659335434,"2021-10-19T21:32:15+05:30"
115,174,194,27.42,67.02,1634659365980,"2021-10-19T21:32:45+05:30"
113,169,186,27.5,66.74,1634659396544,"2021-10-19T21:33:16+05:30"
121,179,198,27.48,67.41,1634659427162,"2021-10-19T21:33:47+05:30"
118,177,202,27.44,67.4,1634659457725,"2021-10-19T21:34:17+05:30"
114,172,193,27.48,66.93,1634659488388,"2021-10-19T21:34:48+05:30"
116,176,201,27.45,67.17,1634659518929,"2021-10-19T21:35:18+05:30"
119,180,198,27.36,67.35,1634659549717,"2021-10-19T21:35:49+05:30"
119,179,203,27.33,67.43,1634659580118,"2021-10-19T21:36:20+05:30"
122,183,214,27.29,68.31,1634659643748,"2021-10-19T21:37:23+05:30"
124,186,217,27.25,68.36,1634659674334,"2021-10-19T21:37:54+05:30"
126,188,217,27.23,68.67,1634659704896,"2021-10-19T21:38:24+05:30"
122,190,219,27.19,68.67,1634659735500,"2021-10-19T21:38:55+05:30"
123,190,215,27.21,68.5,1634659766112,"2021-10-19T21:39:26+05:30"
118,178,202,27.27,68.06,1634659796703,"2021-10-19T21:39:56+05:30"
127,190,213,27.28,67.82,1634659827375,"2021-10-19T21:40:27+05:30"
125,194,216,27.28,67.93,1634659880217,"2021-10-19T21:41:20+05:30"
122,179,205,27.34,67.4,1634659910875,"2021-10-19T21:41:50+05:30"
131,201,237,27.3,67.78,1634659941554,"2021-10-19T21:42:21+05:30"
133,204,239,27.23,68.02,1634659972052,"2021-10-19T21:42:52+05:30"
132,202,229,27.23,68.02,1634660002652,"2021-10-19T21:43:22+05:30"
131,200,228,27.21,68.07,1634660033237,"2021-10-19T21:43:53+05:30"
133,203,235,27.19,68.12,1634660063836,"2021-10-19T21:44:23+05:30"
132,199,225,27.18,68.17,1634660094415,"2021-10-19T21:44:54+05:30"
134,210,238,27.16,68.22,1634660125056,"2021-10-19T21:45:25+05:30"