"pm1_0","pm2_5","pm10","temp","humid","createdAt","localtime"
73,108,125,28.19,42.9,1634267107037,"2021-10-15T08:35:07+05:30"
73,107,128,28.14,43.33,1634267137479,"2021-10-15T08:35:37+05:30"
73,105,120,28.14,43.51,1634267168071,"2021-10-15T08:36:08+05:30"
70,105,124,28.14,43.6,1634267198665,"2021-10-15T08:36:38+05:30"
71,108,126,28.19,43.77,1634267229266,"2021-10-15T08:37:09+05:30"
69,103,118,28.2,43.55,1634267259880,"2021-10-15T08:37:39+05:30"
71,105,117,28.18,43.53,1634267290694,"2021-10-15T08:38:10+05:30"
72,105,121,28.18,43.52,1634267321301,"2021-10-15T08:38:41+05:30"
73,107,122,28.17,43.57,1634267351960,"2021-10-15T08:39:11+05:30"
70,103,119,28.18,43.61,1634267382485,"2021-10-15T08:39:42+05:30"
71,105,124,28.2,43.63,1634267413077,"2021-10-15T08:40:13+05:30"
72,106,124,28.2,43.56,1634267443682,"2021-10-15T08:40:43+05:30"
70,103,120,28.2,43.55,1634267474258,"2021-10-15T08:41:14+05:30"
72,107,125,28.17,43.52,1634267504875,"2021-10-15T08:41:44+05:30"
73,107,124,28.18,43.68,1634267535455,"2021-10-15T08:42:15+05:30"
72,103,130,28.21,43.68,1634267566058,"2021-10-15T08:42:46+05:30"
70,103,123,28.22,43.69,1634267596625,"2021-10-15T08:43:16+05:30"
71,106,123,28.23,43.66,1634267624965,"2021-10-15T08:43:44+05:30"
72,106,124,28.23,43.65,1634267655729,"2021-10-15T08:44:15+05:30"
72,105,124,28.21,43.61,1634267686366,"2021-10-15T08:44:46+05:30"
73,105,120,28.18,43.49,1634267716998,"2021-10-15T08:45:16+05:30"
73,108,123,28.18,43.62,1634267747593,"2021-10-15T08:45:47+05:30"
70,103,120,28.19,43.46,1634267778202,"2021-10-15T08:46:18+05:30"
71,105,124,28.19,43.59,1634267808786,"2021-10-15T08:46:48+05:30"
72,103,123,28.19,43.58,1634267839376,"2021-10-15T08:47:19+05:30"
71,103,117,28.14,43.38,1634267870038,"2021-10-15T08:47:50+05:30"
70,103,120,28.13,43.6,1634267900921,"2021-10-15T08:48:20+05:30"
70,104,119,28.1,43.5,1634267931286,"2021-10-15T08:48:51+05:30"
70,104,122,28.1,43.66,1634267962115,"2021-10-15T08:49:22+05:30"
68,102,116,28.09,43.47,1634267992948,"2021-10-15T08:49:52+05:30"
66,97,110,28.1,43.71,1634268023785,"2021-10-15T08:50:23+05:30"
70,103,118,28.09,43.74,1634268054388,"2021-10-15T08:50:54+05:30"
69,100,117,28.11,43.81,1634268084963,"2021-10-15T08:51:24+05:30"
69,102,121,28.14,43.8,1634268115876,"2021-10-15T08:51:55+05:30"
68,104,117,28.16,43.73,1634268146134,"2021-10-15T08:52:26+05:30"
70,104,119,28.15,43.76,1634268176738,"2021-10-15T08:52:56+05:30"
68,99,114,28.14,43.74,1634268207312,"2021-10-15T08:53:27+05:30"
69,100,116,28.15,43.82,1634268237943,"2021-10-15T08:53:57+05:30"
71,105,122,28.14,43.67,1634268268509,"2021-10-15T08:54:28+05:30"
69,104,120,28.14,43.81,1634268299086,"2021-10-15T08:54:59+05:30"
71,102,117,28.16,43.77,1634268329716,"2021-10-15T08:55:29+05:30"
70,101,118,28.18,43.74,1634268360288,"2021-10-15T08:56:00+05:30"
68,102,122,28.21,43.69,1634268391071,"2021-10-15T08:56:31+05:30"
68,99,117,28.22,43.7,1634268421612,"2021-10-15T08:57:01+05:30"
67,100,115,28.22,43.67,1634268452193,"2021-10-15T08:57:32+05:30"
70,103,124,28.18,43.73,1634268482814,"2021-10-15T08:58:02+05:30"
69,104,120,28.16,43.73,1634268511406,"2021-10-15T08:58:31+05:30"
70,100,113,28.11,43.69,1634268542001,"2021-10-15T08:59:02+05:30"
66,99,116,28.05,43.77,1634268572593,"2021-10-15T08:59:32+05:30"
68,100,113,28.02,43.77,1634268603182,"2021-10-15T09:00:03+05:30"
68,103,118,27.95,43.74,1634268633769,"2021-10-15T09:00:33+05:30"
69,100,111,27.97,44.04,1634268664356,"2021-10-15T09:01:04+05:30"
70,99,119,28.03,44.08,1634268694945,"2021-10-15T09:01:34+05:30"
67,99,118,28.09,44.08,1634268725533,"2021-10-15T09:02:05+05:30"
69,102,120,28.1,43.95,1634268756167,"2021-10-15T09:02:36+05:30"
67,99,115,28.11,44.05,1634268786801,"2021-10-15T09:03:06+05:30"
69,100,112,28.11,44.08,1634268817421,"2021-10-15T09:03:37+05:30"
70,101,116,28.13,44.1,1634268848005,"2021-10-15T09:04:08+05:30"
66,99,114,28.18,44.06,1634268878600,"2021-10-15T09:04:38+05:30"
67,99,119,28.19,44,1634268909185,"2021-10-15T09:05:09+05:30"
69,100,113,28.17,44.11,1634268939796,"2021-10-15T09:05:39+05:30"
67,95,111,28.19,44.11,1634268970382,"2021-10-15T09:06:10+05:30"
69,101,119,28.21,44.05,1634269001485,"2021-10-15T09:06:41+05:30"
71,103,118,28.23,44,1634269031648,"2021-10-15T09:07:11+05:30"
69,99,115,28.22,43.92,1634269062176,"2021-10-15T09:07:42+05:30"
70,102,116,28.17,43.9,1634269092815,"2021-10-15T09:08:12+05:30"
68,102,117,28.14,43.98,1634269123346,"2021-10-15T09:08:43+05:30"
68,100,111,28.11,44.12,1634269153970,"2021-10-15T09:09:13+05:30"
68,99,113,28.14,44.23,1634269184760,"2021-10-15T09:09:44+05:30"
68,99,113,28.14,44.23,1634269186717,"2021-10-15T09:09:46+05:30"
66,97,110,28.17,44.11,1634269215114,"2021-10-15T09:10:15+05:30"
70,100,119,28.16,44.18,1634269245802,"2021-10-15T09:10:45+05:30"
69,101,116,28.15,44.14,1634269276342,"2021-10-15T09:11:16+05:30"
68,98,113,28.15,44.24,1634269306936,"2021-10-15T09:11:46+05:30"
68,101,119,28.17,44.23,1634269337521,"2021-10-15T09:12:17+05:30"
68,99,115,28.16,44.15,1634269368088,"2021-10-15T09:12:48+05:30"
67,100,118,28.18,44.19,1634269427174,"2021-10-15T09:13:47+05:30"
68,100,112,28.2,44.17,1634269457193,"2021-10-15T09:14:17+05:30"
67,97,115,28.22,44.12,1634269487779,"2021-10-15T09:14:47+05:30"
67,97,116,28.23,44.09,1634269518748,"2021-10-15T09:15:18+05:30"
68,98,117,28.24,44.03,1634269549118,"2021-10-15T09:15:49+05:30"
66,96,115,28.25,44.03,1634269579720,"2021-10-15T09:16:19+05:30"
66,97,114,28.24,43.99,1634269610446,"2021-10-15T09:16:50+05:30"
65,95,109,28.26,44.09,1634269640999,"2021-10-15T09:17:20+05:30"
66,98,113,28.27,44,1634269671648,"2021-10-15T09:17:51+05:30"
66,97,112,28.25,43.95,1634269702230,"2021-10-15T09:18:22+05:30"
67,101,121,28.2,44.11,1634269732790,"2021-10-15T09:18:52+05:30"
66,99,116,28.23,44.16,1634269763413,"2021-10-15T09:19:23+05:30"
68,97,112,28.28,44.1,1634269793978,"2021-10-15T09:19:53+05:30"
68,99,115,28.3,44.01,1634269824614,"2021-10-15T09:20:24+05:30"
69,100,114,28.31,44.03,1634269855202,"2021-10-15T09:20:55+05:30"
67,96,112,28.28,43.95,1634269885998,"2021-10-15T09:21:25+05:30"
69,101,115,28.22,44.08,1634269916395,"2021-10-15T09:21:56+05:30"
67,100,117,28.23,44.17,1634269947138,"2021-10-15T09:22:27+05:30"
66,97,111,28.26,44.13,1634269977743,"2021-10-15T09:22:57+05:30"
66,98,110,28.24,44.17,1634270008303,"2021-10-15T09:23:28+05:30"
68,98,110,28.22,44.18,1634270038929,"2021-10-15T09:23:58+05:30"
68,99,117,28.19,44.3,1634270069480,"2021-10-15T09:24:29+05:30"
69,100,116,28.18,44.27,1634270100525,"2021-10-15T09:25:00+05:30"
67,97,108,28.21,44.3,1634270130633,"2021-10-15T09:25:30+05:30"
67,97,111,28.25,44.24,1634270161344,"2021-10-15T09:26:01+05:30"
69,98,112,28.29,44.22,1634270191801,"2021-10-15T09:26:31+05:30"
69,98,113,28.31,44.17,1634270222415,"2021-10-15T09:27:02+05:30"
66,97,116,28.32,44.22,1634270253014,"2021-10-15T09:27:33+05:30"
64,95,109,28.33,44.25,1634270283598,"2021-10-15T09:28:03+05:30"
66,97,111,28.31,44.26,1634270313228,"2021-10-15T09:28:33+05:30"
66,97,112,28.29,44.32,1634270343771,"2021-10-15T09:29:03+05:30"
65,96,113,28.31,44.26,1634270374357,"2021-10-15T09:29:34+05:30"
66,97,115,28.35,44.12,1634270405005,"2021-10-15T09:30:05+05:30"
67,99,114,28.44,44.02,1634270435556,"2021-10-15T09:30:35+05:30"
68,99,120,28.46,43.97,1634270466141,"2021-10-15T09:31:06+05:30"
67,99,114,28.4,44.1,1634270496808,"2021-10-15T09:31:36+05:30"
69,98,112,28.26,44.35,1634270527447,"2021-10-15T09:32:07+05:30"
65,97,111,28.27,44.58,1634270558014,"2021-10-15T09:32:38+05:30"
68,97,109,28.16,44.6,1634270588624,"2021-10-15T09:33:08+05:30"
68,98,111,27.93,44.77,1634270619345,"2021-10-15T09:33:39+05:30"
68,96,111,27.82,45.26,1634270650013,"2021-10-15T09:34:10+05:30"
69,101,116,27.81,45.45,1634270681106,"2021-10-15T09:34:41+05:30"
69,100,119,27.82,45.53,1634270711557,"2021-10-15T09:35:11+05:30"
70,105,119,27.73,46.16,1634270742009,"2021-10-15T09:35:42+05:30"
75,108,124,27.59,46.37,1634270772608,"2021-10-15T09:36:12+05:30"
72,108,128,27.49,47.01,1634270803189,"2021-10-15T09:36:43+05:30"
74,113,147,27.51,47.36,1634270833786,"2021-10-15T09:37:13+05:30"
75,121,170,27.65,47.01,1634270864388,"2021-10-15T09:37:44+05:30"
71,113,151,27.71,46.94,1634270894983,"2021-10-15T09:38:14+05:30"
72,116,155,27.74,46.76,1634270925740,"2021-10-15T09:38:45+05:30"
90,141,174,27.72,46.76,1634270956280,"2021-10-15T09:39:16+05:30"
88,136,176,27.72,46.79,1634270986869,"2021-10-15T09:39:46+05:30"
83,131,181,27.8,46.94,1634271017433,"2021-10-15T09:40:17+05:30"
85,138,192,27.77,47.1,1634271048024,"2021-10-15T09:40:48+05:30"
77,124,180,27.8,46.97,1634271078628,"2021-10-15T09:41:18+05:30"
82,157,275,27.86,46.72,1634271109289,"2021-10-15T09:41:49+05:30"
77,126,181,27.88,46.06,1634271139856,"2021-10-15T09:42:19+05:30"
72,109,138,27.8,45.58,1634271170446,"2021-10-15T09:42:50+05:30"
68,100,123,27.72,45.03,1634271207118,"2021-10-15T09:43:27+05:30"
67,97,113,27.64,44.69,1634271237708,"2021-10-15T09:43:57+05:30"
65,96,115,27.62,44.29,1634271268345,"2021-10-15T09:44:28+05:30"
64,95,113,27.65,44.2,1634271299378,"2021-10-15T09:44:59+05:30"
65,96,119,27.66,44.91,1634271319725,"2021-10-15T09:45:19+05:30"
65,100,127,27.71,45.03,1634271350299,"2021-10-15T09:45:50+05:30"
68,103,128,27.7,44.85,1634271380880,"2021-10-15T09:46:20+05:30"
67,99,116,27.68,44.46,1634271411498,"2021-10-15T09:46:51+05:30"
64,93,106,27.65,44.17,1634271442136,"2021-10-15T09:47:22+05:30"
65,92,108,27.72,44.37,1634271472731,"2021-10-15T09:47:52+05:30"
63,95,116,27.77,44.41,1634271503465,"2021-10-15T09:48:23+05:30"
64,97,124,27.79,44.61,1634271533983,"2021-10-15T09:48:53+05:30"
67,97,113,27.79,44.54,1634271565299,"2021-10-15T09:49:25+05:30"
66,97,109,27.75,44.7,1634271596434,"2021-10-15T09:49:56+05:30"
66,96,114,27.76,44.79,1634271626790,"2021-10-15T09:50:26+05:30"
65,99,119,27.81,45.2,1634271657408,"2021-10-15T09:50:57+05:30"
64,97,115,27.82,45.23,1634271687982,"2021-10-15T09:51:27+05:30"
70,104,127,27.79,45.03,1634271718622,"2021-10-15T09:51:58+05:30"
67,102,126,27.8,44.91,1634271749165,"2021-10-15T09:52:29+05:30"
66,101,124,27.85,44.79,1634271779747,"2021-10-15T09:52:59+05:30"
68,105,128,27.85,44.54,1634271810397,"2021-10-15T09:53:30+05:30"
68,102,122,27.83,44.37,1634271840948,"2021-10-15T09:54:00+05:30"
69,102,117,27.85,44.23,1634271871531,"2021-10-15T09:54:31+05:30"
83,146,228,27.88,44.65,1634271902125,"2021-10-15T09:55:02+05:30"
80,134,206,27.9,44.58,1634271932734,"2021-10-15T09:55:32+05:30"
72,113,155,27.92,44.26,1634271963329,"2021-10-15T09:56:03+05:30"
69,106,130,27.91,44.27,1634271993905,"2021-10-15T09:56:33+05:30"
74,120,165,27.91,44.63,1634272024528,"2021-10-15T09:57:04+05:30"
73,114,164,27.99,44.77,1634272055115,"2021-10-15T09:57:35+05:30"
69,109,138,28.05,44.74,1634272085862,"2021-10-15T09:58:05+05:30"
69,106,123,28.05,44.53,1634272116172,"2021-10-15T09:58:36+05:30"
70,107,127,28.04,44.66,1634272146357,"2021-10-15T09:59:06+05:30"
72,103,117,28.01,44.28,1634272176919,"2021-10-15T09:59:36+05:30"
66,99,113,27.97,43.26,1634272207506,"2021-10-15T10:00:07+05:30"
68,101,122,28.01,45.68,1634272238078,"2021-10-15T10:00:38+05:30"
69,104,127,28.1,45.34,1634272268664,"2021-10-15T10:01:08+05:30"
73,108,125,28.1,44.56,1634272300020,"2021-10-15T10:01:40+05:30"
76,113,134,28.05,45.1,1634272330178,"2021-10-15T10:02:10+05:30"
72,106,127,28.04,46.01,1634272360779,"2021-10-15T10:02:40+05:30"
71,105,122,28.08,45.96,1634272391388,"2021-10-15T10:03:11+05:30"
71,106,128,28.14,45.66,1634272421942,"2021-10-15T10:03:41+05:30"
68,99,112,28.12,44.24,1634272452536,"2021-10-15T10:04:12+05:30"
71,103,119,28.18,44.29,1634272483910,"2021-10-15T10:04:43+05:30"
74,108,121,28.18,43.94,1634272514418,"2021-10-15T10:05:14+05:30"
67,98,109,28.14,43.63,1634272544970,"2021-10-15T10:05:44+05:30"
71,107,122,28.11,43.78,1634272575561,"2021-10-15T10:06:15+05:30"
69,103,126,28.08,44.02,1634272606151,"2021-10-15T10:06:46+05:30"
93,209,454,28.08,44.13,1634272636741,"2021-10-15T10:07:16+05:30"
81,131,180,28.1,44.35,1634272667353,"2021-10-15T10:07:47+05:30"
74,111,129,28.1,44.55,1634272697939,"2021-10-15T10:08:17+05:30"
72,106,125,28.11,44.15,1634272728541,"2021-10-15T10:08:48+05:30"
70,100,113,28.16,44.15,1634272759124,"2021-10-15T10:09:19+05:30"
74,109,127,28.2,44.42,1634272789763,"2021-10-15T10:09:49+05:30"
83,121,139,28.24,45.11,1634272820318,"2021-10-15T10:10:20+05:30"
77,112,128,28.29,44.73,1634272850899,"2021-10-15T10:10:50+05:30"
84,120,138,28.31,44.54,1634272881509,"2021-10-15T10:11:21+05:30"
96,144,164,28.4,46.18,1634272912088,"2021-10-15T10:11:52+05:30"
95,145,169,28.43,45.48,1634272942983,"2021-10-15T10:12:22+05:30"
105,172,204,28.42,44.8,1634272973286,"2021-10-15T10:12:53+05:30"
209,466,629,28.45,45.05,1634273009271,"2021-10-15T10:13:29+05:30"
102,162,194,28.45,44.12,1634273039873,"2021-10-15T10:13:59+05:30"
95,148,174,28.42,44.36,1634273070460,"2021-10-15T10:14:30+05:30"
107,177,217,28.44,44.05,1634273101030,"2021-10-15T10:15:01+05:30"
109,176,215,28.47,44.06,1634273131615,"2021-10-15T10:15:31+05:30"
95,149,176,28.44,43.32,1634273162207,"2021-10-15T10:16:02+05:30"
90,137,162,28.42,43.21,1634273192791,"2021-10-15T10:16:32+05:30"
102,160,188,28.45,43.33,1634273223403,"2021-10-15T10:17:03+05:30"
130,209,249,28.5,43.9,1634273253990,"2021-10-15T10:17:33+05:30"
138,227,267,28.51,43.66,1634273284614,"2021-10-15T10:18:04+05:30"
125,201,235,28.51,43.25,1634273315168,"2021-10-15T10:18:35+05:30"
142,238,288,28.53,43.21,1634273345793,"2021-10-15T10:19:05+05:30"
127,207,246,28.53,42.99,1634273376367,"2021-10-15T10:19:36+05:30"
140,229,270,28.53,43.16,1634273406993,"2021-10-15T10:20:06+05:30"
162,277,335,28.56,43.19,1634273437554,"2021-10-15T10:20:37+05:30"
117,188,227,28.59,42.83,1634273468138,"2021-10-15T10:21:08+05:30"
169,287,336,28.6,43.41,1634273498977,"2021-10-15T10:21:38+05:30"
162,269,320,28.64,43.24,1634273519264,"2021-10-15T10:21:59+05:30"
168,284,340,28.63,42.99,1634273550351,"2021-10-15T10:22:30+05:30"
187,331,403,28.64,43,1634273580840,"2021-10-15T10:23:00+05:30"
183,314,380,28.66,42.88,1634273611582,"2021-10-15T10:23:31+05:30"
138,225,270,28.68,42.6,1634273642635,"2021-10-15T10:24:02+05:30"
175,305,369,28.69,42.73,1634273673067,"2021-10-15T10:24:33+05:30"
201,350,420,28.69,42.77,1634273703696,"2021-10-15T10:25:03+05:30"
156,264,322,28.68,42.45,1634273734273,"2021-10-15T10:25:34+05:30"
152,250,289,28.67,42.27,1634273764874,"2021-10-15T10:26:04+05:30"
124,199,229,28.68,42.36,1634273795440,"2021-10-15T10:26:35+05:30"
114,178,204,28.67,42.27,1634273826044,"2021-10-15T10:27:06+05:30"
133,213,252,28.67,42.36,1634273856638,"2021-10-15T10:27:36+05:30"
127,207,237,28.69,42.4,1634273887238,"2021-10-15T10:28:07+05:30"
110,175,201,28.7,42.36,1634273915706,"2021-10-15T10:28:35+05:30"
102,158,183,28.72,41.9,1634273946241,"2021-10-15T10:29:06+05:30"
100,153,172,28.73,42.13,1634273976843,"2021-10-15T10:29:36+05:30"
184,319,380,28.71,42.35,1634274007769,"2021-10-15T10:30:07+05:30"
180,307,361,28.72,42.35,1634274038384,"2021-10-15T10:30:38+05:30"
198,345,403,28.74,42.65,1634274068851,"2021-10-15T10:31:08+05:30"
225,406,476,28.74,42.43,1634274099494,"2021-10-15T10:31:39+05:30"
228,403,477,28.75,42.07,1634274130212,"2021-10-15T10:32:10+05:30"
198,346,410,28.77,41.93,1634274160769,"2021-10-15T10:32:40+05:30"
225,401,480,28.78,42.22,1634274191292,"2021-10-15T10:33:11+05:30"
291,564,679,28.78,42.56,1634274221896,"2021-10-15T10:33:41+05:30"
225,403,472,28.76,42.82,1634274252498,"2021-10-15T10:34:12+05:30"
240,449,533,28.75,42.91,1634274283095,"2021-10-15T10:34:43+05:30"
151,252,299,28.78,42.82,1634274313703,"2021-10-15T10:35:13+05:30"
135,218,252,28.79,42.9,1634274344296,"2021-10-15T10:35:44+05:30"
202,345,400,28.8,42.76,1634274374850,"2021-10-15T10:36:14+05:30"
143,230,270,28.79,42.75,1634274405478,"2021-10-15T10:36:45+05:30"
174,288,336,28.79,42.68,1634274436378,"2021-10-15T10:37:16+05:30"
217,375,451,28.82,42.8,1634274466706,"2021-10-15T10:37:46+05:30"
214,374,436,28.84,42.67,1634274497283,"2021-10-15T10:38:17+05:30"
209,375,439,28.86,43.2,1634274527912,"2021-10-15T10:38:47+05:30"
231,407,476,28.9,43.05,1634274558526,"2021-10-15T10:39:18+05:30"
218,383,452,28.92,42.88,1634274589100,"2021-10-15T10:39:49+05:30"
160,266,310,28.94,43.08,1634274619679,"2021-10-15T10:40:19+05:30"
150,243,280,28.97,42.78,1634274650278,"2021-10-15T10:40:50+05:30"
275,547,650,28.97,42.75,1634274680868,"2021-10-15T10:41:20+05:30"
317,663,795,28.95,43.01,1634274711421,"2021-10-15T10:41:51+05:30"
307,651,788,28.96,42.85,1634274742056,"2021-10-15T10:42:22+05:30"
266,511,607,28.98,42.7,1634274772616,"2021-10-15T10:42:52+05:30"
221,397,481,28.98,42.49,1634274803367,"2021-10-15T10:43:23+05:30"
227,405,485,28.99,42.64,1634274831757,"2021-10-15T10:43:51+05:30"
191,337,404,29,42.53,1634274861874,"2021-10-15T10:44:21+05:30"
132,216,256,29.01,42.3,1634274892425,"2021-10-15T10:44:52+05:30"
246,455,551,29.07,42.84,1634274923084,"2021-10-15T10:45:23+05:30"
201,353,415,29.11,42.45,1634274953925,"2021-10-15T10:45:53+05:30"
149,246,293,29.12,42.74,1634274984251,"2021-10-15T10:46:24+05:30"
128,210,249,29.12,42.84,1634275014832,"2021-10-15T10:46:54+05:30"
154,247,292,29.14,42.69,1634275045449,"2021-10-15T10:47:25+05:30"
154,259,306,29.12,42.55,1634275075992,"2021-10-15T10:47:55+05:30"
126,209,245,29.14,42.37,1634275106621,"2021-10-15T10:48:26+05:30"
185,313,367,29.18,42.45,1634275137208,"2021-10-15T10:48:57+05:30"
155,256,303,29.19,42.28,1634275167792,"2021-10-15T10:49:27+05:30"
114,187,217,29.2,42.3,1634275198372,"2021-10-15T10:49:58+05:30"
141,232,276,29.23,42.45,1634275229049,"2021-10-15T10:50:29+05:30"
151,244,287,29.26,42.33,1634275259662,"2021-10-15T10:50:59+05:30"
117,187,217,29.27,42.12,1634275290229,"2021-10-15T10:51:30+05:30"
196,344,410,29.28,42.58,1634275320850,"2021-10-15T10:52:00+05:30"
220,395,481,29.27,42.5,1634275351493,"2021-10-15T10:52:31+05:30"
206,356,418,29.25,42.09,1634275382029,"2021-10-15T10:53:02+05:30"
140,230,274,29.21,41.78,1634275412613,"2021-10-15T10:53:32+05:30"
82,128,150,29.23,41.98,1634275443211,"2021-10-15T10:54:03+05:30"
105,165,188,29.26,42.14,1634275473809,"2021-10-15T10:54:33+05:30"
151,245,287,29.26,42.31,1634275504390,"2021-10-15T10:55:04+05:30"
121,191,222,29.27,42,1634275535026,"2021-10-15T10:55:35+05:30"
96,149,177,29.3,42.47,1634275565569,"2021-10-15T10:56:05+05:30"
87,136,160,29.33,42.26,1634275596262,"2021-10-15T10:56:36+05:30"
112,177,203,29.34,42.29,1634275626862,"2021-10-15T10:57:06+05:30"
185,322,374,29.34,42.07,1634275657475,"2021-10-15T10:57:37+05:30"
135,221,259,29.33,42.19,1634275688037,"2021-10-15T10:58:08+05:30"
128,215,249,29.37,41.74,1634275809098,"2021-10-15T11:00:09+05:30"
128,215,249,29.37,41.74,1634275811207,"2021-10-15T11:00:11+05:30"
116,187,221,29.4,42.05,1634275839102,"2021-10-15T11:00:39+05:30"
98,151,169,29.41,41.88,1634275869678,"2021-10-15T11:01:09+05:30"
125,205,230,29.37,42.03,1634275900296,"2021-10-15T11:01:40+05:30"
74,113,130,29.43,42.09,1634275930848,"2021-10-15T11:02:10+05:30"
72,111,131,29.46,41.8,1634275961501,"2021-10-15T11:02:41+05:30"
102,165,198,29.46,41.83,1634275992072,"2021-10-15T11:03:12+05:30"
95,154,186,29.5,41.93,1634276022667,"2021-10-15T11:03:42+05:30"
94,145,173,29.56,41.77,1634276053302,"2021-10-15T11:04:13+05:30"
78,120,140,29.59,41.68,1634276083814,"2021-10-15T11:04:43+05:30"
121,190,216,29.65,42.22,1634276114507,"2021-10-15T11:05:14+05:30"
97,150,174,29.65,41.73,1634276145242,"2021-10-15T11:05:45+05:30"
78,119,136,29.61,41.51,1634276175605,"2021-10-15T11:06:15+05:30"
117,189,219,29.65,41.69,1634276206235,"2021-10-15T11:06:46+05:30"
153,260,309,29.6,41.93,1634276236807,"2021-10-15T11:07:16+05:30"
101,157,182,29.61,41.69,1634276267391,"2021-10-15T11:07:47+05:30"
81,120,136,29.63,41.49,1634276297999,"2021-10-15T11:08:17+05:30"
88,136,156,29.65,41.37,1634276328678,"2021-10-15T11:08:48+05:30"
112,181,209,29.66,41.89,1634276359251,"2021-10-15T11:09:19+05:30"
90,141,166,29.63,42.21,1634276389833,"2021-10-15T11:09:49+05:30"
118,191,221,29.62,42.43,1634276420576,"2021-10-15T11:10:20+05:30"
85,126,142,29.67,42.48,1634276451311,"2021-10-15T11:10:51+05:30"
183,372,461,29.72,42.99,1634276481935,"2021-10-15T11:11:21+05:30"
313,720,912,29.78,43.36,1634276502682,"2021-10-15T11:11:42+05:30"
244,487,591,29.82,42.39,1634276533144,"2021-10-15T11:12:13+05:30"
243,447,530,29.82,42.09,1634276563763,"2021-10-15T11:12:43+05:30"
210,378,450,29.83,42.27,1634276594344,"2021-10-15T11:13:14+05:30"
273,556,687,29.85,42.7,1634276624979,"2021-10-15T11:13:44+05:30"
237,453,548,29.85,42.51,1634276655947,"2021-10-15T11:14:15+05:30"
165,278,332,29.81,42.06,1634276686167,"2021-10-15T11:14:46+05:30"
174,302,354,29.86,42.22,1634276715615,"2021-10-15T11:15:15+05:30"
202,354,434,29.88,42.6,1634276746195,"2021-10-15T11:15:46+05:30"
182,313,374,29.89,42.84,1634276777015,"2021-10-15T11:16:17+05:30"
156,264,316,29.88,42.59,1634276807622,"2021-10-15T11:16:47+05:30"
161,270,317,29.85,42.7,1634276838202,"2021-10-15T11:17:18+05:30"
152,258,307,29.86,42.54,1634276868811,"2021-10-15T11:17:48+05:30"
130,218,261,29.87,42.53,1634276899381,"2021-10-15T11:18:19+05:30"
132,223,263,29.9,42.65,1634276930123,"2021-10-15T11:18:50+05:30"
148,244,282,29.93,42.12,1634276960664,"2021-10-15T11:19:20+05:30"
130,208,246,29.94,42.48,1634276991255,"2021-10-15T11:19:51+05:30"
145,245,292,29.97,42.64,1634277021882,"2021-10-15T11:20:21+05:30"
163,282,338,29.99,43.01,1634277052472,"2021-10-15T11:20:52+05:30"
188,337,410,30.02,43.52,1634277083203,"2021-10-15T11:21:23+05:30"
183,336,398,30.04,42.77,1634277113694,"2021-10-15T11:21:53+05:30"
89,137,160,30.04,42,1634277144260,"2021-10-15T11:22:24+05:30"
112,178,206,30.07,42,1634277174894,"2021-10-15T11:22:54+05:30"
194,358,426,30.13,42.58,1634277205421,"2021-10-15T11:23:25+05:30"
112,179,216,30.16,42.04,1634277236093,"2021-10-15T11:23:56+05:30"
137,227,267,30.19,42.2,1634277266635,"2021-10-15T11:24:26+05:30"
171,301,362,30.22,42.59,1634277297202,"2021-10-15T11:24:57+05:30"
212,396,491,30.28,42.76,1634277327793,"2021-10-15T11:25:27+05:30"
193,347,417,30.33,42.4,1634277358436,"2021-10-15T11:25:58+05:30"
194,348,425,30.33,42.62,1634277389650,"2021-10-15T11:26:29+05:30"
195,347,418,30.32,42.37,1634277419602,"2021-10-15T11:26:59+05:30"
170,297,355,30.33,42.07,1634277450177,"2021-10-15T11:27:30+05:30"
176,305,366,30.33,42.16,1634277480771,"2021-10-15T11:28:00+05:30"
176,301,360,30.35,42.35,1634277511658,"2021-10-15T11:28:31+05:30"
190,345,417,30.36,42.78,1634277541968,"2021-10-15T11:29:01+05:30"
171,306,373,30.36,42.6,1634277572536,"2021-10-15T11:29:32+05:30"
134,225,266,30.4,42.18,1634277608034,"2021-10-15T11:30:08+05:30"
142,234,282,30.44,42.11,1634277638580,"2021-10-15T11:30:38+05:30"
177,309,379,30.46,42.48,1634277669194,"2021-10-15T11:31:09+05:30"
148,254,299,30.44,42.17,1634277699819,"2021-10-15T11:31:39+05:30"
133,224,263,30.41,41.6,1634277730384,"2021-10-15T11:32:10+05:30"
105,166,197,30.42,41.47,1634277761431,"2021-10-15T11:32:41+05:30"
110,179,207,30.46,41.64,1634277791560,"2021-10-15T11:33:11+05:30"
116,197,238,30.47,41.92,1634277822214,"2021-10-15T11:33:42+05:30"
111,185,223,30.45,42.68,1634277852790,"2021-10-15T11:34:12+05:30"
115,191,231,30.39,42.19,1634277883335,"2021-10-15T11:34:43+05:30"
116,199,239,30.32,42.74,1634277913927,"2021-10-15T11:35:13+05:30"
104,173,212,30.33,42.75,1634277944523,"2021-10-15T11:35:44+05:30"
127,209,241,30.38,42.43,1634277975250,"2021-10-15T11:36:15+05:30"
118,191,219,30.42,42.18,1634277995667,"2021-10-15T11:36:35+05:30"
88,139,168,30.39,42.12,1634278026271,"2021-10-15T11:37:06+05:30"
94,155,189,30.45,41.97,1634278056926,"2021-10-15T11:37:36+05:30"
118,196,230,30.5,41.59,1634278087449,"2021-10-15T11:38:07+05:30"
99,159,186,30.56,41.5,1634278118016,"2021-10-15T11:38:38+05:30"
83,132,155,30.66,41.07,1634278149163,"2021-10-15T11:39:09+05:30"
103,167,201,30.73,40.96,1634278179517,"2021-10-15T11:39:39+05:30"
107,170,202,30.74,40.83,1634278210111,"2021-10-15T11:40:10+05:30"
88,137,160,30.77,40.72,1634278240712,"2021-10-15T11:40:40+05:30"
106,171,196,30.79,40.85,1634278271295,"2021-10-15T11:41:11+05:30"
121,200,229,30.81,41.14,1634278301979,"2021-10-15T11:41:41+05:30"
125,205,241,30.85,41.31,1634278332573,"2021-10-15T11:42:12+05:30"
114,193,227,30.82,41.33,1634278363167,"2021-10-15T11:42:43+05:30"
90,143,165,30.77,41.17,1634278393934,"2021-10-15T11:43:13+05:30"
102,168,206,30.84,41.18,1634278424355,"2021-10-15T11:43:44+05:30"
118,198,238,30.89,41,1634278455015,"2021-10-15T11:44:15+05:30"
99,159,186,30.89,40.67,1634278485547,"2021-10-15T11:44:45+05:30"
98,154,172,30.91,40.26,1634278513495,"2021-10-15T11:45:13+05:30"
85,131,155,30.89,40.32,1634278544317,"2021-10-15T11:45:44+05:30"
147,270,316,30.9,41.58,1634278574842,"2021-10-15T11:46:14+05:30"
169,304,368,30.94,42.06,1634278605653,"2021-10-15T11:46:45+05:30"
167,295,350,30.97,41.75,1634278636490,"2021-10-15T11:47:16+05:30"
117,193,225,30.97,41.18,1634278668102,"2021-10-15T11:47:48+05:30"
98,158,189,30.99,40.88,1634278698659,"2021-10-15T11:48:18+05:30"
78,120,141,30.99,40.68,1634278729369,"2021-10-15T11:48:49+05:30"
82,125,145,30.97,40.94,1634278759854,"2021-10-15T11:49:19+05:30"
99,156,179,31,40.73,1634278790463,"2021-10-15T11:49:50+05:30"
97,151,178,31.04,40.43,1634278821039,"2021-10-15T11:50:21+05:30"
99,160,183,31.04,40.61,1634278851625,"2021-10-15T11:50:51+05:30"
117,187,225,31.06,40.51,1634278882220,"2021-10-15T11:51:22+05:30"
93,145,175,31.04,40.67,1634278912817,"2021-10-15T11:51:52+05:30"
92,146,176,30.98,41.03,1634278943433,"2021-10-15T11:52:23+05:30"
90,139,166,31,40.63,1634278974168,"2021-10-15T11:52:54+05:30"
93,144,168,31.05,40.49,1634279004912,"2021-10-15T11:53:24+05:30"
93,143,167,31.08,40.13,1634279035492,"2021-10-15T11:53:55+05:30"
107,169,197,31.09,40.19,1634279066165,"2021-10-15T11:54:26+05:30"
96,155,178,31.06,40.24,1634279096671,"2021-10-15T11:54:56+05:30"
94,150,175,31.05,40.28,1634279127272,"2021-10-15T11:55:27+05:30"
75,109,127,31.07,40.03,1634279157867,"2021-10-15T11:55:57+05:30"
121,176,202,31.07,40.47,1634279188485,"2021-10-15T11:56:28+05:30"
87,127,144,31.09,40.29,1634279219071,"2021-10-15T11:56:59+05:30"
91,138,158,31.1,40.58,1634279249648,"2021-10-15T11:57:29+05:30"
86,134,153,31.09,40.37,1634279280243,"2021-10-15T11:58:00+05:30"
77,114,133,31.1,40.03,1634279310848,"2021-10-15T11:58:30+05:30"
74,112,125,31.11,39.81,1634279341484,"2021-10-15T11:59:01+05:30"
73,110,122,31.12,39.97,1634279372035,"2021-10-15T11:59:32+05:30"
87,134,152,31.15,40.48,1634279402654,"2021-10-15T12:00:02+05:30"
73,112,129,31.21,40.15,1634279431153,"2021-10-15T12:00:31+05:30"
67,99,115,31.24,39.33,1634279461270,"2021-10-15T12:01:01+05:30"
75,117,142,31.28,39.86,1634279491845,"2021-10-15T12:01:31+05:30"
79,122,145,31.31,39.61,1634279522713,"2021-10-15T12:02:02+05:30"
76,116,136,31.28,39.86,1634279553424,"2021-10-15T12:02:33+05:30"
75,120,148,31.25,40.45,1634279583889,"2021-10-15T12:03:03+05:30"
87,140,169,31.22,40.48,1634279614465,"2021-10-15T12:03:34+05:30"
82,129,152,31.17,40.33,1634279645035,"2021-10-15T12:04:05+05:30"
82,129,148,31.19,40.39,1634279675634,"2021-10-15T12:04:35+05:30"
81,127,150,31.24,40.25,1634279706363,"2021-10-15T12:05:06+05:30"
78,122,154,31.29,39.84,1634279736788,"2021-10-15T12:05:36+05:30"
68,105,132,31.25,39.42,1634279767406,"2021-10-15T12:06:07+05:30"
94,153,191,31.27,40.48,1634279798210,"2021-10-15T12:06:38+05:30"
145,243,288,31.28,41.01,1634279828652,"2021-10-15T12:07:08+05:30"
98,157,186,31.3,40.27,1634279859229,"2021-10-15T12:07:39+05:30"
80,122,143,31.32,40.09,1634279889957,"2021-10-15T12:08:09+05:30"
89,139,163,31.32,40.23,1634279920377,"2021-10-15T12:08:40+05:30"
88,136,166,31.33,40.04,1634279950993,"2021-10-15T12:09:10+05:30"
89,139,161,31.35,40.23,1634279981552,"2021-10-15T12:09:41+05:30"
84,131,150,31.37,39.8,1634280012180,"2021-10-15T12:10:12+05:30"
81,124,146,31.4,39.64,1634280042743,"2021-10-15T12:10:42+05:30"
81,124,141,31.39,39.62,1634280073334,"2021-10-15T12:11:13+05:30"
88,138,163,31.44,40.11,1634280103927,"2021-10-15T12:11:43+05:30"
69,103,116,31.45,39.41,1634280134531,"2021-10-15T12:12:14+05:30"
75,111,130,31.47,39.46,1634280165167,"2021-10-15T12:12:45+05:30"
72,106,120,31.53,39.51,1634280195732,"2021-10-15T12:13:15+05:30"
75,110,126,31.52,39.25,1634280226310,"2021-10-15T12:13:46+05:30"
81,122,138,31.53,39.57,1634280257156,"2021-10-15T12:14:17+05:30"
75,120,144,31.56,39.58,1634280287513,"2021-10-15T12:14:47+05:30"
83,130,154,31.58,39.81,1634280316708,"2021-10-15T12:15:16+05:30"
83,126,154,31.62,39.76,1634280347298,"2021-10-15T12:15:47+05:30"
76,115,137,31.63,39.59,1634280377987,"2021-10-15T12:16:17+05:30"
73,115,148,31.66,39.71,1634280408596,"2021-10-15T12:16:48+05:30"
80,127,156,31.67,39.8,1634280439370,"2021-10-15T12:17:19+05:30"
78,124,154,31.7,39.49,1634280470099,"2021-10-15T12:17:50+05:30"
76,113,138,31.72,39.35,1634280501227,"2021-10-15T12:18:21+05:30"
86,133,149,31.69,39.78,1634280531640,"2021-10-15T12:18:51+05:30"
83,126,144,31.69,39.76,1634280562207,"2021-10-15T12:19:22+05:30"
66,97,112,31.63,39.13,1634280592815,"2021-10-15T12:19:52+05:30"
72,105,127,31.66,39.84,1634280623575,"2021-10-15T12:20:23+05:30"
72,106,126,31.72,39.49,1634280654156,"2021-10-15T12:20:54+05:30"
67,103,117,31.73,39.2,1634280684831,"2021-10-15T12:21:24+05:30"
69,101,116,31.76,39.34,1634280715352,"2021-10-15T12:21:55+05:30"
72,108,129,31.79,39.68,1634280745961,"2021-10-15T12:22:25+05:30"
70,104,124,31.86,39.48,1634280776519,"2021-10-15T12:22:56+05:30"
72,107,124,31.88,39.25,1634280807217,"2021-10-15T12:23:27+05:30"
85,133,161,31.86,39.5,1634280837750,"2021-10-15T12:23:57+05:30"
77,118,136,31.82,38.98,1634280868326,"2021-10-15T12:24:28+05:30"
82,126,148,31.81,39.37,1634280898892,"2021-10-15T12:24:58+05:30"
86,131,153,31.82,39.69,1634280929519,"2021-10-15T12:25:29+05:30"
92,144,168,31.81,39.91,1634280960118,"2021-10-15T12:26:00+05:30"
81,128,148,31.84,39.29,1634280990694,"2021-10-15T12:26:30+05:30"
77,121,137,31.84,39.54,1634281021397,"2021-10-15T12:27:01+05:30"
74,113,133,31.82,39.74,1634281051835,"2021-10-15T12:27:31+05:30"
68,101,118,31.87,39.29,1634281082407,"2021-10-15T12:28:02+05:30"
70,108,133,31.91,39.12,1634281113034,"2021-10-15T12:28:33+05:30"
75,117,138,31.89,39.1,1634281143627,"2021-10-15T12:29:03+05:30"
73,111,129,31.88,38.72,1634281174226,"2021-10-15T12:29:34+05:30"
77,118,131,31.88,38.99,1634281204893,"2021-10-15T12:30:04+05:30"
77,117,138,31.89,38.76,1634281232673,"2021-10-15T12:30:32+05:30"
78,119,137,31.9,38.86,1634281263229,"2021-10-15T12:31:03+05:30"
83,124,146,31.89,39.09,1634281293836,"2021-10-15T12:31:33+05:30"
80,122,142,31.92,39.28,1634281324571,"2021-10-15T12:32:04+05:30"
85,135,158,31.97,39.66,1634281355293,"2021-10-15T12:32:35+05:30"
80,128,164,31.99,39.47,1634281385956,"2021-10-15T12:33:05+05:30"
86,136,163,31.99,39.59,1634281416495,"2021-10-15T12:33:36+05:30"
99,157,185,31.98,39.64,1634281447134,"2021-10-15T12:34:07+05:30"
83,129,158,31.98,39,1634281477682,"2021-10-15T12:34:37+05:30"
76,120,146,32.02,38.88,1634281508371,"2021-10-15T12:35:08+05:30"
105,172,203,32.02,39.59,1634281538859,"2021-10-15T12:35:38+05:30"
119,196,228,31.95,39.84,1634281569462,"2021-10-15T12:36:09+05:30"
116,188,218,31.89,39.86,1634281600078,"2021-10-15T12:36:40+05:30"
95,147,167,31.89,39.12,1634281630708,"2021-10-15T12:37:10+05:30"
92,141,166,31.93,39.22,1634281661239,"2021-10-15T12:37:41+05:30"
77,118,135,31.98,38.43,1634281691825,"2021-10-15T12:38:11+05:30"
71,110,131,32.01,38.16,1634281722447,"2021-10-15T12:38:42+05:30"
67,100,112,31.96,37.48,1634281753014,"2021-10-15T12:39:13+05:30"
71,110,124,31.98,38.23,1634281783601,"2021-10-15T12:39:43+05:30"
77,118,131,31.97,38.65,1634281814198,"2021-10-15T12:40:14+05:30"
70,102,115,31.96,38.7,1634281844858,"2021-10-15T12:40:44+05:30"
68,102,117,31.99,38.95,1634281875375,"2021-10-15T12:41:15+05:30"
61,92,111,32.01,38.81,1634281906114,"2021-10-15T12:41:46+05:30"
68,105,125,31.99,38.82,1634281936700,"2021-10-15T12:42:16+05:30"
68,101,120,32.05,38.71,1634281967329,"2021-10-15T12:42:47+05:30"
65,97,110,32.07,38.06,1634281997902,"2021-10-15T12:43:17+05:30"
66,98,115,32.09,38.53,1634282028498,"2021-10-15T12:43:48+05:30"
113,185,219,32.05,40.27,1634282059115,"2021-10-15T12:44:19+05:30"
75,113,128,32.07,38.73,1634282089692,"2021-10-15T12:44:49+05:30"
86,136,154,32.08,38.93,1634282114151,"2021-10-15T12:45:14+05:30"
72,112,131,32.06,38.12,1634282144709,"2021-10-15T12:45:44+05:30"
73,114,137,32.12,38.32,1634282175328,"2021-10-15T12:46:15+05:30"
70,108,130,32.19,37.79,1634282206395,"2021-10-15T12:46:46+05:30"
68,104,124,32.23,37.71,1634282236807,"2021-10-15T12:47:16+05:30"
89,141,165,32.21,39.46,1634282267384,"2021-10-15T12:47:47+05:30"
90,143,165,32.16,38.85,1634282297969,"2021-10-15T12:48:17+05:30"
61,92,101,32.16,37.89,1634282328679,"2021-10-15T12:48:48+05:30"
69,106,127,32.14,38.3,1634282359182,"2021-10-15T12:49:19+05:30"
75,116,147,32.15,38.24,1634282389758,"2021-10-15T12:49:49+05:30"
67,103,126,32.19,38.12,1634282420366,"2021-10-15T12:50:20+05:30"
72,111,128,32.19,38.14,1634282450939,"2021-10-15T12:50:50+05:30"
70,105,119,32.14,37.86,1634282481557,"2021-10-15T12:51:21+05:30"
65,96,111,32.15,37.71,1634282512141,"2021-10-15T12:51:52+05:30"
64,94,111,32.22,37.98,1634282542722,"2021-10-15T12:52:22+05:30"
64,93,106,32.21,37.18,1634282573326,"2021-10-15T12:52:53+05:30"
64,91,106,32.16,37.58,1634282603980,"2021-10-15T12:53:23+05:30"
67,103,123,32.17,38.26,1634282634597,"2021-10-15T12:53:54+05:30"
66,100,116,32.2,38.25,1634282665313,"2021-10-15T12:54:25+05:30"
71,104,122,32.17,38.43,1634282695768,"2021-10-15T12:54:55+05:30"
71,104,121,32.2,38.13,1634282726466,"2021-10-15T12:55:26+05:30"
67,100,117,32.31,37.86,1634282757043,"2021-10-15T12:55:57+05:30"
66,100,124,32.43,37.99,1634282787734,"2021-10-15T12:56:27+05:30"
66,98,114,32.45,37.69,1634282818255,"2021-10-15T12:56:58+05:30"
67,104,132,32.47,37.72,1634282848848,"2021-10-15T12:57:28+05:30"
65,101,131,32.45,37.21,1634282879418,"2021-10-15T12:57:59+05:30"
65,98,122,32.45,37.26,1634282910026,"2021-10-15T12:58:30+05:30"
59,91,111,32.46,37.31,1634282940626,"2021-10-15T12:59:00+05:30"
65,95,116,32.43,37.87,1634282971229,"2021-10-15T12:59:31+05:30"
65,98,120,32.33,38.16,1634283001860,"2021-10-15T13:00:01+05:30"
66,101,121,32.29,38.27,1634283034470,"2021-10-15T13:00:34+05:30"
62,95,108,32.31,38.31,1634283065058,"2021-10-15T13:01:05+05:30"
64,98,122,32.45,38.64,1634283095665,"2021-10-15T13:01:35+05:30"
66,101,121,32.49,38.56,1634283126250,"2021-10-15T13:02:06+05:30"
65,96,116,32.54,38.14,1634283156846,"2021-10-15T13:02:36+05:30"
66,100,124,32.59,38.33,1634283187437,"2021-10-15T13:03:07+05:30"
64,98,127,32.58,38.25,1634283218156,"2021-10-15T13:03:38+05:30"
64,97,128,32.61,37.94,1634283248625,"2021-10-15T13:04:08+05:30"
64,98,124,32.71,38.02,1634283279214,"2021-10-15T13:04:39+05:30"
65,100,127,32.73,37.88,1634283309859,"2021-10-15T13:05:09+05:30"
65,99,129,32.72,37.67,1634283340399,"2021-10-15T13:05:40+05:30"
66,104,150,32.7,37.58,1634283371018,"2021-10-15T13:06:11+05:30"
65,103,131,32.68,37.88,1634283401647,"2021-10-15T13:06:41+05:30"
67,107,146,32.66,37.9,1634283432302,"2021-10-15T13:07:12+05:30"
66,100,128,32.7,38.05,1634283462877,"2021-10-15T13:07:42+05:30"
64,93,110,32.68,37.36,1634283493457,"2021-10-15T13:08:13+05:30"
63,91,103,32.58,37.56,1634283524052,"2021-10-15T13:08:44+05:30"
62,92,104,32.54,37.81,1634283554674,"2021-10-15T13:09:14+05:30"
66,95,109,32.56,37.92,1634283585237,"2021-10-15T13:09:45+05:30"
67,100,116,32.58,38.13,1634283615845,"2021-10-15T13:10:15+05:30"
65,102,122,32.59,37.9,1634283646445,"2021-10-15T13:10:46+05:30"
66,97,113,32.61,37.76,1634283677003,"2021-10-15T13:11:17+05:30"
75,114,137,32.5,38.7,1634283707638,"2021-10-15T13:11:47+05:30"
65,98,111,32.46,37.22,1634283738204,"2021-10-15T13:12:18+05:30"
67,98,116,32.49,37.88,1634283768791,"2021-10-15T13:12:48+05:30"
69,105,126,32.52,38.35,1634283799404,"2021-10-15T13:13:19+05:30"
74,114,142,32.57,38.88,1634283830111,"2021-10-15T13:13:50+05:30"
74,118,149,32.63,39.07,1634283860712,"2021-10-15T13:14:20+05:30"
75,118,142,32.69,39.15,1634283891304,"2021-10-15T13:14:51+05:30"
73,115,147,32.74,39.23,1634283914700,"2021-10-15T13:15:14+05:30"
67,106,136,32.75,38.82,1634283944858,"2021-10-15T13:15:44+05:30"
65,99,119,32.7,38.44,1634283975447,"2021-10-15T13:16:15+05:30"
67,101,120,32.74,38.86,1634284006005,"2021-10-15T13:16:46+05:30"
68,104,124,32.75,38.75,1634284036657,"2021-10-15T13:17:16+05:30"
68,104,125,32.77,38.84,1634284067481,"2021-10-15T13:17:47+05:30"
67,101,122,32.82,38.36,1634284097823,"2021-10-15T13:18:17+05:30"
64,93,110,32.86,37.59,1634284128397,"2021-10-15T13:18:48+05:30"
63,93,113,32.91,37.26,1634284158976,"2021-10-15T13:19:18+05:30"
65,94,111,32.92,37.49,1634284189605,"2021-10-15T13:19:49+05:30"
67,103,125,32.95,37.26,1634284220267,"2021-10-15T13:20:20+05:30"
64,94,107,32.95,37.08,1634284250931,"2021-10-15T13:20:50+05:30"
63,93,115,32.95,37.35,1634284281379,"2021-10-15T13:21:21+05:30"
66,103,136,33,37.94,1634284311934,"2021-10-15T13:21:51+05:30"
67,98,116,32.97,37.43,1634284342665,"2021-10-15T13:22:22+05:30"
63,93,106,32.93,36.7,1634284373118,"2021-10-15T13:22:53+05:30"
64,93,115,32.94,36.83,1634284403867,"2021-10-15T13:23:23+05:30"
65,99,115,33.01,37.25,1634284434430,"2021-10-15T13:23:54+05:30"
64,96,115,32.99,36.9,1634284465056,"2021-10-15T13:24:25+05:30"
61,92,104,32.93,36.94,1634284495658,"2021-10-15T13:24:55+05:30"
64,93,107,32.9,37.6,1634284526175,"2021-10-15T13:25:26+05:30"
65,100,118,32.94,37.85,1634284556792,"2021-10-15T13:25:56+05:30"
65,99,121,33,37.74,1634284587398,"2021-10-15T13:26:27+05:30"
65,97,111,33.04,37.38,1634284617965,"2021-10-15T13:26:57+05:30"
63,94,113,33.08,37.37,1634284648577,"2021-10-15T13:27:28+05:30"
65,98,113,33.08,36.74,1634284679151,"2021-10-15T13:27:59+05:30"
64,96,113,33.07,36.71,1634284710308,"2021-10-15T13:28:30+05:30"
67,100,119,33.02,37.19,1634284741436,"2021-10-15T13:29:01+05:30"
66,98,113,32.99,37.56,1634284771801,"2021-10-15T13:29:31+05:30"
66,101,118,32.99,37.61,1634284802580,"2021-10-15T13:30:02+05:30"
66,99,114,33.02,37.3,1634284834204,"2021-10-15T13:30:34+05:30"
67,100,119,33.01,37.75,1634284864733,"2021-10-15T13:31:04+05:30"
72,106,121,33.02,37.74,1634284895354,"2021-10-15T13:31:35+05:30"
72,108,123,33,37.67,1634284925907,"2021-10-15T13:32:05+05:30"
66,99,112,32.97,37.05,1634284956502,"2021-10-15T13:32:36+05:30"
70,106,123,32.96,37.64,1634284987132,"2021-10-15T13:33:07+05:30"
75,112,132,32.98,37.52,1634285017710,"2021-10-15T13:33:37+05:30"
73,111,137,33.04,37.35,1634285048339,"2021-10-15T13:34:08+05:30"
68,99,117,33,36.72,1634285078902,"2021-10-15T13:34:38+05:30"
73,106,124,33,37.62,1634285109464,"2021-10-15T13:35:09+05:30"
68,103,115,32.97,37.43,1634285140079,"2021-10-15T13:35:40+05:30"
73,111,128,33,37.74,1634285170680,"2021-10-15T13:36:10+05:30"
65,95,112,33,37.92,1634285201269,"2021-10-15T13:36:41+05:30"
65,96,113,33.06,37.92,1634285231842,"2021-10-15T13:37:11+05:30"
65,94,115,33.11,37.8,1634285262474,"2021-10-15T13:37:42+05:30"
64,95,113,33.12,37.44,1634285293026,"2021-10-15T13:38:13+05:30"
63,87,100,33.04,36.64,1634285323627,"2021-10-15T13:38:43+05:30"
64,92,106,33.04,36.81,1634285354214,"2021-10-15T13:39:14+05:30"
67,98,117,33.04,37.48,1634285384802,"2021-10-15T13:39:44+05:30"
66,99,118,33.05,36.95,1634285415391,"2021-10-15T13:40:15+05:30"
69,104,126,33.06,36.87,1634285446050,"2021-10-15T13:40:46+05:30"
66,95,107,33.09,36.41,1634285476584,"2021-10-15T13:41:16+05:30"
71,110,135,33.19,37.42,1634285507679,"2021-10-15T13:41:47+05:30"
69,117,158,33.28,37.29,1634285538096,"2021-10-15T13:42:18+05:30"
68,105,136,33.35,36.58,1634285568666,"2021-10-15T13:42:48+05:30"
70,110,142,33.44,36.91,1634285599353,"2021-10-15T13:43:19+05:30"
68,107,132,33.5,36.66,1634285629865,"2021-10-15T13:43:49+05:30"
62,93,114,33.49,36.41,1634285660489,"2021-10-15T13:44:20+05:30"
62,91,104,33.45,36.24,1634285691073,"2021-10-15T13:44:51+05:30"
66,102,121,33.43,36.73,1634285719232,"2021-10-15T13:45:19+05:30"
71,107,130,33.42,36.79,1634285749690,"2021-10-15T13:45:49+05:30"
63,92,114,33.43,36.58,1634285780291,"2021-10-15T13:46:20+05:30"
66,96,111,33.43,36.62,1634285810880,"2021-10-15T13:46:50+05:30"
69,106,123,33.52,37.39,1634285841494,"2021-10-15T13:47:21+05:30"
66,98,115,33.55,37.28,1634285872078,"2021-10-15T13:47:52+05:30"
66,100,120,33.58,37.25,1634285902741,"2021-10-15T13:48:22+05:30"
67,102,124,33.53,37.24,1634285933309,"2021-10-15T13:48:53+05:30"
71,109,130,33.52,37.42,1634285963916,"2021-10-15T13:49:23+05:30"
67,107,129,33.56,37.34,1634285994510,"2021-10-15T13:49:54+05:30"
64,96,113,33.55,36.59,1634286025114,"2021-10-15T13:50:25+05:30"
65,93,111,33.51,36.92,1634286055688,"2021-10-15T13:50:55+05:30"
62,90,110,33.5,36.35,1634286086278,"2021-10-15T13:51:26+05:30"
71,109,126,33.44,36.99,1634286116950,"2021-10-15T13:51:56+05:30"
79,123,146,33.33,37.67,1634286147474,"2021-10-15T13:52:27+05:30"
71,108,122,33.31,36.68,1634286178099,"2021-10-15T13:52:58+05:30"
71,106,130,33.35,36.63,1634286208738,"2021-10-15T13:53:28+05:30"
78,120,144,33.28,37.73,1634286239251,"2021-10-15T13:53:59+05:30"
70,108,137,33.31,37.01,1634286269866,"2021-10-15T13:54:29+05:30"
78,119,140,33.29,36.86,1634286300449,"2021-10-15T13:55:00+05:30"
67,101,120,33.35,36.39,1634286331164,"2021-10-15T13:55:31+05:30"
68,105,120,33.38,36.67,1634286361642,"2021-10-15T13:56:01+05:30"
87,137,154,33.38,37.74,1634286392213,"2021-10-15T13:56:32+05:30"
83,130,152,33.36,37.64,1634286422830,"2021-10-15T13:57:02+05:30"
87,137,159,33.33,37.59,1634286453508,"2021-10-15T13:57:33+05:30"
76,116,139,33.29,37.03,1634286483996,"2021-10-15T13:58:03+05:30"
70,107,121,33.35,36.59,1634286514887,"2021-10-15T13:58:34+05:30"
76,121,145,33.38,37.31,1634286545187,"2021-10-15T13:59:05+05:30"
86,130,150,33.38,37.24,1634286575794,"2021-10-15T13:59:35+05:30"
86,133,152,33.38,37.26,1634286606379,"2021-10-15T14:00:06+05:30"
75,112,135,33.43,36.89,1634286635212,"2021-10-15T14:00:35+05:30"
72,111,138,33.49,35.85,1634286665792,"2021-10-15T14:01:05+05:30"
67,99,122,33.5,35.75,1634286696857,"2021-10-15T14:01:36+05:30"
70,106,128,33.5,36.49,1634286726964,"2021-10-15T14:02:06+05:30"
80,124,145,33.43,36.65,1634286757640,"2021-10-15T14:02:37+05:30"
74,110,130,33.38,36.4,1634286788146,"2021-10-15T14:03:08+05:30"
74,114,132,33.35,36.68,1634286818771,"2021-10-15T14:03:38+05:30"
71,104,124,33.39,35.88,1634286849334,"2021-10-15T14:04:09+05:30"
73,110,130,33.42,36.87,1634286879936,"2021-10-15T14:04:39+05:30"
76,116,149,33.47,37.28,1634286910540,"2021-10-15T14:05:10+05:30"
79,122,146,33.44,37,1634286941114,"2021-10-15T14:05:41+05:30"
70,105,123,33.5,35.51,1634286971711,"2021-10-15T14:06:11+05:30"
75,118,141,33.45,35.93,1634287002306,"2021-10-15T14:06:42+05:30"
79,121,135,33.34,36.03,1634287032915,"2021-10-15T14:07:12+05:30"
67,107,121,33.29,36,1634287063487,"2021-10-15T14:07:43+05:30"
66,102,118,33.4,36.46,1634287094093,"2021-10-15T14:08:14+05:30"
75,116,142,33.43,36.19,1634287124678,"2021-10-15T14:08:44+05:30"
70,106,123,33.48,36.18,1634287155360,"2021-10-15T14:09:15+05:30"
61,90,101,33.46,35.74,1634287185887,"2021-10-15T14:09:45+05:30"
63,93,105,33.44,35.68,1634287216484,"2021-10-15T14:10:16+05:30"
79,125,145,33.34,37.61,1634287247048,"2021-10-15T14:10:47+05:30"
71,110,126,33.23,36.28,1634287277668,"2021-10-15T14:11:17+05:30"
68,101,114,33.17,36.71,1634287308231,"2021-10-15T14:11:48+05:30"
69,105,121,33.18,37.14,1634287338864,"2021-10-15T14:12:18+05:30"
61,90,99,33.14,36.19,1634287369426,"2021-10-15T14:12:49+05:30"
65,92,103,33.11,37.19,1634287400020,"2021-10-15T14:13:20+05:30"
73,112,126,33.12,37.49,1634287430638,"2021-10-15T14:13:50+05:30"
75,114,127,33.08,37.49,1634287461233,"2021-10-15T14:14:21+05:30"
66,97,109,32.99,37.06,1634287491801,"2021-10-15T14:14:51+05:30"
66,100,112,33,37.49,1634287519091,"2021-10-15T14:15:19+05:30"
63,96,113,33.08,37.98,1634287549696,"2021-10-15T14:15:49+05:30"
67,100,121,33.18,38.15,1634287580307,"2021-10-15T14:16:20+05:30"
77,114,127,33.18,36.83,1634287611235,"2021-10-15T14:16:51+05:30"
64,92,103,33.16,36.65,1634287641959,"2021-10-15T14:17:21+05:30"
58,83,92,33.17,35.91,1634287672653,"2021-10-15T14:17:52+05:30"
58,84,95,33.2,36.13,1634287703266,"2021-10-15T14:18:23+05:30"
57,81,90,33.24,35.67,1634287733817,"2021-10-15T14:18:53+05:30"
56,77,88,33.31,35.72,1634287764394,"2021-10-15T14:19:24+05:30"
56,79,88,33.35,35.26,1634287795011,"2021-10-15T14:19:55+05:30"
55,78,90,33.34,34.76,1634287825604,"2021-10-15T14:20:25+05:30"
56,82,91,33.46,34.58,1634287856199,"2021-10-15T14:20:56+05:30"
54,80,92,33.49,34.16,1634287886777,"2021-10-15T14:21:26+05:30"
53,78,84,33.54,34.32,1634287917361,"2021-10-15T14:21:57+05:30"
53,78,88,33.51,34.6,1634287947971,"2021-10-15T14:22:27+05:30"
54,77,87,33.41,34.15,1634287978568,"2021-10-15T14:22:58+05:30"
54,78,89,33.38,33.95,1634288009148,"2021-10-15T14:23:29+05:30"
52,77,89,33.44,33.94,1634288039735,"2021-10-15T14:23:59+05:30"
51,72,81,33.48,34.4,1634288070358,"2021-10-15T14:24:30+05:30"
53,75,83,33.49,34.14,1634288100953,"2021-10-15T14:25:00+05:30"
57,81,93,33.47,35.5,1634288131541,"2021-10-15T14:25:31+05:30"
53,74,81,33.47,35.07,1634288162191,"2021-10-15T14:26:02+05:30"
53,78,89,33.39,34.85,1634288192892,"2021-10-15T14:26:32+05:30"
54,77,86,33.37,34.96,1634288223660,"2021-10-15T14:27:03+05:30"
56,81,96,33.48,35.75,1634288254210,"2021-10-15T14:27:34+05:30"
56,84,105,33.57,35.62,1634288284910,"2021-10-15T14:28:04+05:30"
60,94,123,33.6,35.26,1634288315517,"2021-10-15T14:28:35+05:30"
57,86,104,33.59,34.97,1634288346019,"2021-10-15T14:29:06+05:30"
55,85,97,33.63,35.02,1634288376626,"2021-10-15T14:29:36+05:30"
54,82,92,33.66,34.5,1634288407164,"2021-10-15T14:30:07+05:30"
55,78,86,33.69,34.51,1634288436449,"2021-10-15T14:30:36+05:30"
55,81,94,33.71,35.41,1634288467059,"2021-10-15T14:31:07+05:30"
62,91,106,33.64,36.4,1634288497602,"2021-10-15T14:31:37+05:30"
61,91,111,33.62,36.16,1634288528199,"2021-10-15T14:32:08+05:30"
52,76,86,33.7,33.71,1634288558824,"2021-10-15T14:32:38+05:30"
53,76,85,33.74,34.37,1634288589411,"2021-10-15T14:33:09+05:30"
57,82,92,33.73,35.14,1634288619979,"2021-10-15T14:33:39+05:30"
84,124,137,33.69,35.47,1634288650574,"2021-10-15T14:34:10+05:30"
63,94,104,33.67,35.56,1634288681171,"2021-10-15T14:34:41+05:30"
58,85,93,33.65,35.22,1634288711745,"2021-10-15T14:35:11+05:30"
65,93,104,33.6,38.04,1634288742383,"2021-10-15T14:35:42+05:30"
65,97,115,33.56,37.32,1634288773013,"2021-10-15T14:36:13+05:30"
57,84,97,33.58,35.92,1634288803526,"2021-10-15T14:36:43+05:30"
52,79,94,33.59,36.27,1634288834231,"2021-10-15T14:37:14+05:30"
54,79,95,33.62,35,1634288864817,"2021-10-15T14:37:44+05:30"
51,74,84,33.56,33.61,1634288895505,"2021-10-15T14:38:15+05:30"
52,75,87,33.67,34.1,1634288926008,"2021-10-15T14:38:46+05:30"
51,76,88,33.67,34.63,1634288956834,"2021-10-15T14:39:16+05:30"
53,80,95,33.8,34.51,1634288987608,"2021-10-15T14:39:47+05:30"
51,75,85,33.85,35.37,1634289018223,"2021-10-15T14:40:18+05:30"
57,84,92,33.78,36,1634289048815,"2021-10-15T14:40:48+05:30"
60,89,102,33.63,38.03,1634289079401,"2021-10-15T14:41:19+05:30"
58,84,92,33.56,35.93,1634289109988,"2021-10-15T14:41:49+05:30"
53,77,89,33.59,34.78,1634289140575,"2021-10-15T14:42:20+05:30"
54,79,88,33.63,35.04,1634289171172,"2021-10-15T14:42:51+05:30"
56,79,94,33.74,34.79,1634289201784,"2021-10-15T14:43:21+05:30"
52,74,86,33.78,33.69,1634289232388,"2021-10-15T14:43:52+05:30"
51,75,90,33.77,33.36,1634289262943,"2021-10-15T14:44:22+05:30"
51,73,83,33.74,33.23,1634289293563,"2021-10-15T14:44:53+05:30"
52,78,96,33.79,34.08,1634289322846,"2021-10-15T14:45:22+05:30"
53,78,96,33.86,34.06,1634289354156,"2021-10-15T14:45:54+05:30"
51,75,88,33.92,33.7,1634289384607,"2021-10-15T14:46:24+05:30"
51,73,85,33.94,33.63,1634289415208,"2021-10-15T14:46:55+05:30"
51,72,84,33.9,34.83,1634289445798,"2021-10-15T14:47:25+05:30"
52,77,91,33.86,35.48,1634289476395,"2021-10-15T14:47:56+05:30"
54,84,96,33.79,35.97,1634289506968,"2021-10-15T14:48:26+05:30"
51,75,86,33.66,34.12,1634289537660,"2021-10-15T14:48:57+05:30"
47,71,84,33.56,33.48,1634289568243,"2021-10-15T14:49:28+05:30"
50,79,91,33.63,34.73,1634289598839,"2021-10-15T14:49:58+05:30"
51,80,105,33.71,34.24,1634289629433,"2021-10-15T14:50:29+05:30"
50,77,99,33.75,34,1634289660037,"2021-10-15T14:51:00+05:30"
50,75,92,33.76,34.29,1634289690636,"2021-10-15T14:51:30+05:30"
48,73,87,33.78,33.36,1634289721202,"2021-10-15T14:52:01+05:30"
47,70,88,33.82,32.29,1634289751855,"2021-10-15T14:52:31+05:30"
47,70,85,33.83,31.44,1634289782430,"2021-10-15T14:53:02+05:30"
47,70,85,33.83,31.44,1634289784777,"2021-10-15T14:53:04+05:30"
49,69,85,33.79,32.22,1634289812989,"2021-10-15T14:53:32+05:30"
50,74,89,33.83,32.68,1634289843636,"2021-10-15T14:54:03+05:30"
50,74,89,33.83,32.68,1634289846348,"2021-10-15T14:54:06+05:30"
47,68,80,33.87,32.22,1634289874181,"2021-10-15T14:54:34+05:30"
47,71,84,33.86,32.18,1634289904877,"2021-10-15T14:55:04+05:30"
49,74,98,33.83,32.98,1634289935487,"2021-10-15T14:55:35+05:30"
49,71,92,33.84,32.31,1634289966399,"2021-10-15T14:56:06+05:30"
48,69,84,33.89,32.15,1634289996688,"2021-10-15T14:56:36+05:30"
46,67,81,33.91,31.27,1634290027230,"2021-10-15T14:57:07+05:30"
48,73,89,33.9,32.33,1634290057832,"2021-10-15T14:57:37+05:30"
49,70,82,33.84,32.32,1634290088438,"2021-10-15T14:58:08+05:30"
58,83,97,33.79,32.93,1634290119034,"2021-10-15T14:58:39+05:30"
67,95,113,33.8,33.36,1634290149620,"2021-10-15T14:59:09+05:30"
53,78,89,33.75,32.83,1634290180278,"2021-10-15T14:59:40+05:30"
53,76,85,33.72,32.26,1634290216939,"2021-10-15T15:00:16+05:30"
53,74,81,33.69,31.62,1634290236090,"2021-10-15T15:00:36+05:30"
49,72,85,33.71,31.59,1634290266635,"2021-10-15T15:01:06+05:30"
49,72,82,33.64,34.35,1634290297228,"2021-10-15T15:01:37+05:30"
52,76,89,33.5,36.42,1634290327888,"2021-10-15T15:02:07+05:30"
49,72,81,33.43,34.15,1634290358426,"2021-10-15T15:02:38+05:30"
47,68,80,33.42,33.81,1634290389018,"2021-10-15T15:03:09+05:30"
44,63,75,33.45,31.59,1634290419622,"2021-10-15T15:03:39+05:30"
44,65,77,33.47,31.26,1634290450219,"2021-10-15T15:04:10+05:30"
44,63,76,33.51,31.21,1634290480855,"2021-10-15T15:04:40+05:30"
53,77,89,33.58,31.87,1634290511514,"2021-10-15T15:05:11+05:30"
45,65,77,33.54,30.76,1634290541999,"2021-10-15T15:05:41+05:30"
54,76,84,33.5,31.71,1634290572585,"2021-10-15T15:06:12+05:30"
50,72,80,33.45,31.42,1634290603269,"2021-10-15T15:06:43+05:30"
50,72,80,33.45,31.42,1634290606315,"2021-10-15T15:06:46+05:30"
51,74,84,33.44,32.73,1634290633850,"2021-10-15T15:07:13+05:30"
52,75,85,33.44,32.3,1634290664448,"2021-10-15T15:07:44+05:30"
48,68,78,33.47,31.56,1634290694949,"2021-10-15T15:08:14+05:30"
49,70,81,33.45,34.57,1634290725550,"2021-10-15T15:08:45+05:30"
51,74,86,33.39,34.62,1634290756126,"2021-10-15T15:09:16+05:30"
49,72,85,33.35,34.83,1634290786773,"2021-10-15T15:09:46+05:30"
46,69,81,33.32,32.92,1634290817382,"2021-10-15T15:10:17+05:30"
43,60,73,33.33,31.56,1634290847894,"2021-10-15T15:10:47+05:30"
43,64,75,33.37,31.98,1634290878505,"2021-10-15T15:11:18+05:30"
49,74,86,33.39,34.83,1634290909124,"2021-10-15T15:11:49+05:30"
50,74,85,33.4,33.5,1634290939814,"2021-10-15T15:12:19+05:30"
49,75,86,33.38,33.37,1634290970389,"2021-10-15T15:12:50+05:30"
47,68,77,33.4,32.9,1634291001014,"2021-10-15T15:13:21+05:30"
45,64,78,33.43,32.19,1634291031549,"2021-10-15T15:13:51+05:30"
47,73,87,33.48,33.43,1634291062156,"2021-10-15T15:14:22+05:30"
47,72,85,33.51,32.28,1634291092760,"2021-10-15T15:14:52+05:30"
43,65,81,33.53,31.11,1634291121631,"2021-10-15T15:15:21+05:30"
46,69,85,33.6,31.25,1634291152063,"2021-10-15T15:15:52+05:30"
54,78,96,33.57,31.69,1634291182757,"2021-10-15T15:16:22+05:30"
53,76,92,33.61,33.31,1634291213559,"2021-10-15T15:16:53+05:30"
52,81,98,33.6,33.15,1634291244091,"2021-10-15T15:17:24+05:30"
49,75,92,33.58,32.64,1634291274693,"2021-10-15T15:17:54+05:30"
43,62,76,33.55,30.89,1634291305268,"2021-10-15T15:18:25+05:30"
42,60,74,33.6,31,1634291335876,"2021-10-15T15:18:55+05:30"
42,62,76,33.67,31.92,1634291366465,"2021-10-15T15:19:26+05:30"
44,65,79,33.72,31.61,1634291397107,"2021-10-15T15:19:57+05:30"
45,67,80,33.74,32.84,1634291427942,"2021-10-15T15:20:27+05:30"
45,69,83,33.71,32.98,1634291458233,"2021-10-15T15:20:58+05:30"
47,69,82,33.71,33.15,1634291488828,"2021-10-15T15:21:28+05:30"
51,80,100,33.72,34.12,1634291519483,"2021-10-15T15:21:59+05:30"
49,73,87,33.72,33.71,1634291550067,"2021-10-15T15:22:30+05:30"
46,68,83,33.63,34.55,1634291580648,"2021-10-15T15:23:00+05:30"
44,65,76,33.46,34.74,1634291611254,"2021-10-15T15:23:31+05:30"
45,66,77,33.42,33.49,1634291642187,"2021-10-15T15:24:02+05:30"
45,66,79,33.41,33.6,1634291672795,"2021-10-15T15:24:32+05:30"
45,68,85,33.37,33.23,1634291703373,"2021-10-15T15:25:03+05:30"
45,65,78,33.43,33.87,1634291734086,"2021-10-15T15:25:34+05:30"
46,70,87,33.44,34.11,1634291764628,"2021-10-15T15:26:04+05:30"
47,71,87,33.46,32.91,1634291795281,"2021-10-15T15:26:35+05:30"
52,75,87,33.46,33.84,1634291825769,"2021-10-15T15:27:05+05:30"
54,81,96,33.44,34.42,1634291856352,"2021-10-15T15:27:36+05:30"
45,68,79,33.4,34.18,1634291886931,"2021-10-15T15:28:06+05:30"
45,67,80,33.4,33.44,1634291917584,"2021-10-15T15:28:37+05:30"
56,82,98,33.44,34.22,1634291948137,"2021-10-15T15:29:08+05:30"
53,81,97,33.43,33.23,1634291978718,"2021-10-15T15:29:38+05:30"
54,80,94,33.43,34.02,1634292009303,"2021-10-15T15:30:09+05:30"
55,81,99,33.39,34.74,1634292039098,"2021-10-15T15:30:39+05:30"
56,83,103,33.39,34.74,1634292069683,"2021-10-15T15:31:09+05:30"
51,79,98,33.43,33.95,1634292100259,"2021-10-15T15:31:40+05:30"
51,77,91,33.44,33.24,1634292130891,"2021-10-15T15:32:10+05:30"
51,75,92,33.37,33.89,1634292161532,"2021-10-15T15:32:41+05:30"
46,67,81,33.29,32.95,1634292192067,"2021-10-15T15:33:12+05:30"
46,67,79,33.29,31.79,1634292222627,"2021-10-15T15:33:42+05:30"
47,69,85,33.31,32.61,1634292253245,"2021-10-15T15:34:13+05:30"
55,84,104,33.3,32.91,1634292283854,"2021-10-15T15:34:43+05:30"
53,85,113,33.3,32.77,1634292314454,"2021-10-15T15:35:14+05:30"
51,79,103,33.26,32.36,1634292345055,"2021-10-15T15:35:45+05:30"
53,79,100,33.23,32.59,1634292375621,"2021-10-15T15:36:15+05:30"
52,74,90,33.22,32.36,1634292406248,"2021-10-15T15:36:46+05:30"
47,71,85,33.21,32.45,1634292437028,"2021-10-15T15:37:17+05:30"
45,65,81,33.19,31.98,1634292467416,"2021-10-15T15:37:47+05:30"
46,68,83,33.18,34,1634292497973,"2021-10-15T15:38:17+05:30"
47,68,78,33.18,34.08,1634292528590,"2021-10-15T15:38:48+05:30"
46,64,80,33.18,33.98,1634292559213,"2021-10-15T15:39:19+05:30"
45,67,79,33.16,34.27,1634292589767,"2021-10-15T15:39:49+05:30"
42,63,75,33.14,33.23,1634292620357,"2021-10-15T15:40:20+05:30"
44,62,76,33.13,32.59,1634292650959,"2021-10-15T15:40:50+05:30"
47,71,87,33.1,34.66,1634292681535,"2021-10-15T15:41:21+05:30"
47,71,85,33.02,35.54,1634292712233,"2021-10-15T15:41:52+05:30"
48,72,83,32.99,34.17,1634292742850,"2021-10-15T15:42:22+05:30"
46,68,81,32.94,36.28,1634292773417,"2021-10-15T15:42:53+05:30"
61,89,98,32.9,34.56,1634292803992,"2021-10-15T15:43:23+05:30"
62,93,106,32.9,35.03,1634292834589,"2021-10-15T15:43:54+05:30"
59,86,102,32.92,34.11,1634292865179,"2021-10-15T15:44:25+05:30"
57,84,100,32.94,34.57,1634292895795,"2021-10-15T15:44:55+05:30"
46,66,77,32.93,32.88,1634292918085,"2021-10-15T15:45:18+05:30"
47,73,85,32.86,36.63,1634292948190,"2021-10-15T15:45:48+05:30"
46,68,83,32.8,35.75,1634292978744,"2021-10-15T15:46:18+05:30"
44,63,78,32.81,32.38,1634293009340,"2021-10-15T15:46:49+05:30"
37,53,72,32.88,29.93,1634293039951,"2021-10-15T15:47:19+05:30"
39,57,72,32.9,30.49,1634293070527,"2021-10-15T15:47:50+05:30"
42,61,76,32.93,32.34,1634293101149,"2021-10-15T15:48:21+05:30"
41,63,78,32.91,33.88,1634293131893,"2021-10-15T15:48:51+05:30"
41,61,78,32.93,34.43,1634293162297,"2021-10-15T15:49:22+05:30"
43,65,85,32.94,34.32,1634293192900,"2021-10-15T15:49:52+05:30"
42,62,77,32.91,33.3,1634293223514,"2021-10-15T15:50:23+05:30"
41,61,77,32.9,34.03,1634293254879,"2021-10-15T15:50:54+05:30"
43,66,81,32.87,33.38,1634293284674,"2021-10-15T15:51:24+05:30"
45,68,83,32.83,35.04,1634293315295,"2021-10-15T15:51:55+05:30"
50,77,91,32.8,35.24,1634293345867,"2021-10-15T15:52:25+05:30"
49,72,88,32.72,38.05,1634293376453,"2021-10-15T15:52:56+05:30"
47,73,88,32.7,37.08,1634293407099,"2021-10-15T15:53:27+05:30"
48,73,86,32.71,36.43,1634293438173,"2021-10-15T15:53:58+05:30"
48,68,80,32.73,34.15,1634293468752,"2021-10-15T15:54:28+05:30"
47,67,78,32.77,34.35,1634293499377,"2021-10-15T15:54:59+05:30"
67,99,117,32.75,33.99,1634293529954,"2021-10-15T15:55:29+05:30"
61,90,106,32.72,37.6,1634293560547,"2021-10-15T15:56:00+05:30"
55,82,95,32.68,36.73,1634293591157,"2021-10-15T15:56:31+05:30"
48,72,84,32.65,35.65,1634293621747,"2021-10-15T15:57:01+05:30"
64,96,110,32.65,35.1,1634293652340,"2021-10-15T15:57:32+05:30"
64,98,118,32.64,35.56,1634293682920,"2021-10-15T15:58:02+05:30"
58,86,101,32.67,34.28,1634293713505,"2021-10-15T15:58:33+05:30"
51,73,83,32.69,34.12,1634293744147,"2021-10-15T15:59:04+05:30"
50,72,85,32.72,35.26,1634293774700,"2021-10-15T15:59:34+05:30"
51,74,84,32.7,34.94,1634293805349,"2021-10-15T16:00:05+05:30"
48,70,84,32.73,34.54,1634293862680,"2021-10-15T16:01:02+05:30"
45,67,79,32.74,33.99,1634293868802,"2021-10-15T16:01:08+05:30"
48,71,83,32.74,35.54,1634293898240,"2021-10-15T16:01:38+05:30"
49,71,83,32.7,36.97,1634293929173,"2021-10-15T16:02:09+05:30"
50,68,82,32.66,35.36,1634293959387,"2021-10-15T16:02:39+05:30"
43,63,76,32.66,36.08,1634293990013,"2021-10-15T16:03:10+05:30"
43,63,76,32.65,35.69,1634294020617,"2021-10-15T16:03:40+05:30"
43,64,77,32.64,34.49,1634294051190,"2021-10-15T16:04:11+05:30"
42,61,76,32.69,34.96,1634294081777,"2021-10-15T16:04:41+05:30"
44,66,79,32.71,36.15,1634294112439,"2021-10-15T16:05:12+05:30"
46,67,80,32.69,37.13,1634294143044,"2021-10-15T16:05:43+05:30"
45,67,79,32.62,39.64,1634294173635,"2021-10-15T16:06:13+05:30"
44,65,78,32.55,38.17,1634294204219,"2021-10-15T16:06:44+05:30"
42,63,78,32.54,37.71,1634294234863,"2021-10-15T16:07:14+05:30"
43,61,75,32.54,37.11,1634294265424,"2021-10-15T16:07:45+05:30"
43,60,76,32.55,35.52,1634294296014,"2021-10-15T16:08:16+05:30"
45,66,81,32.53,38.29,1634294326583,"2021-10-15T16:08:46+05:30"
45,66,80,32.5,37.12,1634294357188,"2021-10-15T16:09:17+05:30"
45,63,80,32.49,36.71,1634294387759,"2021-10-15T16:09:47+05:30"
45,67,78,32.5,37.58,1634294418327,"2021-10-15T16:10:18+05:30"
45,67,81,32.51,37.3,1634294448962,"2021-10-15T16:10:48+05:30"
45,68,82,32.51,36.16,1634294479541,"2021-10-15T16:11:19+05:30"
45,68,80,32.54,35.37,1634294510153,"2021-10-15T16:11:50+05:30"
44,66,81,32.54,35.69,1634294541053,"2021-10-15T16:12:21+05:30"
45,65,80,32.55,35.59,1634294571334,"2021-10-15T16:12:51+05:30"
44,67,83,32.56,35.48,1634294601942,"2021-10-15T16:13:21+05:30"
46,69,83,32.53,35.6,1634294632556,"2021-10-15T16:13:52+05:30"
46,69,84,32.53,35.92,1634294663146,"2021-10-15T16:14:23+05:30"
49,75,94,32.53,36.01,1634294693745,"2021-10-15T16:14:53+05:30"
45,68,83,32.53,38.94,1634294717609,"2021-10-15T16:15:17+05:30"
45,65,78,32.49,37.73,1634294748172,"2021-10-15T16:15:48+05:30"
47,70,90,32.5,35.66,1634294778792,"2021-10-15T16:16:18+05:30"
44,68,92,32.52,36.17,1634294809383,"2021-10-15T16:16:49+05:30"
44,66,81,32.5,36.94,1634294840058,"2021-10-15T16:17:20+05:30"
45,65,79,32.47,35.84,1634294870638,"2021-10-15T16:17:50+05:30"
43,64,82,32.49,35.11,1634294901233,"2021-10-15T16:18:21+05:30"
43,65,80,32.51,34.55,1634294931831,"2021-10-15T16:18:51+05:30"
42,59,76,32.53,35.03,1634294962442,"2021-10-15T16:19:22+05:30"
43,63,76,32.52,34.83,1634294993023,"2021-10-15T16:19:53+05:30"
44,62,77,32.52,36.87,1634295023657,"2021-10-15T16:20:23+05:30"
43,61,76,32.45,38.6,1634295054250,"2021-10-15T16:20:54+05:30"
45,67,80,32.42,39.35,1634295084921,"2021-10-15T16:21:24+05:30"
46,66,80,32.4,38.28,1634295115524,"2021-10-15T16:21:55+05:30"
43,62,75,32.39,36.92,1634295146112,"2021-10-15T16:22:26+05:30"
41,60,73,32.4,37.04,1634295176715,"2021-10-15T16:22:56+05:30"
42,59,75,32.39,37.94,1634295207263,"2021-10-15T16:23:27+05:30"
42,62,77,32.36,38.14,1634295237863,"2021-10-15T16:23:57+05:30"
46,67,79,32.36,36.57,1634295268457,"2021-10-15T16:24:28+05:30"
130,202,233,30.05,46.04,1634304256269,"2021-10-15T18:54:16+05:30"
128,192,235,30.07,45.88,1634304286758,"2021-10-15T18:54:46+05:30"
133,203,241,30.15,45.96,1634304317361,"2021-10-15T18:55:17+05:30"
129,194,231,30.25,45.61,1634304347900,"2021-10-15T18:55:47+05:30"
128,192,224,30.33,45.34,1634304378483,"2021-10-15T18:56:18+05:30"
124,185,218,30.42,45.24,1634304409139,"2021-10-15T18:56:49+05:30"
124,183,219,30.44,44.97,1634304439667,"2021-10-15T18:57:19+05:30"
126,190,223,30.45,45.08,1634304470251,"2021-10-15T18:57:50+05:30"
125,191,234,30.47,45.38,1634304500820,"2021-10-15T18:58:20+05:30"
125,189,235,30.53,45.32,1634304531435,"2021-10-15T18:58:51+05:30"
128,195,230,30.56,45.08,1634304561994,"2021-10-15T18:59:21+05:30"
127,190,227,30.59,44.85,1634304592570,"2021-10-15T18:59:52+05:30"
124,188,220,30.61,44.71,1634304623176,"2021-10-15T19:00:23+05:30"
129,193,231,30.62,44.84,1634304653742,"2021-10-15T19:00:53+05:30"
126,192,228,30.62,45.28,1634304684388,"2021-10-15T19:01:24+05:30"
123,186,235,30.69,45.05,1634304714895,"2021-10-15T19:01:54+05:30"
121,185,234,30.77,44.94,1634304745476,"2021-10-15T19:02:25+05:30"
120,178,227,30.85,44.96,1634304776083,"2021-10-15T19:02:56+05:30"
116,174,211,30.89,44.97,1634304806668,"2021-10-15T19:03:26+05:30"
114,171,206,30.92,44.88,1634304837305,"2021-10-15T19:03:57+05:30"
113,170,207,30.94,44.64,1634304867849,"2021-10-15T19:04:27+05:30"
116,175,209,30.96,44.48,1634304898810,"2021-10-15T19:04:58+05:30"
113,167,199,30.98,44.38,1634304929715,"2021-10-15T19:05:29+05:30"
112,168,201,30.98,44.18,1634304960313,"2021-10-15T19:06:00+05:30"
109,162,189,30.99,44.07,1634304990885,"2021-10-15T19:06:30+05:30"
107,160,184,31,43.86,1634305021478,"2021-10-15T19:07:01+05:30"
106,155,179,31,43.8,1634305052058,"2021-10-15T19:07:32+05:30"
106,157,183,31.01,43.77,1634305082649,"2021-10-15T19:08:02+05:30"
107,160,187,31,43.66,1634305113211,"2021-10-15T19:08:33+05:30"
105,156,183,31,43.65,1634305142886,"2021-10-15T19:09:02+05:30"
104,156,179,30.99,43.52,1634305173484,"2021-10-15T19:09:33+05:30"
101,150,177,31,43.44,1634305204039,"2021-10-15T19:10:04+05:30"
100,150,177,30.99,43.51,1634305234633,"2021-10-15T19:10:34+05:30"
101,144,170,30.98,43.57,1634305265231,"2021-10-15T19:11:05+05:30"
100,146,177,30.99,43.55,1634305295823,"2021-10-15T19:11:35+05:30"
104,152,182,31,43.6,1634305326430,"2021-10-15T19:12:06+05:30"
100,150,178,31.01,43.63,1634305357072,"2021-10-15T19:12:37+05:30"
102,147,178,31.02,43.53,1634305387717,"2021-10-15T19:13:07+05:30"
103,151,177,31.04,43.52,1634305418284,"2021-10-15T19:13:38+05:30"
104,150,176,31.04,43.52,1634305448970,"2021-10-15T19:14:08+05:30"
99,148,174,31.04,43.53,1634305479450,"2021-10-15T19:14:39+05:30"
102,148,172,31.04,43.45,1634305510034,"2021-10-15T19:15:10+05:30"
105,153,184,31.03,43.5,1634305540605,"2021-10-15T19:15:40+05:30"
101,147,171,31.04,43.49,1634305571178,"2021-10-15T19:16:11+05:30"
101,150,175,31.05,43.43,1634305601772,"2021-10-15T19:16:41+05:30"
105,153,180,31.04,43.5,1634305632371,"2021-10-15T19:17:12+05:30"
108,153,181,31.04,43.56,1634305662939,"2021-10-15T19:17:42+05:30"
110,161,185,31.03,43.55,1634305693533,"2021-10-15T19:18:13+05:30"
111,164,191,31.03,43.53,1634305724132,"2021-10-15T19:18:44+05:30"
112,164,190,31.03,43.55,1634305754861,"2021-10-15T19:19:14+05:30"
110,159,191,31.03,43.6,1634305785344,"2021-10-15T19:19:45+05:30"
108,160,187,31.02,43.61,1634305815941,"2021-10-15T19:20:15+05:30"
109,161,192,31.02,43.5,1634305846499,"2021-10-15T19:20:46+05:30"
107,156,181,31.04,43.58,1634305877133,"2021-10-15T19:21:17+05:30"
110,160,179,31.04,43.52,1634305907685,"2021-10-15T19:21:47+05:30"
105,154,181,31.03,43.49,1634305938306,"2021-10-15T19:22:18+05:30"
104,153,173,31.03,43.52,1634305968876,"2021-10-15T19:22:48+05:30"
107,154,177,31.03,43.49,1634305999486,"2021-10-15T19:23:19+05:30"
108,154,178,31.02,43.61,1634306030200,"2021-10-15T19:23:50+05:30"
103,154,176,31,43.64,1634306057879,"2021-10-15T19:24:17+05:30"
105,155,177,31,43.5,1634306088399,"2021-10-15T19:24:48+05:30"
108,160,185,31,43.41,1634306118988,"2021-10-15T19:25:18+05:30"
105,152,179,31.01,43.35,1634306149580,"2021-10-15T19:25:49+05:30"
105,149,177,31.01,43.32,1634306180181,"2021-10-15T19:26:20+05:30"
104,151,170,31.01,43.24,1634306210781,"2021-10-15T19:26:50+05:30"
100,146,177,31.01,43.39,1634306241866,"2021-10-15T19:27:21+05:30"
101,148,174,31,43.36,1634306272099,"2021-10-15T19:27:52+05:30"
100,145,170,30.99,43.29,1634306302682,"2021-10-15T19:28:22+05:30"
99,147,174,30.99,43.31,1634306333311,"2021-10-15T19:28:53+05:30"
97,142,164,30.98,43.37,1634306363874,"2021-10-15T19:29:23+05:30"
94,137,163,30.98,43.33,1634306394468,"2021-10-15T19:29:54+05:30"
98,143,166,30.98,43.32,1634306425028,"2021-10-15T19:30:25+05:30"
98,144,167,30.98,43.37,1634306455642,"2021-10-15T19:30:55+05:30"
100,145,174,30.98,43.26,1634306486208,"2021-10-15T19:31:26+05:30"
98,138,159,30.97,43.32,1634306517017,"2021-10-15T19:31:57+05:30"
96,137,162,30.96,43.32,1634306547386,"2021-10-15T19:32:27+05:30"
98,139,166,30.96,43.33,1634306577919,"2021-10-15T19:32:57+05:30"
95,139,162,30.95,43.06,1634306608541,"2021-10-15T19:33:28+05:30"
94,139,158,30.95,43.28,1634306639140,"2021-10-15T19:33:59+05:30"
93,134,156,30.94,43.38,1634306669693,"2021-10-15T19:34:29+05:30"
95,134,156,30.94,43.39,1634306700261,"2021-10-15T19:35:00+05:30"
99,140,162,30.92,43.55,1634306730862,"2021-10-15T19:35:30+05:30"
96,137,160,30.9,43.53,1634306761457,"2021-10-15T19:36:01+05:30"
97,141,165,30.9,43.64,1634306792014,"2021-10-15T19:36:32+05:30"
94,137,163,30.88,43.73,1634306822614,"2021-10-15T19:37:02+05:30"
94,133,151,30.86,43.84,1634306853195,"2021-10-15T19:37:33+05:30"
94,134,160,30.85,43.88,1634306883793,"2021-10-15T19:38:03+05:30"
93,136,164,30.84,43.93,1634306914350,"2021-10-15T19:38:34+05:30"
91,132,151,30.85,43.94,1634306939410,"2021-10-15T19:38:59+05:30"
92,131,151,30.84,44,1634306969978,"2021-10-15T19:39:29+05:30"
92,133,152,30.83,44.04,1634307000551,"2021-10-15T19:40:00+05:30"
95,138,160,30.82,44.07,1634307031202,"2021-10-15T19:40:31+05:30"
93,137,157,30.81,44.11,1634307061941,"2021-10-15T19:41:01+05:30"
96,138,157,30.81,44.18,1634307092523,"2021-10-15T19:41:32+05:30"
95,137,162,30.81,44.22,1634307123188,"2021-10-15T19:42:03+05:30"
95,136,157,30.81,44.23,1634307153681,"2021-10-15T19:42:33+05:30"
98,137,156,30.8,44.21,1634307184274,"2021-10-15T19:43:04+05:30"
98,140,164,30.81,44.25,1634307214858,"2021-10-15T19:43:34+05:30"
96,137,161,30.81,44.3,1634307245470,"2021-10-15T19:44:05+05:30"
96,141,164,30.8,44.34,1634307276106,"2021-10-15T19:44:36+05:30"
95,137,163,30.79,44.42,1634307306588,"2021-10-15T19:45:06+05:30"
98,140,164,30.78,44.49,1634307337200,"2021-10-15T19:45:37+05:30"
95,139,158,30.77,44.5,1634307367829,"2021-10-15T19:46:07+05:30"
97,141,164,30.77,44.53,1634307398343,"2021-10-15T19:46:38+05:30"
97,142,162,30.76,44.59,1634307429006,"2021-10-15T19:47:09+05:30"
99,143,163,30.75,44.6,1634307459615,"2021-10-15T19:47:39+05:30"
102,150,171,30.74,44.62,1634307490224,"2021-10-15T19:48:10+05:30"
100,143,163,30.74,44.62,1634307520786,"2021-10-15T19:48:40+05:30"
98,140,159,30.73,44.74,1634307551628,"2021-10-15T19:49:11+05:30"
99,141,159,30.73,44.8,1634307582161,"2021-10-15T19:49:42+05:30"
100,146,166,30.72,44.82,1634307612619,"2021-10-15T19:50:12+05:30"
97,138,160,30.72,44.88,1634307643156,"2021-10-15T19:50:43+05:30"
98,143,161,30.72,44.96,1634307673769,"2021-10-15T19:51:13+05:30"
95,138,159,30.71,44.96,1634307704345,"2021-10-15T19:51:44+05:30"
97,138,161,30.7,44.93,1634307735106,"2021-10-15T19:52:15+05:30"
94,132,149,30.69,44.93,1634307765488,"2021-10-15T19:52:45+05:30"
94,133,155,30.7,44.93,1634307796081,"2021-10-15T19:53:16+05:30"
92,134,158,30.7,44.95,1634307826692,"2021-10-15T19:53:46+05:30"
93,134,156,30.7,44.97,1634307859697,"2021-10-15T19:54:19+05:30"
94,133,153,30.69,45.01,1634307890274,"2021-10-15T19:54:50+05:30"
92,133,151,30.69,45.02,1634307920913,"2021-10-15T19:55:20+05:30"
93,133,156,30.69,44.97,1634307951402,"2021-10-15T19:55:51+05:30"
101,143,168,30.69,44.97,1634307982006,"2021-10-15T19:56:22+05:30"
103,147,165,30.69,44.97,1634308012611,"2021-10-15T19:56:52+05:30"
110,157,176,30.68,45.13,1634308043161,"2021-10-15T19:57:23+05:30"
110,158,187,30.67,45.24,1634308073750,"2021-10-15T19:57:53+05:30"
114,163,189,30.67,45.22,1634308104552,"2021-10-15T19:58:24+05:30"
115,165,190,30.65,45.27,1634308134928,"2021-10-15T19:58:54+05:30"
117,169,197,30.64,45.34,1634308165539,"2021-10-15T19:59:25+05:30"
110,155,182,30.63,45.39,1634308196180,"2021-10-15T19:59:56+05:30"
112,158,181,30.63,45.37,1634308226700,"2021-10-15T20:00:26+05:30"
112,158,180,30.63,45.34,1634308257297,"2021-10-15T20:00:57+05:30"
116,168,190,30.62,45.35,1634308287905,"2021-10-15T20:01:27+05:30"
118,169,198,30.62,45.12,1634308318499,"2021-10-15T20:01:58+05:30"
121,172,198,30.62,45.16,1634308349079,"2021-10-15T20:02:29+05:30"
114,162,187,30.62,45.28,1634308379678,"2021-10-15T20:02:59+05:30"
106,150,167,30.62,45.34,1634308410265,"2021-10-15T20:03:30+05:30"
108,151,172,30.61,45.4,1634308440991,"2021-10-15T20:04:00+05:30"
105,147,168,30.61,45.43,1634308471635,"2021-10-15T20:04:31+05:30"
102,146,164,30.6,45.43,1634308502053,"2021-10-15T20:05:02+05:30"
101,144,160,30.61,45.44,1634308532636,"2021-10-15T20:05:32+05:30"
100,144,163,30.6,45.47,1634308563234,"2021-10-15T20:06:03+05:30"
102,147,168,30.6,45.46,1634308593864,"2021-10-15T20:06:33+05:30"
100,145,160,30.59,45.5,1634308624411,"2021-10-15T20:07:04+05:30"
102,146,166,30.58,45.53,1634308655014,"2021-10-15T20:07:35+05:30"
100,138,160,30.58,45.55,1634308685602,"2021-10-15T20:08:05+05:30"
100,141,162,30.57,45.58,1634308716202,"2021-10-15T20:08:36+05:30"
104,146,164,30.58,45.64,1634308739397,"2021-10-15T20:08:59+05:30"
102,141,163,30.57,45.65,1634308769943,"2021-10-15T20:09:29+05:30"
101,145,160,30.57,45.71,1634308800525,"2021-10-15T20:10:00+05:30"
105,145,165,30.57,45.72,1634308831113,"2021-10-15T20:10:31+05:30"
106,151,168,30.57,45.78,1634308861810,"2021-10-15T20:11:01+05:30"
105,146,167,30.56,45.83,1634308892407,"2021-10-15T20:11:32+05:30"
100,138,157,30.57,45.82,1634308922987,"2021-10-15T20:12:02+05:30"
98,140,156,30.56,45.77,1634308953625,"2021-10-15T20:12:33+05:30"
102,145,164,30.56,45.92,1634308984192,"2021-10-15T20:13:04+05:30"
122,173,198,30.55,46.07,1634309014798,"2021-10-15T20:13:34+05:30"
123,172,197,30.56,46.13,1634309045358,"2021-10-15T20:14:05+05:30"
122,178,208,30.55,46.14,1634309075947,"2021-10-15T20:14:35+05:30"
114,164,185,30.55,46.1,1634309106539,"2021-10-15T20:15:06+05:30"
114,163,182,30.54,46.11,1634309137149,"2021-10-15T20:15:37+05:30"
113,161,185,30.54,46.07,1634309167735,"2021-10-15T20:16:07+05:30"
109,155,176,30.54,46.01,1634309198437,"2021-10-15T20:16:38+05:30"
107,151,172,30.54,46.02,1634309228916,"2021-10-15T20:17:08+05:30"
99,144,160,30.54,46.03,1634309259527,"2021-10-15T20:17:39+05:30"
101,143,160,30.54,46,1634309290129,"2021-10-15T20:18:10+05:30"
100,140,162,30.53,45.98,1634309320795,"2021-10-15T20:18:40+05:30"
100,142,158,30.53,45.96,1634309351421,"2021-10-15T20:19:11+05:30"
98,140,156,30.52,46.07,1634309381898,"2021-10-15T20:19:41+05:30"
96,133,149,30.51,46.1,1634309412541,"2021-10-15T20:20:12+05:30"
98,139,158,30.5,46.12,1634309443020,"2021-10-15T20:20:43+05:30"
100,142,163,30.51,46.06,1634309473715,"2021-10-15T20:21:13+05:30"
98,140,154,30.51,46.07,1634309504206,"2021-10-15T20:21:44+05:30"
101,142,163,30.51,46.08,1634309534800,"2021-10-15T20:22:14+05:30"
98,140,160,30.51,46.09,1634309565375,"2021-10-15T20:22:45+05:30"
98,139,163,30.51,46.13,1634309596091,"2021-10-15T20:23:16+05:30"
95,132,153,30.51,46.14,1634309626536,"2021-10-15T20:23:46+05:30"
97,137,159,30.5,46.15,1634309660205,"2021-10-15T20:24:20+05:30"
96,139,162,30.49,46.17,1634309690805,"2021-10-15T20:24:50+05:30"
97,139,163,30.5,46.14,1634309721381,"2021-10-15T20:25:21+05:30"
99,142,165,30.5,46.16,1634309751935,"2021-10-15T20:25:51+05:30"
96,143,169,30.49,46.19,1634309782528,"2021-10-15T20:26:22+05:30"
100,145,173,30.49,46.19,1634309813104,"2021-10-15T20:26:53+05:30"
102,152,183,30.49,46.24,1634309843832,"2021-10-15T20:27:23+05:30"
104,152,184,30.49,46.28,1634309874272,"2021-10-15T20:27:54+05:30"
106,158,197,30.49,46.31,1634309904866,"2021-10-15T20:28:24+05:30"
107,157,190,30.49,46.42,1634309935429,"2021-10-15T20:28:55+05:30"
105,153,183,30.49,46.43,1634309965996,"2021-10-15T20:29:25+05:30"
105,153,179,30.49,46.42,1634309996610,"2021-10-15T20:29:56+05:30"
105,150,174,30.47,46.52,1634310027218,"2021-10-15T20:30:27+05:30"
105,152,178,30.46,46.33,1634310057782,"2021-10-15T20:30:57+05:30"
110,161,191,30.45,46.32,1634310088381,"2021-10-15T20:31:28+05:30"
110,160,184,30.45,46.26,1634310118981,"2021-10-15T20:31:58+05:30"
114,164,187,30.45,46.06,1634310149575,"2021-10-15T20:32:29+05:30"
118,170,197,30.44,46.01,1634310180166,"2021-10-15T20:33:00+05:30"
110,158,183,30.44,45.99,1634310210753,"2021-10-15T20:33:30+05:30"
109,156,179,30.45,46.14,1634310241466,"2021-10-15T20:34:01+05:30"
109,157,182,30.44,46.15,1634310271944,"2021-10-15T20:34:31+05:30"
113,163,192,30.44,46.1,1634310302495,"2021-10-15T20:35:02+05:30"
111,160,186,30.43,46.21,1634310333116,"2021-10-15T20:35:33+05:30"
111,161,183,30.43,46.21,1634310363649,"2021-10-15T20:36:03+05:30"
108,161,189,30.43,46.19,1634310394247,"2021-10-15T20:36:34+05:30"
107,154,178,30.43,46.17,1634310424884,"2021-10-15T20:37:04+05:30"
105,156,173,30.43,45.75,1634310455460,"2021-10-15T20:37:35+05:30"
106,151,168,30.42,45.88,1634310485998,"2021-10-15T20:38:05+05:30"
103,147,168,30.41,46.01,1634310516594,"2021-10-15T20:38:36+05:30"
104,146,169,30.41,46.06,1634310539757,"2021-10-15T20:38:59+05:30"
100,143,164,30.42,45.99,1634310570312,"2021-10-15T20:39:30+05:30"
100,148,175,30.42,45.99,1634310600902,"2021-10-15T20:40:00+05:30"
99,141,161,30.41,45.99,1634310631490,"2021-10-15T20:40:31+05:30"
96,137,158,30.42,46.14,1634310662091,"2021-10-15T20:41:02+05:30"
93,137,156,30.41,46.39,1634310692705,"2021-10-15T20:41:32+05:30"
91,133,150,30.42,46.5,1634310723274,"2021-10-15T20:42:03+05:30"
87,117,136,30.44,46.46,1634310753815,"2021-10-15T20:42:33+05:30"
89,126,146,30.45,46.59,1634310784420,"2021-10-15T20:43:04+05:30"
156,225,254,30.48,46.38,1634310815007,"2021-10-15T20:43:35+05:30"
131,190,219,30.5,46.45,1634310845614,"2021-10-15T20:44:05+05:30"
119,169,193,30.53,46.36,1634310876199,"2021-10-15T20:44:36+05:30"
118,168,200,30.54,46.32,1634310906790,"2021-10-15T20:45:06+05:30"
119,173,204,30.56,46.16,1634310937364,"2021-10-15T20:45:37+05:30"
108,156,182,30.56,46.24,1634310967961,"2021-10-15T20:46:07+05:30"
103,145,169,30.56,46.22,1634310998535,"2021-10-15T20:46:38+05:30"
103,146,162,30.57,46.13,1634311029126,"2021-10-15T20:47:09+05:30"
110,160,176,30.58,45.91,1634311059993,"2021-10-15T20:47:39+05:30"
111,159,178,30.57,45.86,1634311090409,"2021-10-15T20:48:10+05:30"
125,176,196,30.57,45.74,1634311121013,"2021-10-15T20:48:41+05:30"
126,175,199,30.56,45.79,1634311151580,"2021-10-15T20:49:11+05:30"
135,190,213,30.54,45.81,1634311182178,"2021-10-15T20:49:42+05:30"
141,192,216,30.53,45.81,1634311212773,"2021-10-15T20:50:12+05:30"
164,234,262,30.53,45.64,1634311243565,"2021-10-15T20:50:43+05:30"
163,235,258,30.52,45.66,1634311274076,"2021-10-15T20:51:14+05:30"
153,217,248,30.52,45.74,1634311304785,"2021-10-15T20:51:44+05:30"
140,197,223,30.51,45.73,1634311335268,"2021-10-15T20:52:15+05:30"
145,205,225,30.51,45.57,1634311365865,"2021-10-15T20:52:45+05:30"
142,208,228,30.51,45.66,1634311396478,"2021-10-15T20:53:16+05:30"
142,210,235,30.51,45.58,1634311427154,"2021-10-15T20:53:47+05:30"
133,192,210,30.5,45.65,1634311459687,"2021-10-15T20:54:19+05:30"
131,184,203,30.5,45.66,1634311490386,"2021-10-15T20:54:50+05:30"
126,184,202,30.49,45.74,1634311510918,"2021-10-15T20:55:10+05:30"
122,176,200,30.48,45.92,1634311541613,"2021-10-15T20:55:41+05:30"
120,178,204,30.47,45.97,1634311572164,"2021-10-15T20:56:12+05:30"
120,174,198,30.47,45.58,1634311602737,"2021-10-15T20:56:42+05:30"
118,168,202,30.47,45.72,1634311633690,"2021-10-15T20:57:13+05:30"
115,162,185,30.46,45.9,1634311664420,"2021-10-15T20:57:44+05:30"
117,167,193,30.45,45.99,1634311694767,"2021-10-15T20:58:14+05:30"
117,170,194,30.44,46.05,1634311725366,"2021-10-15T20:58:45+05:30"
123,179,204,30.43,46.15,1634311755956,"2021-10-15T20:59:15+05:30"
123,177,203,30.42,46.25,1634311786554,"2021-10-15T20:59:46+05:30"
122,177,203,30.41,46.26,1634311817179,"2021-10-15T21:00:17+05:30"
123,174,201,30.41,46.27,1634311847766,"2021-10-15T21:00:47+05:30"
124,173,193,30.4,46.04,1634311878428,"2021-10-15T21:01:18+05:30"
123,176,201,30.4,45.87,1634311908935,"2021-10-15T21:01:48+05:30"
123,174,203,30.39,45.82,1634311939514,"2021-10-15T21:02:19+05:30"
122,172,192,30.39,45.78,1634311970326,"2021-10-15T21:02:50+05:30"
118,169,198,30.39,45.66,1634312000772,"2021-10-15T21:03:20+05:30"
125,183,210,30.38,45.61,1634312031291,"2021-10-15T21:03:51+05:30"
127,188,214,30.36,45.59,1634312061948,"2021-10-15T21:04:21+05:30"
138,211,248,30.37,45.48,1634312092553,"2021-10-15T21:04:52+05:30"
138,214,250,30.36,45.52,1634312123110,"2021-10-15T21:05:23+05:30"
144,225,267,30.35,45.48,1634312153841,"2021-10-15T21:05:53+05:30"
143,216,264,30.35,45.62,1634312184417,"2021-10-15T21:06:24+05:30"
144,222,264,30.35,45.71,1634312214988,"2021-10-15T21:06:54+05:30"
138,209,244,30.34,45.93,1634312245571,"2021-10-15T21:07:25+05:30"
132,200,239,30.33,46,1634312276124,"2021-10-15T21:07:56+05:30"
131,198,224,30.32,45.93,1634312307252,"2021-10-15T21:08:27+05:30"
133,204,231,30.32,45.86,1634312339848,"2021-10-15T21:08:59+05:30"
127,191,225,30.32,45.87,1634312370468,"2021-10-15T21:09:30+05:30"
132,196,228,30.32,45.77,1634312401006,"2021-10-15T21:10:01+05:30"
126,188,214,30.33,45.85,1634312431691,"2021-10-15T21:10:31+05:30"
123,184,212,30.32,45.94,1634312462279,"2021-10-15T21:11:02+05:30"
125,186,217,30.32,46.07,1634312492875,"2021-10-15T21:11:32+05:30"
120,181,214,30.31,46.13,1634312523469,"2021-10-15T21:12:03+05:30"
125,188,219,30.31,46.11,1634312554051,"2021-10-15T21:12:34+05:30"
122,177,209,30.31,46.15,1634312584745,"2021-10-15T21:13:04+05:30"
116,174,201,30.31,46.29,1634312605291,"2021-10-15T21:13:25+05:30"
117,175,200,30.3,46.28,1634312635876,"2021-10-15T21:13:55+05:30"
117,170,197,30.3,46.41,1634312666483,"2021-10-15T21:14:26+05:30"
115,168,187,30.3,46.3,1634312697043,"2021-10-15T21:14:57+05:30"
117,176,205,30.3,46.37,1634312727642,"2021-10-15T21:15:27+05:30"
116,172,197,30.3,46.42,1634312758334,"2021-10-15T21:15:58+05:30"
118,172,193,30.3,46.36,1634312788843,"2021-10-15T21:16:28+05:30"
119,175,196,30.3,46.34,1634312819425,"2021-10-15T21:16:59+05:30"
119,174,197,30.29,46.37,1634312850026,"2021-10-15T21:17:30+05:30"
115,166,192,30.29,46.44,1634312880670,"2021-10-15T21:18:00+05:30"
116,169,195,30.28,46.43,1634312911219,"2021-10-15T21:18:31+05:30"
118,173,202,30.28,46.48,1634312942288,"2021-10-15T21:19:02+05:30"
118,171,196,30.28,46.34,1634312972415,"2021-10-15T21:19:32+05:30"
118,169,199,30.27,46.33,1634313002983,"2021-10-15T21:20:02+05:30"
131,192,220,30.27,46.02,1634313033594,"2021-10-15T21:20:33+05:30"
133,199,224,30.27,46.2,1634313064414,"2021-10-15T21:21:04+05:30"
130,191,219,30.28,46.27,1634313095059,"2021-10-15T21:21:35+05:30"
130,188,224,30.28,46.23,1634313125651,"2021-10-15T21:22:05+05:30"
127,187,217,30.28,46.31,1634313156205,"2021-10-15T21:22:36+05:30"
122,181,206,30.28,46.35,1634313186812,"2021-10-15T21:23:06+05:30"
117,175,198,30.28,46.26,1634313217434,"2021-10-15T21:23:37+05:30"
116,167,189,30.27,45.95,1634313243174,"2021-10-15T21:24:03+05:30"
117,169,199,30.26,45.9,1634313273755,"2021-10-15T21:24:33+05:30"
119,171,196,30.26,45.96,1634313304355,"2021-10-15T21:25:04+05:30"
117,166,194,30.25,45.93,1634313334926,"2021-10-15T21:25:34+05:30"
115,165,183,30.24,45.78,1634313365505,"2021-10-15T21:26:05+05:30"
113,162,190,30.23,45.83,1634313396114,"2021-10-15T21:26:36+05:30"
109,154,175,30.23,45.93,1634313426696,"2021-10-15T21:27:06+05:30"
108,155,172,30.23,45.75,1634313457293,"2021-10-15T21:27:37+05:30"
106,153,175,30.23,45.8,1634313487871,"2021-10-15T21:28:07+05:30"
104,150,174,30.23,45.99,1634313518473,"2021-10-15T21:28:38+05:30"
103,146,163,30.23,45.74,1634313549071,"2021-10-15T21:29:09+05:30"
104,149,168,30.23,46,1634313579641,"2021-10-15T21:29:39+05:30"
103,141,157,30.22,45.98,1634313610230,"2021-10-15T21:30:10+05:30"
102,148,164,30.22,46.05,1634313640807,"2021-10-15T21:30:40+05:30"
103,145,166,30.22,46.26,1634313671524,"2021-10-15T21:31:11+05:30"
101,141,166,30.22,46.43,1634313701985,"2021-10-15T21:31:41+05:30"
97,138,153,30.21,46.61,1634313732565,"2021-10-15T21:32:12+05:30"
96,137,153,30.21,46.64,1634313763134,"2021-10-15T21:32:43+05:30"
100,140,155,30.22,46.61,1634313793726,"2021-10-15T21:33:13+05:30"
99,142,158,30.21,46.56,1634313824317,"2021-10-15T21:33:44+05:30"
102,143,162,30.21,46.55,1634313854861,"2021-10-15T21:34:14+05:30"
103,144,161,30.21,46.59,1634313885503,"2021-10-15T21:34:45+05:30"
106,148,166,30.21,46.68,1634313916050,"2021-10-15T21:35:16+05:30"
102,149,171,30.21,46.62,1634313946647,"2021-10-15T21:35:46+05:30"
104,151,178,30.21,46.63,1634313977276,"2021-10-15T21:36:17+05:30"
108,157,180,30.21,46.56,1634314007829,"2021-10-15T21:36:47+05:30"
110,156,176,30.21,46.64,1634314038416,"2021-10-15T21:37:18+05:30"
107,152,169,30.21,46.69,1634314068996,"2021-10-15T21:37:48+05:30"
104,150,169,30.21,46.76,1634314099578,"2021-10-15T21:38:19+05:30"
107,154,176,30.21,46.9,1634314130165,"2021-10-15T21:38:50+05:30"
106,155,176,30.21,46.84,1634314162963,"2021-10-15T21:39:22+05:30"
110,159,183,30.2,46.9,1634314193045,"2021-10-15T21:39:53+05:30"
115,165,188,30.19,46.88,1634314223871,"2021-10-15T21:40:23+05:30"
110,161,184,30.19,46.92,1634314254278,"2021-10-15T21:40:54+05:30"
111,157,177,30.18,47.08,1634314284890,"2021-10-15T21:41:24+05:30"
110,155,168,30.17,47.22,1634314315444,"2021-10-15T21:41:55+05:30"
109,156,176,30.18,47.29,1634314346203,"2021-10-15T21:42:26+05:30"
106,148,170,30.17,47.21,1634314376866,"2021-10-15T21:42:56+05:30"
106,151,172,30.16,47.2,1634314407370,"2021-10-15T21:43:27+05:30"
108,156,173,30.16,47.27,1634314437976,"2021-10-15T21:43:57+05:30"
108,154,177,30.16,47.34,1634314468565,"2021-10-15T21:44:28+05:30"
107,154,170,30.15,47.48,1634314499156,"2021-10-15T21:44:59+05:30"
105,149,167,30.15,47.48,1634314529976,"2021-10-15T21:45:29+05:30"
102,145,161,30.15,47.52,1634314560322,"2021-10-15T21:46:00+05:30"
101,146,168,30.15,47.53,1634314590944,"2021-10-15T21:46:30+05:30"
98,138,158,30.14,47.52,1634314621522,"2021-10-15T21:47:01+05:30"
98,137,151,30.15,47.54,1634314652118,"2021-10-15T21:47:32+05:30"
98,139,152,30.14,47.54,1634314682721,"2021-10-15T21:48:02+05:30"
98,141,156,30.14,47.65,1634314713307,"2021-10-15T21:48:33+05:30"
96,136,153,30.14,47.67,1634314743902,"2021-10-15T21:49:03+05:30"
98,139,159,30.13,47.62,1634314774513,"2021-10-15T21:49:34+05:30"
98,143,162,30.12,47.61,1634314805080,"2021-10-15T21:50:05+05:30"
100,141,157,30.12,47.64,1634314835671,"2021-10-15T21:50:35+05:30"
98,138,159,30.12,47.61,1634314866604,"2021-10-15T21:51:06+05:30"
102,142,168,30.12,47.62,1634314897178,"2021-10-15T21:51:37+05:30"
104,150,172,30.1,47.75,1634314927764,"2021-10-15T21:52:07+05:30"
109,156,178,30.1,47.87,1634314958356,"2021-10-15T21:52:38+05:30"
110,156,180,30.09,48.05,1634314988938,"2021-10-15T21:53:08+05:30"
111,155,176,30.08,48.06,1634315019548,"2021-10-15T21:53:39+05:30"
106,153,177,30.07,48.04,1634315041790,"2021-10-15T21:54:01+05:30"
104,146,166,30.06,48.07,1634315072371,"2021-10-15T21:54:32+05:30"
105,149,170,30.05,48.07,1634315103369,"2021-10-15T21:55:03+05:30"
105,148,167,30.05,48.05,1634315133569,"2021-10-15T21:55:33+05:30"
105,150,170,30.05,48.08,1634315164185,"2021-10-15T21:56:04+05:30"
105,152,175,30.04,48.1,1634315194772,"2021-10-15T21:56:34+05:30"
103,148,170,30.04,48.14,1634315225369,"2021-10-15T21:57:05+05:30"
102,146,167,30.03,48.17,1634315255935,"2021-10-15T21:57:35+05:30"
102,145,165,30.04,48.2,1634315286541,"2021-10-15T21:58:06+05:30"
100,143,159,30.04,48.19,1634315317178,"2021-10-15T21:58:37+05:30"
104,146,172,30.03,48.31,1634315347717,"2021-10-15T21:59:07+05:30"
103,145,173,30.02,48.33,1634315378327,"2021-10-15T21:59:38+05:30"
105,149,170,30.01,48.41,1634315408904,"2021-10-15T22:00:08+05:30"
102,149,170,30.01,48.37,1634315439582,"2021-10-15T22:00:39+05:30"
105,151,170,30,48.24,1634315470164,"2021-10-15T22:01:10+05:30"
103,145,163,29.99,48.25,1634315500742,"2021-10-15T22:01:40+05:30"
104,151,168,29.98,48.39,1634315531365,"2021-10-15T22:02:11+05:30"
112,157,178,29.98,48.47,1634315561931,"2021-10-15T22:02:41+05:30"
112,158,178,29.98,48.53,1634315592515,"2021-10-15T22:03:12+05:30"
107,150,171,29.98,48.59,1634315623109,"2021-10-15T22:03:43+05:30"
104,146,164,29.99,48.5,1634315653743,"2021-10-15T22:04:13+05:30"
102,142,161,29.99,48.48,1634315684281,"2021-10-15T22:04:44+05:30"
103,145,164,29.99,48.44,1634315714937,"2021-10-15T22:05:14+05:30"
101,139,160,29.97,48.43,1634315745565,"2021-10-15T22:05:45+05:30"
101,144,158,29.97,48.44,1634315776106,"2021-10-15T22:06:16+05:30"
102,143,162,29.97,48.54,1634315806669,"2021-10-15T22:06:46+05:30"
107,153,181,29.96,48.58,1634315837260,"2021-10-15T22:07:17+05:30"
104,151,175,29.96,48.61,1634315867999,"2021-10-15T22:07:47+05:30"
106,150,169,29.95,48.67,1634315898453,"2021-10-15T22:08:18+05:30"
108,150,170,29.94,48.67,1634315929015,"2021-10-15T22:08:49+05:30"
103,147,167,29.93,48.72,1634315963086,"2021-10-15T22:09:23+05:30"
104,146,160,29.93,48.77,1634315983732,"2021-10-15T22:09:43+05:30"
104,149,168,29.93,48.81,1634316014548,"2021-10-15T22:10:14+05:30"
102,144,160,29.93,48.89,1634316045157,"2021-10-15T22:10:45+05:30"
98,137,155,29.94,48.99,1634316075729,"2021-10-15T22:11:15+05:30"
100,142,168,29.94,49.06,1634316106583,"2021-10-15T22:11:46+05:30"
101,144,163,29.94,49.16,1634316137190,"2021-10-15T22:12:17+05:30"
101,147,166,29.93,49.21,1634316167772,"2021-10-15T22:12:47+05:30"
97,141,161,29.92,49.2,1634316198391,"2021-10-15T22:13:18+05:30"
97,140,156,29.92,49.2,1634316228962,"2021-10-15T22:13:48+05:30"
99,143,157,29.92,49.23,1634316259530,"2021-10-15T22:14:19+05:30"
105,148,169,29.91,49.29,1634316290150,"2021-10-15T22:14:50+05:30"
101,143,164,29.9,49.33,1634316320725,"2021-10-15T22:15:20+05:30"
108,153,174,29.9,49.34,1634316351316,"2021-10-15T22:15:51+05:30"
108,155,177,29.89,49.36,1634316381903,"2021-10-15T22:16:21+05:30"
112,161,185,29.89,49.38,1634316412525,"2021-10-15T22:16:52+05:30"
110,156,184,29.88,49.36,1634316443097,"2021-10-15T22:17:23+05:30"
107,154,178,29.88,49.33,1634316473687,"2021-10-15T22:17:53+05:30"
108,153,172,29.87,49.37,1634316504296,"2021-10-15T22:18:24+05:30"
107,154,174,29.86,49.38,1634316534919,"2021-10-15T22:18:54+05:30"
107,156,173,29.85,49.38,1634316565566,"2021-10-15T22:19:25+05:30"
110,158,174,29.83,49.4,1634316596173,"2021-10-15T22:19:56+05:30"
109,157,176,29.83,49.42,1634316626806,"2021-10-15T22:20:26+05:30"
106,152,170,29.83,49.37,1634316657362,"2021-10-15T22:20:57+05:30"
113,161,178,29.82,49.42,1634316687945,"2021-10-15T22:21:27+05:30"
111,157,176,29.81,49.49,1634316718521,"2021-10-15T22:21:58+05:30"
109,153,172,29.8,49.58,1634316749114,"2021-10-15T22:22:29+05:30"
109,158,182,29.79,49.65,1634316779741,"2021-10-15T22:22:59+05:30"
107,149,171,29.8,49.69,1634316810303,"2021-10-15T22:23:30+05:30"
105,151,173,29.81,49.72,1634316844155,"2021-10-15T22:24:04+05:30"
105,152,173,29.81,49.8,1634316874774,"2021-10-15T22:24:34+05:30"
102,145,164,29.8,49.85,1634316905324,"2021-10-15T22:25:05+05:30"
102,146,162,29.79,50.01,1634316935927,"2021-10-15T22:25:35+05:30"
104,145,172,29.79,50.04,1634316966608,"2021-10-15T22:26:06+05:30"
105,148,163,29.79,50.06,1634316997181,"2021-10-15T22:26:37+05:30"
101,140,158,29.8,50.08,1634317027816,"2021-10-15T22:27:07+05:30"
102,148,165,29.81,50.13,1634317058391,"2021-10-15T22:27:38+05:30"
103,147,160,29.8,50.23,1634317088960,"2021-10-15T22:28:08+05:30"
101,144,166,29.81,50.24,1634317119550,"2021-10-15T22:28:39+05:30"
100,141,158,29.81,50.33,1634317150173,"2021-10-15T22:29:10+05:30"
100,142,158,29.81,50.53,1634317180821,"2021-10-15T22:29:40+05:30"
102,145,162,29.8,50.67,1634317201614,"2021-10-15T22:30:01+05:30"
104,148,171,29.78,50.71,1634317231999,"2021-10-15T22:30:31+05:30"
105,150,172,29.78,50.7,1634317262653,"2021-10-15T22:31:02+05:30"
104,149,174,29.78,50.7,1634317293927,"2021-10-15T22:31:33+05:30"
100,143,162,29.78,50.76,1634317324566,"2021-10-15T22:32:04+05:30"
101,146,168,29.79,50.8,1634317355139,"2021-10-15T22:32:35+05:30"
105,149,170,29.8,50.81,1634317385934,"2021-10-15T22:33:05+05:30"
102,144,163,29.81,50.72,1634317416426,"2021-10-15T22:33:36+05:30"
103,147,167,29.8,50.79,1634317446945,"2021-10-15T22:34:06+05:30"
104,148,169,29.79,50.8,1634317477521,"2021-10-15T22:34:37+05:30"
102,147,167,29.79,50.76,1634317508134,"2021-10-15T22:35:08+05:30"
105,148,169,29.79,50.77,1634317538766,"2021-10-15T22:35:38+05:30"
102,147,169,29.79,50.75,1634317569313,"2021-10-15T22:36:09+05:30"
100,146,165,29.8,50.79,1634317599912,"2021-10-15T22:36:39+05:30"
103,148,172,29.8,50.85,1634317630516,"2021-10-15T22:37:10+05:30"
101,143,168,29.79,50.88,1634317661119,"2021-10-15T22:37:41+05:30"
104,150,172,29.79,50.92,1634317691832,"2021-10-15T22:38:11+05:30"
102,149,172,29.79,50.86,1634317722294,"2021-10-15T22:38:42+05:30"
100,143,169,29.79,50.88,1634317749901,"2021-10-15T22:39:09+05:30"
104,148,176,29.79,50.92,1634317780482,"2021-10-15T22:39:40+05:30"
103,147,174,29.79,50.95,1634317811110,"2021-10-15T22:40:11+05:30"
104,150,172,29.78,51.06,1634317841656,"2021-10-15T22:40:41+05:30"
103,147,164,29.77,51.11,1634317872233,"2021-10-15T22:41:12+05:30"
105,155,182,29.77,51.11,1634317902864,"2021-10-15T22:41:42+05:30"
106,154,179,29.77,51.08,1634317933496,"2021-10-15T22:42:13+05:30"
106,152,177,29.76,51.1,1634317964134,"2021-10-15T22:42:44+05:30"
108,155,180,29.76,51.02,1634317994717,"2021-10-15T22:43:14+05:30"
105,151,173,29.75,51.06,1634318025289,"2021-10-15T22:43:45+05:30"
102,145,164,29.76,51.05,1634318055890,"2021-10-15T22:44:15+05:30"
103,148,173,29.76,51.01,1634318086503,"2021-10-15T22:44:46+05:30"
107,155,175,29.75,51.05,1634318117066,"2021-10-15T22:45:17+05:30"
107,158,184,29.75,51.07,1634318147904,"2021-10-15T22:45:47+05:30"
106,154,181,29.74,51.07,1634318178367,"2021-10-15T22:46:18+05:30"
103,151,176,29.75,50.95,1634318208942,"2021-10-15T22:46:48+05:30"
102,149,172,29.76,50.97,1634318239540,"2021-10-15T22:47:19+05:30"
101,144,161,29.76,51.01,1634318270174,"2021-10-15T22:47:50+05:30"
103,149,175,29.75,51.08,1634318300745,"2021-10-15T22:48:20+05:30"
104,151,171,29.75,51.1,1634318331306,"2021-10-15T22:48:51+05:30"
101,143,168,29.76,51.21,1634318361926,"2021-10-15T22:49:21+05:30"
103,148,171,29.76,51.29,1634318392499,"2021-10-15T22:49:52+05:30"
102,151,171,29.76,51.3,1634318423096,"2021-10-15T22:50:23+05:30"
105,151,180,29.76,51.36,1634318453718,"2021-10-15T22:50:53+05:30"
107,155,174,29.75,51.39,1634318484387,"2021-10-15T22:51:24+05:30"
106,151,174,29.75,51.54,1634318514938,"2021-10-15T22:51:54+05:30"
106,152,171,29.75,51.42,1634318545489,"2021-10-15T22:52:25+05:30"
109,156,176,29.75,51.46,1634318576066,"2021-10-15T22:52:56+05:30"
107,153,171,29.74,51.5,1634318606644,"2021-10-15T22:53:26+05:30"
106,155,184,29.74,51.49,1634318637278,"2021-10-15T22:53:57+05:30"
109,156,174,29.72,51.59,1634318664820,"2021-10-15T22:54:24+05:30"
108,152,178,29.72,51.53,1634318695418,"2021-10-15T22:54:55+05:30"
105,149,171,29.72,51.42,1634318726063,"2021-10-15T22:55:26+05:30"
106,150,171,29.72,51.45,1634318756584,"2021-10-15T22:55:56+05:30"
106,153,174,29.72,51.51,1634318787188,"2021-10-15T22:56:27+05:30"
108,152,173,29.72,51.57,1634318817768,"2021-10-15T22:56:57+05:30"
106,149,170,29.71,51.63,1634318848365,"2021-10-15T22:57:28+05:30"
103,148,173,29.72,51.64,1634318878958,"2021-10-15T22:57:58+05:30"
104,147,165,29.71,51.69,1634318909574,"2021-10-15T22:58:29+05:30"
107,152,170,29.7,51.71,1634318940178,"2021-10-15T22:59:00+05:30"
107,151,172,29.7,51.67,1634318970983,"2021-10-15T22:59:30+05:30"
106,149,167,29.69,51.67,1634319001340,"2021-10-15T23:00:01+05:30"
108,149,171,29.69,51.66,1634319031933,"2021-10-15T23:00:31+05:30"
105,149,170,29.68,51.71,1634319062514,"2021-10-15T23:01:02+05:30"
108,152,174,29.68,51.79,1634319093156,"2021-10-15T23:01:33+05:30"
106,146,172,29.68,51.79,1634319123702,"2021-10-15T23:02:03+05:30"
104,146,167,29.68,51.71,1634319154583,"2021-10-15T23:02:34+05:30"
106,147,163,29.69,51.67,1634319184901,"2021-10-15T23:03:04+05:30"
103,148,168,29.68,51.76,1634319215490,"2021-10-15T23:03:35+05:30"
109,153,177,29.68,51.86,1634319246097,"2021-10-15T23:04:06+05:30"
109,152,171,29.68,51.83,1634319276702,"2021-10-15T23:04:36+05:30"
106,150,168,29.68,51.93,1634319307276,"2021-10-15T23:05:07+05:30"
106,150,165,29.67,51.97,1634319337856,"2021-10-15T23:05:37+05:30"
108,154,175,29.68,51.98,1634319368946,"2021-10-15T23:06:08+05:30"
113,163,192,29.66,52.15,1634319399372,"2021-10-15T23:06:39+05:30"
113,164,189,29.65,52.17,1634319429997,"2021-10-15T23:07:09+05:30"
113,166,192,29.64,52.23,1634319460587,"2021-10-15T23:07:40+05:30"
113,159,183,29.63,52.07,1634319491176,"2021-10-15T23:08:11+05:30"
108,155,175,29.64,52.02,1634319521939,"2021-10-15T23:08:41+05:30"
110,155,177,29.65,52.02,1634319547148,"2021-10-15T23:09:07+05:30"
110,155,180,29.65,52.02,1634319577764,"2021-10-15T23:09:37+05:30"
113,160,180,29.64,52.15,1634319608335,"2021-10-15T23:10:08+05:30"
113,159,181,29.63,52.22,1634319638932,"2021-10-15T23:10:38+05:30"
112,161,184,29.63,52.36,1634319669547,"2021-10-15T23:11:09+05:30"
112,159,179,29.63,52.29,1634319700117,"2021-10-15T23:11:40+05:30"
110,158,183,29.63,52.33,1634319730741,"2021-10-15T23:12:10+05:30"
109,157,180,29.62,52.41,1634319761307,"2021-10-15T23:12:41+05:30"
108,158,178,29.62,52.39,1634319792005,"2021-10-15T23:13:12+05:30"
110,159,183,29.62,52.33,1634319822694,"2021-10-15T23:13:42+05:30"
110,157,176,29.62,52.35,1634319853100,"2021-10-15T23:14:13+05:30"
110,156,176,29.62,52.33,1634319883684,"2021-10-15T23:14:43+05:30"
110,158,183,29.62,52.35,1634319914295,"2021-10-15T23:15:14+05:30"
108,156,181,29.62,52.34,1634319944876,"2021-10-15T23:15:44+05:30"
112,167,194,29.63,52.35,1634319975460,"2021-10-15T23:16:15+05:30"
113,163,188,29.64,52.27,1634320006060,"2021-10-15T23:16:46+05:30"
111,159,185,29.64,52.24,1634320036727,"2021-10-15T23:17:16+05:30"
108,159,185,29.64,52.24,1634320067315,"2021-10-15T23:17:47+05:30"
112,161,182,29.63,52.3,1634320097957,"2021-10-15T23:18:17+05:30"
108,158,178,29.63,52.23,1634320128472,"2021-10-15T23:18:48+05:30"
109,158,184,29.62,52.32,1634320159156,"2021-10-15T23:19:19+05:30"
108,155,178,29.62,52.33,1634320189683,"2021-10-15T23:19:49+05:30"
111,157,176,29.62,52.33,1634320220257,"2021-10-15T23:20:20+05:30"
111,158,191,29.61,52.35,1634320250859,"2021-10-15T23:20:50+05:30"
116,162,183,29.6,52.48,1634320281451,"2021-10-15T23:21:21+05:30"
117,163,191,29.59,52.52,1634320312075,"2021-10-15T23:21:52+05:30"
112,161,183,29.58,52.52,1634320342634,"2021-10-15T23:22:22+05:30"
112,159,178,29.57,52.43,1634320373228,"2021-10-15T23:22:53+05:30"
111,158,182,29.56,52.4,1634320403820,"2021-10-15T23:23:23+05:30"
110,152,174,29.56,52.45,1634320434416,"2021-10-15T23:23:54+05:30"
111,155,171,29.55,52.46,1634320465826,"2021-10-15T23:24:25+05:30"
109,154,176,29.55,52.4,1634320496499,"2021-10-15T23:24:56+05:30"
107,152,167,29.55,52.37,1634320527221,"2021-10-15T23:25:27+05:30"
108,148,166,29.56,52.34,1634320557608,"2021-10-15T23:25:57+05:30"
110,155,178,29.56,52.47,1634320588202,"2021-10-15T23:26:28+05:30"
112,157,179,29.55,52.52,1634320618776,"2021-10-15T23:26:58+05:30"
109,153,173,29.56,52.39,1634320649372,"2021-10-15T23:27:29+05:30"
107,154,175,29.57,52.4,1634320679988,"2021-10-15T23:27:59+05:30"
107,155,173,29.57,52.36,1634320710568,"2021-10-15T23:28:30+05:30"
105,149,167,29.58,52.33,1634320741159,"2021-10-15T23:29:01+05:30"
107,149,172,29.58,52.3,1634320771889,"2021-10-15T23:29:31+05:30"
105,152,174,29.59,52.21,1634320802348,"2021-10-15T23:30:02+05:30"
107,151,170,29.59,52.17,1634320832928,"2021-10-15T23:30:32+05:30"
101,146,170,29.59,52.15,1634320863539,"2021-10-15T23:31:03+05:30"
107,152,176,29.6,52.07,1634320894246,"2021-10-15T23:31:34+05:30"
105,155,176,29.6,52.03,1634320924732,"2021-10-15T23:32:04+05:30"
105,151,178,29.59,52.16,1634320955317,"2021-10-15T23:32:35+05:30"
107,149,173,29.59,52.17,1634320985906,"2021-10-15T23:33:05+05:30"
106,152,175,29.59,52.11,1634321016511,"2021-10-15T23:33:36+05:30"
110,158,179,29.58,52.25,1634321047098,"2021-10-15T23:34:07+05:30"
107,154,175,29.57,52.32,1634321077672,"2021-10-15T23:34:37+05:30"