"pm1_0","pm2_5","pm10","temp","humid","createdAt","localtime"
53,75,82,29.94,51.05,1634236232909,"2021-10-15T00:00:32+05:30"
52,75,84,29.94,51.05,1634236263496,"2021-10-15T00:01:03+05:30"
53,80,86,29.94,51.07,1634236294394,"2021-10-15T00:01:34+05:30"
52,78,86,29.94,51.08,1634236324975,"2021-10-15T00:02:04+05:30"
52,74,84,29.93,51.09,1634236355546,"2021-10-15T00:02:35+05:30"
54,77,86,29.93,51.1,1634236386134,"2021-10-15T00:03:06+05:30"
54,79,85,29.93,51.16,1634236416899,"2021-10-15T00:03:36+05:30"
52,76,83,29.93,51.12,1634236447312,"2021-10-15T00:04:07+05:30"
52,78,85,29.94,51.12,1634236477913,"2021-10-15T00:04:37+05:30"
53,77,84,29.94,51.13,1634236508376,"2021-10-15T00:05:08+05:30"
51,74,81,29.94,51.13,1634236538954,"2021-10-15T00:05:38+05:30"
52,73,80,29.93,51.18,1634236569597,"2021-10-15T00:06:09+05:30"
51,75,83,29.93,51.19,1634236600195,"2021-10-15T00:06:40+05:30"
52,76,83,29.92,51.21,1634236630760,"2021-10-15T00:07:10+05:30"
49,74,81,29.92,51.24,1634236661306,"2021-10-15T00:07:41+05:30"
52,78,89,29.93,51.23,1634236691917,"2021-10-15T00:08:11+05:30"
53,75,83,29.93,51.21,1634236722506,"2021-10-15T00:08:42+05:30"
53,78,85,29.93,51.21,1634236753091,"2021-10-15T00:09:13+05:30"
52,76,84,29.93,51.21,1634236783684,"2021-10-15T00:09:43+05:30"
51,75,82,29.93,51.21,1634236814290,"2021-10-15T00:10:14+05:30"
51,73,80,29.92,51.21,1634236844873,"2021-10-15T00:10:44+05:30"
51,74,82,29.91,51.22,1634236876126,"2021-10-15T00:11:16+05:30"
52,73,84,29.91,51.26,1634236907325,"2021-10-15T00:11:47+05:30"
52,76,83,29.92,51.22,1634236938133,"2021-10-15T00:12:18+05:30"
52,76,81,29.91,51.24,1634236968756,"2021-10-15T00:12:48+05:30"
51,76,84,29.91,51.23,1634236999428,"2021-10-15T00:13:19+05:30"
51,73,82,29.9,51.27,1634237030040,"2021-10-15T00:13:50+05:30"
50,73,78,29.9,51.28,1634237060656,"2021-10-15T00:14:20+05:30"
53,73,80,29.9,51.29,1634237091273,"2021-10-15T00:14:51+05:30"
51,75,82,29.91,51.25,1634237122593,"2021-10-15T00:15:22+05:30"
52,76,84,29.91,51.23,1634237153426,"2021-10-15T00:15:53+05:30"
51,75,83,29.9,51.26,1634237184316,"2021-10-15T00:16:24+05:30"
51,77,85,29.9,51.26,1634237214778,"2021-10-15T00:16:54+05:30"
52,78,85,29.89,51.29,1634237245359,"2021-10-15T00:17:25+05:30"
52,77,82,29.88,51.32,1634237275973,"2021-10-15T00:17:55+05:30"
53,78,84,29.88,51.35,1634237306547,"2021-10-15T00:18:26+05:30"
51,73,81,29.88,51.35,1634237337243,"2021-10-15T00:18:57+05:30"
51,75,83,29.87,51.37,1634237367792,"2021-10-15T00:19:27+05:30"
51,75,81,29.87,51.38,1634237398378,"2021-10-15T00:19:58+05:30"
50,71,77,29.86,51.41,1634237429339,"2021-10-15T00:20:29+05:30"
53,74,80,29.86,51.42,1634237459937,"2021-10-15T00:20:59+05:30"
52,77,84,29.86,51.46,1634237490693,"2021-10-15T00:21:30+05:30"
50,74,82,29.86,51.46,1634237521199,"2021-10-15T00:22:01+05:30"
53,76,82,29.87,51.45,1634237551932,"2021-10-15T00:22:31+05:30"
53,76,85,29.86,51.46,1634237582382,"2021-10-15T00:23:02+05:30"
51,74,80,29.86,51.5,1634237612967,"2021-10-15T00:23:32+05:30"
49,73,80,29.86,51.52,1634237643570,"2021-10-15T00:24:03+05:30"
50,73,84,29.85,51.52,1634237674199,"2021-10-15T00:24:34+05:30"
51,74,82,29.85,51.56,1634237704744,"2021-10-15T00:25:04+05:30"
51,74,80,29.85,51.62,1634237735366,"2021-10-15T00:25:35+05:30"
50,74,82,29.85,51.6,1634237765940,"2021-10-15T00:26:05+05:30"
52,79,89,29.85,51.56,1634237796536,"2021-10-15T00:26:36+05:30"
53,76,84,29.84,51.55,1634237827157,"2021-10-15T00:27:07+05:30"
52,74,80,29.84,51.62,1634237857731,"2021-10-15T00:27:37+05:30"
51,73,82,29.84,51.65,1634237888313,"2021-10-15T00:28:08+05:30"
52,75,83,29.84,51.66,1634237918954,"2021-10-15T00:28:38+05:30"
52,78,86,29.84,51.63,1634237949502,"2021-10-15T00:29:09+05:30"
52,75,83,29.83,51.66,1634237980117,"2021-10-15T00:29:40+05:30"
50,74,80,29.82,51.73,1634238010715,"2021-10-15T00:30:10+05:30"
51,73,78,29.81,51.74,1634238041299,"2021-10-15T00:30:41+05:30"
53,77,85,29.81,51.77,1634238071871,"2021-10-15T00:31:11+05:30"
51,73,80,29.81,51.74,1634238102513,"2021-10-15T00:31:42+05:30"
53,78,86,29.81,51.75,1634238133066,"2021-10-15T00:32:13+05:30"
54,78,86,29.8,51.76,1634238163745,"2021-10-15T00:32:43+05:30"
52,77,85,29.8,51.82,1634238194586,"2021-10-15T00:33:14+05:30"
52,76,82,29.8,51.85,1634238225526,"2021-10-15T00:33:45+05:30"
54,80,88,29.8,51.85,1634238256342,"2021-10-15T00:34:16+05:30"
54,78,86,29.8,51.89,1634238287155,"2021-10-15T00:34:47+05:30"
53,79,88,29.8,51.93,1634238317171,"2021-10-15T00:35:17+05:30"
55,79,85,29.79,51.94,1634238347769,"2021-10-15T00:35:47+05:30"
53,78,84,29.79,51.95,1634238378331,"2021-10-15T00:36:18+05:30"
52,78,85,29.79,51.99,1634238409121,"2021-10-15T00:36:49+05:30"
54,80,87,29.8,52,1634238439770,"2021-10-15T00:37:19+05:30"
53,76,85,29.79,51.98,1634238470541,"2021-10-15T00:37:50+05:30"
54,80,88,29.79,51.99,1634238502203,"2021-10-15T00:38:22+05:30"
53,76,86,29.78,52.02,1634238532804,"2021-10-15T00:38:52+05:30"
53,77,86,29.78,52.02,1634238563421,"2021-10-15T00:39:23+05:30"
55,81,92,29.78,52.07,1634238594440,"2021-10-15T00:39:54+05:30"
53,77,84,29.78,52.1,1634238625119,"2021-10-15T00:40:25+05:30"
53,79,86,29.78,52.09,1634238655623,"2021-10-15T00:40:55+05:30"
53,78,85,29.77,52.05,1634238686262,"2021-10-15T00:41:26+05:30"
52,75,83,29.77,52.12,1634238716819,"2021-10-15T00:41:56+05:30"
54,78,83,29.77,52.13,1634238747404,"2021-10-15T00:42:27+05:30"
54,78,83,29.77,52.13,1634238778028,"2021-10-15T00:42:58+05:30"
55,79,88,29.77,52.12,1634238808581,"2021-10-15T00:43:28+05:30"
54,76,85,29.77,52.07,1634238839175,"2021-10-15T00:43:59+05:30"
55,79,88,29.76,52.12,1634238869781,"2021-10-15T00:44:29+05:30"
54,78,86,29.75,52.14,1634238900365,"2021-10-15T00:45:00+05:30"
53,74,81,29.75,52.11,1634238930983,"2021-10-15T00:45:30+05:30"
53,77,84,29.76,52.12,1634238961557,"2021-10-15T00:46:01+05:30"
53,79,87,29.77,52.1,1634238992149,"2021-10-15T00:46:32+05:30"
53,82,91,29.76,52.12,1634239022805,"2021-10-15T00:47:02+05:30"
54,77,86,29.75,52.11,1634239053401,"2021-10-15T00:47:33+05:30"
54,77,84,29.76,52.1,1634239083961,"2021-10-15T00:48:03+05:30"
54,78,85,29.75,52.1,1634239114649,"2021-10-15T00:48:34+05:30"
54,81,87,29.74,52.12,1634239145279,"2021-10-15T00:49:05+05:30"
54,77,88,29.75,52.13,1634239176072,"2021-10-15T00:49:36+05:30"
54,79,88,29.75,52.1,1634239210169,"2021-10-15T00:50:10+05:30"
52,77,84,29.74,52.12,1634239240675,"2021-10-15T00:50:40+05:30"
56,82,89,29.73,52.14,1634239271272,"2021-10-15T00:51:11+05:30"
55,83,91,29.73,52.15,1634239301857,"2021-10-15T00:51:41+05:30"
54,79,85,29.73,52.16,1634239332460,"2021-10-15T00:52:12+05:30"
54,77,84,29.73,52.19,1634239363069,"2021-10-15T00:52:43+05:30"
53,77,85,29.74,52.16,1634239393634,"2021-10-15T00:53:13+05:30"
53,76,84,29.73,52.2,1634239424308,"2021-10-15T00:53:44+05:30"
53,78,84,29.73,52.18,1634239454823,"2021-10-15T00:54:14+05:30"
53,78,84,29.72,52.2,1634239485428,"2021-10-15T00:54:45+05:30"
54,77,84,29.72,52.21,1634239516033,"2021-10-15T00:55:16+05:30"
54,78,86,29.71,52.25,1634239546612,"2021-10-15T00:55:46+05:30"
55,79,84,29.7,52.29,1634239577273,"2021-10-15T00:56:17+05:30"
55,78,85,29.71,52.32,1634239607804,"2021-10-15T00:56:47+05:30"
52,77,86,29.7,52.34,1634239638382,"2021-10-15T00:57:18+05:30"
54,76,86,29.7,52.36,1634239669049,"2021-10-15T00:57:49+05:30"
53,75,83,29.7,52.34,1634239699616,"2021-10-15T00:58:19+05:30"
54,78,84,29.71,52.33,1634239730203,"2021-10-15T00:58:50+05:30"
54,76,82,29.7,52.37,1634239761194,"2021-10-15T00:59:21+05:30"
54,77,85,29.7,52.38,1634239791773,"2021-10-15T00:59:51+05:30"
54,76,83,29.7,52.36,1634239823109,"2021-10-15T01:00:23+05:30"
54,80,88,29.7,52.38,1634239853959,"2021-10-15T01:00:53+05:30"
53,78,88,29.7,52.36,1634239885472,"2021-10-15T01:01:25+05:30"
54,79,85,29.69,52.38,1634239917249,"2021-10-15T01:01:57+05:30"
54,79,87,29.69,52.42,1634239947843,"2021-10-15T01:02:27+05:30"
53,78,85,29.69,52.39,1634239978438,"2021-10-15T01:02:58+05:30"
53,80,88,29.68,52.4,1634240009062,"2021-10-15T01:03:29+05:30"
53,79,86,29.68,52.4,1634240040706,"2021-10-15T01:04:00+05:30"
54,79,84,29.67,52.39,1634240071515,"2021-10-15T01:04:31+05:30"
55,79,86,29.68,52.37,1634240102696,"2021-10-15T01:05:02+05:30"
53,79,86,29.68,52.39,1634240133018,"2021-10-15T01:05:33+05:30"
55,79,83,29.67,52.43,1634240164692,"2021-10-15T01:06:04+05:30"
54,76,85,29.66,52.47,1634240195529,"2021-10-15T01:06:35+05:30"
55,77,86,29.66,52.47,1634240226130,"2021-10-15T01:07:06+05:30"
55,80,86,29.67,52.44,1634240256705,"2021-10-15T01:07:36+05:30"
54,78,85,29.66,52.42,1634240287829,"2021-10-15T01:08:07+05:30"
54,79,86,29.66,52.42,1634240318153,"2021-10-15T01:08:38+05:30"
53,75,83,29.66,52.42,1634240348745,"2021-10-15T01:09:08+05:30"
52,75,83,29.66,52.45,1634240379328,"2021-10-15T01:09:39+05:30"
55,76,82,29.66,52.47,1634240409927,"2021-10-15T01:10:09+05:30"
53,76,80,29.66,52.49,1634240440560,"2021-10-15T01:10:40+05:30"
52,74,83,29.65,52.48,1634240471127,"2021-10-15T01:11:11+05:30"
53,78,85,29.65,52.49,1634240501734,"2021-10-15T01:11:41+05:30"
53,79,88,29.66,52.47,1634240532444,"2021-10-15T01:12:12+05:30"
54,80,85,29.66,52.44,1634240562904,"2021-10-15T01:12:42+05:30"
52,78,84,29.66,52.44,1634240593638,"2021-10-15T01:13:13+05:30"
56,83,92,29.65,52.49,1634240624176,"2021-10-15T01:13:44+05:30"
57,84,91,29.65,52.51,1634240654768,"2021-10-15T01:14:14+05:30"
53,77,85,29.65,52.51,1634240685357,"2021-10-15T01:14:45+05:30"
53,80,85,29.65,52.51,1634240715988,"2021-10-15T01:15:15+05:30"
54,78,84,29.64,52.52,1634240746563,"2021-10-15T01:15:46+05:30"
53,78,87,29.64,52.49,1634240777149,"2021-10-15T01:16:17+05:30"
54,74,83,29.65,52.52,1634240807737,"2021-10-15T01:16:47+05:30"
53,79,87,29.64,52.54,1634240838334,"2021-10-15T01:17:18+05:30"
53,77,84,29.64,52.56,1634240868914,"2021-10-15T01:17:48+05:30"
53,78,88,29.63,52.59,1634240899522,"2021-10-15T01:18:19+05:30"
53,76,83,29.63,52.59,1634240930117,"2021-10-15T01:18:50+05:30"
54,78,86,29.63,52.6,1634240960699,"2021-10-15T01:19:20+05:30"
54,78,86,29.63,52.61,1634240991300,"2021-10-15T01:19:51+05:30"
52,76,83,29.63,52.57,1634241020367,"2021-10-15T01:20:20+05:30"
54,78,85,29.63,52.58,1634241052184,"2021-10-15T01:20:52+05:30"
51,76,82,29.64,52.57,1634241082766,"2021-10-15T01:21:22+05:30"
55,79,86,29.64,52.58,1634241113369,"2021-10-15T01:21:53+05:30"
55,78,84,29.63,52.6,1634241144269,"2021-10-15T01:22:24+05:30"
53,77,85,29.63,52.57,1634241174770,"2021-10-15T01:22:54+05:30"
53,75,84,29.63,52.56,1634241205135,"2021-10-15T01:23:25+05:30"
53,78,87,29.63,52.59,1634241236034,"2021-10-15T01:23:56+05:30"
55,79,83,29.63,52.6,1634241266729,"2021-10-15T01:24:26+05:30"
54,76,82,29.63,52.62,1634241297326,"2021-10-15T01:24:57+05:30"
53,77,84,29.63,52.58,1634241327894,"2021-10-15T01:25:27+05:30"
53,77,84,29.63,52.53,1634241358662,"2021-10-15T01:25:58+05:30"
53,77,81,29.63,52.51,1634241389423,"2021-10-15T01:26:29+05:30"
53,79,88,29.62,52.53,1634241420193,"2021-10-15T01:27:00+05:30"
53,78,87,29.62,52.56,1634241451177,"2021-10-15T01:27:31+05:30"
54,77,87,29.61,52.6,1634241482938,"2021-10-15T01:28:02+05:30"
53,78,84,29.62,52.57,1634241512883,"2021-10-15T01:28:32+05:30"
54,79,85,29.62,52.56,1634241543807,"2021-10-15T01:29:03+05:30"
53,74,80,29.62,52.58,1634241574234,"2021-10-15T01:29:34+05:30"
52,75,82,29.61,52.61,1634241605928,"2021-10-15T01:30:05+05:30"
52,76,82,29.61,52.59,1634241636553,"2021-10-15T01:30:36+05:30"
51,76,83,29.61,52.61,1634241667338,"2021-10-15T01:31:07+05:30"
54,78,83,29.6,52.61,1634241698236,"2021-10-15T01:31:38+05:30"
53,77,84,29.61,52.6,1634241729678,"2021-10-15T01:32:09+05:30"
53,78,84,29.6,52.65,1634241760298,"2021-10-15T01:32:40+05:30"
52,75,80,29.6,52.67,1634241791991,"2021-10-15T01:33:11+05:30"
51,76,84,29.6,52.65,1634241823086,"2021-10-15T01:33:43+05:30"
52,76,84,29.59,52.66,1634241853706,"2021-10-15T01:34:13+05:30"
52,76,83,29.59,52.69,1634241884902,"2021-10-15T01:34:44+05:30"
51,75,83,29.59,52.71,1634241915073,"2021-10-15T01:35:15+05:30"
52,75,82,29.58,52.7,1634241945647,"2021-10-15T01:35:45+05:30"
52,78,83,29.57,52.72,1634241976268,"2021-10-15T01:36:16+05:30"
52,76,83,29.58,52.69,1634242006854,"2021-10-15T01:36:46+05:30"
54,78,87,29.58,52.67,1634242037634,"2021-10-15T01:37:17+05:30"
54,78,84,29.58,52.65,1634242068023,"2021-10-15T01:37:48+05:30"
55,81,85,29.58,52.64,1634242099073,"2021-10-15T01:38:19+05:30"
53,77,83,29.57,52.66,1634242130706,"2021-10-15T01:38:50+05:30"
52,75,82,29.57,52.62,1634242161328,"2021-10-15T01:39:21+05:30"
54,76,86,29.57,52.64,1634242191901,"2021-10-15T01:39:51+05:30"
52,77,88,29.58,52.63,1634242222717,"2021-10-15T01:40:22+05:30"
53,75,82,29.57,52.62,1634242253234,"2021-10-15T01:40:53+05:30"
53,78,83,29.58,52.57,1634242284006,"2021-10-15T01:41:24+05:30"
53,77,83,29.58,52.54,1634242314960,"2021-10-15T01:41:54+05:30"
51,74,82,29.58,52.51,1634242345707,"2021-10-15T01:42:25+05:30"
51,77,83,29.58,52.5,1634242377287,"2021-10-15T01:42:57+05:30"
51,76,83,29.58,52.59,1634242407834,"2021-10-15T01:43:27+05:30"
52,77,153,29.58,52.6,1634242449301,"2021-10-15T01:44:09+05:30"