"pm1_0","pm2_5","pm10","temp","humid","createdAt","localtime"
140,221,245,28.21,65.6,1634364302964,"2021-10-16T11:35:02+05:30"
129,208,229,28.43,64.33,1634364333538,"2021-10-16T11:35:33+05:30"
128,205,233,28.71,63.11,1634364364167,"2021-10-16T11:36:04+05:30"
129,203,226,28.97,62.05,1634364394697,"2021-10-16T11:36:34+05:30"
127,202,227,29.2,61.29,1634364425253,"2021-10-16T11:37:05+05:30"
129,203,224,29.37,60.74,1634364457223,"2021-10-16T11:37:37+05:30"
128,202,222,29.51,60.49,1634364486446,"2021-10-16T11:38:06+05:30"
125,199,217,29.61,59.81,1634364517029,"2021-10-16T11:38:37+05:30"
126,202,223,29.71,59.64,1634364547585,"2021-10-16T11:39:07+05:30"
126,201,221,29.79,59.6,1634364578721,"2021-10-16T11:39:38+05:30"
124,198,219,29.87,59.36,1634364608797,"2021-10-16T11:40:08+05:30"
126,198,218,29.92,59.26,1634364639688,"2021-10-16T11:40:39+05:30"
123,194,213,29.97,58.94,1634364669919,"2021-10-16T11:41:09+05:30"
124,194,217,30.01,58.89,1634364700537,"2021-10-16T11:41:40+05:30"
124,198,224,30.06,59.29,1634364731112,"2021-10-16T11:42:11+05:30"
123,194,215,30.1,59.13,1634364761687,"2021-10-16T11:42:41+05:30"
122,193,213,30.13,59.13,1634364792248,"2021-10-16T11:43:12+05:30"
123,193,209,30.15,59.51,1634364822859,"2021-10-16T11:43:42+05:30"
123,195,212,30.17,59.14,1634364853470,"2021-10-16T11:44:13+05:30"
128,199,217,30.2,59.02,1634364884033,"2021-10-16T11:44:44+05:30"
126,199,220,30.2,59.51,1634364914870,"2021-10-16T11:45:14+05:30"
125,200,219,30.23,59.95,1634364945198,"2021-10-16T11:45:45+05:30"
128,204,226,30.26,60.15,1634364975778,"2021-10-16T11:46:15+05:30"
128,205,223,30.28,60.12,1634365006418,"2021-10-16T11:46:46+05:30"
127,202,224,30.32,60.24,1634365036999,"2021-10-16T11:47:16+05:30"
131,205,232,30.34,59.98,1634365067569,"2021-10-16T11:47:47+05:30"
131,209,233,30.38,59.65,1634365098140,"2021-10-16T11:48:18+05:30"
136,214,240,30.45,59.58,1634365128739,"2021-10-16T11:48:48+05:30"
135,218,247,30.46,59.68,1634365159335,"2021-10-16T11:49:19+05:30"
133,212,231,30.54,59.6,1634365183749,"2021-10-16T11:49:43+05:30"
138,219,248,30.64,58.94,1634365214313,"2021-10-16T11:50:14+05:30"
136,220,245,30.74,58.87,1634365245259,"2021-10-16T11:50:45+05:30"
139,226,253,30.76,58.94,1634365275483,"2021-10-16T11:51:15+05:30"
141,228,254,30.8,58.95,1634365306048,"2021-10-16T11:51:46+05:30"
142,227,251,30.79,59.08,1634365336705,"2021-10-16T11:52:16+05:30"
142,230,257,30.77,58.98,1634365367241,"2021-10-16T11:52:47+05:30"
144,230,253,30.73,58.99,1634365397822,"2021-10-16T11:53:17+05:30"
147,237,263,30.7,59.12,1634365428443,"2021-10-16T11:53:48+05:30"
145,232,259,30.73,58.89,1634365459015,"2021-10-16T11:54:19+05:30"
145,235,263,30.76,58.76,1634365489616,"2021-10-16T11:54:49+05:30"
144,235,261,30.81,58.61,1634365520250,"2021-10-16T11:55:20+05:30"
144,232,261,30.84,58.54,1634365550802,"2021-10-16T11:55:50+05:30"
145,235,259,30.85,58.71,1634365581400,"2021-10-16T11:56:21+05:30"
141,228,249,30.84,58.72,1634365611998,"2021-10-16T11:56:51+05:30"
142,225,246,30.86,58.72,1634365642572,"2021-10-16T11:57:22+05:30"
140,225,246,30.85,58.86,1634365673311,"2021-10-16T11:57:53+05:30"
142,226,250,30.84,59.22,1634365703864,"2021-10-16T11:58:23+05:30"
142,227,252,30.83,59.47,1634365734455,"2021-10-16T11:58:54+05:30"
142,222,245,30.86,59.34,1634365765049,"2021-10-16T11:59:25+05:30"
141,225,245,30.87,59.41,1634365795631,"2021-10-16T11:59:55+05:30"
142,226,251,30.85,59.72,1634365826318,"2021-10-16T12:00:26+05:30"
145,235,261,30.81,60.13,1634365856828,"2021-10-16T12:00:56+05:30"
148,245,273,30.83,60.32,1634365887406,"2021-10-16T12:01:27+05:30"
151,245,277,30.84,60.36,1634365918004,"2021-10-16T12:01:58+05:30"
155,247,270,30.83,60.36,1634365948626,"2021-10-16T12:02:28+05:30"
152,244,270,30.8,60.43,1634365979212,"2021-10-16T12:02:59+05:30"
153,247,273,30.77,60.47,1634366009786,"2021-10-16T12:03:29+05:30"
151,248,276,30.72,60.52,1634366040384,"2021-10-16T12:04:00+05:30"
153,246,275,30.71,60.61,1634366070971,"2021-10-16T12:04:30+05:30"
157,250,277,30.74,61.03,1634366093688,"2021-10-16T12:04:53+05:30"
155,251,281,30.77,61.09,1634366124297,"2021-10-16T12:05:24+05:30"
154,249,276,30.8,61.16,1634366154847,"2021-10-16T12:05:54+05:30"
153,248,272,30.81,61.15,1634366185629,"2021-10-16T12:06:25+05:30"
151,245,278,30.79,61.28,1634366216028,"2021-10-16T12:06:56+05:30"
152,242,267,30.78,61.07,1634366246656,"2021-10-16T12:07:26+05:30"
151,245,271,30.79,60.52,1634366277421,"2021-10-16T12:07:57+05:30"
150,245,270,30.77,60.51,1634366308011,"2021-10-16T12:08:28+05:30"
153,247,271,30.8,60.38,1634366338587,"2021-10-16T12:08:58+05:30"
153,247,268,30.83,60.12,1634366369173,"2021-10-16T12:09:29+05:30"
151,246,267,30.84,60.25,1634366399791,"2021-10-16T12:09:59+05:30"
153,244,269,30.82,60.18,1634366430367,"2021-10-16T12:10:30+05:30"
154,247,271,30.79,60.2,1634366460962,"2021-10-16T12:11:00+05:30"
153,244,272,30.79,60.48,1634366491557,"2021-10-16T12:11:31+05:30"
153,246,269,30.81,60.9,1634366522385,"2021-10-16T12:12:02+05:30"
154,247,269,30.82,61.19,1634366552745,"2021-10-16T12:12:32+05:30"
156,256,283,30.82,61.4,1634366583390,"2021-10-16T12:13:03+05:30"
156,257,279,30.82,61.42,1634366613916,"2021-10-16T12:13:33+05:30"
157,256,282,30.83,61.34,1634366644501,"2021-10-16T12:14:04+05:30"
156,255,277,30.78,61.07,1634366675085,"2021-10-16T12:14:35+05:30"
154,253,279,30.74,61.4,1634366706097,"2021-10-16T12:15:06+05:30"
154,254,282,30.73,61.59,1634366736324,"2021-10-16T12:15:36+05:30"
161,256,285,30.71,61.35,1634366766900,"2021-10-16T12:16:06+05:30"
154,249,282,30.72,61.35,1634366797488,"2021-10-16T12:16:37+05:30"
157,254,286,30.7,61.27,1634366828481,"2021-10-16T12:17:08+05:30"
157,251,271,30.67,61.15,1634366862266,"2021-10-16T12:17:42+05:30"
158,253,276,30.65,61.41,1634366889310,"2021-10-16T12:18:09+05:30"
159,256,282,30.64,62.18,1634366919861,"2021-10-16T12:18:39+05:30"
152,248,278,30.66,62.41,1634366950442,"2021-10-16T12:19:10+05:30"
158,254,283,30.66,62.86,1634366985906,"2021-10-16T12:19:45+05:30"
156,257,285,30.66,62.91,1634367002798,"2021-10-16T12:20:02+05:30"
157,250,275,30.68,62.82,1634367033383,"2021-10-16T12:20:33+05:30"
158,255,282,30.7,62.77,1634367063971,"2021-10-16T12:21:03+05:30"
159,259,296,30.72,62.63,1634367094569,"2021-10-16T12:21:34+05:30"
159,258,280,30.75,62.59,1634367125153,"2021-10-16T12:22:05+05:30"
157,259,286,30.75,62.63,1634367155752,"2021-10-16T12:22:35+05:30"
162,258,282,30.77,62.41,1634367186344,"2021-10-16T12:23:06+05:30"
160,263,296,30.8,62.16,1634367217324,"2021-10-16T12:23:37+05:30"
160,259,279,30.83,62.13,1634367247539,"2021-10-16T12:24:07+05:30"
164,262,289,30.79,61.85,1634367278135,"2021-10-16T12:24:38+05:30"
161,263,288,30.76,61.81,1634367308736,"2021-10-16T12:25:08+05:30"
161,265,295,30.69,62.13,1634367339329,"2021-10-16T12:25:39+05:30"
165,264,297,30.71,62.59,1634367371142,"2021-10-16T12:26:11+05:30"
162,261,289,30.75,62.77,1634367400497,"2021-10-16T12:26:40+05:30"
164,265,298,30.75,62.72,1634367431116,"2021-10-16T12:27:11+05:30"
161,262,290,30.73,62.71,1634367461712,"2021-10-16T12:27:41+05:30"
164,263,291,30.68,62.76,1634367492287,"2021-10-16T12:28:12+05:30"
161,264,299,30.64,62.98,1634367522877,"2021-10-16T12:28:42+05:30"
163,264,293,30.61,63.24,1634367553472,"2021-10-16T12:29:13+05:30"
163,259,290,30.66,63.35,1634367584347,"2021-10-16T12:29:44+05:30"
159,255,288,30.72,63.11,1634367614682,"2021-10-16T12:30:14+05:30"
160,260,288,30.76,62.97,1634367645258,"2021-10-16T12:30:45+05:30"
161,262,289,30.74,63.11,1634367675847,"2021-10-16T12:31:15+05:30"
159,255,282,30.71,63.08,1634367706533,"2021-10-16T12:31:46+05:30"
163,266,294,30.68,62.93,1634367727331,"2021-10-16T12:32:07+05:30"
160,258,289,30.68,62.62,1634367757918,"2021-10-16T12:32:37+05:30"
164,266,291,30.66,62.52,1634367788501,"2021-10-16T12:33:08+05:30"
166,268,287,30.66,62.29,1634367819082,"2021-10-16T12:33:39+05:30"
166,268,294,30.67,62.48,1634367849674,"2021-10-16T12:34:09+05:30"
170,271,302,30.66,62.89,1634367908156,"2021-10-16T12:35:08+05:30"
167,266,292,30.69,62.93,1634367938777,"2021-10-16T12:35:38+05:30"
166,270,302,30.72,62.92,1634367969308,"2021-10-16T12:36:09+05:30"
169,273,308,30.7,63.16,1634367999921,"2021-10-16T12:36:39+05:30"
170,280,309,30.73,63.19,1634368030480,"2021-10-16T12:37:10+05:30"
174,278,314,30.74,63.22,1634368061082,"2021-10-16T12:37:41+05:30"
174,287,327,30.7,63.24,1634368091663,"2021-10-16T12:38:11+05:30"
175,286,316,30.71,63.16,1634368122263,"2021-10-16T12:38:42+05:30"
177,292,319,30.71,62.99,1634368152848,"2021-10-16T12:39:12+05:30"
170,280,312,30.74,62.76,1634368183441,"2021-10-16T12:39:43+05:30"
173,285,321,30.77,62.24,1634368214042,"2021-10-16T12:40:14+05:30"
170,276,306,30.79,61.9,1634368244634,"2021-10-16T12:40:44+05:30"
172,276,304,30.77,61.57,1634368275325,"2021-10-16T12:41:15+05:30"
167,271,306,30.75,61.39,1634368305904,"2021-10-16T12:41:45+05:30"
163,262,293,30.72,61.07,1634368336504,"2021-10-16T12:42:16+05:30"
159,255,281,30.71,61.1,1634368367114,"2021-10-16T12:42:47+05:30"
160,257,283,30.7,61.04,1634368397684,"2021-10-16T12:43:17+05:30"
160,250,270,30.7,60.95,1634368428534,"2021-10-16T12:43:48+05:30"
156,249,272,30.72,60.64,1634368459425,"2021-10-16T12:44:19+05:30"
154,247,274,30.71,60.72,1634368489491,"2021-10-16T12:44:49+05:30"
156,250,280,30.69,60.59,1634368520077,"2021-10-16T12:45:20+05:30"
152,239,269,30.67,60.48,1634368550654,"2021-10-16T12:45:50+05:30"
149,241,264,30.66,60.38,1634368581243,"2021-10-16T12:46:21+05:30"
152,242,266,30.65,60.32,1634368611846,"2021-10-16T12:46:51+05:30"
150,239,265,30.63,60.3,1634368642444,"2021-10-16T12:47:22+05:30"
151,239,266,30.63,60.58,1634368673063,"2021-10-16T12:47:53+05:30"
146,234,258,30.61,60.79,1634368704068,"2021-10-16T12:48:24+05:30"
147,233,256,30.61,60.84,1634368724835,"2021-10-16T12:48:44+05:30"
145,229,252,30.64,60.7,1634368755483,"2021-10-16T12:49:15+05:30"
144,227,247,30.67,60.44,1634368787629,"2021-10-16T12:49:47+05:30"
143,228,250,30.68,60.02,1634368818193,"2021-10-16T12:50:18+05:30"
145,230,253,30.67,59.72,1634368848790,"2021-10-16T12:50:48+05:30"
145,226,251,30.65,59.63,1634368879493,"2021-10-16T12:51:19+05:30"
143,230,253,30.64,59.6,1634368909981,"2021-10-16T12:51:49+05:30"
142,221,245,30.59,59.81,1634368940564,"2021-10-16T12:52:20+05:30"
143,228,250,30.56,59.67,1634368971137,"2021-10-16T12:52:51+05:30"
143,223,248,30.55,60.32,1634369001721,"2021-10-16T12:53:21+05:30"
144,228,253,30.54,60.74,1634369032323,"2021-10-16T12:53:52+05:30"
143,227,250,30.57,60.91,1634369062976,"2021-10-16T12:54:22+05:30"
144,225,242,30.6,60.93,1634369093511,"2021-10-16T12:54:53+05:30"
143,230,252,30.61,60.72,1634369125221,"2021-10-16T12:55:25+05:30"
143,222,245,30.62,60.65,1634369154690,"2021-10-16T12:55:54+05:30"
140,225,249,30.61,60.74,1634369185273,"2021-10-16T12:56:25+05:30"
143,226,252,30.62,60.85,1634369216020,"2021-10-16T12:56:56+05:30"
148,230,251,30.6,60.69,1634369246491,"2021-10-16T12:57:26+05:30"
153,235,255,30.56,60.72,1634369277642,"2021-10-16T12:57:57+05:30"
149,234,258,30.55,60.83,1634369307940,"2021-10-16T12:58:27+05:30"
148,232,258,30.54,60.87,1634369339083,"2021-10-16T12:58:59+05:30"
151,237,256,30.52,60.9,1634369369096,"2021-10-16T12:59:29+05:30"
152,236,255,30.51,60.54,1634369399774,"2021-10-16T12:59:59+05:30"
150,237,256,30.51,60.19,1634369430316,"2021-10-16T13:00:30+05:30"
144,231,254,30.52,60.08,1634369460889,"2021-10-16T13:01:00+05:30"
145,226,249,30.52,59.95,1634369491473,"2021-10-16T13:01:31+05:30"
147,233,254,30.54,59.81,1634369522060,"2021-10-16T13:02:02+05:30"
147,234,262,30.54,59.92,1634369553085,"2021-10-16T13:02:33+05:30"
146,230,251,30.54,59.94,1634369573308,"2021-10-16T13:02:53+05:30"
145,236,258,30.53,60.03,1634369603854,"2021-10-16T13:03:23+05:30"
147,234,254,30.53,60.03,1634369634434,"2021-10-16T13:03:54+05:30"
144,227,255,30.53,60.36,1634369665025,"2021-10-16T13:04:25+05:30"
147,231,251,30.52,60.74,1634369695238,"2021-10-16T13:04:55+05:30"
146,232,260,30.52,61.08,1634369725819,"2021-10-16T13:05:25+05:30"
149,236,262,30.5,61.42,1634369756402,"2021-10-16T13:05:56+05:30"
147,229,248,30.5,61.17,1634369787309,"2021-10-16T13:06:27+05:30"
147,237,260,30.5,60.99,1634369818551,"2021-10-16T13:06:58+05:30"
148,239,267,30.53,60.83,1634369848991,"2021-10-16T13:07:28+05:30"
149,238,260,30.54,60.66,1634369878728,"2021-10-16T13:07:58+05:30"
150,239,262,30.54,60.32,1634369909344,"2021-10-16T13:08:29+05:30"
155,243,267,30.54,59.97,1634369939938,"2021-10-16T13:08:59+05:30"
150,241,268,30.55,60.09,1634369970511,"2021-10-16T13:09:30+05:30"
148,240,266,30.54,60.11,1634370001123,"2021-10-16T13:10:01+05:30"
153,249,277,30.54,60.23,1634370032182,"2021-10-16T13:10:32+05:30"
149,241,265,30.54,60.25,1634370062364,"2021-10-16T13:11:02+05:30"
153,245,272,30.54,60.32,1634370092877,"2021-10-16T13:11:32+05:30"
153,242,263,30.54,60.41,1634370123481,"2021-10-16T13:12:03+05:30"
153,248,268,30.54,60.53,1634370154062,"2021-10-16T13:12:34+05:30"
155,246,273,30.56,60.65,1634370184676,"2021-10-16T13:13:04+05:30"
153,246,272,30.6,60.51,1634370215262,"2021-10-16T13:13:35+05:30"
154,245,270,30.63,60.38,1634370245848,"2021-10-16T13:14:05+05:30"
156,250,275,30.66,60.27,1634370276455,"2021-10-16T13:14:36+05:30"
155,248,280,30.66,60.18,1634370307050,"2021-10-16T13:15:07+05:30"
158,252,279,30.64,60.26,1634370337635,"2021-10-16T13:15:37+05:30"
158,247,276,30.64,60.18,1634370368236,"2021-10-16T13:16:08+05:30"
163,261,292,30.64,59.61,1634370398837,"2021-10-16T13:16:38+05:30"
166,269,297,30.65,58.88,1634370429415,"2021-10-16T13:17:09+05:30"
167,271,300,30.66,58.41,1634370460019,"2021-10-16T13:17:40+05:30"
165,272,299,30.66,58.8,1634370491238,"2021-10-16T13:18:11+05:30"
169,278,307,30.65,59.23,1634370521625,"2021-10-16T13:18:41+05:30"
168,267,293,30.65,59.84,1634370541898,"2021-10-16T13:19:01+05:30"
167,271,300,30.64,60.21,1634370572565,"2021-10-16T13:19:32+05:30"
165,267,301,30.64,60.84,1634370607668,"2021-10-16T13:20:07+05:30"
162,266,296,30.63,61.39,1634370638244,"2021-10-16T13:20:38+05:30"
164,271,300,30.62,61.55,1634370669854,"2021-10-16T13:21:09+05:30"
164,264,291,30.61,61.66,1634370699429,"2021-10-16T13:21:39+05:30"
163,268,292,30.6,61.47,1634370729989,"2021-10-16T13:22:09+05:30"
159,257,286,30.61,61.43,1634370760583,"2021-10-16T13:22:40+05:30"
158,257,282,30.6,61.26,1634370791217,"2021-10-16T13:23:11+05:30"
157,248,273,30.6,61.33,1634370821773,"2021-10-16T13:23:41+05:30"
155,245,271,30.59,61.53,1634370852365,"2021-10-16T13:24:12+05:30"
155,252,280,30.58,61.52,1634370882953,"2021-10-16T13:24:42+05:30"
153,241,273,30.59,61.36,1634370913593,"2021-10-16T13:25:13+05:30"
152,245,270,30.59,61.08,1634370944178,"2021-10-16T13:25:44+05:30"
153,241,267,30.6,60.77,1634370974733,"2021-10-16T13:26:14+05:30"
153,245,272,30.6,60.64,1634371005335,"2021-10-16T13:26:45+05:30"
151,244,269,30.59,60.51,1634371035941,"2021-10-16T13:27:15+05:30"
148,240,262,30.56,60.32,1634371066589,"2021-10-16T13:27:46+05:30"
149,242,264,30.52,60,1634371097136,"2021-10-16T13:28:17+05:30"
150,237,266,30.49,60.1,1634371128105,"2021-10-16T13:28:48+05:30"
147,231,259,30.5,60.5,1634371148082,"2021-10-16T13:29:08+05:30"
147,235,262,30.5,60.52,1634371178674,"2021-10-16T13:29:38+05:30"
148,233,256,30.51,60.66,1634371209885,"2021-10-16T13:30:09+05:30"
148,233,258,30.52,60.77,1634371239985,"2021-10-16T13:30:39+05:30"
144,234,260,30.54,60.85,1634371270446,"2021-10-16T13:31:10+05:30"
148,235,262,30.58,60.79,1634371301015,"2021-10-16T13:31:41+05:30"
147,238,259,30.59,60.6,1634371331615,"2021-10-16T13:32:11+05:30"
148,236,254,30.62,60.29,1634371362188,"2021-10-16T13:32:42+05:30"
147,236,262,30.65,60.37,1634371392781,"2021-10-16T13:33:12+05:30"
142,228,251,30.66,60.65,1634371423360,"2021-10-16T13:33:43+05:30"
143,226,248,30.67,60.78,1634371453968,"2021-10-16T13:34:13+05:30"
142,228,251,30.68,60.82,1634371487761,"2021-10-16T13:34:47+05:30"
143,231,254,30.66,60.58,1634371518329,"2021-10-16T13:35:18+05:30"
143,230,253,30.64,60.52,1634371549847,"2021-10-16T13:35:49+05:30"
141,224,245,30.62,60.77,1634371580509,"2021-10-16T13:36:20+05:30"
142,224,245,30.61,60.82,1634371610103,"2021-10-16T13:36:50+05:30"
140,223,245,30.6,60.79,1634371640699,"2021-10-16T13:37:20+05:30"
141,224,249,30.6,60.98,1634371671275,"2021-10-16T13:37:51+05:30"
143,224,247,30.6,60.61,1634371701862,"2021-10-16T13:38:21+05:30"
141,219,242,30.6,60.47,1634371732463,"2021-10-16T13:38:52+05:30"
141,228,253,30.59,60.79,1634371763055,"2021-10-16T13:39:23+05:30"
144,225,243,30.59,60.88,1634371793653,"2021-10-16T13:39:53+05:30"
141,225,247,30.59,61,1634371824766,"2021-10-16T13:40:24+05:30"
139,224,248,30.6,61.24,1634371845146,"2021-10-16T13:40:45+05:30"
141,226,249,30.6,61.43,1634371875658,"2021-10-16T13:41:15+05:30"
141,223,243,30.61,61.35,1634371906223,"2021-10-16T13:41:46+05:30"
141,226,252,30.6,61.07,1634371936832,"2021-10-16T13:42:16+05:30"
140,227,252,30.6,60.92,1634371967425,"2021-10-16T13:42:47+05:30"
143,230,254,30.6,60.82,1634371998014,"2021-10-16T13:43:18+05:30"
142,229,256,30.61,60.94,1634372028616,"2021-10-16T13:43:48+05:30"
143,230,252,30.61,61.2,1634372059201,"2021-10-16T13:44:19+05:30"
148,234,261,30.6,61.42,1634372089801,"2021-10-16T13:44:49+05:30"
150,239,267,30.59,61.46,1634372120395,"2021-10-16T13:45:20+05:30"
150,236,263,30.59,61.38,1634372150986,"2021-10-16T13:45:50+05:30"
150,236,261,30.61,61.35,1634372181666,"2021-10-16T13:46:21+05:30"
151,239,262,30.65,61.13,1634372212618,"2021-10-16T13:46:52+05:30"
153,246,271,30.69,60.63,1634372242760,"2021-10-16T13:47:22+05:30"
154,244,270,30.7,60.55,1634372273455,"2021-10-16T13:47:53+05:30"
156,243,269,30.7,60.52,1634372304035,"2021-10-16T13:48:24+05:30"
157,245,270,30.7,60.68,1634372335548,"2021-10-16T13:48:55+05:30"
156,246,268,30.68,60.85,1634372365219,"2021-10-16T13:49:25+05:30"
157,250,280,30.68,60.84,1634372390152,"2021-10-16T13:49:50+05:30"
158,254,278,30.68,60.76,1634372420763,"2021-10-16T13:50:20+05:30"
163,265,301,30.68,60.45,1634372451338,"2021-10-16T13:50:51+05:30"
167,267,296,30.69,60.55,1634372481936,"2021-10-16T13:51:21+05:30"
163,262,289,30.68,60.48,1634372512531,"2021-10-16T13:51:52+05:30"
165,260,290,30.67,60.35,1634372543105,"2021-10-16T13:52:23+05:30"
165,263,289,30.67,60.27,1634372573683,"2021-10-16T13:52:53+05:30"
166,261,289,30.66,59.74,1634372604272,"2021-10-16T13:53:24+05:30"
163,264,291,30.63,59.64,1634372634874,"2021-10-16T13:53:54+05:30"
160,260,291,30.6,60.01,1634372665463,"2021-10-16T13:54:25+05:30"
161,253,277,30.56,60.28,1634372696070,"2021-10-16T13:54:56+05:30"
159,254,277,30.52,60.72,1634372726643,"2021-10-16T13:55:26+05:30"
156,251,280,30.51,61.05,1634372757351,"2021-10-16T13:55:57+05:30"
155,248,274,30.53,61.43,1634372788414,"2021-10-16T13:56:28+05:30"
151,245,272,30.52,61.2,1634372818445,"2021-10-16T13:56:58+05:30"
151,242,262,30.51,61.1,1634372849528,"2021-10-16T13:57:29+05:30"
152,239,259,30.53,61.14,1634372879621,"2021-10-16T13:57:59+05:30"
148,236,262,30.51,60.88,1634372910228,"2021-10-16T13:58:30+05:30"
147,234,261,30.49,60.71,1634372940802,"2021-10-16T13:59:00+05:30"
147,231,256,30.47,60.49,1634372972426,"2021-10-16T13:59:32+05:30"
144,223,251,30.45,60.36,1634373001988,"2021-10-16T14:00:01+05:30"
144,228,256,30.43,60.4,1634373032578,"2021-10-16T14:00:32+05:30"
143,228,249,30.42,60.66,1634373063167,"2021-10-16T14:01:03+05:30"
144,223,248,30.46,60.95,1634373094054,"2021-10-16T14:01:34+05:30"
145,228,254,30.49,60.88,1634373124403,"2021-10-16T14:02:04+05:30"
144,230,249,30.51,60.91,1634373154948,"2021-10-16T14:02:34+05:30"
146,231,257,30.54,61.11,1634373185544,"2021-10-16T14:03:05+05:30"
145,227,249,30.57,61.34,1634373216139,"2021-10-16T14:03:36+05:30"
146,227,248,30.57,61.49,1634373246734,"2021-10-16T14:04:06+05:30"
142,224,245,30.56,61.32,1634373277681,"2021-10-16T14:04:37+05:30"
142,223,246,30.56,61.24,1634373299113,"2021-10-16T14:04:59+05:30"
141,221,246,30.55,61.32,1634373329255,"2021-10-16T14:05:29+05:30"
142,217,246,30.54,61.21,1634373359827,"2021-10-16T14:05:59+05:30"
138,220,236,30.54,60.99,1634373390491,"2021-10-16T14:06:30+05:30"
137,218,238,30.51,60.71,1634373421058,"2021-10-16T14:07:01+05:30"
139,215,235,30.49,60.52,1634373451667,"2021-10-16T14:07:31+05:30"
136,215,239,30.46,60.57,1634373482243,"2021-10-16T14:08:02+05:30"
137,209,228,30.43,60.52,1634373512838,"2021-10-16T14:08:32+05:30"
135,211,236,30.4,60.68,1634373543440,"2021-10-16T14:09:03+05:30"
137,216,237,30.38,60.92,1634373574024,"2021-10-16T14:09:34+05:30"
135,216,237,30.37,61.08,1634373604697,"2021-10-16T14:10:04+05:30"
134,212,235,30.36,61.15,1634373635283,"2021-10-16T14:10:35+05:30"
136,214,237,30.37,61.25,1634373665872,"2021-10-16T14:11:05+05:30"
136,214,233,30.37,61.36,1634373696444,"2021-10-16T14:11:36+05:30"
133,210,228,30.36,61.26,1634373727056,"2021-10-16T14:12:07+05:30"
134,213,232,30.35,61.43,1634373757650,"2021-10-16T14:12:37+05:30"
135,211,228,30.34,61.66,1634373788233,"2021-10-16T14:13:08+05:30"
139,218,237,30.34,61.8,1634373818826,"2021-10-16T14:13:38+05:30"
142,223,248,30.35,61.53,1634373849420,"2021-10-16T14:14:09+05:30"
139,219,236,30.35,61.32,1634373880020,"2021-10-16T14:14:40+05:30"
139,219,236,30.35,61.32,1634373882250,"2021-10-16T14:14:42+05:30"
139,219,236,30.35,61.32,1634373895451,"2021-10-16T14:14:55+05:30"
136,214,235,30.36,61.01,1634373910695,"2021-10-16T14:15:10+05:30"
138,217,239,30.38,60.3,1634373941262,"2021-10-16T14:15:41+05:30"
141,219,243,30.39,59.91,1634373971802,"2021-10-16T14:16:11+05:30"
140,218,244,30.4,59.99,1634374002409,"2021-10-16T14:16:42+05:30"
140,220,248,30.42,60.13,1634374032980,"2021-10-16T14:17:12+05:30"
140,221,245,30.44,60.36,1634374063609,"2021-10-16T14:17:43+05:30"
141,221,249,30.46,60.55,1634374094172,"2021-10-16T14:18:14+05:30"
140,224,246,30.46,60.71,1634374124764,"2021-10-16T14:18:44+05:30"
140,226,243,30.46,60.69,1634374155979,"2021-10-16T14:19:15+05:30"
142,221,243,30.47,60.8,1634374188433,"2021-10-16T14:19:48+05:30"
141,219,241,30.49,60.72,1634374207621,"2021-10-16T14:20:07+05:30"
137,214,235,30.5,60.67,1634374238218,"2021-10-16T14:20:38+05:30"
137,217,238,30.5,60.66,1634374268815,"2021-10-16T14:21:08+05:30"
135,212,244,30.49,60.87,1634374299410,"2021-10-16T14:21:39+05:30"
138,211,233,30.5,60.96,1634374330005,"2021-10-16T14:22:10+05:30"
136,212,235,30.52,60.9,1634374360606,"2021-10-16T14:22:40+05:30"
134,210,232,30.52,60.86,1634374391186,"2021-10-16T14:23:11+05:30"
136,213,240,30.52,60.87,1634374421822,"2021-10-16T14:23:41+05:30"
135,212,234,30.52,60.78,1634374452369,"2021-10-16T14:24:12+05:30"
135,212,236,30.52,60.79,1634374482968,"2021-10-16T14:24:42+05:30"
133,209,229,30.52,60.67,1634374513585,"2021-10-16T14:25:13+05:30"
133,212,238,30.51,60.71,1634374544161,"2021-10-16T14:25:44+05:30"
132,209,228,30.51,60.85,1634374574760,"2021-10-16T14:26:14+05:30"
133,211,229,30.53,60.84,1634374605339,"2021-10-16T14:26:45+05:30"
133,208,226,30.54,60.89,1634374635931,"2021-10-16T14:27:15+05:30"
143,221,241,30.53,60.91,1634374666522,"2021-10-16T14:27:46+05:30"
143,232,255,30.53,61.26,1634374697180,"2021-10-16T14:28:17+05:30"
144,234,263,30.54,61.35,1634374727894,"2021-10-16T14:28:47+05:30"
148,233,262,30.53,61.53,1634374758307,"2021-10-16T14:29:18+05:30"
147,236,260,30.53,61.8,1634374788907,"2021-10-16T14:29:48+05:30"
155,244,272,30.51,62.03,1634374820440,"2021-10-16T14:30:20+05:30"
156,248,278,30.52,61.98,1634374850106,"2021-10-16T14:30:50+05:30"
157,251,283,30.5,61.82,1634374880723,"2021-10-16T14:31:20+05:30"
160,250,283,30.48,62.08,1634374911288,"2021-10-16T14:31:51+05:30"
160,255,286,30.47,62.12,1634374941879,"2021-10-16T14:32:21+05:30"
157,251,281,30.46,62.05,1634374972670,"2021-10-16T14:32:52+05:30"
157,245,273,30.46,62.16,1634375003155,"2021-10-16T14:33:23+05:30"
155,247,274,30.47,62.4,1634375033740,"2021-10-16T14:33:53+05:30"
153,247,274,30.48,62.44,1634375064323,"2021-10-16T14:34:24+05:30"
152,241,266,30.48,62.46,1634375088342,"2021-10-16T14:34:48+05:30"
154,244,267,30.48,62.64,1634375119011,"2021-10-16T14:35:19+05:30"
155,248,270,30.47,62.67,1634375149526,"2021-10-16T14:35:49+05:30"
154,241,272,30.44,62.46,1634375180120,"2021-10-16T14:36:20+05:30"
153,240,263,30.43,62.33,1634375210711,"2021-10-16T14:36:50+05:30"
147,231,257,30.39,62.36,1634375241307,"2021-10-16T14:37:21+05:30"
149,232,255,30.38,62.33,1634375271924,"2021-10-16T14:37:51+05:30"
148,229,249,30.37,62.36,1634375303387,"2021-10-16T14:38:23+05:30"
145,233,254,30.37,62.16,1634375333135,"2021-10-16T14:38:53+05:30"
146,232,256,30.36,62.2,1634375363681,"2021-10-16T14:39:23+05:30"
145,227,254,30.33,62.28,1634375394339,"2021-10-16T14:39:54+05:30"
143,231,256,30.32,62.35,1634375424865,"2021-10-16T14:40:24+05:30"
143,226,253,30.33,62.08,1634375455757,"2021-10-16T14:40:55+05:30"
146,225,250,30.32,61.97,1634375486121,"2021-10-16T14:41:26+05:30"
145,225,249,30.31,62.19,1634375516664,"2021-10-16T14:41:56+05:30"
144,227,248,30.31,62.38,1634375547248,"2021-10-16T14:42:27+05:30"
147,228,252,30.3,62.43,1634375577916,"2021-10-16T14:42:57+05:30"
150,228,248,30.3,62.5,1634375608620,"2021-10-16T14:43:28+05:30"
147,232,258,30.29,62.57,1634375639506,"2021-10-16T14:43:59+05:30"
147,229,255,30.28,62.64,1634375669700,"2021-10-16T14:44:29+05:30"
145,229,255,30.27,62.77,1634375700296,"2021-10-16T14:45:00+05:30"
143,228,250,30.28,62.81,1634375731317,"2021-10-16T14:45:31+05:30"
143,225,254,30.29,63.03,1634375751403,"2021-10-16T14:45:51+05:30"
143,228,253,30.3,63.2,1634375781994,"2021-10-16T14:46:21+05:30"
145,226,251,30.32,63.39,1634375812585,"2021-10-16T14:46:52+05:30"
141,219,241,30.36,63.68,1634375843175,"2021-10-16T14:47:23+05:30"
143,228,252,30.4,63.85,1634375873782,"2021-10-16T14:47:53+05:30"
141,227,252,30.44,64.05,1634375904449,"2021-10-16T14:48:24+05:30"
142,225,247,30.47,64.08,1634375935060,"2021-10-16T14:48:55+05:30"
141,227,253,30.49,64.1,1634375965630,"2021-10-16T14:49:25+05:30"
141,224,246,30.52,63.94,1634375992730,"2021-10-16T14:49:52+05:30"
143,224,244,30.51,63.8,1634376023325,"2021-10-16T14:50:23+05:30"
143,224,244,30.51,63.8,1634376025421,"2021-10-16T14:50:25+05:30"
143,224,244,30.51,63.8,1634376027580,"2021-10-16T14:50:27+05:30"
140,219,244,30.51,63.3,1634376081212,"2021-10-16T14:51:21+05:30"
138,221,245,30.53,63.08,1634376102673,"2021-10-16T14:51:42+05:30"
138,221,245,30.53,63.08,1634376103468,"2021-10-16T14:51:43+05:30"
138,221,245,30.53,63.08,1634376104831,"2021-10-16T14:51:44+05:30"
140,222,244,30.52,62.89,1634376122287,"2021-10-16T14:52:02+05:30"
138,218,241,30.51,62.9,1634376152902,"2021-10-16T14:52:32+05:30"
138,218,241,30.51,62.9,1634376159160,"2021-10-16T14:52:39+05:30"
138,218,241,30.51,62.9,1634376160989,"2021-10-16T14:52:40+05:30"
138,218,241,30.51,62.9,1634376163165,"2021-10-16T14:52:43+05:30"
138,218,241,30.51,62.9,1634376164358,"2021-10-16T14:52:44+05:30"
139,221,247,30.49,62.94,1634376183969,"2021-10-16T14:53:03+05:30"
140,222,244,30.47,62.95,1634376214776,"2021-10-16T14:53:34+05:30"
139,217,238,30.47,62.9,1634376235524,"2021-10-16T14:53:55+05:30"
138,218,238,30.47,62.96,1634376265995,"2021-10-16T14:54:25+05:30"
140,217,240,30.47,62.96,1634376296573,"2021-10-16T14:54:56+05:30"
138,215,239,30.48,63.15,1634376327166,"2021-10-16T14:55:27+05:30"
138,219,246,30.49,63.2,1634376357760,"2021-10-16T14:55:57+05:30"
138,217,242,30.5,63.2,1634376388389,"2021-10-16T14:56:28+05:30"
136,212,229,30.53,63.07,1634376418960,"2021-10-16T14:56:58+05:30"
136,213,232,30.53,62.97,1634376449959,"2021-10-16T14:57:29+05:30"
137,208,229,30.53,63.12,1634376480162,"2021-10-16T14:58:00+05:30"
137,217,237,30.5,63.81,1634376511020,"2021-10-16T14:58:31+05:30"
138,217,241,30.49,63.72,1634376541334,"2021-10-16T14:59:01+05:30"
137,214,236,30.52,63.61,1634376571915,"2021-10-16T14:59:31+05:30"
137,215,235,30.53,63.68,1634376602510,"2021-10-16T15:00:02+05:30"
140,216,237,30.53,63.67,1634376633114,"2021-10-16T15:00:33+05:30"
138,220,244,30.51,63.66,1634376663707,"2021-10-16T15:01:03+05:30"
140,222,247,30.49,63.6,1634376694586,"2021-10-16T15:01:34+05:30"
141,222,247,30.47,63.56,1634376724889,"2021-10-16T15:02:04+05:30"
141,228,253,30.46,63.41,1634376755471,"2021-10-16T15:02:35+05:30"
143,226,252,30.46,63.21,1634376786074,"2021-10-16T15:03:06+05:30"
145,224,246,30.45,63.08,1634376816674,"2021-10-16T15:03:36+05:30"
145,223,249,30.46,62.9,1634376847781,"2021-10-16T15:04:07+05:30"
141,224,246,30.45,63.06,1634376878144,"2021-10-16T15:04:38+05:30"
140,220,244,30.43,63.05,1634376908757,"2021-10-16T15:05:08+05:30"
137,211,233,30.44,63.25,1634376939313,"2021-10-16T15:05:39+05:30"
138,214,233,30.46,63.28,1634376969895,"2021-10-16T15:06:09+05:30"
136,216,235,30.47,63.41,1634377000963,"2021-10-16T15:06:40+05:30"
140,218,243,30.48,63.36,1634377031536,"2021-10-16T15:07:11+05:30"
138,216,243,30.49,63.21,1634377062177,"2021-10-16T15:07:42+05:30"
137,214,237,30.51,62.97,1634377092723,"2021-10-16T15:08:12+05:30"
134,220,244,30.53,62.94,1634377123320,"2021-10-16T15:08:43+05:30"
135,213,233,30.53,62.99,1634377153919,"2021-10-16T15:09:13+05:30"
137,215,233,30.54,62.96,1634377184666,"2021-10-16T15:09:44+05:30"
138,215,234,30.55,63.03,1634377215099,"2021-10-16T15:10:15+05:30"
134,212,236,30.57,63.05,1634377245696,"2021-10-16T15:10:45+05:30"
135,213,236,30.59,63.08,1634377276626,"2021-10-16T15:11:16+05:30"
134,215,234,30.59,63.17,1634377306975,"2021-10-16T15:11:46+05:30"
132,211,228,30.63,63.21,1634377337565,"2021-10-16T15:12:17+05:30"
132,214,236,30.63,63.26,1634377368154,"2021-10-16T15:12:48+05:30"
134,209,232,30.64,63.19,1634377399201,"2021-10-16T15:13:19+05:30"
134,211,231,30.63,62.92,1634377419592,"2021-10-16T15:13:39+05:30"
135,214,231,30.62,62.9,1634377450239,"2021-10-16T15:14:10+05:30"
134,207,232,30.61,62.84,1634377480778,"2021-10-16T15:14:40+05:30"
134,213,231,30.6,62.72,1634377511521,"2021-10-16T15:15:11+05:30"
134,210,230,30.61,62.71,1634377541978,"2021-10-16T15:15:41+05:30"
133,210,234,30.6,62.68,1634377572562,"2021-10-16T15:16:12+05:30"
133,209,228,30.59,62.62,1634377603158,"2021-10-16T15:16:43+05:30"
135,213,230,30.59,62.67,1634377633844,"2021-10-16T15:17:13+05:30"
135,214,237,30.56,62.7,1634377664361,"2021-10-16T15:17:44+05:30"
135,216,233,30.53,62.6,1634377694932,"2021-10-16T15:18:14+05:30"
134,212,230,30.52,62.6,1634377725538,"2021-10-16T15:18:45+05:30"
133,214,231,30.51,62.62,1634377756124,"2021-10-16T15:19:16+05:30"
133,211,233,30.51,62.75,1634377786753,"2021-10-16T15:19:46+05:30"
138,215,232,30.5,62.78,1634377817335,"2021-10-16T15:20:17+05:30"
135,212,235,30.49,62.76,1634377847901,"2021-10-16T15:20:47+05:30"
135,211,230,30.49,62.47,1634377884481,"2021-10-16T15:21:24+05:30"
140,218,240,30.49,62.39,1634377915060,"2021-10-16T15:21:55+05:30"
135,212,229,30.48,62.36,1634377945730,"2021-10-16T15:22:25+05:30"
136,213,235,30.47,62.51,1634377976614,"2021-10-16T15:22:56+05:30"
135,211,234,30.48,62.49,1634377997812,"2021-10-16T15:23:17+05:30"
134,210,233,30.5,62.4,1634378027954,"2021-10-16T15:23:47+05:30"
135,208,227,30.51,62.31,1634378058551,"2021-10-16T15:24:18+05:30"
134,213,231,30.55,62.36,1634378089345,"2021-10-16T15:24:49+05:30"
135,213,233,30.57,62.34,1634378119929,"2021-10-16T15:25:19+05:30"
134,215,232,30.56,62.14,1634378151026,"2021-10-16T15:25:51+05:30"
134,209,230,30.53,62,1634378181159,"2021-10-16T15:26:21+05:30"
136,214,236,30.51,61.81,1634378211721,"2021-10-16T15:26:51+05:30"
137,213,237,30.49,61.72,1634378242367,"2021-10-16T15:27:22+05:30"
135,210,229,30.48,61.52,1634378272879,"2021-10-16T15:27:52+05:30"
134,210,234,30.49,61.32,1634378303467,"2021-10-16T15:28:23+05:30"
137,213,236,30.48,61.66,1634378334051,"2021-10-16T15:28:54+05:30"
140,215,237,30.47,61.84,1634378364644,"2021-10-16T15:29:24+05:30"
139,216,237,30.47,61.9,1634378395457,"2021-10-16T15:29:55+05:30"
136,217,238,30.47,61.97,1634378425882,"2021-10-16T15:30:25+05:30"
139,220,240,30.46,62.06,1634378456435,"2021-10-16T15:30:56+05:30"
138,221,241,30.47,62.25,1634378487019,"2021-10-16T15:31:27+05:30"
138,214,235,30.46,62.4,1634378517628,"2021-10-16T15:31:57+05:30"
140,221,245,30.46,62.53,1634378548212,"2021-10-16T15:32:28+05:30"
150,235,257,30.44,62.68,1634378578850,"2021-10-16T15:32:58+05:30"
158,250,271,30.43,62.92,1634378610868,"2021-10-16T15:33:30+05:30"
158,250,271,30.43,62.92,1634378612520,"2021-10-16T15:33:32+05:30"
158,250,271,30.43,62.92,1634378613189,"2021-10-16T15:33:33+05:30"
160,249,271,30.44,63.12,1634378640293,"2021-10-16T15:34:00+05:30"
154,241,265,30.43,63.27,1634378670884,"2021-10-16T15:34:30+05:30"
154,238,266,30.43,63.36,1634378701473,"2021-10-16T15:35:01+05:30"
149,235,262,30.44,63.5,1634378732042,"2021-10-16T15:35:32+05:30"
148,235,262,30.46,63.49,1634378762629,"2021-10-16T15:36:02+05:30"
146,229,255,30.49,63.47,1634378785037,"2021-10-16T15:36:25+05:30"
149,229,251,30.49,63.4,1634378815627,"2021-10-16T15:36:55+05:30"
147,234,256,30.5,63.27,1634378846771,"2021-10-16T15:37:26+05:30"
147,231,251,30.5,63.22,1634378876819,"2021-10-16T15:37:56+05:30"
146,230,248,30.5,63.41,1634378907392,"2021-10-16T15:38:27+05:30"
145,231,254,30.51,63.39,1634378937983,"2021-10-16T15:38:57+05:30"
146,229,249,30.52,63.11,1634378968557,"2021-10-16T15:39:28+05:30"
147,228,253,30.54,62.95,1634378999149,"2021-10-16T15:39:59+05:30"
160,249,270,30.56,63.21,1634379029735,"2021-10-16T15:40:29+05:30"
223,376,413,30.57,63.34,1634379060377,"2021-10-16T15:41:00+05:30"
232,381,414,30.56,63.48,1634379090930,"2021-10-16T15:41:30+05:30"
225,365,405,30.55,63.57,1634379121520,"2021-10-16T15:42:01+05:30"
216,346,386,30.53,63.54,1634379152104,"2021-10-16T15:42:32+05:30"
210,335,365,30.54,63.27,1634379182711,"2021-10-16T15:43:02+05:30"
200,321,351,30.54,63.18,1634379213317,"2021-10-16T15:43:33+05:30"
196,312,342,30.53,63.38,1634379243900,"2021-10-16T15:44:03+05:30"
191,299,327,30.53,63.42,1634379274507,"2021-10-16T15:44:34+05:30"
185,287,315,30.53,63.35,1634379305079,"2021-10-16T15:45:05+05:30"
177,283,313,30.51,63.39,1634379335678,"2021-10-16T15:45:35+05:30"
175,277,302,30.52,63.29,1634379366408,"2021-10-16T15:46:06+05:30"
170,266,293,30.5,63.27,1634379396854,"2021-10-16T15:46:36+05:30"
165,260,292,30.5,63.31,1634379427565,"2021-10-16T15:47:07+05:30"
162,256,280,30.5,63.5,1634379458050,"2021-10-16T15:47:38+05:30"
161,256,281,30.51,63.61,1634379488693,"2021-10-16T15:48:08+05:30"
160,252,273,30.51,63.65,1634379519239,"2021-10-16T15:48:39+05:30"
157,248,273,30.5,63.75,1634379549824,"2021-10-16T15:49:09+05:30"
151,240,266,30.48,63.55,1634379580417,"2021-10-16T15:49:40+05:30"
159,251,278,30.49,63.58,1634379611007,"2021-10-16T15:50:11+05:30"
155,248,271,30.51,63.47,1634379641654,"2021-10-16T15:50:41+05:30"
157,240,270,30.51,63.22,1634379672203,"2021-10-16T15:51:12+05:30"
153,245,272,30.51,63.09,1634379703746,"2021-10-16T15:51:43+05:30"
151,241,263,30.51,63.07,1634379734281,"2021-10-16T15:52:14+05:30"
152,237,264,30.51,63.05,1634379764885,"2021-10-16T15:52:44+05:30"
150,233,257,30.51,63.05,1634379795481,"2021-10-16T15:53:15+05:30"
147,226,248,30.49,63.17,1634379826046,"2021-10-16T15:53:46+05:30"
143,224,249,30.5,63.3,1634379856647,"2021-10-16T15:54:16+05:30"
146,228,248,30.49,63.2,1634379887536,"2021-10-16T15:54:47+05:30"
143,226,245,30.47,63.2,1634379908139,"2021-10-16T15:55:08+05:30"
141,225,248,30.47,63.25,1634379938731,"2021-10-16T15:55:38+05:30"
142,223,243,30.45,63.33,1634379969346,"2021-10-16T15:56:09+05:30"
142,222,242,30.46,63.35,1634379999903,"2021-10-16T15:56:39+05:30"
141,222,248,30.48,63.44,1634380030527,"2021-10-16T15:57:10+05:30"
142,218,237,30.48,63.48,1634380061106,"2021-10-16T15:57:41+05:30"
141,217,239,30.5,63.56,1634380091692,"2021-10-16T15:58:11+05:30"
140,219,246,30.5,63.5,1634380122296,"2021-10-16T15:58:42+05:30"
140,220,242,30.49,63.47,1634380152878,"2021-10-16T15:59:12+05:30"
137,219,241,30.48,63.54,1634380183482,"2021-10-16T15:59:43+05:30"
140,219,240,30.48,63.67,1634380214089,"2021-10-16T16:00:14+05:30"
141,225,249,30.49,63.69,1634380244666,"2021-10-16T16:00:44+05:30"
142,226,251,30.5,63.78,1634380275451,"2021-10-16T16:01:15+05:30"
145,228,250,30.49,63.8,1634380305941,"2021-10-16T16:01:45+05:30"
146,230,253,30.49,63.73,1634380336688,"2021-10-16T16:02:16+05:30"
142,223,246,30.51,63.7,1634380367124,"2021-10-16T16:02:47+05:30"
145,225,247,30.5,63.79,1634380397750,"2021-10-16T16:03:17+05:30"
145,230,252,30.49,63.8,1634380428310,"2021-10-16T16:03:48+05:30"
143,230,252,30.48,63.77,1634380458930,"2021-10-16T16:04:18+05:30"
143,224,250,30.47,63.92,1634380489555,"2021-10-16T16:04:49+05:30"
146,228,253,30.49,63.88,1634380522264,"2021-10-16T16:05:22+05:30"
144,226,250,30.52,64.05,1634380551693,"2021-10-16T16:05:51+05:30"
140,224,249,30.55,64.07,1634380583890,"2021-10-16T16:06:23+05:30"
144,225,249,30.57,63.9,1634380614895,"2021-10-16T16:06:54+05:30"
141,225,250,30.57,63.72,1634380635701,"2021-10-16T16:07:15+05:30"
143,223,244,30.58,63.69,1634380666087,"2021-10-16T16:07:46+05:30"
141,221,252,30.59,63.79,1634380696672,"2021-10-16T16:08:16+05:30"
144,225,250,30.58,63.89,1634380727277,"2021-10-16T16:08:47+05:30"
143,225,245,30.57,63.96,1634380757855,"2021-10-16T16:09:17+05:30"
142,230,249,30.56,64.12,1634380788451,"2021-10-16T16:09:48+05:30"
142,221,243,30.54,64.21,1634380819058,"2021-10-16T16:10:19+05:30"
146,232,254,30.54,64.35,1634380849638,"2021-10-16T16:10:49+05:30"
147,234,257,30.53,64.55,1634380880232,"2021-10-16T16:11:20+05:30"
145,227,255,30.54,64.58,1634380910935,"2021-10-16T16:11:50+05:30"
147,232,257,30.53,64.52,1634380941422,"2021-10-16T16:12:21+05:30"
148,228,253,30.51,64.4,1634380972010,"2021-10-16T16:12:52+05:30"
150,233,259,30.51,64.49,1634381002624,"2021-10-16T16:13:22+05:30"
146,232,263,30.49,64.59,1634381035149,"2021-10-16T16:13:55+05:30"
152,238,265,30.49,64.63,1634381064329,"2021-10-16T16:14:24+05:30"
149,236,259,30.46,64.69,1634381094639,"2021-10-16T16:14:54+05:30"
151,239,268,30.46,64.74,1634381124981,"2021-10-16T16:15:24+05:30"
149,236,262,30.45,64.79,1634381155571,"2021-10-16T16:15:55+05:30"
148,236,263,30.45,64.89,1634381186188,"2021-10-16T16:16:26+05:30"
154,238,265,30.46,64.97,1634381216752,"2021-10-16T16:16:56+05:30"
151,235,260,30.45,65.02,1634381247364,"2021-10-16T16:17:27+05:30"
149,235,258,30.45,65.07,1634381277950,"2021-10-16T16:17:57+05:30"
147,234,257,30.45,65,1634381308532,"2021-10-16T16:18:28+05:30"
146,230,260,30.45,64.79,1634381339124,"2021-10-16T16:18:59+05:30"
144,226,248,30.46,64.83,1634381369727,"2021-10-16T16:19:29+05:30"
141,225,249,30.47,65.12,1634381400360,"2021-10-16T16:20:00+05:30"
140,222,243,30.47,65.12,1634381430927,"2021-10-16T16:20:30+05:30"
140,224,251,30.46,65.25,1634381461520,"2021-10-16T16:21:01+05:30"
140,224,252,30.46,65.31,1634381484540,"2021-10-16T16:21:24+05:30"
139,222,251,30.46,65.3,1634381515203,"2021-10-16T16:21:55+05:30"
139,215,237,30.47,65.26,1634381546906,"2021-10-16T16:22:26+05:30"
139,215,237,30.47,65.26,1634381547080,"2021-10-16T16:22:27+05:30"
138,220,250,30.46,65.22,1634381576323,"2021-10-16T16:22:56+05:30"
139,216,240,30.47,65.21,1634381606979,"2021-10-16T16:23:26+05:30"
143,224,249,30.46,65.26,1634381637575,"2021-10-16T16:23:57+05:30"
145,226,256,30.45,65.29,1634381668169,"2021-10-16T16:24:28+05:30"
147,236,262,30.45,65.2,1634381698762,"2021-10-16T16:24:58+05:30"
148,238,264,30.45,65.22,1634381729368,"2021-10-16T16:25:29+05:30"
151,242,275,30.44,65.27,1634381759941,"2021-10-16T16:25:59+05:30"
154,242,269,30.45,65.31,1634381790540,"2021-10-16T16:26:30+05:30"
151,241,266,30.45,65.31,1634381821248,"2021-10-16T16:27:01+05:30"
157,249,274,30.45,65.3,1634381851740,"2021-10-16T16:27:31+05:30"
153,246,271,30.45,65.28,1634381882366,"2021-10-16T16:28:02+05:30"
153,249,276,30.44,65.33,1634381912925,"2021-10-16T16:28:32+05:30"
154,246,271,30.45,65.29,1634381944599,"2021-10-16T16:29:04+05:30"
154,246,277,30.44,65.28,1634381974121,"2021-10-16T16:29:34+05:30"
154,246,277,30.44,65.28,1634381975573,"2021-10-16T16:29:35+05:30"
153,246,278,30.44,65.36,1634382004705,"2021-10-16T16:30:04+05:30"
150,243,266,30.44,65.47,1634382035396,"2021-10-16T16:30:35+05:30"
152,245,277,30.44,65.51,1634382065914,"2021-10-16T16:31:05+05:30"
150,237,261,30.45,65.5,1634382096510,"2021-10-16T16:31:36+05:30"
151,239,264,30.44,65.59,1634382127083,"2021-10-16T16:32:07+05:30"
150,238,261,30.45,65.62,1634382157660,"2021-10-16T16:32:37+05:30"
150,236,264,30.45,65.58,1634382188279,"2021-10-16T16:33:08+05:30"
151,240,264,30.44,65.62,1634382218873,"2021-10-16T16:33:38+05:30"
149,236,263,30.43,65.6,1634382249450,"2021-10-16T16:34:09+05:30"
145,229,259,30.42,65.56,1634382280055,"2021-10-16T16:34:40+05:30"
148,229,252,30.41,65.57,1634382310640,"2021-10-16T16:35:10+05:30"
146,232,254,30.41,65.61,1634382341254,"2021-10-16T16:35:41+05:30"
145,229,253,30.42,65.65,1634382371828,"2021-10-16T16:36:11+05:30"
144,227,254,30.42,65.73,1634382403904,"2021-10-16T16:36:43+05:30"
145,235,255,30.42,65.78,1634382434501,"2021-10-16T16:37:14+05:30"
143,231,255,30.43,65.7,1634382465116,"2021-10-16T16:37:45+05:30"
143,231,254,30.43,65.6,1634382495685,"2021-10-16T16:38:15+05:30"
143,227,254,30.44,65.5,1634382516467,"2021-10-16T16:38:36+05:30"
143,228,256,30.43,65.53,1634382547576,"2021-10-16T16:39:07+05:30"
143,227,254,30.43,65.51,1634382577663,"2021-10-16T16:39:37+05:30"
145,231,256,30.42,65.47,1634382608519,"2021-10-16T16:40:08+05:30"
145,229,252,30.41,65.54,1634382638905,"2021-10-16T16:40:38+05:30"
147,233,256,30.41,65.55,1634382669504,"2021-10-16T16:41:09+05:30"
142,228,253,30.41,65.6,1634382700103,"2021-10-16T16:41:40+05:30"
143,232,259,30.41,65.54,1634382730678,"2021-10-16T16:42:10+05:30"
147,234,260,30.41,65.45,1634382761275,"2021-10-16T16:42:41+05:30"
144,234,257,30.41,65.45,1634382793243,"2021-10-16T16:43:13+05:30"
145,231,254,30.42,65.43,1634382822595,"2021-10-16T16:43:42+05:30"
144,235,260,30.4,65.63,1634382853085,"2021-10-16T16:44:13+05:30"
146,231,257,30.41,65.7,1634382883683,"2021-10-16T16:44:43+05:30"
145,231,260,30.4,65.72,1634382914230,"2021-10-16T16:45:14+05:30"
147,231,251,30.4,65.82,1634382944832,"2021-10-16T16:45:44+05:30"
145,239,265,30.4,65.89,1634382975421,"2021-10-16T16:46:15+05:30"
147,234,256,30.41,66.01,1634383006033,"2021-10-16T16:46:46+05:30"
145,232,255,30.42,66.07,1634383036638,"2021-10-16T16:47:16+05:30"
146,230,256,30.44,66.13,1634383067213,"2021-10-16T16:47:47+05:30"
146,231,261,30.46,66.14,1634383097795,"2021-10-16T16:48:17+05:30"
144,232,261,30.49,66.17,1634383128462,"2021-10-16T16:48:48+05:30"
143,232,259,30.52,66.13,1634383159429,"2021-10-16T16:49:19+05:30"
146,235,262,30.55,66.12,1634383189580,"2021-10-16T16:49:49+05:30"
149,238,268,30.54,66.13,1634383220185,"2021-10-16T16:50:20+05:30"
146,231,258,30.53,66.14,1634383250913,"2021-10-16T16:50:50+05:30"
147,236,261,30.53,66.04,1634383284105,"2021-10-16T16:51:24+05:30"
149,240,263,30.54,66,1634383315760,"2021-10-16T16:51:55+05:30"
149,231,257,30.54,65.93,1634383345244,"2021-10-16T16:52:25+05:30"
150,236,263,30.53,65.94,1634383375901,"2021-10-16T16:52:55+05:30"
149,235,256,30.52,65.97,1634383396554,"2021-10-16T16:53:16+05:30"
147,231,265,30.51,66.1,1634383427155,"2021-10-16T16:53:47+05:30"
144,226,250,30.49,66.12,1634383457763,"2021-10-16T16:54:17+05:30"
147,237,261,30.5,66.21,1634383488318,"2021-10-16T16:54:48+05:30"
143,230,261,30.52,66.26,1634383519361,"2021-10-16T16:55:19+05:30"
143,233,253,30.55,66.37,1634383549517,"2021-10-16T16:55:49+05:30"
145,229,259,30.56,66.55,1634383580174,"2021-10-16T16:56:20+05:30"
146,235,263,30.6,66.8,1634383610758,"2021-10-16T16:56:50+05:30"
150,239,264,30.62,67.24,1634383641368,"2021-10-16T16:57:21+05:30"
152,243,271,30.64,67.4,1634383671944,"2021-10-16T16:57:51+05:30"
153,243,277,30.67,67.55,1634383702529,"2021-10-16T16:58:22+05:30"
153,247,279,30.68,67.5,1634383733117,"2021-10-16T16:58:53+05:30"
154,250,281,30.71,67.71,1634383763724,"2021-10-16T16:59:23+05:30"
156,253,284,30.74,67.68,1634383794328,"2021-10-16T16:59:54+05:30"
154,251,286,30.77,67.71,1634383824902,"2021-10-16T17:00:24+05:30"
157,256,283,30.81,67.72,1634383855499,"2021-10-16T17:00:55+05:30"
157,250,278,30.83,67.63,1634383887153,"2021-10-16T17:01:27+05:30"
156,255,287,30.84,67.67,1634383916683,"2021-10-16T17:01:56+05:30"
156,257,290,30.86,67.61,1634383947458,"2021-10-16T17:02:27+05:30"
160,261,294,30.88,67.65,1634383977886,"2021-10-16T17:02:57+05:30"
158,254,286,30.9,67.77,1634384008746,"2021-10-16T17:03:28+05:30"
162,264,300,30.91,67.74,1634384039154,"2021-10-16T17:03:59+05:30"
165,266,300,30.92,67.81,1634384069757,"2021-10-16T17:04:29+05:30"
166,270,304,30.94,68,1634384100325,"2021-10-16T17:05:00+05:30"
168,275,309,30.96,67.98,1634384130918,"2021-10-16T17:05:30+05:30"
169,277,307,30.96,67.94,1634384161537,"2021-10-16T17:06:01+05:30"
168,276,313,30.96,67.87,1634384184627,"2021-10-16T17:06:24+05:30"
169,273,309,30.97,67.91,1634384215173,"2021-10-16T17:06:55+05:30"
164,270,307,30.99,67.93,1634384245757,"2021-10-16T17:07:25+05:30"
162,272,308,31.01,67.97,1634384276399,"2021-10-16T17:07:56+05:30"
166,267,299,31.01,67.9,1634384306983,"2021-10-16T17:08:26+05:30"
161,263,298,31.02,67.83,1634384337540,"2021-10-16T17:08:57+05:30"
159,261,290,31.03,67.74,1634384368127,"2021-10-16T17:09:28+05:30"
158,253,285,31.04,67.56,1634384398740,"2021-10-16T17:09:58+05:30"
160,262,291,31,67.18,1634384429330,"2021-10-16T17:10:29+05:30"
157,257,285,30.95,66.95,1634384459915,"2021-10-16T17:10:59+05:30"
158,256,283,30.92,66.73,1634384490637,"2021-10-16T17:11:30+05:30"
157,253,287,30.88,66.61,1634384521103,"2021-10-16T17:12:01+05:30"
156,249,278,30.85,66.71,1634384551697,"2021-10-16T17:12:31+05:30"
155,246,277,30.82,66.69,1634384582301,"2021-10-16T17:13:02+05:30"
153,243,267,30.79,66.63,1634384612878,"2021-10-16T17:13:32+05:30"
150,247,276,30.77,66.56,1634384643474,"2021-10-16T17:14:03+05:30"
150,242,265,30.76,66.58,1634384674069,"2021-10-16T17:14:34+05:30"
151,246,275,30.74,66.68,1634384704678,"2021-10-16T17:15:04+05:30"
148,239,264,30.73,66.76,1634384735266,"2021-10-16T17:15:35+05:30"
148,239,265,30.72,66.78,1634384765858,"2021-10-16T17:16:05+05:30"
145,235,257,30.71,66.86,1634384796441,"2021-10-16T17:16:36+05:30"
145,234,261,30.7,66.93,1634384828165,"2021-10-16T17:17:08+05:30"
148,235,267,30.69,66.95,1634384857627,"2021-10-16T17:17:37+05:30"
147,234,260,30.69,66.98,1634384888241,"2021-10-16T17:18:08+05:30"
142,231,259,30.71,67.11,1634384919303,"2021-10-16T17:18:39+05:30"
143,231,262,30.75,67,1634384949413,"2021-10-16T17:19:09+05:30"
141,227,255,30.78,66.92,1634384980552,"2021-10-16T17:19:40+05:30"
144,238,268,30.79,66.78,1634385010900,"2021-10-16T17:20:10+05:30"
143,235,267,30.8,66.64,1634385041500,"2021-10-16T17:20:41+05:30"
143,229,257,30.82,66.83,1634385072105,"2021-10-16T17:21:12+05:30"
143,230,261,30.86,66.88,1634385093685,"2021-10-16T17:21:33+05:30"
144,237,267,30.89,66.91,1634385124179,"2021-10-16T17:22:04+05:30"
146,232,256,30.91,66.96,1634385154877,"2021-10-16T17:22:34+05:30"
143,232,259,30.93,66.77,1634385185406,"2021-10-16T17:23:05+05:30"
141,229,257,30.95,66.82,1634385216027,"2021-10-16T17:23:36+05:30"
142,235,265,30.96,66.99,1634385246546,"2021-10-16T17:24:06+05:30"
142,233,267,30.95,66.99,1634385277152,"2021-10-16T17:24:37+05:30"
143,234,269,30.96,66.86,1634385307819,"2021-10-16T17:25:07+05:30"
145,237,274,30.96,66.77,1634385338418,"2021-10-16T17:25:38+05:30"
145,241,280,30.96,66.65,1634385369336,"2021-10-16T17:26:09+05:30"
146,244,280,30.96,66.52,1634385399599,"2021-10-16T17:26:39+05:30"
143,239,277,30.95,66.4,1634385430195,"2021-10-16T17:27:10+05:30"
141,239,276,30.92,66.31,1634385460789,"2021-10-16T17:27:40+05:30"
143,240,279,30.91,66.41,1634385491408,"2021-10-16T17:28:11+05:30"
144,238,283,30.92,66.61,1634385522026,"2021-10-16T17:28:42+05:30"
144,245,289,30.91,66.66,1634385552579,"2021-10-16T17:29:12+05:30"
145,240,291,30.9,66.66,1634385583164,"2021-10-16T17:29:43+05:30"
142,235,275,30.88,66.56,1634385614105,"2021-10-16T17:30:14+05:30"
144,240,277,30.84,66.51,1634385644400,"2021-10-16T17:30:44+05:30"
142,238,272,30.8,66.53,1634385675018,"2021-10-16T17:31:15+05:30"
142,239,278,30.77,66.53,1634385705616,"2021-10-16T17:31:45+05:30"
138,231,273,30.7,66.27,1634385796728,"2021-10-16T17:33:16+05:30"
137,230,269,30.66,66.33,1634385826219,"2021-10-16T17:33:46+05:30"
138,231,264,30.64,66.39,1634385856841,"2021-10-16T17:34:16+05:30"
140,229,269,30.63,66.45,1634385887439,"2021-10-16T17:34:47+05:30"
139,225,258,30.63,66.45,1634385918195,"2021-10-16T17:35:18+05:30"
138,232,266,30.63,66.44,1634385948625,"2021-10-16T17:35:48+05:30"
140,230,267,30.63,66.45,1634385979260,"2021-10-16T17:36:19+05:30"
141,236,275,30.63,66.45,1634386009864,"2021-10-16T17:36:49+05:30"
141,235,273,30.65,66.51,1634386040629,"2021-10-16T17:37:20+05:30"
141,237,281,30.69,66.48,1634386071090,"2021-10-16T17:37:51+05:30"
139,235,273,30.72,66.44,1634386101644,"2021-10-16T17:38:21+05:30"
140,235,286,30.73,66.46,1634386132255,"2021-10-16T17:38:52+05:30"
141,234,276,30.73,66.42,1634386162834,"2021-10-16T17:39:22+05:30"
140,230,269,30.73,66.4,1634386193435,"2021-10-16T17:39:53+05:30"
141,229,266,30.72,66.3,1634386224465,"2021-10-16T17:40:24+05:30"
142,233,268,30.71,66.29,1634386244671,"2021-10-16T17:40:44+05:30"
141,234,269,30.7,66.4,1634386275390,"2021-10-16T17:41:15+05:30"
140,228,265,30.69,66.46,1634386305924,"2021-10-16T17:41:45+05:30"
137,228,266,30.69,66.47,1634386336527,"2021-10-16T17:42:16+05:30"
140,229,261,30.68,66.45,1634386367102,"2021-10-16T17:42:47+05:30"
139,224,258,30.66,66.52,1634386397715,"2021-10-16T17:43:17+05:30"
136,223,251,30.65,66.6,1634386428295,"2021-10-16T17:43:48+05:30"
136,221,252,30.64,66.61,1634386458890,"2021-10-16T17:44:18+05:30"
138,217,242,30.65,66.59,1634386489504,"2021-10-16T17:44:49+05:30"
139,227,256,30.65,66.56,1634386520087,"2021-10-16T17:45:20+05:30"
137,229,255,30.65,66.64,1634386550667,"2021-10-16T17:45:50+05:30"
138,226,256,30.67,66.95,1634386581276,"2021-10-16T17:46:21+05:30"
140,225,257,30.68,66.97,1634386611966,"2021-10-16T17:46:51+05:30"
140,231,264,30.68,67,1634386642500,"2021-10-16T17:47:22+05:30"
140,230,258,30.68,67.11,1634386675792,"2021-10-16T17:47:55+05:30"
141,231,261,30.69,67.03,1634386706451,"2021-10-16T17:48:26+05:30"
148,236,266,30.69,67,1634386736975,"2021-10-16T17:48:56+05:30"
144,234,263,30.69,66.87,1634386767552,"2021-10-16T17:49:27+05:30"
145,235,258,30.7,66.82,1634386798159,"2021-10-16T17:49:58+05:30"
144,231,256,30.69,66.74,1634386829079,"2021-10-16T17:50:29+05:30"
145,233,265,30.68,66.75,1634386849182,"2021-10-16T17:50:49+05:30"
148,238,269,30.68,66.68,1634386879866,"2021-10-16T17:51:19+05:30"
147,242,274,30.67,66.66,1634386910382,"2021-10-16T17:51:50+05:30"
147,242,278,30.67,66.64,1634386941014,"2021-10-16T17:52:21+05:30"
150,250,285,30.66,66.61,1634386971559,"2021-10-16T17:52:51+05:30"
154,249,281,30.63,66.56,1634387002546,"2021-10-16T17:53:22+05:30"
154,245,281,30.61,66.46,1634387032752,"2021-10-16T17:53:52+05:30"
151,247,276,30.62,66.53,1634387063344,"2021-10-16T17:54:23+05:30"
149,240,271,30.62,66.68,1634387093933,"2021-10-16T17:54:53+05:30"
148,242,276,30.64,66.86,1634387124521,"2021-10-16T17:55:24+05:30"
145,233,262,30.69,66.85,1634387155130,"2021-10-16T17:55:55+05:30"
146,234,264,30.73,66.87,1634387185979,"2021-10-16T17:56:25+05:30"
144,236,266,30.76,66.93,1634387216315,"2021-10-16T17:56:56+05:30"
145,232,259,30.79,66.99,1634387246903,"2021-10-16T17:57:26+05:30"
148,239,270,30.78,67.05,1634387277525,"2021-10-16T17:57:57+05:30"
148,242,271,30.75,67.09,1634387309305,"2021-10-16T17:58:29+05:30"
150,240,267,30.73,67.4,1634387338767,"2021-10-16T17:58:58+05:30"
149,243,270,30.76,67.57,1634387369380,"2021-10-16T17:59:29+05:30"
148,242,268,30.8,67.5,1634387399952,"2021-10-16T17:59:59+05:30"
149,239,267,30.84,67.44,1634387430556,"2021-10-16T18:00:30+05:30"
148,242,269,30.87,67.4,1634387461178,"2021-10-16T18:01:01+05:30"
149,240,265,30.9,67.38,1634387491734,"2021-10-16T18:01:31+05:30"
151,245,277,30.92,67.29,1634387522331,"2021-10-16T18:02:02+05:30"
151,243,273,30.91,67.24,1634387552928,"2021-10-16T18:02:32+05:30"
150,243,266,30.91,67.18,1634387576200,"2021-10-16T18:02:56+05:30"
150,240,272,30.91,67.17,1634387606781,"2021-10-16T18:03:26+05:30"
150,246,277,30.91,67.25,1634387637353,"2021-10-16T18:03:57+05:30"
149,241,265,30.91,67.42,1634387667964,"2021-10-16T18:04:27+05:30"
148,239,272,30.9,67.37,1634387698562,"2021-10-16T18:04:58+05:30"
148,237,266,30.85,67.16,1634387729160,"2021-10-16T18:05:29+05:30"
148,232,261,30.81,67.26,1634387759722,"2021-10-16T18:05:59+05:30"
147,234,264,30.8,67.19,1634387790321,"2021-10-16T18:06:30+05:30"
148,238,265,30.78,67.14,1634387820931,"2021-10-16T18:07:00+05:30"
145,232,256,30.77,67.06,1634387851517,"2021-10-16T18:07:31+05:30"
145,234,266,30.75,67.16,1634387882236,"2021-10-16T18:08:02+05:30"
148,242,274,30.73,67.09,1634387912711,"2021-10-16T18:08:32+05:30"
152,243,268,30.7,67.06,1634387943293,"2021-10-16T18:09:03+05:30"
150,241,262,30.68,67.06,1634387973891,"2021-10-16T18:09:33+05:30"
151,242,273,30.66,67.1,1634388004531,"2021-10-16T18:10:04+05:30"
150,240,267,30.65,67.15,1634388035128,"2021-10-16T18:10:35+05:30"
150,240,266,30.64,67.31,1634388065691,"2021-10-16T18:11:05+05:30"
149,240,264,30.64,67.44,1634388096272,"2021-10-16T18:11:36+05:30"
151,243,269,30.65,67.5,1634388126856,"2021-10-16T18:12:06+05:30"
156,245,269,30.65,67.53,1634388157462,"2021-10-16T18:12:37+05:30"
153,246,270,30.64,67.49,1634388188046,"2021-10-16T18:13:08+05:30"
153,244,276,30.64,67.45,1634388218630,"2021-10-16T18:13:38+05:30"
152,245,272,30.63,67.43,1634388249688,"2021-10-16T18:14:09+05:30"
149,245,272,30.66,67.33,1634388279932,"2021-10-16T18:14:39+05:30"
150,240,270,30.67,67.17,1634388310679,"2021-10-16T18:15:10+05:30"
149,241,270,30.67,67.1,1634388342246,"2021-10-16T18:15:42+05:30"
150,241,267,30.68,67.12,1634388371696,"2021-10-16T18:16:11+05:30"
149,236,261,30.69,67.13,1634388402702,"2021-10-16T18:16:42+05:30"
151,245,270,30.68,67.11,1634388423788,"2021-10-16T18:17:03+05:30"
151,241,266,30.67,67.03,1634388453874,"2021-10-16T18:17:33+05:30"
153,244,271,30.68,67.03,1634388484407,"2021-10-16T18:18:04+05:30"
150,242,269,30.69,66.95,1634388514907,"2021-10-16T18:18:34+05:30"
148,235,267,30.7,66.82,1634388545533,"2021-10-16T18:19:05+05:30"
152,246,282,30.71,66.72,1634388576093,"2021-10-16T18:19:36+05:30"
156,251,281,30.71,66.76,1634388606695,"2021-10-16T18:20:06+05:30"
160,255,283,30.71,66.85,1634388637253,"2021-10-16T18:20:37+05:30"
161,261,297,30.73,66.97,1634388667828,"2021-10-16T18:21:07+05:30"
164,265,296,30.75,67.02,1634388698409,"2021-10-16T18:21:38+05:30"
165,269,304,30.76,67.01,1634388729006,"2021-10-16T18:22:09+05:30"
164,266,300,30.77,67.07,1634388759632,"2021-10-16T18:22:39+05:30"
166,266,296,30.78,67.15,1634388790432,"2021-10-16T18:23:10+05:30"
167,269,295,30.79,67.15,1634388820789,"2021-10-16T18:23:40+05:30"
164,269,296,30.81,67.17,1634388851405,"2021-10-16T18:24:11+05:30"
166,273,310,30.83,67.23,1634388881994,"2021-10-16T18:24:41+05:30"
169,271,303,30.83,67.31,1634388912588,"2021-10-16T18:25:12+05:30"
169,273,303,30.81,67.04,1634388943162,"2021-10-16T18:25:43+05:30"
169,279,313,30.78,66.78,1634388973752,"2021-10-16T18:26:13+05:30"
174,284,324,30.75,66.64,1634389004362,"2021-10-16T18:26:44+05:30"
175,288,323,30.73,66.61,1634389034968,"2021-10-16T18:27:14+05:30"
177,289,324,30.71,66.71,1634389065859,"2021-10-16T18:27:45+05:30"
176,286,321,30.7,66.82,1634389096142,"2021-10-16T18:28:16+05:30"
179,289,325,30.68,66.96,1634389126730,"2021-10-16T18:28:46+05:30"
179,293,326,30.67,67.02,1634389157342,"2021-10-16T18:29:17+05:30"
177,287,322,30.67,67.07,1634389187912,"2021-10-16T18:29:47+05:30"
174,281,316,30.68,66.99,1634389218515,"2021-10-16T18:30:18+05:30"
176,285,324,30.66,67,1634389249111,"2021-10-16T18:30:49+05:30"
173,291,331,30.68,67.22,1634389280390,"2021-10-16T18:31:20+05:30"
175,289,320,30.74,67.33,1634389310410,"2021-10-16T18:31:50+05:30"
173,288,328,30.78,67.37,1634389340980,"2021-10-16T18:32:20+05:30"
179,291,334,30.81,67.3,1634389376081,"2021-10-16T18:32:56+05:30"
178,290,336,30.85,67.05,1634389395656,"2021-10-16T18:33:15+05:30"
179,295,337,30.86,66.94,1634389426396,"2021-10-16T18:33:46+05:30"
183,306,351,30.87,66.86,1634389457540,"2021-10-16T18:34:17+05:30"
182,302,334,30.88,66.81,1634389487654,"2021-10-16T18:34:47+05:30"
183,300,339,30.89,67,1634389518255,"2021-10-16T18:35:18+05:30"
181,301,349,30.91,67.2,1634389548859,"2021-10-16T18:35:48+05:30"
179,300,337,30.93,67.34,1634389579855,"2021-10-16T18:36:19+05:30"
181,299,338,30.94,67.44,1634389610310,"2021-10-16T18:36:50+05:30"
182,304,342,30.94,67.57,1634389640909,"2021-10-16T18:37:20+05:30"
183,301,343,30.94,67.68,1634389671499,"2021-10-16T18:37:51+05:30"
187,314,363,30.95,67.7,1634389702110,"2021-10-16T18:38:22+05:30"
184,303,345,30.97,67.69,1634389732732,"2021-10-16T18:38:52+05:30"
186,305,344,30.97,67.71,1634389763279,"2021-10-16T18:39:23+05:30"
183,300,341,30.99,67.69,1634389793874,"2021-10-16T18:39:53+05:30"
183,299,341,31,67.67,1634389824473,"2021-10-16T18:40:24+05:30"
180,295,339,30.98,67.58,1634389855097,"2021-10-16T18:40:55+05:30"
178,292,332,30.97,67.63,1634389885666,"2021-10-16T18:41:25+05:30"
180,292,325,30.97,67.71,1634389916251,"2021-10-16T18:41:56+05:30"
182,294,332,30.98,67.63,1634389947161,"2021-10-16T18:42:27+05:30"
179,297,336,30.97,67.65,1634389977995,"2021-10-16T18:42:57+05:30"
174,285,314,30.97,67.63,1634390008582,"2021-10-16T18:43:28+05:30"
174,287,321,30.97,67.63,1634390039245,"2021-10-16T18:43:59+05:30"
175,287,323,30.98,67.68,1634390071049,"2021-10-16T18:44:31+05:30"
175,286,327,31,67.58,1634390100944,"2021-10-16T18:45:00+05:30"
171,280,311,31,67.53,1634390131979,"2021-10-16T18:45:31+05:30"
171,283,317,31,67.48,1634390162344,"2021-10-16T18:46:02+05:30"
167,274,306,31,67.4,1634390192932,"2021-10-16T18:46:32+05:30"
170,269,302,31,67.42,1634390223754,"2021-10-16T18:47:03+05:30"
167,267,301,31,67.48,1634390254504,"2021-10-16T18:47:34+05:30"
170,270,301,30.98,67.65,1634390282064,"2021-10-16T18:48:02+05:30"
169,273,302,30.96,67.74,1634390312631,"2021-10-16T18:48:32+05:30"
169,269,302,30.96,67.87,1634390343280,"2021-10-16T18:49:03+05:30"
167,276,310,30.96,67.82,1634390374077,"2021-10-16T18:49:34+05:30"
166,267,293,30.97,67.81,1634390404408,"2021-10-16T18:50:04+05:30"
167,267,299,30.97,67.87,1634390434992,"2021-10-16T18:50:34+05:30"
168,278,309,30.97,67.97,1634390465587,"2021-10-16T18:51:05+05:30"
166,267,306,30.98,68.05,1634390496176,"2021-10-16T18:51:36+05:30"
167,272,301,30.97,67.95,1634390526784,"2021-10-16T18:52:06+05:30"
165,268,295,30.95,67.9,1634390557385,"2021-10-16T18:52:37+05:30"
165,268,301,30.96,67.94,1634390587955,"2021-10-16T18:53:07+05:30"
164,265,302,30.95,68,1634390618561,"2021-10-16T18:53:38+05:30"
164,264,291,30.98,68.06,1634390649149,"2021-10-16T18:54:09+05:30"
162,263,295,30.99,68.02,1634390679761,"2021-10-16T18:54:39+05:30"
165,264,295,31.01,68.03,1634390710345,"2021-10-16T18:55:10+05:30"
163,266,293,31.01,67.96,1634390765047,"2021-10-16T18:56:05+05:30"
163,266,293,31,67.77,1634390776312,"2021-10-16T18:56:16+05:30"
165,259,286,30.97,67.59,1634390796752,"2021-10-16T18:56:36+05:30"
163,260,286,30.95,67.56,1634390827338,"2021-10-16T18:57:07+05:30"
162,254,280,30.93,67.47,1634390857952,"2021-10-16T18:57:37+05:30"
161,260,286,30.94,67.7,1634390888506,"2021-10-16T18:58:08+05:30"
157,254,286,30.95,67.87,1634390919112,"2021-10-16T18:58:39+05:30"
161,259,290,30.97,67.99,1634390949714,"2021-10-16T18:59:09+05:30"
158,257,289,31,68.11,1634390980452,"2021-10-16T18:59:40+05:30"
158,256,284,31.02,68.12,1634391010987,"2021-10-16T19:00:10+05:30"
156,258,284,31.04,68.25,1634391041576,"2021-10-16T19:00:41+05:30"
157,259,290,31.05,68.3,1634391072174,"2021-10-16T19:01:12+05:30"
157,258,291,31.07,68.39,1634391102757,"2021-10-16T19:01:42+05:30"
157,256,285,31.08,68.48,1634391133357,"2021-10-16T19:02:13+05:30"
158,250,284,31.09,68.47,1634391163942,"2021-10-16T19:02:43+05:30"
156,257,279,31.07,68.44,1634391194548,"2021-10-16T19:03:14+05:30"
157,250,279,31.05,68.42,1634391225177,"2021-10-16T19:03:45+05:30"
159,254,280,31.04,68.42,1634391255766,"2021-10-16T19:04:15+05:30"
157,254,285,31.03,68.09,1634391287937,"2021-10-16T19:04:47+05:30"
158,253,285,31.01,67.72,1634391317982,"2021-10-16T19:05:17+05:30"
154,252,280,31,67.58,1634391350885,"2021-10-16T19:05:50+05:30"
154,252,280,31,67.58,1634391351048,"2021-10-16T19:05:51+05:30"
157,251,277,30.98,67.31,1634391378104,"2021-10-16T19:06:18+05:30"
158,252,276,30.96,67.22,1634391408822,"2021-10-16T19:06:48+05:30"
156,248,276,30.96,67.25,1634391439413,"2021-10-16T19:07:19+05:30"
157,251,278,30.96,67.11,1634391470003,"2021-10-16T19:07:50+05:30"
157,250,278,30.96,67.03,1634391500680,"2021-10-16T19:08:20+05:30"
156,250,282,30.97,67.3,1634391531192,"2021-10-16T19:08:51+05:30"
157,253,280,30.98,67.52,1634391561789,"2021-10-16T19:09:21+05:30"
155,246,272,31,67.65,1634391592383,"2021-10-16T19:09:52+05:30"
156,244,272,31.01,67.65,1634391623361,"2021-10-16T19:10:23+05:30"
154,241,265,31.03,67.65,1634391643898,"2021-10-16T19:10:43+05:30"
153,243,271,31.05,67.72,1634391673950,"2021-10-16T19:11:13+05:30"
154,243,268,31.04,67.7,1634391704504,"2021-10-16T19:11:44+05:30"
152,238,265,31.04,67.59,1634391735097,"2021-10-16T19:12:15+05:30"
150,239,263,31.02,67.57,1634391765700,"2021-10-16T19:12:45+05:30"
151,243,269,31.02,67.47,1634391796298,"2021-10-16T19:13:16+05:30"
151,238,263,31.01,67.33,1634391828049,"2021-10-16T19:13:48+05:30"
151,238,263,31.01,67.33,1634391830827,"2021-10-16T19:13:50+05:30"
151,245,273,31.02,67.52,1634391857473,"2021-10-16T19:14:17+05:30"
153,240,269,31.02,67.49,1634391888060,"2021-10-16T19:14:48+05:30"
149,233,258,31.02,67.35,1634391918663,"2021-10-16T19:15:18+05:30"
152,241,263,31.01,67.28,1634391949262,"2021-10-16T19:15:49+05:30"
153,245,274,30.99,67.36,1634391979839,"2021-10-16T19:16:19+05:30"
151,236,257,30.99,67.41,1634392010439,"2021-10-16T19:16:50+05:30"
154,248,277,30.99,67.32,1634392041043,"2021-10-16T19:17:21+05:30"
155,244,266,31.02,67.33,1634392071629,"2021-10-16T19:17:51+05:30"
152,243,266,31.05,67.37,1634392102227,"2021-10-16T19:18:22+05:30"
151,241,268,31.07,67.3,1634392132821,"2021-10-16T19:18:52+05:30"
148,240,267,31.09,67.28,1634392163422,"2021-10-16T19:19:23+05:30"
152,245,274,31.1,67.2,1634392194044,"2021-10-16T19:19:54+05:30"
152,239,262,31.09,67.2,1634392224603,"2021-10-16T19:20:24+05:30"
151,243,272,31.08,67.24,1634392255194,"2021-10-16T19:20:55+05:30"
151,238,261,31.07,67.24,1634392285787,"2021-10-16T19:21:25+05:30"
152,240,267,31.06,67.18,1634392316380,"2021-10-16T19:21:56+05:30"
153,248,272,31.06,67.35,1634392346979,"2021-10-16T19:22:26+05:30"
151,244,274,31.08,67.53,1634392377567,"2021-10-16T19:22:57+05:30"
155,250,277,31.11,67.74,1634392408176,"2021-10-16T19:23:28+05:30"
152,238,266,31.11,67.66,1634392438748,"2021-10-16T19:23:58+05:30"
154,242,268,31.14,67.84,1634392469418,"2021-10-16T19:24:29+05:30"
152,243,266,31.17,67.92,1634392499984,"2021-10-16T19:24:59+05:30"
153,240,267,31.2,67.89,1634392530528,"2021-10-16T19:25:30+05:30"
150,240,258,31.22,67.84,1634392564952,"2021-10-16T19:26:04+05:30"
149,237,263,31.24,67.87,1634392582322,"2021-10-16T19:26:22+05:30"
152,241,265,31.24,67.81,1634392612894,"2021-10-16T19:26:52+05:30"
151,241,266,31.24,67.86,1634392643591,"2021-10-16T19:27:23+05:30"
150,241,264,31.23,67.93,1634392674089,"2021-10-16T19:27:54+05:30"
151,238,264,31.22,67.85,1634392704673,"2021-10-16T19:28:24+05:30"
153,241,264,31.21,67.93,1634392735271,"2021-10-16T19:28:55+05:30"
152,238,260,31.2,67.88,1634392765873,"2021-10-16T19:29:25+05:30"
152,245,270,31.19,67.77,1634392796463,"2021-10-16T19:29:56+05:30"
151,242,264,31.18,67.79,1634392827082,"2021-10-16T19:30:27+05:30"
151,239,266,31.18,67.82,1634392857686,"2021-10-16T19:30:57+05:30"
153,243,268,31.17,68.24,1634392888243,"2021-10-16T19:31:28+05:30"
152,245,271,31.16,68.69,1634392918836,"2021-10-16T19:31:58+05:30"
153,245,270,31.17,68.93,1634392949428,"2021-10-16T19:32:29+05:30"
150,238,260,31.18,68.91,1634392980064,"2021-10-16T19:33:00+05:30"
155,246,278,31.19,68.68,1634393010687,"2021-10-16T19:33:30+05:30"
155,243,264,31.16,68.54,1634393041247,"2021-10-16T19:34:01+05:30"
155,242,267,31.15,68.6,1634393071839,"2021-10-16T19:34:31+05:30"
155,242,268,31.15,68.6,1634393102440,"2021-10-16T19:35:02+05:30"
153,248,270,31.14,68.62,1634393133046,"2021-10-16T19:35:33+05:30"
155,249,276,31.13,68.61,1634393164409,"2021-10-16T19:36:04+05:30"
154,248,277,31.12,68.46,1634393194386,"2021-10-16T19:36:34+05:30"
155,251,273,31.12,68.42,1634393224787,"2021-10-16T19:37:04+05:30"
154,245,272,31.11,68.6,1634393255376,"2021-10-16T19:37:35+05:30"
154,245,267,31.11,68.64,1634393285945,"2021-10-16T19:38:05+05:30"
157,247,273,31.11,68.56,1634393316544,"2021-10-16T19:38:36+05:30"
157,250,277,31.1,68.43,1634393347361,"2021-10-16T19:39:07+05:30"
160,253,277,31.1,68.5,1634393377725,"2021-10-16T19:39:37+05:30"
157,253,275,31.1,68.5,1634393408353,"2021-10-16T19:40:08+05:30"
157,256,283,31.07,68.5,1634393438922,"2021-10-16T19:40:38+05:30"
158,252,281,31.04,68.47,1634393466060,"2021-10-16T19:41:06+05:30"
157,253,277,31.01,68.54,1634393496631,"2021-10-16T19:41:36+05:30"
157,251,278,31,68.44,1634393527223,"2021-10-16T19:42:07+05:30"
158,254,283,30.97,68.32,1634393557814,"2021-10-16T19:42:37+05:30"
159,255,283,30.94,68.32,1634393588406,"2021-10-16T19:43:08+05:30"
158,254,283,30.94,68.4,1634393619007,"2021-10-16T19:43:39+05:30"
162,257,281,30.94,68.51,1634393649605,"2021-10-16T19:44:09+05:30"
157,252,279,30.94,68.46,1634393680186,"2021-10-16T19:44:40+05:30"
156,243,266,30.92,68.32,1634393711011,"2021-10-16T19:45:11+05:30"
161,253,278,30.9,68.13,1634393741468,"2021-10-16T19:45:41+05:30"
160,253,281,30.89,67.98,1634393772065,"2021-10-16T19:46:12+05:30"
159,257,286,30.87,67.91,1634393802786,"2021-10-16T19:46:42+05:30"
164,261,295,30.86,67.87,1634393833603,"2021-10-16T19:47:13+05:30"
166,272,308,30.87,67.98,1634393864392,"2021-10-16T19:47:44+05:30"
169,275,303,30.86,68.03,1634393885748,"2021-10-16T19:48:05+05:30"
167,274,307,30.86,68.04,1634393915794,"2021-10-16T19:48:35+05:30"
170,274,305,30.87,68.06,1634393946253,"2021-10-16T19:49:06+05:30"
170,278,305,30.87,67.97,1634393976889,"2021-10-16T19:49:36+05:30"
167,265,299,30.9,67.92,1634394007510,"2021-10-16T19:50:07+05:30"
167,275,311,30.92,67.68,1634394038082,"2021-10-16T19:50:38+05:30"
167,272,299,30.92,67.45,1634394068623,"2021-10-16T19:51:08+05:30"
164,267,295,30.92,67.48,1634394099553,"2021-10-16T19:51:39+05:30"
164,270,300,30.91,67.46,1634394130115,"2021-10-16T19:52:10+05:30"
168,270,299,30.89,67.47,1634394160851,"2021-10-16T19:52:40+05:30"
167,270,302,30.87,67.48,1634394191321,"2021-10-16T19:53:11+05:30"
167,269,302,30.85,67.5,1634394221901,"2021-10-16T19:53:41+05:30"
165,265,295,30.85,67.52,1634394252502,"2021-10-16T19:54:12+05:30"
166,266,298,30.86,67.45,1634394283098,"2021-10-16T19:54:43+05:30"
163,262,293,30.89,67.5,1634394313685,"2021-10-16T19:55:13+05:30"
162,263,293,30.92,67.57,1634394348960,"2021-10-16T19:55:48+05:30"
161,259,287,30.96,67.82,1634394371495,"2021-10-16T19:56:11+05:30"
156,252,286,30.99,67.91,1634394402086,"2021-10-16T19:56:42+05:30"
158,261,285,31.02,68.03,1634394432675,"2021-10-16T19:57:12+05:30"
162,260,289,31.06,68.15,1634394463276,"2021-10-16T19:57:43+05:30"
158,256,289,31.1,68.21,1634394493858,"2021-10-16T19:58:13+05:30"
155,251,283,31.15,68.14,1634394524471,"2021-10-16T19:58:44+05:30"
160,253,282,31.17,68.2,1634394555046,"2021-10-16T19:59:15+05:30"
158,249,275,31.19,68.26,1634394585641,"2021-10-16T19:59:45+05:30"
159,252,279,31.2,68.37,1634394616225,"2021-10-16T20:00:16+05:30"
157,250,283,31.2,68.42,1634394646829,"2021-10-16T20:00:46+05:30"
158,249,271,31.19,68.37,1634394677425,"2021-10-16T20:01:17+05:30"
152,246,271,31.18,68.33,1634394708104,"2021-10-16T20:01:48+05:30"
159,255,278,31.16,68.51,1634394738711,"2021-10-16T20:02:18+05:30"
157,250,274,31.18,68.63,1634394769297,"2021-10-16T20:02:49+05:30"
155,248,271,31.18,68.59,1634394799885,"2021-10-16T20:03:19+05:30"
158,249,274,31.19,68.62,1634394830476,"2021-10-16T20:03:50+05:30"
160,253,284,31.2,68.57,1634394861129,"2021-10-16T20:04:21+05:30"
157,256,279,31.21,68.57,1634394891896,"2021-10-16T20:04:51+05:30"
159,256,282,31.22,68.3,1634394922441,"2021-10-16T20:05:22+05:30"
161,260,287,31.2,68.26,1634394953802,"2021-10-16T20:05:53+05:30"
161,257,287,31.21,68.29,1634394983639,"2021-10-16T20:06:23+05:30"
158,254,286,31.22,68.32,1634395014230,"2021-10-16T20:06:54+05:30"
160,260,281,31.22,68.37,1634395044881,"2021-10-16T20:07:24+05:30"
159,256,281,31.21,68.22,1634395075404,"2021-10-16T20:07:55+05:30"
158,256,284,31.2,68.22,1634395105997,"2021-10-16T20:08:25+05:30"
160,251,281,31.23,68.08,1634395136587,"2021-10-16T20:08:56+05:30"
157,248,275,31.25,67.97,1634395167187,"2021-10-16T20:09:27+05:30"
159,252,274,31.27,67.87,1634395197802,"2021-10-16T20:09:57+05:30"
158,249,271,31.29,67.73,1634395228417,"2021-10-16T20:10:28+05:30"
158,246,272,31.3,67.66,1634395258975,"2021-10-16T20:10:58+05:30"
158,248,277,31.3,67.72,1634395288723,"2021-10-16T20:11:28+05:30"
160,253,283,31.3,67.68,1634395318970,"2021-10-16T20:11:58+05:30"
157,247,268,31.3,67.72,1634395349557,"2021-10-16T20:12:29+05:30"
160,252,278,31.32,67.67,1634395380131,"2021-10-16T20:13:00+05:30"
158,251,277,31.33,67.56,1634395411253,"2021-10-16T20:13:31+05:30"
159,251,275,31.35,67.56,1634395431902,"2021-10-16T20:13:51+05:30"
158,250,276,31.35,67.46,1634395462514,"2021-10-16T20:14:22+05:30"
160,263,285,31.37,67.57,1634395493107,"2021-10-16T20:14:53+05:30"
163,254,285,31.38,67.46,1634395523696,"2021-10-16T20:15:23+05:30"
164,263,293,31.36,67.04,1634395556024,"2021-10-16T20:15:56+05:30"
166,269,303,31.32,66.79,1634395584924,"2021-10-16T20:16:24+05:30"
168,271,304,31.3,66.97,1634395616145,"2021-10-16T20:16:56+05:30"
178,288,328,31.29,67.17,1634395646075,"2021-10-16T20:17:26+05:30"
181,295,328,31.28,67.16,1634395676685,"2021-10-16T20:17:56+05:30"
184,290,322,31.25,67.06,1634395707344,"2021-10-16T20:18:27+05:30"
177,284,318,31.23,66.95,1634395737982,"2021-10-16T20:18:57+05:30"
177,281,312,31.23,66.75,1634395768553,"2021-10-16T20:19:28+05:30"
179,287,315,31.21,66.75,1634395799123,"2021-10-16T20:19:59+05:30"
174,275,306,31.21,66.76,1634395829716,"2021-10-16T20:20:29+05:30"
170,265,296,31.19,66.67,1634395860347,"2021-10-16T20:21:00+05:30"
168,269,297,31.17,66.62,1634395890907,"2021-10-16T20:21:30+05:30"
168,273,298,31.16,66.29,1634395921520,"2021-10-16T20:22:01+05:30"
169,266,295,31.15,66.19,1634395952106,"2021-10-16T20:22:32+05:30"
162,263,287,31.13,66.17,1634395982686,"2021-10-16T20:23:02+05:30"
165,259,284,31.12,66.1,1634396013279,"2021-10-16T20:23:33+05:30"
164,262,287,31.12,65.91,1634396043891,"2021-10-16T20:24:03+05:30"
162,260,288,31.12,65.96,1634396074495,"2021-10-16T20:24:34+05:30"
162,257,283,31.13,65.8,1634396105063,"2021-10-16T20:25:05+05:30"
159,258,281,31.11,65.67,1634396135656,"2021-10-16T20:25:35+05:30"
160,253,279,31.1,65.72,1634396169179,"2021-10-16T20:26:09+05:30"
160,252,277,31.08,65.81,1634396189593,"2021-10-16T20:26:29+05:30"
160,254,281,31.07,65.94,1634396220154,"2021-10-16T20:27:00+05:30"
157,246,269,31.07,65.86,1634396250974,"2021-10-16T20:27:30+05:30"
159,253,272,31.08,65.8,1634396281336,"2021-10-16T20:28:01+05:30"
161,260,284,31.08,65.78,1634396312264,"2021-10-16T20:28:32+05:30"
160,252,276,31.07,65.5,1634396342869,"2021-10-16T20:29:02+05:30"
160,250,277,31.08,65.31,1634396373426,"2021-10-16T20:29:33+05:30"
163,258,284,31.07,65.32,1634396404015,"2021-10-16T20:30:04+05:30"
165,259,287,31.08,65.52,1634396434600,"2021-10-16T20:30:34+05:30"
166,259,283,31.11,65.65,1634396465219,"2021-10-16T20:31:05+05:30"
163,258,288,31.13,65.49,1634396495807,"2021-10-16T20:31:35+05:30"
159,250,283,31.13,65.21,1634396526386,"2021-10-16T20:32:06+05:30"
162,254,281,31.12,65.02,1634396556971,"2021-10-16T20:32:36+05:30"
160,254,279,31.12,65,1634396587549,"2021-10-16T20:33:07+05:30"
161,254,281,31.13,65.09,1634396618146,"2021-10-16T20:33:38+05:30"
159,252,279,31.14,65.1,1634396648729,"2021-10-16T20:34:08+05:30"
156,250,273,31.14,65.05,1634396679319,"2021-10-16T20:34:39+05:30"
159,248,274,31.15,65.11,1634396709913,"2021-10-16T20:35:09+05:30"
158,255,286,31.16,65.25,1634396740495,"2021-10-16T20:35:40+05:30"
156,246,272,31.17,65.52,1634396771246,"2021-10-16T20:36:11+05:30"
160,252,280,31.17,65.57,1634396801700,"2021-10-16T20:36:41+05:30"
159,250,274,31.16,65.38,1634396832294,"2021-10-16T20:37:12+05:30"
157,253,282,31.15,65.26,1634396863131,"2021-10-16T20:37:43+05:30"
157,250,274,31.15,65.37,1634396893473,"2021-10-16T20:38:13+05:30"
158,249,278,31.14,65.28,1634396924076,"2021-10-16T20:38:44+05:30"
155,247,270,31.15,65.25,1634396954688,"2021-10-16T20:39:14+05:30"
157,242,267,31.13,65.29,1634396985257,"2021-10-16T20:39:45+05:30"
156,243,270,31.1,65.37,1634397015968,"2021-10-16T20:40:15+05:30"
156,247,268,31.09,65.5,1634397046437,"2021-10-16T20:40:46+05:30"
155,242,273,31.09,65.55,1634397068972,"2021-10-16T20:41:08+05:30"
153,246,277,31.08,65.59,1634397099496,"2021-10-16T20:41:39+05:30"
154,243,271,31.07,65.39,1634397130117,"2021-10-16T20:42:10+05:30"
155,243,262,31.05,65.02,1634397160670,"2021-10-16T20:42:40+05:30"
156,251,275,31,65.1,1634397191247,"2021-10-16T20:43:11+05:30"
159,248,274,30.96,64.94,1634397222135,"2021-10-16T20:43:42+05:30"
160,250,275,30.93,65.01,1634397252451,"2021-10-16T20:44:12+05:30"
158,257,281,30.91,65.21,1634397283085,"2021-10-16T20:44:43+05:30"
159,253,282,30.89,65.41,1634397313627,"2021-10-16T20:45:13+05:30"
157,248,280,30.88,65.55,1634397344222,"2021-10-16T20:45:44+05:30"
158,244,271,30.88,65.29,1634397375223,"2021-10-16T20:46:15+05:30"
158,250,275,30.87,65.05,1634397405615,"2021-10-16T20:46:45+05:30"
158,246,270,30.87,64.81,1634397436042,"2021-10-16T20:47:16+05:30"
158,252,277,30.86,64.73,1634397466590,"2021-10-16T20:47:46+05:30"
154,246,269,30.86,64.72,1634397497664,"2021-10-16T20:48:17+05:30"
156,254,277,30.85,64.87,1634397527799,"2021-10-16T20:48:47+05:30"
159,251,275,30.84,65.1,1634397558393,"2021-10-16T20:49:18+05:30"
161,256,281,30.85,65.32,1634397589278,"2021-10-16T20:49:49+05:30"
161,257,282,30.86,65.38,1634397620004,"2021-10-16T20:50:20+05:30"
160,254,277,30.87,65.38,1634397650189,"2021-10-16T20:50:50+05:30"
161,253,282,30.88,65.18,1634397680777,"2021-10-16T20:51:20+05:30"
166,260,283,30.88,65.14,1634397701573,"2021-10-16T20:51:41+05:30"
159,255,281,30.87,65.11,1634397732146,"2021-10-16T20:52:12+05:30"
157,255,280,30.87,65.19,1634397762733,"2021-10-16T20:52:42+05:30"
157,247,273,30.87,65.14,1634397793328,"2021-10-16T20:53:13+05:30"
156,250,277,30.88,65.23,1634397823924,"2021-10-16T20:53:43+05:30"
155,250,276,30.91,65.16,1634397854529,"2021-10-16T20:54:14+05:30"
156,244,265,30.93,65.07,1634397885120,"2021-10-16T20:54:45+05:30"
155,247,274,30.94,64.97,1634397915718,"2021-10-16T20:55:15+05:30"
156,249,270,30.95,64.84,1634397946301,"2021-10-16T20:55:46+05:30"
156,252,276,30.96,64.81,1634397973440,"2021-10-16T20:56:13+05:30"
157,250,278,30.97,64.78,1634398004002,"2021-10-16T20:56:44+05:30"
162,258,288,30.97,64.74,1634398034626,"2021-10-16T20:57:14+05:30"
163,262,291,30.99,64.81,1634398065198,"2021-10-16T20:57:45+05:30"
167,275,304,31,64.85,1634398095785,"2021-10-16T20:58:15+05:30"
168,274,306,31.01,64.79,1634398126376,"2021-10-16T20:58:46+05:30"
170,279,310,31.03,64.92,1634398156989,"2021-10-16T20:59:16+05:30"
169,281,315,31.04,65.06,1634398187594,"2021-10-16T20:59:47+05:30"
169,276,322,31.05,65.22,1634398218167,"2021-10-16T21:00:18+05:30"
170,278,314,31.06,65.32,1634398248748,"2021-10-16T21:00:48+05:30"
166,272,308,31.09,65.46,1634398279700,"2021-10-16T21:01:19+05:30"
164,275,301,31.11,65.55,1634398310033,"2021-10-16T21:01:50+05:30"
162,267,296,31.11,65.62,1634398340618,"2021-10-16T21:02:20+05:30"
161,263,303,31.09,65.59,1634398371243,"2021-10-16T21:02:51+05:30"
164,269,304,31.08,65.66,1634398401820,"2021-10-16T21:03:21+05:30"
164,267,294,31.08,65.78,1634398432412,"2021-10-16T21:03:52+05:30"
162,263,293,31.08,65.84,1634398463001,"2021-10-16T21:04:23+05:30"
160,258,288,31.09,65.82,1634398493599,"2021-10-16T21:04:53+05:30"
160,258,285,31.08,65.73,1634398524178,"2021-10-16T21:05:24+05:30"
159,252,280,31.07,65.72,1634398554777,"2021-10-16T21:05:54+05:30"
157,259,286,31.08,65.57,1634398585398,"2021-10-16T21:06:25+05:30"
158,257,287,31.09,65.63,1634398617025,"2021-10-16T21:06:57+05:30"
157,255,279,31.1,65.72,1634398646552,"2021-10-16T21:07:26+05:30"
156,252,283,31.11,65.8,1634398677146,"2021-10-16T21:07:57+05:30"
161,255,288,31.11,65.72,1634398708045,"2021-10-16T21:08:28+05:30"
155,253,281,31.11,65.68,1634398738438,"2021-10-16T21:08:58+05:30"
159,250,278,31.11,65.57,1634398769446,"2021-10-16T21:09:29+05:30"
156,248,275,31.12,65.43,1634398799614,"2021-10-16T21:09:59+05:30"
158,248,280,31.13,65.51,1634398830216,"2021-10-16T21:10:30+05:30"
158,246,278,31.14,65.66,1634398860798,"2021-10-16T21:11:00+05:30"
162,255,285,31.13,65.95,1634398888930,"2021-10-16T21:11:28+05:30"
161,257,283,31.14,66.22,1634398919522,"2021-10-16T21:11:59+05:30"
162,254,276,31.13,66.19,1634398950118,"2021-10-16T21:12:30+05:30"
162,257,290,31.15,66.2,1634398981255,"2021-10-16T21:13:01+05:30"
162,257,285,31.14,66.24,1634399011313,"2021-10-16T21:13:31+05:30"
160,259,288,31.14,66.3,1634399041892,"2021-10-16T21:14:01+05:30"
160,254,283,31.13,66.23,1634399072824,"2021-10-16T21:14:32+05:30"
160,255,280,31.12,66.27,1634399092929,"2021-10-16T21:14:52+05:30"
158,255,280,31.11,66.09,1634399123498,"2021-10-16T21:15:23+05:30"
160,256,281,31.07,65.67,1634399154090,"2021-10-16T21:15:54+05:30"
159,252,282,31.04,65.22,1634399184674,"2021-10-16T21:16:24+05:30"
158,254,284,31.03,65.15,1634399215389,"2021-10-16T21:16:55+05:30"
159,250,281,31.02,64.94,1634399245871,"2021-10-16T21:17:25+05:30"
154,243,268,31,64.84,1634399276464,"2021-10-16T21:17:56+05:30"
160,251,273,30.98,64.87,1634399307089,"2021-10-16T21:18:27+05:30"
159,246,274,30.96,65.01,1634399337730,"2021-10-16T21:18:57+05:30"
158,249,276,30.95,65.1,1634399369183,"2021-10-16T21:19:29+05:30"
159,252,275,30.96,65.11,1634399398890,"2021-10-16T21:19:58+05:30"
159,259,287,30.97,65.15,1634399429424,"2021-10-16T21:20:29+05:30"
160,257,289,30.97,65.29,1634399460023,"2021-10-16T21:21:00+05:30"
163,259,285,31,65.35,1634399490616,"2021-10-16T21:21:30+05:30"
157,251,276,31.04,65.41,1634399521221,"2021-10-16T21:22:01+05:30"
157,249,271,31.07,65.59,1634399551801,"2021-10-16T21:22:31+05:30"
156,249,274,31.11,65.86,1634399582897,"2021-10-16T21:23:02+05:30"
155,250,274,31.16,66.14,1634399613217,"2021-10-16T21:23:33+05:30"
154,246,270,31.18,66.09,1634399643826,"2021-10-16T21:24:03+05:30"
157,247,271,31.17,65.8,1634399674428,"2021-10-16T21:24:34+05:30"
154,251,276,31.14,65.68,1634399705018,"2021-10-16T21:25:05+05:30"
157,248,272,31.12,65.57,1634399735573,"2021-10-16T21:25:35+05:30"
162,258,288,31.1,65.4,1634399769023,"2021-10-16T21:26:09+05:30"
165,261,293,31.08,65.5,1634399787626,"2021-10-16T21:26:27+05:30"
166,266,297,31.06,65.53,1634399818197,"2021-10-16T21:26:58+05:30"
171,273,312,31.05,65.44,1634399848789,"2021-10-16T21:27:28+05:30"
170,275,309,31.04,65.25,1634399879569,"2021-10-16T21:27:59+05:30"
171,273,303,31.03,65.18,1634399910058,"2021-10-16T21:28:30+05:30"
168,277,309,31.01,65.34,1634399940646,"2021-10-16T21:29:00+05:30"
167,272,304,31,65.3,1634399971241,"2021-10-16T21:29:31+05:30"
166,262,291,30.99,65.17,1634400001933,"2021-10-16T21:30:01+05:30"
168,269,297,30.98,65.16,1634400032430,"2021-10-16T21:30:32+05:30"
162,260,288,30.99,65.14,1634400063008,"2021-10-16T21:31:03+05:30"
160,258,282,31.01,65.07,1634400093609,"2021-10-16T21:31:33+05:30"
158,253,284,31.02,65.1,1634400124218,"2021-10-16T21:32:04+05:30"
158,255,278,31.03,65,1634400154844,"2021-10-16T21:32:34+05:30"
158,252,276,31.03,64.79,1634400185396,"2021-10-16T21:33:05+05:30"
157,252,280,31,64.68,1634400215953,"2021-10-16T21:33:35+05:30"
157,246,272,30.98,64.83,1634400246535,"2021-10-16T21:34:06+05:30"
154,245,267,30.98,64.81,1634400277128,"2021-10-16T21:34:37+05:30"
155,248,275,30.98,64.81,1634400307714,"2021-10-16T21:35:07+05:30"
153,250,273,30.97,64.97,1634400338318,"2021-10-16T21:35:38+05:30"
155,249,272,30.97,65.01,1634400368920,"2021-10-16T21:36:08+05:30"
153,245,272,30.97,65.14,1634400399496,"2021-10-16T21:36:39+05:30"
151,241,264,30.98,65.09,1634400430106,"2021-10-16T21:37:10+05:30"
151,243,269,30.97,65.01,1634400460712,"2021-10-16T21:37:40+05:30"
150,235,255,30.97,65.07,1634400491284,"2021-10-16T21:38:11+05:30"
149,238,261,30.96,65.12,1634400521881,"2021-10-16T21:38:41+05:30"
150,240,261,30.97,64.84,1634400552473,"2021-10-16T21:39:12+05:30"
151,242,267,30.97,64.54,1634400583100,"2021-10-16T21:39:43+05:30"
153,240,264,30.98,64.39,1634400614180,"2021-10-16T21:40:14+05:30"
152,238,261,30.98,64.38,1634400644247,"2021-10-16T21:40:44+05:30"
151,237,268,30.96,64.55,1634400672143,"2021-10-16T21:41:12+05:30"
152,241,266,30.97,64.77,1634400702708,"2021-10-16T21:41:42+05:30"
150,244,265,30.97,64.91,1634400733380,"2021-10-16T21:42:13+05:30"
149,240,269,30.98,64.97,1634400763883,"2021-10-16T21:42:43+05:30"
154,246,274,30.98,64.93,1634400795610,"2021-10-16T21:43:15+05:30"
163,257,286,30.98,64.93,1634400825066,"2021-10-16T21:43:45+05:30"
162,258,284,30.98,64.98,1634400855816,"2021-10-16T21:44:15+05:30"
159,256,282,30.99,64.98,1634400886716,"2021-10-16T21:44:46+05:30"
158,253,275,31,64.93,1634400907787,"2021-10-16T21:45:07+05:30"
157,250,278,31.01,64.81,1634400937943,"2021-10-16T21:45:37+05:30"
154,246,275,31.02,64.77,1634400968556,"2021-10-16T21:46:08+05:30"
157,251,281,31.02,64.57,1634400999141,"2021-10-16T21:46:39+05:30"
158,249,274,31.03,64.43,1634401029737,"2021-10-16T21:47:09+05:30"
155,248,274,31.04,64.25,1634401060347,"2021-10-16T21:47:40+05:30"
154,249,276,31.04,64.04,1634401090999,"2021-10-16T21:48:10+05:30"
154,249,276,31.04,64.04,1634401092413,"2021-10-16T21:48:12+05:30"
153,246,265,31.02,63.97,1634401122103,"2021-10-16T21:48:42+05:30"
155,245,270,31,63.85,1634401152110,"2021-10-16T21:49:12+05:30"
158,247,275,30.99,64,1634401183031,"2021-10-16T21:49:43+05:30"
152,242,265,30.98,63.95,1634401213395,"2021-10-16T21:50:13+05:30"
154,246,274,30.94,64.05,1634401244379,"2021-10-16T21:50:44+05:30"
154,244,274,30.91,63.96,1634401274518,"2021-10-16T21:51:14+05:30"
157,249,274,30.91,64.03,1634401305124,"2021-10-16T21:51:45+05:30"
155,249,275,30.87,64.06,1634401335722,"2021-10-16T21:52:15+05:30"
155,250,276,30.83,64.52,1634401366441,"2021-10-16T21:52:46+05:30"
157,249,276,30.84,64.74,1634401397319,"2021-10-16T21:53:17+05:30"
156,251,278,30.83,64.88,1634401427639,"2021-10-16T21:53:47+05:30"
156,245,275,30.82,64.86,1634401458112,"2021-10-16T21:54:18+05:30"
158,247,264,30.82,64.89,1634401488727,"2021-10-16T21:54:48+05:30"
157,254,284,30.83,65,1634401519306,"2021-10-16T21:55:19+05:30"
154,244,271,30.85,65.13,1634401549864,"2021-10-16T21:55:49+05:30"
153,243,269,30.88,65.24,1634401573939,"2021-10-16T21:56:13+05:30"
158,247,276,30.89,65.28,1634401604461,"2021-10-16T21:56:44+05:30"
158,245,270,30.91,65.31,1634401635074,"2021-10-16T21:57:15+05:30"
155,254,279,30.93,65.31,1634401665664,"2021-10-16T21:57:45+05:30"
154,245,269,30.95,65.22,1634401696241,"2021-10-16T21:58:16+05:30"
153,246,274,30.96,65.08,1634401726849,"2021-10-16T21:58:46+05:30"
152,247,276,30.96,64.89,1634401757455,"2021-10-16T21:59:17+05:30"
154,241,266,30.98,64.87,1634401788043,"2021-10-16T21:59:48+05:30"
154,244,272,30.99,64.9,1634401818637,"2021-10-16T22:00:18+05:30"
156,246,263,30.99,64.91,1634401849261,"2021-10-16T22:00:49+05:30"
157,247,270,30.98,64.9,1634401879809,"2021-10-16T22:01:19+05:30"
158,252,272,30.99,64.95,1634401910462,"2021-10-16T22:01:50+05:30"
156,250,275,30.99,64.96,1634401941371,"2021-10-16T22:02:21+05:30"
158,249,274,30.99,64.71,1634401971592,"2021-10-16T22:02:51+05:30"
156,249,274,31,64.59,1634402002221,"2021-10-16T22:03:22+05:30"
155,251,277,31,64.27,1634402032776,"2021-10-16T22:03:52+05:30"
158,250,274,31.01,64.28,1634402063365,"2021-10-16T22:04:23+05:30"
158,252,278,30.99,64.47,1634402093963,"2021-10-16T22:04:53+05:30"
158,248,268,30.99,64.62,1634402124562,"2021-10-16T22:05:24+05:30"
160,253,273,31.01,64.73,1634402155247,"2021-10-16T22:05:55+05:30"
158,254,284,31.03,64.79,1634402185757,"2021-10-16T22:06:25+05:30"
156,251,273,31.02,64.78,1634402216332,"2021-10-16T22:06:56+05:30"
160,251,272,31.01,64.66,1634402246933,"2021-10-16T22:07:26+05:30"
158,255,282,31,64.5,1634402277544,"2021-10-16T22:07:57+05:30"
158,248,274,31,64.57,1634402308421,"2021-10-16T22:08:28+05:30"
157,248,271,30.99,64.56,1634402338705,"2021-10-16T22:08:58+05:30"
158,249,272,30.99,64.57,1634402369318,"2021-10-16T22:09:29+05:30"
157,250,273,30.97,64.38,1634402400154,"2021-10-16T22:10:00+05:30"
155,246,271,30.98,64.23,1634402430494,"2021-10-16T22:10:30+05:30"
153,243,265,31,64.24,1634402461093,"2021-10-16T22:11:01+05:30"
153,244,269,31.01,64.17,1634402488843,"2021-10-16T22:11:28+05:30"
155,249,274,31.02,64.15,1634402519424,"2021-10-16T22:11:59+05:30"
157,247,276,31.04,64.21,1634402550028,"2021-10-16T22:12:30+05:30"
153,241,265,31.06,64.17,1634402580615,"2021-10-16T22:13:00+05:30"
155,242,262,31.08,64.27,1634402611204,"2021-10-16T22:13:31+05:30"
155,242,266,31.1,64.32,1634402641798,"2021-10-16T22:14:01+05:30"
154,243,268,31.11,64.32,1634402672406,"2021-10-16T22:14:32+05:30"
155,243,269,31.11,64.17,1634402703593,"2021-10-16T22:15:03+05:30"
153,244,272,31.1,64.24,1634402733593,"2021-10-16T22:15:33+05:30"
154,238,262,31.1,64.41,1634402764174,"2021-10-16T22:16:04+05:30"
153,239,261,31.08,64.5,1634402794788,"2021-10-16T22:16:34+05:30"
155,241,267,31.06,64.25,1634402825365,"2021-10-16T22:17:05+05:30"
152,246,274,31.05,64.19,1634402856190,"2021-10-16T22:17:36+05:30"
152,246,274,31.05,64.19,1634402857706,"2021-10-16T22:17:37+05:30"
154,242,264,31.02,64.3,1634402877380,"2021-10-16T22:17:57+05:30"
154,242,266,30.99,64.45,1634402907013,"2021-10-16T22:18:27+05:30"
154,243,263,30.96,64.33,1634402937452,"2021-10-16T22:18:57+05:30"
156,248,273,30.95,64.3,1634402968052,"2021-10-16T22:19:28+05:30"
155,246,267,30.95,64.21,1634402998699,"2021-10-16T22:19:58+05:30"
154,239,261,30.95,64.16,1634403029253,"2021-10-16T22:20:29+05:30"
155,240,263,30.98,64.09,1634403059827,"2021-10-16T22:20:59+05:30"
156,246,270,30.97,63.99,1634403090428,"2021-10-16T22:21:30+05:30"
156,248,270,30.94,64.12,1634403122057,"2021-10-16T22:22:02+05:30"
155,249,273,30.93,64.07,1634403151622,"2021-10-16T22:22:31+05:30"
157,249,280,30.92,64.12,1634403182563,"2021-10-16T22:23:02+05:30"
157,249,280,30.92,64.12,1634403185771,"2021-10-16T22:23:05+05:30"
158,251,282,30.91,64.23,1634403212802,"2021-10-16T22:23:32+05:30"
156,249,281,30.92,64.46,1634403243516,"2021-10-16T22:24:03+05:30"
157,250,276,30.92,64.47,1634403274006,"2021-10-16T22:24:34+05:30"
154,246,271,30.89,64.38,1634403304603,"2021-10-16T22:25:04+05:30"
155,246,273,30.87,64.43,1634403335195,"2021-10-16T22:25:35+05:30"
160,253,281,30.85,64.44,1634403369639,"2021-10-16T22:26:09+05:30"
156,244,271,30.84,64.24,1634403400196,"2021-10-16T22:26:40+05:30"
154,248,276,30.83,64.07,1634403430859,"2021-10-16T22:27:10+05:30"
157,249,272,30.81,63.91,1634403461784,"2021-10-16T22:27:41+05:30"
154,247,277,30.79,63.94,1634403482550,"2021-10-16T22:28:02+05:30"
157,244,270,30.78,64.11,1634403513197,"2021-10-16T22:28:33+05:30"
157,248,276,30.79,64.06,1634403543785,"2021-10-16T22:29:03+05:30"
159,257,282,30.81,64.16,1634403574359,"2021-10-16T22:29:34+05:30"
157,249,272,30.83,63.6,1634403604962,"2021-10-16T22:30:04+05:30"
162,257,278,30.82,63.25,1634403635545,"2021-10-16T22:30:35+05:30"
157,248,270,30.82,63.08,1634403666484,"2021-10-16T22:31:06+05:30"
160,254,277,30.82,63.36,1634403696914,"2021-10-16T22:31:36+05:30"
157,250,273,30.82,63.46,1634403727358,"2021-10-16T22:32:07+05:30"
160,251,276,30.83,63.51,1634403757961,"2021-10-16T22:32:37+05:30"
154,249,279,30.84,63.71,1634403788575,"2021-10-16T22:33:08+05:30"
158,249,275,30.87,63.93,1634403819158,"2021-10-16T22:33:39+05:30"
159,254,279,30.89,63.99,1634403849745,"2021-10-16T22:34:09+05:30"
157,251,275,30.89,63.88,1634403880332,"2021-10-16T22:34:40+05:30"
158,249,277,30.91,63.93,1634403910921,"2021-10-16T22:35:10+05:30"
155,250,279,30.93,64.23,1634403941632,"2021-10-16T22:35:41+05:30"
158,251,272,30.95,64.12,1634403972377,"2021-10-16T22:36:12+05:30"
157,249,278,30.94,64.16,1634404002705,"2021-10-16T22:36:42+05:30"
154,246,267,30.94,64.21,1634404033776,"2021-10-16T22:37:13+05:30"
156,246,270,30.95,63.96,1634404063893,"2021-10-16T22:37:43+05:30"
154,247,274,30.96,63.89,1634404094705,"2021-10-16T22:38:14+05:30"
153,250,273,30.98,63.86,1634404125106,"2021-10-16T22:38:45+05:30"
154,243,270,30.96,63.59,1634404155676,"2021-10-16T22:39:15+05:30"
157,244,270,30.92,63.56,1634404186298,"2021-10-16T22:39:46+05:30"
155,247,271,30.9,63.5,1634404216868,"2021-10-16T22:40:16+05:30"
156,249,275,30.87,63.39,1634404247467,"2021-10-16T22:40:47+05:30"
153,243,270,30.85,63.37,1634404270412,"2021-10-16T22:41:10+05:30"
155,241,265,30.83,63.38,1634404301122,"2021-10-16T22:41:41+05:30"
155,246,272,30.82,63.33,1634404331601,"2021-10-16T22:42:11+05:30"
155,242,269,30.82,63.32,1634404362204,"2021-10-16T22:42:42+05:30"
155,239,265,30.81,63.25,1634404392808,"2021-10-16T22:43:12+05:30"
156,245,267,30.79,63.07,1634404423381,"2021-10-16T22:43:43+05:30"
154,243,267,30.74,63.08,1634404453964,"2021-10-16T22:44:13+05:30"
155,248,269,30.71,63.27,1634404484632,"2021-10-16T22:44:44+05:30"
158,248,272,30.69,63.46,1634404515242,"2021-10-16T22:45:15+05:30"
155,247,271,30.67,63.51,1634404545841,"2021-10-16T22:45:45+05:30"
155,248,272,30.64,63.68,1634404576446,"2021-10-16T22:46:16+05:30"
156,245,268,30.64,63.86,1634404607027,"2021-10-16T22:46:47+05:30"
160,251,272,30.68,63.62,1634404637618,"2021-10-16T22:47:17+05:30"
160,251,272,30.77,62.96,1634404668281,"2021-10-16T22:47:48+05:30"
161,253,282,30.92,62.71,1634404698828,"2021-10-16T22:48:18+05:30"
156,251,279,31.07,62.43,1634404729398,"2021-10-16T22:48:49+05:30"
158,250,281,31.19,62.14,1634404760645,"2021-10-16T22:49:20+05:30"
157,252,280,31.29,61.87,1634404790648,"2021-10-16T22:49:50+05:30"
156,246,275,31.39,61.6,1634404821220,"2021-10-16T22:50:21+05:30"
156,245,267,31.45,61.42,1634404851808,"2021-10-16T22:50:51+05:30"
157,249,275,31.5,61.31,1634404882397,"2021-10-16T22:51:22+05:30"
155,248,271,31.53,61.32,1634404913056,"2021-10-16T22:51:53+05:30"
154,243,268,31.55,61.28,1634404943653,"2021-10-16T22:52:23+05:30"
157,246,275,31.57,61.28,1634404974235,"2021-10-16T22:52:54+05:30"
155,245,267,31.61,61.16,1634405004858,"2021-10-16T22:53:24+05:30"
154,240,267,31.64,61.16,1634405035715,"2021-10-16T22:53:55+05:30"
154,241,267,31.65,61.17,1634405056598,"2021-10-16T22:54:16+05:30"
155,245,271,31.66,61.16,1634405087314,"2021-10-16T22:54:47+05:30"
152,239,263,31.66,61.2,1634405117974,"2021-10-16T22:55:17+05:30"
152,239,257,31.67,61.17,1634405148578,"2021-10-16T22:55:48+05:30"
151,239,265,31.69,61.15,1634405178141,"2021-10-16T22:56:18+05:30"
150,237,264,31.69,61.22,1634405208707,"2021-10-16T22:56:48+05:30"
151,236,266,31.7,61.26,1634405239288,"2021-10-16T22:57:19+05:30"
152,240,267,31.71,61.26,1634405271137,"2021-10-16T22:57:51+05:30"
154,242,262,31.71,61.24,1634405300458,"2021-10-16T22:58:20+05:30"
153,243,266,31.73,61.23,1634405331052,"2021-10-16T22:58:51+05:30"
149,236,262,31.74,61.2,1634405361653,"2021-10-16T22:59:21+05:30"
151,237,264,31.74,61.22,1634405392378,"2021-10-16T22:59:52+05:30"
152,239,267,31.74,61.27,1634405422827,"2021-10-16T23:00:22+05:30"
150,239,260,31.76,61.24,1634405453424,"2021-10-16T23:00:53+05:30"
151,238,266,31.77,61.21,1634405484025,"2021-10-16T23:01:24+05:30"
152,244,264,31.77,61.26,1634405514651,"2021-10-16T23:01:54+05:30"
148,238,256,31.76,61.31,1634405545200,"2021-10-16T23:02:25+05:30"
148,234,263,31.73,61.44,1634405575783,"2021-10-16T23:02:55+05:30"
149,234,254,31.73,61.46,1634405606348,"2021-10-16T23:03:26+05:30"
151,234,255,31.75,61.47,1634405636985,"2021-10-16T23:03:56+05:30"
152,239,265,31.76,61.45,1634405667601,"2021-10-16T23:04:27+05:30"
153,237,253,31.76,61.48,1634405698305,"2021-10-16T23:04:58+05:30"
151,235,264,31.76,61.53,1634405729375,"2021-10-16T23:05:29+05:30"
148,232,247,31.75,61.56,1634405759468,"2021-10-16T23:05:59+05:30"
151,234,257,31.74,61.62,1634405789954,"2021-10-16T23:06:29+05:30"
147,234,263,31.73,61.67,1634405821759,"2021-10-16T23:07:01+05:30"
149,234,260,31.71,61.75,1634405851106,"2021-10-16T23:07:31+05:30"
149,235,257,31.7,61.8,1634405881741,"2021-10-16T23:08:01+05:30"
149,236,257,31.7,61.84,1634405912304,"2021-10-16T23:08:32+05:30"
147,237,256,31.7,61.83,1634405942903,"2021-10-16T23:09:02+05:30"
150,233,253,31.7,61.87,1634405973474,"2021-10-16T23:09:33+05:30"
147,229,253,31.7,61.92,1634406004090,"2021-10-16T23:10:04+05:30"
147,232,255,31.7,61.93,1634406034675,"2021-10-16T23:10:34+05:30"
149,233,257,31.69,61.91,1634406069158,"2021-10-16T23:11:09+05:30"
148,229,249,31.68,61.95,1634406087832,"2021-10-16T23:11:27+05:30"
149,231,251,31.67,62.06,1634406118436,"2021-10-16T23:11:58+05:30"
149,231,248,31.68,62.05,1634406149036,"2021-10-16T23:12:29+05:30"
147,229,250,31.68,62.03,1634406179645,"2021-10-16T23:12:59+05:30"
149,229,253,31.66,62.11,1634406210234,"2021-10-16T23:13:30+05:30"
148,231,251,31.66,62.18,1634406240804,"2021-10-16T23:14:00+05:30"
146,235,258,31.65,62.21,1634406271420,"2021-10-16T23:14:31+05:30"
149,232,254,31.64,62.24,1634406302010,"2021-10-16T23:15:02+05:30"
148,230,258,31.62,62.29,1634406332584,"2021-10-16T23:15:32+05:30"
148,233,256,31.61,62.38,1634406363192,"2021-10-16T23:16:03+05:30"
148,230,254,31.61,62.4,1634406393798,"2021-10-16T23:16:33+05:30"
151,242,268,31.6,62.44,1634406424385,"2021-10-16T23:17:04+05:30"
150,231,254,31.58,62.5,1634406455128,"2021-10-16T23:17:35+05:30"
149,230,254,31.59,62.53,1634406485587,"2021-10-16T23:18:05+05:30"
147,231,254,31.6,62.52,1634406516241,"2021-10-16T23:18:36+05:30"
147,228,251,31.59,62.53,1634406546840,"2021-10-16T23:19:06+05:30"
148,230,255,31.58,62.57,1634406577442,"2021-10-16T23:19:37+05:30"
148,234,258,31.57,62.64,1634406608037,"2021-10-16T23:20:08+05:30"
148,233,257,31.57,62.68,1634406638606,"2021-10-16T23:20:38+05:30"
148,233,256,31.58,62.65,1634406669209,"2021-10-16T23:21:09+05:30"
147,232,254,31.57,62.66,1634406699865,"2021-10-16T23:21:39+05:30"
148,234,257,31.56,62.69,1634406730404,"2021-10-16T23:22:10+05:30"
149,231,255,31.55,62.74,1634406761010,"2021-10-16T23:22:41+05:30"
147,229,249,31.55,62.78,1634406791589,"2021-10-16T23:23:11+05:30"
147,233,258,31.55,62.8,1634406822200,"2021-10-16T23:23:42+05:30"
143,231,251,31.55,62.77,1634406852782,"2021-10-16T23:24:12+05:30"
150,233,254,31.53,62.83,1634406883385,"2021-10-16T23:24:43+05:30"
147,231,254,31.52,62.9,1634406914030,"2021-10-16T23:25:14+05:30"
148,229,255,31.52,62.92,1634406944594,"2021-10-16T23:25:44+05:30"
147,233,260,31.53,62.9,1634406969517,"2021-10-16T23:26:09+05:30"
151,228,251,31.52,62.92,1634407000121,"2021-10-16T23:26:40+05:30"
150,234,258,31.52,62.96,1634407030683,"2021-10-16T23:27:10+05:30"
147,230,249,31.51,63,1634407061427,"2021-10-16T23:27:41+05:30"
149,230,249,31.51,63.02,1634407091878,"2021-10-16T23:28:11+05:30"
149,232,254,31.51,63,1634407122473,"2021-10-16T23:28:42+05:30"
146,229,249,31.52,62.98,1634407153132,"2021-10-16T23:29:13+05:30"
147,229,254,31.51,63,1634407183661,"2021-10-16T23:29:43+05:30"
148,226,247,31.51,63.01,1634407214811,"2021-10-16T23:30:14+05:30"
147,231,252,31.51,63.05,1634407244942,"2021-10-16T23:30:44+05:30"
147,231,253,31.51,63.08,1634407275513,"2021-10-16T23:31:15+05:30"
149,230,251,31.5,63.1,1634407306109,"2021-10-16T23:31:46+05:30"
146,229,253,31.49,63.15,1634407336704,"2021-10-16T23:32:16+05:30"
145,229,255,31.48,63.17,1634407367314,"2021-10-16T23:32:47+05:30"
148,231,255,31.47,63.22,1634407398074,"2021-10-16T23:33:18+05:30"
145,228,248,31.48,63.21,1634407428590,"2021-10-16T23:33:48+05:30"
147,226,247,31.47,63.23,1634407459215,"2021-10-16T23:34:19+05:30"
147,228,249,31.46,63.28,1634407489786,"2021-10-16T23:34:49+05:30"
145,231,252,31.47,63.24,1634407520352,"2021-10-16T23:35:20+05:30"
148,232,248,31.46,63.29,1634407550953,"2021-10-16T23:35:50+05:30"
149,228,253,31.45,63.35,1634407581690,"2021-10-16T23:36:21+05:30"
145,225,250,31.46,63.33,1634407612150,"2021-10-16T23:36:52+05:30"
146,230,251,31.46,63.35,1634407642723,"2021-10-16T23:37:22+05:30"
146,230,251,31.45,63.37,1634407673350,"2021-10-16T23:37:53+05:30"
147,229,251,31.45,63.41,1634407703941,"2021-10-16T23:38:23+05:30"
144,230,254,31.44,63.44,1634407734505,"2021-10-16T23:38:54+05:30"
146,234,258,31.44,63.46,1634407765470,"2021-10-16T23:39:25+05:30"
146,233,255,31.42,63.53,1634407786147,"2021-10-16T23:39:46+05:30"
149,233,252,31.44,63.5,1634407816692,"2021-10-16T23:40:16+05:30"
147,229,255,31.45,63.47,1634407847444,"2021-10-16T23:40:47+05:30"
150,231,250,31.44,63.48,1634407876621,"2021-10-16T23:41:16+05:30"
151,231,254,31.43,63.48,1634407907196,"2021-10-16T23:41:47+05:30"
148,231,253,31.42,63.48,1634407937795,"2021-10-16T23:42:17+05:30"
148,232,255,31.41,63.52,1634407968502,"2021-10-16T23:42:48+05:30"
147,234,251,31.4,63.56,1634407998973,"2021-10-16T23:43:18+05:30"
150,235,259,31.39,63.59,1634408029563,"2021-10-16T23:43:49+05:30"
148,228,252,31.38,63.61,1634408060180,"2021-10-16T23:44:20+05:30"
148,232,259,31.39,63.58,1634408090799,"2021-10-16T23:44:50+05:30"
148,231,252,31.39,63.58,1634408121338,"2021-10-16T23:45:21+05:30"
147,228,244,31.38,63.63,1634408153124,"2021-10-16T23:45:53+05:30"
147,228,244,31.38,63.63,1634408154144,"2021-10-16T23:45:54+05:30"
147,229,255,31.38,63.67,1634408182542,"2021-10-16T23:46:22+05:30"
147,230,248,31.36,63.74,1634408213125,"2021-10-16T23:46:53+05:30"
151,230,250,31.35,63.76,1634408243713,"2021-10-16T23:47:23+05:30"
149,230,256,31.35,63.8,1634408274825,"2021-10-16T23:47:54+05:30"
150,235,261,31.35,63.8,1634408304903,"2021-10-16T23:48:24+05:30"
145,227,246,31.36,63.78,1634408335510,"2021-10-16T23:48:55+05:30"
149,229,249,31.36,63.8,1634408366498,"2021-10-16T23:49:26+05:30"
149,231,255,31.35,63.87,1634408396694,"2021-10-16T23:49:56+05:30"
147,229,249,31.35,63.87,1634408428481,"2021-10-16T23:50:28+05:30"
149,234,256,31.35,63.87,1634408457886,"2021-10-16T23:50:57+05:30"
151,237,255,31.35,63.88,1634408488498,"2021-10-16T23:51:28+05:30"
148,227,248,31.34,63.92,1634408519098,"2021-10-16T23:51:59+05:30"
146,234,252,31.32,63.98,1634408549756,"2021-10-16T23:52:29+05:30"
147,230,252,31.32,63.99,1634408580255,"2021-10-16T23:53:00+05:30"
150,236,259,31.32,64.01,1634408610849,"2021-10-16T23:53:30+05:30"
148,227,249,31.32,64.03,1634408641444,"2021-10-16T23:54:01+05:30"
148,228,250,31.31,64.06,1634408672029,"2021-10-16T23:54:32+05:30"
149,232,258,31.31,64.05,1634408702645,"2021-10-16T23:55:02+05:30"
148,228,253,31.31,64.05,1634408733216,"2021-10-16T23:55:33+05:30"
149,234,259,31.31,64.07,1634408769130,"2021-10-16T23:56:09+05:30"
149,233,260,31.31,64.07,1634408786784,"2021-10-16T23:56:26+05:30"
149,233,255,31.31,64.07,1634408817418,"2021-10-16T23:56:57+05:30"
150,232,254,31.3,64.08,1634408848001,"2021-10-16T23:57:28+05:30"
147,232,257,31.3,64.1,1634408878585,"2021-10-16T23:57:58+05:30"
148,231,252,31.29,64.16,1634408909192,"2021-10-16T23:58:29+05:30"
148,234,263,31.29,64.19,1634408939799,"2021-10-16T23:58:59+05:30"