"pm1_0","pm2_5","pm10","temp","humid","createdAt","localtime"
32,49,67,28.13,56.48,1634897543253,"2021-10-22T15:42:23+05:30"
30,47,68,28.12,56.38,1634897573608,"2021-10-22T15:42:53+05:30"
31,49,66,28.11,56.26,1634897604264,"2021-10-22T15:43:24+05:30"
31,48,63,28.1,56.19,1634897634757,"2021-10-22T15:43:54+05:30"
30,47,61,28.08,55.87,1634897690851,"2021-10-22T15:44:50+05:30"
35,70,108,29.7,53.24,1634898010194,"2021-10-22T15:50:10+05:30"
37,63,75,29.94,52.13,1634898040092,"2021-10-22T15:50:40+05:30"
34,58,73,30.19,51.6,1634898070637,"2021-10-22T15:51:10+05:30"
32,51,68,30.45,50.77,1634898101228,"2021-10-22T15:51:41+05:30"
32,53,71,30.72,50.07,1634898131819,"2021-10-22T15:52:11+05:30"
33,52,69,31,48.9,1634898162389,"2021-10-22T15:52:42+05:30"
33,54,72,31.29,48.27,1634898192959,"2021-10-22T15:53:12+05:30"
33,52,72,31.58,47.59,1634898223550,"2021-10-22T15:53:43+05:30"
33,53,71,31.87,46.59,1634898254123,"2021-10-22T15:54:14+05:30"
31,49,66,32.15,45.86,1634898284710,"2021-10-22T15:54:44+05:30"
31,48,64,32.47,44.58,1634898315269,"2021-10-22T15:55:15+05:30"
30,45,60,32.74,44.2,1634898345862,"2021-10-22T15:55:45+05:30"
30,47,63,33,43.65,1634898376468,"2021-10-22T15:56:16+05:30"
28,46,62,33.25,43.13,1634898407056,"2021-10-22T15:56:47+05:30"
29,45,64,33.5,43.04,1634898437605,"2021-10-22T15:57:17+05:30"
28,47,62,33.77,43.91,1634898468182,"2021-10-22T15:57:48+05:30"
28,45,59,34.01,44.36,1634898498770,"2021-10-22T15:58:18+05:30"
27,43,54,34.22,41.39,1634898529373,"2021-10-22T15:58:49+05:30"
28,43,56,34.43,40.51,1634898560024,"2021-10-22T15:59:20+05:30"
27,44,58,34.65,39.93,1634898590504,"2021-10-22T15:59:50+05:30"
27,44,57,34.85,39.53,1634898621120,"2021-10-22T16:00:21+05:30"
27,44,57,35.04,38.68,1634898651663,"2021-10-22T16:00:51+05:30"
26,42,57,35.25,37.95,1634898682245,"2021-10-22T16:01:22+05:30"
25,41,55,35.44,37.72,1634898712826,"2021-10-22T16:01:52+05:30"
25,40,52,35.59,37.42,1634898743376,"2021-10-22T16:02:23+05:30"
27,44,58,35.7,37.72,1634898773951,"2021-10-22T16:02:53+05:30"
26,42,54,35.83,37.21,1634898804529,"2021-10-22T16:03:24+05:30"
26,42,56,35.96,36.51,1634898835132,"2021-10-22T16:03:55+05:30"
27,44,59,36.08,35.99,1634898865698,"2021-10-22T16:04:25+05:30"
27,44,57,36.21,36.07,1634898893343,"2021-10-22T16:04:53+05:30"
27,44,57,36.35,35.96,1634898923634,"2021-10-22T16:05:23+05:30"
29,45,60,36.46,35.75,1634898954183,"2021-10-22T16:05:54+05:30"
27,43,59,36.57,35.32,1634898984949,"2021-10-22T16:06:24+05:30"
27,44,58,36.67,34.77,1634899015606,"2021-10-22T16:06:55+05:30"
27,44,60,36.77,34.5,1634899046193,"2021-10-22T16:07:26+05:30"
27,42,57,36.87,34.49,1634899076775,"2021-10-22T16:07:56+05:30"
26,41,55,36.96,34.46,1634899107352,"2021-10-22T16:08:27+05:30"
25,42,58,37.02,34.41,1634899137927,"2021-10-22T16:08:57+05:30"
28,45,62,37.13,34.04,1634899168737,"2021-10-22T16:09:28+05:30"
27,44,61,37.2,33.96,1634899199720,"2021-10-22T16:09:59+05:30"
28,45,61,37.28,33.61,1634899230317,"2021-10-22T16:10:30+05:30"
51,79,98,37.34,33.64,1634899261016,"2021-10-22T16:11:01+05:30"
127,188,211,37.37,33.72,1634899291824,"2021-10-22T16:11:31+05:30"
84,124,138,37.42,33.48,1634899322372,"2021-10-22T16:12:02+05:30"
65,97,114,37.48,33.25,1634899352934,"2021-10-22T16:12:32+05:30"
47,70,82,37.55,33,1634899383550,"2021-10-22T16:13:03+05:30"
39,62,76,37.61,32.74,1634899414281,"2021-10-22T16:13:34+05:30"
33,53,72,37.66,32.73,1634899444834,"2021-10-22T16:14:04+05:30"
32,51,70,37.71,32.39,1634899475421,"2021-10-22T16:14:35+05:30"
34,55,74,37.75,32.26,1634899506017,"2021-10-22T16:15:06+05:30"
35,57,74,37.79,32.18,1634899536597,"2021-10-22T16:15:36+05:30"
33,54,74,37.81,31.93,1634899567375,"2021-10-22T16:16:07+05:30"
32,50,66,37.84,31.94,1634899598102,"2021-10-22T16:16:38+05:30"
30,48,64,37.89,31.21,1634899628906,"2021-10-22T16:17:08+05:30"
30,47,62,37.92,31.36,1634899659338,"2021-10-22T16:17:39+05:30"
27,42,57,37.96,31.74,1634899689914,"2021-10-22T16:18:09+05:30"
28,45,59,37.97,31.86,1634899720732,"2021-10-22T16:18:40+05:30"
27,44,58,37.98,31.91,1634899751104,"2021-10-22T16:19:11+05:30"
27,42,56,38.01,31.63,1634899781674,"2021-10-22T16:19:41+05:30"
27,43,59,38.04,31.6,1634899812414,"2021-10-22T16:20:12+05:30"
27,42,55,38.08,31.39,1634899842532,"2021-10-22T16:20:42+05:30"
27,43,57,38.1,31.2,1634899873079,"2021-10-22T16:21:13+05:30"
26,43,56,38.11,30.97,1634899903685,"2021-10-22T16:21:43+05:30"
27,43,57,38.13,31.35,1634899934290,"2021-10-22T16:22:14+05:30"
26,43,56,38.14,31.29,1634899965180,"2021-10-22T16:22:45+05:30"
27,43,60,38.18,31.3,1634899995674,"2021-10-22T16:23:15+05:30"
27,42,56,38.19,31.17,1634900026242,"2021-10-22T16:23:46+05:30"
25,40,55,38.2,31.24,1634900056831,"2021-10-22T16:24:16+05:30"
26,43,59,38.22,31.18,1634900087416,"2021-10-22T16:24:47+05:30"
28,45,61,38.22,31.39,1634900118089,"2021-10-22T16:25:18+05:30"
28,44,60,38.23,31.36,1634900148649,"2021-10-22T16:25:48+05:30"
41,64,79,38.24,31.45,1634900179547,"2021-10-22T16:26:19+05:30"
63,100,115,38.26,31.58,1634900210054,"2021-10-22T16:26:50+05:30"
51,84,103,38.27,31.6,1634900240652,"2021-10-22T16:27:20+05:30"
40,64,79,38.28,31.54,1634900271202,"2021-10-22T16:27:51+05:30"
36,59,76,38.28,31.73,1634900301869,"2021-10-22T16:28:21+05:30"
34,56,74,38.28,31.6,1634900332344,"2021-10-22T16:28:52+05:30"
32,52,69,38.28,31.59,1634900362941,"2021-10-22T16:29:22+05:30"
32,51,69,38.28,31.53,1634900393544,"2021-10-22T16:29:53+05:30"
32,53,72,38.29,31.5,1634900424101,"2021-10-22T16:30:24+05:30"
34,56,76,38.29,31.61,1634900454680,"2021-10-22T16:30:54+05:30"
32,52,74,38.3,31.43,1634900485279,"2021-10-22T16:31:25+05:30"
32,58,83,38.3,31.43,1634900515871,"2021-10-22T16:31:55+05:30"
32,57,77,38.3,31.63,1634900546425,"2021-10-22T16:32:26+05:30"
32,52,74,38.3,31.49,1634900577053,"2021-10-22T16:32:57+05:30"
32,51,71,38.31,31.46,1634900607620,"2021-10-22T16:33:27+05:30"
30,49,66,38.31,31.39,1634900638208,"2021-10-22T16:33:58+05:30"
31,49,67,38.32,31.38,1634900668768,"2021-10-22T16:34:28+05:30"
31,52,73,38.32,31.54,1634900697767,"2021-10-22T16:34:57+05:30"
33,54,74,38.33,31.6,1634900728763,"2021-10-22T16:35:28+05:30"
33,54,74,38.33,31.6,1634900730460,"2021-10-22T16:35:30+05:30"
34,54,72,38.34,31.61,1634900759243,"2021-10-22T16:35:59+05:30"
32,53,75,38.35,31.49,1634900789700,"2021-10-22T16:36:29+05:30"
32,52,73,38.37,31.43,1634900820514,"2021-10-22T16:37:00+05:30"
32,53,73,38.38,31.51,1634900851445,"2021-10-22T16:37:31+05:30"
31,52,72,38.38,31.47,1634900882294,"2021-10-22T16:38:02+05:30"
31,52,72,38.38,31.29,1634900912936,"2021-10-22T16:38:32+05:30"
31,50,67,38.38,31.26,1634900943359,"2021-10-22T16:39:03+05:30"
31,50,69,38.37,31.34,1634900973948,"2021-10-22T16:39:33+05:30"
30,50,69,38.38,31.1,1634901004518,"2021-10-22T16:40:04+05:30"
31,51,69,38.39,31.05,1634901035491,"2021-10-22T16:40:35+05:30"
30,51,70,38.39,31.06,1634901066137,"2021-10-22T16:41:06+05:30"
32,53,73,38.39,31.07,1634901096723,"2021-10-22T16:41:36+05:30"
33,59,79,38.39,31.18,1634901127610,"2021-10-22T16:42:07+05:30"
33,56,76,38.39,31.05,1634901158101,"2021-10-22T16:42:38+05:30"
33,56,76,38.4,31.07,1634901188677,"2021-10-22T16:43:08+05:30"
32,55,76,38.4,31.25,1634901219254,"2021-10-22T16:43:39+05:30"
32,53,78,38.41,31.39,1634901250037,"2021-10-22T16:44:10+05:30"
31,55,83,38.41,31.46,1634901280567,"2021-10-22T16:44:40+05:30"
29,50,71,38.42,30.82,1634901311346,"2021-10-22T16:45:11+05:30"
30,49,67,38.43,30.91,1634901341782,"2021-10-22T16:45:41+05:30"
112,176,204,38.43,31.1,1634901372312,"2021-10-22T16:46:12+05:30"
199,308,342,38.43,31.24,1634901403093,"2021-10-22T16:46:43+05:30"
130,193,214,38.44,31.19,1634901433466,"2021-10-22T16:47:13+05:30"
96,144,164,38.43,31.35,1634901464051,"2021-10-22T16:47:44+05:30"
94,139,159,38.44,31.29,1634901494676,"2021-10-22T16:48:14+05:30"
76,117,136,38.44,31.1,1634901525252,"2021-10-22T16:48:45+05:30"
69,107,128,38.44,31.07,1634901556143,"2021-10-22T16:49:16+05:30"
114,172,198,38.45,30.96,1634901590483,"2021-10-22T16:49:50+05:30"
110,164,185,38.45,30.95,1634901620549,"2021-10-22T16:50:20+05:30"
83,125,139,38.45,31.03,1634901651064,"2021-10-22T16:50:51+05:30"
54,80,92,38.45,30.95,1634901681665,"2021-10-22T16:51:21+05:30"
57,88,108,38.45,31.13,1634901712248,"2021-10-22T16:51:52+05:30"
46,75,89,38.44,31.22,1634901742815,"2021-10-22T16:52:22+05:30"
42,67,79,38.43,31.15,1634901773416,"2021-10-22T16:52:53+05:30"
37,60,77,38.44,31.11,1634901804054,"2021-10-22T16:53:24+05:30"
33,53,71,38.44,31.14,1634901834562,"2021-10-22T16:53:54+05:30"
32,51,71,38.44,31.17,1634901865173,"2021-10-22T16:54:25+05:30"
31,50,68,38.43,31.03,1634901895699,"2021-10-22T16:54:55+05:30"
33,52,71,38.43,31.13,1634901926353,"2021-10-22T16:55:26+05:30"
35,59,77,38.43,31.17,1634901956904,"2021-10-22T16:55:56+05:30"
34,57,77,38.43,31.22,1634901987488,"2021-10-22T16:56:27+05:30"
33,53,74,38.44,31.13,1634902018089,"2021-10-22T16:56:58+05:30"
35,57,75,38.44,31.15,1634902048662,"2021-10-22T16:57:28+05:30"
33,55,75,38.44,31.17,1634902079217,"2021-10-22T16:57:59+05:30"
30,49,67,38.44,31.23,1634902109854,"2021-10-22T16:58:29+05:30"
55,87,111,38.44,31.23,1634902140405,"2021-10-22T16:59:00+05:30"
65,103,125,38.45,31.18,1634902171015,"2021-10-22T16:59:31+05:30"
50,80,98,38.45,30.86,1634902201561,"2021-10-22T17:00:01+05:30"
47,76,95,38.44,31.03,1634902233916,"2021-10-22T17:00:33+05:30"
46,71,90,38.44,31.11,1634902262694,"2021-10-22T17:01:02+05:30"
44,71,95,38.44,31.03,1634902293294,"2021-10-22T17:01:33+05:30"
75,118,134,38.45,31.06,1634902323892,"2021-10-22T17:02:03+05:30"
196,302,337,38.44,31.18,1634902354468,"2021-10-22T17:02:34+05:30"
149,233,258,38.43,31.34,1634902385055,"2021-10-22T17:03:05+05:30"
108,161,182,38.43,31.25,1634902415747,"2021-10-22T17:03:35+05:30"
97,148,172,38.44,31.27,1634902446229,"2021-10-22T17:04:06+05:30"
76,118,135,38.43,31.23,1634902476809,"2021-10-22T17:04:36+05:30"
72,110,128,38.43,31.11,1634902510536,"2021-10-22T17:05:10+05:30"
64,99,117,38.44,31.08,1634902540473,"2021-10-22T17:05:40+05:30"
63,96,115,38.45,31.04,1634902571039,"2021-10-22T17:06:11+05:30"
62,98,121,38.47,30.92,1634902601631,"2021-10-22T17:06:41+05:30"
60,96,119,38.47,31,1634902632215,"2021-10-22T17:07:12+05:30"
52,83,105,38.48,31.05,1634902662844,"2021-10-22T17:07:42+05:30"
47,76,92,38.48,31.05,1634902693378,"2021-10-22T17:08:13+05:30"
44,71,86,38.49,31.02,1634902723956,"2021-10-22T17:08:43+05:30"
41,67,80,38.49,31.04,1634902754550,"2021-10-22T17:09:14+05:30"
39,63,78,38.49,30.98,1634902785161,"2021-10-22T17:09:45+05:30"
42,66,80,38.5,30.89,1634902815704,"2021-10-22T17:10:15+05:30"
42,68,84,38.51,30.96,1634902846270,"2021-10-22T17:10:46+05:30"
45,71,86,38.51,30.9,1634902876968,"2021-10-22T17:11:16+05:30"
46,72,84,38.51,30.98,1634902907437,"2021-10-22T17:11:47+05:30"
45,71,86,38.51,31.05,1634902938095,"2021-10-22T17:12:18+05:30"
42,66,81,38.5,31.03,1634902968581,"2021-10-22T17:12:48+05:30"
46,77,97,38.49,31.14,1634902999177,"2021-10-22T17:13:19+05:30"
45,75,89,38.48,31,1634903029751,"2021-10-22T17:13:49+05:30"
47,79,96,38.48,30.88,1634903060357,"2021-10-22T17:14:20+05:30"
47,79,96,38.48,30.88,1634903061507,"2021-10-22T17:14:21+05:30"
50,83,103,38.47,30.98,1634903090926,"2021-10-22T17:14:50+05:30"
53,88,109,38.47,31.05,1634903121496,"2021-10-22T17:15:21+05:30"
53,89,118,38.47,31.06,1634903152188,"2021-10-22T17:15:52+05:30"
53,88,112,38.47,31.02,1634903182675,"2021-10-22T17:16:22+05:30"
51,84,107,38.47,31.08,1634903213354,"2021-10-22T17:16:53+05:30"
54,86,108,38.46,31.14,1634903243937,"2021-10-22T17:17:23+05:30"
56,92,113,38.47,31.26,1634903274517,"2021-10-22T17:17:54+05:30"
53,86,101,38.48,31.23,1634903305242,"2021-10-22T17:18:25+05:30"
51,86,111,38.5,31.16,1634903335851,"2021-10-22T17:18:55+05:30"
51,87,109,38.52,31.21,1634903366384,"2021-10-22T17:19:26+05:30"
49,84,101,38.51,31.1,1634903391073,"2021-10-22T17:19:51+05:30"
50,81,104,38.51,30.98,1634903421401,"2021-10-22T17:20:21+05:30"
48,80,99,38.51,31.13,1634903451969,"2021-10-22T17:20:51+05:30"
49,79,97,38.51,31.09,1634903482542,"2021-10-22T17:21:22+05:30"
47,80,103,38.52,31.11,1634903513123,"2021-10-22T17:21:53+05:30"
51,90,114,38.52,31.23,1634903543692,"2021-10-22T17:22:23+05:30"
46,81,105,38.52,31.23,1634903574295,"2021-10-22T17:22:54+05:30"
45,77,101,38.52,31.19,1634903604909,"2021-10-22T17:23:24+05:30"
45,78,102,38.52,31.25,1634903635456,"2021-10-22T17:23:55+05:30"
43,72,99,38.53,31.18,1634903666018,"2021-10-22T17:24:26+05:30"
44,74,93,38.54,31.27,1634903696775,"2021-10-22T17:24:56+05:30"
44,79,101,38.54,31.26,1634903727606,"2021-10-22T17:25:27+05:30"
44,76,100,38.54,31.2,1634903757776,"2021-10-22T17:25:57+05:30"
44,72,97,38.54,31.11,1634903788410,"2021-10-22T17:26:28+05:30"
42,69,91,38.55,30.97,1634903818952,"2021-10-22T17:26:58+05:30"
49,82,107,38.54,31.1,1634903849546,"2021-10-22T17:27:29+05:30"
49,79,100,38.53,31.15,1634903880229,"2021-10-22T17:28:00+05:30"
49,83,109,38.52,31.26,1634903910793,"2021-10-22T17:28:30+05:30"
48,86,116,38.51,31.33,1634903941382,"2021-10-22T17:29:01+05:30"
46,80,102,38.53,31.32,1634903972037,"2021-10-22T17:29:32+05:30"
65,108,131,38.53,31.31,1634904002552,"2021-10-22T17:30:02+05:30"
67,110,139,38.54,31.31,1634904033122,"2021-10-22T17:30:33+05:30"
61,101,126,38.53,31.33,1634904063698,"2021-10-22T17:31:03+05:30"
52,88,110,38.53,31.24,1634904094305,"2021-10-22T17:31:34+05:30"
44,76,95,38.53,31.21,1634904124876,"2021-10-22T17:32:04+05:30"
48,79,100,38.53,31.14,1634904155440,"2021-10-22T17:32:35+05:30"
48,82,105,38.52,31.13,1634904186003,"2021-10-22T17:33:06+05:30"
48,84,107,38.52,31.1,1634904216572,"2021-10-22T17:33:36+05:30"
48,86,109,38.51,31.15,1634904247190,"2021-10-22T17:34:07+05:30"
45,75,99,38.5,31.27,1634904277863,"2021-10-22T17:34:37+05:30"
44,73,95,38.5,31.31,1634904309538,"2021-10-22T17:35:09+05:30"
41,71,90,38.5,31.42,1634904340131,"2021-10-22T17:35:40+05:30"
55,90,109,38.5,31.55,1634904370725,"2021-10-22T17:36:10+05:30"
47,74,90,38.5,31.39,1634904401295,"2021-10-22T17:36:41+05:30"
45,71,94,38.5,31.38,1634904431895,"2021-10-22T17:37:11+05:30"
42,71,90,38.51,31.47,1634904462446,"2021-10-22T17:37:42+05:30"
46,75,96,38.5,31.45,1634904493145,"2021-10-22T17:38:13+05:30"
50,80,102,38.5,31.41,1634904523627,"2021-10-22T17:38:43+05:30"
48,76,97,38.5,31.35,1634904554178,"2021-10-22T17:39:14+05:30"
48,79,97,38.5,31.34,1634904584794,"2021-10-22T17:39:44+05:30"
45,78,98,38.5,31.3,1634904615623,"2021-10-22T17:40:15+05:30"
45,79,100,38.5,31.21,1634904646206,"2021-10-22T17:40:46+05:30"
45,79,100,38.5,31.26,1634904676805,"2021-10-22T17:41:16+05:30"
43,77,102,38.49,31.28,1634904707362,"2021-10-22T17:41:47+05:30"
50,84,106,38.49,31.23,1634904737954,"2021-10-22T17:42:17+05:30"
41,70,87,38.5,31.23,1634904769055,"2021-10-22T17:42:49+05:30"
40,68,92,38.52,31.23,1634904799133,"2021-10-22T17:43:19+05:30"
39,66,87,38.53,31.11,1634904829721,"2021-10-22T17:43:49+05:30"
44,75,99,38.54,30.98,1634904860375,"2021-10-22T17:44:20+05:30"
48,78,100,38.56,31.01,1634904890861,"2021-10-22T17:44:50+05:30"
47,81,103,38.57,31.04,1634904921465,"2021-10-22T17:45:21+05:30"
44,75,100,38.58,31.23,1634904952038,"2021-10-22T17:45:52+05:30"
45,78,98,38.58,31.24,1634904982670,"2021-10-22T17:46:22+05:30"
49,80,99,38.59,31.22,1634905013303,"2021-10-22T17:46:53+05:30"
49,78,97,38.6,31.26,1634905043952,"2021-10-22T17:47:23+05:30"
51,86,112,38.59,31.38,1634905074440,"2021-10-22T17:47:54+05:30"
49,81,106,38.58,31.46,1634905105032,"2021-10-22T17:48:25+05:30"
47,83,101,38.57,31.46,1634905135723,"2021-10-22T17:48:55+05:30"
47,80,102,38.58,31.45,1634905166239,"2021-10-22T17:49:26+05:30"
47,83,108,38.59,31.49,1634905193919,"2021-10-22T17:49:53+05:30"
49,81,104,38.61,31.53,1634905224197,"2021-10-22T17:50:24+05:30"
48,80,106,38.6,31.55,1634905254839,"2021-10-22T17:50:54+05:30"
60,98,124,38.61,31.62,1634905285518,"2021-10-22T17:51:25+05:30"
70,110,136,38.6,31.67,1634905316187,"2021-10-22T17:51:56+05:30"
64,109,134,38.61,31.43,1634905346819,"2021-10-22T17:52:26+05:30"
63,103,130,38.62,31.31,1634905377531,"2021-10-22T17:52:57+05:30"
59,96,125,38.63,31.3,1634905407952,"2021-10-22T17:53:27+05:30"
58,95,121,38.61,31.53,1634905438507,"2021-10-22T17:53:58+05:30"
54,92,111,38.61,31.68,1634905469107,"2021-10-22T17:54:29+05:30"
52,86,106,38.61,31.81,1634905499710,"2021-10-22T17:54:59+05:30"
57,97,116,38.63,31.62,1634905530267,"2021-10-22T17:55:30+05:30"
64,102,124,38.64,31.41,1634905560839,"2021-10-22T17:56:00+05:30"
66,105,125,38.65,31.33,1634905591442,"2021-10-22T17:56:31+05:30"
69,108,128,38.66,31.28,1634905622045,"2021-10-22T17:57:02+05:30"
61,97,119,38.66,31.27,1634905652603,"2021-10-22T17:57:32+05:30"
62,100,117,38.66,31.41,1634905683241,"2021-10-22T17:58:03+05:30"
61,102,122,38.65,31.47,1634905713809,"2021-10-22T17:58:33+05:30"
62,101,118,38.63,31.45,1634905744385,"2021-10-22T17:59:04+05:30"
60,96,114,38.61,31.6,1634905774974,"2021-10-22T17:59:34+05:30"
58,99,117,38.59,31.7,1634905805580,"2021-10-22T18:00:05+05:30"
57,94,113,38.58,31.82,1634905836144,"2021-10-22T18:00:36+05:30"
55,91,108,38.57,31.85,1634905866717,"2021-10-22T18:01:06+05:30"
52,85,99,38.56,31.83,1634905897297,"2021-10-22T18:01:37+05:30"
53,83,98,38.55,31.72,1634905928455,"2021-10-22T18:02:08+05:30"
55,87,104,38.55,31.89,1634905958471,"2021-10-22T18:02:38+05:30"
55,85,100,38.54,31.9,1634905989042,"2021-10-22T18:03:09+05:30"
51,82,96,38.54,31.98,1634906019609,"2021-10-22T18:03:39+05:30"
50,80,99,38.54,32.09,1634906050274,"2021-10-22T18:04:10+05:30"
44,74,98,38.54,32.17,1634906080803,"2021-10-22T18:04:40+05:30"
44,76,96,38.54,32.24,1634906112240,"2021-10-22T18:05:12+05:30"
44,75,96,38.54,32.22,1634906142175,"2021-10-22T18:05:42+05:30"
42,70,92,38.55,32.17,1634906172578,"2021-10-22T18:06:12+05:30"
42,71,93,38.56,32.37,1634906203131,"2021-10-22T18:06:43+05:30"
44,75,97,38.56,32.44,1634906233754,"2021-10-22T18:07:13+05:30"
46,77,98,38.57,32.31,1634906264365,"2021-10-22T18:07:44+05:30"
45,72,89,38.59,32.28,1634906294881,"2021-10-22T18:08:14+05:30"
45,73,90,38.6,32.14,1634906325749,"2021-10-22T18:08:45+05:30"
45,71,88,38.62,32.05,1634906356051,"2021-10-22T18:09:16+05:30"
50,84,104,38.61,32.25,1634906386646,"2021-10-22T18:09:46+05:30"
58,96,117,38.61,32.41,1634906417234,"2021-10-22T18:10:17+05:30"
52,85,103,38.61,32.38,1634906447841,"2021-10-22T18:10:47+05:30"
54,86,106,38.62,32.25,1634906478433,"2021-10-22T18:11:18+05:30"
52,83,99,38.62,32.35,1634906508980,"2021-10-22T18:11:48+05:30"
54,88,106,38.63,32.36,1634906539560,"2021-10-22T18:12:19+05:30"
60,94,114,38.63,32.38,1634906570134,"2021-10-22T18:12:50+05:30"
56,90,102,38.64,32.42,1634906600733,"2021-10-22T18:13:20+05:30"
60,96,111,38.64,32.37,1634906631312,"2021-10-22T18:13:51+05:30"
79,117,136,38.64,32.44,1634906661890,"2021-10-22T18:14:21+05:30"
71,113,133,38.64,32.49,1634906692542,"2021-10-22T18:14:52+05:30"
67,109,134,38.64,32.62,1634906723111,"2021-10-22T18:15:23+05:30"
66,108,135,38.66,32.56,1634906753701,"2021-10-22T18:15:53+05:30"
62,97,115,38.66,32.57,1634906784373,"2021-10-22T18:16:24+05:30"
56,90,106,38.66,32.61,1634906814908,"2021-10-22T18:16:54+05:30"
55,90,110,38.67,32.68,1634906845488,"2021-10-22T18:17:25+05:30"
57,93,112,38.66,32.4,1634906876056,"2021-10-22T18:17:56+05:30"
62,99,119,38.64,32.49,1634906906843,"2021-10-22T18:18:26+05:30"
62,102,121,38.63,32.38,1634906937764,"2021-10-22T18:18:57+05:30"
61,96,113,38.61,32.15,1634906968317,"2021-10-22T18:19:28+05:30"
58,90,108,38.59,32.21,1634906999365,"2021-10-22T18:19:59+05:30"
58,89,106,38.58,32.34,1634907029515,"2021-10-22T18:20:29+05:30"
58,90,107,38.55,32.13,1634907060081,"2021-10-22T18:21:00+05:30"
56,89,107,38.52,32.3,1634907090852,"2021-10-22T18:21:30+05:30"
59,92,109,38.49,32.29,1634907121595,"2021-10-22T18:22:01+05:30"
60,94,112,38.46,32.49,1634907153364,"2021-10-22T18:22:33+05:30"
65,102,120,38.44,32.54,1634907183453,"2021-10-22T18:23:03+05:30"
66,103,120,38.4,32.47,1634907214032,"2021-10-22T18:23:34+05:30"
57,88,106,38.36,32.52,1634907245375,"2021-10-22T18:24:05+05:30"
55,87,105,38.32,32.57,1634907276007,"2021-10-22T18:24:36+05:30"
57,88,102,38.29,32.83,1634907306923,"2021-10-22T18:25:06+05:30"
58,88,103,38.27,32.93,1634907337551,"2021-10-22T18:25:37+05:30"
56,84,98,38.25,32.8,1634907368145,"2021-10-22T18:26:08+05:30"
56,88,103,38.22,32.97,1634907398752,"2021-10-22T18:26:38+05:30"
54,84,98,38.2,32.9,1634907429301,"2021-10-22T18:27:09+05:30"
49,76,91,38.18,32.99,1634907459880,"2021-10-22T18:27:39+05:30"
53,82,97,38.16,33.38,1634907490486,"2021-10-22T18:28:10+05:30"
56,91,110,38.15,33.54,1634907521053,"2021-10-22T18:28:41+05:30"
59,92,108,38.14,33.67,1634907551618,"2021-10-22T18:29:11+05:30"
60,92,110,38.12,33.69,1634907582204,"2021-10-22T18:29:42+05:30"
61,98,119,38.11,33.71,1634907612842,"2021-10-22T18:30:12+05:30"
60,98,112,38.12,33.72,1634907643442,"2021-10-22T18:30:43+05:30"
58,92,111,38.11,33.74,1634907673989,"2021-10-22T18:31:13+05:30"
57,94,112,38.11,33.73,1634907704799,"2021-10-22T18:31:44+05:30"
58,93,111,38.11,33.77,1634907735413,"2021-10-22T18:32:15+05:30"
60,93,110,38.12,33.76,1634907765744,"2021-10-22T18:32:45+05:30"
60,97,120,38.14,33.76,1634907796308,"2021-10-22T18:33:16+05:30"
60,97,115,38.17,33.66,1634907826863,"2021-10-22T18:33:46+05:30"
57,95,112,38.18,33.66,1634907857480,"2021-10-22T18:34:17+05:30"
62,99,119,38.21,33.63,1634907892552,"2021-10-22T18:34:52+05:30"
70,114,135,38.23,33.63,1634907922681,"2021-10-22T18:35:22+05:30"
69,111,131,38.25,33.6,1634907953245,"2021-10-22T18:35:53+05:30"
67,107,124,38.29,33.47,1634907983842,"2021-10-22T18:36:23+05:30"
68,109,126,38.32,33.49,1634908014570,"2021-10-22T18:36:54+05:30"
73,116,136,38.33,33.51,1634908045061,"2021-10-22T18:37:25+05:30"
77,121,144,38.36,33.46,1634908075630,"2021-10-22T18:37:55+05:30"
78,125,150,38.38,33.39,1634908106218,"2021-10-22T18:38:26+05:30"
82,130,153,38.4,33.34,1634908136831,"2021-10-22T18:38:56+05:30"
84,134,156,38.42,33.31,1634908167401,"2021-10-22T18:39:27+05:30"
88,137,161,38.44,33.26,1634908197997,"2021-10-22T18:39:57+05:30"
81,130,149,38.46,33.2,1634908228618,"2021-10-22T18:40:28+05:30"
81,128,150,38.47,33.15,1634908259312,"2021-10-22T18:40:59+05:30"
74,117,140,38.47,33.28,1634908289852,"2021-10-22T18:41:29+05:30"
74,119,138,38.48,33.41,1634908320374,"2021-10-22T18:42:00+05:30"
76,120,144,38.49,33.29,1634908350961,"2021-10-22T18:42:30+05:30"
73,118,139,38.51,33.31,1634908381622,"2021-10-22T18:43:01+05:30"
73,119,137,38.51,33.24,1634908412256,"2021-10-22T18:43:32+05:30"
73,115,134,38.51,33.26,1634908442839,"2021-10-22T18:44:02+05:30"
71,110,128,38.5,33.21,1634908473477,"2021-10-22T18:44:33+05:30"
64,101,119,38.49,33.29,1634908504028,"2021-10-22T18:45:04+05:30"
64,99,116,38.5,33.54,1634908534608,"2021-10-22T18:45:34+05:30"
63,101,122,38.5,33.6,1634908565200,"2021-10-22T18:46:05+05:30"
63,102,120,38.5,33.63,1634908595804,"2021-10-22T18:46:35+05:30"
62,100,117,38.49,33.67,1634908626421,"2021-10-22T18:47:06+05:30"
62,101,120,38.49,33.7,1634908656998,"2021-10-22T18:47:36+05:30"
62,99,117,38.49,33.76,1634908687593,"2021-10-22T18:48:07+05:30"
69,113,136,38.49,33.84,1634908718196,"2021-10-22T18:48:38+05:30"
78,130,157,38.5,33.98,1634908748979,"2021-10-22T18:49:08+05:30"
79,130,150,38.52,33.93,1634908779366,"2021-10-22T18:49:39+05:30"
82,134,166,38.52,33.77,1634908812056,"2021-10-22T18:50:12+05:30"
79,130,157,38.53,33.85,1634908842194,"2021-10-22T18:50:42+05:30"
86,140,163,38.53,33.9,1634908873007,"2021-10-22T18:51:13+05:30"
79,130,152,38.54,33.84,1634908903536,"2021-10-22T18:51:43+05:30"
77,122,146,38.54,33.75,1634908934204,"2021-10-22T18:52:14+05:30"
73,120,145,38.55,33.53,1634908965040,"2021-10-22T18:52:45+05:30"
67,107,132,38.55,33.2,1634908995585,"2021-10-22T18:53:15+05:30"
67,106,124,38.56,33.01,1634909026337,"2021-10-22T18:53:46+05:30"
66,104,124,38.57,32.96,1634909056857,"2021-10-22T18:54:16+05:30"
66,100,115,38.57,33.17,1634909087590,"2021-10-22T18:54:47+05:30"
64,103,119,38.57,33.09,1634909118371,"2021-10-22T18:55:18+05:30"
64,103,120,38.58,32.99,1634909149077,"2021-10-22T18:55:49+05:30"
66,102,121,38.57,32.82,1634909179770,"2021-10-22T18:56:19+05:30"
64,100,122,38.57,32.86,1634909210466,"2021-10-22T18:56:50+05:30"
65,102,122,38.57,32.61,1634909241357,"2021-10-22T18:57:21+05:30"
63,95,110,38.58,32.46,1634909261871,"2021-10-22T18:57:41+05:30"
64,100,117,38.58,32.44,1634909292423,"2021-10-22T18:58:12+05:30"
67,102,121,38.6,32.44,1634909323001,"2021-10-22T18:58:43+05:30"
65,102,117,38.6,32.41,1634909353587,"2021-10-22T18:59:13+05:30"
62,96,114,38.61,32.64,1634909384295,"2021-10-22T18:59:44+05:30"
59,93,106,38.62,32.71,1634909414864,"2021-10-22T19:00:14+05:30"
59,91,110,38.63,32.62,1634909445475,"2021-10-22T19:00:45+05:30"
59,92,111,38.64,32.72,1634909476337,"2021-10-22T19:01:16+05:30"
59,90,108,38.63,32.64,1634909507061,"2021-10-22T19:01:47+05:30"
61,93,108,38.63,32.54,1634909537906,"2021-10-22T19:02:17+05:30"
62,91,108,38.65,32.17,1634909568474,"2021-10-22T19:02:48+05:30"
63,97,114,38.66,32.12,1634909599944,"2021-10-22T19:03:19+05:30"
62,95,112,38.67,32,1634909630456,"2021-10-22T19:03:50+05:30"
59,91,105,38.67,31.8,1634909661045,"2021-10-22T19:04:21+05:30"
59,89,108,38.67,31.84,1634909692176,"2021-10-22T19:04:52+05:30"
59,91,104,38.68,31.61,1634909722255,"2021-10-22T19:05:22+05:30"
57,88,106,38.69,31.66,1634909752860,"2021-10-22T19:05:52+05:30"
59,91,111,38.71,31.43,1634909783463,"2021-10-22T19:06:23+05:30"
58,89,106,38.71,31.75,1634909814090,"2021-10-22T19:06:54+05:30"
57,90,105,38.71,31.8,1634909844665,"2021-10-22T19:07:24+05:30"
59,93,107,38.71,31.89,1634909875264,"2021-10-22T19:07:55+05:30"
55,84,97,38.71,31.66,1634909905842,"2021-10-22T19:08:25+05:30"
55,85,104,38.7,31.59,1634909936411,"2021-10-22T19:08:56+05:30"
55,82,97,38.7,31.58,1634909966984,"2021-10-22T19:09:26+05:30"
58,87,101,38.7,31.52,1634909997891,"2021-10-22T19:09:57+05:30"
58,89,102,38.7,31.74,1634910028435,"2021-10-22T19:10:28+05:30"
70,113,137,38.68,31.65,1634910059015,"2021-10-22T19:10:59+05:30"
70,108,128,38.68,31.64,1634910089631,"2021-10-22T19:11:29+05:30"
68,105,123,38.69,31.66,1634910120217,"2021-10-22T19:12:00+05:30"
66,103,118,38.7,31.72,1634910150808,"2021-10-22T19:12:30+05:30"
70,110,125,38.69,31.7,1634910181408,"2021-10-22T19:13:01+05:30"
70,108,130,38.69,31.69,1634910212025,"2021-10-22T19:13:32+05:30"
70,112,137,38.7,31.62,1634910242604,"2021-10-22T19:14:02+05:30"
70,118,138,38.72,31.7,1634910273179,"2021-10-22T19:14:33+05:30"
71,115,133,38.74,31.61,1634910303839,"2021-10-22T19:15:03+05:30"
68,108,126,38.76,31.55,1634910334368,"2021-10-22T19:15:34+05:30"
69,108,127,38.78,31.57,1634910364952,"2021-10-22T19:16:04+05:30"
69,110,128,38.78,31.61,1634910395564,"2021-10-22T19:16:35+05:30"
73,118,143,38.78,31.62,1634910426153,"2021-10-22T19:17:06+05:30"
78,123,148,38.79,31.6,1634910456760,"2021-10-22T19:17:36+05:30"
77,123,150,38.79,31.87,1634910487639,"2021-10-22T19:18:07+05:30"
75,119,147,38.79,31.81,1634910518267,"2021-10-22T19:18:38+05:30"
70,114,139,38.79,31.86,1634910548823,"2021-10-22T19:19:08+05:30"
69,112,136,38.79,32,1634910579434,"2021-10-22T19:19:39+05:30"
66,111,142,38.79,32.07,1634910612208,"2021-10-22T19:20:12+05:30"
68,112,137,38.79,32.01,1634910642360,"2021-10-22T19:20:42+05:30"
69,112,145,38.78,32.04,1634910672901,"2021-10-22T19:21:12+05:30"
73,131,173,38.78,32.05,1634910703481,"2021-10-22T19:21:43+05:30"
77,149,204,38.77,32.05,1634910734059,"2021-10-22T19:22:14+05:30"
87,167,240,38.77,32.07,1634910764665,"2021-10-22T19:22:44+05:30"
82,155,219,38.78,32.1,1634910795257,"2021-10-22T19:23:15+05:30"
81,153,211,38.8,32.06,1634910825871,"2021-10-22T19:23:45+05:30"
78,147,207,38.81,32,1634910856422,"2021-10-22T19:24:16+05:30"
74,137,196,38.81,32.12,1634910887026,"2021-10-22T19:24:47+05:30"
71,132,174,38.81,32.26,1634910917625,"2021-10-22T19:25:17+05:30"
67,126,178,38.81,32.24,1634910948233,"2021-10-22T19:25:48+05:30"
74,135,180,38.8,32.1,1634910978824,"2021-10-22T19:26:18+05:30"
74,136,182,38.8,32.14,1634911009408,"2021-10-22T19:26:49+05:30"
73,134,182,38.8,32.22,1634911039987,"2021-10-22T19:27:19+05:30"
76,139,190,38.79,32.07,1634911070591,"2021-10-22T19:27:50+05:30"
74,128,170,38.79,32.1,1634911101178,"2021-10-22T19:28:21+05:30"
71,126,169,38.82,32.01,1634911131757,"2021-10-22T19:28:51+05:30"
71,122,160,38.81,32.01,1634911162378,"2021-10-22T19:29:22+05:30"
75,131,173,38.79,31.86,1634911193170,"2021-10-22T19:29:53+05:30"
72,125,162,38.78,32.01,1634911223553,"2021-10-22T19:30:23+05:30"
72,126,163,38.82,31.94,1634911254145,"2021-10-22T19:30:54+05:30"
70,121,158,38.8,31.99,1634911284752,"2021-10-22T19:31:24+05:30"
71,122,163,38.79,31.88,1634911315422,"2021-10-22T19:31:55+05:30"
70,121,153,38.79,31.9,1634911346002,"2021-10-22T19:32:26+05:30"
71,119,152,38.79,31.95,1634911376620,"2021-10-22T19:32:56+05:30"
66,113,142,38.78,32.03,1634911407190,"2021-10-22T19:33:27+05:30"
66,113,141,38.78,32.07,1634911437810,"2021-10-22T19:33:57+05:30"
68,114,150,38.79,32.14,1634911468391,"2021-10-22T19:34:28+05:30"
66,115,145,38.79,32.18,1634911493717,"2021-10-22T19:34:53+05:30"
66,109,136,38.79,32.15,1634911523822,"2021-10-22T19:35:23+05:30"
63,106,132,38.79,32.15,1634911554754,"2021-10-22T19:35:54+05:30"
66,110,137,38.79,32.15,1634911585352,"2021-10-22T19:36:25+05:30"
64,107,138,38.79,32.05,1634911616054,"2021-10-22T19:36:56+05:30"
61,104,130,38.79,31.98,1634911646532,"2021-10-22T19:37:26+05:30"
60,98,117,38.79,31.94,1634911677125,"2021-10-22T19:37:57+05:30"
67,110,134,38.82,31.89,1634911707724,"2021-10-22T19:38:27+05:30"
67,108,128,38.82,32.05,1634911738327,"2021-10-22T19:38:58+05:30"
64,106,134,38.86,32.03,1634911769002,"2021-10-22T19:39:29+05:30"
62,99,125,38.86,31.99,1634911799666,"2021-10-22T19:39:59+05:30"
62,101,125,38.86,32.05,1634911830190,"2021-10-22T19:40:30+05:30"
63,101,127,38.85,32.28,1634911860779,"2021-10-22T19:41:00+05:30"
60,96,123,38.85,32.27,1634911891713,"2021-10-22T19:41:31+05:30"
62,97,116,38.9,32.24,1634911922286,"2021-10-22T19:42:02+05:30"
69,114,135,38.87,32.42,1634911952894,"2021-10-22T19:42:32+05:30"
92,145,168,38.85,32.52,1634911983566,"2021-10-22T19:43:03+05:30"
88,136,163,38.84,32.53,1634912014045,"2021-10-22T19:43:34+05:30"
82,129,157,38.83,32.49,1634912044639,"2021-10-22T19:44:04+05:30"
77,117,143,38.83,32.43,1634912075230,"2021-10-22T19:44:35+05:30"
74,120,148,38.82,32.43,1634912105833,"2021-10-22T19:45:05+05:30"
74,122,154,38.82,32.49,1634912136426,"2021-10-22T19:45:36+05:30"
75,125,148,38.83,32.48,1634912167060,"2021-10-22T19:46:07+05:30"
73,117,146,38.84,32.58,1634912197613,"2021-10-22T19:46:37+05:30"
69,113,144,38.85,32.61,1634912228206,"2021-10-22T19:47:08+05:30"
71,113,135,38.86,32.43,1634912258810,"2021-10-22T19:47:38+05:30"
72,114,136,38.88,32.41,1634912289388,"2021-10-22T19:48:09+05:30"
76,122,145,38.88,32.48,1634912319980,"2021-10-22T19:48:39+05:30"
80,132,153,38.85,32.47,1634912350587,"2021-10-22T19:49:10+05:30"
80,132,153,38.85,32.47,1634912352166,"2021-10-22T19:49:12+05:30"
85,139,163,38.84,32.54,1634912381182,"2021-10-22T19:49:41+05:30"
96,155,180,38.85,32.57,1634912414243,"2021-10-22T19:50:14+05:30"
97,159,184,38.85,32.57,1634912444451,"2021-10-22T19:50:44+05:30"
104,176,205,38.86,32.49,1634912474972,"2021-10-22T19:51:14+05:30"
105,175,208,38.88,32.65,1634912505585,"2021-10-22T19:51:45+05:30"
104,169,210,38.88,32.64,1634912536154,"2021-10-22T19:52:16+05:30"
99,161,199,38.88,32.71,1634912566744,"2021-10-22T19:52:46+05:30"
94,154,191,38.88,32.71,1634912597415,"2021-10-22T19:53:17+05:30"
89,146,172,38.89,32.65,1634912628108,"2021-10-22T19:53:48+05:30"
87,144,167,38.9,32.63,1634912658525,"2021-10-22T19:54:18+05:30"
86,141,165,38.9,32.6,1634912689255,"2021-10-22T19:54:49+05:30"
82,134,159,38.9,32.53,1634912719728,"2021-10-22T19:55:19+05:30"
75,125,147,38.9,32.25,1634912750297,"2021-10-22T19:55:50+05:30"
76,123,149,38.89,32.1,1634912780924,"2021-10-22T19:56:20+05:30"
73,121,155,38.89,32.1,1634912811520,"2021-10-22T19:56:51+05:30"
78,129,156,38.89,32.16,1634912842098,"2021-10-22T19:57:22+05:30"
81,131,153,38.88,32.12,1634912872669,"2021-10-22T19:57:52+05:30"
78,126,147,38.89,32.25,1634912903273,"2021-10-22T19:58:23+05:30"
84,129,157,38.89,32.18,1634912933850,"2021-10-22T19:58:53+05:30"
90,141,166,38.89,31.66,1634912964490,"2021-10-22T19:59:24+05:30"
87,137,159,38.93,31.62,1634912995163,"2021-10-22T19:59:55+05:30"
78,124,147,38.92,31.57,1634913025642,"2021-10-22T20:00:25+05:30"
73,112,135,38.92,31.53,1634913056298,"2021-10-22T20:00:56+05:30"
62,96,112,38.93,31.15,1634913086843,"2021-10-22T20:01:26+05:30"
61,96,110,38.95,30.99,1634913117441,"2021-10-22T20:01:57+05:30"
67,103,118,38.95,30.95,1634913148086,"2021-10-22T20:02:28+05:30"
60,91,107,38.93,30.99,1634913178623,"2021-10-22T20:02:58+05:30"
64,98,110,38.91,31.13,1634913209197,"2021-10-22T20:03:29+05:30"
61,96,108,38.89,31.07,1634913239828,"2021-10-22T20:03:59+05:30"
63,99,116,38.88,31.15,1634913270378,"2021-10-22T20:04:30+05:30"
61,94,106,38.89,30.91,1634913294926,"2021-10-22T20:04:54+05:30"
63,99,114,38.9,30.99,1634913325181,"2021-10-22T20:05:25+05:30"
67,99,117,38.91,31.01,1634913355802,"2021-10-22T20:05:55+05:30"
65,95,115,38.93,30.84,1634913386621,"2021-10-22T20:06:26+05:30"
65,100,116,38.91,31.02,1634913417419,"2021-10-22T20:06:57+05:30"
65,101,121,38.94,31.12,1634913448009,"2021-10-22T20:07:28+05:30"
65,98,119,38.95,31.12,1634913478820,"2021-10-22T20:07:58+05:30"
63,98,112,38.94,30.85,1634913509748,"2021-10-22T20:08:29+05:30"
65,98,109,38.96,30.77,1634913540265,"2021-10-22T20:09:00+05:30"
67,101,113,39.07,30.49,1634913570825,"2021-10-22T20:09:30+05:30"
67,102,113,39.33,29.87,1634913601482,"2021-10-22T20:10:01+05:30"
68,103,117,39.52,29.54,1634913632341,"2021-10-22T20:10:32+05:30"
68,102,115,39.64,29.42,1634913662923,"2021-10-22T20:11:02+05:30"
68,103,115,39.66,29.35,1634913693562,"2021-10-22T20:11:33+05:30"
69,104,119,39.62,29.4,1634913724191,"2021-10-22T20:12:04+05:30"
71,108,125,39.54,29.43,1634913754731,"2021-10-22T20:12:34+05:30"
70,105,119,39.47,29.47,1634913785367,"2021-10-22T20:13:05+05:30"
71,105,119,39.36,29.61,1634913816097,"2021-10-22T20:13:36+05:30"
71,106,120,39.25,29.84,1634913846621,"2021-10-22T20:14:06+05:30"
70,106,124,39.01,30.3,1634913877200,"2021-10-22T20:14:37+05:30"
71,109,126,38.95,30.54,1634913908114,"2021-10-22T20:15:08+05:30"
74,111,129,39.03,30.39,1634913938517,"2021-10-22T20:15:38+05:30"
77,117,135,39.03,30.33,1634913969105,"2021-10-22T20:16:09+05:30"
74,110,127,38.97,30.34,1634913999740,"2021-10-22T20:16:39+05:30"
74,109,123,38.89,30.42,1634914030368,"2021-10-22T20:17:10+05:30"
71,104,116,38.79,30.56,1634914060951,"2021-10-22T20:17:40+05:30"
68,102,115,38.68,30.86,1634914091506,"2021-10-22T20:18:11+05:30"
71,103,116,38.58,31.12,1634914122129,"2021-10-22T20:18:42+05:30"
70,103,115,38.5,31.37,1634914152705,"2021-10-22T20:19:12+05:30"
69,101,115,38.42,31.41,1634914183652,"2021-10-22T20:19:43+05:30"
70,102,118,38.33,31.73,1634914215871,"2021-10-22T20:20:15+05:30"
70,105,119,38.26,31.99,1634914246009,"2021-10-22T20:20:46+05:30"
70,104,122,38.2,32.26,1634914276602,"2021-10-22T20:21:16+05:30"
69,106,120,38.14,32.26,1634914307184,"2021-10-22T20:21:47+05:30"
67,101,115,38.08,32.42,1634914337770,"2021-10-22T20:22:17+05:30"
66,99,113,38.03,32.53,1634914368343,"2021-10-22T20:22:48+05:30"
65,98,113,37.99,32.42,1634914398944,"2021-10-22T20:23:18+05:30"
65,99,116,37.94,32.73,1634914429550,"2021-10-22T20:23:49+05:30"
68,106,123,37.9,33.03,1634914460219,"2021-10-22T20:24:20+05:30"
67,101,122,37.86,33.18,1634914490744,"2021-10-22T20:24:50+05:30"
94,138,154,37.81,33.4,1634914521574,"2021-10-22T20:25:21+05:30"
77,117,136,37.77,33.4,1634914551915,"2021-10-22T20:25:51+05:30"
77,118,139,37.72,33.6,1634914582516,"2021-10-22T20:26:22+05:30"
77,118,140,37.69,34.07,1634914613337,"2021-10-22T20:26:53+05:30"
79,119,137,37.65,34.32,1634914643699,"2021-10-22T20:27:23+05:30"
72,111,128,37.61,34,1634914674289,"2021-10-22T20:27:54+05:30"
72,108,125,37.56,34.33,1634914704992,"2021-10-22T20:28:24+05:30"
72,110,127,37.5,34.49,1634914735458,"2021-10-22T20:28:55+05:30"
72,108,126,37.42,34.86,1634914766104,"2021-10-22T20:29:26+05:30"
74,107,120,37.36,35.12,1634914796614,"2021-10-22T20:29:56+05:30"
73,112,131,37.29,35.24,1634914827219,"2021-10-22T20:30:27+05:30"
75,113,131,37.24,35.48,1634914857820,"2021-10-22T20:30:57+05:30"
76,116,135,37.19,35.47,1634914888693,"2021-10-22T20:31:28+05:30"
75,114,130,37.15,35.55,1634914919271,"2021-10-22T20:31:59+05:30"
76,116,129,37.12,35.63,1634914949848,"2021-10-22T20:32:29+05:30"
74,115,128,37.07,35.83,1634914980445,"2021-10-22T20:33:00+05:30"
76,116,134,37.03,35.89,1634915011088,"2021-10-22T20:33:31+05:30"
78,118,134,36.99,36.02,1634915041803,"2021-10-22T20:34:01+05:30"
76,113,129,36.96,36.17,1634915072233,"2021-10-22T20:34:32+05:30"
75,114,130,36.91,36.34,1634915100530,"2021-10-22T20:35:00+05:30"
76,114,129,36.89,36.42,1634915130619,"2021-10-22T20:35:30+05:30"
77,118,135,36.86,36.67,1634915161222,"2021-10-22T20:36:01+05:30"
78,121,137,36.82,36.93,1634915191930,"2021-10-22T20:36:31+05:30"
76,116,135,36.8,36.99,1634915222414,"2021-10-22T20:37:02+05:30"
77,119,138,36.77,36.96,1634915253000,"2021-10-22T20:37:33+05:30"
76,115,134,36.75,36.77,1634915283797,"2021-10-22T20:38:03+05:30"
76,118,133,36.72,36.72,1634915314278,"2021-10-22T20:38:34+05:30"
75,112,131,36.71,36.81,1634915344869,"2021-10-22T20:39:04+05:30"
71,110,127,36.69,36.9,1634915375455,"2021-10-22T20:39:35+05:30"
70,104,121,36.67,36.88,1634915406062,"2021-10-22T20:40:06+05:30"
70,105,119,36.66,36.98,1634915436652,"2021-10-22T20:40:36+05:30"
69,108,127,36.65,36.94,1634915467241,"2021-10-22T20:41:07+05:30"
72,108,121,36.64,36.94,1634915497846,"2021-10-22T20:41:37+05:30"
70,108,128,36.62,36.8,1634915528441,"2021-10-22T20:42:08+05:30"
67,99,112,36.6,36.15,1634915559019,"2021-10-22T20:42:39+05:30"
64,99,110,36.58,36.04,1634915589819,"2021-10-22T20:43:09+05:30"
64,97,109,36.56,36.13,1634915620200,"2021-10-22T20:43:40+05:30"
62,94,104,36.54,36.02,1634915652805,"2021-10-22T20:44:12+05:30"
63,94,108,36.52,36.28,1634915681393,"2021-10-22T20:44:41+05:30"
64,101,116,36.51,36.35,1634915712013,"2021-10-22T20:45:12+05:30"
66,100,118,36.49,36.2,1634915742595,"2021-10-22T20:45:42+05:30"
65,97,110,36.48,36.28,1634915773194,"2021-10-22T20:46:13+05:30"
65,99,115,36.46,36.31,1634915803857,"2021-10-22T20:46:43+05:30"
65,101,114,36.45,36.44,1634915834381,"2021-10-22T20:47:14+05:30"
68,105,120,36.43,36.03,1634915864956,"2021-10-22T20:47:44+05:30"
67,104,116,36.41,35.79,1634915895563,"2021-10-22T20:48:15+05:30"
74,110,125,36.39,36.18,1634915926138,"2021-10-22T20:48:46+05:30"
86,133,149,36.38,36.26,1634915956723,"2021-10-22T20:49:16+05:30"
88,134,154,36.36,36.13,1634915987401,"2021-10-22T20:49:47+05:30"
92,141,157,36.35,36.2,1634916018469,"2021-10-22T20:50:18+05:30"
113,176,199,36.34,36.24,1634916048898,"2021-10-22T20:50:48+05:30"
102,158,180,36.33,36.25,1634916079503,"2021-10-22T20:51:19+05:30"
102,162,186,36.33,36.35,1634916110111,"2021-10-22T20:51:50+05:30"
90,141,160,36.32,36.19,1634916140673,"2021-10-22T20:52:20+05:30"
90,143,159,36.32,36.27,1634916171323,"2021-10-22T20:52:51+05:30"
83,127,144,36.31,36.01,1634916201857,"2021-10-22T20:53:21+05:30"
72,110,123,36.31,35.81,1634916232474,"2021-10-22T20:53:52+05:30"
81,122,137,36.31,36.05,1634916263064,"2021-10-22T20:54:23+05:30"
73,111,128,36.3,35.98,1634916293662,"2021-10-22T20:54:53+05:30"
78,120,143,36.31,36.13,1634916324235,"2021-10-22T20:55:24+05:30"
84,126,143,36.31,36.19,1634916354860,"2021-10-22T20:55:54+05:30"
75,115,131,36.3,35.78,1634916385422,"2021-10-22T20:56:25+05:30"
71,106,124,36.27,35.72,1634916416013,"2021-10-22T20:56:56+05:30"
67,98,114,36.17,35.71,1634916446610,"2021-10-22T20:57:26+05:30"
64,96,104,36.05,35.95,1634916477198,"2021-10-22T20:57:57+05:30"
64,94,104,35.94,36.16,1634916507836,"2021-10-22T20:58:27+05:30"
67,97,108,35.83,36.62,1634916538384,"2021-10-22T20:58:58+05:30"
66,99,114,35.73,37.14,1634916568981,"2021-10-22T20:59:28+05:30"
66,97,109,35.68,37.13,1634916599569,"2021-10-22T20:59:59+05:30"
65,97,111,35.62,37.11,1634916630185,"2021-10-22T21:00:30+05:30"
62,96,104,35.55,37.08,1634916661103,"2021-10-22T21:01:01+05:30"
63,96,106,35.49,37.37,1634916691401,"2021-10-22T21:01:31+05:30"
63,93,102,35.45,37.23,1634916721951,"2021-10-22T21:02:01+05:30"
61,88,98,35.41,37.17,1634916752491,"2021-10-22T21:02:32+05:30"
63,92,100,35.36,37.3,1634916783098,"2021-10-22T21:03:03+05:30"
62,95,103,35.25,37.43,1634916813691,"2021-10-22T21:03:33+05:30"
62,94,103,35.08,37.98,1634916844291,"2021-10-22T21:04:04+05:30"
63,95,106,34.92,38.26,1634916874880,"2021-10-22T21:04:34+05:30"
61,93,104,34.76,38.37,1634916901315,"2021-10-22T21:05:01+05:30"
62,91,103,34.6,38.7,1634916931441,"2021-10-22T21:05:31+05:30"
61,91,104,34.47,39.02,1634916962017,"2021-10-22T21:06:02+05:30"
67,102,119,34.35,39.36,1634916992649,"2021-10-22T21:06:32+05:30"
68,102,115,34.24,39.37,1634917023196,"2021-10-22T21:07:03+05:30"
62,93,104,34.15,39.59,1634917054071,"2021-10-22T21:07:34+05:30"
60,89,102,34.06,39.73,1634917084891,"2021-10-22T21:08:04+05:30"
60,93,101,33.99,40.09,1634917115379,"2021-10-22T21:08:35+05:30"
61,101,116,33.93,40.29,1634917145995,"2021-10-22T21:09:05+05:30"
63,96,108,33.9,40.87,1634917176568,"2021-10-22T21:09:36+05:30"
61,95,114,33.86,40.68,1634917207179,"2021-10-22T21:10:07+05:30"
61,92,106,33.84,41.1,1634917237845,"2021-10-22T21:10:37+05:30"
61,91,102,33.83,40.71,1634917268360,"2021-10-22T21:11:08+05:30"
62,92,104,33.81,40.49,1634917298941,"2021-10-22T21:11:38+05:30"
59,89,102,33.79,40.44,1634917329536,"2021-10-22T21:12:09+05:30"
62,91,102,33.77,40.36,1634917360131,"2021-10-22T21:12:40+05:30"
63,94,105,33.76,40.4,1634917390724,"2021-10-22T21:13:10+05:30"
62,95,109,33.74,40.51,1634917421300,"2021-10-22T21:13:41+05:30"
62,90,99,33.74,40.49,1634917451892,"2021-10-22T21:14:11+05:30"
63,96,108,33.73,40.41,1634917482488,"2021-10-22T21:14:42+05:30"
66,97,111,33.73,40.33,1634917513058,"2021-10-22T21:15:13+05:30"
60,87,98,33.73,40.29,1634917543647,"2021-10-22T21:15:43+05:30"
61,89,99,33.74,40.39,1634917574206,"2021-10-22T21:16:14+05:30"
60,87,97,33.74,40.44,1634917604779,"2021-10-22T21:16:44+05:30"
68,97,103,33.76,40.43,1634917635441,"2021-10-22T21:17:15+05:30"
64,93,105,33.79,40.34,1634917666005,"2021-10-22T21:17:46+05:30"
65,95,108,33.83,40.33,1634917696855,"2021-10-22T21:18:16+05:30"
63,93,109,33.87,40.3,1634917727176,"2021-10-22T21:18:47+05:30"
62,94,104,33.92,40.18,1634917757747,"2021-10-22T21:19:17+05:30"
60,91,105,33.97,40.13,1634917788427,"2021-10-22T21:19:48+05:30"
63,93,104,34.02,39.97,1634917818646,"2021-10-22T21:20:18+05:30"
62,90,101,34.07,39.96,1634917849546,"2021-10-22T21:20:49+05:30"
60,93,102,34.12,39.82,1634917880197,"2021-10-22T21:21:20+05:30"
63,93,108,34.16,39.73,1634917910721,"2021-10-22T21:21:50+05:30"
62,92,104,34.19,39.67,1634917941313,"2021-10-22T21:22:21+05:30"
63,101,120,34.22,39.64,1634917971914,"2021-10-22T21:22:51+05:30"
64,102,123,34.24,39.61,1634918002496,"2021-10-22T21:23:22+05:30"
63,96,108,34.27,39.46,1634918033154,"2021-10-22T21:23:53+05:30"
62,94,105,34.3,39.43,1634918063668,"2021-10-22T21:24:23+05:30"
58,89,100,34.31,39.42,1634918094312,"2021-10-22T21:24:54+05:30"
61,91,102,34.33,39.43,1634918124854,"2021-10-22T21:25:24+05:30"
58,85,93,34.34,39.36,1634918155452,"2021-10-22T21:25:55+05:30"
57,86,94,34.36,39.2,1634918186013,"2021-10-22T21:26:26+05:30"
56,86,95,34.37,39.23,1634918216679,"2021-10-22T21:26:56+05:30"
56,84,90,34.38,39.26,1634918247303,"2021-10-22T21:27:27+05:30"
55,82,89,34.39,39.21,1634918277818,"2021-10-22T21:27:57+05:30"
54,80,91,34.4,39.13,1634918308418,"2021-10-22T21:28:28+05:30"
54,82,91,34.41,39.11,1634918339001,"2021-10-22T21:28:59+05:30"
55,79,87,34.42,39.06,1634918369597,"2021-10-22T21:29:29+05:30"
56,82,90,34.44,39.03,1634918400181,"2021-10-22T21:30:00+05:30"
57,83,92,34.45,39,1634918430743,"2021-10-22T21:30:30+05:30"
60,88,99,34.44,39.05,1634918461578,"2021-10-22T21:31:01+05:30"
59,86,95,34.42,39.11,1634918491911,"2021-10-22T21:31:31+05:30"
58,84,94,34.41,39.14,1634918522480,"2021-10-22T21:32:02+05:30"
56,83,94,34.39,39.22,1634918553076,"2021-10-22T21:32:33+05:30"
54,79,88,34.38,39.28,1634918583698,"2021-10-22T21:33:03+05:30"
54,78,85,34.37,39.23,1634918614233,"2021-10-22T21:33:34+05:30"
54,79,90,34.37,39.16,1634918644805,"2021-10-22T21:34:04+05:30"
53,85,101,34.36,39.21,1634918675500,"2021-10-22T21:34:35+05:30"
55,87,100,34.35,39.38,1634918704823,"2021-10-22T21:35:04+05:30"
55,85,99,34.34,39.63,1634918734927,"2021-10-22T21:35:34+05:30"
57,86,101,34.32,39.56,1634918765585,"2021-10-22T21:36:05+05:30"
55,84,95,34.3,39.38,1634918796147,"2021-10-22T21:36:36+05:30"
54,84,94,34.28,39.49,1634918826649,"2021-10-22T21:37:06+05:30"
52,77,86,34.27,39.48,1634918857245,"2021-10-22T21:37:37+05:30"
53,80,89,34.26,39.43,1634918887815,"2021-10-22T21:38:07+05:30"
52,73,82,34.24,39.46,1634918918382,"2021-10-22T21:38:38+05:30"
51,78,86,34.22,39.5,1634918949003,"2021-10-22T21:39:09+05:30"
53,77,89,34.2,39.53,1634918979560,"2021-10-22T21:39:39+05:30"
54,81,92,34.19,39.58,1634919010146,"2021-10-22T21:40:10+05:30"
53,80,89,34.18,39.65,1634919040714,"2021-10-22T21:40:40+05:30"
53,78,88,34.16,39.67,1634919071293,"2021-10-22T21:41:11+05:30"
55,80,87,34.13,39.75,1634919101915,"2021-10-22T21:41:41+05:30"
55,83,94,34.1,39.82,1634919132476,"2021-10-22T21:42:12+05:30"
54,80,90,34.09,39.9,1634919163035,"2021-10-22T21:42:43+05:30"
55,81,91,34.08,39.96,1634919193632,"2021-10-22T21:43:13+05:30"
54,82,91,34.07,40.1,1634919224223,"2021-10-22T21:43:44+05:30"
55,82,95,34.07,40.08,1634919254789,"2021-10-22T21:44:14+05:30"
55,84,97,34.07,40.17,1634919285364,"2021-10-22T21:44:45+05:30"
59,88,98,34.07,40.06,1634919315994,"2021-10-22T21:45:15+05:30"
56,85,98,34.06,40.06,1634919346551,"2021-10-22T21:45:46+05:30"
58,86,97,34.06,40.13,1634919377158,"2021-10-22T21:46:17+05:30"
57,85,93,34.05,40.06,1634919409517,"2021-10-22T21:46:49+05:30"
57,83,95,34.05,39.98,1634919438299,"2021-10-22T21:47:18+05:30"
58,85,92,34.05,39.99,1634919468895,"2021-10-22T21:47:48+05:30"
57,85,95,34.04,40.04,1634919499456,"2021-10-22T21:48:19+05:30"
56,83,93,34.02,39.99,1634919530017,"2021-10-22T21:48:50+05:30"
56,83,92,34,40.03,1634919560644,"2021-10-22T21:49:20+05:30"
59,87,98,34,40.03,1634919596832,"2021-10-22T21:49:56+05:30"
58,86,98,34,40.06,1634919627050,"2021-10-22T21:50:27+05:30"
61,87,100,33.99,40.03,1634919647710,"2021-10-22T21:50:47+05:30"
57,85,92,33.98,40.01,1634919678330,"2021-10-22T21:51:18+05:30"
60,87,99,33.97,39.99,1634919708891,"2021-10-22T21:51:48+05:30"
60,86,93,33.96,40.07,1634919739531,"2021-10-22T21:52:19+05:30"
61,89,96,33.95,40.09,1634919770074,"2021-10-22T21:52:50+05:30"
59,88,98,33.93,40.11,1634919800795,"2021-10-22T21:53:20+05:30"
58,86,93,33.92,40.09,1634919831395,"2021-10-22T21:53:51+05:30"
58,88,97,33.9,40.11,1634919862021,"2021-10-22T21:54:22+05:30"
59,87,96,33.88,40.18,1634919892616,"2021-10-22T21:54:52+05:30"
59,88,99,33.86,40.27,1634919923405,"2021-10-22T21:55:23+05:30"
57,85,93,33.84,40.32,1634919954049,"2021-10-22T21:55:54+05:30"
61,90,97,33.84,40.52,1634919984565,"2021-10-22T21:56:24+05:30"
60,87,97,33.85,40.47,1634920015158,"2021-10-22T21:56:55+05:30"
58,85,94,33.85,40.46,1634920045721,"2021-10-22T21:57:25+05:30"
67,100,114,33.83,40.44,1634920076285,"2021-10-22T21:57:56+05:30"
64,95,106,33.82,40.51,1634920106869,"2021-10-22T21:58:26+05:30"
61,89,96,33.81,40.49,1634920137570,"2021-10-22T21:58:57+05:30"
68,102,111,33.81,40.48,1634920168467,"2021-10-22T21:59:28+05:30"
66,99,111,33.8,40.46,1634920199305,"2021-10-22T21:59:59+05:30"
60,89,98,33.8,40.44,1634920229941,"2021-10-22T22:00:29+05:30"
58,84,94,33.78,40.4,1634920260535,"2021-10-22T22:01:00+05:30"
56,83,91,33.78,40.39,1634920291244,"2021-10-22T22:01:31+05:30"
56,83,95,33.77,40.38,1634920321819,"2021-10-22T22:02:01+05:30"
56,82,89,33.77,40.46,1634920352390,"2021-10-22T22:02:32+05:30"
57,84,92,33.76,40.44,1634920382962,"2021-10-22T22:03:02+05:30"
58,83,94,33.75,40.47,1634920413617,"2021-10-22T22:03:33+05:30"
58,86,99,33.74,40.47,1634920446521,"2021-10-22T22:04:06+05:30"
59,83,92,33.73,40.56,1634920476393,"2021-10-22T22:04:36+05:30"
59,86,95,33.73,40.52,1634920505863,"2021-10-22T22:05:05+05:30"
56,81,88,33.73,40.56,1634920536210,"2021-10-22T22:05:36+05:30"
58,86,95,33.73,40.53,1634920567117,"2021-10-22T22:06:07+05:30"
57,87,95,33.73,40.52,1634920597964,"2021-10-22T22:06:37+05:30"
59,87,96,33.73,40.56,1634920628570,"2021-10-22T22:07:08+05:30"
58,83,91,33.73,40.63,1634920659121,"2021-10-22T22:07:39+05:30"
57,84,91,33.72,40.67,1634920689711,"2021-10-22T22:08:09+05:30"
58,85,100,33.72,40.72,1634920720658,"2021-10-22T22:08:40+05:30"
58,87,97,33.73,40.69,1634920751237,"2021-10-22T22:09:11+05:30"
58,83,94,33.73,40.68,1634920781829,"2021-10-22T22:09:41+05:30"
60,88,97,33.72,40.68,1634920812492,"2021-10-22T22:10:12+05:30"
67,97,106,33.72,40.66,1634920843082,"2021-10-22T22:10:43+05:30"
59,89,96,33.69,40.69,1634920873591,"2021-10-22T22:11:13+05:30"
58,86,94,33.67,40.73,1634920904250,"2021-10-22T22:11:44+05:30"
58,83,92,33.65,40.84,1634920934782,"2021-10-22T22:12:14+05:30"
58,86,98,33.64,40.91,1634920965343,"2021-10-22T22:12:45+05:30"
60,90,97,33.64,40.95,1634920995902,"2021-10-22T22:13:15+05:30"
59,85,94,33.64,40.98,1634921026489,"2021-10-22T22:13:46+05:30"
59,85,93,33.64,41.01,1634921057273,"2021-10-22T22:14:17+05:30"
60,88,95,33.64,41.01,1634921087638,"2021-10-22T22:14:47+05:30"
56,84,93,33.65,41,1634921118220,"2021-10-22T22:15:18+05:30"
56,83,92,33.65,40.97,1634921148783,"2021-10-22T22:15:48+05:30"
56,83,91,33.65,40.95,1634921179597,"2021-10-22T22:16:19+05:30"
57,83,91,33.65,40.98,1634921209994,"2021-10-22T22:16:49+05:30"
57,85,94,33.66,41.01,1634921240635,"2021-10-22T22:17:20+05:30"
56,85,95,33.69,40.99,1634921271118,"2021-10-22T22:17:51+05:30"
56,82,91,33.69,40.9,1634921301716,"2021-10-22T22:18:21+05:30"
60,86,94,33.67,40.96,1634921332314,"2021-10-22T22:18:52+05:30"
59,87,97,33.65,41.11,1634921362908,"2021-10-22T22:19:22+05:30"
58,85,94,33.65,41.06,1634921396635,"2021-10-22T22:19:56+05:30"
56,82,90,33.64,40.98,1634921426753,"2021-10-22T22:20:26+05:30"
55,82,91,33.62,41.16,1634921457406,"2021-10-22T22:20:57+05:30"
55,80,87,33.61,41.32,1634921488142,"2021-10-22T22:21:28+05:30"
55,80,89,33.61,41.45,1634921518570,"2021-10-22T22:21:58+05:30"
55,83,91,33.63,41.51,1634921549128,"2021-10-22T22:22:29+05:30"
55,80,88,33.66,41.41,1634921579710,"2021-10-22T22:22:59+05:30"
55,79,87,33.67,41.35,1634921610578,"2021-10-22T22:23:30+05:30"
54,80,88,33.7,41.4,1634921640987,"2021-10-22T22:24:00+05:30"
52,79,87,33.72,41.36,1634921671580,"2021-10-22T22:24:31+05:30"
58,82,90,33.73,41.13,1634921702147,"2021-10-22T22:25:02+05:30"
58,85,91,33.73,41.04,1634921732726,"2021-10-22T22:25:32+05:30"
56,81,92,33.71,41.14,1634921763320,"2021-10-22T22:26:03+05:30"
57,86,92,33.69,41.46,1634921793906,"2021-10-22T22:26:33+05:30"
55,82,88,33.71,41.45,1634921824516,"2021-10-22T22:27:04+05:30"
55,84,95,33.73,41.51,1634921855042,"2021-10-22T22:27:35+05:30"
55,81,90,33.75,41.48,1634921885784,"2021-10-22T22:28:05+05:30"
53,77,83,33.78,41.6,1634921916227,"2021-10-22T22:28:36+05:30"
53,80,87,33.81,41.47,1634921946937,"2021-10-22T22:29:06+05:30"
54,80,88,33.84,41.2,1634921977393,"2021-10-22T22:29:37+05:30"
55,81,90,33.86,41.15,1634922008018,"2021-10-22T22:30:08+05:30"
55,81,89,33.89,41.2,1634922038635,"2021-10-22T22:30:38+05:30"
55,81,91,33.89,40.97,1634922069139,"2021-10-22T22:31:09+05:30"
55,79,86,33.88,40.91,1634922099721,"2021-10-22T22:31:39+05:30"
57,80,88,33.9,40.98,1634922130422,"2021-10-22T22:32:10+05:30"
63,93,104,33.92,41.04,1634922160872,"2021-10-22T22:32:40+05:30"
70,99,107,33.95,40.99,1634922191473,"2021-10-22T22:33:11+05:30"
65,93,103,33.96,40.72,1634922222031,"2021-10-22T22:33:42+05:30"
61,88,99,33.96,40.72,1634922252648,"2021-10-22T22:34:12+05:30"
56,81,94,33.96,40.94,1634922283247,"2021-10-22T22:34:43+05:30"
59,85,94,33.97,41.02,1634922316829,"2021-10-22T22:35:16+05:30"
58,85,97,33.99,40.9,1634922347422,"2021-10-22T22:35:47+05:30"
58,84,91,34,40.72,1634922378004,"2021-10-22T22:36:18+05:30"
55,82,90,33.97,40.93,1634922408584,"2021-10-22T22:36:48+05:30"
58,85,94,33.95,40.5,1634922439296,"2021-10-22T22:37:19+05:30"
57,83,92,33.94,40.45,1634922470141,"2021-10-22T22:37:50+05:30"
57,83,93,33.91,40.5,1634922501150,"2021-10-22T22:38:21+05:30"
58,83,93,33.89,40.75,1634922521888,"2021-10-22T22:38:41+05:30"
57,82,91,33.89,40.8,1634922552912,"2021-10-22T22:39:12+05:30"
56,80,88,33.87,40.94,1634922583434,"2021-10-22T22:39:43+05:30"
57,84,92,33.85,40.76,1634922613985,"2021-10-22T22:40:13+05:30"
58,85,94,33.83,41.05,1634922644536,"2021-10-22T22:40:44+05:30"
59,86,92,33.82,41.02,1634922675140,"2021-10-22T22:41:15+05:30"
56,83,91,33.81,40.79,1634922706043,"2021-10-22T22:41:46+05:30"
56,83,94,33.8,41.05,1634922736611,"2021-10-22T22:42:16+05:30"
55,83,93,33.8,41.12,1634922767492,"2021-10-22T22:42:47+05:30"
57,84,95,33.79,41.08,1634922797976,"2021-10-22T22:43:17+05:30"
56,82,92,33.79,41.22,1634922828935,"2021-10-22T22:43:48+05:30"
57,82,90,33.79,41.32,1634922859747,"2021-10-22T22:44:19+05:30"
55,82,93,33.79,41.19,1634922890281,"2021-10-22T22:44:50+05:30"
58,84,90,33.79,41,1634922921424,"2021-10-22T22:45:21+05:30"
59,85,90,33.8,41.09,1634922951791,"2021-10-22T22:45:51+05:30"
58,83,91,33.8,41.02,1634922982375,"2021-10-22T22:46:22+05:30"
56,82,91,33.79,40.95,1634923012940,"2021-10-22T22:46:52+05:30"
57,81,90,33.78,40.91,1634923043526,"2021-10-22T22:47:23+05:30"
57,82,94,33.76,41.11,1634923074104,"2021-10-22T22:47:54+05:30"
60,88,99,33.74,41.28,1634923104731,"2021-10-22T22:48:24+05:30"
60,87,98,33.74,41.27,1634923135385,"2021-10-22T22:48:55+05:30"
57,85,96,33.74,41.12,1634923165854,"2021-10-22T22:49:25+05:30"
57,82,93,33.75,41.17,1634923197966,"2021-10-22T22:49:57+05:30"
57,82,90,33.77,41.14,1634923228081,"2021-10-22T22:50:28+05:30"
56,83,91,33.78,41.02,1634923258648,"2021-10-22T22:50:58+05:30"
57,84,92,33.8,40.98,1634923289242,"2021-10-22T22:51:29+05:30"
56,82,91,33.81,40.71,1634923319965,"2021-10-22T22:51:59+05:30"
55,79,85,33.78,40.74,1634923350395,"2021-10-22T22:52:30+05:30"
55,79,84,33.77,40.75,1634923380988,"2021-10-22T22:53:00+05:30"
55,79,86,33.76,40.89,1634923411565,"2021-10-22T22:53:31+05:30"
56,83,94,33.76,40.87,1634923442116,"2021-10-22T22:54:02+05:30"
57,83,92,33.78,40.73,1634923472706,"2021-10-22T22:54:32+05:30"
54,79,87,33.79,40.74,1634923503286,"2021-10-22T22:55:03+05:30"
54,78,87,33.8,40.74,1634923533874,"2021-10-22T22:55:33+05:30"
57,83,90,33.79,40.65,1634923564439,"2021-10-22T22:56:04+05:30"
55,81,91,33.77,40.59,1634923594994,"2021-10-22T22:56:34+05:30"
56,82,95,33.75,40.79,1634923625635,"2021-10-22T22:57:05+05:30"
55,80,89,33.72,40.9,1634923656219,"2021-10-22T22:57:36+05:30"
54,80,86,33.71,40.91,1634923687224,"2021-10-22T22:58:07+05:30"
56,81,88,33.69,40.87,1634923717383,"2021-10-22T22:58:37+05:30"
54,81,89,33.69,41.02,1634923747969,"2021-10-22T22:59:07+05:30"
55,80,88,33.69,41,1634923778545,"2021-10-22T22:59:38+05:30"
55,82,92,33.67,40.98,1634923809109,"2021-10-22T23:00:09+05:30"
55,78,83,33.65,41.04,1634923840061,"2021-10-22T23:00:40+05:30"
55,80,92,33.62,41.16,1634923870386,"2021-10-22T23:01:10+05:30"
54,80,91,33.58,41.2,1634923900974,"2021-10-22T23:01:40+05:30"
53,80,88,33.55,41.16,1634923931531,"2021-10-22T23:02:11+05:30"
55,80,89,33.55,41.4,1634923962307,"2021-10-22T23:02:42+05:30"
55,80,91,33.55,41.3,1634923993007,"2021-10-22T23:03:13+05:30"
54,80,86,33.54,41.28,1634924023324,"2021-10-22T23:03:43+05:30"
57,81,88,33.55,41.35,1634924053860,"2021-10-22T23:04:13+05:30"
54,83,92,33.56,41.36,1634924084440,"2021-10-22T23:04:44+05:30"
56,84,93,33.58,41.35,1634924119249,"2021-10-22T23:05:19+05:30"
59,86,99,33.58,41.36,1634924149360,"2021-10-22T23:05:49+05:30"
60,88,98,33.58,41.36,1634924179932,"2021-10-22T23:06:19+05:30"
59,89,101,33.57,41.4,1634924210521,"2021-10-22T23:06:50+05:30"
58,87,100,33.55,41.53,1634924241114,"2021-10-22T23:07:21+05:30"
58,87,98,33.54,41.41,1634924271713,"2021-10-22T23:07:51+05:30"
56,84,91,33.53,41.53,1634924302308,"2021-10-22T23:08:22+05:30"
56,84,91,33.52,41.43,1634924332884,"2021-10-22T23:08:52+05:30"
56,83,93,33.52,41.54,1634924363456,"2021-10-22T23:09:23+05:30"
56,80,90,33.52,41.33,1634924394013,"2021-10-22T23:09:54+05:30"
55,81,89,33.49,41.41,1634924424585,"2021-10-22T23:10:24+05:30"
56,81,89,33.46,41.48,1634924455178,"2021-10-22T23:10:55+05:30"
55,81,91,33.47,41.68,1634924485778,"2021-10-22T23:11:25+05:30"
54,79,88,33.47,41.7,1634924516421,"2021-10-22T23:11:56+05:30"
56,79,88,33.47,41.6,1634924546983,"2021-10-22T23:12:26+05:30"
55,82,93,33.47,41.5,1634924577547,"2021-10-22T23:12:57+05:30"
55,81,91,33.46,41.39,1634924608148,"2021-10-22T23:13:28+05:30"
53,79,84,33.44,41.59,1634924638768,"2021-10-22T23:13:58+05:30"
54,79,87,33.44,41.69,1634924669308,"2021-10-22T23:14:29+05:30"
55,82,91,33.43,41.54,1634924699985,"2021-10-22T23:14:59+05:30"
56,82,92,33.4,41.66,1634924730479,"2021-10-22T23:15:30+05:30"
56,82,91,33.39,41.71,1634924761081,"2021-10-22T23:16:01+05:30"
55,79,89,33.4,41.72,1634924791649,"2021-10-22T23:16:31+05:30"
53,76,84,33.41,41.64,1634924822213,"2021-10-22T23:17:02+05:30"
53,77,82,33.41,41.61,1634924852810,"2021-10-22T23:17:32+05:30"
78,117,129,33.42,41.72,1634924883404,"2021-10-22T23:18:03+05:30"
87,127,138,33.43,41.81,1634924913998,"2021-10-22T23:18:33+05:30"
72,107,115,33.43,41.76,1634924944608,"2021-10-22T23:19:04+05:30"
66,100,112,33.42,41.67,1634924975189,"2021-10-22T23:19:35+05:30"
59,90,104,33.41,41.57,1634925000341,"2021-10-22T23:20:00+05:30"
56,86,98,33.41,41.71,1634925030718,"2021-10-22T23:20:30+05:30"
58,84,94,33.41,41.79,1634925061256,"2021-10-22T23:21:01+05:30"
55,82,96,33.41,41.64,1634925092023,"2021-10-22T23:21:32+05:30"
57,81,90,33.41,41.82,1634925122859,"2021-10-22T23:22:02+05:30"
56,81,87,33.43,41.84,1634925153440,"2021-10-22T23:22:33+05:30"
55,83,93,33.45,41.9,1634925184010,"2021-10-22T23:23:04+05:30"
57,82,92,33.46,41.74,1634925214597,"2021-10-22T23:23:34+05:30"
55,78,87,33.46,41.72,1634925245173,"2021-10-22T23:24:05+05:30"
53,81,91,33.45,41.69,1634925275743,"2021-10-22T23:24:35+05:30"
55,83,94,33.46,41.67,1634925306378,"2021-10-22T23:25:06+05:30"
55,83,91,33.46,41.79,1634925336929,"2021-10-22T23:25:36+05:30"
56,81,92,33.48,41.7,1634925367779,"2021-10-22T23:26:07+05:30"
56,81,91,33.5,41.7,1634925398073,"2021-10-22T23:26:38+05:30"
55,79,89,33.5,41.57,1634925428794,"2021-10-22T23:27:08+05:30"
55,80,92,33.5,41.66,1634925459271,"2021-10-22T23:27:39+05:30"
56,83,91,33.46,41.83,1634925490065,"2021-10-22T23:28:10+05:30"
56,85,95,33.47,41.87,1634925520971,"2021-10-22T23:28:40+05:30"
55,84,94,33.48,41.66,1634925551560,"2021-10-22T23:29:11+05:30"
53,78,85,33.48,41.51,1634925582146,"2021-10-22T23:29:42+05:30"
55,79,86,33.49,41.58,1634925612697,"2021-10-22T23:30:12+05:30"
62,91,100,33.5,41.56,1634925643308,"2021-10-22T23:30:43+05:30"
66,95,107,33.51,41.51,1634925674013,"2021-10-22T23:31:14+05:30"
77,115,126,33.52,41.5,1634925704485,"2021-10-22T23:31:44+05:30"
77,114,125,33.54,41.58,1634925735098,"2021-10-22T23:32:15+05:30"
73,110,122,33.56,41.51,1634925765698,"2021-10-22T23:32:45+05:30"
69,101,114,33.57,41.38,1634925796267,"2021-10-22T23:33:16+05:30"
64,97,109,33.59,41.39,1634925826868,"2021-10-22T23:33:46+05:30"
68,100,113,33.61,41.43,1634925857477,"2021-10-22T23:34:17+05:30"
66,95,106,33.61,41.39,1634925888145,"2021-10-22T23:34:48+05:30"
60,88,99,33.61,41.27,1634925917422,"2021-10-22T23:35:17+05:30"
59,87,96,33.61,41.13,1634925947977,"2021-10-22T23:35:47+05:30"
58,88,97,33.58,41.1,1634925978586,"2021-10-22T23:36:18+05:30"
55,79,89,33.55,40.95,1634926009162,"2021-10-22T23:36:49+05:30"
55,79,87,33.5,41.13,1634926039726,"2021-10-22T23:37:19+05:30"
55,81,86,33.46,41.37,1634926070290,"2021-10-22T23:37:50+05:30"
55,81,87,33.47,41.35,1634926100898,"2021-10-22T23:38:20+05:30"
51,79,87,33.47,41.37,1634926131529,"2021-10-22T23:38:51+05:30"
54,78,87,33.48,41.51,1634926162057,"2021-10-22T23:39:22+05:30"
52,77,86,33.46,41.29,1634926192619,"2021-10-22T23:39:52+05:30"
52,79,87,33.43,41.49,1634926223232,"2021-10-22T23:40:23+05:30"
52,76,88,33.43,41.72,1634926253806,"2021-10-22T23:40:53+05:30"