"pm1_0","pm2_5","pm10","temp","humid","createdAt","localtime"
32,51,70,31.95,63.97,1633245836778,"2021-10-03T12:53:56+05:30"
27,43,57,32.04,64.49,1633245866897,"2021-10-03T12:54:26+05:30"
23,36,48,32.2,64.38,1633245897481,"2021-10-03T12:54:57+05:30"
24,37,51,32.4,64.12,1633245928082,"2021-10-03T12:55:28+05:30"
24,39,51,32.64,63.45,1633245958611,"2021-10-03T12:55:58+05:30"
22,33,45,32.91,62.73,1633245989176,"2021-10-03T12:56:29+05:30"
22,34,44,33.72,55.96,1633246019773,"2021-10-03T12:56:59+05:30"
24,40,55,33.84,55.98,1633246050381,"2021-10-03T12:57:30+05:30"
23,37,48,33.73,56.48,1633246080940,"2021-10-03T12:58:00+05:30"
23,37,51,33.54,57.75,1633246111507,"2021-10-03T12:58:31+05:30"
23,35,47,33.37,58.49,1633246142095,"2021-10-03T12:59:02+05:30"
24,38,50,33.21,59.54,1633246172654,"2021-10-03T12:59:32+05:30"
26,39,50,33.11,59.84,1633246203245,"2021-10-03T13:00:03+05:30"
28,42,54,33,60.08,1633246233834,"2021-10-03T13:00:33+05:30"
29,45,58,32.95,60.2,1633246264399,"2021-10-03T13:01:04+05:30"
24,38,50,33.03,59.11,1633246295009,"2021-10-03T13:01:35+05:30"
23,36,46,33.02,58.57,1633246325643,"2021-10-03T13:02:05+05:30"
23,34,42,33.02,58.25,1633246356143,"2021-10-03T13:02:36+05:30"
22,34,43,33.05,57.7,1633246386721,"2021-10-03T13:03:06+05:30"
21,32,38,33.09,57.76,1633246417321,"2021-10-03T13:03:37+05:30"
23,35,45,33.06,58.33,1633246447933,"2021-10-03T13:04:07+05:30"
23,35,45,33.01,59.02,1633246478473,"2021-10-03T13:04:38+05:30"
23,36,48,33,59.32,1633246509060,"2021-10-03T13:05:09+05:30"
24,40,55,32.96,59.92,1633246539649,"2021-10-03T13:05:39+05:30"
30,63,92,32.89,60.03,1633246570235,"2021-10-03T13:06:10+05:30"
26,42,61,32.95,58.64,1633246600975,"2021-10-03T13:06:40+05:30"
30,54,88,32.98,58.71,1633246631385,"2021-10-03T13:07:11+05:30"
24,39,50,32.96,58.91,1633246661975,"2021-10-03T13:07:41+05:30"
23,35,49,32.97,59.35,1633246692831,"2021-10-03T13:08:12+05:30"
23,35,49,32.97,59.35,1633246695776,"2021-10-03T13:08:15+05:30"
25,41,57,32.99,59.91,1633246723280,"2021-10-03T13:08:43+05:30"
24,40,53,33.01,59.34,1633246756457,"2021-10-03T13:09:16+05:30"
25,40,53,33.06,59.13,1633246787092,"2021-10-03T13:09:47+05:30"
23,35,46,33.11,58.49,1633246817642,"2021-10-03T13:10:17+05:30"
24,35,47,33.1,58.55,1633246848223,"2021-10-03T13:10:48+05:30"
23,36,47,33.06,58.66,1633246878951,"2021-10-03T13:11:18+05:30"
23,36,46,33.05,59.13,1633246909571,"2021-10-03T13:11:49+05:30"
24,38,50,33.04,59.26,1633246940522,"2021-10-03T13:12:20+05:30"
24,36,49,33.05,58.86,1633246960535,"2021-10-03T13:12:40+05:30"
23,36,49,33.12,57.95,1633246991107,"2021-10-03T13:13:11+05:30"
22,36,45,33.15,57.47,1633247021666,"2021-10-03T13:13:41+05:30"
22,32,43,33.14,57.99,1633247052270,"2021-10-03T13:14:12+05:30"
23,37,45,33.12,57.2,1633247082858,"2021-10-03T13:14:42+05:30"
20,33,42,33.24,55.66,1633247113438,"2021-10-03T13:15:13+05:30"
17,28,36,33.32,55.43,1633247144006,"2021-10-03T13:15:44+05:30"
17,24,29,33.34,55.33,1633247174590,"2021-10-03T13:16:14+05:30"
19,30,36,33.32,55.73,1633247205208,"2021-10-03T13:16:45+05:30"
20,32,41,33.25,56.71,1633247235814,"2021-10-03T13:17:15+05:30"
19,30,38,33.18,56.65,1633247266381,"2021-10-03T13:17:46+05:30"
20,29,39,33.21,55.93,1633247296964,"2021-10-03T13:18:16+05:30"
19,29,34,33.24,55.88,1633247327533,"2021-10-03T13:18:47+05:30"
19,27,32,33.26,56.13,1633247358154,"2021-10-03T13:19:18+05:30"
20,32,40,33.25,56.09,1633247388882,"2021-10-03T13:19:48+05:30"
19,31,39,33.28,55.28,1633247419290,"2021-10-03T13:20:19+05:30"
19,28,36,33.33,55.26,1633247449868,"2021-10-03T13:20:49+05:30"
21,31,38,33.29,56.14,1633247480438,"2021-10-03T13:21:20+05:30"
19,30,35,33.26,56.34,1633247511044,"2021-10-03T13:21:51+05:30"
20,30,32,33.23,56.74,1633247541617,"2021-10-03T13:22:21+05:30"
20,30,39,33.24,56.83,1633247572204,"2021-10-03T13:22:52+05:30"
20,31,38,33.27,56.06,1633247602772,"2021-10-03T13:23:22+05:30"
20,29,33,33.31,55.58,1633247638116,"2021-10-03T13:23:58+05:30"
19,28,31,33.35,55.07,1633247668194,"2021-10-03T13:24:28+05:30"
20,28,32,33.36,55.58,1633247698788,"2021-10-03T13:24:58+05:30"
18,26,30,33.4,55,1633247729340,"2021-10-03T13:25:29+05:30"
19,30,39,33.38,55.72,1633247760047,"2021-10-03T13:26:00+05:30"
20,31,40,33.36,56.26,1633247790530,"2021-10-03T13:26:30+05:30"
19,29,37,33.36,56.05,1633247821108,"2021-10-03T13:27:01+05:30"
19,27,33,33.46,55.04,1633247851675,"2021-10-03T13:27:31+05:30"
20,30,42,33.47,55.49,1633247882294,"2021-10-03T13:28:02+05:30"
20,31,41,33.41,56.7,1633247912926,"2021-10-03T13:28:32+05:30"
21,33,43,33.35,57.12,1633247943583,"2021-10-03T13:29:03+05:30"
20,31,38,33.39,56.55,1633247973999,"2021-10-03T13:29:33+05:30"
21,33,45,33.4,56.41,1633248004812,"2021-10-03T13:30:04+05:30"
19,33,47,33.53,55.05,1633248035179,"2021-10-03T13:30:35+05:30"
25,40,54,33.57,55.35,1633248066113,"2021-10-03T13:31:06+05:30"
24,44,71,33.54,56.06,1633248096321,"2021-10-03T13:31:36+05:30"
20,36,55,33.55,55.95,1633248126918,"2021-10-03T13:32:06+05:30"
27,53,86,33.57,55.68,1633248157464,"2021-10-03T13:32:37+05:30"
25,51,89,33.57,55.66,1633248188054,"2021-10-03T13:33:08+05:30"
20,38,55,33.51,56.39,1633248218650,"2021-10-03T13:33:38+05:30"
20,35,48,33.45,56.61,1633248249215,"2021-10-03T13:34:09+05:30"
20,31,39,33.39,57.23,1633248279770,"2021-10-03T13:34:39+05:30"
19,30,42,33.37,57.11,1633248310374,"2021-10-03T13:35:10+05:30"
19,30,43,33.36,56.92,1633248340970,"2021-10-03T13:35:40+05:30"
20,29,38,33.43,56.6,1633248371536,"2021-10-03T13:36:11+05:30"
19,29,35,33.43,57.38,1633248402112,"2021-10-03T13:36:42+05:30"
18,29,34,33.46,56.98,1633248432714,"2021-10-03T13:37:12+05:30"
17,26,32,33.44,57.34,1633248463294,"2021-10-03T13:37:43+05:30"
17,28,36,33.46,56.96,1633248493853,"2021-10-03T13:38:13+05:30"
18,29,34,33.39,57.57,1633248524472,"2021-10-03T13:38:44+05:30"
19,31,37,33.37,57.95,1633248545855,"2021-10-03T13:39:05+05:30"
19,29,36,33.35,57.59,1633248576452,"2021-10-03T13:39:36+05:30"
19,29,35,33.38,57.52,1633248606993,"2021-10-03T13:40:06+05:30"
20,29,38,33.4,57.57,1633248637683,"2021-10-03T13:40:37+05:30"
19,28,31,33.38,58.16,1633248668258,"2021-10-03T13:41:08+05:30"
19,29,35,33.35,58.87,1633248698877,"2021-10-03T13:41:38+05:30"
22,32,38,33.33,58.3,1633248729433,"2021-10-03T13:42:09+05:30"
20,31,40,33.31,58.45,1633248759999,"2021-10-03T13:42:39+05:30"
19,29,35,33.3,58.37,1633248790580,"2021-10-03T13:43:10+05:30"
19,28,32,33.31,58.36,1633248821183,"2021-10-03T13:43:41+05:30"
18,26,31,33.33,58.09,1633248851784,"2021-10-03T13:44:11+05:30"
17,26,31,33.34,57.67,1633248882344,"2021-10-03T13:44:42+05:30"
17,24,27,33.3,58.24,1633248912929,"2021-10-03T13:45:12+05:30"
19,29,34,33.26,58.92,1633248943508,"2021-10-03T13:45:43+05:30"
17,24,28,33.25,58.3,1633248974496,"2021-10-03T13:46:14+05:30"
18,27,31,33.28,58.1,1633249004671,"2021-10-03T13:46:44+05:30"
17,28,31,33.28,58.12,1633249035381,"2021-10-03T13:47:15+05:30"
19,30,35,33.25,57.89,1633249065835,"2021-10-03T13:47:45+05:30"
18,28,37,33.32,57.82,1633249096424,"2021-10-03T13:48:16+05:30"
17,29,38,33.36,56.65,1633249126998,"2021-10-03T13:48:46+05:30"
18,27,37,33.44,55.85,1633249157586,"2021-10-03T13:49:17+05:30"
18,25,32,33.47,56.44,1633249188165,"2021-10-03T13:49:48+05:30"
18,28,34,33.4,57.13,1633249218748,"2021-10-03T13:50:18+05:30"
18,28,37,33.36,57.26,1633249249333,"2021-10-03T13:50:49+05:30"
16,26,32,33.33,57.53,1633249279915,"2021-10-03T13:51:19+05:30"
17,27,33,33.32,57.17,1633249310512,"2021-10-03T13:51:50+05:30"
16,24,30,33.31,57.43,1633249341095,"2021-10-03T13:52:21+05:30"
16,23,29,33.34,57.46,1633249371648,"2021-10-03T13:52:51+05:30"
18,28,34,33.29,58.03,1633249402225,"2021-10-03T13:53:22+05:30"
20,28,32,33.25,58.28,1633249432827,"2021-10-03T13:53:52+05:30"
19,29,37,33.27,57.92,1633249460554,"2021-10-03T13:54:20+05:30"
21,31,37,33.32,57.29,1633249491129,"2021-10-03T13:54:51+05:30"
23,36,45,33.31,57.72,1633249521739,"2021-10-03T13:55:21+05:30"
23,36,46,33.25,58.69,1633249552308,"2021-10-03T13:55:52+05:30"
24,40,55,33.27,57.97,1633249582885,"2021-10-03T13:56:22+05:30"
22,34,47,33.3,57.95,1633249613538,"2021-10-03T13:56:53+05:30"
21,34,42,33.34,57.81,1633249644072,"2021-10-03T13:57:24+05:30"
21,32,42,33.38,56.9,1633249674634,"2021-10-03T13:57:54+05:30"
21,32,40,33.47,56.37,1633249705232,"2021-10-03T13:58:25+05:30"
20,31,37,33.41,57.54,1633249735803,"2021-10-03T13:58:55+05:30"
21,33,41,33.35,57.92,1633249766395,"2021-10-03T13:59:26+05:30"
22,34,45,33.36,57.25,1633249796965,"2021-10-03T13:59:56+05:30"
23,33,43,33.38,57.05,1633249827540,"2021-10-03T14:00:27+05:30"
21,31,38,33.42,56.47,1633249858139,"2021-10-03T14:00:58+05:30"
19,30,38,33.45,56.56,1633249888728,"2021-10-03T14:01:28+05:30"
19,30,39,33.45,56.85,1633249919335,"2021-10-03T14:01:59+05:30"
19,28,35,33.43,57.3,1633249949875,"2021-10-03T14:02:29+05:30"
19,27,32,33.37,58.06,1633249980474,"2021-10-03T14:03:00+05:30"
18,28,32,33.39,57.62,1633250011079,"2021-10-03T14:03:31+05:30"
21,30,33,33.45,56.79,1633250041690,"2021-10-03T14:04:01+05:30"
19,29,35,33.53,55.77,1633250072258,"2021-10-03T14:04:32+05:30"
18,28,32,33.56,55.61,1633250102834,"2021-10-03T14:05:02+05:30"
18,26,33,33.55,55.91,1633250133416,"2021-10-03T14:05:33+05:30"
18,26,32,33.54,56.09,1633250163977,"2021-10-03T14:06:03+05:30"
19,31,43,33.52,56.41,1633250194562,"2021-10-03T14:06:34+05:30"
18,28,31,33.51,56.31,1633250225171,"2021-10-03T14:07:05+05:30"
19,25,29,33.49,56.46,1633250255734,"2021-10-03T14:07:35+05:30"
21,31,39,33.5,55.99,1633250286307,"2021-10-03T14:08:06+05:30"
20,29,35,33.58,55.13,1633250316869,"2021-10-03T14:08:36+05:30"
19,30,37,33.62,54.9,1633250344610,"2021-10-03T14:09:04+05:30"
18,27,32,33.64,54.91,1633250375159,"2021-10-03T14:09:35+05:30"
18,27,31,33.68,54.73,1633250405774,"2021-10-03T14:10:05+05:30"
19,26,31,33.64,55.53,1633250436562,"2021-10-03T14:10:36+05:30"
19,30,39,33.63,55.93,1633250466999,"2021-10-03T14:11:06+05:30"
20,31,38,33.65,55.59,1633250497617,"2021-10-03T14:11:37+05:30"
18,29,34,33.63,55.89,1633250528174,"2021-10-03T14:12:08+05:30"
18,27,34,33.64,55.61,1633250558797,"2021-10-03T14:12:38+05:30"
17,26,29,33.66,55.38,1633250589344,"2021-10-03T14:13:09+05:30"
18,27,30,33.66,56.05,1633250619899,"2021-10-03T14:13:39+05:30"
19,29,32,33.58,56.87,1633250650513,"2021-10-03T14:14:10+05:30"
17,25,30,33.51,57.48,1633250681104,"2021-10-03T14:14:41+05:30"
19,28,32,33.53,56.78,1633250711672,"2021-10-03T14:15:11+05:30"
18,29,34,33.58,56.48,1633250742232,"2021-10-03T14:15:42+05:30"
20,31,39,33.58,56.73,1633250772891,"2021-10-03T14:16:12+05:30"
18,27,35,33.61,56.21,1633250803499,"2021-10-03T14:16:43+05:30"
18,28,33,33.71,55.94,1633250834002,"2021-10-03T14:17:14+05:30"
20,31,38,33.73,56.62,1633250864573,"2021-10-03T14:17:44+05:30"
21,32,38,33.63,57.69,1633250895165,"2021-10-03T14:18:15+05:30"
22,34,45,33.59,57.65,1633250925756,"2021-10-03T14:18:45+05:30"
23,35,44,33.65,56.39,1633250956352,"2021-10-03T14:19:16+05:30"
21,34,43,33.65,56.8,1633250986893,"2021-10-03T14:19:46+05:30"
20,30,35,33.7,56.24,1633251017491,"2021-10-03T14:20:17+05:30"
19,28,37,33.7,56.44,1633251048091,"2021-10-03T14:20:48+05:30"
22,33,38,33.7,56.35,1633251078658,"2021-10-03T14:21:18+05:30"
21,31,37,33.71,56.22,1633251109226,"2021-10-03T14:21:49+05:30"
20,30,36,33.73,56.18,1633251139833,"2021-10-03T14:22:19+05:30"
19,29,36,33.78,56.06,1633251170417,"2021-10-03T14:22:50+05:30"
19,29,35,33.75,56.41,1633251200988,"2021-10-03T14:23:20+05:30"
17,24,27,33.74,56.01,1633251231564,"2021-10-03T14:23:51+05:30"
17,25,30,33.74,56.47,1633251259511,"2021-10-03T14:24:19+05:30"
20,29,36,33.75,56.41,1633251290102,"2021-10-03T14:24:50+05:30"
21,29,37,33.76,55.61,1633251320685,"2021-10-03T14:25:20+05:30"
19,30,37,33.84,54.97,1633251351484,"2021-10-03T14:25:51+05:30"
18,28,37,33.85,55.27,1633251381839,"2021-10-03T14:26:21+05:30"
19,27,33,33.83,55.77,1633251412409,"2021-10-03T14:26:52+05:30"
19,28,34,33.8,56.24,1633251443018,"2021-10-03T14:27:23+05:30"
19,27,34,33.8,55.95,1633251473603,"2021-10-03T14:27:53+05:30"
20,30,39,33.79,56.02,1633251504170,"2021-10-03T14:28:24+05:30"
18,29,34,33.79,55.93,1633251534762,"2021-10-03T14:28:54+05:30"
20,31,40,33.84,55.59,1633251565334,"2021-10-03T14:29:25+05:30"
22,32,38,33.89,55.69,1633251595923,"2021-10-03T14:29:55+05:30"
25,36,45,33.86,55.71,1633251626497,"2021-10-03T14:30:26+05:30"
21,29,35,33.91,54.67,1633251657065,"2021-10-03T14:30:57+05:30"
20,29,34,33.91,54.89,1633251687655,"2021-10-03T14:31:27+05:30"
21,32,41,33.89,55.2,1633251718222,"2021-10-03T14:31:58+05:30"
20,32,39,33.91,54.78,1633251748808,"2021-10-03T14:32:28+05:30"
19,29,37,33.96,54.71,1633251779378,"2021-10-03T14:32:59+05:30"
19,31,42,33.96,54.59,1633251810094,"2021-10-03T14:33:30+05:30"
19,29,38,33.98,54.99,1633251840615,"2021-10-03T14:34:00+05:30"
20,34,45,33.99,55.11,1633251871386,"2021-10-03T14:34:31+05:30"
19,32,44,33.94,55.66,1633251901772,"2021-10-03T14:35:01+05:30"
19,30,39,33.98,54.85,1633251932371,"2021-10-03T14:35:32+05:30"
20,30,39,33.96,55.51,1633251962954,"2021-10-03T14:36:02+05:30"
23,38,49,33.93,55.65,1633251993509,"2021-10-03T14:36:33+05:30"
26,40,53,33.88,56.49,1633252024179,"2021-10-03T14:37:04+05:30"
25,38,48,33.79,57.27,1633252054702,"2021-10-03T14:37:34+05:30"
27,42,54,33.83,57.42,1633252085277,"2021-10-03T14:38:05+05:30"
24,38,49,33.85,57.11,1633252115908,"2021-10-03T14:38:35+05:30"
22,35,46,33.81,57.87,1633252142996,"2021-10-03T14:39:02+05:30"
25,42,57,33.73,58.81,1633252173793,"2021-10-03T14:39:33+05:30"
25,40,54,33.7,58.28,1633252204797,"2021-10-03T14:40:04+05:30"
22,34,45,33.68,58.24,1633252235361,"2021-10-03T14:40:35+05:30"
22,35,47,33.72,57.95,1633252266164,"2021-10-03T14:41:06+05:30"
21,32,47,33.73,57.46,1633252296682,"2021-10-03T14:41:36+05:30"
21,33,44,33.68,57.81,1633252327284,"2021-10-03T14:42:07+05:30"
22,32,38,33.74,56.23,1633252357848,"2021-10-03T14:42:37+05:30"
21,32,37,33.83,55.88,1633252388415,"2021-10-03T14:43:08+05:30"
21,32,40,33.8,56.55,1633252419015,"2021-10-03T14:43:39+05:30"
22,34,43,33.8,56.87,1633252449608,"2021-10-03T14:44:09+05:30"
21,30,33,33.8,57.13,1633252480198,"2021-10-03T14:44:40+05:30"
21,31,38,33.73,57.26,1633252511041,"2021-10-03T14:45:11+05:30"
21,31,38,33.67,57.46,1633252541609,"2021-10-03T14:45:41+05:30"
22,32,40,33.72,57.09,1633252572198,"2021-10-03T14:46:12+05:30"
21,33,44,33.68,57.43,1633252602777,"2021-10-03T14:46:42+05:30"
21,30,37,33.64,56.94,1633252633343,"2021-10-03T14:47:13+05:30"
20,29,36,33.63,56.9,1633252663946,"2021-10-03T14:47:43+05:30"
22,33,39,33.62,56.84,1633252694568,"2021-10-03T14:48:14+05:30"
20,31,36,33.69,55.9,1633252725104,"2021-10-03T14:48:45+05:30"
20,29,32,33.76,54.91,1633252755764,"2021-10-03T14:49:15+05:30"
25,40,50,33.83,54.73,1633252787098,"2021-10-03T14:49:47+05:30"
25,40,50,33.83,54.73,1633252790789,"2021-10-03T14:49:50+05:30"
38,60,73,33.8,55.65,1633252817267,"2021-10-03T14:50:17+05:30"
38,60,73,33.8,55.65,1633252826948,"2021-10-03T14:50:26+05:30"
29,43,53,33.82,54.94,1633252855211,"2021-10-03T14:50:55+05:30"
25,38,48,33.86,54.59,1633252875586,"2021-10-03T14:51:15+05:30"
24,35,45,33.81,55.71,1633252906093,"2021-10-03T14:51:46+05:30"
22,32,38,33.78,55.82,1633252936698,"2021-10-03T14:52:16+05:30"
23,33,39,33.77,55.92,1633252967289,"2021-10-03T14:52:47+05:30"
21,31,36,33.72,56.13,1633252997853,"2021-10-03T14:53:17+05:30"
20,31,38,33.74,55.51,1633253028416,"2021-10-03T14:53:48+05:30"
19,28,34,33.78,55.08,1633253059048,"2021-10-03T14:54:19+05:30"
16,25,28,33.81,55.08,1633253089597,"2021-10-03T14:54:49+05:30"
19,27,34,33.81,55.62,1633253120174,"2021-10-03T14:55:20+05:30"
19,27,34,33.75,56.41,1633253150733,"2021-10-03T14:55:50+05:30"
19,28,34,33.78,55.33,1633253181379,"2021-10-03T14:56:21+05:30"
18,27,34,33.86,54.94,1633253211907,"2021-10-03T14:56:51+05:30"
18,27,30,33.88,54.67,1633253242469,"2021-10-03T14:57:22+05:30"
18,26,29,33.93,54.5,1633253273035,"2021-10-03T14:57:53+05:30"
19,25,29,33.89,55.4,1633253303616,"2021-10-03T14:58:23+05:30"
18,27,33,33.84,55.9,1633253334172,"2021-10-03T14:58:54+05:30"
19,31,40,33.85,55.64,1633253364811,"2021-10-03T14:59:24+05:30"
19,28,34,33.85,55.41,1633253395368,"2021-10-03T14:59:55+05:30"
19,30,36,33.87,55.33,1633253425940,"2021-10-03T15:00:25+05:30"
19,29,33,33.83,56.11,1633253456504,"2021-10-03T15:00:56+05:30"
18,28,32,33.77,56.07,1633253487110,"2021-10-03T15:01:27+05:30"
17,25,29,33.78,55.11,1633253517688,"2021-10-03T15:01:57+05:30"
20,27,30,33.79,55.1,1633253548281,"2021-10-03T15:02:28+05:30"
20,29,35,33.82,55.13,1633253578820,"2021-10-03T15:02:58+05:30"
18,29,34,33.8,55.37,1633253609497,"2021-10-03T15:03:29+05:30"
20,29,34,33.75,55.86,1633253640118,"2021-10-03T15:04:00+05:30"
19,30,43,33.73,56.22,1633253670707,"2021-10-03T15:04:30+05:30"
19,27,31,33.74,56,1633253701275,"2021-10-03T15:05:01+05:30"
18,26,30,33.76,55.78,1633253731852,"2021-10-03T15:05:31+05:30"
18,27,33,33.74,56.12,1633253757979,"2021-10-03T15:05:57+05:30"
20,32,43,33.77,55.85,1633253788711,"2021-10-03T15:06:28+05:30"
19,28,35,33.8,55.56,1633253819648,"2021-10-03T15:06:59+05:30"
18,27,29,33.84,55.27,1633253850101,"2021-10-03T15:07:30+05:30"
17,28,32,33.88,54.85,1633253880702,"2021-10-03T15:08:00+05:30"
19,26,31,33.87,55.33,1633253911302,"2021-10-03T15:08:31+05:30"
19,27,30,33.79,56,1633253941981,"2021-10-03T15:09:01+05:30"
17,28,31,33.78,55.41,1633253972551,"2021-10-03T15:09:32+05:30"
18,26,30,33.81,55.28,1633254003113,"2021-10-03T15:10:03+05:30"
18,28,34,33.84,55.02,1633254033708,"2021-10-03T15:10:33+05:30"
18,26,31,33.81,55.08,1633254064317,"2021-10-03T15:11:04+05:30"
18,28,32,33.81,54.51,1633254094868,"2021-10-03T15:11:34+05:30"
18,30,41,33.81,54.95,1633254125446,"2021-10-03T15:12:05+05:30"
19,32,45,33.77,55.55,1633254156044,"2021-10-03T15:12:36+05:30"
18,29,38,33.71,56.09,1633254186640,"2021-10-03T15:13:06+05:30"
19,30,37,33.71,55.68,1633254217197,"2021-10-03T15:13:37+05:30"
17,29,38,33.75,54.76,1633254247768,"2021-10-03T15:14:07+05:30"
18,30,38,33.76,55.16,1633254278417,"2021-10-03T15:14:38+05:30"
15,23,29,33.74,55.47,1633254308971,"2021-10-03T15:15:08+05:30"
17,29,36,33.66,56.36,1633254339610,"2021-10-03T15:15:39+05:30"
17,27,33,33.68,55.65,1633254370193,"2021-10-03T15:16:10+05:30"
17,28,35,33.65,56.13,1633254400767,"2021-10-03T15:16:40+05:30"
17,27,38,33.68,55.68,1633254487797,"2021-10-03T15:18:07+05:30"
19,28,39,33.7,55.43,1633254498495,"2021-10-03T15:18:18+05:30"
19,30,36,33.71,55.61,1633254528852,"2021-10-03T15:18:48+05:30"
18,31,38,33.73,55.61,1633254559460,"2021-10-03T15:19:19+05:30"
18,26,33,33.69,56.2,1633254589986,"2021-10-03T15:19:49+05:30"
21,32,43,33.68,55.89,1633254620598,"2021-10-03T15:20:20+05:30"
18,28,35,33.74,55.61,1633254651404,"2021-10-03T15:20:51+05:30"
19,29,36,33.98,54.94,1633254681776,"2021-10-03T15:21:21+05:30"
17,25,28,33.96,54.15,1633254712435,"2021-10-03T15:21:52+05:30"
19,29,33,33.95,54.35,1633254733235,"2021-10-03T15:22:13+05:30"
20,30,39,34.06,55.13,1633254763755,"2021-10-03T15:22:43+05:30"
19,28,37,34.04,55.38,1633254794355,"2021-10-03T15:23:14+05:30"
18,27,34,34.05,55.14,1633254825068,"2021-10-03T15:23:45+05:30"
18,26,32,33.95,56.35,1633254855685,"2021-10-03T15:24:15+05:30"
19,28,32,33.83,57.28,1633254886240,"2021-10-03T15:24:46+05:30"
20,30,34,33.77,57,1633254916815,"2021-10-03T15:25:16+05:30"
20,32,42,33.7,57.46,1633254947409,"2021-10-03T15:25:47+05:30"
19,30,38,33.67,57.35,1633254978004,"2021-10-03T15:26:18+05:30"
19,29,34,33.71,56.97,1633255008837,"2021-10-03T15:26:48+05:30"
20,28,32,33.77,56.62,1633255039410,"2021-10-03T15:27:19+05:30"
19,26,29,33.73,57.13,1633255069778,"2021-10-03T15:27:49+05:30"
20,29,36,33.74,56.81,1633255100346,"2021-10-03T15:28:20+05:30"
19,28,31,33.72,56.96,1633255131009,"2021-10-03T15:28:51+05:30"
19,28,33,33.72,57.18,1633255161524,"2021-10-03T15:29:21+05:30"
20,31,37,33.71,57.35,1633255192111,"2021-10-03T15:29:52+05:30"
20,30,36,33.66,57.95,1633255222682,"2021-10-03T15:30:22+05:30"
20,34,43,33.66,58.06,1633255253272,"2021-10-03T15:30:53+05:30"
22,32,42,33.63,58.16,1633255283850,"2021-10-03T15:31:23+05:30"
22,32,40,33.62,58.04,1633255314438,"2021-10-03T15:31:54+05:30"
21,32,39,33.65,57.54,1633255345031,"2021-10-03T15:32:25+05:30"
23,34,44,33.63,57.87,1633255375601,"2021-10-03T15:32:55+05:30"
22,33,40,33.66,57.41,1633255408007,"2021-10-03T15:33:28+05:30"
22,32,39,33.73,56.9,1633255438103,"2021-10-03T15:33:58+05:30"
22,32,37,33.72,57.24,1633255468683,"2021-10-03T15:34:28+05:30"
21,30,40,33.69,57.04,1633255499266,"2021-10-03T15:34:59+05:30"
21,33,40,33.67,57.17,1633255529924,"2021-10-03T15:35:29+05:30"
21,32,39,33.72,56.47,1633255560441,"2021-10-03T15:36:00+05:30"
20,31,38,33.8,56.12,1633255591000,"2021-10-03T15:36:31+05:30"
24,38,47,33.83,56.25,1633255621673,"2021-10-03T15:37:01+05:30"
21,31,38,33.79,56.6,1633255652198,"2021-10-03T15:37:32+05:30"
19,27,31,33.73,56.79,1633255682759,"2021-10-03T15:38:02+05:30"
20,29,34,33.68,56.95,1633255713893,"2021-10-03T15:38:33+05:30"
20,29,33,33.61,57.71,1633255744198,"2021-10-03T15:39:04+05:30"
21,31,36,33.58,58.08,1633255774783,"2021-10-03T15:39:34+05:30"
20,31,37,33.54,58.64,1633255805355,"2021-10-03T15:40:05+05:30"
21,32,42,33.52,58.53,1633255835941,"2021-10-03T15:40:35+05:30"
21,30,34,33.57,57.85,1633255866522,"2021-10-03T15:41:06+05:30"
32,48,63,33.72,57.73,1633255897403,"2021-10-03T15:41:37+05:30"
25,37,47,33.68,58.06,1633255927695,"2021-10-03T15:42:07+05:30"
22,35,43,33.65,57.66,1633255958247,"2021-10-03T15:42:38+05:30"
21,33,44,33.67,57.43,1633255988863,"2021-10-03T15:43:08+05:30"
20,30,37,33.66,57.07,1633256019427,"2021-10-03T15:43:39+05:30"
20,31,36,33.66,57.4,1633256049992,"2021-10-03T15:44:09+05:30"
19,29,34,33.64,57.53,1633256080578,"2021-10-03T15:44:40+05:30"
20,31,36,33.64,57.51,1633256111149,"2021-10-03T15:45:11+05:30"
19,28,29,33.64,56.73,1633256141783,"2021-10-03T15:45:41+05:30"
19,27,33,33.67,56.84,1633256172353,"2021-10-03T15:46:12+05:30"
21,31,36,33.62,57.28,1633256202958,"2021-10-03T15:46:42+05:30"
21,30,37,33.62,56.93,1633256233648,"2021-10-03T15:47:13+05:30"
21,32,39,33.63,57.18,1633256264233,"2021-10-03T15:47:44+05:30"
19,29,33,33.62,57.4,1633256288509,"2021-10-03T15:48:08+05:30"
20,28,34,33.62,57.41,1633256319089,"2021-10-03T15:48:39+05:30"
19,27,31,33.64,56.72,1633256349654,"2021-10-03T15:49:09+05:30"
19,30,37,33.66,56.49,1633256380257,"2021-10-03T15:49:40+05:30"
20,30,40,33.68,56.46,1633256410836,"2021-10-03T15:50:10+05:30"
20,30,37,33.66,56.82,1633256441426,"2021-10-03T15:50:41+05:30"
20,27,34,33.66,56.87,1633256472028,"2021-10-03T15:51:12+05:30"
20,34,49,33.7,56.22,1633256502636,"2021-10-03T15:51:42+05:30"
18,29,40,33.8,55.68,1633256533189,"2021-10-03T15:52:13+05:30"
19,30,36,33.82,55.96,1633256563760,"2021-10-03T15:52:43+05:30"
19,29,37,33.79,56.28,1633256594451,"2021-10-03T15:53:14+05:30"
19,31,43,33.81,56.22,1633256624948,"2021-10-03T15:53:44+05:30"
21,32,41,33.76,57.26,1633256655517,"2021-10-03T15:54:15+05:30"
20,31,40,33.74,56.82,1633256686110,"2021-10-03T15:54:46+05:30"
19,29,38,33.76,57.21,1633256716691,"2021-10-03T15:55:16+05:30"
19,30,39,33.77,57.41,1633256747275,"2021-10-03T15:55:47+05:30"
19,29,33,33.74,57.33,1633256777907,"2021-10-03T15:56:17+05:30"
18,27,30,33.73,57.62,1633256808481,"2021-10-03T15:56:48+05:30"
19,29,36,33.7,57.86,1633256839107,"2021-10-03T15:57:19+05:30"
18,25,29,33.68,58.23,1633256869714,"2021-10-03T15:57:49+05:30"
19,27,31,33.66,58,1633256900285,"2021-10-03T15:58:20+05:30"
18,27,31,33.64,58.23,1633256930882,"2021-10-03T15:58:50+05:30"
17,23,26,33.63,58.31,1633256961443,"2021-10-03T15:59:21+05:30"
18,26,32,33.61,58.41,1633256992027,"2021-10-03T15:59:52+05:30"
19,30,37,33.59,58.17,1633257022660,"2021-10-03T16:00:22+05:30"
19,28,33,33.58,58.23,1633257053222,"2021-10-03T16:00:53+05:30"
17,28,32,33.6,58.09,1633257083855,"2021-10-03T16:01:23+05:30"
18,27,33,33.62,58.15,1633257114402,"2021-10-03T16:01:54+05:30"
19,27,30,33.59,58.38,1633257144973,"2021-10-03T16:02:24+05:30"
18,26,30,33.61,58.1,1633257175542,"2021-10-03T16:02:55+05:30"
22,33,39,33.66,58.93,1633257199862,"2021-10-03T16:03:19+05:30"
32,47,60,33.98,58.44,1633257230467,"2021-10-03T16:03:50+05:30"
34,49,64,34.01,58.33,1633257261160,"2021-10-03T16:04:21+05:30"
24,38,49,33.92,58.19,1633257291847,"2021-10-03T16:04:51+05:30"
21,32,45,33.88,58.17,1633257322328,"2021-10-03T16:05:22+05:30"
21,33,44,33.83,58.43,1633257352889,"2021-10-03T16:05:52+05:30"
20,29,34,33.77,58.32,1633257383496,"2021-10-03T16:06:23+05:30"
20,29,33,33.72,58.55,1633257414095,"2021-10-03T16:06:54+05:30"
18,28,35,33.62,59.09,1633257444655,"2021-10-03T16:07:24+05:30"
17,28,36,33.55,58.99,1633257475375,"2021-10-03T16:07:55+05:30"
18,28,32,33.55,58.34,1633257505876,"2021-10-03T16:08:25+05:30"
18,27,35,33.54,58.85,1633257536414,"2021-10-03T16:08:56+05:30"
18,29,39,33.53,58.62,1633257567299,"2021-10-03T16:09:27+05:30"
17,26,32,33.58,58.3,1633257597550,"2021-10-03T16:09:57+05:30"
18,29,35,33.63,58.55,1633257628176,"2021-10-03T16:10:28+05:30"
16,24,29,33.57,58.99,1633257658743,"2021-10-03T16:10:58+05:30"
18,28,32,33.52,59.34,1633257689314,"2021-10-03T16:11:29+05:30"
18,28,35,33.47,59.63,1633257719885,"2021-10-03T16:11:59+05:30"
16,24,29,33.49,59.26,1633257750479,"2021-10-03T16:12:30+05:30"
17,24,25,33.45,59.62,1633257781131,"2021-10-03T16:13:01+05:30"
17,23,25,33.46,58.74,1633257811700,"2021-10-03T16:13:31+05:30"
19,29,34,33.49,58.57,1633257842325,"2021-10-03T16:14:02+05:30"
17,24,30,33.47,59.16,1633257872904,"2021-10-03T16:14:32+05:30"
19,25,29,33.42,59.08,1633257903494,"2021-10-03T16:15:03+05:30"
17,27,31,33.39,59.01,1633257934204,"2021-10-03T16:15:34+05:30"
19,26,30,33.4,58.61,1633257964652,"2021-10-03T16:16:04+05:30"
18,27,30,33.4,58.37,1633257995233,"2021-10-03T16:16:35+05:30"
17,27,33,33.39,58.38,1633258025828,"2021-10-03T16:17:05+05:30"
18,28,33,33.42,58.41,1633258056414,"2021-10-03T16:17:36+05:30"
19,28,30,33.5,58.38,1633258091321,"2021-10-03T16:18:11+05:30"
21,32,40,33.49,59,1633258121422,"2021-10-03T16:18:41+05:30"
22,33,38,33.43,59.56,1633258151998,"2021-10-03T16:19:11+05:30"
22,34,43,33.42,58.75,1633258182593,"2021-10-03T16:19:42+05:30"
22,32,36,33.43,58.05,1633258213166,"2021-10-03T16:20:13+05:30"
21,32,39,33.42,58.35,1633258244099,"2021-10-03T16:20:44+05:30"
20,29,35,33.41,58.5,1633258274757,"2021-10-03T16:21:14+05:30"
20,30,39,33.39,58.87,1633258305664,"2021-10-03T16:21:45+05:30"
21,30,35,33.39,59.14,1633258325937,"2021-10-03T16:22:05+05:30"
21,31,40,33.37,59.07,1633258356689,"2021-10-03T16:22:36+05:30"
20,29,34,33.35,58.9,1633258387279,"2021-10-03T16:23:07+05:30"
19,30,33,33.35,59.3,1633258417859,"2021-10-03T16:23:37+05:30"
19,27,33,33.33,59.41,1633258448415,"2021-10-03T16:24:08+05:30"
19,28,31,33.32,59.66,1633258478996,"2021-10-03T16:24:38+05:30"
19,26,30,33.35,59.22,1633258509606,"2021-10-03T16:25:09+05:30"
17,24,28,33.38,58.4,1633258540284,"2021-10-03T16:25:40+05:30"
17,28,35,33.39,58.51,1633258570827,"2021-10-03T16:26:10+05:30"
19,28,36,33.37,59.27,1633258601417,"2021-10-03T16:26:41+05:30"
17,26,29,33.36,58.77,1633258632014,"2021-10-03T16:27:12+05:30"
19,28,32,33.38,59.24,1633258662589,"2021-10-03T16:27:42+05:30"
18,27,32,33.33,59.68,1633258693165,"2021-10-03T16:28:13+05:30"
15,21,25,33.31,58.91,1633258723830,"2021-10-03T16:28:43+05:30"
18,24,26,33.31,59.2,1633258754396,"2021-10-03T16:29:14+05:30"
20,31,36,33.29,59.5,1633258784961,"2021-10-03T16:29:44+05:30"
18,26,28,33.29,59.5,1633258815581,"2021-10-03T16:30:15+05:30"
17,26,28,33.24,59.62,1633258846154,"2021-10-03T16:30:46+05:30"
18,26,29,33.22,59.97,1633258876770,"2021-10-03T16:31:16+05:30"
17,27,29,33.22,60.02,1633258907346,"2021-10-03T16:31:47+05:30"
20,30,33,33.23,60,1633258937937,"2021-10-03T16:32:17+05:30"
20,30,35,33.24,59.97,1633258968516,"2021-10-03T16:32:48+05:30"
20,30,33,33.29,59.09,1633258995601,"2021-10-03T16:33:15+05:30"
19,29,32,33.3,58.94,1633259026229,"2021-10-03T16:33:46+05:30"
18,26,29,33.28,58.67,1633259056946,"2021-10-03T16:34:16+05:30"
19,28,31,33.3,58.86,1633259087531,"2021-10-03T16:34:47+05:30"
23,33,40,33.25,59.91,1633259118129,"2021-10-03T16:35:18+05:30"
24,36,45,33.18,59.77,1633259148791,"2021-10-03T16:35:48+05:30"
20,31,34,33.19,59,1633259179431,"2021-10-03T16:36:19+05:30"
22,31,35,33.22,58.79,1633259210003,"2021-10-03T16:36:50+05:30"
22,33,39,33.21,58.73,1633259241711,"2021-10-03T16:37:21+05:30"
25,38,48,33.2,58.98,1633259280639,"2021-10-03T16:38:00+05:30"
32,47,59,33.26,59.72,1633259302028,"2021-10-03T16:38:22+05:30"
32,48,62,33.46,58.77,1633259332469,"2021-10-03T16:38:52+05:30"
31,46,58,33.38,58.53,1633259363029,"2021-10-03T16:39:23+05:30"
30,45,57,33.38,58.95,1633259393598,"2021-10-03T16:39:53+05:30"
37,54,66,33.35,58.9,1633259424201,"2021-10-03T16:40:24+05:30"
29,43,53,33.31,58.47,1633259454788,"2021-10-03T16:40:54+05:30"
30,46,59,33.52,58.36,1633259485348,"2021-10-03T16:41:25+05:30"
29,44,54,33.46,58.28,1633259516605,"2021-10-03T16:41:56+05:30"
24,35,46,33.35,58.5,1633259547688,"2021-10-03T16:42:27+05:30"
24,35,46,33.35,58.5,1633259548771,"2021-10-03T16:42:28+05:30"
25,38,47,33.3,58.4,1633259577274,"2021-10-03T16:42:57+05:30"
34,50,61,33.42,59.01,1633259608404,"2021-10-03T16:43:28+05:30"
45,65,75,33.75,58.41,1633259638747,"2021-10-03T16:43:58+05:30"
29,45,58,33.57,58.84,1633259669479,"2021-10-03T16:44:29+05:30"
23,35,47,33.41,58.36,1633259700099,"2021-10-03T16:45:00+05:30"
21,31,36,33.32,57.9,1633259730661,"2021-10-03T16:45:30+05:30"
21,33,40,33.28,57.26,1633259761225,"2021-10-03T16:46:01+05:30"
27,44,57,33.25,57.95,1633259791823,"2021-10-03T16:46:31+05:30"
28,44,58,33.31,58.06,1633259822512,"2021-10-03T16:47:02+05:30"
29,45,59,33.24,58.94,1633259853246,"2021-10-03T16:47:33+05:30"
26,42,55,33.18,59.09,1633259883834,"2021-10-03T16:48:03+05:30"
26,41,53,33.13,59.65,1633259923225,"2021-10-03T16:48:43+05:30"
24,38,50,33.09,59.77,1633259953316,"2021-10-03T16:49:13+05:30"
24,37,47,33.08,59.92,1633259983914,"2021-10-03T16:49:43+05:30"
23,35,46,33.09,59.93,1633260014593,"2021-10-03T16:50:14+05:30"
23,35,46,33.05,59.97,1633260045087,"2021-10-03T16:50:45+05:30"
27,42,55,33.06,59.28,1633260075652,"2021-10-03T16:51:15+05:30"
27,41,53,33.06,58.7,1633260106247,"2021-10-03T16:51:46+05:30"
21,32,38,33.02,58.56,1633260136835,"2021-10-03T16:52:16+05:30"
21,32,40,33.03,58.16,1633260167580,"2021-10-03T16:52:47+05:30"
22,34,43,33.03,58.07,1633260197975,"2021-10-03T16:53:17+05:30"
21,31,37,33,58.31,1633260228576,"2021-10-03T16:53:48+05:30"
37,55,66,33.01,58.09,1633260259167,"2021-10-03T16:54:19+05:30"
24,36,44,33.02,58.54,1633260289748,"2021-10-03T16:54:49+05:30"
20,31,38,33,58.34,1633260320316,"2021-10-03T16:55:20+05:30"
20,29,36,32.98,58.48,1633260350912,"2021-10-03T16:55:50+05:30"
22,33,40,33.04,58.32,1633260381497,"2021-10-03T16:56:21+05:30"
20,31,38,33.02,58.61,1633260412168,"2021-10-03T16:56:52+05:30"
19,28,31,32.98,58.7,1633260442761,"2021-10-03T16:57:22+05:30"
19,29,33,32.98,58.65,1633260473365,"2021-10-03T16:57:53+05:30"
19,27,34,33.01,58.43,1633260503940,"2021-10-03T16:58:23+05:30"
20,29,33,33.03,58.72,1633260534506,"2021-10-03T16:58:54+05:30"
17,26,27,33.02,57.97,1633260565176,"2021-10-03T16:59:25+05:30"
17,24,27,33.02,57.91,1633260595827,"2021-10-03T16:59:55+05:30"
18,25,30,33.01,58.36,1633260626411,"2021-10-03T17:00:26+05:30"
21,29,34,32.98,59.04,1633260657100,"2021-10-03T17:00:57+05:30"
20,27,33,32.95,59.36,1633260687776,"2021-10-03T17:01:27+05:30"
21,28,32,32.94,59.53,1633260718457,"2021-10-03T17:01:58+05:30"
19,28,34,32.92,58.86,1633260738885,"2021-10-03T17:02:18+05:30"
19,27,35,32.92,57.9,1633260769785,"2021-10-03T17:02:49+05:30"
17,23,27,32.95,57.31,1633260802920,"2021-10-03T17:03:22+05:30"
16,24,30,32.95,57.47,1633260833558,"2021-10-03T17:03:53+05:30"
17,26,33,32.97,57.92,1633260864149,"2021-10-03T17:04:24+05:30"
17,28,34,32.95,57.74,1633260894678,"2021-10-03T17:04:54+05:30"
19,28,32,32.93,57.45,1633260925259,"2021-10-03T17:05:25+05:30"
19,27,32,32.95,56.78,1633260955821,"2021-10-03T17:05:55+05:30"
32,47,58,33.16,57.01,1633260986386,"2021-10-03T17:06:26+05:30"
23,35,44,33.09,57.3,1633261017002,"2021-10-03T17:06:57+05:30"
22,34,41,33.05,56.29,1633261047588,"2021-10-03T17:07:27+05:30"
26,38,50,33.05,56.01,1633261078223,"2021-10-03T17:07:58+05:30"
31,50,63,33.01,56.96,1633261108775,"2021-10-03T17:08:28+05:30"
29,46,61,32.98,57.68,1633261139320,"2021-10-03T17:08:59+05:30"
39,58,71,33.27,57.27,1633261169943,"2021-10-03T17:09:29+05:30"
26,40,50,33.16,56.96,1633261200527,"2021-10-03T17:10:00+05:30"
25,38,49,33.08,57.55,1633261231046,"2021-10-03T17:10:31+05:30"
26,39,51,33,58.46,1633261261643,"2021-10-03T17:11:01+05:30"
30,45,58,33.03,58.43,1633261292245,"2021-10-03T17:11:32+05:30"
44,66,79,33.11,58.26,1633261322815,"2021-10-03T17:12:02+05:30"
36,56,71,33.1,57.69,1633261353453,"2021-10-03T17:12:33+05:30"
33,49,62,33.07,57.35,1633261383975,"2021-10-03T17:13:03+05:30"
31,47,62,33.05,58.09,1633261414571,"2021-10-03T17:13:34+05:30"
28,43,52,33.02,57.9,1633261445151,"2021-10-03T17:14:05+05:30"
23,34,42,32.99,57.26,1633261475722,"2021-10-03T17:14:35+05:30"
22,35,46,32.93,57.71,1633261506320,"2021-10-03T17:15:06+05:30"
24,36,46,32.91,57.49,1633261536897,"2021-10-03T17:15:36+05:30"
24,37,46,32.92,57.82,1633261567476,"2021-10-03T17:16:07+05:30"
27,41,53,32.96,57.94,1633261598064,"2021-10-03T17:16:38+05:30"
31,46,58,33.04,57.77,1633261629132,"2021-10-03T17:17:09+05:30"
29,43,53,33.02,57.91,1633261659243,"2021-10-03T17:17:39+05:30"
27,40,50,32.99,58.21,1633261689797,"2021-10-03T17:18:09+05:30"
21,32,38,32.94,58.31,1633261715768,"2021-10-03T17:18:35+05:30"
18,27,34,32.87,58.49,1633261746350,"2021-10-03T17:19:06+05:30"
17,25,28,32.8,58.61,1633261776912,"2021-10-03T17:19:36+05:30"
17,25,28,32.8,58.61,1633261785600,"2021-10-03T17:19:45+05:30"
17,25,28,32.8,58.61,1633261787459,"2021-10-03T17:19:47+05:30"
17,26,31,32.82,58.06,1633261812166,"2021-10-03T17:20:12+05:30"
17,26,31,32.82,58.06,1633261813604,"2021-10-03T17:20:13+05:30"
17,26,31,32.82,58.06,1633261814260,"2021-10-03T17:20:14+05:30"
17,28,30,32.87,57.96,1633261838171,"2021-10-03T17:20:38+05:30"
17,25,28,32.89,57.93,1633261868678,"2021-10-03T17:21:08+05:30"
17,25,28,32.89,57.93,1633261870845,"2021-10-03T17:21:10+05:30"
17,25,28,32.89,57.93,1633261872823,"2021-10-03T17:21:12+05:30"
17,25,28,32.89,57.93,1633261879831,"2021-10-03T17:21:19+05:30"
17,25,28,32.89,57.93,1633261882836,"2021-10-03T17:21:22+05:30"
17,25,28,32.89,57.93,1633261883836,"2021-10-03T17:21:23+05:30"
17,25,28,32.89,57.93,1633261885924,"2021-10-03T17:21:25+05:30"
17,25,28,32.89,57.93,1633261887845,"2021-10-03T17:21:27+05:30"
17,25,28,32.89,57.93,1633261896947,"2021-10-03T17:21:36+05:30"
17,25,28,32.89,57.93,1633261899667,"2021-10-03T17:21:39+05:30"
16,24,28,32.88,57.97,1633261900848,"2021-10-03T17:21:40+05:30"
16,24,28,32.88,57.97,1633261908113,"2021-10-03T17:21:48+05:30"
16,24,28,32.88,57.97,1633261909848,"2021-10-03T17:21:49+05:30"
16,24,28,32.88,57.97,1633261911834,"2021-10-03T17:21:51+05:30"
16,24,28,32.88,57.97,1633261913853,"2021-10-03T17:21:53+05:30"
16,24,28,32.88,57.97,1633261921374,"2021-10-03T17:22:01+05:30"
16,24,28,32.88,57.97,1633261923705,"2021-10-03T17:22:03+05:30"
16,23,26,32.84,57.92,1633261929842,"2021-10-03T17:22:09+05:30"
16,23,26,32.84,57.92,1633261934323,"2021-10-03T17:22:14+05:30"
16,23,26,32.84,57.92,1633261935750,"2021-10-03T17:22:15+05:30"
16,23,26,32.84,57.92,1633261936755,"2021-10-03T17:22:16+05:30"
15,20,24,32.85,57.51,1633261964208,"2021-10-03T17:22:44+05:30"
15,20,24,32.85,57.51,1633261965510,"2021-10-03T17:22:45+05:30"
15,20,24,32.84,57.48,1633261991007,"2021-10-03T17:23:11+05:30"
15,21,23,32.8,57.65,1633262021581,"2021-10-03T17:23:41+05:30"
13,20,22,32.78,57.82,1633262052166,"2021-10-03T17:24:12+05:30"
13,20,22,32.78,57.82,1633262057921,"2021-10-03T17:24:17+05:30"
13,20,22,32.78,57.82,1633262059340,"2021-10-03T17:24:19+05:30"
13,20,22,32.78,57.82,1633262061343,"2021-10-03T17:24:21+05:30"
13,20,22,32.78,57.82,1633262063370,"2021-10-03T17:24:23+05:30"
15,22,25,32.78,57.76,1633262082757,"2021-10-03T17:24:42+05:30"
15,22,26,32.78,57.83,1633262113384,"2021-10-03T17:25:13+05:30"
16,24,25,32.79,58.15,1633262144202,"2021-10-03T17:25:44+05:30"
17,26,27,32.76,58.17,1633262174551,"2021-10-03T17:26:14+05:30"
17,26,27,32.76,58.17,1633262185718,"2021-10-03T17:26:25+05:30"
17,26,27,32.76,58.17,1633262187221,"2021-10-03T17:26:27+05:30"
16,23,24,32.73,58.35,1633262205128,"2021-10-03T17:26:45+05:30"
15,22,25,32.75,58.82,1633262235686,"2021-10-03T17:27:15+05:30"
17,24,25,32.7,59.09,1633262266282,"2021-10-03T17:27:46+05:30"
18,24,26,32.68,59.55,1633262296874,"2021-10-03T17:28:16+05:30"
18,22,24,32.63,59.23,1633262327556,"2021-10-03T17:28:47+05:30"
18,22,24,32.63,59.23,1633262329159,"2021-10-03T17:28:49+05:30"
18,22,24,32.63,59.23,1633262330157,"2021-10-03T17:28:50+05:30"
18,22,24,32.63,59.23,1633262337683,"2021-10-03T17:28:57+05:30"
18,22,24,32.63,59.23,1633262339169,"2021-10-03T17:28:59+05:30"
18,22,24,32.63,59.23,1633262340181,"2021-10-03T17:29:00+05:30"
18,22,24,32.63,59.23,1633262341194,"2021-10-03T17:29:01+05:30"
18,22,24,32.63,59.23,1633262343198,"2021-10-03T17:29:03+05:30"
19,29,35,32.56,60.28,1633262387477,"2021-10-03T17:29:47+05:30"
19,27,33,32.6,60.03,1633262418042,"2021-10-03T17:30:18+05:30"
20,31,37,32.62,60.58,1633262448759,"2021-10-03T17:30:48+05:30"
21,32,39,32.62,60.54,1633262479184,"2021-10-03T17:31:19+05:30"
20,29,33,32.61,60.05,1633262509786,"2021-10-03T17:31:49+05:30"
18,27,34,32.62,59.72,1633262540457,"2021-10-03T17:32:20+05:30"
18,23,25,32.64,59.63,1633262571057,"2021-10-03T17:32:51+05:30"
17,25,32,32.59,60.15,1633262601611,"2021-10-03T17:33:21+05:30"
19,27,30,32.58,59.56,1633262632198,"2021-10-03T17:33:52+05:30"
16,23,27,32.55,59.79,1633262662784,"2021-10-03T17:34:22+05:30"
18,26,34,32.53,59.6,1633262693404,"2021-10-03T17:34:53+05:30"
18,25,27,32.55,59.28,1633262723939,"2021-10-03T17:35:23+05:30"
18,24,28,32.55,58.89,1633262754516,"2021-10-03T17:35:54+05:30"
18,27,33,32.58,58.67,1633262785616,"2021-10-03T17:36:25+05:30"
20,31,37,32.61,58.75,1633262815707,"2021-10-03T17:36:55+05:30"
16,23,29,32.58,58.59,1633262846285,"2021-10-03T17:37:26+05:30"
17,25,29,32.61,58.75,1633262876849,"2021-10-03T17:37:56+05:30"
18,23,26,32.65,58.8,1633262907460,"2021-10-03T17:38:27+05:30"
16,24,27,32.63,59.06,1633262938035,"2021-10-03T17:38:58+05:30"
17,25,29,32.63,59.22,1633262968637,"2021-10-03T17:39:28+05:30"
17,24,29,32.61,59.57,1633262999178,"2021-10-03T17:39:59+05:30"
21,31,38,32.55,60.26,1633263029773,"2021-10-03T17:40:29+05:30"
18,28,31,32.51,59.48,1633263060375,"2021-10-03T17:41:00+05:30"
17,25,29,32.53,59.24,1633263090966,"2021-10-03T17:41:30+05:30"
21,31,37,32.49,59.32,1633263121505,"2021-10-03T17:42:01+05:30"
23,35,43,32.47,58.96,1633263152116,"2021-10-03T17:42:32+05:30"
22,31,38,32.46,58.83,1633263182706,"2021-10-03T17:43:02+05:30"
21,29,33,32.44,59.14,1633263213447,"2021-10-03T17:43:33+05:30"
20,31,39,32.42,59.73,1633263244184,"2021-10-03T17:44:04+05:30"
21,30,34,32.4,59.02,1633263274572,"2021-10-03T17:44:34+05:30"
29,44,55,32.39,58.97,1633263302892,"2021-10-03T17:45:02+05:30"
23,33,42,32.37,58.66,1633263333460,"2021-10-03T17:45:33+05:30"
23,35,44,32.4,58.82,1633263364057,"2021-10-03T17:46:04+05:30"
28,41,53,32.42,59.19,1633263398044,"2021-10-03T17:46:38+05:30"
32,47,60,32.36,59.51,1633263425223,"2021-10-03T17:47:05+05:30"
29,42,53,32.37,59.57,1633263455832,"2021-10-03T17:47:35+05:30"
25,37,46,32.4,59.62,1633263486403,"2021-10-03T17:48:06+05:30"
26,40,50,32.36,59.89,1633263516973,"2021-10-03T17:48:36+05:30"
22,32,39,32.35,59.97,1633263547551,"2021-10-03T17:49:07+05:30"
23,34,43,32.38,59.91,1633263578114,"2021-10-03T17:49:38+05:30"
21,30,35,32.36,59.35,1633263608713,"2021-10-03T17:50:08+05:30"
20,30,36,32.34,58.99,1633263639312,"2021-10-03T17:50:39+05:30"
20,29,36,32.34,59.32,1633263670034,"2021-10-03T17:51:10+05:30"
19,30,39,32.32,59.15,1633263700453,"2021-10-03T17:51:40+05:30"
20,31,39,32.27,59.56,1633263731050,"2021-10-03T17:52:11+05:30"
19,27,33,32.2,60.66,1633263761652,"2021-10-03T17:52:41+05:30"
18,28,34,32.15,60.43,1633263792215,"2021-10-03T17:53:12+05:30"
19,28,36,32.19,60.4,1633263822775,"2021-10-03T17:53:42+05:30"
18,24,28,32.22,59.44,1633263853359,"2021-10-03T17:54:13+05:30"
20,28,33,32.2,58.92,1633263883929,"2021-10-03T17:54:43+05:30"
37,52,59,32.2,58.73,1633263914540,"2021-10-03T17:55:14+05:30"
32,49,62,32.19,59.55,1633263945127,"2021-10-03T17:55:45+05:30"
32,48,60,32.19,60.2,1633263975716,"2021-10-03T17:56:15+05:30"
32,47,57,32.15,60.49,1633264006301,"2021-10-03T17:56:46+05:30"
25,35,43,32.12,59.58,1633264037084,"2021-10-03T17:57:17+05:30"
33,44,55,32.09,59.24,1633264067544,"2021-10-03T17:57:47+05:30"
30,45,56,32.12,59.71,1633264098037,"2021-10-03T17:58:18+05:30"
29,44,54,32.09,60.21,1633264128635,"2021-10-03T17:58:48+05:30"
26,39,48,32.16,60.2,1633264159532,"2021-10-03T17:59:19+05:30"
25,38,46,32.21,59.13,1633264184128,"2021-10-03T17:59:44+05:30"
29,43,55,32.18,59.37,1633264214625,"2021-10-03T18:00:14+05:30"
27,41,52,32.2,59.33,1633264245272,"2021-10-03T18:00:45+05:30"
27,41,53,32.23,59.66,1633264275776,"2021-10-03T18:01:15+05:30"
26,38,48,32.2,60.06,1633264306387,"2021-10-03T18:01:46+05:30"
25,36,45,32.21,59.82,1633264336975,"2021-10-03T18:02:16+05:30"
23,34,40,32.2,59.46,1633264367565,"2021-10-03T18:02:47+05:30"
23,34,45,32.21,59.5,1633264398117,"2021-10-03T18:03:18+05:30"
23,33,38,32.19,59.53,1633264428719,"2021-10-03T18:03:48+05:30"
26,39,47,32.19,60.36,1633264459303,"2021-10-03T18:04:19+05:30"
24,37,47,32.18,60.67,1633264489876,"2021-10-03T18:04:49+05:30"
25,36,47,32.17,61.63,1633264520463,"2021-10-03T18:05:20+05:30"
29,44,55,32.17,61.63,1633264551049,"2021-10-03T18:05:51+05:30"
34,51,66,32.17,62.21,1633264581670,"2021-10-03T18:06:21+05:30"
31,47,60,32.19,61.42,1633264612251,"2021-10-03T18:06:52+05:30"
28,43,54,32.22,60.05,1633264642935,"2021-10-03T18:07:22+05:30"
25,37,48,32.2,60.47,1633264673492,"2021-10-03T18:07:53+05:30"
25,40,49,32.12,60.5,1633264704061,"2021-10-03T18:08:24+05:30"
24,36,45,32.14,59.99,1633264734654,"2021-10-03T18:08:54+05:30"
24,34,44,32.19,60.2,1633264765360,"2021-10-03T18:09:25+05:30"
31,46,61,32.23,60.6,1633264795826,"2021-10-03T18:09:55+05:30"
27,43,56,32.21,61.62,1633264826381,"2021-10-03T18:10:26+05:30"
25,38,47,32.19,60.94,1633264856990,"2021-10-03T18:10:56+05:30"
23,35,44,32.21,60.05,1633264887585,"2021-10-03T18:11:27+05:30"
23,33,40,32.18,59.68,1633264918113,"2021-10-03T18:11:58+05:30"
24,35,46,32.18,60.07,1633264948807,"2021-10-03T18:12:28+05:30"
25,37,48,32.22,59.56,1633264979318,"2021-10-03T18:12:59+05:30"
25,38,47,32.19,60.02,1633265009877,"2021-10-03T18:13:29+05:30"
25,36,45,32.21,60.44,1633265040458,"2021-10-03T18:14:00+05:30"
24,35,45,32.2,60.42,1633265071017,"2021-10-03T18:14:31+05:30"
23,35,45,32.19,60.25,1633265104547,"2021-10-03T18:15:04+05:30"
22,34,43,32.21,59.7,1633265135134,"2021-10-03T18:15:35+05:30"
23,35,44,32.2,60.13,1633265165708,"2021-10-03T18:16:05+05:30"
22,34,43,32.23,59.96,1633265196285,"2021-10-03T18:16:36+05:30"
23,33,39,32.24,59.69,1633265226851,"2021-10-03T18:17:06+05:30"
24,36,45,32.22,60.24,1633265257455,"2021-10-03T18:17:37+05:30"
25,36,45,32.19,60.92,1633265288059,"2021-10-03T18:18:08+05:30"
26,39,50,32.19,60.68,1633265318614,"2021-10-03T18:18:38+05:30"
26,39,47,32.17,60.32,1633265349193,"2021-10-03T18:19:09+05:30"
26,39,49,32.18,60.2,1633265379785,"2021-10-03T18:19:39+05:30"
27,40,51,32.2,59.69,1633265410414,"2021-10-03T18:20:10+05:30"
29,43,53,32.16,59.63,1633265441060,"2021-10-03T18:20:41+05:30"
30,45,57,32.15,60.23,1633265471632,"2021-10-03T18:21:11+05:30"
28,42,51,32.15,60.49,1633265502189,"2021-10-03T18:21:42+05:30"
29,43,56,32.17,60.64,1633265532796,"2021-10-03T18:22:12+05:30"
30,45,57,32.18,60.68,1633265563805,"2021-10-03T18:22:43+05:30"
26,40,51,32.18,60.12,1633265593971,"2021-10-03T18:23:13+05:30"
25,37,46,32.19,59.92,1633265624637,"2021-10-03T18:23:44+05:30"
24,36,45,32.17,60.44,1633265655181,"2021-10-03T18:24:15+05:30"
27,40,49,32.12,60.46,1633265685766,"2021-10-03T18:24:45+05:30"
26,37,48,32.1,59.97,1633265716357,"2021-10-03T18:25:16+05:30"
26,38,48,32.13,60.02,1633265746949,"2021-10-03T18:25:46+05:30"
27,37,46,32.17,60.21,1633265777518,"2021-10-03T18:26:17+05:30"
27,40,50,32.18,60.07,1633265808093,"2021-10-03T18:26:48+05:30"
29,43,55,32.17,60.22,1633265838689,"2021-10-03T18:27:18+05:30"
31,47,60,32.17,60.95,1633265869317,"2021-10-03T18:27:49+05:30"
32,48,61,32.17,61.74,1633265899845,"2021-10-03T18:28:19+05:30"
29,44,56,32.14,61.24,1633265930422,"2021-10-03T18:28:50+05:30"
27,40,50,32.14,60.25,1633265961026,"2021-10-03T18:29:21+05:30"
27,41,50,32.17,60.36,1633265985404,"2021-10-03T18:29:45+05:30"
26,38,47,32.18,60.96,1633266016419,"2021-10-03T18:30:16+05:30"
26,39,49,32.19,61.1,1633266047118,"2021-10-03T18:30:47+05:30"
26,39,48,32.22,61.03,1633266077781,"2021-10-03T18:31:17+05:30"
24,37,48,32.19,60.87,1633266108937,"2021-10-03T18:31:48+05:30"
24,36,45,32.2,60.65,1633266139512,"2021-10-03T18:32:19+05:30"
24,35,44,32.18,61.03,1633266170377,"2021-10-03T18:32:50+05:30"
24,37,46,32.19,61.12,1633266200686,"2021-10-03T18:33:20+05:30"
24,35,44,32.19,61.13,1633266231301,"2021-10-03T18:33:51+05:30"
27,40,51,32.19,61.6,1633266261850,"2021-10-03T18:34:21+05:30"
32,46,59,32.26,60.8,1633266292422,"2021-10-03T18:34:52+05:30"
31,47,59,32.31,61.4,1633266322997,"2021-10-03T18:35:22+05:30"
31,45,57,32.29,62.02,1633266353648,"2021-10-03T18:35:53+05:30"
30,45,57,32.25,61.34,1633266384185,"2021-10-03T18:36:24+05:30"
29,43,55,32.23,60.91,1633266414754,"2021-10-03T18:36:54+05:30"
32,49,62,32.22,60.63,1633266445333,"2021-10-03T18:37:25+05:30"
40,60,74,32.17,61.3,1633266475900,"2021-10-03T18:37:55+05:30"
59,84,94,32.16,61.8,1633266506562,"2021-10-03T18:38:26+05:30"
57,85,94,32.14,61.6,1633266537096,"2021-10-03T18:38:57+05:30"
45,67,76,32.17,61.83,1633266567646,"2021-10-03T18:39:27+05:30"
33,49,62,32.17,61.12,1633266598271,"2021-10-03T18:39:58+05:30"
29,44,56,32.18,60.82,1633266628828,"2021-10-03T18:40:28+05:30"
29,44,57,32.17,60.63,1633266659423,"2021-10-03T18:40:59+05:30"
28,41,53,32.13,60.91,1633266690004,"2021-10-03T18:41:30+05:30"
39,55,68,32.06,62.1,1633266720597,"2021-10-03T18:42:00+05:30"
32,48,64,32.02,62.29,1633266751192,"2021-10-03T18:42:31+05:30"
28,43,56,32.01,61.62,1633266781752,"2021-10-03T18:43:01+05:30"
26,40,51,32.03,61.05,1633266812311,"2021-10-03T18:43:32+05:30"
25,38,49,32.04,60.48,1633266842970,"2021-10-03T18:44:02+05:30"
25,37,46,32.05,61.06,1633266873550,"2021-10-03T18:44:33+05:30"
25,38,48,32.05,61.46,1633266904039,"2021-10-03T18:45:04+05:30"
25,36,44,32.07,60.8,1633266934446,"2021-10-03T18:45:34+05:30"
26,37,46,32.09,60.6,1633266965041,"2021-10-03T18:46:05+05:30"
26,39,48,32.11,60.81,1633266995649,"2021-10-03T18:46:35+05:30"
26,37,47,32.11,60.99,1633267026208,"2021-10-03T18:47:06+05:30"
26,38,47,32.16,60.91,1633267056779,"2021-10-03T18:47:36+05:30"
27,41,51,32.21,61.16,1633267087375,"2021-10-03T18:48:07+05:30"
27,39,47,32.19,60.93,1633267117956,"2021-10-03T18:48:37+05:30"
26,38,47,32.19,60.42,1633267148547,"2021-10-03T18:49:08+05:30"
25,37,46,32.2,60.34,1633267179106,"2021-10-03T18:49:39+05:30"
26,40,49,32.2,60.04,1633267209827,"2021-10-03T18:50:09+05:30"
26,38,48,32.16,59.9,1633267240574,"2021-10-03T18:50:40+05:30"
26,39,48,32.22,60.2,1633267271002,"2021-10-03T18:51:11+05:30"
26,39,48,32.24,59.93,1633267301548,"2021-10-03T18:51:41+05:30"
28,43,57,32.23,59.97,1633267332148,"2021-10-03T18:52:12+05:30"
31,48,61,32.18,60.48,1633267362715,"2021-10-03T18:52:42+05:30"
33,49,62,32.17,60.99,1633267393303,"2021-10-03T18:53:13+05:30"
36,55,72,32.14,61.7,1633267423881,"2021-10-03T18:53:43+05:30"
36,56,72,32.1,62.04,1633267454442,"2021-10-03T18:54:14+05:30"
41,63,73,32.09,62.48,1633267485055,"2021-10-03T18:54:45+05:30"
40,63,75,32.17,62.44,1633267515657,"2021-10-03T18:55:15+05:30"
37,60,73,32.21,62.07,1633267546444,"2021-10-03T18:55:46+05:30"
41,67,80,32.17,62.49,1633267576774,"2021-10-03T18:56:16+05:30"
43,69,79,32.2,62.49,1633267607380,"2021-10-03T18:56:47+05:30"
48,76,85,32.19,63.16,1633267637960,"2021-10-03T18:57:17+05:30"
60,91,100,32.21,63.67,1633267668700,"2021-10-03T18:57:48+05:30"
62,97,110,32.26,63.67,1633267699132,"2021-10-03T18:58:19+05:30"
59,93,106,32.28,63.91,1633267729713,"2021-10-03T18:58:49+05:30"
55,85,97,32.34,64.03,1633267760319,"2021-10-03T18:59:20+05:30"
55,88,101,32.33,64.04,1633267787198,"2021-10-03T18:59:47+05:30"
55,88,100,32.36,63.79,1633267818539,"2021-10-03T19:00:18+05:30"
46,72,81,32.34,62.83,1633267848805,"2021-10-03T19:00:48+05:30"
43,68,80,32.32,62.37,1633267879460,"2021-10-03T19:01:19+05:30"
46,72,82,32.32,62.22,1633267910067,"2021-10-03T19:01:50+05:30"
45,69,77,32.41,62.78,1633267940614,"2021-10-03T19:02:20+05:30"
47,72,79,32.45,62.55,1633267971132,"2021-10-03T19:02:51+05:30"
55,91,102,32.39,61.73,1633268001694,"2021-10-03T19:03:21+05:30"
44,68,79,32.32,61.57,1633268032274,"2021-10-03T19:03:52+05:30"
46,72,79,32.32,61.95,1633268062865,"2021-10-03T19:04:22+05:30"
49,74,83,32.32,62.58,1633268093457,"2021-10-03T19:04:53+05:30"
54,81,89,32.38,62.72,1633268124030,"2021-10-03T19:05:24+05:30"
38,60,73,32.36,61.08,1633268154599,"2021-10-03T19:05:54+05:30"
35,52,66,32.35,60.88,1633268185167,"2021-10-03T19:06:25+05:30"
41,61,73,32.36,61.64,1633268215739,"2021-10-03T19:06:55+05:30"
49,78,87,32.29,62.83,1633268246330,"2021-10-03T19:07:26+05:30"
46,74,83,32.28,63.07,1633268276910,"2021-10-03T19:07:56+05:30"
41,64,76,32.33,63,1633268307479,"2021-10-03T19:08:27+05:30"
58,93,101,32.29,63.4,1633268338069,"2021-10-03T19:08:58+05:30"
61,93,102,32.34,63.63,1633268368668,"2021-10-03T19:09:28+05:30"
61,95,106,32.35,63.34,1633268399255,"2021-10-03T19:09:59+05:30"
61,92,100,32.32,63.38,1633268429851,"2021-10-03T19:10:29+05:30"
57,90,101,32.34,64.26,1633268460445,"2021-10-03T19:11:00+05:30"
55,87,97,32.49,63.74,1633268491176,"2021-10-03T19:11:31+05:30"
54,86,98,32.5,63.4,1633268521719,"2021-10-03T19:12:01+05:30"
54,83,92,32.43,63.4,1633268552399,"2021-10-03T19:12:32+05:30"
51,80,87,32.35,63.05,1633268583153,"2021-10-03T19:13:03+05:30"
55,85,95,32.28,63.58,1633268614094,"2021-10-03T19:13:34+05:30"
49,77,87,32.29,63.23,1633268644765,"2021-10-03T19:14:04+05:30"
48,77,85,32.28,63.05,1633268675404,"2021-10-03T19:14:35+05:30"
41,63,74,32.26,62.75,1633268705602,"2021-10-03T19:15:05+05:30"
50,77,87,32.28,62.67,1633268736079,"2021-10-03T19:15:36+05:30"
63,104,116,32.26,63.13,1633268766680,"2021-10-03T19:16:06+05:30"
67,106,116,32.26,63.43,1633268797812,"2021-10-03T19:16:37+05:30"
61,96,107,32.31,63.22,1633268828247,"2021-10-03T19:17:08+05:30"
59,96,107,32.26,63.37,1633268858822,"2021-10-03T19:17:38+05:30"
63,100,116,32.3,63.43,1633268889767,"2021-10-03T19:18:09+05:30"
73,120,138,32.42,64.08,1633268919997,"2021-10-03T19:18:39+05:30"
96,160,182,32.47,64.35,1633268950603,"2021-10-03T19:19:10+05:30"
88,143,163,32.47,64.07,1633268981211,"2021-10-03T19:19:41+05:30"
74,122,142,32.41,63.54,1633269011950,"2021-10-03T19:20:11+05:30"
66,106,118,32.35,63.47,1633269042575,"2021-10-03T19:20:42+05:30"
70,110,120,32.35,63.79,1633269073057,"2021-10-03T19:21:13+05:30"
69,110,122,32.29,64.01,1633269103661,"2021-10-03T19:21:43+05:30"
70,112,124,32.25,64.37,1633269134264,"2021-10-03T19:22:14+05:30"
62,97,107,32.24,64.21,1633269164828,"2021-10-03T19:22:44+05:30"
58,94,106,32.19,64.14,1633269195439,"2021-10-03T19:23:15+05:30"
52,83,96,32.24,63.47,1633269226023,"2021-10-03T19:23:46+05:30"
56,86,98,32.27,63.52,1633269256589,"2021-10-03T19:24:16+05:30"
52,80,92,32.27,63.21,1633269287177,"2021-10-03T19:24:47+05:30"
56,93,104,32.23,63.72,1633269317760,"2021-10-03T19:25:17+05:30"
54,89,101,32.25,63.33,1633269348354,"2021-10-03T19:25:48+05:30"
52,80,89,32.27,62.81,1633269378909,"2021-10-03T19:26:18+05:30"
55,85,95,32.29,62.75,1633269409492,"2021-10-03T19:26:49+05:30"
56,87,97,32.29,62.81,1633269440190,"2021-10-03T19:27:20+05:30"
61,99,109,32.28,63.47,1633269470959,"2021-10-03T19:27:50+05:30"
58,89,98,32.29,62.83,1633269501357,"2021-10-03T19:28:21+05:30"
55,85,95,32.31,62.39,1633269532120,"2021-10-03T19:28:52+05:30"
54,83,92,32.35,62.23,1633269562610,"2021-10-03T19:29:22+05:30"
65,100,111,32.36,62.74,1633269591597,"2021-10-03T19:29:51+05:30"
71,112,124,32.35,63.26,1633269621952,"2021-10-03T19:30:21+05:30"
69,112,123,32.3,63.37,1633269652759,"2021-10-03T19:30:52+05:30"
65,102,113,32.29,63.45,1633269683163,"2021-10-03T19:31:23+05:30"
67,106,117,32.27,63.66,1633269714034,"2021-10-03T19:31:54+05:30"
71,108,118,32.35,63.65,1633269744628,"2021-10-03T19:32:24+05:30"
71,109,121,32.42,63.38,1633269775451,"2021-10-03T19:32:55+05:30"
67,102,112,32.36,63.15,1633269806007,"2021-10-03T19:33:26+05:30"
63,92,102,32.33,63.27,1633269836562,"2021-10-03T19:33:56+05:30"
125,186,202,32.33,63.15,1633269867148,"2021-10-03T19:34:27+05:30"
94,132,145,32.36,62.79,1633269897745,"2021-10-03T19:34:57+05:30"
69,99,108,32.33,62.72,1633269928352,"2021-10-03T19:35:28+05:30"
65,94,102,32.25,63.27,1633269959105,"2021-10-03T19:35:59+05:30"
60,85,95,32.27,62.79,1633269989711,"2021-10-03T19:36:29+05:30"
53,78,85,32.31,62.67,1633270020292,"2021-10-03T19:37:00+05:30"