"pm1_0","pm2_5","pm10","temp","humid","createdAt","localtime"
53,81,93,31.41,56.62,1633595435541,"2021-10-07T14:00:35+05:30"
50,76,81,31.52,56.15,1633595465664,"2021-10-07T14:01:05+05:30"
51,76,83,31.66,56.4,1633595496185,"2021-10-07T14:01:36+05:30"
51,78,84,31.77,56.3,1633595526768,"2021-10-07T14:02:06+05:30"
51,77,83,31.83,55.83,1633595557339,"2021-10-07T14:02:37+05:30"
50,75,81,31.9,54.96,1633595587970,"2021-10-07T14:03:07+05:30"
49,75,83,31.98,54.87,1633595618529,"2021-10-07T14:03:38+05:30"
50,76,85,32,55.8,1633595649095,"2021-10-07T14:04:09+05:30"
49,75,82,32.06,55.49,1633595679740,"2021-10-07T14:04:39+05:30"
49,74,83,32.14,55.24,1633595710274,"2021-10-07T14:05:10+05:30"
50,75,81,32.2,55.06,1633595740852,"2021-10-07T14:05:40+05:30"
49,72,80,32.24,54.94,1633595771391,"2021-10-07T14:06:11+05:30"
48,72,80,32.3,54.01,1633595801985,"2021-10-07T14:06:41+05:30"
50,75,83,32.33,53.84,1633595832619,"2021-10-07T14:07:12+05:30"
48,73,82,32.36,53.6,1633595863210,"2021-10-07T14:07:43+05:30"
54,81,88,32.58,52.9,1633595893776,"2021-10-07T14:08:13+05:30"
51,77,87,32.7,53.13,1633595924347,"2021-10-07T14:08:44+05:30"
48,73,80,32.58,53.27,1633595954919,"2021-10-07T14:09:14+05:30"
49,75,81,32.51,53.24,1633595985582,"2021-10-07T14:09:45+05:30"
48,71,79,32.47,52.78,1633596016100,"2021-10-07T14:10:16+05:30"
49,75,80,32.44,53.28,1633596046738,"2021-10-07T14:10:46+05:30"
49,73,80,32.46,53.21,1633596077233,"2021-10-07T14:11:17+05:30"
47,70,78,32.43,53.88,1633596107828,"2021-10-07T14:11:47+05:30"
49,74,82,32.41,53.74,1633596138519,"2021-10-07T14:12:18+05:30"
48,71,79,32.39,54.07,1633596168964,"2021-10-07T14:12:48+05:30"
49,71,79,32.35,54.53,1633596199539,"2021-10-07T14:13:19+05:30"
49,76,84,32.3,54.83,1633596230170,"2021-10-07T14:13:50+05:30"
49,72,79,32.35,54.45,1633596260733,"2021-10-07T14:14:20+05:30"
51,76,81,32.4,54.41,1633596291306,"2021-10-07T14:14:51+05:30"
50,71,78,32.41,54.16,1633596321869,"2021-10-07T14:15:21+05:30"
48,72,79,32.4,54.34,1633596355711,"2021-10-07T14:15:55+05:30"
49,72,78,32.34,55.06,1633596386566,"2021-10-07T14:16:26+05:30"
50,74,81,32.33,54.38,1633596417157,"2021-10-07T14:16:57+05:30"
48,76,82,32.37,53.88,1633596437410,"2021-10-07T14:17:17+05:30"
47,73,79,32.36,54.06,1633596468059,"2021-10-07T14:17:48+05:30"
49,75,82,32.39,53,1633596498701,"2021-10-07T14:18:18+05:30"
47,70,78,32.43,52.09,1633596529391,"2021-10-07T14:18:49+05:30"
48,74,85,32.49,52.38,1633596559812,"2021-10-07T14:19:19+05:30"
48,74,81,32.48,52.95,1633596590396,"2021-10-07T14:19:50+05:30"
47,72,78,32.43,53.4,1633596620966,"2021-10-07T14:20:20+05:30"
47,71,80,32.38,53.41,1633596651525,"2021-10-07T14:20:51+05:30"
47,72,80,32.38,53.37,1633596682126,"2021-10-07T14:21:22+05:30"
47,73,79,32.45,52.5,1633596712703,"2021-10-07T14:21:52+05:30"
48,72,79,32.51,52.45,1633596743283,"2021-10-07T14:22:23+05:30"
50,74,80,32.54,53.2,1633596774099,"2021-10-07T14:22:54+05:30"
51,76,83,32.49,53.73,1633596804656,"2021-10-07T14:23:24+05:30"
56,83,90,32.5,53.84,1633596835261,"2021-10-07T14:23:55+05:30"
53,79,84,32.44,54.18,1633596865807,"2021-10-07T14:24:25+05:30"
51,77,83,32.42,54,1633596896451,"2021-10-07T14:24:56+05:30"
54,82,89,32.37,54.77,1633596926980,"2021-10-07T14:25:26+05:30"
52,79,86,32.35,54.45,1633596957635,"2021-10-07T14:25:57+05:30"
53,78,85,32.38,54.65,1633596988152,"2021-10-07T14:26:28+05:30"
52,80,86,32.44,53.76,1633597018744,"2021-10-07T14:26:58+05:30"
55,80,87,32.44,54.59,1633597049355,"2021-10-07T14:27:29+05:30"
51,77,83,32.43,54.46,1633597079885,"2021-10-07T14:27:59+05:30"
51,74,79,32.4,54.06,1633597110444,"2021-10-07T14:28:30+05:30"
48,71,80,32.4,52.81,1633597141034,"2021-10-07T14:29:01+05:30"
47,72,79,32.44,52.52,1633597171610,"2021-10-07T14:29:31+05:30"
49,71,79,32.45,52.63,1633597202194,"2021-10-07T14:30:02+05:30"
47,71,78,32.43,52.82,1633597236920,"2021-10-07T14:30:36+05:30"
46,69,77,32.4,52.26,1633597267469,"2021-10-07T14:31:07+05:30"
45,68,75,32.44,51.95,1633597298080,"2021-10-07T14:31:38+05:30"
45,66,75,32.48,51.55,1633597328753,"2021-10-07T14:32:08+05:30"
45,63,75,32.52,51.7,1633597359228,"2021-10-07T14:32:39+05:30"
44,63,73,32.56,50.99,1633597389802,"2021-10-07T14:33:09+05:30"
42,60,72,32.6,50.88,1633597420415,"2021-10-07T14:33:40+05:30"
43,64,75,32.6,50.8,1633597450962,"2021-10-07T14:34:10+05:30"
42,63,73,32.62,51.24,1633597481536,"2021-10-07T14:34:41+05:30"
42,62,73,32.61,51.13,1633597512368,"2021-10-07T14:35:12+05:30"
45,68,76,32.55,51.43,1633597542716,"2021-10-07T14:35:42+05:30"
42,64,74,32.55,50.96,1633597573317,"2021-10-07T14:36:13+05:30"
41,62,72,32.57,50.25,1633597603866,"2021-10-07T14:36:43+05:30"
41,62,73,32.58,50.05,1633597634447,"2021-10-07T14:37:14+05:30"
40,60,73,32.59,50.33,1633597665019,"2021-10-07T14:37:45+05:30"
40,59,71,32.63,50.78,1633597695598,"2021-10-07T14:38:15+05:30"
41,59,70,32.66,51.21,1633597726174,"2021-10-07T14:38:46+05:30"
40,61,72,32.67,51.91,1633597756825,"2021-10-07T14:39:16+05:30"
43,64,75,32.66,52.15,1633597787338,"2021-10-07T14:39:47+05:30"
43,64,74,32.64,52.44,1633597817934,"2021-10-07T14:40:17+05:30"
41,60,72,32.63,52.18,1633597848503,"2021-10-07T14:40:48+05:30"
41,61,72,32.65,51.46,1633597879078,"2021-10-07T14:41:19+05:30"
41,62,73,32.6,51.71,1633597909680,"2021-10-07T14:41:49+05:30"
39,59,72,32.58,51.02,1633597940272,"2021-10-07T14:42:20+05:30"
39,60,72,32.6,51.02,1633597970831,"2021-10-07T14:42:50+05:30"
40,62,73,32.58,51.75,1633598001416,"2021-10-07T14:43:21+05:30"
39,60,72,32.59,51.63,1633598032006,"2021-10-07T14:43:52+05:30"
38,58,70,32.55,51.67,1633598062596,"2021-10-07T14:44:22+05:30"
40,64,76,32.58,51.52,1633598093167,"2021-10-07T14:44:53+05:30"
39,60,73,32.62,51.45,1633598123738,"2021-10-07T14:45:23+05:30"
40,60,73,32.61,51.57,1633598146440,"2021-10-07T14:45:46+05:30"
40,62,75,32.64,51.51,1633598177013,"2021-10-07T14:46:17+05:30"
41,61,73,32.63,51.89,1633598207859,"2021-10-07T14:46:47+05:30"
40,61,73,32.6,52.1,1633598238308,"2021-10-07T14:47:18+05:30"
40,62,73,32.58,52.13,1633598268976,"2021-10-07T14:47:48+05:30"
41,63,73,32.57,51.64,1633598299469,"2021-10-07T14:48:19+05:30"
40,59,73,32.57,50.67,1633598330056,"2021-10-07T14:48:50+05:30"
41,61,72,32.59,49.78,1633598360647,"2021-10-07T14:49:20+05:30"
39,59,71,32.63,48.8,1633598391199,"2021-10-07T14:49:51+05:30"
37,57,71,32.66,49.5,1633598421800,"2021-10-07T14:50:21+05:30"
40,63,73,32.64,49.97,1633598452356,"2021-10-07T14:50:52+05:30"
41,61,74,32.57,50.65,1633598482960,"2021-10-07T14:51:22+05:30"
41,60,72,32.51,51.2,1633598513540,"2021-10-07T14:51:53+05:30"
39,60,72,32.51,50.84,1633598544133,"2021-10-07T14:52:24+05:30"
39,62,74,32.49,51.02,1633598574673,"2021-10-07T14:52:54+05:30"
40,60,72,32.48,51.33,1633598605280,"2021-10-07T14:53:25+05:30"
41,62,75,32.47,51.48,1633598636094,"2021-10-07T14:53:56+05:30"
42,63,75,32.51,50.99,1633598666523,"2021-10-07T14:54:26+05:30"
44,67,76,32.52,51.41,1633598697068,"2021-10-07T14:54:57+05:30"
49,74,82,32.56,50.63,1633598727747,"2021-10-07T14:55:27+05:30"
48,71,78,32.64,50.68,1633598758298,"2021-10-07T14:55:58+05:30"
47,71,80,32.62,51.16,1633598788878,"2021-10-07T14:56:28+05:30"
47,74,83,32.64,51.08,1633598819479,"2021-10-07T14:56:59+05:30"
46,71,80,32.66,51.15,1633598850098,"2021-10-07T14:57:30+05:30"
46,70,79,32.65,50.84,1633598880633,"2021-10-07T14:58:00+05:30"
47,72,80,32.86,50.77,1633598911255,"2021-10-07T14:58:31+05:30"
48,73,82,32.96,51.12,1633598941820,"2021-10-07T14:59:01+05:30"
45,68,78,32.86,50.09,1633598972396,"2021-10-07T14:59:32+05:30"
43,66,76,32.83,49.49,1633599003014,"2021-10-07T15:00:03+05:30"
43,67,77,33.05,48.8,1633599037510,"2021-10-07T15:00:37+05:30"
44,65,75,33.15,48.07,1633599068066,"2021-10-07T15:01:08+05:30"
42,62,74,33.05,48.37,1633599098649,"2021-10-07T15:01:38+05:30"
44,66,77,32.98,49.47,1633599129212,"2021-10-07T15:02:09+05:30"
45,71,81,32.89,50.3,1633599159825,"2021-10-07T15:02:39+05:30"
49,78,96,32.78,50.6,1633599190410,"2021-10-07T15:03:10+05:30"
53,87,106,32.78,50.24,1633599220971,"2021-10-07T15:03:40+05:30"
51,85,98,32.73,51.42,1633599251557,"2021-10-07T15:04:11+05:30"
49,81,98,32.68,51.67,1633599282165,"2021-10-07T15:04:42+05:30"
51,85,100,32.67,52.11,1633599312743,"2021-10-07T15:05:12+05:30"
51,85,96,32.66,52.1,1633599343307,"2021-10-07T15:05:43+05:30"
50,79,91,32.69,51.6,1633599373874,"2021-10-07T15:06:13+05:30"
51,82,95,32.7,51.77,1633599404672,"2021-10-07T15:06:44+05:30"
66,103,119,32.72,51.58,1633599435180,"2021-10-07T15:07:15+05:30"
56,90,108,32.69,51.63,1633599465745,"2021-10-07T15:07:45+05:30"
53,83,99,32.64,51.94,1633599496312,"2021-10-07T15:08:16+05:30"
50,76,84,32.59,52.55,1633599526891,"2021-10-07T15:08:46+05:30"
49,76,86,32.54,52.58,1633599557537,"2021-10-07T15:09:17+05:30"
48,74,83,32.54,52.62,1633599588070,"2021-10-07T15:09:48+05:30"
55,84,95,32.66,52.42,1633599618656,"2021-10-07T15:10:18+05:30"
55,80,89,32.63,53.17,1633599649286,"2021-10-07T15:10:49+05:30"
46,70,81,32.58,52.55,1633599679863,"2021-10-07T15:11:19+05:30"
52,79,85,32.6,52.16,1633599712002,"2021-10-07T15:11:52+05:30"
54,81,92,32.7,52.82,1633599741150,"2021-10-07T15:12:21+05:30"
52,78,85,32.78,52.16,1633599771565,"2021-10-07T15:12:51+05:30"
51,76,86,32.76,52.94,1633599802244,"2021-10-07T15:13:22+05:30"
48,75,82,32.71,52.8,1633599832740,"2021-10-07T15:13:52+05:30"
48,72,79,32.66,52.97,1633599863297,"2021-10-07T15:14:23+05:30"
48,73,83,32.64,52.74,1633599893878,"2021-10-07T15:14:53+05:30"
51,77,86,32.66,52.47,1633599924607,"2021-10-07T15:15:24+05:30"
48,74,80,32.64,53.29,1633599948046,"2021-10-07T15:15:48+05:30"
46,71,78,32.61,53.09,1633599978373,"2021-10-07T15:16:18+05:30"
42,66,76,32.64,52.1,1633600008893,"2021-10-07T15:16:48+05:30"
44,66,76,32.66,51.25,1633600039732,"2021-10-07T15:17:19+05:30"
41,61,73,32.72,50.55,1633600070310,"2021-10-07T15:17:50+05:30"
44,68,77,32.74,51.81,1633600101687,"2021-10-07T15:18:21+05:30"
47,70,78,32.68,52.52,1633600132249,"2021-10-07T15:18:52+05:30"
48,70,80,32.68,51.58,1633600162771,"2021-10-07T15:19:22+05:30"
45,67,76,32.7,51.6,1633600193358,"2021-10-07T15:19:53+05:30"
46,69,78,32.67,51.34,1633600224906,"2021-10-07T15:20:24+05:30"
46,69,78,32.65,52.08,1633600255515,"2021-10-07T15:20:55+05:30"
48,73,81,32.63,52.28,1633600286087,"2021-10-07T15:21:26+05:30"
48,72,79,32.65,51.7,1633600316712,"2021-10-07T15:21:56+05:30"
50,76,80,32.7,50.69,1633600347228,"2021-10-07T15:22:27+05:30"
59,88,97,32.72,50.75,1633600378057,"2021-10-07T15:22:58+05:30"
58,89,102,32.74,49.6,1633600409166,"2021-10-07T15:23:29+05:30"
65,100,110,32.75,49.68,1633600439777,"2021-10-07T15:23:59+05:30"
58,87,95,32.74,49.87,1633600471023,"2021-10-07T15:24:31+05:30"
58,90,102,32.73,50.09,1633600501224,"2021-10-07T15:25:01+05:30"
57,88,96,32.69,50.36,1633600531829,"2021-10-07T15:25:31+05:30"
55,84,96,32.67,50.05,1633600562400,"2021-10-07T15:26:02+05:30"
64,101,117,32.7,50.08,1633600592989,"2021-10-07T15:26:32+05:30"
64,100,114,32.67,50.98,1633600623555,"2021-10-07T15:27:03+05:30"
55,84,92,32.64,50.71,1633600654161,"2021-10-07T15:27:34+05:30"
54,83,93,32.61,51.11,1633600684727,"2021-10-07T15:28:04+05:30"
53,81,92,32.63,50.55,1633600715364,"2021-10-07T15:28:35+05:30"
53,82,94,32.84,50.16,1633600745891,"2021-10-07T15:29:05+05:30"
49,72,81,32.94,48.94,1633600776487,"2021-10-07T15:29:36+05:30"
47,72,82,32.9,49.37,1633600807040,"2021-10-07T15:30:07+05:30"
45,69,77,32.82,49.73,1633600838982,"2021-10-07T15:30:38+05:30"
43,65,75,32.78,49.66,1633600869084,"2021-10-07T15:31:09+05:30"
42,63,74,32.74,49.77,1633600899670,"2021-10-07T15:31:39+05:30"
44,64,74,32.72,50.12,1633600930220,"2021-10-07T15:32:10+05:30"
44,65,74,32.64,51.22,1633600960802,"2021-10-07T15:32:40+05:30"
43,63,75,32.65,50.75,1633600991377,"2021-10-07T15:33:11+05:30"
41,63,74,32.62,50.57,1633601021996,"2021-10-07T15:33:41+05:30"
41,62,74,32.58,50.18,1633601052535,"2021-10-07T15:34:12+05:30"
41,60,73,32.6,49.6,1633601083116,"2021-10-07T15:34:43+05:30"
45,66,75,32.62,48.79,1633601113726,"2021-10-07T15:35:13+05:30"
46,69,78,32.65,48.31,1633601144329,"2021-10-07T15:35:44+05:30"
45,68,77,32.63,49,1633601174870,"2021-10-07T15:36:14+05:30"
42,64,76,32.63,48.32,1633601205436,"2021-10-07T15:36:45+05:30"
43,65,76,32.63,48.5,1633601236230,"2021-10-07T15:37:16+05:30"
41,64,75,32.61,48.59,1633601266693,"2021-10-07T15:37:46+05:30"
47,74,81,32.61,48.61,1633601297279,"2021-10-07T15:38:17+05:30"
48,77,87,32.58,49.13,1633601327905,"2021-10-07T15:38:47+05:30"
45,71,78,32.55,49.81,1633601358427,"2021-10-07T15:39:18+05:30"
44,66,76,32.49,50.15,1633601389025,"2021-10-07T15:39:49+05:30"
50,72,80,32.49,49.76,1633601419595,"2021-10-07T15:40:19+05:30"
44,68,77,32.49,49.14,1633601450197,"2021-10-07T15:40:50+05:30"
46,67,76,32.49,49.14,1633601480769,"2021-10-07T15:41:20+05:30"
42,62,73,32.56,47.56,1633601511331,"2021-10-07T15:41:51+05:30"
45,66,75,32.6,47.53,1633601542014,"2021-10-07T15:42:22+05:30"
54,79,84,32.63,47.57,1633601572531,"2021-10-07T15:42:52+05:30"
55,80,87,32.65,47.47,1633601603109,"2021-10-07T15:43:23+05:30"
50,71,79,32.63,48.49,1633601633714,"2021-10-07T15:43:53+05:30"
57,84,89,32.57,48.91,1633601664273,"2021-10-07T15:44:24+05:30"
52,74,81,32.58,47.98,1633601696066,"2021-10-07T15:44:56+05:30"
46,71,78,32.62,47.34,1633601725419,"2021-10-07T15:45:25+05:30"
42,62,73,32.68,46.89,1633601759586,"2021-10-07T15:45:59+05:30"
41,63,76,32.68,47.51,1633601790165,"2021-10-07T15:46:30+05:30"
43,65,76,32.61,48.5,1633601820719,"2021-10-07T15:47:00+05:30"
42,67,77,32.56,48.78,1633601851337,"2021-10-07T15:47:31+05:30"
42,68,78,32.52,49.35,1633601881915,"2021-10-07T15:48:01+05:30"
45,74,84,32.49,49.81,1633601912517,"2021-10-07T15:48:32+05:30"
45,69,83,32.5,49.52,1633601943067,"2021-10-07T15:49:03+05:30"
44,68,79,32.53,48.09,1633601973649,"2021-10-07T15:49:33+05:30"
42,64,75,32.58,47.94,1633602004254,"2021-10-07T15:50:04+05:30"
54,80,87,32.62,47.71,1633602034819,"2021-10-07T15:50:34+05:30"
45,72,81,32.59,49.02,1633602065397,"2021-10-07T15:51:05+05:30"
44,68,77,32.56,49.42,1633602095983,"2021-10-07T15:51:35+05:30"
44,67,80,32.51,50.11,1633602126565,"2021-10-07T15:52:06+05:30"
46,76,88,32.49,49.73,1633602157141,"2021-10-07T15:52:37+05:30"
43,68,82,32.51,48.79,1633602187717,"2021-10-07T15:53:07+05:30"
38,63,77,32.53,48.33,1633602218337,"2021-10-07T15:53:38+05:30"
39,61,77,32.54,47.55,1633602248906,"2021-10-07T15:54:08+05:30"
38,63,79,32.55,47.48,1633602279578,"2021-10-07T15:54:39+05:30"
37,58,75,32.54,47.5,1633602310268,"2021-10-07T15:55:10+05:30"
33,51,69,32.56,45.63,1633602340959,"2021-10-07T15:55:40+05:30"
33,50,67,32.59,45.94,1633602371601,"2021-10-07T15:56:11+05:30"
36,59,75,32.56,46.84,1633602392009,"2021-10-07T15:56:32+05:30"
34,55,72,32.56,46.36,1633602423044,"2021-10-07T15:57:03+05:30"
35,60,76,32.55,46.99,1633602453881,"2021-10-07T15:57:33+05:30"
37,63,77,32.52,47.52,1633602484437,"2021-10-07T15:58:04+05:30"
38,65,84,32.48,48.38,1633602515152,"2021-10-07T15:58:35+05:30"
36,64,79,32.46,48.72,1633602546126,"2021-10-07T15:59:06+05:30"
35,61,76,32.48,48.53,1633602576523,"2021-10-07T15:59:36+05:30"
39,68,89,32.46,49.43,1633602607108,"2021-10-07T16:00:07+05:30"
40,74,90,32.45,49.6,1633602640648,"2021-10-07T16:00:40+05:30"
38,67,83,32.45,49.51,1633602671207,"2021-10-07T16:01:11+05:30"
37,63,78,32.52,49.09,1633602701801,"2021-10-07T16:01:41+05:30"
38,64,81,32.54,49.27,1633602732531,"2021-10-07T16:02:12+05:30"
40,72,96,32.5,50.01,1633602763187,"2021-10-07T16:02:43+05:30"
42,78,95,32.48,50.29,1633602793760,"2021-10-07T16:03:13+05:30"
42,78,95,32.48,50.29,1633602801517,"2021-10-07T16:03:21+05:30"
42,78,95,32.48,50.29,1633602802751,"2021-10-07T16:03:22+05:30"
42,78,95,32.48,50.29,1633602803050,"2021-10-07T16:03:23+05:30"
39,67,83,32.54,48.73,1633602824249,"2021-10-07T16:03:44+05:30"
41,69,88,32.55,49.34,1633602854739,"2021-10-07T16:04:14+05:30"
46,80,103,32.48,49.33,1633602885438,"2021-10-07T16:04:45+05:30"
43,75,97,32.46,48.88,1633602915885,"2021-10-07T16:05:15+05:30"
39,68,85,32.47,48.2,1633602946468,"2021-10-07T16:05:46+05:30"
36,60,77,32.52,47.83,1633602977058,"2021-10-07T16:06:17+05:30"
40,73,92,32.52,49.21,1633603007914,"2021-10-07T16:06:47+05:30"
46,86,110,32.5,49.67,1633603038502,"2021-10-07T16:07:18+05:30"
42,79,97,32.51,48.82,1633603069069,"2021-10-07T16:07:49+05:30"
44,79,102,32.55,48.42,1633603099629,"2021-10-07T16:08:19+05:30"
45,76,90,32.59,47.68,1633603130211,"2021-10-07T16:08:50+05:30"
48,86,106,32.57,48.61,1633603160808,"2021-10-07T16:09:20+05:30"
47,82,103,32.58,48.29,1633603191385,"2021-10-07T16:09:51+05:30"
47,82,101,32.61,48.6,1633603221986,"2021-10-07T16:10:21+05:30"
49,88,112,32.53,49.67,1633603252537,"2021-10-07T16:10:52+05:30"
49,85,102,32.49,49.54,1633603283145,"2021-10-07T16:11:23+05:30"
48,84,100,32.48,49.64,1633603313948,"2021-10-07T16:11:53+05:30"
48,89,113,32.46,49.25,1633603344309,"2021-10-07T16:12:24+05:30"
51,102,132,32.43,49.16,1633603374870,"2021-10-07T16:12:54+05:30"
53,99,131,32.39,49.61,1633603405452,"2021-10-07T16:13:25+05:30"
48,86,109,32.38,49.41,1633603436116,"2021-10-07T16:13:56+05:30"
48,88,108,32.39,49.35,1633603466661,"2021-10-07T16:14:26+05:30"
50,85,110,32.38,49.89,1633603497236,"2021-10-07T16:14:57+05:30"
47,83,101,32.36,50.1,1633603527930,"2021-10-07T16:15:27+05:30"
52,90,113,32.38,50.33,1633603561823,"2021-10-07T16:16:01+05:30"
51,93,112,32.36,50.46,1633603592388,"2021-10-07T16:16:32+05:30"
47,83,103,32.34,50.57,1633603622958,"2021-10-07T16:17:02+05:30"
44,75,93,32.36,49.89,1633603653552,"2021-10-07T16:17:33+05:30"
37,61,74,32.42,48.73,1633603684136,"2021-10-07T16:18:04+05:30"
36,61,76,32.42,49.13,1633603714821,"2021-10-07T16:18:34+05:30"
38,63,77,32.4,49.32,1633603745397,"2021-10-07T16:19:05+05:30"
40,66,80,32.41,49.32,1633603765932,"2021-10-07T16:19:25+05:30"
43,71,83,32.38,49.62,1633603796587,"2021-10-07T16:19:56+05:30"
44,73,89,32.38,49.6,1633603827136,"2021-10-07T16:20:27+05:30"
46,76,87,32.39,48.97,1633603857722,"2021-10-07T16:20:57+05:30"
42,72,83,32.38,49.15,1633603888287,"2021-10-07T16:21:28+05:30"
43,67,79,32.38,49.16,1633603918857,"2021-10-07T16:21:58+05:30"
41,69,80,32.38,48.98,1633603949458,"2021-10-07T16:22:29+05:30"
39,63,76,32.39,48.57,1633603980047,"2021-10-07T16:23:00+05:30"
43,70,82,32.38,49.03,1633604010646,"2021-10-07T16:23:30+05:30"
41,66,81,32.35,49.17,1633604041294,"2021-10-07T16:24:01+05:30"
36,60,75,32.34,47.72,1633604071798,"2021-10-07T16:24:31+05:30"
34,52,69,32.38,46.48,1633604102532,"2021-10-07T16:25:02+05:30"
34,52,70,32.41,46.55,1633604133193,"2021-10-07T16:25:33+05:30"
38,63,79,32.39,47.62,1633604164157,"2021-10-07T16:26:04+05:30"
36,57,74,32.35,47.76,1633604194771,"2021-10-07T16:26:34+05:30"
35,57,73,32.37,47.22,1633604225724,"2021-10-07T16:27:05+05:30"
37,59,78,32.37,47.6,1633604256429,"2021-10-07T16:27:36+05:30"
39,61,75,32.37,47.68,1633604286733,"2021-10-07T16:28:06+05:30"
35,59,75,32.37,47.9,1633604317298,"2021-10-07T16:28:37+05:30"
37,61,75,32.37,48.33,1633604347871,"2021-10-07T16:29:07+05:30"
36,59,74,32.33,48.67,1633604378886,"2021-10-07T16:29:38+05:30"
36,58,75,32.34,48.27,1633604409441,"2021-10-07T16:30:09+05:30"
35,57,76,32.32,48.17,1633604443013,"2021-10-07T16:30:43+05:30"
34,53,68,32.34,47.26,1633604473557,"2021-10-07T16:31:13+05:30"
34,54,70,32.38,47.37,1633604504149,"2021-10-07T16:31:44+05:30"
34,55,71,32.38,47.32,1633604534692,"2021-10-07T16:32:14+05:30"
32,50,65,32.38,47.79,1633604565313,"2021-10-07T16:32:45+05:30"
33,50,65,32.38,47.77,1633604595893,"2021-10-07T16:33:15+05:30"
33,50,66,32.36,47.85,1633604626478,"2021-10-07T16:33:46+05:30"
33,51,66,32.37,48.06,1633604657017,"2021-10-07T16:34:17+05:30"
32,52,66,32.39,48.03,1633604687668,"2021-10-07T16:34:47+05:30"
33,55,71,32.37,48.47,1633604718230,"2021-10-07T16:35:18+05:30"
33,54,71,32.37,47.69,1633604748831,"2021-10-07T16:35:48+05:30"
33,52,68,32.4,47.58,1633604779371,"2021-10-07T16:36:19+05:30"
33,52,69,32.43,47.1,1633604809944,"2021-10-07T16:36:49+05:30"
34,54,70,32.43,46.64,1633604840620,"2021-10-07T16:37:20+05:30"
33,52,69,32.43,46.47,1633604871109,"2021-10-07T16:37:51+05:30"
34,55,72,32.43,46.77,1633604901704,"2021-10-07T16:38:21+05:30"
36,59,76,32.4,47.48,1633604932305,"2021-10-07T16:38:52+05:30"
35,58,74,32.41,47.59,1633604962903,"2021-10-07T16:39:22+05:30"
37,63,78,32.39,48.06,1633604993463,"2021-10-07T16:39:53+05:30"
38,69,90,32.36,48.36,1633605024015,"2021-10-07T16:40:24+05:30"
40,70,87,32.34,48.65,1633605054623,"2021-10-07T16:40:54+05:30"
37,63,77,32.33,48.07,1633605085225,"2021-10-07T16:41:25+05:30"
36,63,77,32.38,47.81,1633605115775,"2021-10-07T16:41:55+05:30"
39,68,88,32.38,48.45,1633605146420,"2021-10-07T16:42:26+05:30"
39,67,88,32.35,48.5,1633605176991,"2021-10-07T16:42:56+05:30"
39,66,78,32.34,48.65,1633605207522,"2021-10-07T16:43:27+05:30"
38,64,77,32.37,48.23,1633605238399,"2021-10-07T16:43:58+05:30"
39,63,75,32.41,47.87,1633605268990,"2021-10-07T16:44:28+05:30"
39,64,78,32.45,48.15,1633605299566,"2021-10-07T16:44:59+05:30"
41,70,90,32.4,48.84,1633605330216,"2021-10-07T16:45:30+05:30"
44,75,91,32.39,49.18,1633605364269,"2021-10-07T16:46:04+05:30"
47,81,98,32.37,49.96,1633605394847,"2021-10-07T16:46:34+05:30"
49,84,104,32.39,50.42,1633605425425,"2021-10-07T16:47:05+05:30"
44,76,93,32.39,49.99,1633605456020,"2021-10-07T16:47:36+05:30"
44,72,85,32.42,49.26,1633605486688,"2021-10-07T16:48:06+05:30"
40,66,77,32.44,48.23,1633605517159,"2021-10-07T16:48:37+05:30"
39,61,75,32.47,48.2,1633605547800,"2021-10-07T16:49:07+05:30"
39,62,76,32.48,48.12,1633605578503,"2021-10-07T16:49:38+05:30"
37,62,76,32.51,47.88,1633605608882,"2021-10-07T16:50:08+05:30"
38,61,75,32.55,47.94,1633605639470,"2021-10-07T16:50:39+05:30"
40,65,79,32.51,48.73,1633605670067,"2021-10-07T16:51:10+05:30"
38,64,79,32.46,49.02,1633605700641,"2021-10-07T16:51:40+05:30"
40,68,82,32.42,49.18,1633605731230,"2021-10-07T16:52:11+05:30"
40,65,79,32.37,49.62,1633605761813,"2021-10-07T16:52:41+05:30"
38,63,76,32.35,49.14,1633605792408,"2021-10-07T16:53:12+05:30"
38,61,75,32.34,49.19,1633605822991,"2021-10-07T16:53:42+05:30"
37,56,71,32.37,48.4,1633605853539,"2021-10-07T16:54:13+05:30"
37,60,73,32.4,48.05,1633605884132,"2021-10-07T16:54:44+05:30"
40,61,71,32.41,48.11,1633605914725,"2021-10-07T16:55:14+05:30"
41,61,74,32.41,48.13,1633605945322,"2021-10-07T16:55:45+05:30"
43,66,79,32.41,47.99,1633605975865,"2021-10-07T16:56:15+05:30"
44,67,78,32.43,47.98,1633606006628,"2021-10-07T16:56:46+05:30"
46,71,83,32.42,48.7,1633606037157,"2021-10-07T16:57:17+05:30"
47,74,86,32.37,49.27,1633606067738,"2021-10-07T16:57:47+05:30"
50,80,94,32.35,49.35,1633606098316,"2021-10-07T16:58:18+05:30"
50,82,99,32.33,49.51,1633606128891,"2021-10-07T16:58:48+05:30"
52,83,96,32.33,49,1633606159475,"2021-10-07T16:59:19+05:30"
48,79,91,32.32,49.33,1633606190076,"2021-10-07T16:59:50+05:30"
47,75,88,32.33,49.05,1633606220645,"2021-10-07T17:00:20+05:30"
47,76,84,32.37,48.63,1633606244616,"2021-10-07T17:00:44+05:30"
46,76,87,32.4,48.96,1633606275208,"2021-10-07T17:01:15+05:30"
54,94,119,32.36,50.63,1633606305807,"2021-10-07T17:01:45+05:30"
49,91,113,32.31,50.41,1633606336463,"2021-10-07T17:02:16+05:30"
48,86,105,32.29,50.33,1633606367063,"2021-10-07T17:02:47+05:30"
45,78,95,32.31,50.06,1633606397699,"2021-10-07T17:03:17+05:30"
46,76,90,32.34,50.15,1633606428234,"2021-10-07T17:03:48+05:30"
45,76,93,32.32,50.97,1633606458808,"2021-10-07T17:04:18+05:30"
46,78,96,32.26,51.26,1633606489424,"2021-10-07T17:04:49+05:30"
43,71,85,32.25,50.76,1633606519982,"2021-10-07T17:05:19+05:30"
43,69,79,32.29,51.33,1633606550580,"2021-10-07T17:05:50+05:30"
43,71,86,32.28,51.11,1633606581156,"2021-10-07T17:06:21+05:30"
41,65,81,32.25,51.4,1633606611710,"2021-10-07T17:06:51+05:30"
40,63,77,32.22,51.7,1633606642331,"2021-10-07T17:07:22+05:30"
41,64,76,32.31,50.98,1633606672898,"2021-10-07T17:07:52+05:30"
40,65,77,32.34,50.4,1633606703566,"2021-10-07T17:08:23+05:30"
40,62,74,32.32,50.52,1633606734056,"2021-10-07T17:08:54+05:30"
39,61,75,32.26,51.36,1633606764774,"2021-10-07T17:09:24+05:30"
37,59,74,32.21,51.11,1633606795263,"2021-10-07T17:09:55+05:30"
39,60,73,32.17,50.75,1633606825805,"2021-10-07T17:10:25+05:30"
37,58,72,32.2,50.54,1633606856369,"2021-10-07T17:10:56+05:30"
37,59,73,32.18,51.1,1633606886986,"2021-10-07T17:11:26+05:30"
39,59,72,32.18,51.1,1633606917562,"2021-10-07T17:11:57+05:30"
38,60,73,32.17,51.76,1633606948130,"2021-10-07T17:12:28+05:30"
38,58,72,32.16,51.57,1633606978697,"2021-10-07T17:12:58+05:30"
39,62,74,32.11,52.42,1633607009315,"2021-10-07T17:13:29+05:30"
40,60,73,32.09,52.05,1633607039973,"2021-10-07T17:13:59+05:30"
39,62,74,32.1,51.89,1633607070482,"2021-10-07T17:14:30+05:30"
41,64,76,32.13,51.48,1633607101035,"2021-10-07T17:15:01+05:30"
41,65,74,32.14,51.98,1633607131894,"2021-10-07T17:15:31+05:30"
41,61,72,32.15,52.17,1633607165909,"2021-10-07T17:16:05+05:30"
45,68,79,32.15,52.15,1633607196481,"2021-10-07T17:16:36+05:30"
49,73,81,32.17,51.27,1633607227061,"2021-10-07T17:17:07+05:30"
58,88,99,32.18,51.23,1633607257658,"2021-10-07T17:17:37+05:30"
61,93,103,32.18,51.51,1633607288218,"2021-10-07T17:18:08+05:30"
64,95,102,32.15,51.76,1633607318875,"2021-10-07T17:18:38+05:30"
53,83,92,32.15,51.26,1633607349387,"2021-10-07T17:19:09+05:30"
48,72,80,32.2,50.71,1633607379989,"2021-10-07T17:19:39+05:30"
48,71,79,32.27,50.51,1633607410704,"2021-10-07T17:20:10+05:30"
46,68,76,32.29,50.9,1633607441358,"2021-10-07T17:20:41+05:30"
44,66,75,32.27,51.82,1633607471716,"2021-10-07T17:21:11+05:30"
44,67,76,32.17,52.44,1633607502393,"2021-10-07T17:21:42+05:30"
42,64,74,32.13,52.44,1633607533103,"2021-10-07T17:22:13+05:30"
42,62,73,32.11,53.01,1633607563445,"2021-10-07T17:22:43+05:30"
42,63,75,32.1,52.85,1633607594047,"2021-10-07T17:23:14+05:30"
41,64,74,32.12,52.46,1633607624647,"2021-10-07T17:23:44+05:30"
42,63,75,32.11,52.77,1633607655215,"2021-10-07T17:24:15+05:30"
42,62,73,32.08,53.01,1633607685774,"2021-10-07T17:24:45+05:30"
40,61,73,32.02,53.61,1633607716405,"2021-10-07T17:25:16+05:30"
41,62,74,32,53.39,1633607746971,"2021-10-07T17:25:46+05:30"
41,62,73,31.98,53.44,1633607777560,"2021-10-07T17:26:17+05:30"
42,64,74,32,53.13,1633607808165,"2021-10-07T17:26:48+05:30"
40,60,72,32.04,52.73,1633607838740,"2021-10-07T17:27:18+05:30"
41,63,73,32,53.87,1633607869310,"2021-10-07T17:27:49+05:30"
43,65,76,32.02,53.17,1633607899892,"2021-10-07T17:28:19+05:30"
42,64,75,32.07,53.06,1633607930439,"2021-10-07T17:28:50+05:30"
41,62,75,32.05,53.57,1633607961063,"2021-10-07T17:29:21+05:30"
40,61,73,32.03,53.92,1633607991633,"2021-10-07T17:29:51+05:30"
40,62,74,32.05,54.29,1633608022252,"2021-10-07T17:30:22+05:30"
40,63,74,32.05,54.36,1633608048047,"2021-10-07T17:30:48+05:30"
42,64,75,32.06,53.4,1633608078426,"2021-10-07T17:31:18+05:30"
40,61,74,32.07,53.66,1633608109428,"2021-10-07T17:31:49+05:30"
41,63,75,32.06,53.63,1633608140026,"2021-10-07T17:32:20+05:30"
40,60,72,32.07,52.68,1633608170857,"2021-10-07T17:32:50+05:30"
41,61,72,32.05,53.22,1633608201514,"2021-10-07T17:33:21+05:30"
42,63,75,32.01,53.36,1633608232285,"2021-10-07T17:33:52+05:30"
45,69,78,32.02,52.98,1633608262757,"2021-10-07T17:34:22+05:30"
65,98,106,32.05,52.6,1633608293359,"2021-10-07T17:34:53+05:30"
55,85,93,32.06,52.79,1633608324190,"2021-10-07T17:35:24+05:30"
53,83,93,32.04,53.05,1633608354819,"2021-10-07T17:35:54+05:30"
51,81,91,32.01,52.9,1633608385349,"2021-10-07T17:36:25+05:30"
50,80,92,31.99,53.5,1633608415920,"2021-10-07T17:36:55+05:30"
48,75,86,31.97,53.98,1633608446525,"2021-10-07T17:37:26+05:30"
47,79,91,31.92,54.25,1633608477145,"2021-10-07T17:37:57+05:30"
46,73,92,31.89,54.22,1633608507974,"2021-10-07T17:38:27+05:30"
50,83,99,31.87,54.67,1633608538622,"2021-10-07T17:38:58+05:30"
48,76,91,31.89,54.36,1633608569181,"2021-10-07T17:39:29+05:30"
47,79,89,31.95,54.15,1633608599739,"2021-10-07T17:39:59+05:30"
48,77,86,31.99,54.51,1633608630298,"2021-10-07T17:40:30+05:30"
49,79,93,32.01,54.23,1633608660900,"2021-10-07T17:41:00+05:30"
50,84,100,32.04,54.38,1633608691485,"2021-10-07T17:41:31+05:30"
52,88,108,32,54.61,1633608722191,"2021-10-07T17:42:02+05:30"
50,84,100,32.02,54.69,1633608752680,"2021-10-07T17:42:32+05:30"
49,84,101,32.05,54.42,1633608783270,"2021-10-07T17:43:03+05:30"
51,91,114,32.07,54.44,1633608813841,"2021-10-07T17:43:33+05:30"
53,93,117,32.03,53.6,1633608844463,"2021-10-07T17:44:04+05:30"
49,82,96,32.04,52.83,1633608875057,"2021-10-07T17:44:35+05:30"
47,74,84,32.02,52.58,1633608905684,"2021-10-07T17:45:05+05:30"
45,71,85,32.02,52.87,1633608936319,"2021-10-07T17:45:36+05:30"
47,76,88,32,53.01,1633608966910,"2021-10-07T17:46:06+05:30"
49,82,97,32,53.72,1633608997525,"2021-10-07T17:46:37+05:30"
51,85,97,31.98,53.65,1633609028167,"2021-10-07T17:47:08+05:30"
53,90,102,31.94,53.93,1633609058719,"2021-10-07T17:47:38+05:30"
51,84,100,31.9,54,1633609089314,"2021-10-07T17:48:09+05:30"
50,83,96,31.87,54.09,1633609119997,"2021-10-07T17:48:39+05:30"
49,81,94,31.85,54.65,1633609150583,"2021-10-07T17:49:10+05:30"
52,89,106,31.8,55.22,1633609181055,"2021-10-07T17:49:41+05:30"
51,89,111,31.81,55.02,1633609211653,"2021-10-07T17:50:11+05:30"
49,81,97,31.8,54.47,1633609242308,"2021-10-07T17:50:42+05:30"
48,85,100,31.79,54.38,1633609272837,"2021-10-07T17:51:12+05:30"
48,81,92,31.77,54.39,1633609303390,"2021-10-07T17:51:43+05:30"
46,74,83,31.76,54.32,1633609334006,"2021-10-07T17:52:14+05:30"
45,72,80,31.75,54.14,1633609364563,"2021-10-07T17:52:44+05:30"
45,71,82,31.75,54.28,1633609395147,"2021-10-07T17:53:15+05:30"
45,72,87,31.73,54.83,1633609425699,"2021-10-07T17:53:45+05:30"
44,72,85,31.72,55.08,1633609456941,"2021-10-07T17:54:16+05:30"
48,78,88,31.71,54.4,1633609487661,"2021-10-07T17:54:47+05:30"
55,86,100,31.71,54.36,1633609518304,"2021-10-07T17:55:18+05:30"
72,118,140,31.71,54.36,1633609548898,"2021-10-07T17:55:48+05:30"
70,114,134,31.71,54.25,1633609579677,"2021-10-07T17:56:19+05:30"
81,131,155,31.69,55.09,1633609610810,"2021-10-07T17:56:50+05:30"
90,145,175,31.65,55.48,1633609641214,"2021-10-07T17:57:21+05:30"
104,173,208,31.59,55.83,1633609671783,"2021-10-07T17:57:51+05:30"
84,141,164,31.56,55.77,1633609702591,"2021-10-07T17:58:22+05:30"
75,124,146,31.57,55.55,1633609733154,"2021-10-07T17:58:53+05:30"
77,126,153,31.6,55.17,1633609763760,"2021-10-07T17:59:23+05:30"
72,118,142,31.63,54.99,1633609794372,"2021-10-07T17:59:54+05:30"
90,149,170,31.65,55.34,1633609825342,"2021-10-07T18:00:25+05:30"
127,203,227,31.64,55.53,1633609856553,"2021-10-07T18:00:56+05:30"
121,191,214,31.64,55.22,1633609886650,"2021-10-07T18:01:26+05:30"
111,175,195,31.64,54.56,1633609917244,"2021-10-07T18:01:57+05:30"
127,195,221,31.63,54.7,1633609947859,"2021-10-07T18:02:27+05:30"
125,196,222,31.63,54.79,1633609978527,"2021-10-07T18:02:58+05:30"
102,159,182,31.64,54.5,1633610009155,"2021-10-07T18:03:29+05:30"
118,191,219,31.62,55.28,1633610039612,"2021-10-07T18:03:59+05:30"
125,201,228,31.59,55.48,1633610070215,"2021-10-07T18:04:30+05:30"
122,195,226,31.58,55.64,1633610100827,"2021-10-07T18:05:00+05:30"
114,183,205,31.57,55.41,1633610131432,"2021-10-07T18:05:31+05:30"
121,188,210,31.6,55.28,1633610162088,"2021-10-07T18:06:02+05:30"
104,161,182,31.62,55.17,1633610192607,"2021-10-07T18:06:32+05:30"
96,149,164,31.63,55.22,1633610223206,"2021-10-07T18:07:03+05:30"
88,133,150,31.62,55.17,1633610254066,"2021-10-07T18:07:34+05:30"
93,138,157,31.64,55.11,1633610284377,"2021-10-07T18:08:04+05:30"
97,142,157,31.66,54.61,1633610314950,"2021-10-07T18:08:34+05:30"
92,136,154,31.67,54.63,1633610345865,"2021-10-07T18:09:05+05:30"
107,159,174,31.66,54.7,1633610376149,"2021-10-07T18:09:36+05:30"
110,166,176,31.67,55.01,1633610406794,"2021-10-07T18:10:06+05:30"
77,113,123,31.67,54.43,1633610437381,"2021-10-07T18:10:37+05:30"
68,102,113,31.67,54.49,1633610467966,"2021-10-07T18:11:07+05:30"
65,98,109,31.69,54.12,1633610498555,"2021-10-07T18:11:38+05:30"
75,112,124,31.72,54.31,1633610529175,"2021-10-07T18:12:09+05:30"
113,170,187,31.73,54.32,1633610559747,"2021-10-07T18:12:39+05:30"
146,218,238,31.71,54.38,1633610590557,"2021-10-07T18:13:10+05:30"
145,219,239,31.73,54.88,1633610620933,"2021-10-07T18:13:40+05:30"
138,206,226,31.72,54.38,1633610651536,"2021-10-07T18:14:11+05:30"
116,175,194,31.78,54.56,1633610682131,"2021-10-07T18:14:42+05:30"
127,192,212,31.72,55.23,1633610712804,"2021-10-07T18:15:12+05:30"
136,204,226,31.69,55.75,1633610746641,"2021-10-07T18:15:46+05:30"
132,197,226,31.69,55.98,1633610777295,"2021-10-07T18:16:17+05:30"
126,194,218,31.67,55.9,1633610808138,"2021-10-07T18:16:48+05:30"
118,179,206,31.65,56.16,1633610838682,"2021-10-07T18:17:18+05:30"
110,169,191,31.62,56.34,1633610869267,"2021-10-07T18:17:49+05:30"
99,152,171,31.61,56.01,1633610899855,"2021-10-07T18:18:19+05:30"
97,148,168,31.65,55.82,1633610930461,"2021-10-07T18:18:50+05:30"
93,146,165,31.68,56.05,1633610961031,"2021-10-07T18:19:21+05:30"
91,150,173,31.66,56.37,1633610991920,"2021-10-07T18:19:51+05:30"
93,163,196,31.58,56.72,1633611022212,"2021-10-07T18:20:22+05:30"
132,245,291,31.59,56.71,1633611052807,"2021-10-07T18:20:52+05:30"
139,264,321,31.57,56.74,1633611083392,"2021-10-07T18:21:23+05:30"
106,193,234,31.56,56.13,1633611113986,"2021-10-07T18:21:53+05:30"
100,180,221,31.56,56.44,1633611144574,"2021-10-07T18:22:24+05:30"
91,161,192,31.57,56.39,1633611175156,"2021-10-07T18:22:55+05:30"
87,151,174,31.65,56.23,1633611206045,"2021-10-07T18:23:26+05:30"
85,147,176,31.67,56.33,1633611236492,"2021-10-07T18:23:56+05:30"
79,140,166,31.68,56.42,1633611267236,"2021-10-07T18:24:27+05:30"
72,123,147,31.7,55.72,1633611297933,"2021-10-07T18:24:57+05:30"
74,127,154,31.64,56.24,1633611318881,"2021-10-07T18:25:18+05:30"
75,132,155,31.66,56.38,1633611349144,"2021-10-07T18:25:49+05:30"
97,159,187,31.67,56.01,1633611379717,"2021-10-07T18:26:19+05:30"
104,165,188,31.68,56.24,1633611410328,"2021-10-07T18:26:50+05:30"
113,181,206,31.69,56.17,1633611441074,"2021-10-07T18:27:21+05:30"
129,200,224,31.68,55.82,1633611471499,"2021-10-07T18:27:51+05:30"
136,211,233,31.7,55.33,1633611502112,"2021-10-07T18:28:22+05:30"
129,194,215,31.74,55.38,1633611532696,"2021-10-07T18:28:52+05:30"
176,277,310,31.73,56.34,1633611563318,"2021-10-07T18:29:23+05:30"
230,379,421,31.66,56.28,1633611593871,"2021-10-07T18:29:53+05:30"
208,326,364,31.64,56.18,1633611625690,"2021-10-07T18:30:25+05:30"
208,326,364,31.64,56.18,1633611629562,"2021-10-07T18:30:29+05:30"
182,284,319,31.64,56.04,1633611651789,"2021-10-07T18:30:51+05:30"
193,299,325,31.65,56.14,1633611683123,"2021-10-07T18:31:23+05:30"
193,300,327,31.68,55.96,1633611712955,"2021-10-07T18:31:52+05:30"
197,314,346,31.68,56.29,1633611743569,"2021-10-07T18:32:23+05:30"
218,347,384,31.62,56.64,1633611774185,"2021-10-07T18:32:54+05:30"
218,337,373,31.63,56.24,1633611804736,"2021-10-07T18:33:24+05:30"
220,345,388,31.64,56.55,1633611835395,"2021-10-07T18:33:55+05:30"
207,325,361,31.64,56.57,1633611865964,"2021-10-07T18:34:25+05:30"
181,277,308,31.71,55.79,1633611896594,"2021-10-07T18:34:56+05:30"
162,246,273,31.74,55.33,1633611927150,"2021-10-07T18:35:27+05:30"
150,223,245,31.84,55.01,1633611957743,"2021-10-07T18:35:57+05:30"
197,304,338,31.86,55.45,1633611988344,"2021-10-07T18:36:28+05:30"
241,375,412,31.82,55.26,1633612018929,"2021-10-07T18:36:58+05:30"
251,398,428,31.78,55.59,1633612049533,"2021-10-07T18:37:29+05:30"
264,427,461,31.67,55.95,1633612080415,"2021-10-07T18:38:00+05:30"
204,318,347,31.59,55.87,1633612110711,"2021-10-07T18:38:30+05:30"
165,249,273,31.63,55.16,1633612141300,"2021-10-07T18:39:01+05:30"
154,233,258,31.64,55.34,1633612171902,"2021-10-07T18:39:31+05:30"
164,250,277,31.64,55.01,1633612202764,"2021-10-07T18:40:02+05:30"
156,242,263,31.65,55.6,1633612233099,"2021-10-07T18:40:33+05:30"
169,261,290,31.61,55.97,1633612263686,"2021-10-07T18:41:03+05:30"
137,213,235,31.59,55.82,1633612294279,"2021-10-07T18:41:34+05:30"
123,184,206,31.61,55.49,1633612324877,"2021-10-07T18:42:04+05:30"
127,190,212,31.62,55.95,1633612355491,"2021-10-07T18:42:35+05:30"
127,196,221,31.62,56.29,1633612386060,"2021-10-07T18:43:06+05:30"
115,175,203,31.62,56.27,1633612416662,"2021-10-07T18:43:36+05:30"
102,162,188,31.61,56.42,1633612447253,"2021-10-07T18:44:07+05:30"
99,158,183,31.61,56.36,1633612477845,"2021-10-07T18:44:37+05:30"
87,142,163,31.61,56.43,1633612508736,"2021-10-07T18:45:08+05:30"
84,129,148,31.6,56.49,1633612539398,"2021-10-07T18:45:39+05:30"
79,124,139,31.61,56.48,1633612573388,"2021-10-07T18:46:13+05:30"
79,123,139,31.61,56.5,1633612602543,"2021-10-07T18:46:42+05:30"
70,109,127,31.6,56.6,1633612633184,"2021-10-07T18:47:13+05:30"
68,107,120,31.6,56.55,1633612663843,"2021-10-07T18:47:43+05:30"
62,96,112,31.62,56.28,1633612694301,"2021-10-07T18:48:14+05:30"
62,100,115,31.62,56.44,1633612724921,"2021-10-07T18:48:44+05:30"
62,98,109,31.61,56.39,1633612755499,"2021-10-07T18:49:15+05:30"
58,95,107,31.6,56.19,1633612786104,"2021-10-07T18:49:46+05:30"
57,92,105,31.59,56.43,1633612816692,"2021-10-07T18:50:16+05:30"
54,90,104,31.58,56.24,1633612847311,"2021-10-07T18:50:47+05:30"
55,89,101,31.6,56.2,1633612878079,"2021-10-07T18:51:18+05:30"
55,91,104,31.6,56.4,1633612908769,"2021-10-07T18:51:48+05:30"
57,98,114,31.57,56.38,1633612939372,"2021-10-07T18:52:19+05:30"
55,93,110,31.58,56.3,1633612969956,"2021-10-07T18:52:49+05:30"
55,92,109,31.55,56.45,1633613000537,"2021-10-07T18:53:20+05:30"
57,94,110,31.53,56.56,1633613031129,"2021-10-07T18:53:51+05:30"
56,90,104,31.53,56.72,1633613061734,"2021-10-07T18:54:21+05:30"
52,86,100,31.54,56.53,1633613092326,"2021-10-07T18:54:52+05:30"
52,83,95,31.51,56.83,1633613122933,"2021-10-07T18:55:22+05:30"
55,95,109,31.5,57.22,1633613153510,"2021-10-07T18:55:53+05:30"
55,90,107,31.5,57.2,1633613184141,"2021-10-07T18:56:24+05:30"
55,93,111,31.57,57.18,1633613214748,"2021-10-07T18:56:54+05:30"
53,88,101,31.65,56.74,1633613245317,"2021-10-07T18:57:25+05:30"
54,88,105,31.66,56.63,1633613275934,"2021-10-07T18:57:55+05:30"
55,90,113,31.65,57.02,1633613306668,"2021-10-07T18:58:26+05:30"
59,103,125,31.59,57.39,1633613337217,"2021-10-07T18:58:57+05:30"
58,102,121,31.56,57.26,1633613367787,"2021-10-07T18:59:27+05:30"
61,108,137,31.52,57.67,1633613398399,"2021-10-07T18:59:58+05:30"
59,105,131,31.48,58,1633613429002,"2021-10-07T19:00:29+05:30"
58,103,128,31.5,57.91,1633613454936,"2021-10-07T19:00:54+05:30"
58,102,124,31.51,57.88,1633613484784,"2021-10-07T19:01:24+05:30"
58,102,124,31.51,57.88,1633613493958,"2021-10-07T19:01:33+05:30"
58,102,124,31.51,57.88,1633613495911,"2021-10-07T19:01:35+05:30"
58,102,124,31.51,57.88,1633613496120,"2021-10-07T19:01:36+05:30"
56,98,119,31.51,57.53,1633613515347,"2021-10-07T19:01:55+05:30"
54,92,111,31.61,57.08,1633613637225,"2021-10-07T19:03:57+05:30"
53,92,114,31.7,57.26,1633613667317,"2021-10-07T19:04:27+05:30"
60,107,135,31.68,57.51,1633613697910,"2021-10-07T19:04:57+05:30"
60,107,134,31.67,57.3,1633613728512,"2021-10-07T19:05:28+05:30"
61,107,137,31.7,57.69,1633613759080,"2021-10-07T19:05:59+05:30"
63,117,149,31.66,57.76,1633613789654,"2021-10-07T19:06:29+05:30"
60,110,136,31.65,57.51,1633613820362,"2021-10-07T19:07:00+05:30"
65,121,157,31.6,57.79,1633613850943,"2021-10-07T19:07:30+05:30"
61,115,142,31.59,57.34,1633613881421,"2021-10-07T19:08:01+05:30"
62,115,144,31.62,57.69,1633613912014,"2021-10-07T19:08:32+05:30"
65,119,151,31.61,57.94,1633613942645,"2021-10-07T19:09:02+05:30"
61,113,143,31.6,57.59,1633613973207,"2021-10-07T19:09:33+05:30"
61,108,134,31.64,57.29,1633614003809,"2021-10-07T19:10:03+05:30"
56,97,120,31.65,57.24,1633614034431,"2021-10-07T19:10:34+05:30"
57,100,120,31.68,57.42,1633614065060,"2021-10-07T19:11:05+05:30"
59,97,118,31.71,57.23,1633614095587,"2021-10-07T19:11:35+05:30"
59,97,118,31.71,57.15,1633614126178,"2021-10-07T19:12:06+05:30"
58,96,109,31.67,57.44,1633614156792,"2021-10-07T19:12:36+05:30"
60,96,114,31.69,57.91,1633614187350,"2021-10-07T19:13:07+05:30"
59,93,109,31.66,58.25,1633614217949,"2021-10-07T19:13:37+05:30"
56,88,102,31.71,57.9,1633614248539,"2021-10-07T19:14:08+05:30"
55,85,97,31.72,57.91,1633614279374,"2021-10-07T19:14:39+05:30"
58,92,105,31.71,57.72,1633614309764,"2021-10-07T19:15:09+05:30"
56,89,102,31.71,57.75,1633614340281,"2021-10-07T19:15:40+05:30"
57,89,102,31.76,57.64,1633614370926,"2021-10-07T19:16:10+05:30"
61,98,115,31.77,57.52,1633614401463,"2021-10-07T19:16:41+05:30"
63,105,124,31.78,57.31,1633614432138,"2021-10-07T19:17:12+05:30"
63,102,119,31.77,57.12,1633614462705,"2021-10-07T19:17:42+05:30"
66,110,134,31.78,57.32,1633614493301,"2021-10-07T19:18:13+05:30"
65,112,137,31.79,57.07,1633614523896,"2021-10-07T19:18:43+05:30"
67,113,132,31.81,57.38,1633614557454,"2021-10-07T19:19:17+05:30"
69,119,144,31.8,57.66,1633614587859,"2021-10-07T19:19:47+05:30"
69,122,154,31.76,57.98,1633614618589,"2021-10-07T19:20:18+05:30"
81,143,168,31.7,57.74,1633614649063,"2021-10-07T19:20:49+05:30"
77,133,167,31.7,57.8,1633614679655,"2021-10-07T19:21:19+05:30"
74,129,166,31.73,57.57,1633614710238,"2021-10-07T19:21:50+05:30"
71,130,163,31.7,57.31,1633614741076,"2021-10-07T19:22:21+05:30"
72,130,161,31.68,57.14,1633614771469,"2021-10-07T19:22:51+05:30"
69,121,148,31.68,57.02,1633614802017,"2021-10-07T19:23:22+05:30"
70,126,159,31.67,57.09,1633614832621,"2021-10-07T19:23:52+05:30"
72,129,164,31.65,57.47,1633614863299,"2021-10-07T19:24:23+05:30"
69,124,156,31.62,57.44,1633614893901,"2021-10-07T19:24:53+05:30"
66,116,141,31.63,57.49,1633614924497,"2021-10-07T19:25:24+05:30"
66,120,147,31.59,57.95,1633614955076,"2021-10-07T19:25:55+05:30"
65,113,137,31.59,57.97,1633614985695,"2021-10-07T19:26:25+05:30"
63,108,129,31.61,58.05,1633615016258,"2021-10-07T19:26:56+05:30"
63,102,117,31.63,57.75,1633615046854,"2021-10-07T19:27:26+05:30"
61,101,122,31.67,58.14,1633615077442,"2021-10-07T19:27:57+05:30"
87,141,159,31.75,58.13,1633615108038,"2021-10-07T19:28:28+05:30"
93,154,174,31.8,57.41,1633615138642,"2021-10-07T19:28:58+05:30"
88,146,165,31.82,57.37,1633615169230,"2021-10-07T19:29:29+05:30"
73,121,139,31.8,56.94,1633615199823,"2021-10-07T19:29:59+05:30"
70,111,124,31.76,57.46,1633615230414,"2021-10-07T19:30:30+05:30"
66,104,114,31.74,57.59,1633615261040,"2021-10-07T19:31:01+05:30"
64,100,113,31.72,57.82,1633615291606,"2021-10-07T19:31:31+05:30"
64,99,109,31.69,57.49,1633615322227,"2021-10-07T19:32:02+05:30"
62,95,106,31.66,57.78,1633615352790,"2021-10-07T19:32:32+05:30"
60,92,100,31.66,58.13,1633615383408,"2021-10-07T19:33:03+05:30"
60,93,104,31.63,58.64,1633615413976,"2021-10-07T19:33:33+05:30"
58,89,100,31.6,58.52,1633615438726,"2021-10-07T19:33:58+05:30"
57,88,97,31.58,58.47,1633615468847,"2021-10-07T19:34:28+05:30"
54,87,94,31.57,58.05,1633615499466,"2021-10-07T19:34:59+05:30"
56,83,90,31.56,57.86,1633615530014,"2021-10-07T19:35:30+05:30"
56,84,94,31.56,58.03,1633615560787,"2021-10-07T19:36:00+05:30"
58,87,96,31.52,58.52,1633615591397,"2021-10-07T19:36:31+05:30"
58,89,96,31.5,58.56,1633615621736,"2021-10-07T19:37:01+05:30"
58,86,92,31.51,58.54,1633615652440,"2021-10-07T19:37:32+05:30"
55,84,91,31.54,58.4,1633615682955,"2021-10-07T19:38:02+05:30"
53,79,88,31.5,58.58,1633615713490,"2021-10-07T19:38:33+05:30"
53,79,84,31.48,58.76,1633615744081,"2021-10-07T19:39:04+05:30"
54,80,88,31.46,58.48,1633615774695,"2021-10-07T19:39:34+05:30"
54,82,90,31.45,58.88,1633615805262,"2021-10-07T19:40:05+05:30"
54,82,92,31.48,58.5,1633615836134,"2021-10-07T19:40:36+05:30"
52,80,88,31.5,58.17,1633615866713,"2021-10-07T19:41:06+05:30"
52,76,83,31.5,58.32,1633615897310,"2021-10-07T19:41:37+05:30"
51,78,86,31.5,58.43,1633615927862,"2021-10-07T19:42:07+05:30"
51,76,84,31.5,58.13,1633615958442,"2021-10-07T19:42:38+05:30"
51,75,86,31.52,58.27,1633615989063,"2021-10-07T19:43:09+05:30"
54,80,87,31.49,58.74,1633616019628,"2021-10-07T19:43:39+05:30"
53,80,86,31.47,58.88,1633616050229,"2021-10-07T19:44:10+05:30"
56,86,94,31.48,58.86,1633616080773,"2021-10-07T19:44:40+05:30"
54,82,88,31.47,58.37,1633616111389,"2021-10-07T19:45:11+05:30"
53,80,90,31.48,58.23,1633616141965,"2021-10-07T19:45:41+05:30"
52,79,85,31.49,58.53,1633616172560,"2021-10-07T19:46:12+05:30"
53,79,85,31.48,58.21,1633616203114,"2021-10-07T19:46:43+05:30"
50,77,85,31.49,58.25,1633616234180,"2021-10-07T19:47:14+05:30"
51,77,87,31.5,57.95,1633616264348,"2021-10-07T19:47:44+05:30"
54,80,90,31.5,58.41,1633616302691,"2021-10-07T19:48:22+05:30"
52,80,89,31.52,58.48,1633616325513,"2021-10-07T19:48:45+05:30"
50,74,83,31.52,58.34,1633616359532,"2021-10-07T19:49:19+05:30"
56,86,94,31.56,57.8,1633616389572,"2021-10-07T19:49:49+05:30"
62,93,101,31.57,57.74,1633616420060,"2021-10-07T19:50:20+05:30"
64,94,100,31.56,57.71,1633616450558,"2021-10-07T19:50:50+05:30"
65,100,110,31.57,57.83,1633616481164,"2021-10-07T19:51:21+05:30"
63,95,104,31.59,57.65,1633616511766,"2021-10-07T19:51:51+05:30"
62,91,99,31.55,58.48,1633616542382,"2021-10-07T19:52:22+05:30"
58,87,96,31.5,58.61,1633616572920,"2021-10-07T19:52:52+05:30"
58,88,93,31.48,58.62,1633616603496,"2021-10-07T19:53:23+05:30"
56,85,91,31.43,58.92,1633616634146,"2021-10-07T19:53:54+05:30"
57,84,92,31.46,58.75,1633616664773,"2021-10-07T19:54:24+05:30"
56,84,92,31.49,58.49,1633616695445,"2021-10-07T19:54:55+05:30"
63,91,102,31.46,58.9,1633616725947,"2021-10-07T19:55:25+05:30"
58,85,94,31.45,58.97,1633616756498,"2021-10-07T19:55:56+05:30"
55,85,94,31.47,59.21,1633616787124,"2021-10-07T19:56:27+05:30"
55,83,91,31.46,59.15,1633616817693,"2021-10-07T19:56:57+05:30"
55,80,88,31.43,59.16,1633616848267,"2021-10-07T19:57:28+05:30"
56,84,91,31.42,59.28,1633616878815,"2021-10-07T19:57:58+05:30"
55,86,96,31.47,59.67,1633616909441,"2021-10-07T19:58:29+05:30"
63,94,106,31.55,59.23,1633616940027,"2021-10-07T19:59:00+05:30"
86,128,137,31.6,58.28,1633616970598,"2021-10-07T19:59:30+05:30"
80,119,129,31.62,58.3,1633617001216,"2021-10-07T20:00:01+05:30"
73,109,119,31.64,58,1633617031864,"2021-10-07T20:00:31+05:30"
76,110,124,31.72,57.86,1633617062489,"2021-10-07T20:01:02+05:30"
70,101,108,31.84,58.13,1633617093059,"2021-10-07T20:01:33+05:30"
62,93,102,31.73,58.41,1633617123705,"2021-10-07T20:02:03+05:30"
62,92,102,31.72,58.21,1633617154272,"2021-10-07T20:02:34+05:30"
61,87,96,31.69,58.4,1633617184834,"2021-10-07T20:03:04+05:30"
58,89,98,31.65,58.59,1633617215478,"2021-10-07T20:03:35+05:30"
59,89,101,31.63,58.99,1633617242869,"2021-10-07T20:04:02+05:30"
56,87,96,31.68,59.2,1633617273077,"2021-10-07T20:04:33+05:30"
56,83,93,31.71,58.69,1633617303781,"2021-10-07T20:05:03+05:30"
56,83,95,31.71,58.9,1633617334586,"2021-10-07T20:05:34+05:30"
53,81,89,31.69,58.38,1633617365148,"2021-10-07T20:06:05+05:30"
54,79,86,31.63,58.1,1633617395742,"2021-10-07T20:06:35+05:30"
54,81,89,31.6,58.3,1633617426555,"2021-10-07T20:07:06+05:30"
55,82,90,31.58,58.65,1633617457133,"2021-10-07T20:07:37+05:30"
58,88,95,31.54,58.76,1633617487726,"2021-10-07T20:08:07+05:30"
65,101,111,31.52,58.92,1633617518291,"2021-10-07T20:08:38+05:30"
74,119,135,31.5,59.25,1633617548883,"2021-10-07T20:09:08+05:30"
75,120,135,31.54,58.9,1633617579515,"2021-10-07T20:09:39+05:30"
67,105,117,31.6,58.64,1633617610129,"2021-10-07T20:10:10+05:30"
64,103,113,31.62,58.62,1633617640685,"2021-10-07T20:10:40+05:30"
60,94,104,31.6,58.5,1633617671397,"2021-10-07T20:11:11+05:30"
57,88,96,31.61,58.45,1633617701844,"2021-10-07T20:11:41+05:30"
53,83,93,31.58,58.67,1633617732464,"2021-10-07T20:12:12+05:30"
52,81,90,31.6,58.76,1633617763033,"2021-10-07T20:12:43+05:30"
52,79,85,31.58,58.9,1633617793660,"2021-10-07T20:13:13+05:30"
56,85,96,31.58,58.34,1633617824182,"2021-10-07T20:13:44+05:30"
61,95,106,31.62,57.95,1633617854780,"2021-10-07T20:14:14+05:30"
69,109,120,31.66,58.08,1633617885367,"2021-10-07T20:14:45+05:30"
69,109,124,31.63,58.67,1633617916001,"2021-10-07T20:15:16+05:30"
67,103,114,31.62,58.78,1633617946548,"2021-10-07T20:15:46+05:30"
66,99,109,31.6,58.73,1633617977172,"2021-10-07T20:16:17+05:30"
65,101,114,31.52,58.99,1633618007859,"2021-10-07T20:16:47+05:30"
60,93,104,31.5,59,1633618038697,"2021-10-07T20:17:18+05:30"
60,94,100,31.47,59.69,1633618068944,"2021-10-07T20:17:48+05:30"
59,93,103,31.46,59.72,1633618099543,"2021-10-07T20:18:19+05:30"
57,86,98,31.39,59.66,1633618130111,"2021-10-07T20:18:50+05:30"
54,82,93,31.4,60.12,1633618161116,"2021-10-07T20:19:21+05:30"
54,81,88,31.47,59.88,1633618191483,"2021-10-07T20:19:51+05:30"
51,80,88,31.5,59.5,1633618221908,"2021-10-07T20:20:21+05:30"
49,78,85,31.48,59.57,1633618252381,"2021-10-07T20:20:52+05:30"
50,78,86,31.5,59.78,1633618282985,"2021-10-07T20:21:22+05:30"
61,95,104,31.48,59.97,1633618313532,"2021-10-07T20:21:53+05:30"
67,102,112,31.47,60.04,1633618344126,"2021-10-07T20:22:24+05:30"
72,113,131,31.5,60.35,1633618374721,"2021-10-07T20:22:54+05:30"
63,97,106,31.52,60.33,1633618405354,"2021-10-07T20:23:25+05:30"
63,95,101,31.51,59.29,1633618436305,"2021-10-07T20:23:56+05:30"
71,112,125,31.54,59.35,1633618466786,"2021-10-07T20:24:26+05:30"
65,102,118,31.53,59.22,1633618497394,"2021-10-07T20:24:57+05:30"
64,104,116,31.53,59.03,1633618528249,"2021-10-07T20:25:28+05:30"
60,93,106,31.54,59.72,1633618558830,"2021-10-07T20:25:58+05:30"
59,93,104,31.54,59.97,1633618589174,"2021-10-07T20:26:29+05:30"
57,90,97,31.51,59.95,1633618619745,"2021-10-07T20:26:59+05:30"
56,86,98,31.54,59.92,1633618650440,"2021-10-07T20:27:30+05:30"
54,85,95,31.6,59.72,1633618680890,"2021-10-07T20:28:00+05:30"
54,83,94,31.65,59.39,1633618711443,"2021-10-07T20:28:31+05:30"
53,80,90,31.66,59.15,1633618742054,"2021-10-07T20:29:02+05:30"
53,84,93,31.69,59.35,1633618772658,"2021-10-07T20:29:32+05:30"
57,90,100,31.71,59.2,1633618803211,"2021-10-07T20:30:03+05:30"
60,94,109,31.81,59.04,1633618833800,"2021-10-07T20:30:33+05:30"
67,100,112,31.92,59.09,1633618864445,"2021-10-07T20:31:04+05:30"
68,103,114,31.93,59.33,1633618895050,"2021-10-07T20:31:35+05:30"
66,98,109,31.85,59.09,1633618925625,"2021-10-07T20:32:05+05:30"
63,94,105,31.81,59.14,1633618956541,"2021-10-07T20:32:36+05:30"
61,95,103,31.79,59.04,1633618986959,"2021-10-07T20:33:06+05:30"
58,87,97,31.77,58.62,1633619017523,"2021-10-07T20:33:37+05:30"
53,80,87,31.77,58.87,1633619047383,"2021-10-07T20:34:07+05:30"
53,80,89,31.7,58.85,1633619077724,"2021-10-07T20:34:37+05:30"
49,77,85,31.63,58.72,1633619108607,"2021-10-07T20:35:08+05:30"
47,72,81,31.58,58.68,1633619139632,"2021-10-07T20:35:39+05:30"
46,70,79,31.56,58.29,1633619169976,"2021-10-07T20:36:09+05:30"
52,77,88,31.5,58.61,1633619200548,"2021-10-07T20:36:40+05:30"
49,73,80,31.48,59.01,1633619231155,"2021-10-07T20:37:11+05:30"
51,77,84,31.49,59.27,1633619261829,"2021-10-07T20:37:41+05:30"
50,75,84,31.5,59.27,1633619292385,"2021-10-07T20:38:12+05:30"
49,74,81,31.49,58.91,1633619323209,"2021-10-07T20:38:43+05:30"
49,73,81,31.42,59.74,1633619353771,"2021-10-07T20:39:13+05:30"
49,75,82,31.38,59.74,1633619384376,"2021-10-07T20:39:44+05:30"
48,74,83,31.38,59.19,1633619415303,"2021-10-07T20:40:15+05:30"
49,73,80,31.39,59.21,1633619446048,"2021-10-07T20:40:46+05:30"
49,74,83,31.43,58.91,1633619476607,"2021-10-07T20:41:16+05:30"
49,74,83,31.47,58.59,1633619507224,"2021-10-07T20:41:47+05:30"
48,75,83,31.5,58.86,1633619537904,"2021-10-07T20:42:17+05:30"
50,76,85,31.53,59.3,1633619568435,"2021-10-07T20:42:48+05:30"
49,78,85,31.56,59.68,1633619598969,"2021-10-07T20:43:18+05:30"
54,80,90,31.61,59.52,1633619629556,"2021-10-07T20:43:49+05:30"
52,78,86,31.64,59.53,1633619660132,"2021-10-07T20:44:20+05:30"
52,79,86,31.61,59.47,1633619690718,"2021-10-07T20:44:50+05:30"
50,75,82,31.57,59.56,1633619721301,"2021-10-07T20:45:21+05:30"
52,79,85,31.56,59.4,1633619751960,"2021-10-07T20:45:51+05:30"
51,77,85,31.53,59.41,1633619782526,"2021-10-07T20:46:22+05:30"
50,74,85,31.56,58.81,1633619813059,"2021-10-07T20:46:53+05:30"
49,75,86,31.58,59.1,1633619843607,"2021-10-07T20:47:23+05:30"
49,78,86,31.58,58.88,1633619874214,"2021-10-07T20:47:54+05:30"
49,73,81,31.59,59.23,1633619904976,"2021-10-07T20:48:24+05:30"
51,77,84,31.62,59.18,1633619935605,"2021-10-07T20:48:55+05:30"
49,76,87,31.61,59.24,1633619966311,"2021-10-07T20:49:26+05:30"
48,71,80,31.59,59.07,1633619996397,"2021-10-07T20:49:56+05:30"
48,71,80,31.59,58.9,1633620026760,"2021-10-07T20:50:26+05:30"
48,72,80,31.62,59.03,1633620057361,"2021-10-07T20:50:57+05:30"
47,73,82,31.59,59.05,1633620087927,"2021-10-07T20:51:27+05:30"
46,72,81,31.56,58.73,1633620118497,"2021-10-07T20:51:58+05:30"
49,76,83,31.55,58.82,1633620149078,"2021-10-07T20:52:29+05:30"
47,69,77,31.54,58.87,1633620179671,"2021-10-07T20:52:59+05:30"
57,83,94,31.52,58.72,1633620210259,"2021-10-07T20:53:30+05:30"
61,92,101,31.54,58.57,1633620241495,"2021-10-07T20:54:01+05:30"
58,86,95,31.58,58.12,1633620271978,"2021-10-07T20:54:31+05:30"
60,92,99,31.6,58.04,1633620302790,"2021-10-07T20:55:02+05:30"
63,95,106,31.6,58.37,1633620333675,"2021-10-07T20:55:33+05:30"
64,96,108,31.56,58.72,1633620364019,"2021-10-07T20:56:04+05:30"
58,88,99,31.49,58.56,1633620394612,"2021-10-07T20:56:34+05:30"
56,86,94,31.46,58.52,1633620425233,"2021-10-07T20:57:05+05:30"
54,83,90,31.46,58.78,1633620455782,"2021-10-07T20:57:35+05:30"
52,80,88,31.42,58.86,1633620486389,"2021-10-07T20:58:06+05:30"
52,79,86,31.37,58.8,1633620516990,"2021-10-07T20:58:36+05:30"
52,78,85,31.35,58.78,1633620547697,"2021-10-07T20:59:07+05:30"
51,78,85,31.35,59,1633620578140,"2021-10-07T20:59:38+05:30"
51,77,86,31.35,59.31,1633620608734,"2021-10-07T21:00:08+05:30"
50,76,84,31.34,59.13,1633620639334,"2021-10-07T21:00:39+05:30"
50,74,81,31.4,59.06,1633620669900,"2021-10-07T21:01:09+05:30"
50,76,83,31.42,58.68,1633620700735,"2021-10-07T21:01:40+05:30"
50,74,81,31.47,58.66,1633620731334,"2021-10-07T21:02:11+05:30"
49,74,83,31.44,58.6,1633620761858,"2021-10-07T21:02:41+05:30"
51,78,90,31.41,58.13,1633620792478,"2021-10-07T21:03:12+05:30"
51,75,83,31.43,58.54,1633620823200,"2021-10-07T21:03:43+05:30"
54,81,89,31.43,58.84,1633620853913,"2021-10-07T21:04:13+05:30"
64,96,106,31.42,58.64,1633620883915,"2021-10-07T21:04:43+05:30"
66,95,104,31.45,58.4,1633620914461,"2021-10-07T21:05:14+05:30"
64,95,108,31.45,58.3,1633620945023,"2021-10-07T21:05:45+05:30"
62,92,98,31.5,58.76,1633620975661,"2021-10-07T21:06:15+05:30"
62,95,104,31.57,59.05,1633621006232,"2021-10-07T21:06:46+05:30"
63,95,105,31.6,59.25,1633621037289,"2021-10-07T21:07:17+05:30"
73,112,125,31.6,59.57,1633621067786,"2021-10-07T21:07:47+05:30"
81,132,150,31.58,59.33,1633621098361,"2021-10-07T21:08:18+05:30"
78,122,135,31.56,59,1633621128945,"2021-10-07T21:08:48+05:30"
75,119,134,31.51,58.59,1633621159759,"2021-10-07T21:09:19+05:30"
80,127,143,31.53,58.21,1633621190277,"2021-10-07T21:09:50+05:30"
81,129,151,31.49,58.56,1633621220863,"2021-10-07T21:10:20+05:30"
81,127,146,31.46,58.83,1633621251644,"2021-10-07T21:10:51+05:30"
81,130,146,31.44,58.76,1633621282545,"2021-10-07T21:11:22+05:30"
82,127,140,31.43,58.82,1633621313097,"2021-10-07T21:11:53+05:30"
79,124,137,31.41,58.71,1633621343685,"2021-10-07T21:12:23+05:30"
80,124,132,31.38,58.72,1633621374362,"2021-10-07T21:12:54+05:30"
73,113,125,31.38,58.48,1633621404925,"2021-10-07T21:13:24+05:30"
69,105,116,31.4,58.47,1633621435468,"2021-10-07T21:13:55+05:30"
70,108,117,31.41,58.11,1633621466105,"2021-10-07T21:14:26+05:30"
68,106,119,31.35,58.57,1633621496714,"2021-10-07T21:14:56+05:30"
62,97,107,31.32,58.62,1633621527321,"2021-10-07T21:15:27+05:30"
62,94,102,31.32,58.68,1633621557859,"2021-10-07T21:15:57+05:30"
63,97,106,31.31,58.53,1633621588643,"2021-10-07T21:16:28+05:30"
60,88,98,31.35,58.88,1633621619048,"2021-10-07T21:16:59+05:30"
56,87,94,31.36,58.66,1633621649594,"2021-10-07T21:17:29+05:30"
55,83,89,31.34,58.68,1633621680190,"2021-10-07T21:18:00+05:30"
59,86,93,31.33,58.6,1633621710774,"2021-10-07T21:18:30+05:30"
57,88,94,31.32,58.38,1633621744344,"2021-10-07T21:19:04+05:30"
54,85,95,31.27,58.41,1633621774583,"2021-10-07T21:19:34+05:30"
64,97,110,31.2,58.38,1633621805040,"2021-10-07T21:20:05+05:30"
76,121,139,31.18,59.03,1633621835582,"2021-10-07T21:20:35+05:30"
85,141,160,31.15,59.12,1633621866199,"2021-10-07T21:21:06+05:30"
76,123,138,31.14,58.82,1633621896748,"2021-10-07T21:21:36+05:30"
76,121,136,31.13,58.06,1633621927347,"2021-10-07T21:22:07+05:30"
67,109,120,31.1,58.17,1633621957950,"2021-10-07T21:22:37+05:30"
79,127,150,31.17,58.22,1633621988778,"2021-10-07T21:23:08+05:30"
76,124,138,31.17,58.67,1633622067630,"2021-10-07T21:24:27+05:30"
71,115,136,31.15,58.77,1633622077602,"2021-10-07T21:24:37+05:30"
69,110,124,31.18,58.56,1633622108216,"2021-10-07T21:25:08+05:30"
61,95,102,31.13,58.71,1633622138798,"2021-10-07T21:25:38+05:30"
64,102,115,31.17,59.14,1633622169397,"2021-10-07T21:26:09+05:30"
65,104,117,31.21,59.26,1633622200000,"2021-10-07T21:26:40+05:30"
67,105,119,31.25,58.9,1633622230573,"2021-10-07T21:27:10+05:30"
74,114,129,31.28,59.1,1633622261210,"2021-10-07T21:27:41+05:30"
76,123,140,31.3,59.04,1633622291859,"2021-10-07T21:28:11+05:30"
85,140,162,31.33,59.6,1633622322453,"2021-10-07T21:28:42+05:30"
85,142,159,31.35,59.18,1633622353367,"2021-10-07T21:29:13+05:30"
80,129,147,31.44,58.88,1633622383826,"2021-10-07T21:29:43+05:30"
80,127,143,31.49,58.5,1633622414225,"2021-10-07T21:30:14+05:30"
78,120,133,31.47,58.71,1633622444866,"2021-10-07T21:30:44+05:30"
71,108,120,31.48,58.94,1633622475408,"2021-10-07T21:31:15+05:30"
67,104,117,31.46,59.23,1633622506114,"2021-10-07T21:31:46+05:30"
65,99,109,31.42,59.61,1633622536685,"2021-10-07T21:32:16+05:30"
65,97,105,31.35,59.39,1633622567199,"2021-10-07T21:32:47+05:30"
62,94,104,31.32,58.9,1633622597830,"2021-10-07T21:33:17+05:30"
63,94,101,31.28,59.26,1633622628395,"2021-10-07T21:33:48+05:30"
62,94,100,31.28,59.18,1633622659005,"2021-10-07T21:34:19+05:30"
62,95,104,31.28,59.53,1633622689576,"2021-10-07T21:34:49+05:30"
61,90,101,31.26,59.1,1633622720186,"2021-10-07T21:35:20+05:30"
60,90,103,31.3,59.09,1633622750772,"2021-10-07T21:35:50+05:30"
61,97,109,31.34,59.15,1633622781570,"2021-10-07T21:36:21+05:30"
64,98,110,31.39,59.32,1633622811945,"2021-10-07T21:36:51+05:30"
64,96,105,31.41,59.15,1633622842574,"2021-10-07T21:37:22+05:30"
65,100,111,31.43,59.5,1633622873124,"2021-10-07T21:37:53+05:30"
68,101,113,31.39,59.44,1633622903720,"2021-10-07T21:38:23+05:30"
66,98,107,31.26,59.39,1633622934436,"2021-10-07T21:38:54+05:30"
62,97,110,31.19,59.67,1633622968116,"2021-10-07T21:39:28+05:30"
64,95,106,31.13,59.86,1633622998209,"2021-10-07T21:39:58+05:30"
63,93,101,31.09,59.51,1633623028818,"2021-10-07T21:40:28+05:30"
62,91,101,31.18,59.63,1633623059402,"2021-10-07T21:40:59+05:30"
63,94,105,31.2,59.45,1633623090002,"2021-10-07T21:41:30+05:30"
64,98,110,31.22,59.31,1633623120639,"2021-10-07T21:42:00+05:30"
74,109,121,31.21,59.8,1633623151154,"2021-10-07T21:42:31+05:30"
68,102,112,31.16,59.7,1633623181819,"2021-10-07T21:43:01+05:30"
67,96,108,31.13,60.65,1633623212379,"2021-10-07T21:43:32+05:30"
66,97,109,31.12,59.24,1633623242968,"2021-10-07T21:44:02+05:30"
63,89,97,31.13,59.4,1633623273590,"2021-10-07T21:44:33+05:30"
61,89,97,31.12,59.71,1633623304213,"2021-10-07T21:45:04+05:30"
62,91,98,31.12,59.31,1633623334707,"2021-10-07T21:45:34+05:30"
62,93,101,31.12,59.19,1633623365381,"2021-10-07T21:46:05+05:30"
59,89,96,31.04,58.85,1633623395960,"2021-10-07T21:46:35+05:30"
60,91,98,31.11,58.7,1633623426576,"2021-10-07T21:47:06+05:30"
61,91,97,31.17,58.88,1633623457138,"2021-10-07T21:47:37+05:30"
58,87,92,31.21,58.9,1633623487716,"2021-10-07T21:48:07+05:30"
55,83,94,31.2,58.12,1633623518433,"2021-10-07T21:48:38+05:30"
55,86,97,31.2,58.76,1633623549000,"2021-10-07T21:49:09+05:30"
53,83,88,31.18,58.74,1633623579471,"2021-10-07T21:49:39+05:30"
54,82,89,31.13,59.21,1633623610048,"2021-10-07T21:50:10+05:30"
55,82,89,31.16,59.66,1633623640630,"2021-10-07T21:50:40+05:30"
54,83,92,31.21,59.6,1633623671244,"2021-10-07T21:51:11+05:30"
55,83,94,31.25,59.4,1633623701816,"2021-10-07T21:51:41+05:30"
54,83,91,31.18,58.53,1633623732372,"2021-10-07T21:52:12+05:30"
53,81,90,31.21,59.09,1633623763025,"2021-10-07T21:52:43+05:30"
51,82,92,31.26,58.19,1633623793571,"2021-10-07T21:53:13+05:30"
51,79,87,31.21,57.41,1633623824146,"2021-10-07T21:53:44+05:30"
56,88,100,31.37,57.23,1633623854720,"2021-10-07T21:54:14+05:30"
63,96,108,31.55,57.47,1633623886861,"2021-10-07T21:54:46+05:30"
56,86,100,31.53,58.37,1633623917414,"2021-10-07T21:55:17+05:30"
54,83,93,31.52,58.74,1633623948145,"2021-10-07T21:55:48+05:30"
54,78,89,31.46,58.08,1633623978545,"2021-10-07T21:56:18+05:30"
53,81,89,31.36,58.13,1633624009137,"2021-10-07T21:56:49+05:30"
64,92,103,31.36,58.44,1633624039705,"2021-10-07T21:57:19+05:30"
66,102,110,31.37,58.2,1633624070293,"2021-10-07T21:57:50+05:30"
65,102,112,31.41,58.77,1633624100883,"2021-10-07T21:58:20+05:30"
62,93,103,31.39,58.56,1633624131486,"2021-10-07T21:58:51+05:30"
65,98,109,31.36,58.3,1633624162301,"2021-10-07T21:59:22+05:30"
64,97,109,31.41,57.54,1633624192747,"2021-10-07T21:59:52+05:30"
67,103,113,31.41,57.81,1633624223442,"2021-10-07T22:00:23+05:30"
66,100,110,31.39,58.1,1633624253952,"2021-10-07T22:00:53+05:30"
60,90,100,31.41,57.91,1633624284539,"2021-10-07T22:01:24+05:30"
56,84,98,31.38,57.33,1633624315142,"2021-10-07T22:01:55+05:30"
53,81,89,31.39,58.06,1633624345808,"2021-10-07T22:02:25+05:30"
54,83,93,31.43,57.92,1633624376280,"2021-10-07T22:02:56+05:30"
56,87,95,31.47,58.01,1633624406877,"2021-10-07T22:03:26+05:30"
56,84,93,31.42,57.69,1633624437447,"2021-10-07T22:03:57+05:30"
57,84,94,31.39,57.86,1633624468029,"2021-10-07T22:04:28+05:30"
57,87,96,31.36,58.03,1633624498615,"2021-10-07T22:04:58+05:30"
54,84,94,31.41,58.48,1633624529190,"2021-10-07T22:05:29+05:30"
55,83,92,31.42,58.47,1633624559812,"2021-10-07T22:05:59+05:30"
56,83,93,31.4,58.32,1633624590348,"2021-10-07T22:06:30+05:30"
54,84,91,31.35,57.87,1633624620978,"2021-10-07T22:07:00+05:30"
53,84,94,31.35,58.22,1633624651505,"2021-10-07T22:07:31+05:30"
51,79,88,31.33,58.55,1633624682079,"2021-10-07T22:08:02+05:30"
51,76,84,31.35,58.61,1633624712667,"2021-10-07T22:08:32+05:30"
49,74,83,31.27,58.23,1633624743261,"2021-10-07T22:09:03+05:30"
48,75,85,31.15,58.2,1633624873294,"2021-10-07T22:11:13+05:30"
51,77,88,31.16,58.35,1633624888144,"2021-10-07T22:11:28+05:30"
51,80,93,31.14,57.9,1633624919272,"2021-10-07T22:11:59+05:30"
49,77,86,31.1,58.08,1633624949575,"2021-10-07T22:12:29+05:30"
48,73,82,31.13,58.18,1633624980182,"2021-10-07T22:13:00+05:30"
47,71,80,31.15,58.21,1633625010759,"2021-10-07T22:13:30+05:30"
47,72,84,31.22,58.79,1633625041659,"2021-10-07T22:14:01+05:30"
49,73,82,31.26,58.91,1633625072085,"2021-10-07T22:14:32+05:30"
50,77,85,31.23,59.3,1633625102500,"2021-10-07T22:15:02+05:30"
48,75,83,31.21,58.16,1633625133177,"2021-10-07T22:15:33+05:30"
45,71,81,31.26,58.95,1633625163776,"2021-10-07T22:16:03+05:30"
47,71,83,31.34,59.14,1633625194346,"2021-10-07T22:16:34+05:30"
47,72,81,31.37,58.76,1633625224897,"2021-10-07T22:17:04+05:30"
47,69,77,31.36,59.35,1633625255467,"2021-10-07T22:17:35+05:30"
48,74,83,31.3,60.2,1633625286084,"2021-10-07T22:18:06+05:30"
47,72,79,31.28,60.23,1633625316652,"2021-10-07T22:18:36+05:30"
48,72,79,31.32,59.62,1633625347218,"2021-10-07T22:19:07+05:30"
48,76,84,31.37,59.88,1633625377806,"2021-10-07T22:19:37+05:30"
46,72,81,31.47,60.2,1633625408453,"2021-10-07T22:20:08+05:30"
50,77,87,31.56,60.01,1633625438981,"2021-10-07T22:20:38+05:30"
51,76,87,31.65,60.03,1633625469794,"2021-10-07T22:21:09+05:30"
52,76,84,31.7,60.25,1633625500244,"2021-10-07T22:21:40+05:30"
52,77,85,31.67,59.64,1633625530775,"2021-10-07T22:22:10+05:30"
51,76,85,31.63,59.79,1633625561324,"2021-10-07T22:22:41+05:30"
53,82,88,31.64,59.49,1633625591986,"2021-10-07T22:23:11+05:30"
54,82,89,31.59,58.02,1633625622586,"2021-10-07T22:23:42+05:30"
53,80,92,31.59,58.33,1633625653154,"2021-10-07T22:24:13+05:30"
55,83,93,31.45,58.27,1633625683737,"2021-10-07T22:24:43+05:30"
56,86,97,31.34,58.59,1633625714318,"2021-10-07T22:25:14+05:30"
55,83,94,31.36,58.52,1633625744941,"2021-10-07T22:25:44+05:30"
56,85,95,31.38,59.4,1633625775605,"2021-10-07T22:26:15+05:30"
56,88,96,31.3,59.04,1633625805730,"2021-10-07T22:26:45+05:30"
55,84,93,31.27,59.4,1633625836295,"2021-10-07T22:27:16+05:30"
56,86,98,31.28,59.52,1633625866896,"2021-10-07T22:27:46+05:30"
59,88,98,31.37,59.55,1633625897535,"2021-10-07T22:28:17+05:30"
59,91,105,31.35,58.93,1633625928057,"2021-10-07T22:28:48+05:30"
61,97,108,31.3,59.05,1633625958641,"2021-10-07T22:29:18+05:30"
60,93,107,31.21,58.74,1633625989221,"2021-10-07T22:29:49+05:30"
58,90,102,31.26,58.64,1633626019826,"2021-10-07T22:30:19+05:30"
59,91,103,31.28,58.62,1633626050411,"2021-10-07T22:30:50+05:30"
60,93,103,31.23,58.77,1633626081005,"2021-10-07T22:31:21+05:30"
61,93,102,31.25,58.61,1633626111587,"2021-10-07T22:31:51+05:30"
62,97,113,31.26,59.03,1633626142195,"2021-10-07T22:32:22+05:30"
70,116,132,31.28,59.37,1633626172815,"2021-10-07T22:32:52+05:30"
76,126,144,31.35,59.15,1633626203368,"2021-10-07T22:33:23+05:30"
74,117,135,31.38,59.07,1633626233959,"2021-10-07T22:33:53+05:30"
71,114,133,31.4,59.03,1633626264664,"2021-10-07T22:34:24+05:30"
67,108,119,31.41,59.21,1633626295251,"2021-10-07T22:34:55+05:30"
66,103,123,31.45,58.93,1633626325869,"2021-10-07T22:35:25+05:30"
66,102,112,31.44,58.4,1633626356426,"2021-10-07T22:35:56+05:30"
62,96,108,31.41,58.72,1633626387022,"2021-10-07T22:36:27+05:30"
58,89,102,31.26,58.01,1633626417717,"2021-10-07T22:36:57+05:30"
63,96,110,31.23,58.87,1633626448310,"2021-10-07T22:37:28+05:30"
67,103,117,31.24,58.38,1633626478795,"2021-10-07T22:37:58+05:30"
66,102,111,31.16,58.77,1633626509353,"2021-10-07T22:38:29+05:30"
66,102,113,31.06,58.79,1633626539959,"2021-10-07T22:38:59+05:30"
66,102,114,31.05,59.29,1633626570547,"2021-10-07T22:39:30+05:30"
64,100,108,31.05,59.47,1633626601199,"2021-10-07T22:40:01+05:30"
65,100,109,31.02,59.41,1633626631754,"2021-10-07T22:40:31+05:30"
64,100,111,31.08,59.72,1633626662354,"2021-10-07T22:41:02+05:30"
66,98,110,31.04,58.9,1633626694635,"2021-10-07T22:41:34+05:30"
63,97,111,30.99,58.36,1633626724743,"2021-10-07T22:42:04+05:30"
62,96,109,31.01,57.95,1633626755350,"2021-10-07T22:42:35+05:30"
63,99,111,31.01,57.67,1633626785954,"2021-10-07T22:43:05+05:30"
63,101,116,30.99,58.33,1633626816518,"2021-10-07T22:43:36+05:30"
71,112,124,31,58.76,1633626847125,"2021-10-07T22:44:07+05:30"
72,113,124,30.94,59.22,1633626877739,"2021-10-07T22:44:37+05:30"
73,109,124,30.91,59.07,1633626908321,"2021-10-07T22:45:08+05:30"
67,105,118,30.86,57.8,1633626938892,"2021-10-07T22:45:38+05:30"
66,102,118,30.88,57.69,1633626969459,"2021-10-07T22:46:09+05:30"
66,102,111,30.88,57.42,1633627000091,"2021-10-07T22:46:40+05:30"
66,100,116,30.9,57.37,1633627030654,"2021-10-07T22:47:10+05:30"
66,105,115,30.91,58.16,1633627061239,"2021-10-07T22:47:41+05:30"
67,106,116,30.91,59.23,1633627091867,"2021-10-07T22:48:11+05:30"
69,106,116,30.91,59.17,1633627122464,"2021-10-07T22:48:42+05:30"
69,107,120,30.97,59.17,1633627153052,"2021-10-07T22:49:13+05:30"
68,107,121,30.98,58.8,1633627183607,"2021-10-07T22:49:43+05:30"
68,106,115,30.95,59.18,1633627214222,"2021-10-07T22:50:14+05:30"
66,101,111,30.95,59,1633627245010,"2021-10-07T22:50:45+05:30"
66,101,109,30.92,58.69,1633627275435,"2021-10-07T22:51:15+05:30"
65,100,109,30.85,58.8,1633627305976,"2021-10-07T22:51:45+05:30"
63,98,112,30.85,58.54,1633627336589,"2021-10-07T22:52:16+05:30"
63,95,108,30.88,59.26,1633627367194,"2021-10-07T22:52:47+05:30"
61,94,106,30.95,59.55,1633627397754,"2021-10-07T22:53:17+05:30"
61,92,102,31.01,59.44,1633627428353,"2021-10-07T22:53:48+05:30"
60,92,101,30.99,58.79,1633627459264,"2021-10-07T22:54:19+05:30"
62,94,101,30.94,58.76,1633627489610,"2021-10-07T22:54:49+05:30"
60,92,101,30.87,58.77,1633627520257,"2021-10-07T22:55:20+05:30"
59,91,102,30.83,59.26,1633627550744,"2021-10-07T22:55:50+05:30"
60,92,101,30.86,59.74,1633627579048,"2021-10-07T22:56:19+05:30"
60,92,99,30.9,59.46,1633627610339,"2021-10-07T22:56:50+05:30"
60,92,99,30.92,59.3,1633627640279,"2021-10-07T22:57:20+05:30"
59,91,100,30.9,59.18,1633627671009,"2021-10-07T22:57:51+05:30"
56,84,91,30.91,58.9,1633627702375,"2021-10-07T22:58:22+05:30"
58,87,97,30.93,59.08,1633627732321,"2021-10-07T22:58:52+05:30"
57,86,96,30.94,58.93,1633627762874,"2021-10-07T22:59:22+05:30"
59,87,97,30.99,58.9,1633627793508,"2021-10-07T22:59:53+05:30"
58,87,100,31.05,58.62,1633627824095,"2021-10-07T23:00:24+05:30"
60,94,109,31.1,58.63,1633627854620,"2021-10-07T23:00:54+05:30"
63,96,108,31.11,58.71,1633627885213,"2021-10-07T23:01:25+05:30"
62,97,108,31.17,58.79,1633627915821,"2021-10-07T23:01:55+05:30"
62,97,110,31.2,59.07,1633627946376,"2021-10-07T23:02:26+05:30"
62,93,107,31.18,58.87,1633627976987,"2021-10-07T23:02:56+05:30"
61,96,104,31.09,58.85,1633628007590,"2021-10-07T23:03:27+05:30"
60,93,100,31.05,58.96,1633628038198,"2021-10-07T23:03:58+05:30"
61,93,105,31.04,58.82,1633628068757,"2021-10-07T23:04:28+05:30"
60,90,101,31.07,58.54,1633628099345,"2021-10-07T23:04:59+05:30"
64,97,109,31.1,58.57,1633628129989,"2021-10-07T23:05:29+05:30"
64,96,108,31.12,58.92,1633628160560,"2021-10-07T23:06:00+05:30"
63,95,106,31.12,58.78,1633628191283,"2021-10-07T23:06:31+05:30"
62,97,109,31.12,58.58,1633628221721,"2021-10-07T23:07:01+05:30"
62,95,103,31.08,58.77,1633628252345,"2021-10-07T23:07:32+05:30"
64,97,109,31.09,58.9,1633628282910,"2021-10-07T23:08:02+05:30"
61,97,108,31.06,59.23,1633628313520,"2021-10-07T23:08:33+05:30"
62,95,106,30.97,59.5,1633628344099,"2021-10-07T23:09:04+05:30"
62,95,106,30.96,59.83,1633628374718,"2021-10-07T23:09:34+05:30"
63,99,113,30.92,59.47,1633628405280,"2021-10-07T23:10:05+05:30"
63,95,108,30.87,58.77,1633628435882,"2021-10-07T23:10:35+05:30"
62,96,104,30.93,59.1,1633628466828,"2021-10-07T23:11:06+05:30"
59,91,98,30.89,58.88,1633628496267,"2021-10-07T23:11:36+05:30"
60,91,99,30.88,59.13,1633628526389,"2021-10-07T23:12:06+05:30"
60,93,102,30.9,58.05,1633628556926,"2021-10-07T23:12:36+05:30"
58,89,99,30.9,57.93,1633628587496,"2021-10-07T23:13:07+05:30"
63,101,121,31.02,58.57,1633628618123,"2021-10-07T23:13:38+05:30"
64,107,129,31.16,58.29,1633628650279,"2021-10-07T23:14:10+05:30"
65,105,124,31.25,58.02,1633628679263,"2021-10-07T23:14:39+05:30"
63,102,126,31.31,57.91,1633628709885,"2021-10-07T23:15:09+05:30"
64,106,126,31.35,57.9,1633628740490,"2021-10-07T23:15:40+05:30"
64,108,131,31.39,57.92,1633628771101,"2021-10-07T23:16:11+05:30"
63,106,121,31.42,57.83,1633628801663,"2021-10-07T23:16:41+05:30"
63,102,120,31.44,57.95,1633628832265,"2021-10-07T23:17:12+05:30"
62,106,122,31.47,57.96,1633628862851,"2021-10-07T23:17:42+05:30"
59,97,118,31.47,57.94,1633628893429,"2021-10-07T23:18:13+05:30"
62,102,119,31.49,58.04,1633628924048,"2021-10-07T23:18:44+05:30"
62,101,116,31.5,58.04,1633628954617,"2021-10-07T23:19:14+05:30"
61,98,111,31.5,58.08,1633628985253,"2021-10-07T23:19:45+05:30"
62,103,115,31.51,58.13,1633629015811,"2021-10-07T23:20:15+05:30"
61,97,112,31.51,58.16,1633629046390,"2021-10-07T23:20:46+05:30"
60,94,109,31.51,58.2,1633629077004,"2021-10-07T23:21:17+05:30"
59,93,112,31.51,58.12,1633629107594,"2021-10-07T23:21:47+05:30"
58,91,105,31.52,58.23,1633629138186,"2021-10-07T23:22:18+05:30"
59,91,105,31.52,58.18,1633629171333,"2021-10-07T23:22:51+05:30"
61,94,106,31.52,58.28,1633629199359,"2021-10-07T23:23:19+05:30"
58,93,104,31.53,58.31,1633629229966,"2021-10-07T23:23:49+05:30"
58,90,102,31.53,58.3,1633629260574,"2021-10-07T23:24:20+05:30"
56,92,104,31.52,58.33,1633629291141,"2021-10-07T23:24:51+05:30"
56,89,99,31.52,58.37,1633629321871,"2021-10-07T23:25:21+05:30"
57,89,99,31.51,58.45,1633629352336,"2021-10-07T23:25:52+05:30"
57,91,103,31.51,58.54,1633629381392,"2021-10-07T23:26:21+05:30"
56,88,101,31.52,58.46,1633629411688,"2021-10-07T23:26:51+05:30"
57,88,102,31.51,58.24,1633629442236,"2021-10-07T23:27:22+05:30"
55,86,97,31.5,58.26,1633629472820,"2021-10-07T23:27:52+05:30"
58,90,98,31.5,58.53,1633629503401,"2021-10-07T23:28:23+05:30"
58,89,100,31.5,58.59,1633629534005,"2021-10-07T23:28:54+05:30"
58,90,101,31.5,58.5,1633629564586,"2021-10-07T23:29:24+05:30"
56,87,96,31.5,58.56,1633629595280,"2021-10-07T23:29:55+05:30"
55,86,98,31.51,58.64,1633629625808,"2021-10-07T23:30:25+05:30"
58,88,98,31.51,58.65,1633629656459,"2021-10-07T23:30:56+05:30"
56,86,96,31.51,58.74,1633629687025,"2021-10-07T23:31:27+05:30"
55,86,95,31.52,58.77,1633629717587,"2021-10-07T23:31:57+05:30"
56,88,98,31.51,58.63,1633629748252,"2021-10-07T23:32:28+05:30"
56,89,96,31.5,58.47,1633629778726,"2021-10-07T23:32:58+05:30"
56,84,92,31.51,58.72,1633629809357,"2021-10-07T23:33:29+05:30"
55,83,89,31.51,58.86,1633629839895,"2021-10-07T23:33:59+05:30"
56,85,95,31.51,58.55,1633629870461,"2021-10-07T23:34:30+05:30"
56,82,91,31.5,58.39,1633629901089,"2021-10-07T23:35:01+05:30"
57,87,94,31.5,58.44,1633629931657,"2021-10-07T23:35:31+05:30"
56,87,95,31.5,58.66,1633629962212,"2021-10-07T23:36:02+05:30"
56,84,93,31.5,58.6,1633629992788,"2021-10-07T23:36:32+05:30"
55,84,93,31.49,58.52,1633630023422,"2021-10-07T23:37:03+05:30"
56,86,93,31.49,58.81,1633630053999,"2021-10-07T23:37:33+05:30"
56,83,95,31.49,58.8,1633630084582,"2021-10-07T23:38:04+05:30"
54,84,92,31.5,58.78,1633630115105,"2021-10-07T23:38:35+05:30"
57,85,98,31.5,58.58,1633630145706,"2021-10-07T23:39:05+05:30"
56,83,91,31.49,58.41,1633630176295,"2021-10-07T23:39:36+05:30"
56,83,91,31.5,58.74,1633630206875,"2021-10-07T23:40:06+05:30"
56,83,91,31.5,58.9,1633630237442,"2021-10-07T23:40:37+05:30"
56,84,89,31.5,58.84,1633630268296,"2021-10-07T23:41:08+05:30"
54,83,91,31.5,58.86,1633630298853,"2021-10-07T23:41:38+05:30"
54,81,87,31.5,58.81,1633630329277,"2021-10-07T23:42:09+05:30"
54,85,93,31.5,58.73,1633630360366,"2021-10-07T23:42:40+05:30"
54,83,89,31.5,58.77,1633630390840,"2021-10-07T23:43:10+05:30"
55,84,91,31.5,58.88,1633630421456,"2021-10-07T23:43:41+05:30"
56,82,90,31.49,58.87,1633630453154,"2021-10-07T23:44:13+05:30"
54,79,87,31.5,58.83,1633630484007,"2021-10-07T23:44:44+05:30"
54,83,92,31.49,58.68,1633630514644,"2021-10-07T23:45:14+05:30"
52,80,86,31.48,58.68,1633630545510,"2021-10-07T23:45:45+05:30"
54,81,85,31.48,58.54,1633630575969,"2021-10-07T23:46:15+05:30"
52,80,87,31.48,58.7,1633630606534,"2021-10-07T23:46:46+05:30"
53,79,88,31.48,58.75,1633630637222,"2021-10-07T23:47:17+05:30"
54,82,92,31.48,58.87,1633630668225,"2021-10-07T23:47:48+05:30"
54,80,88,31.48,58.95,1633630698790,"2021-10-07T23:48:18+05:30"
53,80,89,31.49,58.92,1633630729606,"2021-10-07T23:48:49+05:30"
54,81,89,31.48,58.94,1633630759966,"2021-10-07T23:49:19+05:30"
52,80,88,31.49,59.02,1633630790710,"2021-10-07T23:49:50+05:30"
53,79,86,31.49,58.97,1633630821161,"2021-10-07T23:50:21+05:30"
54,80,85,31.49,59.07,1633630851723,"2021-10-07T23:50:51+05:30"
52,78,85,31.48,59,1633630882311,"2021-10-07T23:51:22+05:30"
54,79,86,31.47,58.97,1633630912974,"2021-10-07T23:51:52+05:30"
51,79,86,31.47,59.11,1633630943579,"2021-10-07T23:52:23+05:30"
52,80,85,31.46,58.99,1633630974052,"2021-10-07T23:52:54+05:30"
55,83,90,31.47,59.02,1633631004691,"2021-10-07T23:53:24+05:30"
53,79,87,31.47,58.99,1633631035236,"2021-10-07T23:53:55+05:30"
53,80,86,31.47,58.55,1633631065834,"2021-10-07T23:54:25+05:30"
52,78,83,31.48,58.79,1633631096490,"2021-10-07T23:54:56+05:30"
51,75,81,31.47,58.53,1633631128644,"2021-10-07T23:55:28+05:30"
55,82,90,31.47,58.79,1633631160328,"2021-10-07T23:56:00+05:30"
55,82,90,31.47,58.79,1633631162479,"2021-10-07T23:56:02+05:30"
55,82,90,31.47,58.79,1633631164237,"2021-10-07T23:56:04+05:30"
52,80,89,31.47,58.79,1633631188958,"2021-10-07T23:56:28+05:30"
52,79,86,31.47,58.91,1633631219172,"2021-10-07T23:56:59+05:30"
55,82,88,31.47,59.12,1633631249840,"2021-10-07T23:57:29+05:30"
53,79,83,31.46,58.96,1633631280414,"2021-10-07T23:58:00+05:30"
54,79,86,31.46,59.07,1633631311066,"2021-10-07T23:58:31+05:30"
52,77,84,31.46,59.26,1633631341609,"2021-10-07T23:59:01+05:30"
54,79,84,31.46,59.18,1633631372440,"2021-10-07T23:59:32+05:30"