"pm1_0","pm2_5","pm10","temp","humid","createdAt","localtime"
92,142,154,27.99,48.1,1634185331764,"2021-10-14T09:52:11+05:30"
91,144,156,28.15,48.78,1634185342406,"2021-10-14T09:52:22+05:30"
91,143,163,28.29,48.6,1634185372807,"2021-10-14T09:52:52+05:30"
95,149,172,28.45,47.48,1634185403409,"2021-10-14T09:53:23+05:30"
98,155,174,28.55,47.44,1634185434101,"2021-10-14T09:53:54+05:30"
97,156,175,28.66,47.52,1634185464620,"2021-10-14T09:54:24+05:30"
93,152,171,28.82,47.65,1634185495191,"2021-10-14T09:54:55+05:30"
115,183,204,28.93,47.49,1634185525923,"2021-10-14T09:55:25+05:30"
105,170,193,29.07,48.43,1634185556501,"2021-10-14T09:55:56+05:30"
107,168,190,29.14,47.16,1634185587082,"2021-10-14T09:56:27+05:30"
128,195,211,29.18,46.77,1634185617652,"2021-10-14T09:56:57+05:30"
130,203,226,29.22,46.22,1634185648234,"2021-10-14T09:57:28+05:30"
97,152,168,29.22,45.35,1634185678820,"2021-10-14T09:57:58+05:30"
97,151,172,29.26,45.48,1634185709416,"2021-10-14T09:58:29+05:30"
102,158,175,29.36,46.41,1634185739993,"2021-10-14T09:58:59+05:30"
102,152,166,29.39,45.33,1634185770563,"2021-10-14T09:59:30+05:30"
94,145,165,29.42,45.42,1634185801221,"2021-10-14T10:00:01+05:30"
95,149,168,29.48,45.92,1634185831841,"2021-10-14T10:00:31+05:30"
98,155,176,29.55,46.61,1634185862422,"2021-10-14T10:01:02+05:30"
97,151,170,29.58,45.4,1634185893060,"2021-10-14T10:01:33+05:30"
85,140,161,29.59,44.83,1634185923576,"2021-10-14T10:02:03+05:30"
84,132,147,29.59,45.03,1634185954178,"2021-10-14T10:02:34+05:30"
89,141,154,29.69,45.87,1634185984765,"2021-10-14T10:03:04+05:30"
89,136,149,29.69,44.79,1634186015344,"2021-10-14T10:03:35+05:30"
86,133,142,29.69,44.96,1634186045911,"2021-10-14T10:04:05+05:30"
89,139,153,29.71,45.87,1634186076488,"2021-10-14T10:04:36+05:30"
89,135,149,29.67,44.99,1634186107096,"2021-10-14T10:05:07+05:30"
92,141,157,29.73,46.36,1634186137655,"2021-10-14T10:05:37+05:30"
91,145,159,29.74,45.92,1634186168221,"2021-10-14T10:06:08+05:30"
92,143,158,29.8,45.95,1634186198829,"2021-10-14T10:06:38+05:30"
84,131,140,29.76,44.15,1634186232543,"2021-10-14T10:07:12+05:30"
84,129,138,29.74,44.56,1634186262711,"2021-10-14T10:07:42+05:30"
85,129,141,29.69,43.34,1634186293289,"2021-10-14T10:08:13+05:30"
82,124,133,29.6,43.44,1634186323787,"2021-10-14T10:08:43+05:30"
84,130,141,29.6,43.63,1634186354387,"2021-10-14T10:09:14+05:30"
83,124,140,29.53,43.43,1634186384965,"2021-10-14T10:09:44+05:30"
84,127,143,29.56,44.96,1634186415644,"2021-10-14T10:10:15+05:30"
84,129,140,29.66,44.67,1634186446134,"2021-10-14T10:10:46+05:30"
83,128,140,29.63,43.9,1634186476752,"2021-10-14T10:11:16+05:30"
85,131,147,29.67,44.92,1634186507304,"2021-10-14T10:11:47+05:30"
87,131,145,29.66,43.57,1634186537865,"2021-10-14T10:12:17+05:30"
85,132,148,29.71,45.45,1634186568432,"2021-10-14T10:12:48+05:30"
88,134,148,29.79,45.78,1634186599046,"2021-10-14T10:13:19+05:30"
90,135,148,29.78,44.3,1634186629622,"2021-10-14T10:13:49+05:30"
86,135,155,29.78,44.78,1634186660225,"2021-10-14T10:14:20+05:30"
82,125,140,29.78,44.73,1634186690802,"2021-10-14T10:14:50+05:30"
84,132,147,29.82,44.16,1634186721367,"2021-10-14T10:15:21+05:30"
84,128,141,29.85,45.14,1634186751982,"2021-10-14T10:15:51+05:30"
84,131,141,29.94,45.57,1634186782524,"2021-10-14T10:16:22+05:30"
86,132,149,29.98,45.74,1634186813112,"2021-10-14T10:16:53+05:30"
88,135,151,30,44.64,1634186843697,"2021-10-14T10:17:23+05:30"
87,133,151,29.95,43.99,1634186874284,"2021-10-14T10:17:54+05:30"
95,146,164,29.95,44.88,1634186904892,"2021-10-14T10:18:24+05:30"
87,133,143,30.01,46.11,1634186935664,"2021-10-14T10:18:55+05:30"
88,135,149,30.01,44.93,1634186956254,"2021-10-14T10:19:16+05:30"
86,132,146,30.06,45.38,1634186986978,"2021-10-14T10:19:46+05:30"
88,134,146,29.95,42.93,1634187017503,"2021-10-14T10:20:17+05:30"
83,129,143,29.9,42.98,1634187048098,"2021-10-14T10:20:48+05:30"
81,124,133,29.91,42.72,1634187078671,"2021-10-14T10:21:18+05:30"
91,143,157,29.89,43.31,1634187109235,"2021-10-14T10:21:49+05:30"
89,135,146,29.95,45.21,1634187139437,"2021-10-14T10:22:19+05:30"
85,133,147,30.03,44.87,1634187169722,"2021-10-14T10:22:49+05:30"
87,136,149,30.01,44.47,1634187200295,"2021-10-14T10:23:20+05:30"
95,145,162,30.01,43.88,1634187230861,"2021-10-14T10:23:50+05:30"
94,143,161,29.95,43.46,1634187261453,"2021-10-14T10:24:21+05:30"
100,157,173,29.87,42.49,1634187292041,"2021-10-14T10:24:52+05:30"
93,142,163,29.94,45.01,1634187322623,"2021-10-14T10:25:22+05:30"
96,149,166,29.96,44.05,1634187353201,"2021-10-14T10:25:53+05:30"
109,170,189,29.92,43.43,1634187383786,"2021-10-14T10:26:23+05:30"
113,177,193,29.97,44.14,1634187414364,"2021-10-14T10:26:54+05:30"
107,168,189,29.94,42.74,1634187444961,"2021-10-14T10:27:24+05:30"
106,164,177,29.92,43.06,1634187475558,"2021-10-14T10:27:55+05:30"
106,167,184,29.89,43.39,1634187506147,"2021-10-14T10:28:26+05:30"
96,147,162,29.99,45.13,1634187536729,"2021-10-14T10:28:56+05:30"
93,143,158,30.08,44.97,1634187567311,"2021-10-14T10:29:27+05:30"
91,141,151,30.12,44.64,1634187597871,"2021-10-14T10:29:57+05:30"
88,136,146,30.11,43.13,1634187628497,"2021-10-14T10:30:28+05:30"
88,134,147,30.09,44.11,1634187659073,"2021-10-14T10:30:59+05:30"
89,140,161,30.11,44.24,1634187689645,"2021-10-14T10:31:29+05:30"
101,156,174,30.1,43.84,1634187720218,"2021-10-14T10:32:00+05:30"
93,144,161,29.99,43.14,1634187750810,"2021-10-14T10:32:30+05:30"
88,135,146,29.89,42.26,1634187781392,"2021-10-14T10:33:01+05:30"
85,133,142,29.85,43.23,1634187811964,"2021-10-14T10:33:31+05:30"
85,133,145,29.86,44.31,1634187842529,"2021-10-14T10:34:02+05:30"
83,131,147,29.81,42.86,1634187873334,"2021-10-14T10:34:33+05:30"
85,132,145,29.76,42.21,1634187903718,"2021-10-14T10:35:03+05:30"
84,132,147,29.76,44.12,1634187934287,"2021-10-14T10:35:34+05:30"
86,137,150,29.78,42.59,1634187964869,"2021-10-14T10:36:04+05:30"
86,133,149,29.81,44.5,1634187995436,"2021-10-14T10:36:35+05:30"
103,159,174,29.82,44.94,1634188053825,"2021-10-14T10:37:33+05:30"
106,165,183,29.82,44.79,1634188083944,"2021-10-14T10:38:03+05:30"
102,161,180,29.89,45.44,1634188114553,"2021-10-14T10:38:34+05:30"
108,170,191,29.84,45.29,1634188145143,"2021-10-14T10:39:05+05:30"
106,172,203,29.88,43.38,1634188175734,"2021-10-14T10:39:35+05:30"
110,194,244,29.9,44.69,1634188206331,"2021-10-14T10:40:06+05:30"
109,207,284,29.99,43.69,1634188237002,"2021-10-14T10:40:37+05:30"
110,193,231,29.94,41.48,1634188267583,"2021-10-14T10:41:07+05:30"
102,194,264,29.97,42.51,1634188298165,"2021-10-14T10:41:38+05:30"
102,180,217,29.94,40.42,1634188328753,"2021-10-14T10:42:08+05:30"
106,183,217,29.9,42.12,1634188359327,"2021-10-14T10:42:39+05:30"
107,177,205,29.86,41.53,1634188390076,"2021-10-14T10:43:10+05:30"
96,151,172,29.86,40.14,1634188420549,"2021-10-14T10:43:40+05:30"
95,155,171,29.88,39.5,1634188451114,"2021-10-14T10:44:11+05:30"
92,147,170,29.88,40.53,1634188481765,"2021-10-14T10:44:41+05:30"
90,145,168,29.9,40.83,1634188512362,"2021-10-14T10:45:12+05:30"
89,144,163,29.93,41.22,1634188542853,"2021-10-14T10:45:42+05:30"
89,148,172,29.89,40.77,1634188573467,"2021-10-14T10:46:13+05:30"
88,143,164,29.88,40.33,1634188604016,"2021-10-14T10:46:44+05:30"
82,137,152,29.88,39.72,1634188634597,"2021-10-14T10:47:14+05:30"
82,132,150,29.92,40.39,1634188665193,"2021-10-14T10:47:45+05:30"
84,134,150,29.92,40.73,1634188695770,"2021-10-14T10:48:15+05:30"
89,146,162,29.94,39.89,1634188726340,"2021-10-14T10:48:46+05:30"
88,145,159,29.91,37.9,1634188757030,"2021-10-14T10:49:17+05:30"
91,144,165,29.88,37.83,1634188787522,"2021-10-14T10:49:47+05:30"
92,147,166,29.9,38.92,1634188818130,"2021-10-14T10:50:18+05:30"
92,148,163,29.9,38.6,1634188848671,"2021-10-14T10:50:48+05:30"
93,147,165,29.89,38.49,1634188879240,"2021-10-14T10:51:19+05:30"
96,157,177,29.87,37.97,1634188909848,"2021-10-14T10:51:49+05:30"
92,149,163,29.88,38.34,1634188937004,"2021-10-14T10:52:17+05:30"
95,153,166,29.88,38.88,1634188967769,"2021-10-14T10:52:47+05:30"
92,149,167,29.91,39.31,1634188998330,"2021-10-14T10:53:18+05:30"
98,161,184,29.94,39.06,1634189029052,"2021-10-14T10:53:49+05:30"
99,160,179,29.94,39.92,1634189059472,"2021-10-14T10:54:19+05:30"
96,150,167,30.04,39.51,1634189090099,"2021-10-14T10:54:50+05:30"
95,147,161,30.07,38.95,1634189120658,"2021-10-14T10:55:20+05:30"
98,154,168,30.09,38.28,1634189151255,"2021-10-14T10:55:51+05:30"
104,168,184,30.01,37.34,1634189181809,"2021-10-14T10:56:21+05:30"
95,151,167,29.97,37.23,1634189212414,"2021-10-14T10:56:52+05:30"
99,164,180,29.93,37.33,1634189243005,"2021-10-14T10:57:23+05:30"
100,159,172,29.96,37.82,1634189273571,"2021-10-14T10:57:53+05:30"
102,163,174,29.99,38.36,1634189304382,"2021-10-14T10:58:24+05:30"
156,236,259,30.12,39.97,1634189334848,"2021-10-14T10:58:54+05:30"
279,575,689,30.24,39.83,1634189365455,"2021-10-14T10:59:25+05:30"
165,290,331,30.24,38.03,1634189396003,"2021-10-14T10:59:56+05:30"
159,272,306,30.15,37.85,1634189426633,"2021-10-14T11:00:26+05:30"
294,629,723,30.24,40.29,1634189457194,"2021-10-14T11:00:57+05:30"
215,404,464,30.3,38.86,1634189487780,"2021-10-14T11:01:27+05:30"
200,364,425,30.37,38.34,1634189518470,"2021-10-14T11:01:58+05:30"
179,326,368,30.38,38,1634189548963,"2021-10-14T11:02:28+05:30"
147,258,300,30.33,37.58,1634189579549,"2021-10-14T11:02:59+05:30"
198,371,426,30.37,39.7,1634189610109,"2021-10-14T11:03:30+05:30"
196,390,458,30.38,38.81,1634189640695,"2021-10-14T11:04:00+05:30"
215,425,493,30.4,39.83,1634189671255,"2021-10-14T11:04:31+05:30"
141,246,281,30.39,36.94,1634189701848,"2021-10-14T11:05:01+05:30"
142,247,281,30.31,37.48,1634189732442,"2021-10-14T11:05:32+05:30"
130,218,246,30.26,36.61,1634189763114,"2021-10-14T11:06:03+05:30"
150,270,313,30.3,38.15,1634189793769,"2021-10-14T11:06:33+05:30"
185,339,401,30.34,38.93,1634189824248,"2021-10-14T11:07:04+05:30"
155,278,312,30.36,37.67,1634189853063,"2021-10-14T11:07:33+05:30"
160,283,328,30.32,38.3,1634189883230,"2021-10-14T11:08:03+05:30"
175,308,354,30.37,38.49,1634189913749,"2021-10-14T11:08:33+05:30"
164,294,333,30.38,38.5,1634189944352,"2021-10-14T11:09:04+05:30"
157,273,303,30.38,38.75,1634189974929,"2021-10-14T11:09:34+05:30"
146,257,290,30.37,37.95,1634190005618,"2021-10-14T11:10:05+05:30"
125,212,237,30.33,36.47,1634190036213,"2021-10-14T11:10:36+05:30"
124,210,237,30.29,36.88,1634190066803,"2021-10-14T11:11:06+05:30"
126,209,228,30.31,37.13,1634190097461,"2021-10-14T11:11:37+05:30"
102,162,177,30.33,36.57,1634190127978,"2021-10-14T11:12:07+05:30"
105,165,180,30.36,36.78,1634190158588,"2021-10-14T11:12:38+05:30"
123,202,229,30.46,38.03,1634190189170,"2021-10-14T11:13:09+05:30"
126,204,223,30.51,39.19,1634190219754,"2021-10-14T11:13:39+05:30"
128,213,233,30.59,38.85,1634190250358,"2021-10-14T11:14:10+05:30"
120,193,218,30.64,38.92,1634190280945,"2021-10-14T11:14:40+05:30"
113,174,196,30.57,38.18,1634190311542,"2021-10-14T11:15:11+05:30"
104,169,190,30.52,37.29,1634190342136,"2021-10-14T11:15:42+05:30"
95,152,174,30.48,35.91,1634190372733,"2021-10-14T11:16:12+05:30"
100,165,186,30.49,37.99,1634190403299,"2021-10-14T11:16:43+05:30"
86,138,151,30.48,35.42,1634190434089,"2021-10-14T11:17:14+05:30"
107,173,192,30.54,38.6,1634190464465,"2021-10-14T11:17:44+05:30"
112,179,198,30.56,38.3,1634190495055,"2021-10-14T11:18:15+05:30"
94,151,170,30.53,35.99,1634190525800,"2021-10-14T11:18:45+05:30"
105,165,185,30.53,37.65,1634190556239,"2021-10-14T11:19:16+05:30"
188,312,362,30.59,38.03,1634190586865,"2021-10-14T11:19:46+05:30"
136,222,261,30.62,38.65,1634190617444,"2021-10-14T11:20:17+05:30"
190,330,377,30.67,39.18,1634190648044,"2021-10-14T11:20:48+05:30"
148,256,289,30.66,38.49,1634190678627,"2021-10-14T11:21:18+05:30"
211,404,461,30.64,38.94,1634190709295,"2021-10-14T11:21:49+05:30"
243,576,698,30.64,39.11,1634190734498,"2021-10-14T11:22:14+05:30"
269,610,736,30.69,39.75,1634190764596,"2021-10-14T11:22:44+05:30"
225,504,606,30.74,38.34,1634190795190,"2021-10-14T11:23:15+05:30"
213,494,610,30.66,38.37,1634190825824,"2021-10-14T11:23:45+05:30"
202,461,556,30.68,38.25,1634190856375,"2021-10-14T11:24:16+05:30"
125,220,257,30.69,36.69,1634190886967,"2021-10-14T11:24:46+05:30"
126,229,262,30.68,36.38,1634190917570,"2021-10-14T11:25:17+05:30"
203,532,665,30.66,37.85,1634190948164,"2021-10-14T11:25:48+05:30"
272,1129,1545,30.71,39.3,1634190978784,"2021-10-14T11:26:18+05:30"
181,432,530,30.65,36.51,1634191009443,"2021-10-14T11:26:49+05:30"
193,442,543,30.58,36.6,1634191040052,"2021-10-14T11:27:20+05:30"
244,687,863,30.56,37.35,1634191070585,"2021-10-14T11:27:50+05:30"
193,413,496,30.58,36.47,1634191101168,"2021-10-14T11:28:21+05:30"
186,380,453,30.58,34.93,1634191131785,"2021-10-14T11:28:51+05:30"
150,304,363,30.58,34.9,1634191162405,"2021-10-14T11:29:22+05:30"
182,415,508,30.62,35.05,1634191192947,"2021-10-14T11:29:52+05:30"
214,557,696,30.63,35.77,1634191223540,"2021-10-14T11:30:23+05:30"
130,248,293,30.59,33.83,1634191254166,"2021-10-14T11:30:54+05:30"
137,267,317,30.54,33.47,1634191284739,"2021-10-14T11:31:24+05:30"
205,469,565,30.56,35.21,1634191315325,"2021-10-14T11:31:55+05:30"
147,288,336,30.53,34.3,1634191345904,"2021-10-14T11:32:25+05:30"
157,323,376,30.52,34.64,1634191376525,"2021-10-14T11:32:56+05:30"
175,353,423,30.5,34.66,1634191407294,"2021-10-14T11:33:27+05:30"
239,702,896,30.5,35.73,1634191437703,"2021-10-14T11:33:57+05:30"
210,473,582,30.47,33.73,1634191468379,"2021-10-14T11:34:28+05:30"
254,651,808,30.54,36.76,1634191498922,"2021-10-14T11:34:58+05:30"
252,695,852,30.59,36.32,1634191529522,"2021-10-14T11:35:29+05:30"
208,644,837,30.57,35.14,1634191560127,"2021-10-14T11:36:00+05:30"
194,446,533,30.54,33.67,1634191590697,"2021-10-14T11:36:30+05:30"
248,795,1013,30.56,36.57,1634191621301,"2021-10-14T11:37:01+05:30"
185,525,668,30.56,34.33,1634191653205,"2021-10-14T11:37:33+05:30"
184,405,491,30.58,33.9,1634191683340,"2021-10-14T11:38:03+05:30"
150,302,361,30.58,33.5,1634191713888,"2021-10-14T11:38:33+05:30"
201,441,539,30.61,33.86,1634191744485,"2021-10-14T11:39:04+05:30"
153,307,357,30.6,33.46,1634191775069,"2021-10-14T11:39:35+05:30"
186,412,498,30.63,33.64,1634191805654,"2021-10-14T11:40:05+05:30"
196,473,589,30.66,33.61,1634191836331,"2021-10-14T11:40:36+05:30"
122,233,269,30.58,32.93,1634191866929,"2021-10-14T11:41:06+05:30"
223,540,649,30.57,34.5,1634191897533,"2021-10-14T11:41:37+05:30"
256,741,929,30.58,35.58,1634191928112,"2021-10-14T11:42:08+05:30"
275,893,1131,30.68,36.27,1634191958711,"2021-10-14T11:42:38+05:30"
226,584,718,30.69,35.23,1634191989304,"2021-10-14T11:43:09+05:30"
225,533,660,30.72,35.35,1634192019902,"2021-10-14T11:43:39+05:30"
165,329,387,30.73,32.45,1634192050486,"2021-10-14T11:44:10+05:30"
237,653,811,30.76,33.82,1634192081078,"2021-10-14T11:44:41+05:30"
200,465,559,30.72,33.1,1634192111689,"2021-10-14T11:45:11+05:30"
211,519,627,30.71,33.68,1634192142547,"2021-10-14T11:45:42+05:30"
243,690,861,30.69,34.83,1634192172870,"2021-10-14T11:46:12+05:30"
224,619,760,30.7,33.65,1634192203430,"2021-10-14T11:46:43+05:30"
232,560,684,30.71,33.53,1634192234005,"2021-10-14T11:47:14+05:30"
249,718,910,30.77,34.23,1634192264597,"2021-10-14T11:47:44+05:30"
269,909,1154,30.78,35.77,1634192295199,"2021-10-14T11:48:15+05:30"
283,956,1232,30.8,36.28,1634192325786,"2021-10-14T11:48:45+05:30"
273,1202,1606,30.83,37.56,1634192356417,"2021-10-14T11:49:16+05:30"
263,831,1067,30.82,36.42,1634192386979,"2021-10-14T11:49:46+05:30"
291,1015,1317,30.85,36.82,1634192417579,"2021-10-14T11:50:17+05:30"
269,1216,1606,30.86,37.55,1634192448197,"2021-10-14T11:50:48+05:30"
239,1517,510,30.91,38.06,1634192478772,"2021-10-14T11:51:18+05:30"
264,1316,187,30.9,38.26,1634192509349,"2021-10-14T11:51:49+05:30"
272,982,1280,30.86,36.48,1634192533310,"2021-10-14T11:52:13+05:30"
222,543,649,30.84,34.17,1634192563446,"2021-10-14T11:52:43+05:30"
199,448,534,30.83,33.34,1634192594022,"2021-10-14T11:53:14+05:30"
239,629,777,30.83,34.2,1634192624720,"2021-10-14T11:53:44+05:30"
234,589,714,30.82,34.41,1634192655230,"2021-10-14T11:54:15+05:30"
279,1188,1552,30.86,36.57,1634192685827,"2021-10-14T11:54:45+05:30"
213,536,647,30.87,32.97,1634192716409,"2021-10-14T11:55:16+05:30"
259,727,889,30.91,34.88,1634192747022,"2021-10-14T11:55:47+05:30"
293,1055,1340,30.88,36.5,1634192777598,"2021-10-14T11:56:17+05:30"
250,646,791,30.87,34.1,1634192808202,"2021-10-14T11:56:48+05:30"
252,615,736,30.81,34.84,1634192838830,"2021-10-14T11:57:18+05:30"
216,495,590,30.78,34.42,1634192869399,"2021-10-14T11:57:49+05:30"
199,436,512,30.78,34.54,1634192900009,"2021-10-14T11:58:20+05:30"
197,425,503,30.76,34.55,1634192930596,"2021-10-14T11:58:50+05:30"
185,389,459,30.74,35.11,1634192961184,"2021-10-14T11:59:21+05:30"
208,436,518,30.72,36.29,1634192991782,"2021-10-14T11:59:51+05:30"
169,327,375,30.72,35.49,1634193022374,"2021-10-14T12:00:22+05:30"
181,360,409,30.72,35.9,1634193052997,"2021-10-14T12:00:52+05:30"
148,285,329,30.73,35.28,1634193083566,"2021-10-14T12:01:23+05:30"
152,289,327,30.74,35.76,1634193114173,"2021-10-14T12:01:54+05:30"
150,285,323,30.7,36.94,1634193144739,"2021-10-14T12:02:24+05:30"
130,240,274,30.68,36.24,1634193175369,"2021-10-14T12:02:55+05:30"
129,230,263,30.65,36.85,1634193205933,"2021-10-14T12:03:25+05:30"
107,187,215,30.6,36.53,1634193236525,"2021-10-14T12:03:56+05:30"
96,167,186,30.63,35.91,1634193267168,"2021-10-14T12:04:27+05:30"
96,167,188,30.68,36.12,1634193297729,"2021-10-14T12:04:57+05:30"
94,159,180,30.72,36.68,1634193328301,"2021-10-14T12:05:28+05:30"
83,140,157,30.72,35.62,1634193358842,"2021-10-14T12:05:58+05:30"
84,141,158,30.72,36.64,1634193389453,"2021-10-14T12:06:29+05:30"
94,158,181,30.73,37.65,1634193420072,"2021-10-14T12:07:00+05:30"
79,135,152,30.74,37.46,1634193454241,"2021-10-14T12:07:34+05:30"
81,138,156,30.73,37.92,1634193484490,"2021-10-14T12:08:04+05:30"
84,140,158,30.74,38.01,1634193515057,"2021-10-14T12:08:35+05:30"
92,150,168,30.73,37.86,1634193545623,"2021-10-14T12:09:05+05:30"
70,115,132,30.73,35.53,1634193576244,"2021-10-14T12:09:36+05:30"
74,118,131,30.77,35.31,1634193606830,"2021-10-14T12:10:06+05:30"
69,110,124,30.81,35.5,1634193637364,"2021-10-14T12:10:37+05:30"
70,114,125,30.79,36,1634193667967,"2021-10-14T12:11:07+05:30"
60,95,105,30.79,33.61,1634193698510,"2021-10-14T12:11:38+05:30"
60,95,108,30.82,34.51,1634193729115,"2021-10-14T12:12:09+05:30"
65,106,120,30.84,35.99,1634193759698,"2021-10-14T12:12:39+05:30"
63,100,116,30.83,35.99,1634193790274,"2021-10-14T12:13:10+05:30"
65,103,113,30.82,36.95,1634193820840,"2021-10-14T12:13:40+05:30"
61,97,107,30.79,36.31,1634193851461,"2021-10-14T12:14:11+05:30"
65,106,116,30.77,37.43,1634193882048,"2021-10-14T12:14:42+05:30"
80,127,141,30.75,35.86,1634193912605,"2021-10-14T12:15:12+05:30"
73,115,123,30.75,37.31,1634193943168,"2021-10-14T12:15:43+05:30"
81,129,141,30.76,35.76,1634193973763,"2021-10-14T12:16:13+05:30"
81,127,141,30.76,37.04,1634194004507,"2021-10-14T12:16:44+05:30"
93,147,162,30.75,36.14,1634194035226,"2021-10-14T12:17:15+05:30"
88,140,154,30.75,36.93,1634194055821,"2021-10-14T12:17:35+05:30"
135,223,245,30.81,36.52,1634194086589,"2021-10-14T12:18:06+05:30"
108,168,183,30.84,36.89,1634194116978,"2021-10-14T12:18:36+05:30"
100,151,166,30.85,37.38,1634194147586,"2021-10-14T12:19:07+05:30"
102,157,172,30.86,36.06,1634194178168,"2021-10-14T12:19:38+05:30"
118,189,208,30.85,36.26,1634194208759,"2021-10-14T12:20:08+05:30"
112,178,201,30.84,36.8,1634194239359,"2021-10-14T12:20:39+05:30"
104,166,185,30.88,36.64,1634194269954,"2021-10-14T12:21:09+05:30"
108,181,211,30.91,35.49,1634194300551,"2021-10-14T12:21:40+05:30"
152,272,327,30.91,35.01,1634194334872,"2021-10-14T12:22:14+05:30"
147,265,302,30.87,35.59,1634194365132,"2021-10-14T12:22:45+05:30"
138,243,278,30.87,36.65,1634194395738,"2021-10-14T12:23:15+05:30"
116,195,216,30.86,37.29,1634194426328,"2021-10-14T12:23:46+05:30"
117,199,234,30.82,36.66,1634194456928,"2021-10-14T12:24:16+05:30"
133,230,274,30.77,37.24,1634194487669,"2021-10-14T12:24:47+05:30"
168,311,359,30.75,36.6,1634194518116,"2021-10-14T12:25:18+05:30"
138,243,289,30.75,36.79,1634194548703,"2021-10-14T12:25:48+05:30"
139,241,277,30.75,35.89,1634194579304,"2021-10-14T12:26:19+05:30"
137,237,275,30.79,35.5,1634194609892,"2021-10-14T12:26:49+05:30"
124,207,243,30.8,36.42,1634194640477,"2021-10-14T12:27:20+05:30"
114,189,221,30.82,36.49,1634194671083,"2021-10-14T12:27:51+05:30"
95,155,176,30.87,35.02,1634194701709,"2021-10-14T12:28:21+05:30"
88,143,164,30.9,35.21,1634194732251,"2021-10-14T12:28:52+05:30"
90,150,167,30.9,35.78,1634194762814,"2021-10-14T12:29:22+05:30"
87,142,154,30.88,34.65,1634194793414,"2021-10-14T12:29:53+05:30"
86,140,156,30.86,34.05,1634194823998,"2021-10-14T12:30:23+05:30"
77,129,142,30.86,33.98,1634194854598,"2021-10-14T12:30:54+05:30"
72,116,133,30.84,34.02,1634194885159,"2021-10-14T12:31:25+05:30"
68,109,120,30.84,33.59,1634194915740,"2021-10-14T12:31:55+05:30"
69,111,123,30.89,34.61,1634194946329,"2021-10-14T12:32:26+05:30"
68,110,123,30.9,35.26,1634194976916,"2021-10-14T12:32:56+05:30"
64,101,114,30.92,35.45,1634195007473,"2021-10-14T12:33:27+05:30"
65,103,116,30.94,35.88,1634195038182,"2021-10-14T12:33:58+05:30"
61,99,107,30.93,34.87,1634195068812,"2021-10-14T12:34:28+05:30"
61,97,109,30.92,35.24,1634195099472,"2021-10-14T12:34:59+05:30"
58,90,104,30.92,34.49,1634195130224,"2021-10-14T12:35:30+05:30"
59,92,101,30.92,35.37,1634195160791,"2021-10-14T12:36:00+05:30"
58,91,98,30.91,35.43,1634195191376,"2021-10-14T12:36:31+05:30"
56,87,95,30.93,34.5,1634195222023,"2021-10-14T12:37:02+05:30"
53,84,91,30.94,33.56,1634195243161,"2021-10-14T12:37:23+05:30"
52,82,90,30.96,33.3,1634195273810,"2021-10-14T12:37:53+05:30"
54,80,88,30.93,33.36,1634195304243,"2021-10-14T12:38:24+05:30"
54,82,89,30.87,31.37,1634195334813,"2021-10-14T12:38:54+05:30"
51,79,87,30.84,32.65,1634195365377,"2021-10-14T12:39:25+05:30"
52,79,88,30.91,33.1,1634195395973,"2021-10-14T12:39:55+05:30"
48,76,81,30.93,32.45,1634195426563,"2021-10-14T12:40:26+05:30"
45,70,78,30.93,31.25,1634195457143,"2021-10-14T12:40:57+05:30"
45,70,76,31.01,31.17,1634195487705,"2021-10-14T12:41:27+05:30"
47,74,83,31.04,32.23,1634195518305,"2021-10-14T12:41:58+05:30"
50,79,85,30.99,32.79,1634195548897,"2021-10-14T12:42:28+05:30"
48,75,86,30.98,33.5,1634195579468,"2021-10-14T12:42:59+05:30"
48,72,80,30.99,31.17,1634195610086,"2021-10-14T12:43:30+05:30"
48,76,84,30.95,32.59,1634195640690,"2021-10-14T12:44:00+05:30"
50,77,85,30.93,34.36,1634195671252,"2021-10-14T12:44:31+05:30"
48,72,80,30.91,33.93,1634195702232,"2021-10-14T12:45:02+05:30"
47,74,81,30.93,33.99,1634195732469,"2021-10-14T12:45:32+05:30"
47,74,84,30.95,33.92,1634195763063,"2021-10-14T12:46:03+05:30"
46,73,81,30.94,34.51,1634195793582,"2021-10-14T12:46:33+05:30"
48,76,83,30.93,35.3,1634195824145,"2021-10-14T12:47:04+05:30"
49,76,83,30.9,35.25,1634195854747,"2021-10-14T12:47:34+05:30"
48,75,81,30.89,34.44,1634195885340,"2021-10-14T12:48:05+05:30"
47,76,83,30.91,34.79,1634195915935,"2021-10-14T12:48:35+05:30"
50,75,82,30.89,34.94,1634195946488,"2021-10-14T12:49:06+05:30"
48,76,87,30.91,35.02,1634195977076,"2021-10-14T12:49:37+05:30"
55,85,95,30.87,34.13,1634196007665,"2021-10-14T12:50:07+05:30"
51,81,92,30.86,33.98,1634196038236,"2021-10-14T12:50:38+05:30"
53,84,97,30.85,35.03,1634196068808,"2021-10-14T12:51:08+05:30"
55,84,94,30.84,34.44,1634196099415,"2021-10-14T12:51:39+05:30"
49,76,86,30.86,34.12,1634196135067,"2021-10-14T12:52:15+05:30"
48,76,83,30.87,34.03,1634196165317,"2021-10-14T12:52:45+05:30"
50,76,85,30.84,34.83,1634196195906,"2021-10-14T12:53:15+05:30"
49,82,91,30.82,35.24,1634196226505,"2021-10-14T12:53:46+05:30"
53,80,88,30.82,35.81,1634196257070,"2021-10-14T12:54:17+05:30"
50,77,84,30.83,34.67,1634196287644,"2021-10-14T12:54:47+05:30"
50,76,85,30.83,33.97,1634196318249,"2021-10-14T12:55:18+05:30"
51,78,86,30.8,35.7,1634196348807,"2021-10-14T12:55:48+05:30"
50,78,88,30.79,34.91,1634196379392,"2021-10-14T12:56:19+05:30"
49,78,85,30.81,35.32,1634196409980,"2021-10-14T12:56:49+05:30"
47,74,83,30.88,33.01,1634196440651,"2021-10-14T12:57:20+05:30"
46,71,81,30.99,32.46,1634196471239,"2021-10-14T12:57:51+05:30"
46,71,80,31.06,34.93,1634196501831,"2021-10-14T12:58:21+05:30"
47,71,79,31.06,34.14,1634196532387,"2021-10-14T12:58:52+05:30"
46,72,79,31.12,31.91,1634196563078,"2021-10-14T12:59:23+05:30"
48,73,82,31.08,34.28,1634196593587,"2021-10-14T12:59:53+05:30"
47,72,80,31.06,34.12,1634196624150,"2021-10-14T13:00:24+05:30"
49,75,84,31.04,34.94,1634196654714,"2021-10-14T13:00:54+05:30"
50,76,83,31.05,33.26,1634196685324,"2021-10-14T13:01:25+05:30"
49,74,81,31.05,34.19,1634196715910,"2021-10-14T13:01:55+05:30"
45,67,76,31.03,33.73,1634196746509,"2021-10-14T13:02:26+05:30"
45,68,79,31.01,33.56,1634196777047,"2021-10-14T13:02:57+05:30"
48,73,80,30.99,35.13,1634196807644,"2021-10-14T13:03:27+05:30"
45,71,81,31,34.25,1634196838252,"2021-10-14T13:03:58+05:30"
45,70,77,30.97,35.12,1634196868852,"2021-10-14T13:04:28+05:30"
50,77,86,30.93,35.89,1634196899377,"2021-10-14T13:04:59+05:30"
53,77,86,30.92,35.04,1634196930020,"2021-10-14T13:05:30+05:30"
60,92,102,30.92,34.81,1634196960574,"2021-10-14T13:06:00+05:30"
52,78,85,30.97,32.27,1634196991180,"2021-10-14T13:06:31+05:30"
48,72,80,30.98,32.76,1634197021718,"2021-10-14T13:07:01+05:30"
48,72,80,30.97,33.95,1634197044460,"2021-10-14T13:07:24+05:30"
48,72,79,30.95,33.62,1634197075347,"2021-10-14T13:07:55+05:30"
45,70,79,30.97,32.77,1634197106255,"2021-10-14T13:08:26+05:30"
46,68,77,30.99,34.4,1634197137154,"2021-10-14T13:08:57+05:30"
47,70,80,31.01,34.32,1634197167775,"2021-10-14T13:09:27+05:30"
43,65,75,30.99,33.24,1634197198597,"2021-10-14T13:09:58+05:30"
45,68,78,30.97,35.06,1634197229375,"2021-10-14T13:10:29+05:30"
43,65,77,30.93,35.81,1634197259911,"2021-10-14T13:10:59+05:30"
45,70,81,30.87,35.05,1634197290479,"2021-10-14T13:11:30+05:30"
47,70,77,30.87,35.78,1634197321059,"2021-10-14T13:12:01+05:30"
45,69,78,30.89,36.29,1634197351635,"2021-10-14T13:12:31+05:30"
44,73,82,30.9,35.3,1634197382207,"2021-10-14T13:13:02+05:30"
44,69,77,30.93,35.42,1634197412861,"2021-10-14T13:13:32+05:30"
42,62,74,30.94,34.57,1634197443482,"2021-10-14T13:14:03+05:30"
42,64,74,30.94,33.86,1634197474112,"2021-10-14T13:14:34+05:30"
40,63,75,30.96,33.93,1634197504642,"2021-10-14T13:15:04+05:30"
41,62,73,30.98,32.84,1634197535214,"2021-10-14T13:15:35+05:30"
40,62,74,30.99,33.86,1634197565817,"2021-10-14T13:16:05+05:30"
42,63,74,30.97,34.43,1634197598896,"2021-10-14T13:16:38+05:30"
42,64,75,30.98,33.46,1634197626972,"2021-10-14T13:17:06+05:30"
41,63,75,31.01,33.54,1634197657615,"2021-10-14T13:17:37+05:30"
39,62,74,30.98,33.96,1634197688155,"2021-10-14T13:18:08+05:30"
40,62,74,30.95,33.76,1634197718719,"2021-10-14T13:18:38+05:30"
38,61,72,30.98,33.21,1634197749308,"2021-10-14T13:19:09+05:30"
38,60,72,30.99,33.83,1634197779871,"2021-10-14T13:19:39+05:30"
41,66,76,30.97,34.63,1634197810470,"2021-10-14T13:20:10+05:30"
39,59,72,30.94,34.35,1634197841085,"2021-10-14T13:20:41+05:30"
39,60,73,30.93,34.69,1634197871636,"2021-10-14T13:21:11+05:30"
39,61,74,30.92,34.59,1634197902210,"2021-10-14T13:21:42+05:30"
44,66,78,30.89,36.01,1634197933326,"2021-10-14T13:22:13+05:30"
49,75,85,30.86,35.27,1634197963911,"2021-10-14T13:22:43+05:30"
44,65,77,30.9,33.11,1634197994652,"2021-10-14T13:23:14+05:30"
44,69,79,30.94,33.24,1634198025097,"2021-10-14T13:23:45+05:30"
41,64,76,30.96,32.14,1634198055669,"2021-10-14T13:24:15+05:30"
41,61,74,31.03,32.06,1634198086217,"2021-10-14T13:24:46+05:30"
41,65,75,31.02,32.99,1634198116827,"2021-10-14T13:25:16+05:30"
40,62,74,30.98,32.92,1634198147458,"2021-10-14T13:25:47+05:30"
41,64,75,30.96,33.7,1634198177980,"2021-10-14T13:26:17+05:30"
39,62,73,30.95,33.41,1634198208694,"2021-10-14T13:26:48+05:30"
39,61,73,30.99,32.93,1634198239153,"2021-10-14T13:27:19+05:30"
39,60,74,31.04,32.94,1634198269762,"2021-10-14T13:27:49+05:30"
36,56,71,31.14,30.89,1634198300323,"2021-10-14T13:28:20+05:30"
36,53,69,31.14,29.77,1634198330880,"2021-10-14T13:28:50+05:30"
36,56,69,31.1,31.62,1634198361482,"2021-10-14T13:29:21+05:30"
38,57,70,31.1,31.94,1634198392077,"2021-10-14T13:29:52+05:30"
37,58,70,31.06,31.75,1634198422638,"2021-10-14T13:30:22+05:30"
37,55,70,31.09,32.04,1634198453210,"2021-10-14T13:30:53+05:30"
39,62,72,31.08,31.95,1634198483816,"2021-10-14T13:31:23+05:30"
36,54,68,31.09,31.02,1634198514407,"2021-10-14T13:31:54+05:30"
35,52,65,31.16,28.91,1634198545094,"2021-10-14T13:32:25+05:30"
35,53,67,31.23,29.37,1634198575659,"2021-10-14T13:32:55+05:30"
35,53,67,31.18,29.37,1634198606236,"2021-10-14T13:33:26+05:30"
34,53,68,31.12,31.58,1634198636818,"2021-10-14T13:33:56+05:30"
36,55,69,31.07,32.2,1634198667412,"2021-10-14T13:34:27+05:30"
35,53,68,31.01,32,1634198698096,"2021-10-14T13:34:58+05:30"
36,54,69,30.98,32.12,1634198728579,"2021-10-14T13:35:28+05:30"
35,56,70,30.99,31.63,1634198759147,"2021-10-14T13:35:59+05:30"
34,53,69,31.06,30.18,1634198789751,"2021-10-14T13:36:29+05:30"
35,52,67,31.06,31.37,1634198820309,"2021-10-14T13:37:00+05:30"
34,51,65,31.06,31.41,1634198843426,"2021-10-14T13:37:23+05:30"
36,55,68,31.08,32.74,1634198874017,"2021-10-14T13:37:54+05:30"
35,54,68,31.07,31,1634198904595,"2021-10-14T13:38:24+05:30"
34,53,68,31.06,30.78,1634198935160,"2021-10-14T13:38:55+05:30"
35,56,69,31.04,33.13,1634198965725,"2021-10-14T13:39:25+05:30"
41,62,74,31.01,31.42,1634198996327,"2021-10-14T13:39:56+05:30"
41,60,72,30.98,33.3,1634199026927,"2021-10-14T13:40:26+05:30"
36,56,70,30.97,33.54,1634199057484,"2021-10-14T13:40:57+05:30"
37,57,70,30.93,34.08,1634199088061,"2021-10-14T13:41:28+05:30"
37,56,69,30.89,35.01,1634199118655,"2021-10-14T13:41:58+05:30"
37,56,72,30.86,35.27,1634199149277,"2021-10-14T13:42:29+05:30"
38,58,73,30.84,35.41,1634199179850,"2021-10-14T13:42:59+05:30"
45,71,82,30.84,34.82,1634199210383,"2021-10-14T13:43:30+05:30"
43,68,79,30.85,34.96,1634199241167,"2021-10-14T13:44:01+05:30"
39,61,72,30.89,32.96,1634199271594,"2021-10-14T13:44:31+05:30"
37,58,71,30.97,32.67,1634199302259,"2021-10-14T13:45:02+05:30"
36,56,72,31.05,31.48,1634199332727,"2021-10-14T13:45:32+05:30"
34,53,69,31.08,31.43,1634199363339,"2021-10-14T13:46:03+05:30"
36,56,71,31.07,32.68,1634199393922,"2021-10-14T13:46:33+05:30"
36,58,73,31.08,31.54,1634199424482,"2021-10-14T13:47:04+05:30"
34,51,66,31.11,30.15,1634199455057,"2021-10-14T13:47:35+05:30"
37,57,70,31.1,30.08,1634199485662,"2021-10-14T13:48:05+05:30"
35,54,70,31.13,30.07,1634199516238,"2021-10-14T13:48:36+05:30"
34,52,68,31.11,30.06,1634199546809,"2021-10-14T13:49:06+05:30"
33,51,65,31.11,30.13,1634199577379,"2021-10-14T13:49:37+05:30"
34,54,68,31.07,31.31,1634199608097,"2021-10-14T13:50:08+05:30"
33,50,65,31.13,29.36,1634199638577,"2021-10-14T13:50:38+05:30"
33,49,62,31.21,28.96,1634199669138,"2021-10-14T13:51:09+05:30"
33,48,61,31.26,28.28,1634199699707,"2021-10-14T13:51:39+05:30"
32,50,64,31.26,29.33,1634199734838,"2021-10-14T13:52:14+05:30"
32,51,65,31.2,30.1,1634199765536,"2021-10-14T13:52:45+05:30"
33,50,65,31.16,31.33,1634199796173,"2021-10-14T13:53:16+05:30"
35,52,67,31.1,31.18,1634199827161,"2021-10-14T13:53:47+05:30"
35,53,67,31.11,31.2,1634199847182,"2021-10-14T13:54:07+05:30"
34,51,66,31.08,31.79,1634199878195,"2021-10-14T13:54:38+05:30"
35,53,67,31.08,31.74,1634199908750,"2021-10-14T13:55:08+05:30"
34,52,68,31.12,30.46,1634199939632,"2021-10-14T13:55:39+05:30"
33,50,62,31.14,30.54,1634199970124,"2021-10-14T13:56:10+05:30"
34,51,64,31.16,29.92,1634200000726,"2021-10-14T13:56:40+05:30"
34,51,66,31.15,31.12,1634200031292,"2021-10-14T13:57:11+05:30"
33,51,67,31.07,31.85,1634200061870,"2021-10-14T13:57:41+05:30"
34,52,69,31,32.52,1634200092469,"2021-10-14T13:58:12+05:30"
35,54,69,31.04,31.77,1634200123075,"2021-10-14T13:58:43+05:30"
35,54,70,31.05,31.89,1634200153652,"2021-10-14T13:59:13+05:30"
35,53,70,31.04,32.25,1634200184188,"2021-10-14T13:59:44+05:30"
33,51,68,31.12,31.16,1634200214860,"2021-10-14T14:00:14+05:30"
34,50,68,31.13,31.3,1634200245484,"2021-10-14T14:00:45+05:30"
35,52,68,31.11,32.17,1634200276069,"2021-10-14T14:01:16+05:30"
35,56,69,31.1,32.49,1634200306636,"2021-10-14T14:01:46+05:30"
34,54,71,31.08,32.13,1634200337240,"2021-10-14T14:02:17+05:30"
34,53,69,31.13,32.1,1634200367839,"2021-10-14T14:02:47+05:30"
34,52,68,31.15,32.09,1634200398398,"2021-10-14T14:03:18+05:30"
34,53,69,31.09,32.88,1634200428963,"2021-10-14T14:03:48+05:30"
36,58,72,31.03,33.73,1634200459540,"2021-10-14T14:04:19+05:30"
37,57,72,31.04,33.01,1634200490140,"2021-10-14T14:04:50+05:30"
35,53,68,31.07,32.06,1634200520720,"2021-10-14T14:05:20+05:30"
38,59,72,31.01,33.77,1634200551298,"2021-10-14T14:05:51+05:30"
38,59,72,31.01,33.77,1634200556734,"2021-10-14T14:05:56+05:30"
37,56,70,30.99,33.84,1634200581978,"2021-10-14T14:06:21+05:30"
35,55,69,31.06,32.21,1634200612523,"2021-10-14T14:06:52+05:30"
38,59,71,31.06,32.41,1634200639950,"2021-10-14T14:07:19+05:30"
39,58,72,31.05,32.22,1634200670201,"2021-10-14T14:07:50+05:30"
36,56,70,31.06,31.46,1634200700801,"2021-10-14T14:08:20+05:30"
35,53,67,31.06,30.74,1634200731699,"2021-10-14T14:08:51+05:30"
33,49,64,31.08,30.72,1634200762242,"2021-10-14T14:09:22+05:30"
33,51,65,31.08,30.74,1634200792879,"2021-10-14T14:09:52+05:30"
37,54,69,31.05,31.56,1634200823395,"2021-10-14T14:10:23+05:30"
35,53,68,31.04,30.86,1634200854029,"2021-10-14T14:10:54+05:30"
32,49,63,31.13,27.72,1634200884773,"2021-10-14T14:11:24+05:30"
33,51,65,31.12,29.9,1634200915584,"2021-10-14T14:11:55+05:30"
33,52,66,31.09,29.91,1634200946311,"2021-10-14T14:12:26+05:30"
33,51,63,31.04,30.26,1634200976887,"2021-10-14T14:12:56+05:30"
33,51,66,31.02,31.06,1634201007456,"2021-10-14T14:13:27+05:30"
33,51,66,31.04,29.88,1634201038022,"2021-10-14T14:13:58+05:30"
33,50,64,31.1,29.08,1634201068595,"2021-10-14T14:14:28+05:30"
33,49,64,31.12,28.32,1634201099171,"2021-10-14T14:14:59+05:30"
33,50,65,31.14,28.84,1634201129776,"2021-10-14T14:15:29+05:30"
32,49,62,31.17,28.2,1634201160446,"2021-10-14T14:16:00+05:30"
32,47,60,31.16,28.99,1634201191065,"2021-10-14T14:16:31+05:30"
33,50,64,31.18,29.03,1634201221511,"2021-10-14T14:17:01+05:30"
32,48,61,31.21,28.64,1634201252126,"2021-10-14T14:17:32+05:30"
33,50,62,31.2,28.65,1634201282688,"2021-10-14T14:18:02+05:30"
33,51,64,31.21,29.16,1634201313352,"2021-10-14T14:18:33+05:30"
33,49,64,31.2,29.2,1634201343938,"2021-10-14T14:19:03+05:30"
32,50,63,31.27,27.81,1634201374533,"2021-10-14T14:19:34+05:30"
32,49,63,31.24,28.86,1634201405121,"2021-10-14T14:20:05+05:30"
31,46,58,31.25,27.81,1634201435698,"2021-10-14T14:20:35+05:30"
31,47,59,31.24,28,1634201466267,"2021-10-14T14:21:06+05:30"
31,46,58,31.2,28.62,1634201496865,"2021-10-14T14:21:36+05:30"
32,48,61,31.21,28.26,1634201527554,"2021-10-14T14:22:07+05:30"
31,48,59,31.17,28.73,1634201556722,"2021-10-14T14:22:36+05:30"