"pm1_0","pm2_5","pm10","temp","humid","createdAt","localtime"
127,200,222,23.39,61.85,1635303693452,"2021-10-27T08:31:33+05:30"
125,200,214,23.52,61.68,1635303704523,"2021-10-27T08:31:44+05:30"
129,207,228,23.54,60.52,1635303735280,"2021-10-27T08:32:15+05:30"
125,197,217,23.69,60.92,1635303765861,"2021-10-27T08:32:45+05:30"
129,207,230,23.81,59.9,1635303796468,"2021-10-27T08:33:16+05:30"
130,207,229,23.94,59.55,1635303827386,"2021-10-27T08:33:47+05:30"
127,210,233,24.05,59.51,1635303857793,"2021-10-27T08:34:17+05:30"
130,210,233,24.14,59.14,1635303888541,"2021-10-27T08:34:48+05:30"
130,209,231,24.24,58.79,1635303918928,"2021-10-27T08:35:18+05:30"
125,200,228,24.3,58.46,1635303949519,"2021-10-27T08:35:49+05:30"
130,203,226,24.29,58.35,1635303980106,"2021-10-27T08:36:20+05:30"
126,202,226,24.28,58.2,1635304010678,"2021-10-27T08:36:50+05:30"
126,198,215,24.3,58.23,1635304041288,"2021-10-27T08:37:21+05:30"
125,200,218,24.32,58.02,1635304072006,"2021-10-27T08:37:52+05:30"
124,196,212,24.38,57.84,1635304102627,"2021-10-27T08:38:22+05:30"
128,200,215,24.41,57.71,1635304133103,"2021-10-27T08:38:53+05:30"
125,198,216,24.45,57.6,1635304163688,"2021-10-27T08:39:23+05:30"
125,200,221,24.48,57.52,1635304194387,"2021-10-27T08:39:54+05:30"
128,202,227,24.51,57.56,1635304224914,"2021-10-27T08:40:24+05:30"
127,211,246,24.54,57.64,1635304255429,"2021-10-27T08:40:55+05:30"
125,207,238,24.57,57.75,1635304286214,"2021-10-27T08:41:26+05:30"
126,202,232,24.62,57.74,1635304316615,"2021-10-27T08:41:56+05:30"
128,207,239,24.67,57.39,1635304347216,"2021-10-27T08:42:27+05:30"
131,209,241,24.59,57.31,1635304377777,"2021-10-27T08:42:57+05:30"
131,214,238,24.61,57.66,1635304408342,"2021-10-27T08:43:28+05:30"
130,233,305,24.67,57.64,1635304438953,"2021-10-27T08:43:58+05:30"
131,234,312,24.72,57.3,1635304469523,"2021-10-27T08:44:29+05:30"
133,265,366,24.73,57.17,1635304500101,"2021-10-27T08:45:00+05:30"
132,255,370,24.76,57.24,1635304530662,"2021-10-27T08:45:30+05:30"
131,278,432,24.77,57.12,1635304561500,"2021-10-27T08:46:01+05:30"
134,325,555,24.75,56.82,1635304593844,"2021-10-27T08:46:33+05:30"
129,273,391,24.69,56.78,1635304624473,"2021-10-27T08:47:04+05:30"
127,259,372,24.66,56.92,1635304655022,"2021-10-27T08:47:35+05:30"
125,246,359,24.69,57.11,1635304685612,"2021-10-27T08:48:05+05:30"
127,226,284,24.64,56.9,1635304716451,"2021-10-27T08:48:36+05:30"
126,235,324,24.67,56.93,1635304746824,"2021-10-27T08:49:06+05:30"
124,231,312,24.71,56.82,1635304777386,"2021-10-27T08:49:37+05:30"
126,216,270,24.7,56.81,1635304807976,"2021-10-27T08:50:07+05:30"
125,206,256,24.66,56.95,1635304838575,"2021-10-27T08:50:38+05:30"
128,207,241,24.5,57.43,1635304869205,"2021-10-27T08:51:09+05:30"
125,213,252,24.54,57.6,1635304899839,"2021-10-27T08:51:39+05:30"
127,211,239,24.39,58.22,1635304930374,"2021-10-27T08:52:10+05:30"
128,213,251,24.47,58.08,1635304960934,"2021-10-27T08:52:40+05:30"
127,207,240,24.58,58.11,1635304991503,"2021-10-27T08:53:11+05:30"
129,207,247,24.68,57.88,1635305022095,"2021-10-27T08:53:42+05:30"
249,586,685,24.74,57.39,1635305052681,"2021-10-27T08:54:12+05:30"
275,554,631,24.72,57.12,1635305083336,"2021-10-27T08:54:43+05:30"
267,521,595,24.64,57.11,1635305113867,"2021-10-27T08:55:13+05:30"
318,913,1137,24.69,57.64,1635305144456,"2021-10-27T08:55:44+05:30"
256,1209,1657,24.73,57.28,1635305175050,"2021-10-27T08:56:15+05:30"
274,587,685,24.71,57.2,1635305205661,"2021-10-27T08:56:45+05:30"
253,600,743,24.64,57.38,1635305236242,"2021-10-27T08:57:16+05:30"
232,1081,1558,24.63,57.5,1635305267121,"2021-10-27T08:57:47+05:30"
211,1275,366,24.56,57.97,1635305297597,"2021-10-27T08:58:17+05:30"
270,1050,1423,24.59,57.59,1635305328401,"2021-10-27T08:58:48+05:30"
231,481,574,24.66,57.52,1635305348703,"2021-10-27T08:59:08+05:30"
229,490,584,24.62,57.14,1635305379295,"2021-10-27T08:59:39+05:30"
214,450,542,24.47,57.47,1635305409893,"2021-10-27T09:00:09+05:30"
261,1166,1638,24.52,58.05,1635305440521,"2021-10-27T09:00:40+05:30"
258,743,973,24.54,57.61,1635305471056,"2021-10-27T09:01:11+05:30"
259,655,812,24.51,57.86,1635305500827,"2021-10-27T09:01:40+05:30"
217,450,529,24.6,57.6,1635305530961,"2021-10-27T09:02:10+05:30"
241,666,850,24.63,57.23,1635305561810,"2021-10-27T09:02:41+05:30"
185,992,1596,24.43,57.64,1635305592465,"2021-10-27T09:03:12+05:30"
224,1076,1659,24.57,57.59,1635305622997,"2021-10-27T09:03:42+05:30"
245,536,649,24.67,56.82,1635305653605,"2021-10-27T09:04:13+05:30"
258,620,755,24.67,56.37,1635305684154,"2021-10-27T09:04:44+05:30"
238,607,762,24.65,56.31,1635305714753,"2021-10-27T09:05:14+05:30"
240,1349,351,24.71,56.77,1635305745363,"2021-10-27T09:05:45+05:30"
255,791,1026,24.79,56.56,1635305775974,"2021-10-27T09:06:15+05:30"
239,595,746,24.89,56.13,1635305806533,"2021-10-27T09:06:46+05:30"
276,768,963,24.95,55.98,1635305837131,"2021-10-27T09:07:17+05:30"
238,530,647,24.98,55.53,1635305867745,"2021-10-27T09:07:47+05:30"
211,437,518,24.96,55.38,1635305898316,"2021-10-27T09:08:18+05:30"
262,640,783,24.98,55.49,1635305928906,"2021-10-27T09:08:48+05:30"
233,519,627,25.02,54.9,1635305959490,"2021-10-27T09:09:19+05:30"
203,408,485,24.91,54.41,1635305990111,"2021-10-27T09:09:50+05:30"
241,702,914,24.83,55.23,1635306020681,"2021-10-27T09:10:20+05:30"
211,774,1115,24.66,55.08,1635306051279,"2021-10-27T09:10:51+05:30"
223,825,1178,24.58,55.88,1635306081898,"2021-10-27T09:11:21+05:30"
266,1016,1400,24.64,56.1,1635306112500,"2021-10-27T09:11:52+05:30"
221,472,576,24.76,55.57,1635306143261,"2021-10-27T09:12:23+05:30"
244,581,702,24.84,55.39,1635306173653,"2021-10-27T09:12:53+05:30"
233,536,652,24.89,55.3,1635306204599,"2021-10-27T09:13:24+05:30"
215,487,586,24.9,54.72,1635306235219,"2021-10-27T09:13:55+05:30"
263,832,1085,24.89,55.46,1635306265754,"2021-10-27T09:14:25+05:30"
221,559,701,24.78,54.79,1635306296331,"2021-10-27T09:14:56+05:30"
206,1179,237,24.7,55.76,1635306326983,"2021-10-27T09:15:26+05:30"
220,878,1218,24.58,55.35,1635306357574,"2021-10-27T09:15:57+05:30"
285,939,1236,24.68,56.32,1635306388167,"2021-10-27T09:16:28+05:30"
243,597,739,24.8,55.76,1635306416482,"2021-10-27T09:16:56+05:30"
181,359,424,24.7,55.35,1635306446806,"2021-10-27T09:17:26+05:30"
221,542,673,24.71,55.74,1635306477098,"2021-10-27T09:17:57+05:30"
254,1248,81,24.83,55.72,1635306507713,"2021-10-27T09:18:27+05:30"
271,921,1227,24.82,55.18,1635306538436,"2021-10-27T09:18:58+05:30"
247,715,925,24.88,55.27,1635306569448,"2021-10-27T09:19:29+05:30"
281,876,1140,24.94,55.11,1635306599658,"2021-10-27T09:19:59+05:30"
271,810,1053,25.08,54.96,1635306630123,"2021-10-27T09:20:30+05:30"
251,597,724,25.09,54.11,1635306660733,"2021-10-27T09:21:00+05:30"
253,651,821,25.15,54.45,1635306691320,"2021-10-27T09:21:31+05:30"
153,294,350,24.96,53.57,1635306721883,"2021-10-27T09:22:01+05:30"
224,1251,178,24.98,54.85,1635306752519,"2021-10-27T09:22:32+05:30"
237,638,808,24.9,54.43,1635306783158,"2021-10-27T09:23:03+05:30"
236,1354,424,25.02,54.9,1635306813656,"2021-10-27T09:23:33+05:30"
229,1028,1555,24.95,54.08,1635306844231,"2021-10-27T09:24:04+05:30"
222,1363,501,24.96,54.51,1635306874836,"2021-10-27T09:24:34+05:30"
209,1527,705,24.97,54.56,1635306905426,"2021-10-27T09:25:05+05:30"
243,1334,262,25,54.54,1635306936044,"2021-10-27T09:25:36+05:30"
266,906,1192,25,54.2,1635306966616,"2021-10-27T09:26:06+05:30"
280,842,1063,24.99,54.57,1635306997212,"2021-10-27T09:26:37+05:30"
252,701,890,25.08,54.41,1635307027844,"2021-10-27T09:27:07+05:30"
224,746,992,25.06,54.09,1635307058402,"2021-10-27T09:27:38+05:30"
227,1124,1656,24.96,54.35,1635307089038,"2021-10-27T09:28:09+05:30"
257,928,1235,24.93,55.02,1635307119592,"2021-10-27T09:28:39+05:30"
279,998,1311,25.09,54.71,1635307150172,"2021-10-27T09:29:10+05:30"
270,667,821,25.18,54.43,1635307180778,"2021-10-27T09:29:40+05:30"
232,594,731,25.16,53.77,1635307211365,"2021-10-27T09:30:11+05:30"
288,879,1126,25.23,54.38,1635307241969,"2021-10-27T09:30:41+05:30"
233,552,679,25.13,54.07,1635307272560,"2021-10-27T09:31:12+05:30"
239,595,728,25.2,54.35,1635307296702,"2021-10-27T09:31:36+05:30"
247,705,902,25.21,54.22,1635307327289,"2021-10-27T09:32:07+05:30"
259,691,871,25.25,54.61,1635307357852,"2021-10-27T09:32:37+05:30"
275,758,956,25.34,54.49,1635307388461,"2021-10-27T09:33:08+05:30"
228,533,658,25.29,54.05,1635307419143,"2021-10-27T09:33:39+05:30"
183,361,426,25.21,54.55,1635307449637,"2021-10-27T09:34:09+05:30"
209,424,496,25.19,54.84,1635307480242,"2021-10-27T09:34:40+05:30"
190,413,497,25.12,55.03,1635307510836,"2021-10-27T09:35:10+05:30"
196,381,450,25.15,55.77,1635307541427,"2021-10-27T09:35:41+05:30"
188,347,396,25.1,55.99,1635307572149,"2021-10-27T09:36:12+05:30"
141,241,267,25.04,55.18,1635307602786,"2021-10-27T09:36:42+05:30"
167,315,366,25.07,55.74,1635307633210,"2021-10-27T09:37:13+05:30"
137,243,278,25.06,54.33,1635307663798,"2021-10-27T09:37:43+05:30"
173,323,374,25.08,54.84,1635307694363,"2021-10-27T09:38:14+05:30"
206,399,451,25.11,55.32,1635307724940,"2021-10-27T09:38:44+05:30"
191,374,433,25.15,54.84,1635307755510,"2021-10-27T09:39:15+05:30"
153,278,321,25.18,54.99,1635307786085,"2021-10-27T09:39:46+05:30"
154,266,300,25.25,54.79,1635307816678,"2021-10-27T09:40:16+05:30"
146,252,281,25.21,54.34,1635307847406,"2021-10-27T09:40:47+05:30"
138,231,259,25.07,54.16,1635307877873,"2021-10-27T09:41:17+05:30"
120,195,220,24.96,53.36,1635307908475,"2021-10-27T09:41:48+05:30"
129,208,236,24.92,54.21,1635307939056,"2021-10-27T09:42:19+05:30"
145,251,282,25.06,54.76,1635307969641,"2021-10-27T09:42:49+05:30"
121,196,217,25,53.62,1635308000346,"2021-10-27T09:43:20+05:30"
122,200,218,24.99,54.45,1635308030924,"2021-10-27T09:43:50+05:30"
115,189,207,25.09,54.16,1635308061509,"2021-10-27T09:44:21+05:30"
124,192,210,25.07,52.96,1635308092080,"2021-10-27T09:44:52+05:30"
126,201,215,25.17,53.86,1635308122678,"2021-10-27T09:45:22+05:30"
124,203,223,25.23,53.27,1635308153250,"2021-10-27T09:45:53+05:30"
134,219,243,25.23,53.25,1635308183845,"2021-10-27T09:46:23+05:30"
136,211,230,25.15,53.07,1635308242908,"2021-10-27T09:47:22+05:30"
135,213,236,25.15,53.61,1635308248840,"2021-10-27T09:47:28+05:30"
133,210,230,25.2,53.75,1635308279461,"2021-10-27T09:47:59+05:30"
130,211,228,25.21,53.68,1635308310119,"2021-10-27T09:48:30+05:30"
132,213,237,25.31,53.62,1635308340635,"2021-10-27T09:49:00+05:30"
129,206,228,25.23,53.68,1635308371234,"2021-10-27T09:49:31+05:30"
140,228,251,25.3,53.9,1635308401865,"2021-10-27T09:50:01+05:30"
132,216,242,25.29,53.87,1635308432415,"2021-10-27T09:50:32+05:30"
129,205,228,25.38,53.87,1635308463059,"2021-10-27T09:51:03+05:30"
126,204,229,25.44,53.63,1635308493578,"2021-10-27T09:51:33+05:30"
124,204,228,25.47,53.64,1635308524169,"2021-10-27T09:52:04+05:30"
129,208,236,25.51,53.61,1635308554719,"2021-10-27T09:52:34+05:30"
115,191,209,25.39,53.01,1635308585379,"2021-10-27T09:53:05+05:30"
109,174,192,25.28,53.37,1635308628071,"2021-10-27T09:53:48+05:30"
124,204,228,25.47,53.64,1635308629929,"2021-10-27T09:53:49+05:30"
126,204,229,25.44,53.63,1635308630675,"2021-10-27T09:53:50+05:30"
110,173,192,25.28,53.69,1635308646523,"2021-10-27T09:54:06+05:30"
117,189,210,25.29,53.82,1635308677095,"2021-10-27T09:54:37+05:30"
115,184,202,25.31,54.06,1635308707660,"2021-10-27T09:55:07+05:30"
120,190,209,25.38,54.07,1635308738406,"2021-10-27T09:55:38+05:30"
119,195,221,25.46,53.72,1635308768854,"2021-10-27T09:56:08+05:30"
119,191,210,25.37,52.54,1635308799454,"2021-10-27T09:56:39+05:30"
112,179,197,25.32,53.14,1635308830052,"2021-10-27T09:57:10+05:30"
119,188,214,25.29,53.76,1635308860632,"2021-10-27T09:57:40+05:30"
113,175,191,25.32,53.27,1635308891534,"2021-10-27T09:58:11+05:30"
112,178,198,25.33,53.6,1635308921821,"2021-10-27T09:58:41+05:30"
101,157,176,25.22,52.76,1635308952425,"2021-10-27T09:59:12+05:30"
107,176,192,25.17,52.67,1635308983018,"2021-10-27T09:59:43+05:30"
97,151,164,25.08,52.68,1635309013651,"2021-10-27T10:00:13+05:30"
96,152,165,25.01,52.3,1635309044175,"2021-10-27T10:00:44+05:30"
105,168,185,25.1,53.41,1635309074770,"2021-10-27T10:01:14+05:30"
99,159,174,25.13,52.85,1635309099020,"2021-10-27T10:01:39+05:30"
93,146,159,25.14,51.89,1635309129462,"2021-10-27T10:02:09+05:30"
99,160,177,25.23,52.87,1635309160038,"2021-10-27T10:02:40+05:30"
100,156,174,25.34,52.47,1635309190633,"2021-10-27T10:03:10+05:30"
104,167,189,25.4,52.57,1635309221217,"2021-10-27T10:03:41+05:30"
104,171,188,25.45,52.79,1635309251813,"2021-10-27T10:04:11+05:30"
104,161,181,25.45,51.95,1635309282410,"2021-10-27T10:04:42+05:30"
108,171,196,25.4,51.91,1635309313000,"2021-10-27T10:05:13+05:30"
135,228,258,25.47,51.75,1635309343590,"2021-10-27T10:05:43+05:30"
119,195,216,25.55,51.79,1635309374386,"2021-10-27T10:06:14+05:30"
111,181,203,25.64,52.05,1635309404835,"2021-10-27T10:06:44+05:30"
102,169,187,25.7,51.74,1635309435371,"2021-10-27T10:07:15+05:30"
99,158,182,25.74,51.79,1635309465967,"2021-10-27T10:07:45+05:30"
100,160,181,25.77,51.74,1635309496566,"2021-10-27T10:08:16+05:30"
102,161,186,25.82,51.97,1635309527185,"2021-10-27T10:08:47+05:30"
99,157,172,25.71,50.53,1635309557733,"2021-10-27T10:09:17+05:30"
80,129,140,25.56,49.37,1635309588536,"2021-10-27T10:09:48+05:30"
88,139,151,25.56,51.23,1635309619087,"2021-10-27T10:10:19+05:30"
91,143,157,25.58,51.79,1635309649464,"2021-10-27T10:10:49+05:30"
93,143,158,25.66,51.66,1635309680055,"2021-10-27T10:11:20+05:30"
97,152,172,25.6,52.07,1635309710626,"2021-10-27T10:11:50+05:30"
93,144,158,25.56,51.67,1635309741216,"2021-10-27T10:12:21+05:30"
81,126,139,25.47,50.64,1635309771789,"2021-10-27T10:12:51+05:30"
87,131,144,25.43,51.14,1635309802359,"2021-10-27T10:13:22+05:30"
89,141,153,25.51,51.53,1635309833023,"2021-10-27T10:13:53+05:30"
91,142,158,25.62,51.6,1635309863551,"2021-10-27T10:14:23+05:30"
83,128,141,25.56,49.86,1635309894123,"2021-10-27T10:14:54+05:30"
85,132,145,25.59,51.3,1635309924692,"2021-10-27T10:15:24+05:30"
86,135,147,25.64,50.7,1635309955290,"2021-10-27T10:15:55+05:30"
88,139,154,25.61,50.9,1635309985881,"2021-10-27T10:16:25+05:30"
86,133,147,25.46,49.77,1635310016718,"2021-10-27T10:16:56+05:30"
86,134,149,25.49,51.15,1635310047299,"2021-10-27T10:17:27+05:30"
82,127,136,25.53,50.41,1635310077878,"2021-10-27T10:17:57+05:30"
80,125,140,25.4,49.51,1635310108441,"2021-10-27T10:18:28+05:30"
84,131,149,25.38,50.78,1635310139044,"2021-10-27T10:18:59+05:30"
84,131,146,25.37,51.02,1635310169629,"2021-10-27T10:19:29+05:30"
100,153,165,25.4,50.13,1635310200221,"2021-10-27T10:20:00+05:30"
89,135,146,25.33,50.65,1635310230780,"2021-10-27T10:20:30+05:30"
90,138,153,25.4,50.71,1635310261389,"2021-10-27T10:21:01+05:30"
84,128,142,25.48,50.54,1635310291964,"2021-10-27T10:21:31+05:30"
87,132,142,25.46,50.34,1635310322540,"2021-10-27T10:22:02+05:30"
82,129,140,25.39,49.83,1635310353293,"2021-10-27T10:22:33+05:30"
82,126,138,25.3,49.4,1635310383702,"2021-10-27T10:23:03+05:30"
79,123,135,25.26,49.07,1635310414384,"2021-10-27T10:23:34+05:30"
79,122,134,25.29,50.23,1635310444873,"2021-10-27T10:24:04+05:30"
80,120,132,25.44,50.68,1635310475428,"2021-10-27T10:24:35+05:30"
79,120,133,25.43,49.32,1635310506319,"2021-10-27T10:25:06+05:30"
77,118,126,25.39,49.75,1635310536706,"2021-10-27T10:25:36+05:30"
76,120,129,25.35,49.27,1635310567311,"2021-10-27T10:26:07+05:30"
77,120,132,25.35,49.44,1635310597866,"2021-10-27T10:26:37+05:30"
76,117,129,25.37,49.81,1635310628442,"2021-10-27T10:27:08+05:30"
77,118,126,25.35,48.52,1635310659038,"2021-10-27T10:27:39+05:30"
76,117,128,25.37,49.77,1635310689636,"2021-10-27T10:28:09+05:30"
77,113,126,25.5,49.82,1635310720244,"2021-10-27T10:28:40+05:30"
77,119,129,25.61,50.07,1635310750796,"2021-10-27T10:29:10+05:30"
77,119,129,25.72,49.91,1635310781373,"2021-10-27T10:29:41+05:30"
76,120,130,25.81,49.85,1635310811982,"2021-10-27T10:30:11+05:30"
75,118,131,25.8,49.01,1635310842770,"2021-10-27T10:30:42+05:30"
76,118,134,25.77,49.78,1635310873105,"2021-10-27T10:31:13+05:30"
77,117,127,25.69,47.95,1635310899641,"2021-10-27T10:31:39+05:30"
77,117,128,25.67,48.64,1635310929945,"2021-10-27T10:32:09+05:30"
73,113,126,25.65,48.82,1635310960500,"2021-10-27T10:32:40+05:30"
75,115,124,25.61,47.84,1635310991121,"2021-10-27T10:33:11+05:30"
75,118,129,25.58,48.81,1635311021774,"2021-10-27T10:33:41+05:30"
75,118,129,25.58,48.81,1635311024928,"2021-10-27T10:33:44+05:30"
74,112,122,25.55,48.23,1635311052297,"2021-10-27T10:34:12+05:30"
72,110,124,25.55,48.68,1635311082860,"2021-10-27T10:34:42+05:30"
73,111,122,25.55,48.56,1635311113433,"2021-10-27T10:35:13+05:30"
73,114,123,25.6,48.84,1635311144026,"2021-10-27T10:35:44+05:30"
71,108,119,25.54,48.21,1635311174621,"2021-10-27T10:36:14+05:30"
71,109,119,25.49,48.07,1635311205200,"2021-10-27T10:36:45+05:30"
70,109,118,25.55,49.57,1635311235763,"2021-10-27T10:37:15+05:30"
73,114,122,25.65,49.36,1635311266352,"2021-10-27T10:37:46+05:30"
72,112,122,25.76,49.46,1635311296957,"2021-10-27T10:38:16+05:30"
69,109,116,25.81,49.52,1635311327536,"2021-10-27T10:38:47+05:30"
76,120,129,25.81,49.39,1635311358089,"2021-10-27T10:39:18+05:30"
75,117,127,25.73,49.34,1635311388690,"2021-10-27T10:39:48+05:30"
76,119,127,25.72,49.84,1635311419299,"2021-10-27T10:40:19+05:30"
76,120,128,25.82,50.17,1635311449858,"2021-10-27T10:40:49+05:30"
80,121,129,25.74,49.47,1635311480417,"2021-10-27T10:41:20+05:30"
78,119,132,25.71,50.44,1635311511014,"2021-10-27T10:41:51+05:30"
93,139,151,25.65,49.86,1635311541603,"2021-10-27T10:42:21+05:30"
83,129,140,25.62,50.77,1635311572173,"2021-10-27T10:42:52+05:30"
83,131,144,25.59,49.89,1635311602853,"2021-10-27T10:43:22+05:30"
84,131,147,25.54,51.01,1635311633421,"2021-10-27T10:43:53+05:30"
82,123,135,25.66,50.93,1635311664247,"2021-10-27T10:44:24+05:30"
80,124,135,25.65,50.68,1635311694623,"2021-10-27T10:44:54+05:30"
81,125,135,25.75,50.9,1635311725195,"2021-10-27T10:45:25+05:30"
107,160,172,25.74,50.01,1635311755759,"2021-10-27T10:45:55+05:30"
100,147,165,25.75,50.75,1635311786354,"2021-10-27T10:46:26+05:30"
92,137,148,25.81,50.18,1635311817651,"2021-10-27T10:46:57+05:30"
90,134,145,25.84,50.08,1635311848200,"2021-10-27T10:47:28+05:30"
89,135,148,25.85,49.5,1635311878773,"2021-10-27T10:47:58+05:30"
87,137,152,25.72,48.66,1635311909360,"2021-10-27T10:48:29+05:30"
86,138,152,25.63,47.56,1635311939930,"2021-10-27T10:48:59+05:30"
82,129,141,25.54,47.37,1635311970524,"2021-10-27T10:49:30+05:30"
86,134,150,25.53,48.14,1635312001095,"2021-10-27T10:50:01+05:30"
83,128,143,25.5,47.9,1635312031661,"2021-10-27T10:50:31+05:30"
81,127,134,25.49,47.27,1635312062284,"2021-10-27T10:51:02+05:30"
81,130,144,25.53,48.4,1635312092933,"2021-10-27T10:51:32+05:30"
83,131,140,25.51,47.95,1635312123415,"2021-10-27T10:52:03+05:30"
84,132,145,25.52,48.96,1635312153988,"2021-10-27T10:52:33+05:30"
91,145,160,25.5,49.2,1635312184593,"2021-10-27T10:53:04+05:30"
87,136,154,25.61,49.98,1635312215190,"2021-10-27T10:53:35+05:30"
87,136,150,25.72,49.87,1635312245771,"2021-10-27T10:54:05+05:30"
88,139,152,25.81,49.78,1635312276357,"2021-10-27T10:54:36+05:30"
86,136,149,25.82,50.22,1635312306920,"2021-10-27T10:55:06+05:30"
88,140,154,25.82,49.96,1635312337518,"2021-10-27T10:55:37+05:30"
91,141,152,25.78,50.61,1635312368078,"2021-10-27T10:56:08+05:30"
93,146,162,25.76,49.08,1635312398648,"2021-10-27T10:56:38+05:30"
92,147,155,25.72,48.19,1635312431132,"2021-10-27T10:57:11+05:30"
89,137,155,25.68,48.33,1635312459854,"2021-10-27T10:57:39+05:30"
88,136,150,25.78,49.76,1635312490414,"2021-10-27T10:58:10+05:30"
88,138,157,25.89,50.25,1635312520976,"2021-10-27T10:58:40+05:30"
88,137,157,25.91,49.4,1635312551577,"2021-10-27T10:59:11+05:30"
88,137,149,25.81,47.33,1635312582166,"2021-10-27T10:59:42+05:30"
86,144,158,25.75,46.86,1635312613045,"2021-10-27T11:00:13+05:30"
87,141,157,25.68,46.71,1635312643599,"2021-10-27T11:00:43+05:30"
87,140,154,25.66,47.76,1635312674384,"2021-10-27T11:01:14+05:30"
90,147,162,25.68,48.79,1635312725043,"2021-10-27T11:02:05+05:30"
85,135,147,25.8,49.19,1635312755893,"2021-10-27T11:02:35+05:30"
88,140,154,25.85,49.37,1635312786454,"2021-10-27T11:03:06+05:30"
88,140,152,25.89,48.44,1635312817041,"2021-10-27T11:03:37+05:30"
89,142,159,25.85,48.42,1635312847619,"2021-10-27T11:04:07+05:30"
94,148,164,25.85,48.27,1635312878511,"2021-10-27T11:04:38+05:30"
90,143,158,25.94,49.57,1635312909082,"2021-10-27T11:05:09+05:30"
91,141,155,25.98,48.76,1635312939662,"2021-10-27T11:05:39+05:30"
92,147,166,25.97,47.94,1635312970269,"2021-10-27T11:06:10+05:30"
95,149,164,25.95,48.34,1635313000857,"2021-10-27T11:06:40+05:30"
105,170,187,25.88,46.88,1635313031421,"2021-10-27T11:07:11+05:30"
96,153,173,25.93,48.51,1635313062006,"2021-10-27T11:07:42+05:30"
115,189,208,25.9,48.58,1635313092591,"2021-10-27T11:08:12+05:30"
94,152,170,25.89,47.25,1635313123231,"2021-10-27T11:08:43+05:30"
97,155,170,25.85,47.97,1635313153742,"2021-10-27T11:09:13+05:30"
94,150,168,25.96,49.08,1635313184316,"2021-10-27T11:09:44+05:30"
92,147,162,26.04,49.01,1635313215052,"2021-10-27T11:10:15+05:30"
93,148,162,26.04,48.83,1635313245512,"2021-10-27T11:10:45+05:30"
104,171,192,25.96,48.49,1635313276073,"2021-10-27T11:11:16+05:30"
94,150,167,26.02,49.57,1635313306661,"2021-10-27T11:11:46+05:30"
98,161,176,26.08,49.35,1635313337263,"2021-10-27T11:12:17+05:30"
104,165,185,26.03,48.65,1635313367829,"2021-10-27T11:12:47+05:30"
101,163,177,26.04,49.68,1635313398432,"2021-10-27T11:13:18+05:30"
98,156,167,26.08,49.28,1635313429023,"2021-10-27T11:13:49+05:30"
97,154,169,26.03,49.84,1635313459620,"2021-10-27T11:14:19+05:30"
105,168,188,26.02,49.04,1635313490183,"2021-10-27T11:14:50+05:30"
110,176,194,25.95,47.48,1635313521070,"2021-10-27T11:15:21+05:30"
101,159,172,25.94,48.04,1635313551361,"2021-10-27T11:15:51+05:30"
100,166,187,25.88,48.54,1635313581963,"2021-10-27T11:16:21+05:30"
101,165,188,25.94,49.03,1635313618099,"2021-10-27T11:16:58+05:30"
122,212,235,25.89,47.84,1635313648198,"2021-10-27T11:17:28+05:30"
104,164,184,25.97,49.06,1635313679081,"2021-10-27T11:17:59+05:30"
102,163,177,25.98,47.66,1635313709666,"2021-10-27T11:18:29+05:30"
99,159,175,26.04,49.63,1635313740519,"2021-10-27T11:19:00+05:30"
97,158,175,26.18,49.99,1635313760793,"2021-10-27T11:19:20+05:30"
99,162,179,26.28,49.98,1635313791660,"2021-10-27T11:19:51+05:30"
100,158,178,26.35,49.43,1635313822621,"2021-10-27T11:20:22+05:30"
101,158,176,26.41,49.17,1635313853182,"2021-10-27T11:20:53+05:30"
95,153,168,26.47,48.68,1635313883785,"2021-10-27T11:21:23+05:30"
96,152,173,26.41,48.65,1635313944195,"2021-10-27T11:22:24+05:30"
96,153,166,26.46,49.52,1635313975048,"2021-10-27T11:22:55+05:30"
98,162,174,26.38,48.17,1635314005638,"2021-10-27T11:23:25+05:30"
97,158,173,26.4,48.53,1635314036379,"2021-10-27T11:23:56+05:30"
106,177,197,26.38,48.7,1635314066815,"2021-10-27T11:24:26+05:30"
104,163,181,26.44,49.3,1635314097399,"2021-10-27T11:24:57+05:30"
102,164,186,26.31,48.03,1635314127994,"2021-10-27T11:25:27+05:30"
98,159,179,26.37,49.99,1635314158600,"2021-10-27T11:25:58+05:30"
99,155,171,26.5,48.98,1635314256180,"2021-10-27T11:27:36+05:30"
93,149,165,26.42,46.49,1635314286760,"2021-10-27T11:28:06+05:30"
94,147,164,26.38,48,1635314376804,"2021-10-27T11:29:36+05:30"
92,147,161,26.37,47.73,1635314407486,"2021-10-27T11:30:07+05:30"
99,158,169,26.43,49.03,1635314438076,"2021-10-27T11:30:38+05:30"
116,183,196,26.43,48.13,1635314559823,"2021-10-27T11:32:39+05:30"
100,160,175,26.53,48.11,1635314698305,"2021-10-27T11:34:58+05:30"
101,161,174,26.59,48.44,1635314708946,"2021-10-27T11:35:08+05:30"
104,164,177,26.6,48.73,1635314739516,"2021-10-27T11:35:39+05:30"
103,162,182,26.6,48.8,1635314833345,"2021-10-27T11:37:13+05:30"
105,170,188,26.5,47.68,1635314897338,"2021-10-27T11:38:17+05:30"
105,166,182,26.57,48.91,1635314927961,"2021-10-27T11:38:47+05:30"
105,166,182,26.57,48.91,1635314943834,"2021-10-27T11:39:03+05:30"
105,166,182,26.57,48.91,1635314944847,"2021-10-27T11:39:04+05:30"
105,166,182,26.57,48.91,1635314946838,"2021-10-27T11:39:06+05:30"
105,166,182,26.57,48.91,1635314947843,"2021-10-27T11:39:07+05:30"
105,166,182,26.57,48.91,1635314949840,"2021-10-27T11:39:09+05:30"
105,166,182,26.57,48.91,1635314951841,"2021-10-27T11:39:11+05:30"
105,166,182,26.57,48.91,1635314953845,"2021-10-27T11:39:13+05:30"
105,166,182,26.57,48.91,1635314954849,"2021-10-27T11:39:14+05:30"
105,166,182,26.57,48.91,1635314956855,"2021-10-27T11:39:16+05:30"
104,161,182,26.58,48.7,1635314958536,"2021-10-27T11:39:18+05:30"
100,157,172,26.63,48.64,1635314989126,"2021-10-27T11:39:49+05:30"
100,159,176,26.63,48.23,1635315019712,"2021-10-27T11:40:19+05:30"
97,150,166,26.59,46.54,1635315050312,"2021-10-27T11:40:50+05:30"
97,151,171,26.53,47.01,1635315080893,"2021-10-27T11:41:20+05:30"
110,175,190,26.46,45.94,1635315111500,"2021-10-27T11:41:51+05:30"
111,178,189,26.47,47.92,1635315142109,"2021-10-27T11:42:22+05:30"
104,163,182,26.4,47.15,1635315172667,"2021-10-27T11:42:52+05:30"
105,165,181,26.4,47.4,1635315203727,"2021-10-27T11:43:23+05:30"
103,159,177,26.39,47.76,1635315233895,"2021-10-27T11:43:53+05:30"
101,158,172,26.46,47.92,1635315264520,"2021-10-27T11:44:24+05:30"
99,157,169,26.53,48.21,1635315295014,"2021-10-27T11:44:55+05:30"
99,157,169,26.53,48.21,1635315298939,"2021-10-27T11:44:58+05:30"
99,158,174,26.61,48,1635315325587,"2021-10-27T11:45:25+05:30"
103,161,176,26.61,47.9,1635315356197,"2021-10-27T11:45:56+05:30"
140,236,264,26.56,45.2,1635315677398,"2021-10-27T11:51:17+05:30"
137,231,258,26.51,46.36,1635315687404,"2021-10-27T11:51:27+05:30"
140,234,264,26.57,47.45,1635315717972,"2021-10-27T11:51:57+05:30"
195,361,432,26.53,46.42,1635315748581,"2021-10-27T11:52:28+05:30"
137,232,260,26.52,46.32,1635315779156,"2021-10-27T11:52:59+05:30"
194,371,430,26.46,46.63,1635315809750,"2021-10-27T11:53:29+05:30"
191,360,417,26.46,47.17,1635315840438,"2021-10-27T11:54:00+05:30"
179,332,389,26.4,46.56,1635315870972,"2021-10-27T11:54:30+05:30"
168,299,343,26.32,44.94,1635315901533,"2021-10-27T11:55:01+05:30"
137,233,259,26.23,45.4,1635315932123,"2021-10-27T11:55:32+05:30"
127,215,242,26.21,46.86,1635315962749,"2021-10-27T11:56:02+05:30"
148,249,278,26.28,47.38,1635315993449,"2021-10-27T11:56:33+05:30"
166,287,323,26.23,47.04,1635316023897,"2021-10-27T11:57:03+05:30"
169,288,323,26.22,46.13,1635316054496,"2021-10-27T11:57:34+05:30"
154,261,295,26.19,45.9,1635316085085,"2021-10-27T11:58:05+05:30"
152,258,300,26.22,45.74,1635316115695,"2021-10-27T11:58:35+05:30"
188,330,380,26.22,45.52,1635316146296,"2021-10-27T11:59:06+05:30"
169,288,329,26.26,46.91,1635316176887,"2021-10-27T11:59:36+05:30"
147,249,283,26.22,46.41,1635316207466,"2021-10-27T12:00:07+05:30"
146,240,269,26.28,47.55,1635316238044,"2021-10-27T12:00:38+05:30"
120,196,223,26.26,45.17,1635316268673,"2021-10-27T12:01:08+05:30"
140,225,249,26.22,45.2,1635316299382,"2021-10-27T12:01:39+05:30"
136,215,238,26.17,45.37,1635316329837,"2021-10-27T12:02:09+05:30"
155,245,273,26.17,45.78,1635316360430,"2021-10-27T12:02:40+05:30"
118,184,206,26.15,45.88,1635316391221,"2021-10-27T12:03:11+05:30"
152,247,276,26.16,45.07,1635316421629,"2021-10-27T12:03:41+05:30"
147,239,264,26.13,45.08,1635316452222,"2021-10-27T12:04:12+05:30"
139,221,242,26.2,46.26,1635316482799,"2021-10-27T12:04:42+05:30"
131,213,235,26.3,46.54,1635316513402,"2021-10-27T12:05:13+05:30"
126,196,218,26.3,45.88,1635316544007,"2021-10-27T12:05:44+05:30"
135,209,228,26.24,45.41,1635316567178,"2021-10-27T12:06:07+05:30"
134,212,238,26.31,46.33,1635316597925,"2021-10-27T12:06:37+05:30"
128,196,218,26.38,46.6,1635316628368,"2021-10-27T12:07:08+05:30"
124,193,207,26.43,46.73,1635316658961,"2021-10-27T12:07:38+05:30"
115,177,194,26.43,46.65,1635316689572,"2021-10-27T12:08:09+05:30"
128,199,221,26.41,47.01,1635316720163,"2021-10-27T12:08:40+05:30"
124,191,213,26.39,46.12,1635316750830,"2021-10-27T12:09:10+05:30"
126,197,215,26.33,45.52,1635316781421,"2021-10-27T12:09:41+05:30"
116,176,193,26.32,45.63,1635316812023,"2021-10-27T12:10:12+05:30"
111,173,189,26.27,44.72,1635316842612,"2021-10-27T12:10:42+05:30"
112,175,191,26.24,44.62,1635316873198,"2021-10-27T12:11:13+05:30"
117,181,196,26.21,44.97,1635316903798,"2021-10-27T12:11:43+05:30"
115,183,201,26.22,46.67,1635316934389,"2021-10-27T12:12:14+05:30"
118,182,199,26.24,47.44,1635316964975,"2021-10-27T12:12:44+05:30"
121,185,209,26.25,45.24,1635316995675,"2021-10-27T12:13:15+05:30"
108,165,184,26.22,44.72,1635317026330,"2021-10-27T12:13:46+05:30"
106,165,180,26.18,44.27,1635317056961,"2021-10-27T12:14:16+05:30"
105,161,177,26.15,45.24,1635317087377,"2021-10-27T12:14:47+05:30"
106,160,174,26.15,45.24,1635317117941,"2021-10-27T12:15:17+05:30"
110,172,188,26.16,45.9,1635317148549,"2021-10-27T12:15:48+05:30"
105,166,185,26.24,46.03,1635317179140,"2021-10-27T12:16:19+05:30"
106,170,188,26.21,46.8,1635317209746,"2021-10-27T12:16:49+05:30"
109,167,182,26.35,46.94,1635317240314,"2021-10-27T12:17:20+05:30"
105,162,175,26.36,46.38,1635317271069,"2021-10-27T12:17:51+05:30"
108,165,178,26.29,45.45,1635317301519,"2021-10-27T12:18:21+05:30"
105,161,179,26.37,46.38,1635317332114,"2021-10-27T12:18:52+05:30"
104,160,170,26.39,44.73,1635317362753,"2021-10-27T12:19:22+05:30"
108,166,180,26.31,44.28,1635317393311,"2021-10-27T12:19:53+05:30"
104,160,174,26.24,44.86,1635317423893,"2021-10-27T12:20:23+05:30"
104,159,170,26.29,45.65,1635317454485,"2021-10-27T12:20:54+05:30"
104,161,177,26.27,44.5,1635317487263,"2021-10-27T12:21:27+05:30"
106,166,181,26.26,45.46,1635317548373,"2021-10-27T12:22:28+05:30"
108,169,184,26.25,45.23,1635317578966,"2021-10-27T12:22:58+05:30"
108,165,182,26.27,45.02,1635317587333,"2021-10-27T12:23:07+05:30"
106,162,178,26.28,45.89,1635317609567,"2021-10-27T12:23:29+05:30"
103,158,180,26.33,46.54,1635317640173,"2021-10-27T12:24:00+05:30"
106,160,177,26.34,44.38,1635317670823,"2021-10-27T12:24:30+05:30"
104,161,176,26.29,44.62,1635317701348,"2021-10-27T12:25:01+05:30"
105,162,181,26.24,45.2,1635317731984,"2021-10-27T12:25:31+05:30"
110,170,183,26.2,45.16,1635317762540,"2021-10-27T12:26:02+05:30"
104,159,173,26.23,46.38,1635317793122,"2021-10-27T12:26:33+05:30"
113,175,191,26.16,46.87,1635317823724,"2021-10-27T12:27:03+05:30"
117,178,190,26.2,46.95,1635317854391,"2021-10-27T12:27:34+05:30"
121,182,194,26.24,45.64,1635317885031,"2021-10-27T12:28:05+05:30"
118,179,193,26.29,45.87,1635317915589,"2021-10-27T12:28:35+05:30"
107,166,182,26.32,45.22,1635317946176,"2021-10-27T12:29:06+05:30"
105,164,182,26.37,45.15,1635317976765,"2021-10-27T12:29:36+05:30"
103,160,172,26.42,44.61,1635318007367,"2021-10-27T12:30:07+05:30"
103,159,173,26.49,44.86,1635318037964,"2021-10-27T12:30:37+05:30"
100,153,166,26.53,44.28,1635318068550,"2021-10-27T12:31:08+05:30"
102,157,172,26.58,45.56,1635318099185,"2021-10-27T12:31:39+05:30"
103,154,168,26.58,44.48,1635318129760,"2021-10-27T12:32:09+05:30"
101,155,173,26.56,44.77,1635318160477,"2021-10-27T12:32:40+05:30"
100,157,173,26.53,44.52,1635318191234,"2021-10-27T12:33:11+05:30"
99,152,167,26.5,44.06,1635318223371,"2021-10-27T12:33:43+05:30"
98,153,165,26.45,43.96,1635318252469,"2021-10-27T12:34:12+05:30"
101,158,172,26.47,46.06,1635318273172,"2021-10-27T12:34:33+05:30"
123,188,205,26.45,44.97,1635318305491,"2021-10-27T12:35:05+05:30"
113,175,193,26.45,44.48,1635318334312,"2021-10-27T12:35:34+05:30"
103,152,165,26.47,43.28,1635318368100,"2021-10-27T12:36:08+05:30"
101,153,167,26.46,44.11,1635318398753,"2021-10-27T12:36:38+05:30"
100,150,167,26.46,44.6,1635318429240,"2021-10-27T12:37:09+05:30"
105,162,172,26.47,45.75,1635318459985,"2021-10-27T12:37:39+05:30"
120,188,203,26.47,45.77,1635318490412,"2021-10-27T12:38:10+05:30"
178,281,304,26.5,45.93,1635318521006,"2021-10-27T12:38:41+05:30"
151,236,256,26.51,46.07,1635318551857,"2021-10-27T12:39:11+05:30"
137,213,231,26.56,46.88,1635318582258,"2021-10-27T12:39:42+05:30"
125,193,210,26.68,47.42,1635318612856,"2021-10-27T12:40:12+05:30"
131,201,216,26.75,46.79,1635318643453,"2021-10-27T12:40:43+05:30"
126,199,215,26.76,46.12,1635318674043,"2021-10-27T12:41:14+05:30"
119,184,200,26.72,45.66,1635318704619,"2021-10-27T12:41:44+05:30"
118,183,203,26.74,46.06,1635318735293,"2021-10-27T12:42:15+05:30"
110,171,186,26.65,44.71,1635318765806,"2021-10-27T12:42:45+05:30"
111,166,180,26.67,45.91,1635318796436,"2021-10-27T12:43:16+05:30"
113,170,185,26.75,45.94,1635318827012,"2021-10-27T12:43:47+05:30"
115,177,193,26.82,46.19,1635318857612,"2021-10-27T12:44:17+05:30"
107,165,180,26.72,44.46,1635318888232,"2021-10-27T12:44:48+05:30"
107,165,183,26.67,45.93,1635318918779,"2021-10-27T12:45:18+05:30"
111,171,182,26.78,46.53,1635318949577,"2021-10-27T12:45:49+05:30"
109,166,180,26.81,46.42,1635318979971,"2021-10-27T12:46:19+05:30"
109,171,186,26.72,46.03,1635319010654,"2021-10-27T12:46:50+05:30"
103,157,172,26.66,44.91,1635319041156,"2021-10-27T12:47:21+05:30"
102,153,170,26.67,43.65,1635319071867,"2021-10-27T12:47:51+05:30"
100,155,168,26.67,44.44,1635319102340,"2021-10-27T12:48:22+05:30"
104,162,177,26.75,46.38,1635319133221,"2021-10-27T12:48:53+05:30"
104,159,174,26.72,44.98,1635319163740,"2021-10-27T12:49:23+05:30"
103,159,171,26.65,45.13,1635319194511,"2021-10-27T12:49:54+05:30"
103,156,165,26.6,44.52,1635319225412,"2021-10-27T12:50:25+05:30"
101,158,171,26.57,45.69,1635319255998,"2021-10-27T12:50:55+05:30"
102,160,170,26.64,46.82,1635319276959,"2021-10-27T12:51:16+05:30"
103,154,169,26.7,46.48,1635319307812,"2021-10-27T12:51:47+05:30"
104,159,172,26.77,46.36,1635319338728,"2021-10-27T12:52:18+05:30"
102,159,172,26.81,45.93,1635319369317,"2021-10-27T12:52:49+05:30"
100,153,165,26.85,45.91,1635319399925,"2021-10-27T12:53:19+05:30"
103,158,169,26.88,46.4,1635319430609,"2021-10-27T12:53:50+05:30"
101,155,164,26.85,45.68,1635319461103,"2021-10-27T12:54:21+05:30"
100,153,167,26.75,44.67,1635319491844,"2021-10-27T12:54:51+05:30"
102,159,171,26.7,45.37,1635319522290,"2021-10-27T12:55:22+05:30"
101,156,171,26.71,45.71,1635319552884,"2021-10-27T12:55:52+05:30"
100,153,165,26.62,45.03,1635319583488,"2021-10-27T12:56:23+05:30"
102,156,169,26.7,46.63,1635319614021,"2021-10-27T12:56:54+05:30"
99,148,165,26.59,45.35,1635319644603,"2021-10-27T12:57:24+05:30"
97,151,164,26.49,44.54,1635319675215,"2021-10-27T12:57:55+05:30"
98,152,167,26.47,44.47,1635319705796,"2021-10-27T12:58:25+05:30"
98,150,167,26.52,46.42,1635319736379,"2021-10-27T12:58:56+05:30"
99,151,167,26.52,46.7,1635319766980,"2021-10-27T12:59:26+05:30"
97,146,156,26.49,45.74,1635319797620,"2021-10-27T12:59:57+05:30"
98,149,164,26.46,44.6,1635319828175,"2021-10-27T13:00:28+05:30"
99,152,166,26.45,44.49,1635319858771,"2021-10-27T13:00:58+05:30"
98,149,166,26.5,45.22,1635319889355,"2021-10-27T13:01:29+05:30"
95,142,158,26.52,43.48,1635319919979,"2021-10-27T13:01:59+05:30"
94,143,154,26.53,43.25,1635319950779,"2021-10-27T13:02:30+05:30"
95,146,154,26.54,42.68,1635319981138,"2021-10-27T13:03:01+05:30"
93,140,151,26.53,43.21,1635320011722,"2021-10-27T13:03:31+05:30"
94,145,155,26.55,45.09,1635320042341,"2021-10-27T13:04:02+05:30"
96,143,155,26.58,45.25,1635320072945,"2021-10-27T13:04:32+05:30"
98,143,163,26.59,45.04,1635320103507,"2021-10-27T13:05:03+05:30"
96,148,158,26.51,43.45,1635320134107,"2021-10-27T13:05:34+05:30"
92,145,161,26.45,43.64,1635320170109,"2021-10-27T13:06:10+05:30"
93,141,155,26.54,45.35,1635320190018,"2021-10-27T13:06:30+05:30"
96,148,162,26.54,43.44,1635320220596,"2021-10-27T13:07:00+05:30"
90,142,153,26.47,42.88,1635320251183,"2021-10-27T13:07:31+05:30"
91,141,155,26.45,43.83,1635320281780,"2021-10-27T13:08:01+05:30"
91,139,151,26.45,44.14,1635320312396,"2021-10-27T13:08:32+05:30"
92,138,147,26.45,44.17,1635320342960,"2021-10-27T13:09:02+05:30"
87,132,142,26.44,43.25,1635320373679,"2021-10-27T13:09:33+05:30"
88,134,147,26.48,43.99,1635320404247,"2021-10-27T13:10:04+05:30"
94,144,158,26.46,44.65,1635320434756,"2021-10-27T13:10:34+05:30"
95,149,165,26.47,45.4,1635320465361,"2021-10-27T13:11:05+05:30"
96,147,159,26.57,45.69,1635320496030,"2021-10-27T13:11:36+05:30"
95,146,159,26.57,44.3,1635320526532,"2021-10-27T13:12:06+05:30"
95,144,156,26.5,44.35,1635320557191,"2021-10-27T13:12:37+05:30"
100,152,165,26.58,45.43,1635320587847,"2021-10-27T13:13:07+05:30"
109,173,190,26.54,45.77,1635320618352,"2021-10-27T13:13:38+05:30"
107,170,186,26.58,45.25,1635320648953,"2021-10-27T13:14:08+05:30"
116,182,206,26.57,45.02,1635320679534,"2021-10-27T13:14:39+05:30"
118,190,213,26.53,43.46,1635320710137,"2021-10-27T13:15:10+05:30"
91,136,155,26.52,43.06,1635320740720,"2021-10-27T13:15:40+05:30"
93,141,155,26.5,43.89,1635320771514,"2021-10-27T13:16:11+05:30"
93,140,153,26.47,44.47,1635320801922,"2021-10-27T13:16:41+05:30"
92,143,156,26.52,45.16,1635320832535,"2021-10-27T13:17:12+05:30"
89,134,147,26.52,44.23,1635320863199,"2021-10-27T13:17:43+05:30"
87,133,141,26.48,43.77,1635320893695,"2021-10-27T13:18:13+05:30"
86,133,145,26.5,44.02,1635320924303,"2021-10-27T13:18:44+05:30"
86,132,142,26.49,43.4,1635320954871,"2021-10-27T13:19:14+05:30"
86,129,141,26.5,44.6,1635320985473,"2021-10-27T13:19:45+05:30"
89,135,146,26.56,45.31,1635321016265,"2021-10-27T13:20:16+05:30"
87,131,142,26.59,45.55,1635321046692,"2021-10-27T13:20:46+05:30"
88,132,144,26.58,45.89,1635321075000,"2021-10-27T13:21:15+05:30"
87,134,149,26.63,46,1635321105586,"2021-10-27T13:21:45+05:30"
84,127,142,26.6,43.9,1635321136193,"2021-10-27T13:22:16+05:30"
82,125,138,26.57,43.68,1635321166818,"2021-10-27T13:22:46+05:30"
82,123,137,26.53,44.33,1635321197379,"2021-10-27T13:23:17+05:30"
81,124,138,26.5,44.77,1635321228762,"2021-10-27T13:23:48+05:30"
85,127,140,26.57,45.02,1635321258683,"2021-10-27T13:24:18+05:30"
83,126,136,26.57,45.34,1635321289258,"2021-10-27T13:24:49+05:30"
85,129,137,26.64,45.94,1635321319934,"2021-10-27T13:25:19+05:30"
84,130,145,26.54,46.58,1635321350432,"2021-10-27T13:25:50+05:30"
83,126,140,26.49,44.31,1635321381186,"2021-10-27T13:26:21+05:30"
81,123,134,26.53,45.45,1635321411606,"2021-10-27T13:26:51+05:30"
83,127,139,26.61,46.05,1635321442206,"2021-10-27T13:27:22+05:30"
83,125,137,26.6,45.85,1635321472802,"2021-10-27T13:27:52+05:30"
81,124,139,26.61,44.84,1635321503388,"2021-10-27T13:28:23+05:30"
79,120,132,26.56,44.57,1635321534013,"2021-10-27T13:28:54+05:30"
82,123,132,26.59,45.83,1635321564593,"2021-10-27T13:29:24+05:30"
82,121,133,26.6,44.9,1635321595195,"2021-10-27T13:29:55+05:30"
79,118,127,26.55,43.78,1635321625770,"2021-10-27T13:30:25+05:30"
78,120,133,26.56,44.53,1635321656607,"2021-10-27T13:30:56+05:30"
78,121,133,26.58,45.27,1635321686963,"2021-10-27T13:31:26+05:30"
80,122,134,26.62,45.35,1635321717564,"2021-10-27T13:31:57+05:30"
79,121,134,26.7,45.88,1635321748143,"2021-10-27T13:32:28+05:30"
78,120,132,26.67,44.6,1635321778736,"2021-10-27T13:32:58+05:30"
79,116,125,26.66,43.58,1635321809352,"2021-10-27T13:33:29+05:30"
78,117,130,26.64,43.23,1635321839914,"2021-10-27T13:33:59+05:30"
80,121,131,26.63,43.43,1635321870523,"2021-10-27T13:34:30+05:30"
77,115,128,26.62,43.25,1635321901126,"2021-10-27T13:35:01+05:30"
78,117,130,26.63,44.79,1635321931719,"2021-10-27T13:35:31+05:30"
79,117,126,26.66,44.47,1635321962281,"2021-10-27T13:36:02+05:30"
78,115,128,26.64,43.23,1635321992017,"2021-10-27T13:36:32+05:30"
75,113,121,26.67,43.18,1635322022549,"2021-10-27T13:37:02+05:30"
75,116,125,26.68,42.78,1635322053070,"2021-10-27T13:37:33+05:30"
76,114,127,26.7,42.98,1635322083669,"2021-10-27T13:38:03+05:30"
74,111,122,26.7,43.07,1635322114309,"2021-10-27T13:38:34+05:30"
72,110,121,26.7,43.7,1635322144856,"2021-10-27T13:39:04+05:30"
75,112,118,26.66,44.73,1635322175441,"2021-10-27T13:39:35+05:30"
76,114,124,26.57,44.15,1635322206042,"2021-10-27T13:40:06+05:30"
81,121,129,26.54,44.82,1635322236798,"2021-10-27T13:40:36+05:30"
77,114,124,26.56,43.96,1635322267235,"2021-10-27T13:41:07+05:30"
75,113,123,26.57,43.68,1635322297832,"2021-10-27T13:41:37+05:30"
75,113,121,26.64,45.29,1635322328429,"2021-10-27T13:42:08+05:30"
76,116,128,26.68,44.9,1635322359091,"2021-10-27T13:42:39+05:30"
74,112,123,26.68,44.71,1635322389698,"2021-10-27T13:43:09+05:30"
75,111,122,26.65,44.5,1635322420283,"2021-10-27T13:43:40+05:30"
74,112,125,26.64,44.86,1635322450894,"2021-10-27T13:44:10+05:30"
72,109,120,26.61,43.05,1635322481476,"2021-10-27T13:44:41+05:30"
72,107,119,26.61,44.36,1635322512073,"2021-10-27T13:45:12+05:30"
74,113,123,26.67,45.35,1635322542654,"2021-10-27T13:45:42+05:30"
70,106,118,26.63,43.48,1635322573238,"2021-10-27T13:46:13+05:30"
71,104,114,26.61,43.96,1635322604064,"2021-10-27T13:46:44+05:30"
70,107,118,26.59,43.53,1635322634435,"2021-10-27T13:47:14+05:30"
70,105,117,26.57,43.42,1635322665013,"2021-10-27T13:47:45+05:30"
69,102,110,26.54,43.48,1635322695747,"2021-10-27T13:48:15+05:30"
69,102,112,26.59,44.59,1635322726218,"2021-10-27T13:48:46+05:30"
69,104,116,26.59,43.52,1635322756807,"2021-10-27T13:49:16+05:30"
68,103,112,26.51,43.43,1635322787419,"2021-10-27T13:49:47+05:30"
70,105,114,26.46,43.34,1635322817989,"2021-10-27T13:50:17+05:30"
68,103,113,26.49,44.14,1635322848581,"2021-10-27T13:50:48+05:30"
66,102,112,26.48,43.62,1635322874044,"2021-10-27T13:51:14+05:30"
69,106,116,26.52,44.31,1635322904916,"2021-10-27T13:51:44+05:30"
68,105,114,26.52,43.59,1635322935759,"2021-10-27T13:52:15+05:30"
68,101,109,26.53,43.67,1635322966554,"2021-10-27T13:52:46+05:30"
67,102,110,26.56,44.56,1635322997024,"2021-10-27T13:53:17+05:30"
73,108,115,26.57,43.45,1635323027608,"2021-10-27T13:53:47+05:30"
71,106,117,26.57,44.02,1635323058221,"2021-10-27T13:54:18+05:30"
70,104,113,26.64,44.82,1635323088785,"2021-10-27T13:54:48+05:30"
74,109,117,26.56,44.17,1635323119388,"2021-10-27T13:55:19+05:30"
72,109,120,26.54,44.36,1635323149987,"2021-10-27T13:55:49+05:30"
76,113,125,26.5,44.27,1635323180742,"2021-10-27T13:56:20+05:30"
76,115,124,26.52,44.93,1635323211218,"2021-10-27T13:56:51+05:30"
73,110,120,26.54,44.47,1635323241777,"2021-10-27T13:57:21+05:30"
68,102,117,26.56,43.81,1635323272338,"2021-10-27T13:57:52+05:30"
71,102,110,26.53,43.73,1635323302935,"2021-10-27T13:58:22+05:30"
68,104,115,26.51,44.53,1635323333527,"2021-10-27T13:58:53+05:30"
71,107,119,26.48,44.37,1635323364140,"2021-10-27T13:59:24+05:30"
67,104,115,26.53,45.67,1635323394747,"2021-10-27T13:59:54+05:30"
72,106,116,26.53,45.79,1635323425416,"2021-10-27T14:00:25+05:30"
73,110,120,26.46,45.72,1635323456001,"2021-10-27T14:00:56+05:30"
69,104,114,26.46,45.52,1635323486613,"2021-10-27T14:01:26+05:30"
66,101,112,26.47,44.2,1635323517172,"2021-10-27T14:01:57+05:30"
64,97,105,26.41,44.82,1635323547802,"2021-10-27T14:02:27+05:30"
66,99,106,26.42,44.83,1635323578365,"2021-10-27T14:02:58+05:30"
68,103,111,26.45,45.74,1635323608963,"2021-10-27T14:03:28+05:30"
69,101,109,26.44,44.68,1635323639620,"2021-10-27T14:03:59+05:30"
67,102,112,26.52,44.99,1635323670199,"2021-10-27T14:04:30+05:30"
66,101,111,26.56,43.31,1635323700787,"2021-10-27T14:05:00+05:30"
63,94,103,26.6,42.51,1635323731388,"2021-10-27T14:05:31+05:30"
64,93,102,26.65,42.45,1635323761962,"2021-10-27T14:06:01+05:30"
63,98,105,26.65,42.22,1635323795286,"2021-10-27T14:06:35+05:30"
64,98,110,26.68,44.17,1635323825871,"2021-10-27T14:07:05+05:30"
65,99,109,26.74,45.1,1635323856540,"2021-10-27T14:07:36+05:30"
64,97,105,26.74,43.89,1635323887244,"2021-10-27T14:08:07+05:30"
62,94,105,26.72,42.33,1635323917736,"2021-10-27T14:08:37+05:30"
61,94,101,26.74,42.3,1635323948326,"2021-10-27T14:09:08+05:30"
62,94,105,26.77,44.41,1635323978888,"2021-10-27T14:09:38+05:30"
63,96,103,26.72,44.75,1635324009471,"2021-10-27T14:10:09+05:30"
62,95,105,26.69,44.4,1635324040118,"2021-10-27T14:10:40+05:30"
62,94,101,26.66,42.65,1635324070750,"2021-10-27T14:11:10+05:30"
62,94,103,26.69,41.85,1635324101237,"2021-10-27T14:11:41+05:30"
62,90,96,26.7,42.09,1635324131932,"2021-10-27T14:12:11+05:30"
62,92,97,26.67,41.96,1635324162627,"2021-10-27T14:12:42+05:30"
63,94,103,26.7,42.32,1635324193298,"2021-10-27T14:13:13+05:30"
61,94,102,26.76,43.92,1635324224060,"2021-10-27T14:13:44+05:30"
64,97,106,26.71,43.85,1635324254660,"2021-10-27T14:14:14+05:30"
64,94,103,26.7,44.61,1635324285254,"2021-10-27T14:14:45+05:30"
63,96,104,26.75,44.79,1635324315934,"2021-10-27T14:15:15+05:30"
64,96,109,26.73,45.4,1635324346597,"2021-10-27T14:15:46+05:30"
64,98,107,26.63,45.22,1635324367333,"2021-10-27T14:16:07+05:30"
62,98,105,26.63,43.55,1635324398280,"2021-10-27T14:16:38+05:30"
65,98,112,26.62,43.02,1635324428770,"2021-10-27T14:17:08+05:30"
61,92,102,26.67,42.42,1635324459465,"2021-10-27T14:17:39+05:30"
62,92,100,26.78,45.36,1635324489924,"2021-10-27T14:18:09+05:30"
61,92,98,26.82,44.05,1635324520487,"2021-10-27T14:18:40+05:30"
60,88,96,26.76,41.36,1635324551284,"2021-10-27T14:19:11+05:30"
61,88,96,26.74,41.75,1635324581690,"2021-10-27T14:19:41+05:30"
60,91,98,26.77,43.64,1635324612257,"2021-10-27T14:20:12+05:30"
60,91,99,26.79,44.3,1635324642821,"2021-10-27T14:20:42+05:30"
61,89,98,26.8,45.11,1635324676362,"2021-10-27T14:21:16+05:30"
62,92,101,26.78,45.15,1635324706898,"2021-10-27T14:21:46+05:30"
63,94,104,26.73,45.64,1635324737513,"2021-10-27T14:22:17+05:30"
63,94,103,26.69,43.43,1635324768074,"2021-10-27T14:22:48+05:30"
60,89,97,26.66,41.5,1635324798642,"2021-10-27T14:23:18+05:30"
62,90,98,26.65,41.44,1635324829258,"2021-10-27T14:23:49+05:30"
60,90,100,26.67,41.12,1635324859784,"2021-10-27T14:24:19+05:30"
62,91,98,26.7,41.81,1635324890353,"2021-10-27T14:24:50+05:30"
61,91,100,26.69,42.7,1635324920956,"2021-10-27T14:25:20+05:30"
72,108,118,26.67,42.9,1635324951538,"2021-10-27T14:25:51+05:30"
66,99,107,26.7,44.09,1635324982124,"2021-10-27T14:26:22+05:30"
67,97,104,26.72,42.92,1635325012734,"2021-10-27T14:26:52+05:30"
65,97,104,26.7,41.89,1635325043319,"2021-10-27T14:27:23+05:30"
64,96,106,26.68,41.86,1635325073904,"2021-10-27T14:27:53+05:30"
63,95,105,26.74,43.44,1635325104524,"2021-10-27T14:28:24+05:30"
67,99,104,26.79,43.74,1635325135093,"2021-10-27T14:28:55+05:30"
66,102,110,26.74,44.08,1635325165655,"2021-10-27T14:29:25+05:30"
66,100,112,26.68,43.76,1635325196306,"2021-10-27T14:29:56+05:30"
63,96,105,26.73,44.04,1635325226911,"2021-10-27T14:30:26+05:30"
62,94,104,26.72,43.42,1635325257540,"2021-10-27T14:30:57+05:30"
62,94,101,26.74,44.36,1635325288114,"2021-10-27T14:31:28+05:30"
63,92,104,26.73,43.69,1635325318691,"2021-10-27T14:31:58+05:30"
62,94,100,26.77,42.78,1635325349259,"2021-10-27T14:32:29+05:30"
64,97,104,26.8,44.03,1635325380012,"2021-10-27T14:33:00+05:30"
65,96,104,26.8,42.28,1635325410454,"2021-10-27T14:33:30+05:30"
53,81,91,26.27,46.71,1635329967756,"2021-10-27T15:49:27+05:30"
52,78,86,26.22,47.43,1635329978205,"2021-10-27T15:49:38+05:30"
53,81,89,26.25,49.45,1635330008767,"2021-10-27T15:50:08+05:30"
53,80,84,26.25,49.75,1635330039348,"2021-10-27T15:50:39+05:30"
57,87,96,26.23,49.29,1635330069911,"2021-10-27T15:51:09+05:30"
56,81,90,26.21,50.06,1635330100496,"2021-10-27T15:51:40+05:30"
53,78,88,26.21,46.59,1635330131051,"2021-10-27T15:52:11+05:30"
50,77,86,26.27,45.36,1635330161619,"2021-10-27T15:52:41+05:30"
49,74,81,26.32,46.07,1635330192201,"2021-10-27T15:53:12+05:30"
49,74,80,26.4,44.76,1635330222783,"2021-10-27T15:53:42+05:30"
48,71,77,26.45,44.66,1635330253364,"2021-10-27T15:54:13+05:30"
53,77,84,26.47,48.21,1635330283897,"2021-10-27T15:54:43+05:30"
52,78,85,26.45,47.52,1635330314496,"2021-10-27T15:55:14+05:30"
51,76,84,26.42,46.69,1635330345073,"2021-10-27T15:55:45+05:30"
48,71,80,26.41,45.9,1635330375620,"2021-10-27T15:56:15+05:30"
51,75,83,26.44,47.98,1635330406323,"2021-10-27T15:56:46+05:30"
52,77,87,26.45,47.6,1635330436760,"2021-10-27T15:57:16+05:30"
48,75,83,26.45,45.43,1635330467422,"2021-10-27T15:57:47+05:30"
44,68,78,26.51,43.06,1635330497988,"2021-10-27T15:58:17+05:30"
45,68,78,26.52,44.1,1635330528559,"2021-10-27T15:58:48+05:30"
45,68,77,26.54,44.48,1635330559129,"2021-10-27T15:59:19+05:30"
47,71,77,26.58,45.7,1635330589710,"2021-10-27T15:59:49+05:30"
50,76,84,26.58,45.23,1635330620280,"2021-10-27T16:00:20+05:30"
50,77,85,26.59,45.15,1635330650835,"2021-10-27T16:00:50+05:30"
49,72,80,26.59,45.4,1635330681475,"2021-10-27T16:01:21+05:30"
52,78,86,26.58,44.81,1635330712076,"2021-10-27T16:01:52+05:30"
49,73,81,26.61,46.14,1635330742560,"2021-10-27T16:02:22+05:30"
50,77,83,26.6,46.82,1635330773128,"2021-10-27T16:02:53+05:30"
49,73,82,26.66,46.54,1635330803709,"2021-10-27T16:03:23+05:30"
52,77,83,26.6,46.34,1635330834370,"2021-10-27T16:03:54+05:30"
51,76,82,26.58,46.59,1635330866526,"2021-10-27T16:04:26+05:30"
50,74,80,26.63,46.92,1635330897098,"2021-10-27T16:04:57+05:30"
51,74,83,26.58,46.23,1635330927675,"2021-10-27T16:05:27+05:30"
52,77,84,26.62,47.07,1635330958227,"2021-10-27T16:05:58+05:30"
49,73,80,26.61,46.27,1635330988821,"2021-10-27T16:06:28+05:30"
51,79,87,26.55,45.82,1635331019719,"2021-10-27T16:06:59+05:30"
53,79,87,26.61,46.59,1635331050889,"2021-10-27T16:07:30+05:30"
55,80,88,26.66,45.9,1635331082064,"2021-10-27T16:08:02+05:30"
52,77,87,26.7,45.95,1635331102333,"2021-10-27T16:08:22+05:30"
56,84,93,26.69,45.76,1635331133255,"2021-10-27T16:08:53+05:30"
55,83,90,26.65,46.52,1635331163827,"2021-10-27T16:09:23+05:30"
61,90,99,26.63,47.57,1635331194388,"2021-10-27T16:09:54+05:30"
59,85,93,26.63,47.91,1635331224989,"2021-10-27T16:10:24+05:30"
63,90,96,26.59,47.14,1635331255527,"2021-10-27T16:10:55+05:30"
61,90,98,26.58,47.83,1635331286095,"2021-10-27T16:11:26+05:30"
57,85,92,26.63,47.48,1635331316690,"2021-10-27T16:11:56+05:30"
57,85,91,26.71,47.22,1635331347250,"2021-10-27T16:12:27+05:30"
57,84,93,26.72,46.62,1635331377809,"2021-10-27T16:12:57+05:30"
56,83,88,26.7,46.75,1635331408387,"2021-10-27T16:13:28+05:30"
56,82,89,26.73,47.36,1635331438972,"2021-10-27T16:13:58+05:30"
57,83,92,26.75,47.74,1635331469551,"2021-10-27T16:14:29+05:30"
59,88,97,26.7,47.57,1635331500109,"2021-10-27T16:15:00+05:30"
62,90,100,26.6,48.27,1635331530690,"2021-10-27T16:15:30+05:30"
61,92,101,26.58,48.07,1635331561290,"2021-10-27T16:16:01+05:30"
59,89,99,26.51,48.45,1635331591868,"2021-10-27T16:16:31+05:30"
58,86,95,26.57,48.95,1635331622417,"2021-10-27T16:17:02+05:30"
58,87,98,26.59,48.79,1635331653001,"2021-10-27T16:17:33+05:30"
59,86,95,26.6,48.78,1635331683609,"2021-10-27T16:18:03+05:30"
56,82,90,26.61,48.55,1635331714149,"2021-10-27T16:18:34+05:30"
56,84,92,26.62,48.44,1635331744718,"2021-10-27T16:19:04+05:30"
54,82,91,26.55,46.15,1635331773177,"2021-10-27T16:19:33+05:30"
53,78,86,26.61,47.16,1635331803585,"2021-10-27T16:20:03+05:30"
55,83,93,26.64,47.97,1635331834322,"2021-10-27T16:20:34+05:30"
54,82,89,26.62,48.2,1635331864862,"2021-10-27T16:21:04+05:30"
53,80,90,26.66,46.49,1635331895637,"2021-10-27T16:21:35+05:30"
54,83,93,26.69,44.43,1635331926093,"2021-10-27T16:22:06+05:30"
53,78,87,26.72,46.21,1635331956664,"2021-10-27T16:22:36+05:30"
53,75,80,26.71,45.19,1635331987241,"2021-10-27T16:23:07+05:30"
51,77,85,26.69,43.81,1635332017803,"2021-10-27T16:23:37+05:30"
50,77,87,26.69,45.52,1635332048375,"2021-10-27T16:24:08+05:30"
52,79,90,26.74,46.77,1635332078944,"2021-10-27T16:24:38+05:30"
52,77,90,26.76,46.59,1635332109544,"2021-10-27T16:25:09+05:30"
51,79,86,26.71,47.28,1635332140269,"2021-10-27T16:25:40+05:30"
51,76,88,26.69,47.87,1635332170902,"2021-10-27T16:26:10+05:30"
52,76,87,26.69,47.93,1635332201782,"2021-10-27T16:26:41+05:30"
50,75,86,26.73,48.03,1635332232305,"2021-10-27T16:27:12+05:30"
51,81,89,26.7,47.99,1635332262845,"2021-10-27T16:27:42+05:30"
51,77,84,26.67,48,1635332293413,"2021-10-27T16:28:13+05:30"
52,77,86,26.59,47.77,1635332324184,"2021-10-27T16:28:44+05:30"
50,75,83,26.6,47.76,1635332354741,"2021-10-27T16:29:14+05:30"
51,77,82,26.6,47.47,1635332385309,"2021-10-27T16:29:45+05:30"
51,75,82,26.7,47.31,1635332416083,"2021-10-27T16:30:16+05:30"
52,78,88,26.66,45.96,1635332446456,"2021-10-27T16:30:46+05:30"
54,82,91,26.68,46.65,1635332477023,"2021-10-27T16:31:17+05:30"
57,86,94,26.68,47.14,1635332507601,"2021-10-27T16:31:47+05:30"
57,86,91,26.69,47.64,1635332538255,"2021-10-27T16:32:18+05:30"
69,105,114,26.57,46.8,1635332568871,"2021-10-27T16:32:48+05:30"
63,100,110,26.49,47.01,1635332599419,"2021-10-27T16:33:19+05:30"
56,89,101,26.45,44.47,1635332630038,"2021-10-27T16:33:50+05:30"
53,79,88,26.5,45.78,1635332660642,"2021-10-27T16:34:20+05:30"
56,84,92,26.56,46.55,1635332689959,"2021-10-27T16:34:49+05:30"
56,85,92,26.63,47.09,1635332720492,"2021-10-27T16:35:20+05:30"
57,87,100,26.63,47.3,1635332751145,"2021-10-27T16:35:51+05:30"
58,88,95,26.61,47.89,1635332781648,"2021-10-27T16:36:21+05:30"
59,88,95,26.61,47.87,1635332812227,"2021-10-27T16:36:52+05:30"
62,97,108,26.63,47.77,1635332842881,"2021-10-27T16:37:22+05:30"
67,100,115,26.53,47.09,1635332873447,"2021-10-27T16:37:53+05:30"
58,85,96,26.52,44.46,1635332904015,"2021-10-27T16:38:24+05:30"
58,90,102,26.63,47.27,1635332934589,"2021-10-27T16:38:54+05:30"
60,92,108,26.63,47.19,1635332965157,"2021-10-27T16:39:25+05:30"
60,91,99,26.66,47.08,1635332996094,"2021-10-27T16:39:56+05:30"
56,85,98,26.7,47.08,1635333026675,"2021-10-27T16:40:26+05:30"
58,89,98,26.76,47.09,1635333057256,"2021-10-27T16:40:57+05:30"
59,89,100,26.83,47.38,1635333087840,"2021-10-27T16:41:27+05:30"
59,88,97,26.78,46.78,1635333118479,"2021-10-27T16:41:58+05:30"
58,90,101,26.77,47.3,1635333148976,"2021-10-27T16:42:28+05:30"
56,89,104,26.82,47.49,1635333179718,"2021-10-27T16:42:59+05:30"
60,94,107,26.81,47.7,1635333210307,"2021-10-27T16:43:30+05:30"
62,94,106,26.76,46.94,1635333240965,"2021-10-27T16:44:00+05:30"
59,96,107,26.7,47.71,1635333271539,"2021-10-27T16:44:31+05:30"
58,90,102,26.76,47.5,1635333302122,"2021-10-27T16:45:02+05:30"
59,93,103,26.77,47.48,1635333332719,"2021-10-27T16:45:32+05:30"
56,90,103,26.73,47.33,1635333363285,"2021-10-27T16:46:03+05:30"
58,89,100,26.75,47.96,1635333394006,"2021-10-27T16:46:34+05:30"
58,90,102,26.81,47.74,1635333424587,"2021-10-27T16:47:04+05:30"
58,90,98,26.86,48.08,1635333455174,"2021-10-27T16:47:35+05:30"
59,93,106,26.89,48.08,1635333485734,"2021-10-27T16:48:05+05:30"
58,91,104,26.9,47.95,1635333516346,"2021-10-27T16:48:36+05:30"
58,90,103,26.94,47.88,1635333546924,"2021-10-27T16:49:06+05:30"
58,90,100,26.95,47.96,1635333576973,"2021-10-27T16:49:36+05:30"
56,85,94,26.99,48.06,1635333607538,"2021-10-27T16:50:07+05:30"
60,91,103,26.98,48.48,1635333638521,"2021-10-27T16:50:38+05:30"
62,96,112,26.95,48.84,1635333669228,"2021-10-27T16:51:09+05:30"
63,93,106,26.99,48.64,1635333699821,"2021-10-27T16:51:39+05:30"
70,109,124,27,48.69,1635333730463,"2021-10-27T16:52:10+05:30"
75,115,125,26.95,48.58,1635333760996,"2021-10-27T16:52:40+05:30"
72,109,120,26.9,48.28,1635333791765,"2021-10-27T16:53:11+05:30"
67,105,120,26.91,48.35,1635333822342,"2021-10-27T16:53:42+05:30"
66,101,113,26.89,48.37,1635333852930,"2021-10-27T16:54:12+05:30"
63,96,107,26.94,48.45,1635333883510,"2021-10-27T16:54:43+05:30"
60,94,104,26.94,48.41,1635333914099,"2021-10-27T16:55:14+05:30"
55,85,99,26.96,47.35,1635334085373,"2021-10-27T16:58:05+05:30"
55,84,95,27.04,47.64,1635334095976,"2021-10-27T16:58:15+05:30"
55,84,94,27.14,47.71,1635334196693,"2021-10-27T16:59:56+05:30"
55,82,95,27.14,47.62,1635334227531,"2021-10-27T17:00:27+05:30"
54,81,90,27.14,47.93,1635334258014,"2021-10-27T17:00:58+05:30"
54,83,91,27.17,48.19,1635334288679,"2021-10-27T17:01:28+05:30"
56,82,91,27.16,48.13,1635334319180,"2021-10-27T17:01:59+05:30"
56,82,91,27.16,48.13,1635334324452,"2021-10-27T17:02:04+05:30"
53,80,89,27.19,48.16,1635334349659,"2021-10-27T17:02:29+05:30"
55,85,94,27.16,47.79,1635334380227,"2021-10-27T17:03:00+05:30"
55,80,87,27.09,47.34,1635334410809,"2021-10-27T17:03:30+05:30"
54,82,91,27.05,47.82,1635334441534,"2021-10-27T17:04:01+05:30"
54,82,93,27.04,48,1635334471954,"2021-10-27T17:04:31+05:30"
56,86,96,26.92,47.74,1635334502554,"2021-10-27T17:05:02+05:30"
55,83,92,26.89,48.25,1635334533127,"2021-10-27T17:05:33+05:30"
55,84,92,26.91,48.67,1635334563728,"2021-10-27T17:06:03+05:30"
55,84,90,26.89,48.57,1635334594285,"2021-10-27T17:06:34+05:30"
54,82,89,26.86,48.74,1635334624839,"2021-10-27T17:07:04+05:30"
54,81,92,26.85,49.29,1635334655432,"2021-10-27T17:07:35+05:30"
56,83,93,26.85,49.24,1635334686022,"2021-10-27T17:08:06+05:30"
57,88,99,26.8,49.49,1635334716609,"2021-10-27T17:08:36+05:30"
58,88,99,26.69,49.82,1635334747241,"2021-10-27T17:09:07+05:30"
56,86,98,26.74,49.72,1635334777881,"2021-10-27T17:09:37+05:30"
56,84,94,26.78,49.47,1635334808369,"2021-10-27T17:10:08+05:30"
56,85,96,26.76,49.59,1635334838928,"2021-10-27T17:10:38+05:30"
55,84,92,26.74,49.8,1635334869509,"2021-10-27T17:11:09+05:30"
53,83,90,26.76,49.86,1635334900050,"2021-10-27T17:11:40+05:30"
55,85,95,26.78,49.37,1635334930644,"2021-10-27T17:12:10+05:30"
54,82,95,26.73,49.61,1635334961234,"2021-10-27T17:12:41+05:30"
55,81,93,26.74,49.72,1635334991823,"2021-10-27T17:13:11+05:30"
54,81,92,26.76,49.63,1635335022454,"2021-10-27T17:13:42+05:30"
54,84,95,26.78,49.36,1635335052956,"2021-10-27T17:14:12+05:30"
53,84,96,26.79,49.07,1635335083488,"2021-10-27T17:14:43+05:30"
50,77,86,26.77,49.21,1635335114085,"2021-10-27T17:15:14+05:30"
53,82,91,26.81,49.33,1635335144667,"2021-10-27T17:15:44+05:30"
53,78,91,26.84,49.04,1635335175237,"2021-10-27T17:16:15+05:30"
53,78,85,26.86,48.84,1635335205815,"2021-10-27T17:16:45+05:30"
53,80,88,26.89,48.46,1635335236427,"2021-10-27T17:17:16+05:30"
54,83,94,26.89,48.54,1635335269906,"2021-10-27T17:17:49+05:30"
53,83,97,26.92,49.3,1635335300584,"2021-10-27T17:18:20+05:30"
53,84,97,27,49.38,1635335331167,"2021-10-27T17:18:51+05:30"
54,85,101,27.02,48.91,1635335361766,"2021-10-27T17:19:21+05:30"
51,79,96,27.08,48.99,1635335392333,"2021-10-27T17:19:52+05:30"
52,79,89,27.11,48.97,1635335422895,"2021-10-27T17:20:22+05:30"
50,78,87,27.15,48.59,1635335453487,"2021-10-27T17:20:53+05:30"
51,79,90,27.15,48.02,1635335484083,"2021-10-27T17:21:24+05:30"
51,76,83,27.15,48.35,1635335514655,"2021-10-27T17:21:54+05:30"
50,74,82,27.13,48.23,1635335545273,"2021-10-27T17:22:25+05:30"
51,77,82,27.15,47.87,1635335575843,"2021-10-27T17:22:55+05:30"
51,77,86,27.1,47.41,1635335606479,"2021-10-27T17:23:26+05:30"
51,77,86,27.1,48.32,1635335637016,"2021-10-27T17:23:57+05:30"
52,78,85,27.15,48.55,1635335667547,"2021-10-27T17:24:27+05:30"
52,79,89,27.14,48.15,1635335698244,"2021-10-27T17:24:58+05:30"
52,80,93,27.11,48.17,1635335728765,"2021-10-27T17:25:28+05:30"
51,78,86,27.12,48.15,1635335759313,"2021-10-27T17:25:59+05:30"
49,75,85,27.14,47.71,1635335789881,"2021-10-27T17:26:29+05:30"
49,75,84,27.12,47.91,1635335820502,"2021-10-27T17:27:00+05:30"
50,76,88,27.11,48.05,1635335851076,"2021-10-27T17:27:31+05:30"
52,79,87,27.09,47.75,1635335881655,"2021-10-27T17:28:01+05:30"
57,83,91,27.02,47.89,1635335912234,"2021-10-27T17:28:32+05:30"
62,92,105,27.01,48.57,1635335942825,"2021-10-27T17:29:02+05:30"
61,91,100,27.06,48.81,1635335973425,"2021-10-27T17:29:33+05:30"
63,93,105,27.12,48.83,1635336004281,"2021-10-27T17:30:04+05:30"
69,101,112,27.15,48.41,1635336034666,"2021-10-27T17:30:34+05:30"
73,109,121,27.14,48.42,1635336065241,"2021-10-27T17:31:05+05:30"
85,124,137,27.15,48.38,1635336095844,"2021-10-27T17:31:35+05:30"
86,128,138,27.16,48.31,1635336126451,"2021-10-27T17:32:06+05:30"
90,132,146,27.18,48.49,1635336152119,"2021-10-27T17:32:32+05:30"
96,141,158,27.16,47.86,1635336182676,"2021-10-27T17:33:02+05:30"
103,150,165,27.19,48.35,1635336213258,"2021-10-27T17:33:33+05:30"
135,201,216,27.17,48.89,1635336243857,"2021-10-27T17:34:03+05:30"
117,171,188,27.21,48.71,1635336274465,"2021-10-27T17:34:34+05:30"
139,209,227,27.2,48.42,1635336305392,"2021-10-27T17:35:05+05:30"
150,223,246,27.2,48.72,1635336335918,"2021-10-27T17:35:35+05:30"
130,194,212,27.21,49,1635336366510,"2021-10-27T17:36:06+05:30"
130,193,210,27.22,48.97,1635336397079,"2021-10-27T17:36:37+05:30"
141,214,233,27.21,48.6,1635336427687,"2021-10-27T17:37:07+05:30"
153,227,247,27.21,48.6,1635336458265,"2021-10-27T17:37:38+05:30"
145,214,232,27.23,48.9,1635336488854,"2021-10-27T17:38:08+05:30"
139,203,222,27.22,48.9,1635336519480,"2021-10-27T17:38:39+05:30"
139,207,223,27.22,49.02,1635336550054,"2021-10-27T17:39:10+05:30"
148,216,237,27.2,48.94,1635336580652,"2021-10-27T17:39:40+05:30"
155,228,248,27.2,48.95,1635336611230,"2021-10-27T17:40:11+05:30"
145,216,234,27.23,49.02,1635336641904,"2021-10-27T17:40:41+05:30"
141,209,225,27.26,49.04,1635336672419,"2021-10-27T17:41:12+05:30"
149,221,243,27.26,48.9,1635336703018,"2021-10-27T17:41:43+05:30"
150,223,243,27.23,48.71,1635336733600,"2021-10-27T17:42:13+05:30"
152,229,252,27.2,48.67,1635336764190,"2021-10-27T17:42:44+05:30"
149,223,240,27.18,49.11,1635336794802,"2021-10-27T17:43:14+05:30"
157,239,259,27.18,49.42,1635336825378,"2021-10-27T17:43:45+05:30"
173,265,292,27.2,49.57,1635336856142,"2021-10-27T17:44:16+05:30"
188,282,308,27.22,49.88,1635336886570,"2021-10-27T17:44:46+05:30"
189,284,305,27.24,50.02,1635336917219,"2021-10-27T17:45:17+05:30"
193,292,319,27.24,50.04,1635336947753,"2021-10-27T17:45:47+05:30"
180,273,301,27.25,50.09,1635336978474,"2021-10-27T17:46:18+05:30"
174,268,297,27.23,49.85,1635337009044,"2021-10-27T17:46:49+05:30"
170,255,278,27.23,49.75,1635337039533,"2021-10-27T17:47:19+05:30"
167,252,278,27.23,50.22,1635337061486,"2021-10-27T17:47:41+05:30"
159,242,268,27.21,49.81,1635337092072,"2021-10-27T17:48:12+05:30"
153,235,254,27.19,49.43,1635337122633,"2021-10-27T17:48:42+05:30"
150,226,250,27.17,49.49,1635337153226,"2021-10-27T17:49:13+05:30"
140,213,226,27.13,49.01,1635337184063,"2021-10-27T17:49:44+05:30"
134,204,214,27.1,48.15,1635337214416,"2021-10-27T17:50:14+05:30"
133,202,217,27.08,48.49,1635337245168,"2021-10-27T17:50:45+05:30"
131,197,216,27.07,48.91,1635337275617,"2021-10-27T17:51:15+05:30"
133,194,211,27.07,49.29,1635337306201,"2021-10-27T17:51:46+05:30"
136,200,220,27.07,49.14,1635337336795,"2021-10-27T17:52:16+05:30"
134,196,217,27.08,48.96,1635337367378,"2021-10-27T17:52:47+05:30"
131,194,207,27.1,49.04,1635337397997,"2021-10-27T17:53:17+05:30"
131,193,208,27.13,49.24,1635337429068,"2021-10-27T17:53:49+05:30"
125,186,200,27.15,49.34,1635337459174,"2021-10-27T17:54:19+05:30"
127,187,205,27.15,49.25,1635337489762,"2021-10-27T17:54:49+05:30"
125,181,200,27.15,49.2,1635337520601,"2021-10-27T17:55:20+05:30"
121,178,191,27.16,49.11,1635337550941,"2021-10-27T17:55:50+05:30"
118,171,185,27.15,49.19,1635337581543,"2021-10-27T17:56:21+05:30"
113,168,183,27.17,49.1,1635337612130,"2021-10-27T17:56:52+05:30"
110,162,181,27.19,49.14,1635337642734,"2021-10-27T17:57:22+05:30"
107,154,167,27.2,49.23,1635337673317,"2021-10-27T17:57:53+05:30"
107,157,167,27.19,49.01,1635337703994,"2021-10-27T17:58:23+05:30"
106,158,168,27.18,49.36,1635337734585,"2021-10-27T17:58:54+05:30"
105,155,164,27.18,49.34,1635337765187,"2021-10-27T17:59:25+05:30"
105,150,162,27.19,48.85,1635337796043,"2021-10-27T17:59:56+05:30"
105,153,168,27.21,48.45,1635337826415,"2021-10-27T18:00:26+05:30"
105,157,169,27.2,48.75,1635337857010,"2021-10-27T18:00:57+05:30"
108,160,172,27.21,48.67,1635337887600,"2021-10-27T18:01:27+05:30"
106,157,167,27.24,48.54,1635337918299,"2021-10-27T18:01:58+05:30"
110,160,175,27.21,48.59,1635337954035,"2021-10-27T18:02:34+05:30"
112,166,180,27.22,48.8,1635337984421,"2021-10-27T18:03:04+05:30"
117,175,193,27.25,49.27,1635338015023,"2021-10-27T18:03:35+05:30"
109,164,184,27.26,49.12,1635338045604,"2021-10-27T18:04:05+05:30"
104,178,242,27.26,48.74,1635338076312,"2021-10-27T18:04:36+05:30"
97,154,185,27.26,48.96,1635338096958,"2021-10-27T18:04:56+05:30"
100,155,171,27.29,49.52,1635338127728,"2021-10-27T18:05:27+05:30"
99,146,160,27.29,49.31,1635338158551,"2021-10-27T18:05:58+05:30"
97,145,159,27.3,49.16,1635338189656,"2021-10-27T18:06:29+05:30"
97,145,159,27.3,49.16,1635338192427,"2021-10-27T18:06:32+05:30"
96,137,148,27.33,48.92,1635338219449,"2021-10-27T18:06:59+05:30"
94,141,155,27.34,48.68,1635338250089,"2021-10-27T18:07:30+05:30"
88,131,145,27.35,48.88,1635338280646,"2021-10-27T18:08:00+05:30"
85,129,144,27.37,48.59,1635338311217,"2021-10-27T18:08:31+05:30"
84,127,138,27.35,48.25,1635338342038,"2021-10-27T18:09:02+05:30"
84,125,137,27.36,48.58,1635338372475,"2021-10-27T18:09:32+05:30"
87,129,147,27.36,48.51,1635338403260,"2021-10-27T18:10:03+05:30"
90,134,150,27.35,48.48,1635338433657,"2021-10-27T18:10:33+05:30"
84,125,136,27.35,48.33,1635338464334,"2021-10-27T18:11:04+05:30"
83,121,134,27.34,48.55,1635338502459,"2021-10-27T18:11:42+05:30"
83,121,134,27.34,48.55,1635338503094,"2021-10-27T18:11:43+05:30"
83,121,134,27.34,48.55,1635338505747,"2021-10-27T18:11:45+05:30"
86,126,146,27.3,48.62,1635338525606,"2021-10-27T18:12:05+05:30"
88,131,143,27.29,48.75,1635338555947,"2021-10-27T18:12:35+05:30"
91,134,147,27.34,48.47,1635338682846,"2021-10-27T18:14:42+05:30"
83,130,144,27.32,47.93,1635338713635,"2021-10-27T18:15:13+05:30"
83,130,144,27.32,47.93,1635338728680,"2021-10-27T18:15:28+05:30"
83,130,144,27.32,47.93,1635338730755,"2021-10-27T18:15:30+05:30"
79,119,132,27.32,47.96,1635338744328,"2021-10-27T18:15:44+05:30"
79,119,132,27.32,47.96,1635338746525,"2021-10-27T18:15:46+05:30"
82,120,132,27.34,48.25,1635338774865,"2021-10-27T18:16:14+05:30"
82,120,132,27.34,48.25,1635338784781,"2021-10-27T18:16:24+05:30"
82,120,132,27.34,48.25,1635338786746,"2021-10-27T18:16:26+05:30"
82,120,132,27.34,48.25,1635338787035,"2021-10-27T18:16:27+05:30"
83,126,137,27.31,47.81,1635338805343,"2021-10-27T18:16:45+05:30"
83,126,137,27.31,47.81,1635338808568,"2021-10-27T18:16:48+05:30"
83,126,138,27.32,47.83,1635338847940,"2021-10-27T18:17:27+05:30"
79,118,132,27.3,47.2,1635338860472,"2021-10-27T18:17:40+05:30"
79,123,131,27.29,47.56,1635338891262,"2021-10-27T18:18:11+05:30"
77,120,132,27.27,47.38,1635338921760,"2021-10-27T18:18:41+05:30"
78,117,126,27.26,47.91,1635338952488,"2021-10-27T18:19:12+05:30"
76,113,123,27.3,48.12,1635338982668,"2021-10-27T18:19:42+05:30"
78,119,134,27.24,47.2,1635339013327,"2021-10-27T18:20:13+05:30"
80,123,141,27.21,47.67,1635339043849,"2021-10-27T18:20:43+05:30"
77,118,130,27.11,47.64,1635339074554,"2021-10-27T18:21:14+05:30"
80,120,136,27.11,48.48,1635339105079,"2021-10-27T18:21:45+05:30"
78,118,130,27.11,47.91,1635339135668,"2021-10-27T18:22:15+05:30"
77,116,127,27.14,48.36,1635339166199,"2021-10-27T18:22:46+05:30"
79,121,133,27.16,48.27,1635339196779,"2021-10-27T18:23:16+05:30"
84,127,140,27.06,47.53,1635339227388,"2021-10-27T18:23:47+05:30"
90,134,145,27.03,48.2,1635339258029,"2021-10-27T18:24:18+05:30"
81,126,139,27.08,47.83,1635339288525,"2021-10-27T18:24:48+05:30"
80,124,136,27.11,48.01,1635339319099,"2021-10-27T18:25:19+05:30"
78,125,142,27.07,46.82,1635339349697,"2021-10-27T18:25:49+05:30"
86,135,150,27.01,48.02,1635339380307,"2021-10-27T18:26:20+05:30"
87,135,154,27.03,48.31,1635339410907,"2021-10-27T18:26:50+05:30"
85,132,146,27.06,48.49,1635339441441,"2021-10-27T18:27:21+05:30"
86,135,151,27.05,47.93,1635339472038,"2021-10-27T18:27:52+05:30"
92,140,155,27.05,48.74,1635339503406,"2021-10-27T18:28:23+05:30"
92,140,155,27.05,48.74,1635339512410,"2021-10-27T18:28:32+05:30"
92,140,155,27.05,48.74,1635339514041,"2021-10-27T18:28:34+05:30"
90,140,156,27.07,48.8,1635339533201,"2021-10-27T18:28:53+05:30"
96,150,164,27.09,48.84,1635339563927,"2021-10-27T18:29:23+05:30"
90,141,156,27.14,48.53,1635339594363,"2021-10-27T18:29:54+05:30"
84,131,148,27.12,47.3,1635339624953,"2021-10-27T18:30:24+05:30"
86,134,150,27.1,48.24,1635339655556,"2021-10-27T18:30:55+05:30"
87,134,149,27.15,47.55,1635339686094,"2021-10-27T18:31:26+05:30"
90,138,152,27.15,47.54,1635339716887,"2021-10-27T18:31:56+05:30"
87,136,151,27.11,47.73,1635339742880,"2021-10-27T18:32:22+05:30"
90,144,154,27.13,47.19,1635339773413,"2021-10-27T18:32:53+05:30"
92,149,167,27.21,47.21,1635339803991,"2021-10-27T18:33:23+05:30"
92,145,161,27.21,46.76,1635339834555,"2021-10-27T18:33:54+05:30"
87,140,156,27.11,46.41,1635339865134,"2021-10-27T18:34:25+05:30"
88,136,156,27.12,47.1,1635339895729,"2021-10-27T18:34:55+05:30"
93,147,165,27.15,47.18,1635339926323,"2021-10-27T18:35:26+05:30"
96,153,173,27.09,47.22,1635339957106,"2021-10-27T18:35:57+05:30"
94,153,176,27.03,47.36,1635339987456,"2021-10-27T18:36:27+05:30"
95,147,163,27.08,47.66,1635340018063,"2021-10-27T18:36:58+05:30"
92,146,164,27.06,47.39,1635340048746,"2021-10-27T18:37:28+05:30"
91,142,162,27.13,48.22,1635340079215,"2021-10-27T18:37:59+05:30"
90,142,162,27.21,47.86,1635340109800,"2021-10-27T18:38:29+05:30"
97,153,173,27.25,47.78,1635340140388,"2021-10-27T18:39:00+05:30"
90,141,158,27.31,47.44,1635340171083,"2021-10-27T18:39:31+05:30"
88,138,152,27.38,47.72,1635340201595,"2021-10-27T18:40:01+05:30"
92,145,161,27.3,46.57,1635340232143,"2021-10-27T18:40:32+05:30"
95,148,165,27.26,47.29,1635340262798,"2021-10-27T18:41:02+05:30"
118,181,202,27.3,47.59,1635340293353,"2021-10-27T18:41:33+05:30"
104,163,182,27.29,47.24,1635340323899,"2021-10-27T18:42:03+05:30"
94,149,168,27.24,47.56,1635340354495,"2021-10-27T18:42:34+05:30"
97,153,171,27.26,47.52,1635340385105,"2021-10-27T18:43:05+05:30"
94,146,163,27.18,47.21,1635340415663,"2021-10-27T18:43:35+05:30"
95,148,172,27.17,47.81,1635340446367,"2021-10-27T18:44:06+05:30"
96,151,169,27.16,48.13,1635340476831,"2021-10-27T18:44:36+05:30"
96,148,169,27.21,47.91,1635340507517,"2021-10-27T18:45:07+05:30"
94,148,163,27.26,47.88,1635340538110,"2021-10-27T18:45:38+05:30"
93,147,172,27.29,47.83,1635340568683,"2021-10-27T18:46:08+05:30"
94,151,172,27.29,47.73,1635340599326,"2021-10-27T18:46:39+05:30"
94,148,167,27.3,47.91,1635340634703,"2021-10-27T18:47:14+05:30"
97,153,167,27.32,47.74,1635340665267,"2021-10-27T18:47:45+05:30"
98,154,168,27.27,47.42,1635340695900,"2021-10-27T18:48:15+05:30"
93,151,167,27.22,47.69,1635340726471,"2021-10-27T18:48:46+05:30"
92,148,165,27.21,47.62,1635340757016,"2021-10-27T18:49:17+05:30"
90,143,158,27.11,47.68,1635340787642,"2021-10-27T18:49:47+05:30"
98,152,168,27.09,47.28,1635340818185,"2021-10-27T18:50:18+05:30"
98,157,170,27.02,47.2,1635340848740,"2021-10-27T18:50:48+05:30"
97,152,168,27,47.42,1635340879345,"2021-10-27T18:51:19+05:30"
97,158,173,27.03,47.75,1635340909932,"2021-10-27T18:51:49+05:30"
95,152,171,27.02,47.62,1635340940554,"2021-10-27T18:52:20+05:30"
94,150,171,26.98,47.41,1635340971072,"2021-10-27T18:52:51+05:30"
94,152,170,26.98,47.82,1635341001669,"2021-10-27T18:53:21+05:30"
101,160,177,26.93,47.69,1635341032264,"2021-10-27T18:53:52+05:30"
98,157,174,26.91,47.81,1635341063003,"2021-10-27T18:54:23+05:30"
94,149,167,26.94,47.63,1635341093451,"2021-10-27T18:54:53+05:30"
90,141,154,26.92,47.5,1635341124241,"2021-10-27T18:55:24+05:30"
94,148,163,26.93,47.88,1635341154618,"2021-10-27T18:55:54+05:30"
89,141,159,26.97,47.97,1635341185194,"2021-10-27T18:56:25+05:30"
90,141,152,27.03,47.87,1635341215889,"2021-10-27T18:56:55+05:30"
93,148,166,27,48.11,1635341236574,"2021-10-27T18:57:16+05:30"
86,134,150,27.01,47.46,1635341267061,"2021-10-27T18:57:47+05:30"
83,131,148,27.01,47.58,1635341297639,"2021-10-27T18:58:17+05:30"
87,136,151,26.95,47.58,1635341328231,"2021-10-27T18:58:48+05:30"
94,144,162,26.95,48.19,1635341358837,"2021-10-27T18:59:18+05:30"
100,158,176,26.95,48.56,1635341389779,"2021-10-27T18:59:49+05:30"
93,149,162,26.96,48.45,1635341420050,"2021-10-27T19:00:20+05:30"
91,144,162,26.97,48.02,1635341450620,"2021-10-27T19:00:50+05:30"
86,139,153,26.99,47.94,1635341481179,"2021-10-27T19:01:21+05:30"
90,143,163,26.99,48.2,1635341511805,"2021-10-27T19:01:51+05:30"
89,138,152,27.01,47.98,1635341541577,"2021-10-27T19:02:21+05:30"
87,133,147,26.96,47.65,1635341572302,"2021-10-27T19:02:52+05:30"
82,131,152,26.96,48.08,1635341602719,"2021-10-27T19:03:22+05:30"
84,134,154,27.01,48.16,1635341633418,"2021-10-27T19:03:53+05:30"
87,133,149,26.98,47.9,1635341663915,"2021-10-27T19:04:23+05:30"
95,142,156,26.92,47.73,1635341694664,"2021-10-27T19:04:54+05:30"
93,147,166,26.91,48.46,1635341725048,"2021-10-27T19:05:25+05:30"
94,145,157,26.96,49,1635341755663,"2021-10-27T19:05:55+05:30"
95,144,156,27.01,48.72,1635341786244,"2021-10-27T19:06:26+05:30"
94,146,161,26.97,48.83,1635341825716,"2021-10-27T19:07:05+05:30"
93,147,163,26.99,49.31,1635341847399,"2021-10-27T19:07:27+05:30"
98,157,174,26.93,49,1635341877981,"2021-10-27T19:07:57+05:30"
95,149,169,26.93,49.21,1635341908575,"2021-10-27T19:08:28+05:30"
95,149,163,26.96,49.52,1635341939228,"2021-10-27T19:08:59+05:30"
95,147,165,26.99,49.28,1635341969709,"2021-10-27T19:09:29+05:30"
93,145,162,26.98,49.13,1635342000324,"2021-10-27T19:10:00+05:30"
95,148,162,26.88,49.28,1635342030917,"2021-10-27T19:10:30+05:30"
91,140,159,26.87,49.1,1635342061616,"2021-10-27T19:11:01+05:30"
93,146,164,26.85,49.31,1635342092056,"2021-10-27T19:11:32+05:30"
102,156,178,26.86,49.47,1635342122663,"2021-10-27T19:12:02+05:30"
101,153,174,26.87,49.62,1635342153233,"2021-10-27T19:12:33+05:30"
102,160,178,26.85,49.93,1635342183822,"2021-10-27T19:13:03+05:30"
97,152,169,26.86,49.54,1635342214415,"2021-10-27T19:13:34+05:30"
94,143,159,26.81,48.64,1635342245007,"2021-10-27T19:14:05+05:30"
88,139,150,26.78,48.89,1635342275576,"2021-10-27T19:14:35+05:30"
98,148,164,26.78,48.85,1635342306201,"2021-10-27T19:15:06+05:30"
91,138,156,26.78,48.93,1635342336885,"2021-10-27T19:15:36+05:30"
96,146,166,26.8,49.31,1635342367343,"2021-10-27T19:16:07+05:30"
93,139,159,26.86,49.44,1635342397926,"2021-10-27T19:16:37+05:30"
95,145,163,26.86,48.81,1635342428506,"2021-10-27T19:17:08+05:30"
92,143,164,26.87,49.12,1635342457414,"2021-10-27T19:17:37+05:30"
97,144,160,26.86,48.81,1635342487983,"2021-10-27T19:18:07+05:30"
96,147,158,26.82,48.3,1635342518594,"2021-10-27T19:18:38+05:30"
93,143,157,26.72,48.45,1635342549164,"2021-10-27T19:19:09+05:30"
93,142,158,26.69,48.53,1635342579892,"2021-10-27T19:19:39+05:30"
91,139,153,26.63,48.98,1635342610687,"2021-10-27T19:20:10+05:30"
96,139,156,26.59,48.45,1635342641181,"2021-10-27T19:20:41+05:30"
94,143,158,26.61,49.17,1635342671764,"2021-10-27T19:21:11+05:30"
89,138,154,26.64,48.76,1635342702566,"2021-10-27T19:21:42+05:30"
89,136,150,26.67,48.56,1635342732935,"2021-10-27T19:22:12+05:30"
85,128,141,26.66,48.44,1635342763580,"2021-10-27T19:22:43+05:30"
87,131,148,26.66,48.54,1635342794080,"2021-10-27T19:23:14+05:30"
89,130,139,26.67,48.7,1635342824663,"2021-10-27T19:23:44+05:30"
85,127,136,26.68,48.67,1635342855239,"2021-10-27T19:24:15+05:30"
86,130,139,26.69,48.72,1635342885826,"2021-10-27T19:24:45+05:30"
90,136,147,26.68,48.74,1635342916390,"2021-10-27T19:25:16+05:30"
89,135,149,26.64,48.79,1635342946967,"2021-10-27T19:25:46+05:30"
87,130,146,26.67,48.7,1635342977575,"2021-10-27T19:26:17+05:30"
91,140,155,26.62,48.43,1635343008244,"2021-10-27T19:26:48+05:30"
90,133,149,26.6,49.28,1635343038831,"2021-10-27T19:27:18+05:30"
88,131,143,26.65,48.71,1635343069395,"2021-10-27T19:27:49+05:30"
87,129,142,26.67,48.51,1635343100020,"2021-10-27T19:28:20+05:30"
88,133,147,26.62,48.63,1635343130578,"2021-10-27T19:28:50+05:30"
92,142,157,26.63,49.3,1635343161207,"2021-10-27T19:29:21+05:30"
89,137,151,26.62,49.4,1635343191734,"2021-10-27T19:29:51+05:30"
91,137,148,26.6,49.61,1635343222371,"2021-10-27T19:30:22+05:30"
115,183,197,26.54,49.57,1635343252899,"2021-10-27T19:30:52+05:30"
136,209,231,26.48,49.75,1635343283490,"2021-10-27T19:31:23+05:30"
141,218,243,26.47,49.84,1635343314225,"2021-10-27T19:31:54+05:30"
128,199,222,26.48,49.45,1635343340602,"2021-10-27T19:32:20+05:30"
136,214,235,26.48,49.4,1635343371417,"2021-10-27T19:32:51+05:30"
169,272,301,26.5,49.24,1635343402534,"2021-10-27T19:33:22+05:30"
134,208,229,26.43,49.59,1635343432773,"2021-10-27T19:33:52+05:30"
129,198,219,26.49,49.75,1635343463364,"2021-10-27T19:34:23+05:30"
119,182,208,26.5,49.6,1635343493920,"2021-10-27T19:34:53+05:30"
114,173,192,26.56,49.76,1635343524514,"2021-10-27T19:35:24+05:30"
105,162,180,26.59,49.48,1635343555098,"2021-10-27T19:35:55+05:30"
99,152,167,26.54,49.4,1635343585757,"2021-10-27T19:36:25+05:30"
97,149,168,26.39,48.9,1635343616773,"2021-10-27T19:36:56+05:30"
97,150,163,26.35,49.77,1635343647427,"2021-10-27T19:37:27+05:30"
97,151,168,26.38,49.62,1635343677836,"2021-10-27T19:37:57+05:30"
102,156,174,26.4,49.57,1635343708431,"2021-10-27T19:38:28+05:30"
99,150,165,26.44,49.28,1635343738991,"2021-10-27T19:38:58+05:30"
100,149,161,26.44,49.39,1635343769624,"2021-10-27T19:39:29+05:30"
98,148,163,26.47,49.64,1635343800197,"2021-10-27T19:40:00+05:30"
96,145,162,26.44,49.48,1635343830777,"2021-10-27T19:40:30+05:30"
95,147,162,26.44,49.7,1635343861340,"2021-10-27T19:41:01+05:30"
98,148,160,26.44,49.58,1635343891927,"2021-10-27T19:41:31+05:30"
92,137,153,26.47,49.58,1635343922516,"2021-10-27T19:42:02+05:30"
91,141,156,26.52,49.56,1635343953135,"2021-10-27T19:42:33+05:30"
88,136,148,26.53,49.28,1635343983649,"2021-10-27T19:43:03+05:30"
88,133,145,26.57,49.26,1635344014266,"2021-10-27T19:43:34+05:30"
86,130,143,26.59,49.3,1635344044849,"2021-10-27T19:44:04+05:30"
85,130,141,26.54,48.94,1635344075437,"2021-10-27T19:44:35+05:30"
83,125,134,26.48,49.11,1635344105990,"2021-10-27T19:45:05+05:30"
86,130,144,26.51,49.28,1635344136629,"2021-10-27T19:45:36+05:30"
83,126,140,26.53,48.86,1635344167177,"2021-10-27T19:46:07+05:30"
83,124,140,26.52,48.66,1635344197792,"2021-10-27T19:46:37+05:30"
80,124,139,26.51,48.58,1635344228473,"2021-10-27T19:47:08+05:30"
81,121,137,26.52,48.62,1635344257394,"2021-10-27T19:47:37+05:30"
81,126,141,26.57,48.78,1635344287970,"2021-10-27T19:48:07+05:30"
84,127,142,26.51,48.29,1635344318574,"2021-10-27T19:48:38+05:30"
81,120,135,26.49,48.59,1635344349163,"2021-10-27T19:49:09+05:30"
80,118,129,26.5,48.5,1635344379741,"2021-10-27T19:49:39+05:30"
79,118,133,26.48,48.39,1635344410340,"2021-10-27T19:50:10+05:30"
77,114,135,26.43,48.44,1635344440963,"2021-10-27T19:50:40+05:30"
80,119,135,26.46,48.79,1635344471514,"2021-10-27T19:51:11+05:30"
81,120,133,26.37,48.75,1635344502112,"2021-10-27T19:51:42+05:30"
79,120,132,26.35,48.98,1635344532735,"2021-10-27T19:52:12+05:30"
80,120,130,26.41,49.03,1635344563321,"2021-10-27T19:52:43+05:30"
77,116,130,26.39,49,1635344593887,"2021-10-27T19:53:13+05:30"
80,120,137,26.42,49.04,1635344624542,"2021-10-27T19:53:44+05:30"
77,117,129,26.46,48.89,1635344655085,"2021-10-27T19:54:15+05:30"
82,122,135,26.44,48.61,1635344685821,"2021-10-27T19:54:45+05:30"
81,120,132,26.42,48.6,1635344716282,"2021-10-27T19:55:16+05:30"
80,121,132,26.4,48.71,1635344747161,"2021-10-27T19:55:47+05:30"
78,120,134,26.44,48.73,1635344767400,"2021-10-27T19:56:07+05:30"
79,120,135,26.45,48.65,1635344797972,"2021-10-27T19:56:37+05:30"
80,121,130,26.41,48.81,1635344828555,"2021-10-27T19:57:08+05:30"
78,120,133,26.43,48.85,1635344859288,"2021-10-27T19:57:39+05:30"
81,125,140,26.39,48.73,1635344889754,"2021-10-27T19:58:09+05:30"
78,119,135,26.31,49.1,1635344920359,"2021-10-27T19:58:40+05:30"
78,118,129,26.28,49.59,1635344950921,"2021-10-27T19:59:10+05:30"
83,122,133,26.25,49.98,1635344981972,"2021-10-27T19:59:41+05:30"
86,132,147,26.24,50.06,1635345012435,"2021-10-27T20:00:12+05:30"
85,126,145,26.23,50,1635345043002,"2021-10-27T20:00:43+05:30"
87,134,151,26.19,50.42,1635345073612,"2021-10-27T20:01:13+05:30"
90,139,161,26.22,50.8,1635345104190,"2021-10-27T20:01:44+05:30"
88,134,158,26.25,50.49,1635345138641,"2021-10-27T20:02:18+05:30"
84,128,144,26.23,49.67,1635345168728,"2021-10-27T20:02:48+05:30"
82,126,140,26.2,49.92,1635345199293,"2021-10-27T20:03:19+05:30"
84,128,143,26.25,49.85,1635345229902,"2021-10-27T20:03:49+05:30"
87,131,143,26.21,49.5,1635345260501,"2021-10-27T20:04:20+05:30"
86,131,149,26.16,49.93,1635345291330,"2021-10-27T20:04:51+05:30"
87,133,145,26.22,50.47,1635345321699,"2021-10-27T20:05:21+05:30"
88,135,148,26.24,50.25,1635345352254,"2021-10-27T20:05:52+05:30"
92,139,155,26.3,50.55,1635345382848,"2021-10-27T20:06:22+05:30"
91,142,159,26.39,50.35,1635345413434,"2021-10-27T20:06:53+05:30"
96,145,160,26.4,50.55,1635345444047,"2021-10-27T20:07:24+05:30"
105,157,172,26.45,50.89,1635345474628,"2021-10-27T20:07:54+05:30"
103,155,169,26.51,50.91,1635345505471,"2021-10-27T20:08:25+05:30"
102,151,166,26.58,50.93,1635345535822,"2021-10-27T20:08:55+05:30"
101,149,163,26.66,50.56,1635345566467,"2021-10-27T20:09:26+05:30"
102,155,171,26.68,50.39,1635345596997,"2021-10-27T20:09:56+05:30"
98,148,163,26.69,49.9,1635345627599,"2021-10-27T20:10:27+05:30"
93,139,154,26.65,49.75,1635345658192,"2021-10-27T20:10:58+05:30"
102,150,166,26.62,50.12,1635345688798,"2021-10-27T20:11:28+05:30"
113,171,186,26.56,50.47,1635345719386,"2021-10-27T20:11:59+05:30"
113,170,189,26.56,50.49,1635345749975,"2021-10-27T20:12:29+05:30"
125,199,216,26.51,50.85,1635345780566,"2021-10-27T20:13:00+05:30"
113,172,194,26.5,50.79,1635345811313,"2021-10-27T20:13:31+05:30"
112,176,192,26.47,50.49,1635345841848,"2021-10-27T20:14:01+05:30"
114,176,199,26.44,50.75,1635345872404,"2021-10-27T20:14:32+05:30"
107,165,182,26.42,50.55,1635345902975,"2021-10-27T20:15:02+05:30"
116,176,195,26.44,50.85,1635345933540,"2021-10-27T20:15:33+05:30"
118,173,189,26.4,50.85,1635345964116,"2021-10-27T20:16:04+05:30"
117,182,200,26.4,51.07,1635345994709,"2021-10-27T20:16:34+05:30"
112,168,182,26.47,50.87,1635346025310,"2021-10-27T20:17:05+05:30"
106,160,174,26.45,50.19,1635346057345,"2021-10-27T20:17:37+05:30"
104,159,175,26.43,50.32,1635346087926,"2021-10-27T20:18:07+05:30"
104,154,168,26.37,49.96,1635346118578,"2021-10-27T20:18:38+05:30"
101,151,165,26.35,50.38,1635346149125,"2021-10-27T20:19:09+05:30"
106,164,178,26.39,50.72,1635346179685,"2021-10-27T20:19:39+05:30"
101,153,170,26.39,50.16,1635346210324,"2021-10-27T20:20:10+05:30"
101,151,164,26.37,50.04,1635346240917,"2021-10-27T20:20:40+05:30"
100,151,164,26.38,50.18,1635346271495,"2021-10-27T20:21:11+05:30"
99,150,161,26.47,50.09,1635346302082,"2021-10-27T20:21:42+05:30"
98,147,163,26.44,49.41,1635346332874,"2021-10-27T20:22:12+05:30"
100,155,172,26.45,49.5,1635346363453,"2021-10-27T20:22:43+05:30"
102,155,167,26.4,49.52,1635346394160,"2021-10-27T20:23:14+05:30"
100,153,167,26.42,49.9,1635346414582,"2021-10-27T20:23:34+05:30"
99,154,174,26.42,49.48,1635346445230,"2021-10-27T20:24:05+05:30"
100,155,173,26.38,49.54,1635346475779,"2021-10-27T20:24:35+05:30"
98,156,176,26.38,50.07,1635346506346,"2021-10-27T20:25:06+05:30"
101,155,175,26.35,49.98,1635346537222,"2021-10-27T20:25:37+05:30"
102,159,178,26.34,50.41,1635346567534,"2021-10-27T20:26:07+05:30"
100,152,170,26.35,49.97,1635346598151,"2021-10-27T20:26:38+05:30"
100,153,171,26.33,50.16,1635346628722,"2021-10-27T20:27:08+05:30"
97,151,166,26.34,50.91,1635346659315,"2021-10-27T20:27:39+05:30"
98,148,166,26.34,50.26,1635346689906,"2021-10-27T20:28:09+05:30"
98,145,156,26.38,49.96,1635346720498,"2021-10-27T20:28:40+05:30"
93,142,160,26.39,49.78,1635346751094,"2021-10-27T20:29:11+05:30"
91,140,157,26.35,49.61,1635346781694,"2021-10-27T20:29:41+05:30"
94,138,152,26.35,49.58,1635346812487,"2021-10-27T20:30:12+05:30"
93,141,155,26.32,49.72,1635346842949,"2021-10-27T20:30:42+05:30"
88,137,153,26.31,50.02,1635346873554,"2021-10-27T20:31:13+05:30"
91,137,154,26.36,50.28,1635346904132,"2021-10-27T20:31:44+05:30"
93,139,158,26.37,50.28,1635346940364,"2021-10-27T20:32:20+05:30"
88,134,148,26.44,50.31,1635346970494,"2021-10-27T20:32:50+05:30"
92,143,154,26.46,50.01,1635347001017,"2021-10-27T20:33:21+05:30"
94,142,155,26.49,50.37,1635347031615,"2021-10-27T20:33:51+05:30"
96,147,163,26.39,50.17,1635347062190,"2021-10-27T20:34:22+05:30"
97,149,163,26.35,50.65,1635347092765,"2021-10-27T20:34:52+05:30"
96,146,164,26.3,50.64,1635347123394,"2021-10-27T20:35:23+05:30"
96,142,156,26.35,50.57,1635347153963,"2021-10-27T20:35:53+05:30"
94,149,166,26.42,50.87,1635347184546,"2021-10-27T20:36:24+05:30"
92,147,167,26.49,50.61,1635347215158,"2021-10-27T20:36:55+05:30"
90,143,159,26.51,49.89,1635347245958,"2021-10-27T20:37:25+05:30"
91,138,157,26.44,50.32,1635347276344,"2021-10-27T20:37:56+05:30"
90,137,151,26.47,50.35,1635347306961,"2021-10-27T20:38:26+05:30"
93,142,162,26.49,50.09,1635347337701,"2021-10-27T20:38:57+05:30"
98,147,161,26.49,50.22,1635347368284,"2021-10-27T20:39:28+05:30"
96,152,166,26.45,50.5,1635347399000,"2021-10-27T20:39:59+05:30"
99,154,173,26.48,50.33,1635347429698,"2021-10-27T20:40:29+05:30"
102,152,165,26.48,50.49,1635347460393,"2021-10-27T20:41:00+05:30"
100,153,167,26.48,50.5,1635347491313,"2021-10-27T20:41:31+05:30"
100,151,167,26.49,50.36,1635347511634,"2021-10-27T20:41:51+05:30"
94,144,161,26.48,50.51,1635347542311,"2021-10-27T20:42:22+05:30"
89,141,158,26.5,50.1,1635347572925,"2021-10-27T20:42:52+05:30"
87,137,149,26.47,50.15,1635347603508,"2021-10-27T20:43:23+05:30"
90,142,154,26.47,50.38,1635347634097,"2021-10-27T20:43:54+05:30"
88,139,149,26.47,49.93,1635347664733,"2021-10-27T20:44:24+05:30"
87,132,149,26.47,50.77,1635347695259,"2021-10-27T20:44:55+05:30"
91,133,146,26.51,50.83,1635347725827,"2021-10-27T20:45:25+05:30"
94,141,159,26.52,50.88,1635347756419,"2021-10-27T20:45:56+05:30"
91,140,157,26.54,50.51,1635347787022,"2021-10-27T20:46:27+05:30"
90,141,160,26.57,50.9,1635347817615,"2021-10-27T20:46:57+05:30"
92,140,153,26.6,50.55,1635347848163,"2021-10-27T20:47:28+05:30"
90,133,146,26.63,49.88,1635347878963,"2021-10-27T20:47:58+05:30"
88,134,148,26.59,49.76,1635347909531,"2021-10-27T20:48:29+05:30"
92,137,147,26.59,50.06,1635347940249,"2021-10-27T20:49:00+05:30"
89,134,145,26.6,49.73,1635347970840,"2021-10-27T20:49:30+05:30"
90,136,151,26.59,50.13,1635348001472,"2021-10-27T20:50:01+05:30"
90,137,151,26.57,50.14,1635348032038,"2021-10-27T20:50:32+05:30"
88,138,159,26.51,50.1,1635348062622,"2021-10-27T20:51:02+05:30"
89,134,151,26.55,50.17,1635348093489,"2021-10-27T20:51:33+05:30"
90,138,155,26.54,49.89,1635348123937,"2021-10-27T20:52:03+05:30"
89,133,150,26.54,49.99,1635348154979,"2021-10-27T20:52:34+05:30"
86,131,145,26.56,49.78,1635348185672,"2021-10-27T20:53:05+05:30"
91,134,152,26.53,49.94,1635348216277,"2021-10-27T20:53:36+05:30"
89,133,146,26.53,49.66,1635348246813,"2021-10-27T20:54:06+05:30"
87,133,146,26.53,49.64,1635348277400,"2021-10-27T20:54:37+05:30"
88,132,147,26.52,50.04,1635348308003,"2021-10-27T20:55:08+05:30"
89,138,152,26.47,50.02,1635348338859,"2021-10-27T20:55:38+05:30"
91,138,152,26.46,49.96,1635348369334,"2021-10-27T20:56:09+05:30"
90,137,156,26.44,50.33,1635348399952,"2021-10-27T20:56:39+05:30"
89,133,144,26.35,50.26,1635348430593,"2021-10-27T20:57:10+05:30"
88,134,150,26.41,50.72,1635348461114,"2021-10-27T20:57:41+05:30"
91,139,151,26.49,50.37,1635348491708,"2021-10-27T20:58:11+05:30"
89,136,147,26.54,50.2,1635348522363,"2021-10-27T20:58:42+05:30"
90,134,149,26.59,50.2,1635348552892,"2021-10-27T20:59:12+05:30"
88,135,150,26.61,50.11,1635348583891,"2021-10-27T20:59:43+05:30"
90,136,152,26.61,49.72,1635348614362,"2021-10-27T21:00:14+05:30"
89,137,149,26.55,49.55,1635348644967,"2021-10-27T21:00:44+05:30"
87,134,148,26.54,49.63,1635348675578,"2021-10-27T21:01:15+05:30"
89,138,150,26.54,49.52,1635348706124,"2021-10-27T21:01:46+05:30"
90,135,156,26.5,49.64,1635348740447,"2021-10-27T21:02:20+05:30"
91,134,149,26.5,49.54,1635348770918,"2021-10-27T21:02:50+05:30"
90,135,148,26.51,49.36,1635348801496,"2021-10-27T21:03:21+05:30"
88,134,146,26.53,49.36,1635348832106,"2021-10-27T21:03:52+05:30"
91,140,151,26.57,49.46,1635348862678,"2021-10-27T21:04:22+05:30"
91,137,152,26.59,49.29,1635348893273,"2021-10-27T21:04:53+05:30"
88,133,149,26.61,49.12,1635348923875,"2021-10-27T21:05:23+05:30"
88,134,149,26.61,49.09,1635348954478,"2021-10-27T21:05:54+05:30"
91,137,151,26.59,48.94,1635348985205,"2021-10-27T21:06:25+05:30"
91,138,149,26.53,49.03,1635349015824,"2021-10-27T21:06:55+05:30"
90,136,155,26.53,49.57,1635349046330,"2021-10-27T21:07:26+05:30"
93,140,155,26.49,49.01,1635349076829,"2021-10-27T21:07:56+05:30"
95,143,161,26.48,49.52,1635349107424,"2021-10-27T21:08:27+05:30"
90,137,148,26.5,49.76,1635349138037,"2021-10-27T21:08:58+05:30"
92,144,159,26.57,49.77,1635349168627,"2021-10-27T21:09:28+05:30"
96,150,168,26.58,49.64,1635349199218,"2021-10-27T21:09:59+05:30"
99,150,168,26.59,49.82,1635349229800,"2021-10-27T21:10:29+05:30"
102,156,168,26.55,49.51,1635349260419,"2021-10-27T21:11:00+05:30"
102,150,165,26.51,49.56,1635349290996,"2021-10-27T21:11:30+05:30"
104,157,174,26.49,49.69,1635349321585,"2021-10-27T21:12:01+05:30"
104,156,174,26.5,49.79,1635349352167,"2021-10-27T21:12:32+05:30"
101,155,170,26.52,49.87,1635349382783,"2021-10-27T21:13:02+05:30"
100,151,167,26.58,49.75,1635349413446,"2021-10-27T21:13:33+05:30"
99,150,166,26.6,49.67,1635349443949,"2021-10-27T21:14:03+05:30"
99,150,163,26.63,49.19,1635349474597,"2021-10-27T21:14:34+05:30"
98,151,163,26.64,49.07,1635349505166,"2021-10-27T21:15:05+05:30"
95,146,159,26.69,49.42,1635349535727,"2021-10-27T21:15:35+05:30"
95,146,160,26.75,49.72,1635349566322,"2021-10-27T21:16:06+05:30"
97,146,163,26.8,49.19,1635349596929,"2021-10-27T21:16:36+05:30"
138,199,217,26.83,49.25,1635349627607,"2021-10-27T21:17:07+05:30"
200,293,312,26.87,49.19,1635349659227,"2021-10-27T21:17:39+05:30"
138,205,222,26.9,48.89,1635349689267,"2021-10-27T21:18:09+05:30"
122,180,195,26.89,48.58,1635349719859,"2021-10-27T21:18:39+05:30"
114,169,184,26.88,48.68,1635349750489,"2021-10-27T21:19:10+05:30"
116,174,189,26.89,48.48,1635349781058,"2021-10-27T21:19:41+05:30"
106,158,177,26.9,48.45,1635349811710,"2021-10-27T21:20:11+05:30"
102,155,171,26.89,48.39,1635349842323,"2021-10-27T21:20:42+05:30"
106,164,179,26.87,48.37,1635349872930,"2021-10-27T21:21:12+05:30"
110,170,188,26.85,48.47,1635349903556,"2021-10-27T21:21:43+05:30"
98,150,165,26.8,47.96,1635349934224,"2021-10-27T21:22:14+05:30"
97,148,165,26.76,48.08,1635349964965,"2021-10-27T21:22:44+05:30"
101,154,171,26.72,48.21,1635349995807,"2021-10-27T21:23:15+05:30"
105,162,191,26.67,48.26,1635350026466,"2021-10-27T21:23:46+05:30"
100,153,172,26.63,48.09,1635350057133,"2021-10-27T21:24:17+05:30"
102,159,175,26.57,48.61,1635350077411,"2021-10-27T21:24:37+05:30"
97,151,167,26.58,48.45,1635350107983,"2021-10-27T21:25:07+05:30"
97,147,165,26.57,48.47,1635350138769,"2021-10-27T21:25:38+05:30"
97,148,170,26.53,48.95,1635350169175,"2021-10-27T21:26:09+05:30"
98,147,166,26.57,49.04,1635350199761,"2021-10-27T21:26:39+05:30"
98,148,168,26.58,48.72,1635350230360,"2021-10-27T21:27:10+05:30"
95,141,157,26.58,48.92,1635350260955,"2021-10-27T21:27:40+05:30"
95,143,156,26.56,49.3,1635350291542,"2021-10-27T21:28:11+05:30"
96,148,160,26.56,48.93,1635350322138,"2021-10-27T21:28:42+05:30"
108,168,187,26.54,48.78,1635350352725,"2021-10-27T21:29:12+05:30"
118,185,206,26.57,48.75,1635350383335,"2021-10-27T21:29:43+05:30"
116,182,197,26.6,48.71,1635350413986,"2021-10-27T21:30:13+05:30"
112,175,190,26.6,48.75,1635350444571,"2021-10-27T21:30:44+05:30"
111,171,190,26.61,48.89,1635350475175,"2021-10-27T21:31:15+05:30"
108,165,180,26.61,48.47,1635350506187,"2021-10-27T21:31:46+05:30"
102,159,177,26.6,48.64,1635350539156,"2021-10-27T21:32:19+05:30"
106,166,181,26.62,48.67,1635350569692,"2021-10-27T21:32:49+05:30"
105,160,176,26.64,48.6,1635350600290,"2021-10-27T21:33:20+05:30"
112,171,188,26.66,48.45,1635350630887,"2021-10-27T21:33:50+05:30"
124,188,203,26.65,48.66,1635350661483,"2021-10-27T21:34:21+05:30"
130,197,215,26.64,48.42,1635350692067,"2021-10-27T21:34:52+05:30"
118,176,190,26.65,48.57,1635350722673,"2021-10-27T21:35:22+05:30"
113,168,181,26.65,48.7,1635350753254,"2021-10-27T21:35:53+05:30"
115,169,184,26.66,48.74,1635350783860,"2021-10-27T21:36:23+05:30"
117,176,195,26.68,48.64,1635350814441,"2021-10-27T21:36:54+05:30"
120,190,214,26.72,49.01,1635350845071,"2021-10-27T21:37:25+05:30"
104,162,180,26.7,48.15,1635350875631,"2021-10-27T21:37:55+05:30"
107,162,175,26.64,48.42,1635350906257,"2021-10-27T21:38:26+05:30"
113,170,188,26.65,48.22,1635350936823,"2021-10-27T21:38:56+05:30"
112,172,192,26.68,48.29,1635350967406,"2021-10-27T21:39:27+05:30"
116,179,199,26.69,48.63,1635350998039,"2021-10-27T21:39:58+05:30"
112,173,193,26.69,48.75,1635351028741,"2021-10-27T21:40:28+05:30"
114,176,192,26.69,48.63,1635351059203,"2021-10-27T21:40:59+05:30"
108,165,178,26.66,48.28,1635351089790,"2021-10-27T21:41:29+05:30"
107,163,180,26.66,48.82,1635351120487,"2021-10-27T21:42:00+05:30"
106,161,174,26.67,48.95,1635351150969,"2021-10-27T21:42:30+05:30"
104,154,175,26.67,48.58,1635351181573,"2021-10-27T21:43:01+05:30"
106,155,167,26.69,48.59,1635351212204,"2021-10-27T21:43:32+05:30"
101,153,170,26.7,48.51,1635351242740,"2021-10-27T21:44:02+05:30"
102,154,168,26.66,48.63,1635351273340,"2021-10-27T21:44:33+05:30"
96,147,159,26.65,48.26,1635351304404,"2021-10-27T21:45:04+05:30"
97,148,164,26.65,48.69,1635351334528,"2021-10-27T21:45:34+05:30"
99,153,167,26.66,48.51,1635351365368,"2021-10-27T21:46:05+05:30"
99,155,169,26.67,48.5,1635351395718,"2021-10-27T21:46:35+05:30"
98,149,166,26.67,48.38,1635351426360,"2021-10-27T21:47:06+05:30"
99,150,160,26.67,48.47,1635351458448,"2021-10-27T21:47:38+05:30"
100,152,163,26.71,48.68,1635351489035,"2021-10-27T21:48:09+05:30"
98,148,161,26.73,48.59,1635351519638,"2021-10-27T21:48:39+05:30"
99,148,161,26.73,48.68,1635351550234,"2021-10-27T21:49:10+05:30"
103,153,165,26.73,48.28,1635351580937,"2021-10-27T21:49:40+05:30"
98,150,167,26.63,48.22,1635351611769,"2021-10-27T21:50:11+05:30"
99,147,162,26.64,48.54,1635351642503,"2021-10-27T21:50:42+05:30"
97,146,161,26.64,48.5,1635351672906,"2021-10-27T21:51:12+05:30"
98,147,159,26.67,48.63,1635351703806,"2021-10-27T21:51:43+05:30"
98,145,157,26.66,48.5,1635351734332,"2021-10-27T21:52:14+05:30"
94,142,157,26.67,48.53,1635351766134,"2021-10-27T21:52:46+05:30"
96,144,163,26.68,48.83,1635351785939,"2021-10-27T21:53:05+05:30"
96,144,157,26.69,48.56,1635351816416,"2021-10-27T21:53:36+05:30"
94,139,152,26.68,48.51,1635351847016,"2021-10-27T21:54:07+05:30"
95,141,160,26.66,48.54,1635351877606,"2021-10-27T21:54:37+05:30"
96,143,156,26.66,48.47,1635351908194,"2021-10-27T21:55:08+05:30"
93,140,150,26.68,48.41,1635351938913,"2021-10-27T21:55:38+05:30"
95,141,151,26.68,48.56,1635351969377,"2021-10-27T21:56:09+05:30"
94,142,156,26.68,48.44,1635351999992,"2021-10-27T21:56:39+05:30"
96,143,156,26.66,48.52,1635352030583,"2021-10-27T21:57:10+05:30"
94,140,151,26.65,48.65,1635352061175,"2021-10-27T21:57:41+05:30"
95,142,155,26.65,48.59,1635352091761,"2021-10-27T21:58:11+05:30"
95,139,148,26.65,48.42,1635352122366,"2021-10-27T21:58:42+05:30"
97,146,159,26.6,47.97,1635352153032,"2021-10-27T21:59:13+05:30"
95,144,154,26.57,48.23,1635352183573,"2021-10-27T21:59:43+05:30"
95,141,154,26.53,48.26,1635352214222,"2021-10-27T22:00:14+05:30"
94,147,155,26.49,48.36,1635352244860,"2021-10-27T22:00:44+05:30"
94,144,158,26.46,48.48,1635352275410,"2021-10-27T22:01:15+05:30"
94,144,159,26.49,48.64,1635352306005,"2021-10-27T22:01:46+05:30"
93,142,157,26.55,48.8,1635352338922,"2021-10-27T22:02:18+05:30"
94,142,158,26.57,48.5,1635352369500,"2021-10-27T22:02:49+05:30"
94,142,159,26.57,48.38,1635352400201,"2021-10-27T22:03:20+05:30"
92,140,151,26.58,48.46,1635352430682,"2021-10-27T22:03:50+05:30"
93,140,152,26.6,48.74,1635352461269,"2021-10-27T22:04:21+05:30"
93,142,159,26.57,48.14,1635352491861,"2021-10-27T22:04:51+05:30"
93,142,155,26.55,48.22,1635352522508,"2021-10-27T22:05:22+05:30"
91,141,152,26.57,48.5,1635352553049,"2021-10-27T22:05:53+05:30"
95,141,155,26.57,48.45,1635352583757,"2021-10-27T22:06:23+05:30"
95,141,155,26.59,48.87,1635352614326,"2021-10-27T22:06:54+05:30"
92,143,157,26.62,48.64,1635352644917,"2021-10-27T22:07:24+05:30"
92,139,152,26.58,48.03,1635352675508,"2021-10-27T22:07:55+05:30"
96,141,160,26.55,48.1,1635352706139,"2021-10-27T22:08:26+05:30"