"pm1_0","pm2_5","pm10","temp","humid","createdAt","localtime"
115,188,203,31.26,71.83,1633152312378,"2021-10-02T10:55:12+05:30"
124,203,219,31.34,71.64,1633152342926,"2021-10-02T10:55:42+05:30"
125,212,232,31.46,71.48,1633152373608,"2021-10-02T10:56:13+05:30"
116,192,206,31.61,70.83,1633152404149,"2021-10-02T10:56:44+05:30"
97,154,165,31.69,69.67,1633152434686,"2021-10-02T10:57:14+05:30"
99,158,174,31.74,69.71,1633152465345,"2021-10-02T10:57:45+05:30"
90,143,155,31.81,69.21,1633152495858,"2021-10-02T10:58:15+05:30"
91,143,153,31.85,68.85,1633152526425,"2021-10-02T10:58:46+05:30"
89,140,153,31.91,68.66,1633152556996,"2021-10-02T10:59:16+05:30"
96,153,167,31.93,68.79,1633152587640,"2021-10-02T10:59:47+05:30"
97,155,162,31.96,68.72,1633152618199,"2021-10-02T11:00:18+05:30"
92,145,159,31.95,68.36,1633152648747,"2021-10-02T11:00:48+05:30"
85,133,142,32.02,68.02,1633152679345,"2021-10-02T11:01:19+05:30"
87,135,142,32.06,68.13,1633152710037,"2021-10-02T11:01:50+05:30"
81,128,138,32.08,68.12,1633152740574,"2021-10-02T11:02:20+05:30"
80,122,129,32.11,67.62,1633152771142,"2021-10-02T11:02:51+05:30"
80,126,131,32.15,67.67,1633152801748,"2021-10-02T11:03:21+05:30"
87,139,146,32.14,68.1,1633152832367,"2021-10-02T11:03:52+05:30"
88,139,149,32.12,67.66,1633152863116,"2021-10-02T11:04:23+05:30"
81,125,133,32.15,67.59,1633152883568,"2021-10-02T11:04:43+05:30"
81,123,131,32.2,67.61,1633152914143,"2021-10-02T11:05:14+05:30"
78,121,130,32.22,67.33,1633152944694,"2021-10-02T11:05:44+05:30"
75,112,122,32.22,66.62,1633152975298,"2021-10-02T11:06:15+05:30"
74,115,122,32.2,66.92,1633153005902,"2021-10-02T11:06:45+05:30"
78,123,132,32.16,66.88,1633153036455,"2021-10-02T11:07:16+05:30"
79,119,128,32.16,67.19,1633153067027,"2021-10-02T11:07:47+05:30"
73,114,123,32.14,67.2,1633153097632,"2021-10-02T11:08:17+05:30"
79,121,129,32.11,67.36,1633153128229,"2021-10-02T11:08:48+05:30"
85,132,146,32.08,67.43,1633153158788,"2021-10-02T11:09:18+05:30"
89,143,154,32.12,67.72,1633153189370,"2021-10-02T11:09:49+05:30"
97,156,166,32.13,67.15,1633153218600,"2021-10-02T11:10:18+05:30"
91,141,149,32.13,67.43,1633153249304,"2021-10-02T11:10:49+05:30"
101,162,174,32.09,67.52,1633153280112,"2021-10-02T11:11:20+05:30"
103,165,179,32.06,68.06,1633153310755,"2021-10-02T11:11:50+05:30"
97,156,168,32.05,68.18,1633153341348,"2021-10-02T11:12:21+05:30"
100,157,173,32.09,68.49,1633153371964,"2021-10-02T11:12:51+05:30"
93,153,165,32.13,68.44,1633153402516,"2021-10-02T11:13:22+05:30"
87,137,146,32.18,68.1,1633153433133,"2021-10-02T11:13:53+05:30"
81,124,132,32.23,67.87,1633153463807,"2021-10-02T11:14:23+05:30"
81,125,133,32.29,67.8,1633153494274,"2021-10-02T11:14:54+05:30"
109,182,200,32.27,68.24,1633153524848,"2021-10-02T11:15:24+05:30"
120,204,226,32.28,68.7,1633153555414,"2021-10-02T11:15:55+05:30"
114,189,207,32.31,68.76,1633153586015,"2021-10-02T11:16:26+05:30"
113,185,200,32.31,68.82,1633153616611,"2021-10-02T11:16:56+05:30"
109,180,196,32.33,69.01,1633153647201,"2021-10-02T11:17:27+05:30"
108,175,185,32.32,68.63,1633153677809,"2021-10-02T11:17:57+05:30"
102,166,178,32.35,68.65,1633153708479,"2021-10-02T11:18:28+05:30"
86,140,145,32.38,67.42,1633153739070,"2021-10-02T11:18:59+05:30"
78,124,132,32.38,66.45,1633153769633,"2021-10-02T11:19:29+05:30"
75,119,127,32.36,67,1633153800207,"2021-10-02T11:20:00+05:30"
78,122,131,32.33,67.05,1633153830803,"2021-10-02T11:20:30+05:30"
78,121,131,32.3,66.73,1633153861393,"2021-10-02T11:21:01+05:30"
80,124,133,32.27,68.13,1633153891972,"2021-10-02T11:21:31+05:30"
77,121,132,32.28,68.12,1633153922549,"2021-10-02T11:22:02+05:30"
81,126,134,32.25,68.41,1633153953134,"2021-10-02T11:22:33+05:30"
81,127,138,32.23,68.31,1633153983721,"2021-10-02T11:23:03+05:30"
75,119,128,32.19,68,1633154014294,"2021-10-02T11:23:34+05:30"
78,118,130,32.16,67.75,1633154044981,"2021-10-02T11:24:04+05:30"
80,127,134,32.17,68.08,1633154075483,"2021-10-02T11:24:35+05:30"
76,119,129,32.21,67.64,1633154106158,"2021-10-02T11:25:06+05:30"
76,120,127,32.24,67.03,1633154133751,"2021-10-02T11:25:33+05:30"
79,123,133,32.29,67.05,1633154164303,"2021-10-02T11:26:04+05:30"
81,125,130,32.27,67.11,1633154194879,"2021-10-02T11:26:34+05:30"
82,127,136,32.25,67.62,1633154225477,"2021-10-02T11:27:05+05:30"
85,131,138,32.27,67.91,1633154256070,"2021-10-02T11:27:36+05:30"
84,131,138,32.25,66.75,1633154286641,"2021-10-02T11:28:06+05:30"
83,127,133,32.23,67.4,1633154317225,"2021-10-02T11:28:37+05:30"
88,136,142,32.21,67.05,1633154347806,"2021-10-02T11:29:07+05:30"
90,134,139,32.24,68.05,1633154378420,"2021-10-02T11:29:38+05:30"
96,145,156,32.29,68.21,1633154409084,"2021-10-02T11:30:09+05:30"
98,155,168,32.31,67.8,1633154439650,"2021-10-02T11:30:39+05:30"
103,159,173,32.29,67.87,1633154470216,"2021-10-02T11:31:10+05:30"
102,158,168,32.29,67.32,1633154500824,"2021-10-02T11:31:40+05:30"
105,161,168,32.29,67.97,1633154531410,"2021-10-02T11:32:11+05:30"
144,229,247,32.28,68.09,1633154562000,"2021-10-02T11:32:42+05:30"
116,184,192,32.29,67.52,1633154592594,"2021-10-02T11:33:12+05:30"
102,161,173,32.35,67.33,1633154623195,"2021-10-02T11:33:43+05:30"
92,143,154,32.39,67.1,1633154653755,"2021-10-02T11:34:13+05:30"
87,135,147,32.38,66.38,1633154684334,"2021-10-02T11:34:44+05:30"
81,123,131,32.39,66.42,1633154714933,"2021-10-02T11:35:14+05:30"
77,125,133,32.39,66.92,1633154745514,"2021-10-02T11:35:45+05:30"
104,165,174,32.32,67.06,1633154776079,"2021-10-02T11:36:16+05:30"
100,159,171,32.32,66.57,1633154806688,"2021-10-02T11:36:46+05:30"
121,203,222,32.35,66.78,1633154837252,"2021-10-02T11:37:17+05:30"
176,310,344,32.32,67.71,1633154867978,"2021-10-02T11:37:47+05:30"
144,243,272,32.29,67.83,1633154898448,"2021-10-02T11:38:18+05:30"
123,201,220,32.31,67.85,1633154929181,"2021-10-02T11:38:49+05:30"
129,209,233,32.32,67.63,1633154959714,"2021-10-02T11:39:19+05:30"
117,190,210,32.3,67.59,1633154990212,"2021-10-02T11:39:50+05:30"
178,326,365,32.27,68.03,1633155015291,"2021-10-02T11:40:15+05:30"
197,362,411,32.24,68.16,1633155045860,"2021-10-02T11:40:45+05:30"
187,348,397,32.22,68.38,1633155076597,"2021-10-02T11:41:16+05:30"
193,361,405,32.21,67.57,1633155107026,"2021-10-02T11:41:47+05:30"
164,293,333,32.21,67.86,1633155137617,"2021-10-02T11:42:17+05:30"
157,272,302,32.26,67.76,1633155168203,"2021-10-02T11:42:48+05:30"
161,277,311,32.28,68.21,1633155198881,"2021-10-02T11:43:18+05:30"
150,259,289,32.28,68.28,1633155229493,"2021-10-02T11:43:49+05:30"
132,225,244,32.27,68.87,1633155260076,"2021-10-02T11:44:20+05:30"
131,224,241,32.23,68.49,1633155291069,"2021-10-02T11:44:51+05:30"
127,209,226,32.28,68.48,1633155321510,"2021-10-02T11:45:21+05:30"
125,206,228,32.33,68.45,1633155352303,"2021-10-02T11:45:52+05:30"
116,190,205,32.36,67.98,1633155382835,"2021-10-02T11:46:22+05:30"
116,186,205,32.38,68.07,1633155413487,"2021-10-02T11:46:53+05:30"
113,183,201,32.39,67.79,1633155444026,"2021-10-02T11:47:24+05:30"
104,167,182,32.36,66.8,1633155474622,"2021-10-02T11:47:54+05:30"
94,153,164,32.35,65.84,1633155505259,"2021-10-02T11:48:25+05:30"
93,150,163,32.3,65.71,1633155535808,"2021-10-02T11:48:55+05:30"
98,154,168,32.27,66.23,1633155566363,"2021-10-02T11:49:26+05:30"
94,153,168,32.25,66.42,1633155596990,"2021-10-02T11:49:56+05:30"
91,145,156,32.23,66.63,1633155627545,"2021-10-02T11:50:27+05:30"
98,153,166,32.22,67.82,1633155658131,"2021-10-02T11:50:58+05:30"
94,152,164,32.19,67.74,1633155688732,"2021-10-02T11:51:28+05:30"
98,157,172,32.19,68.12,1633155719273,"2021-10-02T11:51:59+05:30"
91,150,166,32.22,68.22,1633155749885,"2021-10-02T11:52:29+05:30"
95,152,167,32.25,67.88,1633155780481,"2021-10-02T11:53:00+05:30"
91,143,155,32.29,68.15,1633155811144,"2021-10-02T11:53:31+05:30"
74,116,124,32.36,66.5,1633155841725,"2021-10-02T11:54:01+05:30"
72,112,117,32.4,66.86,1633155872286,"2021-10-02T11:54:32+05:30"
76,119,128,32.42,67.35,1633155902882,"2021-10-02T11:55:02+05:30"
74,116,127,32.43,67.46,1633155938527,"2021-10-02T11:55:38+05:30"
72,108,117,32.42,67.44,1633155968780,"2021-10-02T11:56:08+05:30"
69,105,113,32.43,65.52,1633155999505,"2021-10-02T11:56:39+05:30"
71,111,120,32.5,66.47,1633156029952,"2021-10-02T11:57:09+05:30"
71,111,118,32.52,66.87,1633156060538,"2021-10-02T11:57:40+05:30"
70,112,119,32.51,67.37,1633156091148,"2021-10-02T11:58:11+05:30"
75,114,122,32.48,67.28,1633156121725,"2021-10-02T11:58:41+05:30"
70,109,115,32.5,66.63,1633156152356,"2021-10-02T11:59:12+05:30"
66,103,111,32.52,66.61,1633156182891,"2021-10-02T11:59:42+05:30"
65,101,107,32.54,67.07,1633156213553,"2021-10-02T12:00:13+05:30"
70,105,112,32.53,66.09,1633156244120,"2021-10-02T12:00:44+05:30"
68,104,108,32.51,65.86,1633156274689,"2021-10-02T12:01:14+05:30"
65,101,107,32.46,66.87,1633156305257,"2021-10-02T12:01:45+05:30"
68,106,113,32.42,66.44,1633156335854,"2021-10-02T12:02:15+05:30"
68,104,110,32.43,66.8,1633156366435,"2021-10-02T12:02:46+05:30"
62,95,101,32.46,66.32,1633156397008,"2021-10-02T12:03:17+05:30"
63,97,103,32.44,65.73,1633156427581,"2021-10-02T12:03:47+05:30"
62,95,103,32.45,66.15,1633156458197,"2021-10-02T12:04:18+05:30"
64,99,106,32.52,65.74,1633156488854,"2021-10-02T12:04:48+05:30"
67,101,106,32.51,66,1633156519504,"2021-10-02T12:05:19+05:30"
69,105,113,32.46,65.61,1633156540135,"2021-10-02T12:05:40+05:30"
68,107,114,32.44,64.62,1633156570983,"2021-10-02T12:06:10+05:30"
72,111,118,32.44,64.72,1633156601647,"2021-10-02T12:06:41+05:30"
78,119,127,32.42,64.81,1633156632283,"2021-10-02T12:07:12+05:30"
84,127,137,32.39,65.6,1633156663029,"2021-10-02T12:07:43+05:30"
82,128,136,32.36,64.9,1633156693731,"2021-10-02T12:08:13+05:30"
86,127,133,32.36,64.47,1633156724219,"2021-10-02T12:08:44+05:30"
89,138,148,32.36,64.02,1633156754807,"2021-10-02T12:09:14+05:30"
87,134,145,32.38,64.42,1633156785335,"2021-10-02T12:09:45+05:30"
104,156,164,32.4,65.35,1633156815977,"2021-10-02T12:10:15+05:30"
85,132,142,32.37,64.95,1633156846538,"2021-10-02T12:10:46+05:30"
100,148,158,32.34,65.87,1633156877120,"2021-10-02T12:11:17+05:30"
125,187,197,32.34,66.55,1633156907710,"2021-10-02T12:11:47+05:30"
100,151,162,32.34,66.79,1633156938494,"2021-10-02T12:12:18+05:30"
100,151,162,32.34,66.79,1633156939451,"2021-10-02T12:12:19+05:30"
91,139,147,32.34,66.62,1633156968918,"2021-10-02T12:12:48+05:30"
80,118,125,32.37,64.89,1633156999462,"2021-10-02T12:13:19+05:30"
71,104,113,32.42,63.84,1633157030028,"2021-10-02T12:13:50+05:30"
61,92,98,32.46,62.71,1633157060623,"2021-10-02T12:14:20+05:30"
67,101,107,32.46,63.96,1633157091226,"2021-10-02T12:14:51+05:30"
67,100,108,32.47,64.05,1633157121785,"2021-10-02T12:15:21+05:30"
71,105,112,32.46,64.7,1633157152354,"2021-10-02T12:15:52+05:30"
94,131,135,32.43,63.63,1633157182951,"2021-10-02T12:16:22+05:30"
159,212,219,32.41,65.04,1633157213603,"2021-10-02T12:16:53+05:30"
148,199,206,32.4,65.34,1633157244139,"2021-10-02T12:17:24+05:30"
134,181,187,32.39,65.53,1633157274739,"2021-10-02T12:17:54+05:30"
120,164,172,32.42,65.32,1633157305336,"2021-10-02T12:18:25+05:30"
95,131,135,32.43,64.4,1633157335898,"2021-10-02T12:18:55+05:30"
99,138,143,32.44,65.66,1633157366495,"2021-10-02T12:19:26+05:30"
95,134,141,32.44,66.23,1633157397067,"2021-10-02T12:19:57+05:30"
89,127,132,32.42,66.38,1633157427653,"2021-10-02T12:20:27+05:30"
84,118,124,32.4,65.8,1633157458241,"2021-10-02T12:20:58+05:30"
76,110,115,32.36,66.02,1633157488805,"2021-10-02T12:21:28+05:30"
79,113,119,32.34,65.65,1633157519416,"2021-10-02T12:21:59+05:30"
77,111,119,32.33,66.17,1633157549987,"2021-10-02T12:22:29+05:30"
69,102,108,32.33,64.51,1633157580682,"2021-10-02T12:23:00+05:30"
67,96,102,32.34,63.88,1633157611238,"2021-10-02T12:23:31+05:30"
63,93,97,32.33,64.29,1633157641830,"2021-10-02T12:24:01+05:30"
66,97,102,32.3,64.97,1633157672402,"2021-10-02T12:24:32+05:30"
65,95,99,32.28,64.52,1633157703002,"2021-10-02T12:25:03+05:30"
66,96,101,32.32,64.86,1633157736898,"2021-10-02T12:25:36+05:30"
59,88,91,32.34,63.39,1633157767826,"2021-10-02T12:26:07+05:30"
59,88,94,32.34,62.56,1633157798319,"2021-10-02T12:26:38+05:30"
56,83,88,32.3,62.21,1633157829010,"2021-10-02T12:27:09+05:30"
57,86,90,32.28,62.99,1633157859671,"2021-10-02T12:27:39+05:30"
58,87,93,32.33,62.88,1633157880124,"2021-10-02T12:28:00+05:30"
58,87,93,32.35,62.66,1633157910826,"2021-10-02T12:28:30+05:30"
56,86,90,32.35,62.64,1633157941371,"2021-10-02T12:29:01+05:30"
60,91,97,32.36,63.37,1633157971973,"2021-10-02T12:29:31+05:30"
58,88,93,32.37,63.13,1633158002569,"2021-10-02T12:30:02+05:30"
57,85,89,32.36,62.83,1633158033110,"2021-10-02T12:30:33+05:30"
57,87,94,32.37,63.7,1633158063704,"2021-10-02T12:31:03+05:30"
59,88,93,32.4,62.07,1633158094293,"2021-10-02T12:31:34+05:30"
61,89,93,32.45,62.35,1633158124876,"2021-10-02T12:32:04+05:30"
67,99,104,32.47,62.09,1633158155446,"2021-10-02T12:32:35+05:30"
65,95,100,32.48,63.04,1633158186044,"2021-10-02T12:33:06+05:30"
62,96,102,32.45,62.72,1633158216684,"2021-10-02T12:33:36+05:30"
57,86,91,32.46,61.72,1633158247264,"2021-10-02T12:34:07+05:30"
59,88,93,32.42,61.65,1633158277847,"2021-10-02T12:34:37+05:30"
57,84,88,32.41,61.8,1633158308437,"2021-10-02T12:35:08+05:30"
58,86,90,32.42,62.44,1633158339005,"2021-10-02T12:35:39+05:30"
55,83,87,32.44,61.86,1633158369594,"2021-10-02T12:36:09+05:30"
57,86,90,32.43,61.69,1633158400553,"2021-10-02T12:36:40+05:30"
56,82,86,32.44,62.51,1633158431219,"2021-10-02T12:37:11+05:30"
56,84,88,32.44,63.01,1633158461711,"2021-10-02T12:37:41+05:30"
59,90,92,32.39,63.72,1633158492321,"2021-10-02T12:38:12+05:30"
63,94,97,32.35,63.79,1633158522906,"2021-10-02T12:38:42+05:30"
60,90,94,32.38,64.35,1633158553472,"2021-10-02T12:39:13+05:30"
59,91,94,32.4,63.52,1633158584147,"2021-10-02T12:39:44+05:30"
59,89,93,32.4,64.02,1633158617394,"2021-10-02T12:40:17+05:30"
60,89,95,32.36,64.22,1633158647484,"2021-10-02T12:40:47+05:30"
62,94,101,32.36,64.45,1633158678098,"2021-10-02T12:41:18+05:30"
60,92,96,32.36,63.78,1633158708670,"2021-10-02T12:41:48+05:30"
62,88,94,32.37,63.33,1633158739244,"2021-10-02T12:42:19+05:30"
62,95,101,32.38,64.36,1633158769813,"2021-10-02T12:42:49+05:30"
67,98,104,32.39,64.4,1633158800413,"2021-10-02T12:43:20+05:30"
65,100,107,32.39,64.36,1633158831012,"2021-10-02T12:43:51+05:30"
64,95,101,32.41,63.86,1633158861617,"2021-10-02T12:44:21+05:30"
62,92,98,32.45,63.18,1633158892167,"2021-10-02T12:44:52+05:30"
59,88,94,32.47,62.62,1633158922760,"2021-10-02T12:45:22+05:30"
62,93,100,32.49,63.67,1633158953348,"2021-10-02T12:45:53+05:30"
62,93,97,32.49,63.84,1633158983913,"2021-10-02T12:46:23+05:30"
65,100,105,32.47,64.26,1633159014484,"2021-10-02T12:46:54+05:30"
65,97,103,32.49,62.15,1633159045080,"2021-10-02T12:47:25+05:30"
57,85,91,32.59,59.14,1633159075670,"2021-10-02T12:47:55+05:30"
58,87,90,32.64,60.33,1633159106250,"2021-10-02T12:48:26+05:30"
56,84,88,32.65,60.26,1633159136831,"2021-10-02T12:48:56+05:30"
57,84,88,32.68,59.45,1633159167398,"2021-10-02T12:49:27+05:30"
57,81,84,32.7,59.03,1633159197995,"2021-10-02T12:49:57+05:30"
56,81,84,32.71,58.98,1633159228561,"2021-10-02T12:50:28+05:30"
54,79,84,32.68,58.87,1633159259132,"2021-10-02T12:50:59+05:30"
51,76,81,32.59,58.51,1633159289732,"2021-10-02T12:51:29+05:30"
53,80,85,32.57,59.72,1633159320319,"2021-10-02T12:52:00+05:30"
59,89,95,32.53,60.84,1633159350967,"2021-10-02T12:52:30+05:30"
57,85,89,32.48,60.27,1633159381444,"2021-10-02T12:53:01+05:30"
57,84,90,32.48,60,1633159412125,"2021-10-02T12:53:32+05:30"
56,81,87,32.54,59.56,1633159442708,"2021-10-02T12:54:02+05:30"
50,74,79,32.57,58.07,1633159473249,"2021-10-02T12:54:33+05:30"
49,74,79,32.58,58.29,1633159503885,"2021-10-02T12:55:03+05:30"
52,76,81,32.56,59.23,1633159536646,"2021-10-02T12:55:36+05:30"
49,74,79,32.57,57.8,1633159567225,"2021-10-02T12:56:07+05:30"
47,72,78,32.57,57.85,1633159597797,"2021-10-02T12:56:37+05:30"
51,73,77,32.55,59.4,1633159628431,"2021-10-02T12:57:08+05:30"
58,85,90,32.5,60.52,1633159658966,"2021-10-02T12:57:38+05:30"
56,84,90,32.47,60.05,1633159689563,"2021-10-02T12:58:09+05:30"
54,79,84,32.51,59.33,1633159720130,"2021-10-02T12:58:40+05:30"
48,72,77,32.54,58.28,1633159750796,"2021-10-02T12:59:10+05:30"
52,78,82,32.54,59.2,1633159781301,"2021-10-02T12:59:41+05:30"
52,78,83,32.52,59.37,1633159811883,"2021-10-02T13:00:11+05:30"
50,76,79,32.51,59.11,1633159842464,"2021-10-02T13:00:42+05:30"
52,79,82,32.51,59.87,1633159873044,"2021-10-02T13:01:13+05:30"
57,83,86,32.49,61.09,1633159903710,"2021-10-02T13:01:43+05:30"
55,83,88,32.5,60.35,1633159934233,"2021-10-02T13:02:14+05:30"
52,77,83,32.56,58.91,1633159964791,"2021-10-02T13:02:44+05:30"
51,77,80,32.63,58.74,1633159995386,"2021-10-02T13:03:15+05:30"
52,76,80,32.65,60.53,1633160025948,"2021-10-02T13:03:45+05:30"
52,76,81,32.64,59.82,1633160056766,"2021-10-02T13:04:16+05:30"
52,74,78,32.63,59.29,1633160087445,"2021-10-02T13:04:47+05:30"
55,82,86,32.58,61.11,1633160118033,"2021-10-02T13:05:18+05:30"
59,87,93,32.52,61.02,1633160148756,"2021-10-02T13:05:48+05:30"
53,79,83,32.54,59.75,1633160179341,"2021-10-02T13:06:19+05:30"
57,86,90,32.52,61.19,1633160210004,"2021-10-02T13:06:50+05:30"
58,86,91,32.51,61.54,1633160240781,"2021-10-02T13:07:20+05:30"
57,84,88,32.52,61.68,1633160271387,"2021-10-02T13:07:51+05:30"
61,91,97,32.51,61.72,1633160302123,"2021-10-02T13:08:22+05:30"
56,87,91,32.5,60.85,1633160322808,"2021-10-02T13:08:42+05:30"
58,89,93,32.49,60.9,1633160353293,"2021-10-02T13:09:13+05:30"
52,76,81,32.5,59.83,1633160383878,"2021-10-02T13:09:43+05:30"
53,79,86,32.54,61.46,1633160417304,"2021-10-02T13:10:17+05:30"
55,81,87,32.56,61.69,1633160447508,"2021-10-02T13:10:47+05:30"
57,86,93,32.55,61.94,1633160477991,"2021-10-02T13:11:17+05:30"
55,81,85,32.56,60.61,1633160508561,"2021-10-02T13:11:48+05:30"
51,78,83,32.57,60.34,1633160539416,"2021-10-02T13:12:19+05:30"
51,75,81,32.57,59.16,1633160569754,"2021-10-02T13:12:49+05:30"
48,74,78,32.57,59.59,1633160600317,"2021-10-02T13:13:20+05:30"
50,76,81,32.57,60.16,1633160630896,"2021-10-02T13:13:50+05:30"
54,81,85,32.59,61.58,1633160661462,"2021-10-02T13:14:21+05:30"
56,87,91,32.56,61.94,1633160692263,"2021-10-02T13:14:52+05:30"
55,79,85,32.56,62.03,1633160722618,"2021-10-02T13:15:22+05:30"
54,81,85,32.6,60.86,1633160753214,"2021-10-02T13:15:53+05:30"
54,81,89,32.63,60.65,1633160783871,"2021-10-02T13:16:23+05:30"
53,81,89,32.66,60.64,1633160814443,"2021-10-02T13:16:54+05:30"
53,78,84,32.71,60.74,1633160844996,"2021-10-02T13:17:24+05:30"
57,85,89,32.67,62.05,1633160875573,"2021-10-02T13:17:55+05:30"
56,85,89,32.63,62.47,1633160906190,"2021-10-02T13:18:26+05:30"
56,87,91,32.6,60.88,1633160936803,"2021-10-02T13:18:56+05:30"
53,81,85,32.66,60.42,1633160967370,"2021-10-02T13:19:27+05:30"
52,79,84,32.69,60.08,1633160997909,"2021-10-02T13:19:57+05:30"
54,80,85,32.72,59.98,1633161028521,"2021-10-02T13:20:28+05:30"
51,77,80,32.74,59.23,1633161059091,"2021-10-02T13:20:59+05:30"
53,79,82,32.72,59.98,1633161089657,"2021-10-02T13:21:29+05:30"
54,81,87,32.7,61.07,1633161120232,"2021-10-02T13:22:00+05:30"
55,80,85,32.63,60.86,1633161150853,"2021-10-02T13:22:30+05:30"
53,77,80,32.59,61.68,1633161181455,"2021-10-02T13:23:01+05:30"
51,76,79,32.58,60.57,1633161211988,"2021-10-02T13:23:31+05:30"
54,79,82,32.56,61.82,1633161242563,"2021-10-02T13:24:02+05:30"
52,80,84,32.62,61.65,1633161273297,"2021-10-02T13:24:33+05:30"
53,76,79,32.72,60.06,1633161303748,"2021-10-02T13:25:03+05:30"
52,76,81,32.78,59.45,1633161336560,"2021-10-02T13:25:36+05:30"
51,73,78,32.72,59.01,1633161367130,"2021-10-02T13:26:07+05:30"
50,75,81,32.71,60.07,1633161397759,"2021-10-02T13:26:37+05:30"
51,77,83,32.69,60.03,1633161428271,"2021-10-02T13:27:08+05:30"
51,73,78,32.7,58.83,1633161458838,"2021-10-02T13:27:38+05:30"
46,69,75,32.78,57.81,1633161489430,"2021-10-02T13:28:09+05:30"
48,71,76,32.8,58.42,1633161520016,"2021-10-02T13:28:40+05:30"
49,73,78,32.8,58.52,1633161550580,"2021-10-02T13:29:10+05:30"
49,70,76,32.78,59.19,1633161581330,"2021-10-02T13:29:41+05:30"
48,71,78,32.75,58.78,1633161611756,"2021-10-02T13:30:11+05:30"
47,67,75,32.83,57.69,1633161642341,"2021-10-02T13:30:42+05:30"
48,71,76,32.82,59.5,1633161672935,"2021-10-02T13:31:12+05:30"
49,73,78,32.72,59.95,1633161703498,"2021-10-02T13:31:43+05:30"
49,74,79,32.65,59.76,1633161734127,"2021-10-02T13:32:14+05:30"
48,70,76,32.62,59.84,1633161764666,"2021-10-02T13:32:44+05:30"
49,72,78,32.62,60.69,1633161795332,"2021-10-02T13:33:15+05:30"
49,71,77,32.61,60.09,1633161825861,"2021-10-02T13:33:45+05:30"
48,69,75,32.63,59.98,1633161856416,"2021-10-02T13:34:16+05:30"
50,71,78,32.63,61.05,1633161886994,"2021-10-02T13:34:46+05:30"
50,75,80,32.58,61.75,1633161917556,"2021-10-02T13:35:17+05:30"
50,74,78,32.55,62.34,1633161948174,"2021-10-02T13:35:48+05:30"
53,78,80,32.53,62.63,1633161978750,"2021-10-02T13:36:18+05:30"
54,77,81,32.46,63.21,1633162009318,"2021-10-02T13:36:49+05:30"
53,80,86,32.43,62.94,1633162039933,"2021-10-02T13:37:19+05:30"
55,83,89,32.37,63.35,1633162070492,"2021-10-02T13:37:50+05:30"
53,81,86,32.37,62.93,1633162101210,"2021-10-02T13:38:21+05:30"
55,79,84,32.42,62.37,1633162131915,"2021-10-02T13:38:51+05:30"
56,82,87,32.44,61.67,1633162162591,"2021-10-02T13:39:22+05:30"
54,80,83,32.5,60.81,1633162193280,"2021-10-02T13:39:53+05:30"
50,73,78,32.55,59.21,1633162216611,"2021-10-02T13:40:16+05:30"
48,72,77,32.59,60.22,1633162247158,"2021-10-02T13:40:47+05:30"
52,78,81,32.6,61.02,1633162277732,"2021-10-02T13:41:17+05:30"
52,73,78,32.6,61.06,1633162308311,"2021-10-02T13:41:48+05:30"
51,77,81,32.6,60.57,1633162338906,"2021-10-02T13:42:18+05:30"
50,72,78,32.62,59.6,1633162369465,"2021-10-02T13:42:49+05:30"
48,71,76,32.66,58.05,1633162400033,"2021-10-02T13:43:20+05:30"
47,67,75,32.7,57.8,1633162430612,"2021-10-02T13:43:50+05:30"
46,69,76,32.69,60.1,1633162461174,"2021-10-02T13:44:21+05:30"
49,74,80,32.65,60.39,1633162491788,"2021-10-02T13:44:51+05:30"
48,70,77,32.62,59.9,1633162522369,"2021-10-02T13:45:22+05:30"
47,69,76,32.62,59.54,1633162552939,"2021-10-02T13:45:52+05:30"
47,69,75,32.62,60.7,1633162583509,"2021-10-02T13:46:23+05:30"
48,71,77,32.59,60.61,1633162614108,"2021-10-02T13:46:54+05:30"
51,74,78,32.58,61.25,1633162644701,"2021-10-02T13:47:24+05:30"
53,79,81,32.58,61.53,1633162675434,"2021-10-02T13:47:55+05:30"
54,80,83,32.58,61.52,1633162705844,"2021-10-02T13:48:25+05:30"
53,77,81,32.59,61.39,1633162736444,"2021-10-02T13:48:56+05:30"
61,90,94,32.6,61.4,1633162767029,"2021-10-02T13:49:27+05:30"
59,85,91,32.63,59.76,1633162797607,"2021-10-02T13:49:57+05:30"
54,82,87,32.67,59.79,1633162828176,"2021-10-02T13:50:28+05:30"
53,81,86,32.75,58.96,1633162858943,"2021-10-02T13:50:58+05:30"
58,89,95,32.7,60.03,1633162889460,"2021-10-02T13:51:29+05:30"
60,88,92,32.66,59.98,1633162920416,"2021-10-02T13:52:00+05:30"
60,88,91,32.61,60.31,1633162950608,"2021-10-02T13:52:30+05:30"
57,86,89,32.63,59.41,1633162981294,"2021-10-02T13:53:01+05:30"
54,83,86,32.67,59.99,1633163011822,"2021-10-02T13:53:31+05:30"
60,91,96,32.63,60.94,1633163042374,"2021-10-02T13:54:02+05:30"
59,87,91,32.6,60.66,1633163072942,"2021-10-02T13:54:32+05:30"
59,89,92,32.62,60.72,1633163103515,"2021-10-02T13:55:03+05:30"
63,94,98,32.59,62.32,1633163137601,"2021-10-02T13:55:37+05:30"
63,95,103,32.59,62.81,1633163168151,"2021-10-02T13:56:08+05:30"
66,97,101,32.57,63.22,1633163199041,"2021-10-02T13:56:39+05:30"
64,99,105,32.56,63.42,1633163229313,"2021-10-02T13:57:09+05:30"
67,101,107,32.54,62.64,1633163259911,"2021-10-02T13:57:39+05:30"
65,98,103,32.52,63.78,1633163290518,"2021-10-02T13:58:10+05:30"
63,94,99,32.51,63.79,1633163321109,"2021-10-02T13:58:41+05:30"
64,93,97,32.49,63.79,1633163351681,"2021-10-02T13:59:11+05:30"
61,95,99,32.47,63.24,1633163382244,"2021-10-02T13:59:42+05:30"
59,88,92,32.49,62.42,1633163412860,"2021-10-02T14:00:12+05:30"
61,91,96,32.48,63.09,1633163443422,"2021-10-02T14:00:43+05:30"
62,91,96,32.46,63.55,1633163474003,"2021-10-02T14:01:14+05:30"
61,91,94,32.46,62.54,1633163504581,"2021-10-02T14:01:44+05:30"
61,90,94,32.48,62.83,1633163535184,"2021-10-02T14:02:15+05:30"
59,90,95,32.49,61.86,1633163565767,"2021-10-02T14:02:45+05:30"
62,93,98,32.46,62.6,1633163596340,"2021-10-02T14:03:16+05:30"
60,90,93,32.47,62.36,1633163626915,"2021-10-02T14:03:46+05:30"
60,91,96,32.5,61.24,1633163657488,"2021-10-02T14:04:17+05:30"
63,93,97,32.47,62.79,1633163688078,"2021-10-02T14:04:48+05:30"
61,94,98,32.44,62.61,1633163718681,"2021-10-02T14:05:18+05:30"
59,86,89,32.41,62.61,1633163749251,"2021-10-02T14:05:49+05:30"
59,91,94,32.42,62.73,1633163779809,"2021-10-02T14:06:19+05:30"
57,83,84,32.44,62.68,1633163810407,"2021-10-02T14:06:50+05:30"
58,84,89,32.49,63.17,1633163841007,"2021-10-02T14:07:21+05:30"
55,82,86,32.52,62.41,1633163871660,"2021-10-02T14:07:51+05:30"
54,79,83,32.52,61.25,1633163902140,"2021-10-02T14:08:22+05:30"
54,82,86,32.5,61.5,1633163932745,"2021-10-02T14:08:52+05:30"
53,82,84,32.47,61.85,1633163963369,"2021-10-02T14:09:23+05:30"
56,83,87,32.41,62.04,1633163994025,"2021-10-02T14:09:54+05:30"
54,83,87,32.38,61.49,1633164045360,"2021-10-02T14:10:45+05:30"
57,85,94,32.38,61.64,1633164076027,"2021-10-02T14:11:16+05:30"
59,89,95,32.38,62.34,1633164106660,"2021-10-02T14:11:46+05:30"
57,85,90,32.35,62.31,1633164137210,"2021-10-02T14:12:17+05:30"
59,88,94,32.31,62.82,1633164167806,"2021-10-02T14:12:47+05:30"
57,88,93,32.31,63.02,1633164198356,"2021-10-02T14:13:18+05:30"
59,90,96,32.29,62.74,1633164229179,"2021-10-02T14:13:49+05:30"
58,88,92,32.32,61.17,1633164259758,"2021-10-02T14:14:19+05:30"
59,91,95,32.35,61.36,1633164290465,"2021-10-02T14:14:50+05:30"
58,86,88,32.37,60.78,1633164321055,"2021-10-02T14:15:21+05:30"
57,87,91,32.38,61.31,1633164351621,"2021-10-02T14:15:51+05:30"
58,88,95,32.4,61.67,1633164382313,"2021-10-02T14:16:22+05:30"
58,86,91,32.38,62.03,1633164412902,"2021-10-02T14:16:52+05:30"
58,88,93,32.36,62.34,1633164443860,"2021-10-02T14:17:23+05:30"
59,91,95,32.34,61.89,1633164474066,"2021-10-02T14:17:54+05:30"
58,87,92,32.35,61.28,1633164504652,"2021-10-02T14:18:24+05:30"
59,85,90,32.4,60.66,1633164535271,"2021-10-02T14:18:55+05:30"
58,87,90,32.43,61.16,1633164565851,"2021-10-02T14:19:25+05:30"
73,109,115,32.43,61.65,1633164596418,"2021-10-02T14:19:56+05:30"
72,110,114,32.4,61.06,1633164627036,"2021-10-02T14:20:27+05:30"
63,96,99,32.46,60.12,1633164657600,"2021-10-02T14:20:57+05:30"
61,94,100,32.51,59.82,1633164688284,"2021-10-02T14:21:28+05:30"
59,89,93,32.55,59.2,1633164718860,"2021-10-02T14:21:58+05:30"
61,91,96,32.52,60.13,1633164749427,"2021-10-02T14:22:29+05:30"
60,93,98,32.49,60.12,1633164780074,"2021-10-02T14:23:00+05:30"
64,97,101,32.47,60.26,1633164810610,"2021-10-02T14:23:30+05:30"
63,96,102,32.46,60.38,1633164841230,"2021-10-02T14:24:01+05:30"
62,97,101,32.47,60.19,1633164871790,"2021-10-02T14:24:31+05:30"
61,93,100,32.5,59.53,1633164902396,"2021-10-02T14:25:02+05:30"
58,84,87,32.56,57.88,1633164938001,"2021-10-02T14:25:38+05:30"
55,82,85,32.63,57.38,1633164968118,"2021-10-02T14:26:08+05:30"
51,79,83,32.65,56.9,1633164998761,"2021-10-02T14:26:38+05:30"
52,79,82,32.65,57.29,1633165029384,"2021-10-02T14:27:09+05:30"
51,76,80,32.63,57.53,1633165059878,"2021-10-02T14:27:39+05:30"
52,80,84,32.56,58.56,1633165090759,"2021-10-02T14:28:10+05:30"
54,84,87,32.5,59.18,1633165121149,"2021-10-02T14:28:41+05:30"
55,81,84,32.44,59.99,1633165151720,"2021-10-02T14:29:11+05:30"
55,83,88,32.39,60.78,1633165182366,"2021-10-02T14:29:42+05:30"
58,87,93,32.32,61.53,1633165212930,"2021-10-02T14:30:12+05:30"
59,88,93,32.3,61.5,1633165243475,"2021-10-02T14:30:43+05:30"
57,87,94,32.33,61.35,1633165274054,"2021-10-02T14:31:14+05:30"
56,88,95,32.31,61.91,1633165304650,"2021-10-02T14:31:44+05:30"
57,89,97,32.33,62.44,1633165335356,"2021-10-02T14:32:15+05:30"
59,91,98,32.27,62.88,1633165365817,"2021-10-02T14:32:45+05:30"
58,89,96,32.27,61.97,1633165396379,"2021-10-02T14:33:16+05:30"
58,89,94,32.26,62.74,1633165426972,"2021-10-02T14:33:46+05:30"
60,91,97,32.22,63.14,1633165457573,"2021-10-02T14:34:17+05:30"
59,90,94,32.17,63.36,1633165488141,"2021-10-02T14:34:48+05:30"
58,89,92,32.17,62.93,1633165518714,"2021-10-02T14:35:18+05:30"
59,87,92,32.18,62.99,1633165549318,"2021-10-02T14:35:49+05:30"
61,94,98,32.18,63.03,1633165579901,"2021-10-02T14:36:19+05:30"
61,93,100,32.19,63.4,1633165610479,"2021-10-02T14:36:50+05:30"
62,91,97,32.22,63.52,1633165641053,"2021-10-02T14:37:21+05:30"
60,91,101,32.18,64.15,1633165671642,"2021-10-02T14:37:51+05:30"
59,91,98,32.22,63.07,1633165702229,"2021-10-02T14:38:22+05:30"
59,88,93,32.25,62.78,1633165732800,"2021-10-02T14:38:52+05:30"
61,89,95,32.3,62.07,1633165763372,"2021-10-02T14:39:23+05:30"
60,90,95,32.33,62.18,1633165793977,"2021-10-02T14:39:53+05:30"
59,89,95,32.34,62.4,1633165820955,"2021-10-02T14:40:20+05:30"
59,86,94,32.34,62.5,1633165851172,"2021-10-02T14:40:51+05:30"
59,87,95,32.33,62.73,1633165881605,"2021-10-02T14:41:21+05:30"
58,88,94,32.3,62.15,1633165912198,"2021-10-02T14:41:52+05:30"
58,90,95,32.27,62.94,1633165942787,"2021-10-02T14:42:22+05:30"
58,91,97,32.22,63.14,1633165973374,"2021-10-02T14:42:53+05:30"
58,88,95,32.23,62.19,1633166003929,"2021-10-02T14:43:23+05:30"
56,81,86,32.29,61.68,1633166034545,"2021-10-02T14:43:54+05:30"
52,78,82,32.37,60.59,1633166065140,"2021-10-02T14:44:25+05:30"
53,77,81,32.44,60.01,1633166095682,"2021-10-02T14:44:55+05:30"
53,80,84,32.41,61.39,1633166126262,"2021-10-02T14:45:26+05:30"
54,79,85,32.35,61.11,1633166156900,"2021-10-02T14:45:56+05:30"
54,80,88,32.35,61.17,1633166187453,"2021-10-02T14:46:27+05:30"
54,82,86,32.35,61.69,1633166218105,"2021-10-02T14:46:58+05:30"
50,76,80,32.38,60.47,1633166248780,"2021-10-02T14:47:28+05:30"
50,74,79,32.42,59.43,1633166279266,"2021-10-02T14:47:59+05:30"
51,78,82,32.42,61.02,1633166309861,"2021-10-02T14:48:29+05:30"
51,78,82,32.38,62.11,1633166340427,"2021-10-02T14:49:00+05:30"
51,76,79,32.32,62.8,1633166371149,"2021-10-02T14:49:31+05:30"
52,81,84,32.24,63.68,1633166401600,"2021-10-02T14:50:01+05:30"
53,84,88,32.2,63.92,1633166432375,"2021-10-02T14:50:32+05:30"
54,81,89,32.2,63.77,1633166463308,"2021-10-02T14:51:03+05:30"
54,83,88,32.19,63.56,1633166493346,"2021-10-02T14:51:33+05:30"
53,81,87,32.18,63.59,1633166523916,"2021-10-02T14:52:03+05:30"
55,83,89,32.18,63.58,1633166554673,"2021-10-02T14:52:34+05:30"
60,90,96,32.19,64.51,1633166585052,"2021-10-02T14:53:05+05:30"
57,87,94,32.22,64.6,1633166615641,"2021-10-02T14:53:35+05:30"
57,87,94,32.26,64.28,1633166646256,"2021-10-02T14:54:06+05:30"
54,83,89,32.29,63.31,1633166676871,"2021-10-02T14:54:36+05:30"
54,82,87,32.28,63.55,1633166707376,"2021-10-02T14:55:07+05:30"
51,77,83,32.33,60.8,1633166740354,"2021-10-02T14:55:40+05:30"
50,75,80,32.37,61.68,1633166770471,"2021-10-02T14:56:10+05:30"
51,79,84,32.38,61.53,1633166801089,"2021-10-02T14:56:41+05:30"
50,77,81,32.38,61.82,1633166831642,"2021-10-02T14:57:11+05:30"
52,82,87,32.38,61.67,1633166862200,"2021-10-02T14:57:42+05:30"
53,78,84,32.38,61.35,1633166892796,"2021-10-02T14:58:12+05:30"
50,75,80,32.37,61.18,1633166923394,"2021-10-02T14:58:43+05:30"
48,74,78,32.38,60.19,1633166954173,"2021-10-02T14:59:14+05:30"
51,78,83,32.36,61.86,1633166974634,"2021-10-02T14:59:34+05:30"
50,77,81,32.34,60.73,1633167005765,"2021-10-02T15:00:05+05:30"
47,69,75,32.37,59.56,1633167036117,"2021-10-02T15:00:36+05:30"
48,74,79,32.38,61.29,1633167066686,"2021-10-02T15:01:06+05:30"
47,72,77,32.4,60.91,1633167097278,"2021-10-02T15:01:37+05:30"
48,73,79,32.46,60.53,1633167127850,"2021-10-02T15:02:07+05:30"
48,70,77,32.52,60.55,1633167158503,"2021-10-02T15:02:38+05:30"
47,70,77,32.53,60.57,1633167189113,"2021-10-02T15:03:09+05:30"
48,72,79,32.53,60.34,1633167219686,"2021-10-02T15:03:39+05:30"
46,69,77,32.53,60.13,1633167250250,"2021-10-02T15:04:10+05:30"
47,72,79,32.56,58.99,1633167280849,"2021-10-02T15:04:40+05:30"
47,70,76,32.54,60.2,1633167311440,"2021-10-02T15:05:11+05:30"
45,69,76,32.53,59.95,1633167342010,"2021-10-02T15:05:42+05:30"
46,70,76,32.53,59.33,1633167372588,"2021-10-02T15:06:12+05:30"
47,71,77,32.52,60.01,1633167403400,"2021-10-02T15:06:43+05:30"
47,72,78,32.5,60.69,1633167433781,"2021-10-02T15:07:13+05:30"
47,70,76,32.47,60.86,1633167464342,"2021-10-02T15:07:44+05:30"
48,70,78,32.44,61.01,1633167494909,"2021-10-02T15:08:14+05:30"
49,72,79,32.41,61.44,1633167525512,"2021-10-02T15:08:45+05:30"
47,74,80,32.37,61.92,1633167556385,"2021-10-02T15:09:16+05:30"
47,72,77,32.3,62.21,1633167586671,"2021-10-02T15:09:46+05:30"
49,73,80,32.26,62.7,1633167622000,"2021-10-02T15:10:22+05:30"
51,76,81,32.23,62.79,1633167652598,"2021-10-02T15:10:52+05:30"
50,74,80,32.24,63.15,1633167683280,"2021-10-02T15:11:23+05:30"
50,76,81,32.27,63.07,1633167713731,"2021-10-02T15:11:53+05:30"
53,81,86,32.27,63.15,1633167744310,"2021-10-02T15:12:24+05:30"
52,80,85,32.24,63.54,1633167774941,"2021-10-02T15:12:54+05:30"
53,78,84,32.24,63.79,1633167805505,"2021-10-02T15:13:25+05:30"
54,80,86,32.24,63.97,1633167836263,"2021-10-02T15:13:56+05:30"
58,86,93,32.23,63.78,1633167866788,"2021-10-02T15:14:26+05:30"
59,87,92,32.2,64.28,1633167887163,"2021-10-02T15:14:47+05:30"
55,85,91,32.19,64.53,1633167918036,"2021-10-02T15:15:18+05:30"
55,81,87,32.18,64.52,1633167948699,"2021-10-02T15:15:48+05:30"
54,83,89,32.26,63.61,1633167979531,"2021-10-02T15:16:19+05:30"
54,81,87,32.3,63.5,1633168010378,"2021-10-02T15:16:50+05:30"
54,82,87,32.33,62.91,1633168040948,"2021-10-02T15:17:20+05:30"
53,80,87,32.35,62.65,1633168071521,"2021-10-02T15:17:51+05:30"
58,85,90,32.34,63.06,1633168102134,"2021-10-02T15:18:22+05:30"
55,84,87,32.28,63.78,1633168132707,"2021-10-02T15:18:52+05:30"
52,81,85,32.29,63.83,1633168163290,"2021-10-02T15:19:23+05:30"
53,80,87,32.24,63.41,1633168193851,"2021-10-02T15:19:53+05:30"
55,86,93,32.24,63.66,1633168224454,"2021-10-02T15:20:24+05:30"
54,80,84,32.25,63.86,1633168255081,"2021-10-02T15:20:55+05:30"
57,86,92,32.24,64.35,1633168285666,"2021-10-02T15:21:25+05:30"
53,83,89,32.23,64.36,1633168316200,"2021-10-02T15:21:56+05:30"
54,83,88,32.21,64.53,1633168346791,"2021-10-02T15:22:26+05:30"
53,80,88,32.19,64.65,1633168377461,"2021-10-02T15:22:57+05:30"
54,85,91,32.17,64.49,1633168407963,"2021-10-02T15:23:27+05:30"
53,83,93,32.21,64.64,1633168438508,"2021-10-02T15:23:58+05:30"
53,83,90,32.23,64.51,1633168469096,"2021-10-02T15:24:29+05:30"
56,86,93,32.22,64.5,1633168499657,"2021-10-02T15:24:59+05:30"
55,83,91,32.24,63.95,1633168530983,"2021-10-02T15:25:30+05:30"
52,78,85,32.28,62.42,1633168561187,"2021-10-02T15:26:01+05:30"
53,77,83,32.28,62.46,1633168592043,"2021-10-02T15:26:32+05:30"
51,77,81,32.31,62.46,1633168622711,"2021-10-02T15:27:02+05:30"
54,79,87,32.32,62.34,1633168653303,"2021-10-02T15:27:33+05:30"
56,84,91,32.32,62.5,1633168683898,"2021-10-02T15:28:03+05:30"
56,86,91,32.33,62.66,1633168714431,"2021-10-02T15:28:34+05:30"
53,83,89,32.33,63.13,1633168745138,"2021-10-02T15:29:05+05:30"
51,76,82,32.38,62.38,1633168775629,"2021-10-02T15:29:35+05:30"
53,82,89,32.43,62.82,1633168806191,"2021-10-02T15:30:06+05:30"
54,82,87,32.43,62.96,1633168836759,"2021-10-02T15:30:36+05:30"
53,82,86,32.43,62.47,1633168867567,"2021-10-02T15:31:07+05:30"
55,83,88,32.47,62.47,1633168897953,"2021-10-02T15:31:37+05:30"
57,84,88,32.46,63.52,1633168928521,"2021-10-02T15:32:08+05:30"
57,84,90,32.41,63.26,1633168959096,"2021-10-02T15:32:39+05:30"
55,78,83,32.42,62.61,1633168989850,"2021-10-02T15:33:09+05:30"
51,75,81,32.47,60.5,1633169020376,"2021-10-02T15:33:40+05:30"
54,76,80,32.55,60.63,1633169050968,"2021-10-02T15:34:10+05:30"
52,79,82,32.54,60.99,1633169081531,"2021-10-02T15:34:41+05:30"
53,78,82,32.52,61.26,1633169112104,"2021-10-02T15:35:12+05:30"
53,78,81,32.48,61.51,1633169142860,"2021-10-02T15:35:42+05:30"
53,79,83,32.43,61.79,1633169173292,"2021-10-02T15:36:13+05:30"
53,74,78,32.45,61,1633169203870,"2021-10-02T15:36:43+05:30"
47,69,76,32.54,58.77,1633169234509,"2021-10-02T15:37:14+05:30"
49,72,77,32.57,59.48,1633169265030,"2021-10-02T15:37:45+05:30"
51,76,81,32.51,60.24,1633169295633,"2021-10-02T15:38:15+05:30"
53,78,84,32.55,59.31,1633169326374,"2021-10-02T15:38:46+05:30"
53,78,82,32.55,59.56,1633169356768,"2021-10-02T15:39:16+05:30"
50,73,77,32.58,58.59,1633169387372,"2021-10-02T15:39:47+05:30"
48,73,78,32.56,59.17,1633169421663,"2021-10-02T15:40:21+05:30"
49,72,79,32.58,59.07,1633169452368,"2021-10-02T15:40:52+05:30"
50,78,82,32.55,60.13,1633169483092,"2021-10-02T15:41:23+05:30"
46,71,77,32.57,59.78,1633169513643,"2021-10-02T15:41:53+05:30"
46,71,77,32.57,59.15,1633169544207,"2021-10-02T15:42:24+05:30"
48,71,77,32.53,58.82,1633169574798,"2021-10-02T15:42:54+05:30"
45,67,74,32.55,58.45,1633169605496,"2021-10-02T15:43:25+05:30"
43,63,72,32.62,58.04,1633169635955,"2021-10-02T15:43:55+05:30"
45,66,74,32.62,58.84,1633169666523,"2021-10-02T15:44:26+05:30"
44,66,75,32.59,58.98,1633169697119,"2021-10-02T15:44:57+05:30"
41,60,70,32.65,58.11,1633169727689,"2021-10-02T15:45:27+05:30"
41,62,71,32.69,58.22,1633169758352,"2021-10-02T15:45:58+05:30"
43,61,72,32.7,57.15,1633169789113,"2021-10-02T15:46:29+05:30"
43,64,73,32.69,58.35,1633169809680,"2021-10-02T15:46:49+05:30"
41,60,70,32.65,58.58,1633169839996,"2021-10-02T15:47:19+05:30"
44,63,72,32.64,58.33,1633169870597,"2021-10-02T15:47:50+05:30"
43,62,72,32.63,59.4,1633169901162,"2021-10-02T15:48:21+05:30"
42,61,72,32.64,58.31,1633169931736,"2021-10-02T15:48:51+05:30"
43,64,72,32.65,57.9,1633169962329,"2021-10-02T15:49:22+05:30"
42,62,71,32.64,58.41,1633169992937,"2021-10-02T15:49:52+05:30"
42,64,73,32.62,59.01,1633170023496,"2021-10-02T15:50:23+05:30"
43,66,74,32.55,59.51,1633170054068,"2021-10-02T15:50:54+05:30"
44,66,74,32.62,58.92,1633170084658,"2021-10-02T15:51:24+05:30"
44,66,74,32.66,58.92,1633170115253,"2021-10-02T15:51:55+05:30"
45,68,76,32.63,59.95,1633170145822,"2021-10-02T15:52:25+05:30"
46,68,75,32.58,60.08,1633170176401,"2021-10-02T15:52:56+05:30"
44,65,73,32.62,58.48,1633170207167,"2021-10-02T15:53:27+05:30"
44,67,75,32.6,59.27,1633170237581,"2021-10-02T15:53:57+05:30"
45,67,74,32.57,60.05,1633170268155,"2021-10-02T15:54:28+05:30"
46,69,76,32.52,60.73,1633170298725,"2021-10-02T15:54:58+05:30"
47,69,75,32.48,60.44,1633170326636,"2021-10-02T15:55:26+05:30"
45,66,75,32.44,60.78,1633170357499,"2021-10-02T15:55:57+05:30"
48,70,77,32.39,61.83,1633170388146,"2021-10-02T15:56:28+05:30"
47,70,76,32.35,61.73,1633170419145,"2021-10-02T15:56:59+05:30"
44,65,73,32.34,62.19,1633170449581,"2021-10-02T15:57:29+05:30"
48,73,78,32.35,62.35,1633170480480,"2021-10-02T15:58:00+05:30"
46,69,76,32.33,62.36,1633170510840,"2021-10-02T15:58:30+05:30"
47,71,76,32.34,62.47,1633170541494,"2021-10-02T15:59:01+05:30"
47,71,76,32.34,62.59,1633170572011,"2021-10-02T15:59:32+05:30"
48,70,75,32.37,62.36,1633170602589,"2021-10-02T16:00:02+05:30"
47,70,77,32.37,62.32,1633170633180,"2021-10-02T16:00:33+05:30"
46,70,76,32.36,62.52,1633170663762,"2021-10-02T16:01:03+05:30"
46,67,75,32.38,61.79,1633170695941,"2021-10-02T16:01:35+05:30"
45,67,75,32.42,61.73,1633170725419,"2021-10-02T16:02:05+05:30"
44,64,73,32.46,60.36,1633170755809,"2021-10-02T16:02:35+05:30"
44,65,74,32.64,58.14,1633170786384,"2021-10-02T16:03:06+05:30"
44,63,72,32.64,60.05,1633170817146,"2021-10-02T16:03:37+05:30"
43,65,74,32.62,60.24,1633170847557,"2021-10-02T16:04:07+05:30"
45,66,73,32.55,60.49,1633170878115,"2021-10-02T16:04:38+05:30"
45,65,73,32.51,61.98,1633170908697,"2021-10-02T16:05:08+05:30"
45,64,73,32.49,61.8,1633170939291,"2021-10-02T16:05:39+05:30"
45,64,72,32.5,61.09,1633170969883,"2021-10-02T16:06:09+05:30"
43,64,72,32.53,61.65,1633171000624,"2021-10-02T16:06:40+05:30"
43,63,73,32.56,60.67,1633171031051,"2021-10-02T16:07:11+05:30"
43,62,71,32.58,59.82,1633171061638,"2021-10-02T16:07:41+05:30"
44,66,74,32.59,60.07,1633171092208,"2021-10-02T16:08:12+05:30"
43,64,72,32.65,59.18,1633171122788,"2021-10-02T16:08:42+05:30"
42,63,72,32.71,58.42,1633171153348,"2021-10-02T16:09:13+05:30"
41,61,71,32.69,59.4,1633171183945,"2021-10-02T16:09:43+05:30"
41,61,71,32.65,60.19,1633171214544,"2021-10-02T16:10:14+05:30"
41,60,71,32.62,60.02,1633171242426,"2021-10-02T16:10:42+05:30"
43,62,71,32.61,59.9,1633171273071,"2021-10-02T16:11:13+05:30"
43,66,74,32.61,60.66,1633171303606,"2021-10-02T16:11:43+05:30"
44,65,74,32.58,60.95,1633171334545,"2021-10-02T16:12:14+05:30"
46,65,74,32.55,61.48,1633171364769,"2021-10-02T16:12:44+05:30"
46,68,76,32.56,61.03,1633171395327,"2021-10-02T16:13:15+05:30"
45,70,77,32.53,60.45,1633171425999,"2021-10-02T16:13:45+05:30"
46,72,78,32.48,60.71,1633171456724,"2021-10-02T16:14:16+05:30"
47,69,77,32.44,61.37,1633171487083,"2021-10-02T16:14:47+05:30"
46,69,76,32.41,61.67,1633171517661,"2021-10-02T16:15:17+05:30"
47,72,79,32.38,61.36,1633171548256,"2021-10-02T16:15:48+05:30"
45,69,77,32.36,61.93,1633171578845,"2021-10-02T16:16:18+05:30"
47,72,77,32.35,62.21,1633171609415,"2021-10-02T16:16:49+05:30"
50,74,78,32.32,62.22,1633171639989,"2021-10-02T16:17:19+05:30"
47,68,75,32.33,62.25,1633171670585,"2021-10-02T16:17:50+05:30"
49,73,81,32.32,62.1,1633171701179,"2021-10-02T16:18:21+05:30"
48,73,79,32.29,62.29,1633171731751,"2021-10-02T16:18:51+05:30"
46,70,78,32.31,61.69,1633171762316,"2021-10-02T16:19:22+05:30"
48,71,77,32.34,61.36,1633171792983,"2021-10-02T16:19:52+05:30"
47,72,77,32.37,61.31,1633171823502,"2021-10-02T16:20:23+05:30"
47,70,77,32.39,60.81,1633171854076,"2021-10-02T16:20:54+05:30"
46,67,75,32.43,59.88,1633171884790,"2021-10-02T16:21:24+05:30"
46,69,76,32.44,59.74,1633171915248,"2021-10-02T16:21:55+05:30"
48,71,77,32.43,60.58,1633171945834,"2021-10-02T16:22:25+05:30"
50,73,79,32.39,60.49,1633171976410,"2021-10-02T16:22:56+05:30"
48,69,76,32.41,60.44,1633172006969,"2021-10-02T16:23:26+05:30"
49,74,80,32.39,60.55,1633172037851,"2021-10-02T16:23:57+05:30"
48,68,76,32.39,60.9,1633172068170,"2021-10-02T16:24:28+05:30"
48,71,78,32.36,60.78,1633172098836,"2021-10-02T16:24:58+05:30"
46,69,77,32.35,61.37,1633172125612,"2021-10-02T16:25:25+05:30"
48,71,78,32.35,61.5,1633172156488,"2021-10-02T16:25:56+05:30"
48,71,76,32.35,61.28,1633172187401,"2021-10-02T16:26:27+05:30"
49,71,77,32.35,61.55,1633172217976,"2021-10-02T16:26:57+05:30"
48,69,76,32.34,61.97,1633172248575,"2021-10-02T16:27:28+05:30"
47,70,76,32.33,61.75,1633172279138,"2021-10-02T16:27:59+05:30"
48,76,80,32.32,62.19,1633172309735,"2021-10-02T16:28:29+05:30"
50,75,78,32.31,62.42,1633172340309,"2021-10-02T16:29:00+05:30"
49,76,80,32.29,62.34,1633172370926,"2021-10-02T16:29:30+05:30"
49,73,79,32.33,61.21,1633172401474,"2021-10-02T16:30:01+05:30"
49,77,81,32.34,61.7,1633172432033,"2021-10-02T16:30:32+05:30"
48,72,79,32.3,62.06,1633172462667,"2021-10-02T16:31:02+05:30"
55,81,86,32.28,61.86,1633172493366,"2021-10-02T16:31:33+05:30"
53,79,84,32.28,61.63,1633172523813,"2021-10-02T16:32:03+05:30"
52,80,85,32.28,61.35,1633172554379,"2021-10-02T16:32:34+05:30"
52,78,83,32.26,61.44,1633172584970,"2021-10-02T16:33:04+05:30"
52,78,83,32.26,61.62,1633172615591,"2021-10-02T16:33:35+05:30"
51,77,82,32.26,61.89,1633172646141,"2021-10-02T16:34:06+05:30"
48,70,76,32.27,61.54,1633172677043,"2021-10-02T16:34:37+05:30"
50,72,79,32.27,61.1,1633172707293,"2021-10-02T16:35:07+05:30"
51,74,78,32.24,61.52,1633172737960,"2021-10-02T16:35:37+05:30"
63,95,100,32.25,60.75,1633172768461,"2021-10-02T16:36:08+05:30"
67,103,109,32.34,59.05,1633172799043,"2021-10-02T16:36:39+05:30"
63,96,101,32.38,59.87,1633172829698,"2021-10-02T16:37:09+05:30"
61,91,97,32.37,60.42,1633172860260,"2021-10-02T16:37:40+05:30"
59,86,93,32.36,60.76,1633172890796,"2021-10-02T16:38:10+05:30"
52,77,81,32.35,60.51,1633172921470,"2021-10-02T16:38:41+05:30"
52,75,83,32.34,60.68,1633172952059,"2021-10-02T16:39:12+05:30"
53,79,86,32.31,60.5,1633172982637,"2021-10-02T16:39:42+05:30"
51,78,81,32.31,60.2,1633173013264,"2021-10-02T16:40:13+05:30"
54,80,85,32.32,60.24,1633173042209,"2021-10-02T16:40:42+05:30"
55,81,86,32.33,60.5,1633173072776,"2021-10-02T16:41:12+05:30"
54,79,87,32.33,60.89,1633173103400,"2021-10-02T16:41:43+05:30"
51,78,82,32.31,60.25,1633173133992,"2021-10-02T16:42:13+05:30"
47,69,76,32.4,58.49,1633173164545,"2021-10-02T16:42:44+05:30"
47,67,74,32.48,57.7,1633173195109,"2021-10-02T16:43:15+05:30"
47,70,76,32.52,58.03,1633173225838,"2021-10-02T16:43:45+05:30"
48,69,75,32.52,58.07,1633173256396,"2021-10-02T16:44:16+05:30"
52,77,81,32.49,57.69,1633173287045,"2021-10-02T16:44:47+05:30"
53,81,86,32.47,58.36,1633173317565,"2021-10-02T16:45:17+05:30"
52,78,81,32.42,59.18,1633173348150,"2021-10-02T16:45:48+05:30"
51,77,83,32.4,59.24,1633173378732,"2021-10-02T16:46:18+05:30"
49,72,78,32.4,59.52,1633173409296,"2021-10-02T16:46:49+05:30"
51,76,81,32.37,60.08,1633173439910,"2021-10-02T16:47:19+05:30"
52,76,81,32.33,60.58,1633173470489,"2021-10-02T16:47:50+05:30"
56,84,90,32.28,61.13,1633173501055,"2021-10-02T16:48:21+05:30"
55,82,88,32.23,61.38,1633173531741,"2021-10-02T16:48:51+05:30"
54,83,88,32.24,60.71,1633173562320,"2021-10-02T16:49:22+05:30"
58,83,88,32.23,61.53,1633173593130,"2021-10-02T16:49:53+05:30"
54,81,89,32.24,61.51,1633173623494,"2021-10-02T16:50:23+05:30"
56,82,89,32.28,61.25,1633173654113,"2021-10-02T16:50:54+05:30"
55,83,89,32.29,60.9,1633173684635,"2021-10-02T16:51:24+05:30"
57,89,95,32.29,60.55,1633173715233,"2021-10-02T16:51:55+05:30"
59,87,91,32.31,60.67,1633173745833,"2021-10-02T16:52:25+05:30"
56,84,89,32.3,60.8,1633173776401,"2021-10-02T16:52:56+05:30"
55,83,87,32.33,61.03,1633173806969,"2021-10-02T16:53:26+05:30"
54,81,91,32.3,61.22,1633173837602,"2021-10-02T16:53:57+05:30"
57,84,90,32.31,61.31,1633173868170,"2021-10-02T16:54:28+05:30"
60,89,97,32.29,61.27,1633173898817,"2021-10-02T16:54:58+05:30"
57,83,90,32.27,61.9,1633173927976,"2021-10-02T16:55:27+05:30"
57,86,93,32.26,62.15,1633173958879,"2021-10-02T16:55:58+05:30"
59,93,99,32.24,61.87,1633173989725,"2021-10-02T16:56:29+05:30"
62,93,100,32.21,62.28,1633174020303,"2021-10-02T16:57:00+05:30"
59,89,99,32.25,61.64,1633174050879,"2021-10-02T16:57:30+05:30"
57,85,90,32.26,61.52,1633174081524,"2021-10-02T16:58:01+05:30"
58,86,94,32.22,61.68,1633174112013,"2021-10-02T16:58:32+05:30"
59,90,99,32.2,62.17,1633174142744,"2021-10-02T16:59:02+05:30"
61,97,110,32.18,62.21,1633174173425,"2021-10-02T16:59:33+05:30"
59,92,103,32.21,62.26,1633174204001,"2021-10-02T17:00:04+05:30"
58,87,94,32.23,62.02,1633174234566,"2021-10-02T17:00:34+05:30"
56,83,89,32.25,61.48,1633174265165,"2021-10-02T17:01:05+05:30"
54,83,88,32.29,61.3,1633174295714,"2021-10-02T17:01:35+05:30"
53,81,88,32.28,61.25,1633174326369,"2021-10-02T17:02:06+05:30"
52,80,85,32.3,61.14,1633174356935,"2021-10-02T17:02:36+05:30"
51,77,80,32.32,60.81,1633174387549,"2021-10-02T17:03:07+05:30"
50,76,81,32.34,59.96,1633174418140,"2021-10-02T17:03:38+05:30"
47,73,80,32.35,59.26,1633174448782,"2021-10-02T17:04:08+05:30"
48,72,78,32.39,58.64,1633174479279,"2021-10-02T17:04:39+05:30"
48,75,81,32.43,58.2,1633174509871,"2021-10-02T17:05:09+05:30"
47,73,78,32.42,59.36,1633174540468,"2021-10-02T17:05:40+05:30"
49,75,81,32.38,59.77,1633174571033,"2021-10-02T17:06:11+05:30"
54,80,87,32.32,60.13,1633174601601,"2021-10-02T17:06:41+05:30"
48,73,81,32.3,59.99,1633174632203,"2021-10-02T17:07:12+05:30"
52,76,81,32.29,60.51,1633174662814,"2021-10-02T17:07:42+05:30"
51,79,87,32.29,60.92,1633174693375,"2021-10-02T17:08:13+05:30"
50,78,86,32.27,60.92,1633174723934,"2021-10-02T17:08:43+05:30"
52,79,88,32.24,61.3,1633174754528,"2021-10-02T17:09:14+05:30"
53,80,86,32.23,61.16,1633174785115,"2021-10-02T17:09:45+05:30"
53,79,88,32.21,61.51,1633174815693,"2021-10-02T17:10:15+05:30"
54,83,90,32.22,61.41,1633174843459,"2021-10-02T17:10:43+05:30"
55,85,94,32.19,61.74,1633174873981,"2021-10-02T17:11:13+05:30"
53,81,90,32.22,61.9,1633174904594,"2021-10-02T17:11:44+05:30"
54,81,90,32.25,61.59,1633174935162,"2021-10-02T17:12:15+05:30"
55,85,95,32.27,61.31,1633174965766,"2021-10-02T17:12:45+05:30"
52,76,85,32.31,60.17,1633174996391,"2021-10-02T17:13:16+05:30"
52,78,86,32.36,60.87,1633175027106,"2021-10-02T17:13:47+05:30"
52,78,83,32.33,60.1,1633175057578,"2021-10-02T17:14:17+05:30"
53,79,85,32.32,60.07,1633175088343,"2021-10-02T17:14:48+05:30"
50,78,85,32.32,60.06,1633175118958,"2021-10-02T17:15:18+05:30"
51,81,86,32.32,61.1,1633175149333,"2021-10-02T17:15:49+05:30"
51,80,89,32.3,61.14,1633175179921,"2021-10-02T17:16:19+05:30"
51,77,84,32.3,61.7,1633175210510,"2021-10-02T17:16:50+05:30"
54,82,88,32.25,62.31,1633175241073,"2021-10-02T17:17:21+05:30"
54,83,91,32.27,62.55,1633175271640,"2021-10-02T17:17:51+05:30"
53,84,92,32.29,62.6,1633175302246,"2021-10-02T17:18:22+05:30"
59,89,94,32.24,62.89,1633175332837,"2021-10-02T17:18:52+05:30"
55,86,93,32.27,62.53,1633175363431,"2021-10-02T17:19:23+05:30"
55,85,90,32.3,60.71,1633175393980,"2021-10-02T17:19:53+05:30"
55,83,89,32.29,61.74,1633175429773,"2021-10-02T17:20:29+05:30"
56,86,94,32.3,62.55,1633175455197,"2021-10-02T17:20:55+05:30"
78,113,118,32.31,62.42,1633175485729,"2021-10-02T17:21:25+05:30"
68,97,105,32.3,62.43,1633175516311,"2021-10-02T17:21:56+05:30"
67,99,106,32.3,62.43,1633175546904,"2021-10-02T17:22:26+05:30"
66,100,105,32.29,62.61,1633175577500,"2021-10-02T17:22:57+05:30"
64,97,104,32.29,62.65,1633175608272,"2021-10-02T17:23:28+05:30"
62,97,103,32.32,63.22,1633175638681,"2021-10-02T17:23:58+05:30"
62,94,103,32.3,63.37,1633175669273,"2021-10-02T17:24:29+05:30"
61,89,97,32.31,62.76,1633175699860,"2021-10-02T17:24:59+05:30"
59,88,96,32.28,62.4,1633175728384,"2021-10-02T17:25:28+05:30"
59,89,97,32.26,62.81,1633175758991,"2021-10-02T17:25:58+05:30"
55,87,94,32.27,62.34,1633175789610,"2021-10-02T17:26:29+05:30"
57,83,90,32.29,62.28,1633175820441,"2021-10-02T17:27:00+05:30"
55,84,92,32.36,61.31,1633175851034,"2021-10-02T17:27:31+05:30"
55,82,89,32.38,61.41,1633175881765,"2021-10-02T17:28:01+05:30"
55,82,88,32.41,61.49,1633175912968,"2021-10-02T17:28:32+05:30"
61,93,103,32.38,62.41,1633175943359,"2021-10-02T17:29:03+05:30"
60,92,101,32.33,62.02,1633175974234,"2021-10-02T17:29:34+05:30"
60,92,99,32.32,62.55,1633176005011,"2021-10-02T17:30:05+05:30"
57,87,94,32.34,62.34,1633176035592,"2021-10-02T17:30:35+05:30"
59,90,100,32.35,60.91,1633176066135,"2021-10-02T17:31:06+05:30"
59,88,96,32.32,61.92,1633176096794,"2021-10-02T17:31:36+05:30"
58,88,100,32.3,62.43,1633176127433,"2021-10-02T17:32:07+05:30"
58,86,93,32.26,63.25,1633176157927,"2021-10-02T17:32:37+05:30"
58,89,94,32.29,63.3,1633176188521,"2021-10-02T17:33:08+05:30"
61,96,104,32.3,63.17,1633176219107,"2021-10-02T17:33:39+05:30"
80,120,129,32.31,62.94,1633176249723,"2021-10-02T17:34:09+05:30"
67,101,112,32.31,63.44,1633176280310,"2021-10-02T17:34:40+05:30"
66,102,110,32.28,63.46,1633176310961,"2021-10-02T17:35:10+05:30"
65,100,108,32.27,63.62,1633176341485,"2021-10-02T17:35:41+05:30"
63,98,104,32.32,63.96,1633176372121,"2021-10-02T17:36:12+05:30"
64,99,109,32.39,64.37,1633176402699,"2021-10-02T17:36:42+05:30"
64,98,106,32.4,63.95,1633176433282,"2021-10-02T17:37:13+05:30"
64,96,105,32.36,63.62,1633176463861,"2021-10-02T17:37:43+05:30"
60,94,103,32.39,64.07,1633176494483,"2021-10-02T17:38:14+05:30"
62,95,105,32.46,64.35,1633176525133,"2021-10-02T17:38:45+05:30"
61,93,100,32.47,64.15,1633176555734,"2021-10-02T17:39:15+05:30"
62,98,109,32.47,64.3,1633176586316,"2021-10-02T17:39:46+05:30"
64,99,110,32.49,64.51,1633176616923,"2021-10-02T17:40:16+05:30"
60,96,107,32.51,63.37,1633176644616,"2021-10-02T17:40:44+05:30"
59,93,99,32.56,63.68,1633176675214,"2021-10-02T17:41:15+05:30"
59,92,97,32.6,63.56,1633176705773,"2021-10-02T17:41:45+05:30"
58,87,95,32.65,63.44,1633176736382,"2021-10-02T17:42:16+05:30"
58,89,98,32.67,63.75,1633176766969,"2021-10-02T17:42:46+05:30"
60,92,104,32.66,63.89,1633176797539,"2021-10-02T17:43:17+05:30"
63,94,104,32.63,63.91,1633176828186,"2021-10-02T17:43:48+05:30"
61,92,98,32.54,63.7,1633176858807,"2021-10-02T17:44:18+05:30"
61,93,103,32.52,64.41,1633176889373,"2021-10-02T17:44:49+05:30"
59,91,99,32.57,64.63,1633176919966,"2021-10-02T17:45:19+05:30"
61,95,103,32.5,63.52,1633176950518,"2021-10-02T17:45:50+05:30"
61,96,103,32.49,64.41,1633176981174,"2021-10-02T17:46:21+05:30"
59,92,101,32.45,64.37,1633177011672,"2021-10-02T17:46:51+05:30"
60,91,99,32.44,64.87,1633177042261,"2021-10-02T17:47:22+05:30"
62,92,99,32.46,64.52,1633177072827,"2021-10-02T17:47:52+05:30"
65,98,106,32.53,64.9,1633177103411,"2021-10-02T17:48:23+05:30"
68,103,112,32.59,64.72,1633177134009,"2021-10-02T17:48:54+05:30"
70,108,118,32.59,64.37,1633177164590,"2021-10-02T17:49:24+05:30"
70,108,118,32.56,64.16,1633177195295,"2021-10-02T17:49:55+05:30"
67,104,114,32.59,64.75,1633177225861,"2021-10-02T17:50:25+05:30"
68,104,111,32.62,64.22,1633177256556,"2021-10-02T17:50:56+05:30"
77,117,129,32.58,64.3,1633177287050,"2021-10-02T17:51:27+05:30"
76,116,124,32.49,63.89,1633177317731,"2021-10-02T17:51:57+05:30"
69,106,115,32.45,62.96,1633177348282,"2021-10-02T17:52:28+05:30"
69,106,115,32.45,63.33,1633177378848,"2021-10-02T17:52:58+05:30"
78,118,126,32.44,63.79,1633177409445,"2021-10-02T17:53:29+05:30"
79,119,127,32.43,63.73,1633177441642,"2021-10-02T17:54:01+05:30"
81,119,128,32.38,64.08,1633177470639,"2021-10-02T17:54:30+05:30"
81,120,131,32.37,64.51,1633177501193,"2021-10-02T17:55:01+05:30"
82,121,132,32.36,64.59,1633177528285,"2021-10-02T17:55:28+05:30"
80,121,128,32.42,64.48,1633177558462,"2021-10-02T17:55:58+05:30"
77,119,130,32.42,64.28,1633177588980,"2021-10-02T17:56:28+05:30"
78,121,133,32.43,64.57,1633177619592,"2021-10-02T17:56:59+05:30"
91,137,147,32.44,64.49,1633177650229,"2021-10-02T17:57:30+05:30"
144,216,233,32.44,64.63,1633177680762,"2021-10-02T17:58:00+05:30"
171,263,282,32.44,64.53,1633177711349,"2021-10-02T17:58:31+05:30"
179,272,289,32.37,64.94,1633177741956,"2021-10-02T17:59:01+05:30"
170,255,277,32.38,64.94,1633177772533,"2021-10-02T17:59:32+05:30"
168,260,276,32.41,64.87,1633177803135,"2021-10-02T18:00:03+05:30"
155,231,244,32.41,64.95,1633177833735,"2021-10-02T18:00:33+05:30"
142,210,222,32.4,65,1633177864318,"2021-10-02T18:01:04+05:30"
148,218,233,32.39,64.95,1633177894916,"2021-10-02T18:01:34+05:30"
155,233,250,32.43,64.61,1633177925514,"2021-10-02T18:02:05+05:30"
146,220,231,32.43,64.51,1633177956093,"2021-10-02T18:02:36+05:30"
139,207,223,32.43,64.76,1633177986697,"2021-10-02T18:03:06+05:30"
136,204,217,32.47,64.85,1633178017294,"2021-10-02T18:03:37+05:30"
126,188,200,32.46,64.75,1633178047881,"2021-10-02T18:04:07+05:30"
118,174,186,32.44,64.67,1633178078478,"2021-10-02T18:04:38+05:30"
118,175,187,32.46,64.78,1633178109121,"2021-10-02T18:05:09+05:30"
118,174,184,32.45,64.62,1633178139691,"2021-10-02T18:05:39+05:30"
123,185,193,32.43,64.53,1633178170265,"2021-10-02T18:06:10+05:30"
114,170,177,32.45,64.95,1633178200898,"2021-10-02T18:06:40+05:30"
109,160,169,32.5,64.94,1633178231449,"2021-10-02T18:07:11+05:30"
113,165,176,32.55,65.03,1633178262040,"2021-10-02T18:07:42+05:30"
116,174,190,32.52,65.14,1633178292662,"2021-10-02T18:08:12+05:30"
115,176,193,32.46,65.09,1633178323224,"2021-10-02T18:08:43+05:30"
117,180,195,32.47,64.98,1633178353821,"2021-10-02T18:09:13+05:30"
117,178,190,32.44,64.82,1633178384424,"2021-10-02T18:09:44+05:30"
116,176,189,32.44,65.12,1633178415059,"2021-10-02T18:10:15+05:30"
116,173,186,32.44,65.51,1633178444949,"2021-10-02T18:10:44+05:30"
119,184,200,32.42,64.8,1633178475522,"2021-10-02T18:11:15+05:30"
125,195,211,32.46,64.9,1633178506115,"2021-10-02T18:11:46+05:30"
121,182,197,32.39,64.6,1633178536869,"2021-10-02T18:12:16+05:30"
119,181,197,32.37,64.93,1633178567303,"2021-10-02T18:12:47+05:30"
119,185,203,32.31,65.36,1633178597913,"2021-10-02T18:13:17+05:30"
119,184,201,32.28,65.74,1633178628546,"2021-10-02T18:13:48+05:30"
119,182,203,32.24,65.92,1633178659125,"2021-10-02T18:14:19+05:30"
119,183,201,32.21,66,1633178689931,"2021-10-02T18:14:49+05:30"
117,181,204,32.2,65.84,1633178720349,"2021-10-02T18:15:20+05:30"
114,175,197,32.18,65.88,1633178751118,"2021-10-02T18:15:51+05:30"
115,175,196,32.18,65.89,1633178781495,"2021-10-02T18:16:21+05:30"
119,182,203,32.19,65.78,1633178812097,"2021-10-02T18:16:52+05:30"
113,175,188,32.17,65.45,1633178842690,"2021-10-02T18:17:22+05:30"
106,160,176,32.23,65.24,1633178873277,"2021-10-02T18:17:53+05:30"
99,149,164,32.25,64.52,1633178903875,"2021-10-02T18:18:23+05:30"
97,144,155,32.26,64.95,1633178934470,"2021-10-02T18:18:54+05:30"
98,152,166,32.29,65.08,1633178965048,"2021-10-02T18:19:25+05:30"
97,151,167,32.28,64.92,1633178995663,"2021-10-02T18:19:55+05:30"
94,147,159,32.26,64.55,1633179026339,"2021-10-02T18:20:26+05:30"
96,147,163,32.22,65.1,1633179056966,"2021-10-02T18:20:56+05:30"
96,149,165,32.2,65.35,1633179087516,"2021-10-02T18:21:27+05:30"
94,146,159,32.17,65.1,1633179118348,"2021-10-02T18:21:58+05:30"
92,147,161,32.2,65.32,1633179148705,"2021-10-02T18:22:28+05:30"
93,143,157,32.18,65.6,1633179179291,"2021-10-02T18:22:59+05:30"
90,142,152,32.17,65.82,1633179209895,"2021-10-02T18:23:29+05:30"
95,148,164,32.17,66.03,1633179240498,"2021-10-02T18:24:00+05:30"
91,140,157,32.16,66.36,1633179271074,"2021-10-02T18:24:31+05:30"
89,143,155,32.14,66.36,1633179301684,"2021-10-02T18:25:01+05:30"
91,143,158,32.16,66.64,1633179326408,"2021-10-02T18:25:26+05:30"
88,140,155,32.22,66.89,1633179356991,"2021-10-02T18:25:56+05:30"
93,139,151,32.28,67.03,1633179387576,"2021-10-02T18:26:27+05:30"
94,143,155,32.35,66.66,1633179418161,"2021-10-02T18:26:58+05:30"
94,148,162,32.3,66.54,1633179448762,"2021-10-02T18:27:28+05:30"
93,143,153,32.29,66.59,1633179479365,"2021-10-02T18:27:59+05:30"
94,149,160,32.3,65.97,1633179509948,"2021-10-02T18:28:29+05:30"
92,144,153,32.29,65.98,1633179541140,"2021-10-02T18:29:01+05:30"
98,151,158,32.26,66.15,1633179571154,"2021-10-02T18:29:31+05:30"
109,168,183,32.23,66.56,1633179601722,"2021-10-02T18:30:01+05:30"
131,199,216,32.24,66.48,1633179632328,"2021-10-02T18:30:32+05:30"
128,200,216,32.3,66.09,1633179662919,"2021-10-02T18:31:02+05:30"
128,200,217,32.27,65.9,1633179693507,"2021-10-02T18:31:33+05:30"
125,194,215,32.22,66.14,1633179724115,"2021-10-02T18:32:04+05:30"
128,198,216,32.2,65.82,1633179754701,"2021-10-02T18:32:34+05:30"
124,190,207,32.21,66.32,1633179785314,"2021-10-02T18:33:05+05:30"
120,186,203,32.22,66.11,1633179815897,"2021-10-02T18:33:35+05:30"
119,189,210,32.26,66.4,1633179846486,"2021-10-02T18:34:06+05:30"
155,249,272,32.27,65.92,1633179877096,"2021-10-02T18:34:37+05:30"
204,326,345,32.24,65.63,1633179907714,"2021-10-02T18:35:07+05:30"
214,350,379,32.21,65.56,1633179938277,"2021-10-02T18:35:38+05:30"
227,384,408,32.16,65.83,1633179968878,"2021-10-02T18:36:08+05:30"
227,371,394,32.16,65.96,1633179999471,"2021-10-02T18:36:39+05:30"
218,357,386,32.13,66.1,1633180030111,"2021-10-02T18:37:10+05:30"
210,341,369,32.12,66.01,1633180060666,"2021-10-02T18:37:40+05:30"
200,324,349,32.14,66.3,1633180091283,"2021-10-02T18:38:11+05:30"
193,311,336,32.2,66.2,1633180121914,"2021-10-02T18:38:41+05:30"
176,286,312,32.15,66.06,1633180152563,"2021-10-02T18:39:12+05:30"
170,278,298,32.17,66.05,1633180183053,"2021-10-02T18:39:43+05:30"
155,251,273,32.17,66.08,1633180213714,"2021-10-02T18:40:13+05:30"
149,239,269,32.16,66.29,1633180237618,"2021-10-02T18:40:37+05:30"
148,242,263,32.16,65.86,1633180267888,"2021-10-02T18:41:07+05:30"
146,230,245,32.16,65.92,1633180298566,"2021-10-02T18:41:38+05:30"
136,217,237,32.17,65.72,1633180329043,"2021-10-02T18:42:09+05:30"
139,221,238,32.23,65.96,1633180359667,"2021-10-02T18:42:39+05:30"
130,206,223,32.25,66.03,1633180390225,"2021-10-02T18:43:10+05:30"
129,205,221,32.25,65.82,1633180420850,"2021-10-02T18:43:40+05:30"
128,203,220,32.23,65.4,1633180451425,"2021-10-02T18:44:11+05:30"
124,196,212,32.25,65.65,1633180482107,"2021-10-02T18:44:42+05:30"
123,195,212,32.22,65.23,1633180512624,"2021-10-02T18:45:12+05:30"
123,196,211,32.2,65.6,1633180543201,"2021-10-02T18:45:43+05:30"
119,191,209,32.18,65.78,1633180573814,"2021-10-02T18:46:13+05:30"
116,188,201,32.18,66.08,1633180604603,"2021-10-02T18:46:44+05:30"
116,189,207,32.17,66.29,1633180634993,"2021-10-02T18:47:14+05:30"
121,195,219,32.12,66.12,1633180665578,"2021-10-02T18:47:45+05:30"
125,196,218,32.11,66.34,1633180696292,"2021-10-02T18:48:16+05:30"
125,196,217,32.12,66.62,1633180726857,"2021-10-02T18:48:46+05:30"
121,190,208,32.12,66.31,1633180757447,"2021-10-02T18:49:17+05:30"
120,189,210,32.12,66.99,1633180788079,"2021-10-02T18:49:48+05:30"
119,193,210,32.1,66.9,1633180818643,"2021-10-02T18:50:18+05:30"
120,192,209,32.07,67.06,1633180849219,"2021-10-02T18:50:49+05:30"
123,195,214,32.16,67.23,1633180879815,"2021-10-02T18:51:19+05:30"
136,219,240,32.14,66.36,1633180910425,"2021-10-02T18:51:50+05:30"
140,230,254,32.13,66.45,1633180941083,"2021-10-02T18:52:21+05:30"
121,192,206,32.11,66.43,1633180971591,"2021-10-02T18:52:51+05:30"
117,187,201,32.12,66.7,1633181002202,"2021-10-02T18:53:22+05:30"
112,181,201,32.09,66.43,1633181032796,"2021-10-02T18:53:52+05:30"
112,182,200,32.08,65.95,1633181063371,"2021-10-02T18:54:23+05:30"
107,172,186,32.06,66.38,1633181093977,"2021-10-02T18:54:53+05:30"
108,177,188,32.12,66.45,1633181126013,"2021-10-02T18:55:26+05:30"
108,175,192,32.18,65.99,1633181156613,"2021-10-02T18:55:56+05:30"
109,170,184,32.21,65.43,1633181187163,"2021-10-02T18:56:27+05:30"
107,173,191,32.21,65.15,1633181217777,"2021-10-02T18:56:57+05:30"
116,184,206,32.24,65.56,1633181248345,"2021-10-02T18:57:28+05:30"
109,176,192,32.25,65.68,1633181278931,"2021-10-02T18:57:58+05:30"
108,172,188,32.28,65.86,1633181309525,"2021-10-02T18:58:29+05:30"
104,164,180,32.24,64.92,1633181340120,"2021-10-02T18:59:00+05:30"
107,172,192,32.21,64.83,1633181370718,"2021-10-02T18:59:30+05:30"
122,201,223,32.19,64.99,1633181401312,"2021-10-02T19:00:01+05:30"
111,177,188,32.18,65.24,1633181432496,"2021-10-02T19:00:32+05:30"
114,185,203,32.17,65.42,1633181462849,"2021-10-02T19:01:02+05:30"
122,199,220,32.17,65.38,1633181493432,"2021-10-02T19:01:33+05:30"
138,228,253,32.22,65.12,1633181524039,"2021-10-02T19:02:04+05:30"
123,202,215,32.23,65.12,1633181554651,"2021-10-02T19:02:34+05:30"
130,211,231,32.24,65.5,1633181585240,"2021-10-02T19:03:05+05:30"
119,186,201,32.23,65.19,1633181615805,"2021-10-02T19:03:35+05:30"
117,186,204,32.18,65.48,1633181646438,"2021-10-02T19:04:06+05:30"
121,196,216,32.15,65.59,1633181676991,"2021-10-02T19:04:36+05:30"
149,238,264,32.13,65.72,1633181707602,"2021-10-02T19:05:07+05:30"
147,232,248,32.13,65.86,1633181738286,"2021-10-02T19:05:38+05:30"
137,223,241,32.17,65.58,1633181759166,"2021-10-02T19:05:59+05:30"
142,231,250,32.2,65.57,1633181789531,"2021-10-02T19:06:29+05:30"
145,234,255,32.25,65.59,1633181820124,"2021-10-02T19:07:00+05:30"
167,260,278,32.27,65.45,1633181850932,"2021-10-02T19:07:30+05:30"
167,265,289,32.27,65.42,1633181881315,"2021-10-02T19:08:01+05:30"
176,290,319,32.24,65.59,1633181911970,"2021-10-02T19:08:31+05:30"
153,250,271,32.23,65.93,1633181942503,"2021-10-02T19:09:02+05:30"
161,262,288,32.23,65.87,1633181973095,"2021-10-02T19:09:33+05:30"
160,263,291,32.22,65.51,1633182003685,"2021-10-02T19:10:03+05:30"
145,234,260,32.27,65.61,1633182033059,"2021-10-02T19:10:33+05:30"
146,237,257,32.32,65.6,1633182063616,"2021-10-02T19:11:03+05:30"
135,223,244,32.28,65.64,1633182094261,"2021-10-02T19:11:34+05:30"
138,227,242,32.28,65.69,1633182124766,"2021-10-02T19:12:04+05:30"
134,217,240,32.29,66.05,1633182155366,"2021-10-02T19:12:35+05:30"
129,210,228,32.31,66.01,1633182186061,"2021-10-02T19:13:06+05:30"
128,209,229,32.3,65.97,1633182216550,"2021-10-02T19:13:36+05:30"
123,199,218,32.27,66.19,1633182247185,"2021-10-02T19:14:07+05:30"
130,208,224,32.27,66.55,1633182277860,"2021-10-02T19:14:37+05:30"
142,236,262,32.29,66.85,1633182308343,"2021-10-02T19:15:08+05:30"
146,239,266,32.26,66.74,1633182338923,"2021-10-02T19:15:38+05:30"
142,229,247,32.2,67.44,1633182369551,"2021-10-02T19:16:09+05:30"
161,274,308,32.18,67.33,1633182400130,"2021-10-02T19:16:40+05:30"
163,272,299,32.26,67.65,1633182430791,"2021-10-02T19:17:10+05:30"
159,264,288,32.35,67.36,1633182461387,"2021-10-02T19:17:41+05:30"
168,274,298,32.37,66.85,1633182491977,"2021-10-02T19:18:11+05:30"
167,280,303,32.4,66.92,1633182522569,"2021-10-02T19:18:42+05:30"
168,276,300,32.43,66.84,1633182553171,"2021-10-02T19:19:13+05:30"
170,281,300,32.37,66.34,1633182583775,"2021-10-02T19:19:43+05:30"
171,281,305,32.33,66.46,1633182614346,"2021-10-02T19:20:14+05:30"
156,258,283,32.33,67.27,1633182644938,"2021-10-02T19:20:44+05:30"
141,222,241,32.3,66.25,1633182675543,"2021-10-02T19:21:15+05:30"
148,235,260,32.27,66.23,1633182706135,"2021-10-02T19:21:46+05:30"
143,234,256,32.27,66.55,1633182736732,"2021-10-02T19:22:16+05:30"
143,230,250,32.3,66.6,1633182767317,"2021-10-02T19:22:47+05:30"
140,222,238,32.31,65.73,1633182797908,"2021-10-02T19:23:17+05:30"
129,204,218,32.29,65.39,1633182828494,"2021-10-02T19:23:48+05:30"
115,181,196,32.25,65.02,1633182859099,"2021-10-02T19:24:19+05:30"
119,186,203,32.23,65.18,1633182889682,"2021-10-02T19:24:49+05:30"
121,191,208,32.16,64.63,1633182946959,"2021-10-02T19:25:46+05:30"
126,191,202,32.18,65.45,1633182977549,"2021-10-02T19:26:17+05:30"
121,192,203,32.23,65.29,1633183008171,"2021-10-02T19:26:48+05:30"
119,190,204,32.24,65.12,1633183038755,"2021-10-02T19:27:18+05:30"
108,169,182,32.22,64.46,1633183069344,"2021-10-02T19:27:49+05:30"
102,162,174,32.22,64.7,1633183099918,"2021-10-02T19:28:19+05:30"
106,166,177,32.24,64.81,1633183130525,"2021-10-02T19:28:50+05:30"
99,152,164,32.27,64.2,1633183161104,"2021-10-02T19:29:21+05:30"
98,154,163,32.28,64.3,1633183191702,"2021-10-02T19:29:51+05:30"
100,158,167,32.26,64.31,1633183222293,"2021-10-02T19:30:22+05:30"
103,164,182,32.23,64.36,1633183252956,"2021-10-02T19:30:52+05:30"
98,157,173,32.22,64.34,1633183283478,"2021-10-02T19:31:23+05:30"
94,152,165,32.2,64.35,1633183314086,"2021-10-02T19:31:54+05:30"
95,150,162,32.2,64.42,1633183344680,"2021-10-02T19:32:24+05:30"
101,159,177,32.19,64.49,1633183375267,"2021-10-02T19:32:55+05:30"
99,154,170,32.22,64.66,1633183405867,"2021-10-02T19:33:25+05:30"
101,156,170,32.19,64.84,1633183436456,"2021-10-02T19:33:56+05:30"
100,158,172,32.17,64.85,1633183467040,"2021-10-02T19:34:27+05:30"
96,153,166,32.18,64.84,1633183497686,"2021-10-02T19:34:57+05:30"
96,150,163,32.18,64.81,1633183528319,"2021-10-02T19:35:28+05:30"
95,149,159,32.17,64.78,1633183558930,"2021-10-02T19:35:58+05:30"
95,149,162,32.18,64.65,1633183589533,"2021-10-02T19:36:29+05:30"
94,145,155,32.17,64.64,1633183620110,"2021-10-02T19:37:00+05:30"
91,142,153,32.18,64.68,1633183650968,"2021-10-02T19:37:30+05:30"
90,140,148,32.17,64.73,1633183681278,"2021-10-02T19:38:01+05:30"
93,140,151,32.16,64.58,1633183711878,"2021-10-02T19:38:31+05:30"
96,149,162,32.15,64.65,1633183742917,"2021-10-02T19:39:02+05:30"
93,144,156,32.14,64.47,1633183773057,"2021-10-02T19:39:33+05:30"
91,141,149,32.13,64.51,1633183803668,"2021-10-02T19:40:03+05:30"
95,148,162,32.15,64.79,1633183832144,"2021-10-02T19:40:32+05:30"
97,152,160,32.13,64.75,1633183862813,"2021-10-02T19:41:02+05:30"
94,145,158,32.14,64.75,1633183893505,"2021-10-02T19:41:33+05:30"
95,143,154,32.13,64.68,1633183924077,"2021-10-02T19:42:04+05:30"
95,141,150,32.17,64.88,1633183954643,"2021-10-02T19:42:34+05:30"
91,139,149,32.2,64.86,1633183985244,"2021-10-02T19:43:05+05:30"
92,140,148,32.18,65.1,1633184015846,"2021-10-02T19:43:35+05:30"
92,141,150,32.21,65.39,1633184046464,"2021-10-02T19:44:06+05:30"
91,143,154,32.23,65.07,1633184077019,"2021-10-02T19:44:37+05:30"
92,143,152,32.22,65.08,1633184107765,"2021-10-02T19:45:07+05:30"
90,140,152,32.22,64.99,1633184138212,"2021-10-02T19:45:38+05:30"
90,134,145,32.23,65.53,1633184168834,"2021-10-02T19:46:08+05:30"
108,162,173,32.21,65.47,1633184199564,"2021-10-02T19:46:39+05:30"
122,183,198,32.16,65.99,1633184230083,"2021-10-02T19:47:10+05:30"
118,182,195,32.19,66.41,1633184260681,"2021-10-02T19:47:40+05:30"
117,182,194,32.2,66.51,1633184291264,"2021-10-02T19:48:11+05:30"
113,179,192,32.2,66.11,1633184321922,"2021-10-02T19:48:41+05:30"
112,168,180,32.26,66.7,1633184352474,"2021-10-02T19:49:12+05:30"
112,172,187,32.3,66.76,1633184383071,"2021-10-02T19:49:43+05:30"
115,179,191,32.23,66.9,1633184413661,"2021-10-02T19:50:13+05:30"
111,174,190,32.22,67.57,1633184444235,"2021-10-02T19:50:44+05:30"
113,177,190,32.21,67.29,1633184475078,"2021-10-02T19:51:15+05:30"
118,184,196,32.18,67.82,1633184505439,"2021-10-02T19:51:45+05:30"
123,195,208,32.18,67.3,1633184536019,"2021-10-02T19:52:16+05:30"
123,191,212,32.17,67.31,1633184566622,"2021-10-02T19:52:46+05:30"
121,189,210,32.15,67.03,1633184597202,"2021-10-02T19:53:17+05:30"
122,194,216,32.16,67.16,1633184627851,"2021-10-02T19:53:47+05:30"
122,194,215,32.16,66.93,1633184658412,"2021-10-02T19:54:18+05:30"
125,202,219,32.14,67.08,1633184689006,"2021-10-02T19:54:49+05:30"
135,214,235,32.16,67.39,1633184719579,"2021-10-02T19:55:19+05:30"
147,228,248,32.21,67.83,1633184747975,"2021-10-02T19:55:47+05:30"
148,233,255,32.22,67.65,1633184778571,"2021-10-02T19:56:18+05:30"
143,237,258,32.23,67.47,1633184809188,"2021-10-02T19:56:49+05:30"
150,243,272,32.22,67.14,1633184839864,"2021-10-02T19:57:19+05:30"
150,249,274,32.22,67.54,1633184870351,"2021-10-02T19:57:50+05:30"
155,255,280,32.23,67.41,1633184900940,"2021-10-02T19:58:20+05:30"
152,254,281,32.24,67.03,1633184931574,"2021-10-02T19:58:51+05:30"
152,241,273,32.26,67.05,1633184962154,"2021-10-02T19:59:22+05:30"
145,231,254,32.23,67.23,1633184992729,"2021-10-02T19:59:52+05:30"
151,238,263,32.32,68.23,1633185023322,"2021-10-02T20:00:23+05:30"
144,235,257,32.32,67.45,1633185053961,"2021-10-02T20:00:53+05:30"
141,225,247,32.36,67.74,1633185084515,"2021-10-02T20:01:24+05:30"
136,225,247,32.36,67.16,1633185116034,"2021-10-02T20:01:56+05:30"
135,217,236,32.3,66.93,1633185145688,"2021-10-02T20:02:25+05:30"
130,219,243,32.27,67.25,1633185176327,"2021-10-02T20:02:56+05:30"
128,213,235,32.17,66.96,1633185207155,"2021-10-02T20:03:27+05:30"
134,221,242,32.18,68.06,1633185237482,"2021-10-02T20:03:57+05:30"
138,228,252,32.29,68.09,1633185268301,"2021-10-02T20:04:28+05:30"
132,216,240,32.24,67.21,1633185298651,"2021-10-02T20:04:58+05:30"
132,211,234,32.24,67.38,1633185329312,"2021-10-02T20:05:29+05:30"
127,207,234,32.19,67.1,1633185359887,"2021-10-02T20:05:59+05:30"
126,209,230,32.15,67.77,1633185390492,"2021-10-02T20:06:30+05:30"
123,205,226,32.1,67.98,1633185421071,"2021-10-02T20:07:01+05:30"
125,204,228,32.06,67.88,1633185451668,"2021-10-02T20:07:31+05:30"
125,202,222,32.06,68.02,1633185482263,"2021-10-02T20:08:02+05:30"
123,198,216,32.05,68.27,1633185512864,"2021-10-02T20:08:32+05:30"
160,247,270,32.05,68.03,1633185543440,"2021-10-02T20:09:03+05:30"
130,207,224,32.07,68.53,1633185574046,"2021-10-02T20:09:34+05:30"
121,196,210,32.05,68.25,1633185604700,"2021-10-02T20:10:04+05:30"
116,191,209,32.01,67.88,1633185628742,"2021-10-02T20:10:28+05:30"
114,182,201,32.05,68.3,1633185659331,"2021-10-02T20:10:59+05:30"
139,220,235,32.1,68.54,1633185689942,"2021-10-02T20:11:29+05:30"
120,191,207,32.09,68.17,1633185720511,"2021-10-02T20:12:00+05:30"
115,186,205,32.1,68.4,1633185751109,"2021-10-02T20:12:31+05:30"
112,184,206,32.08,68.1,1633185782094,"2021-10-02T20:13:02+05:30"
111,182,198,32.06,67.93,1633185812304,"2021-10-02T20:13:32+05:30"
109,178,198,32.03,67.44,1633185842890,"2021-10-02T20:14:02+05:30"
114,182,199,31.98,67.78,1633185873481,"2021-10-02T20:14:33+05:30"
120,189,209,32.01,68.59,1633185904380,"2021-10-02T20:15:04+05:30"
122,194,219,32.07,68.73,1633185935619,"2021-10-02T20:15:35+05:30"
115,187,204,32.11,68.09,1633185965669,"2021-10-02T20:16:05+05:30"
115,187,203,32.17,68.1,1633185996112,"2021-10-02T20:16:36+05:30"
119,186,205,32.22,67.91,1633186026712,"2021-10-02T20:17:06+05:30"
112,179,201,32.23,67.63,1633186057302,"2021-10-02T20:17:37+05:30"
100,161,182,32.11,67.64,1633186087897,"2021-10-02T20:18:07+05:30"
106,171,187,32.19,68.39,1633186118518,"2021-10-02T20:18:38+05:30"
106,165,184,32.28,68.06,1633186149082,"2021-10-02T20:19:09+05:30"
104,167,181,32.33,67.88,1633186179677,"2021-10-02T20:19:39+05:30"
96,155,164,32.32,67.39,1633186210488,"2021-10-02T20:20:10+05:30"
96,156,169,32.3,67.08,1633186240849,"2021-10-02T20:20:40+05:30"
100,158,172,32.28,67.38,1633186271463,"2021-10-02T20:21:11+05:30"
92,143,158,32.21,66.29,1633186302045,"2021-10-02T20:21:42+05:30"
94,151,166,32.2,67.44,1633186332771,"2021-10-02T20:22:12+05:30"
101,164,182,32.21,67.53,1633186363327,"2021-10-02T20:22:43+05:30"
99,160,177,32.22,67.27,1633186393915,"2021-10-02T20:23:13+05:30"
99,158,174,32.21,67.26,1633186424553,"2021-10-02T20:23:44+05:30"
110,181,203,32.26,67.85,1633186455194,"2021-10-02T20:24:15+05:30"
111,177,197,32.35,67.67,1633186485699,"2021-10-02T20:24:45+05:30"
110,176,191,32.33,67.46,1633186516362,"2021-10-02T20:25:16+05:30"
108,170,187,32.33,67.63,1633186538901,"2021-10-02T20:25:38+05:30"
104,163,179,32.27,67.74,1633186570016,"2021-10-02T20:26:10+05:30"
107,169,186,32.29,67.66,1633186600821,"2021-10-02T20:26:40+05:30"
106,171,186,32.29,67.88,1633186631397,"2021-10-02T20:27:11+05:30"
107,167,183,32.25,67.66,1633186661962,"2021-10-02T20:27:41+05:30"
103,165,179,32.15,67.71,1633186692824,"2021-10-02T20:28:12+05:30"
103,164,178,32.1,68.06,1633186723424,"2021-10-02T20:28:43+05:30"
96,157,174,32.07,68.54,1633186754003,"2021-10-02T20:29:14+05:30"
97,156,171,32.06,68.55,1633186784593,"2021-10-02T20:29:44+05:30"
96,151,165,32.15,68.49,1633186815193,"2021-10-02T20:30:15+05:30"
99,159,175,32.14,68.09,1633186846044,"2021-10-02T20:30:46+05:30"
98,152,167,32.07,67.99,1633186876646,"2021-10-02T20:31:16+05:30"
105,173,187,32.09,68.35,1633186907266,"2021-10-02T20:31:47+05:30"
163,261,280,32.04,68.12,1633186937972,"2021-10-02T20:32:17+05:30"
142,220,236,32,68.26,1633186969043,"2021-10-02T20:32:49+05:30"
105,167,181,32.04,68.26,1633186999478,"2021-10-02T20:33:19+05:30"
101,164,177,32.07,68.02,1633187030561,"2021-10-02T20:33:50+05:30"
101,161,173,32.05,67.72,1633187060933,"2021-10-02T20:34:20+05:30"
98,152,164,32.1,67.8,1633187091536,"2021-10-02T20:34:51+05:30"
97,151,161,32.15,68.19,1633187122317,"2021-10-02T20:35:22+05:30"
95,149,162,32.18,67.18,1633187152703,"2021-10-02T20:35:52+05:30"
91,143,157,32.14,67.09,1633187183280,"2021-10-02T20:36:23+05:30"
90,144,156,32.19,67.01,1633187213855,"2021-10-02T20:36:53+05:30"
91,142,154,32.15,67.16,1633187244450,"2021-10-02T20:37:24+05:30"
95,149,161,32.17,67.27,1633187275043,"2021-10-02T20:37:55+05:30"
99,155,167,32.17,67.63,1633187305629,"2021-10-02T20:38:25+05:30"
97,156,171,32.21,67.71,1633187336244,"2021-10-02T20:38:56+05:30"
99,158,174,32.25,67.47,1633187366796,"2021-10-02T20:39:26+05:30"
93,153,168,32.15,66.59,1633187397407,"2021-10-02T20:39:57+05:30"
108,173,192,32.18,67.78,1633187432704,"2021-10-02T20:40:32+05:30"
116,188,209,32.26,68.11,1633187462971,"2021-10-02T20:41:02+05:30"
110,179,197,32.28,67.79,1633187493552,"2021-10-02T20:41:33+05:30"
110,172,189,32.25,67.3,1633187524167,"2021-10-02T20:42:04+05:30"
99,158,173,32.22,66.63,1633187554745,"2021-10-02T20:42:34+05:30"
104,163,180,32.17,67.01,1633187585326,"2021-10-02T20:43:05+05:30"
103,162,181,32.12,67.13,1633187615918,"2021-10-02T20:43:35+05:30"
105,166,183,32.1,67.88,1633187646651,"2021-10-02T20:44:06+05:30"
104,164,179,32.09,67.71,1633187667116,"2021-10-02T20:44:27+05:30"
105,164,179,32.05,68.05,1633187697972,"2021-10-02T20:44:57+05:30"
108,169,183,32.06,68.49,1633187728582,"2021-10-02T20:45:28+05:30"
106,168,183,32.06,68.66,1633187759116,"2021-10-02T20:45:59+05:30"
109,170,193,32.11,68.66,1633187789706,"2021-10-02T20:46:29+05:30"
106,169,186,32.09,68.24,1633187820283,"2021-10-02T20:47:00+05:30"
109,173,192,32.14,68.96,1633187852000,"2021-10-02T20:47:32+05:30"
107,173,196,32.13,68.73,1633187881474,"2021-10-02T20:48:01+05:30"
108,171,186,32.12,68.79,1633187912078,"2021-10-02T20:48:32+05:30"
103,161,178,32.14,68.52,1633187942658,"2021-10-02T20:49:02+05:30"
103,163,183,32.2,68.9,1633187973248,"2021-10-02T20:49:33+05:30"
103,165,180,32.26,68.44,1633188004243,"2021-10-02T20:50:04+05:30"
106,168,185,32.21,68.32,1633188034520,"2021-10-02T20:50:34+05:30"
102,161,179,32.21,68.88,1633188065130,"2021-10-02T20:51:05+05:30"
102,165,182,32.21,68.56,1633188096025,"2021-10-02T20:51:36+05:30"
100,155,178,32.11,68.55,1633188126297,"2021-10-02T20:52:06+05:30"
98,155,174,32.15,69.23,1633188156948,"2021-10-02T20:52:36+05:30"
97,151,170,32.19,68.79,1633188187495,"2021-10-02T20:53:07+05:30"
95,151,167,32.1,68.26,1633188218079,"2021-10-02T20:53:38+05:30"
98,155,174,32.1,68.85,1633188248696,"2021-10-02T20:54:08+05:30"
102,162,178,32.14,68.95,1633188279281,"2021-10-02T20:54:39+05:30"
103,160,172,32.11,68.45,1633188313931,"2021-10-02T20:55:13+05:30"
102,163,177,32.17,68.67,1633188344542,"2021-10-02T20:55:44+05:30"
97,150,167,32.18,67.26,1633188375144,"2021-10-02T20:56:15+05:30"
97,150,167,32.19,67.74,1633188406033,"2021-10-02T20:56:46+05:30"
97,154,169,32.22,67.86,1633188436606,"2021-10-02T20:57:16+05:30"
97,154,167,32.18,67.75,1633188467168,"2021-10-02T20:57:47+05:30"
97,154,169,32.22,67.93,1633188497768,"2021-10-02T20:58:17+05:30"
105,162,179,32.23,67.84,1633188528361,"2021-10-02T20:58:48+05:30"
102,163,180,32.3,68.22,1633188558940,"2021-10-02T20:59:18+05:30"
105,168,181,32.36,67.96,1633188589531,"2021-10-02T20:59:49+05:30"
112,178,192,32.36,67.83,1633188620394,"2021-10-02T21:00:20+05:30"
111,178,195,32.4,67.77,1633188650719,"2021-10-02T21:00:50+05:30"
112,173,193,32.44,67.83,1633188681309,"2021-10-02T21:01:21+05:30"
117,181,206,32.47,68.16,1633188711922,"2021-10-02T21:01:51+05:30"
116,183,204,32.38,67.49,1633188742509,"2021-10-02T21:02:22+05:30"
110,171,185,32.27,67.44,1633188773121,"2021-10-02T21:02:53+05:30"
112,177,199,32.26,67.57,1633188803689,"2021-10-02T21:03:23+05:30"
113,182,198,32.22,67.62,1633188834383,"2021-10-02T21:03:54+05:30"
115,177,190,32.2,67.9,1633188864969,"2021-10-02T21:04:24+05:30"
116,182,202,32.23,68.02,1633188895561,"2021-10-02T21:04:55+05:30"
121,194,213,32.19,67.63,1633188926293,"2021-10-02T21:05:26+05:30"
126,207,222,32.15,68.04,1633188956885,"2021-10-02T21:05:56+05:30"
123,198,214,32.11,67.97,1633188987458,"2021-10-02T21:06:27+05:30"
113,183,198,32.08,67.98,1633189018070,"2021-10-02T21:06:58+05:30"
108,172,185,32.05,67.82,1633189048819,"2021-10-02T21:07:28+05:30"
106,172,187,32.03,68.27,1633189068986,"2021-10-02T21:07:48+05:30"
110,172,186,32.03,68.49,1633189099631,"2021-10-02T21:08:19+05:30"
107,172,188,31.99,68.45,1633189130607,"2021-10-02T21:08:50+05:30"
104,168,179,31.98,68.62,1633189161216,"2021-10-02T21:09:21+05:30"
108,172,183,32.04,68.87,1633189196730,"2021-10-02T21:09:56+05:30"
106,170,182,32.09,68.62,1633189226815,"2021-10-02T21:10:26+05:30"
105,167,180,32.08,68.69,1633189257411,"2021-10-02T21:10:57+05:30"
105,166,177,32.13,68.5,1633189288010,"2021-10-02T21:11:28+05:30"
102,159,169,32.2,68.33,1633189318629,"2021-10-02T21:11:58+05:30"
98,155,166,32.16,67.89,1633189349191,"2021-10-02T21:12:29+05:30"
98,157,170,32.07,68,1633189379791,"2021-10-02T21:12:59+05:30"
103,160,175,31.97,68.48,1633189410389,"2021-10-02T21:13:30+05:30"
98,154,165,31.96,69.06,1633189440979,"2021-10-02T21:14:00+05:30"
101,157,172,32.02,69.11,1633189471593,"2021-10-02T21:14:31+05:30"
96,152,166,32.05,68.64,1633189502157,"2021-10-02T21:15:02+05:30"
96,148,158,31.98,68.67,1633189532757,"2021-10-02T21:15:32+05:30"
97,147,162,31.91,69.06,1633189563358,"2021-10-02T21:16:03+05:30"
97,146,154,31.88,69.16,1633189593954,"2021-10-02T21:16:33+05:30"
91,144,153,31.88,69.3,1633189624540,"2021-10-02T21:17:04+05:30"
92,142,153,31.92,68.83,1633189655129,"2021-10-02T21:17:35+05:30"
92,145,156,31.95,68.85,1633189685721,"2021-10-02T21:18:05+05:30"
101,159,170,31.92,68.89,1633189716381,"2021-10-02T21:18:36+05:30"
107,170,182,31.9,68.75,1633189746926,"2021-10-02T21:19:06+05:30"
105,164,180,31.85,68.78,1633189777502,"2021-10-02T21:19:37+05:30"
106,169,180,31.84,68.76,1633189808150,"2021-10-02T21:20:08+05:30"
103,163,172,31.87,69.02,1633189839050,"2021-10-02T21:20:39+05:30"
103,162,173,31.92,68.68,1633189869316,"2021-10-02T21:21:09+05:30"
102,162,176,31.89,68.79,1633189899879,"2021-10-02T21:21:39+05:30"
103,161,174,31.85,68.48,1633189930465,"2021-10-02T21:22:10+05:30"
102,160,176,31.88,68.86,1633189961069,"2021-10-02T21:22:41+05:30"
97,148,160,31.82,68.93,1633189991679,"2021-10-02T21:23:11+05:30"
96,148,158,31.85,69.04,1633190022249,"2021-10-02T21:23:42+05:30"
91,142,155,31.84,68.4,1633190052838,"2021-10-02T21:24:12+05:30"
140,227,244,31.91,69.14,1633190076483,"2021-10-02T21:24:36+05:30"
140,210,229,31.92,69,1633190106414,"2021-10-02T21:25:06+05:30"
164,240,255,32.11,68.71,1633190316509,"2021-10-02T21:28:36+05:30"
159,232,248,32.11,68.89,1633190327253,"2021-10-02T21:28:47+05:30"
108,162,177,31.94,69.37,1633190706188,"2021-10-02T21:35:06+05:30"
107,159,173,31.86,69.27,1633190716894,"2021-10-02T21:35:16+05:30"
105,161,174,31.92,69.8,1633190745274,"2021-10-02T21:35:45+05:30"
110,167,183,32.03,69.7,1633190836661,"2021-10-02T21:37:16+05:30"
87,128,136,31.98,69.22,1633191237015,"2021-10-02T21:43:57+05:30"
84,127,135,32.03,68.9,1633191278972,"2021-10-02T21:44:38+05:30"
86,128,136,31.98,68.99,1633191293809,"2021-10-02T21:44:53+05:30"
77,114,122,32.06,68.41,1633191669677,"2021-10-02T21:51:09+05:30"
77,114,124,32.05,68.56,1633191698605,"2021-10-02T21:51:38+05:30"