"pm1_0","pm2_5","pm10","temp","humid","createdAt","localtime"
87,138,156,28.84,56.01,1634096830285,"2021-10-13T09:17:10+05:30"
88,137,156,29.01,55.95,1634096840284,"2021-10-13T09:17:20+05:30"
86,133,153,29.17,55.27,1634096870861,"2021-10-13T09:17:50+05:30"
85,133,155,29.32,54.16,1634096901464,"2021-10-13T09:18:21+05:30"
86,136,159,29.44,53.75,1634096932128,"2021-10-13T09:18:52+05:30"
94,148,164,29.53,53.71,1634096962720,"2021-10-13T09:19:22+05:30"
88,139,154,29.6,53.2,1634096993279,"2021-10-13T09:19:53+05:30"
86,134,152,29.66,53.28,1634097024026,"2021-10-13T09:20:24+05:30"
86,137,154,29.75,54.66,1634097054484,"2021-10-13T09:20:54+05:30"
85,137,162,29.85,54.53,1634097085028,"2021-10-13T09:21:25+05:30"
90,143,161,29.89,54.18,1634097115595,"2021-10-13T09:21:55+05:30"
89,141,155,29.96,54.46,1634097146195,"2021-10-13T09:22:26+05:30"
88,140,160,30.01,53.72,1634097176817,"2021-10-13T09:22:56+05:30"
87,137,154,30,53.63,1634097207375,"2021-10-13T09:23:27+05:30"
88,142,168,30.03,54.31,1634097237920,"2021-10-13T09:23:57+05:30"
90,145,166,30.03,54.17,1634097268537,"2021-10-13T09:24:28+05:30"
86,139,162,30.09,54.52,1634097299135,"2021-10-13T09:24:59+05:30"
92,153,181,30.11,53.86,1634097329799,"2021-10-13T09:25:29+05:30"
98,165,202,30.07,53.76,1634097360383,"2021-10-13T09:26:00+05:30"
96,165,200,30.03,54.11,1634097390935,"2021-10-13T09:26:30+05:30"
100,174,227,30.02,53.82,1634097421547,"2021-10-13T09:27:01+05:30"
101,166,209,29.96,53.78,1634097452132,"2021-10-13T09:27:32+05:30"
100,195,278,29.98,54.55,1634097482698,"2021-10-13T09:28:02+05:30"
104,194,255,30.01,54.17,1634097513265,"2021-10-13T09:28:33+05:30"
105,176,209,30.04,53.97,1634097544187,"2021-10-13T09:29:04+05:30"
110,188,230,30.03,54.04,1634097574740,"2021-10-13T09:29:34+05:30"
120,204,235,30.02,54.15,1634097605483,"2021-10-13T09:30:05+05:30"
111,200,241,30.02,54.61,1634097625782,"2021-10-13T09:30:25+05:30"
121,199,238,30.03,54.32,1634097656369,"2021-10-13T09:30:56+05:30"
114,187,217,30.05,54.01,1634097686966,"2021-10-13T09:31:26+05:30"
120,191,215,30.04,53.95,1634097717543,"2021-10-13T09:31:57+05:30"
156,260,283,30.02,54.53,1634097748831,"2021-10-13T09:32:28+05:30"
187,319,359,30.01,54.83,1634097778932,"2021-10-13T09:32:58+05:30"
231,427,487,29.99,55.17,1634097809509,"2021-10-13T09:33:29+05:30"
277,558,636,29.99,55.7,1634097840132,"2021-10-13T09:34:00+05:30"
313,672,772,29.99,55.87,1634097870693,"2021-10-13T09:34:30+05:30"
313,665,763,29.98,56.26,1634097901377,"2021-10-13T09:35:01+05:30"
293,593,669,29.98,55.98,1634097931914,"2021-10-13T09:35:31+05:30"
292,589,658,30,55.49,1634097962486,"2021-10-13T09:36:02+05:30"
329,727,834,30.03,55.29,1634097993073,"2021-10-13T09:36:33+05:30"
282,566,642,30.04,54.35,1634098023708,"2021-10-13T09:37:03+05:30"
304,616,696,30.04,55.41,1634098054256,"2021-10-13T09:37:34+05:30"
291,577,652,30.05,55.35,1634098084857,"2021-10-13T09:38:04+05:30"
276,567,641,30.04,56,1634098115456,"2021-10-13T09:38:35+05:30"
325,711,816,30.03,56.32,1634098146039,"2021-10-13T09:39:06+05:30"
352,886,1031,30.06,56.39,1634098176660,"2021-10-13T09:39:36+05:30"
301,635,713,30.04,54.84,1634098207263,"2021-10-13T09:40:07+05:30"
334,775,878,30.04,54.68,1634098237829,"2021-10-13T09:40:37+05:30"
356,963,1096,30.08,54.7,1634098268418,"2021-10-13T09:41:08+05:30"
348,867,1005,30.1,53.97,1634098299001,"2021-10-13T09:41:39+05:30"
246,487,553,30.11,52.48,1634098329599,"2021-10-13T09:42:09+05:30"
301,650,746,30.13,52.75,1634098360199,"2021-10-13T09:42:40+05:30"
309,687,785,30.15,52.99,1634098390784,"2021-10-13T09:43:10+05:30"
355,894,1055,30.19,53.67,1634098421367,"2021-10-13T09:43:41+05:30"
322,769,889,30.2,52.37,1634098452002,"2021-10-13T09:44:12+05:30"
271,538,606,30.19,50.75,1634098482583,"2021-10-13T09:44:42+05:30"
255,486,541,30.19,50.1,1634098513162,"2021-10-13T09:45:13+05:30"
249,483,544,30.19,49.89,1634098543753,"2021-10-13T09:45:43+05:30"
255,485,548,30.22,49.9,1634098574388,"2021-10-13T09:46:14+05:30"
243,444,490,30.25,49.9,1634098604939,"2021-10-13T09:46:44+05:30"
242,454,511,30.31,49.72,1634098631455,"2021-10-13T09:47:11+05:30"
315,667,752,30.36,50.94,1634098662029,"2021-10-13T09:47:42+05:30"
337,784,907,30.36,51.06,1634098692603,"2021-10-13T09:48:12+05:30"
300,605,678,30.33,49.72,1634098723198,"2021-10-13T09:48:43+05:30"
238,441,500,30.33,48.19,1634098753786,"2021-10-13T09:49:13+05:30"
231,444,498,30.34,47.42,1634098784376,"2021-10-13T09:49:44+05:30"
288,628,708,30.36,48.16,1634098814974,"2021-10-13T09:50:14+05:30"
237,459,509,30.37,46.87,1634098845593,"2021-10-13T09:50:45+05:30"
197,355,394,30.4,46.02,1634098876346,"2021-10-13T09:51:16+05:30"
331,749,865,30.41,48.74,1634098906768,"2021-10-13T09:51:46+05:30"
203,357,401,30.4,47.08,1634098937389,"2021-10-13T09:52:17+05:30"
250,507,581,30.41,47.67,1634098968137,"2021-10-13T09:52:48+05:30"
238,460,525,30.43,46.99,1634098998541,"2021-10-13T09:53:18+05:30"
205,364,407,30.43,46.45,1634099029124,"2021-10-13T09:53:49+05:30"
276,562,637,30.47,48.03,1634099059714,"2021-10-13T09:54:19+05:30"
255,536,616,30.48,47.31,1634099090318,"2021-10-13T09:54:50+05:30"
214,400,449,30.5,46.45,1634099120908,"2021-10-13T09:55:20+05:30"
206,383,434,30.52,46.86,1634099151544,"2021-10-13T09:55:51+05:30"
239,451,510,30.53,46.64,1634099182147,"2021-10-13T09:56:22+05:30"
237,490,559,30.56,46.34,1634099212714,"2021-10-13T09:56:52+05:30"
253,509,578,30.55,46.72,1634099243293,"2021-10-13T09:57:23+05:30"
204,390,439,30.57,47.16,1634099273874,"2021-10-13T09:57:53+05:30"
295,1150,1481,30.67,48.34,1634099304685,"2021-10-13T09:58:24+05:30"
244,528,608,30.64,46.07,1634099335282,"2021-10-13T09:58:55+05:30"
199,382,441,30.69,45.35,1634099365870,"2021-10-13T09:59:25+05:30"
190,368,420,30.65,45.13,1634099396471,"2021-10-13T09:59:56+05:30"
212,460,532,30.61,45.83,1634099427063,"2021-10-13T10:00:27+05:30"
261,645,763,30.64,46.92,1634099457625,"2021-10-13T10:00:57+05:30"
246,671,820,30.67,46.2,1634099488209,"2021-10-13T10:01:28+05:30"
226,678,858,30.71,46.1,1634099518800,"2021-10-13T10:01:58+05:30"
244,619,747,30.68,45.54,1634099548474,"2021-10-13T10:02:28+05:30"
180,390,467,30.73,45.33,1634099578865,"2021-10-13T10:02:58+05:30"
231,689,878,30.76,46.44,1634099609585,"2021-10-13T10:03:29+05:30"
232,780,1011,30.8,46.13,1634099640168,"2021-10-13T10:04:00+05:30"
283,858,1088,30.81,46.96,1634099670814,"2021-10-13T10:04:30+05:30"
262,745,937,30.8,46.41,1634099701341,"2021-10-13T10:05:01+05:30"
294,913,1161,30.82,47.64,1634099731933,"2021-10-13T10:05:31+05:30"
295,874,1074,30.87,48.06,1634099762515,"2021-10-13T10:06:02+05:30"
302,945,1186,30.9,48.53,1634099793124,"2021-10-13T10:06:33+05:30"
298,976,1261,30.95,48.14,1634099823701,"2021-10-13T10:07:03+05:30"
304,964,1225,30.97,48.26,1634099854294,"2021-10-13T10:07:34+05:30"
287,804,990,30.99,48.09,1634099884910,"2021-10-13T10:08:04+05:30"
301,882,1111,31.02,49.26,1634099915495,"2021-10-13T10:08:35+05:30"
258,686,838,31,47.1,1634099946084,"2021-10-13T10:09:06+05:30"
284,760,923,30.98,48.13,1634099976683,"2021-10-13T10:09:36+05:30"
168,346,404,30.91,44.1,1634100007276,"2021-10-13T10:10:07+05:30"
151,275,320,30.86,43.9,1634100037860,"2021-10-13T10:10:37+05:30"
139,250,284,30.8,43.81,1634100068472,"2021-10-13T10:11:08+05:30"
144,254,287,30.77,44.1,1634100099055,"2021-10-13T10:11:39+05:30"
131,223,256,30.73,45.38,1634100129782,"2021-10-13T10:12:09+05:30"
182,331,380,30.66,47.65,1634100160240,"2021-10-13T10:12:40+05:30"
143,249,280,30.65,45.29,1634100190867,"2021-10-13T10:13:10+05:30"
126,212,243,30.67,44.5,1634100221416,"2021-10-13T10:13:41+05:30"
121,204,231,30.67,43.61,1634100251963,"2021-10-13T10:14:11+05:30"
109,184,202,30.69,43.11,1634100282566,"2021-10-13T10:14:42+05:30"
110,180,199,30.69,43.54,1634100313172,"2021-10-13T10:15:13+05:30"
97,157,177,30.69,42.85,1634100343852,"2021-10-13T10:15:43+05:30"
94,150,167,30.68,42.76,1634100374385,"2021-10-13T10:16:14+05:30"
111,177,201,30.68,44.62,1634100404917,"2021-10-13T10:16:44+05:30"
98,162,180,30.67,43.22,1634100427662,"2021-10-13T10:17:07+05:30"
100,164,178,30.68,43.66,1634100457734,"2021-10-13T10:17:37+05:30"
111,182,206,30.68,45.49,1634100488693,"2021-10-13T10:18:08+05:30"
112,188,208,30.68,45.63,1634100519112,"2021-10-13T10:18:39+05:30"
121,200,223,30.65,45.62,1634100549866,"2021-10-13T10:19:09+05:30"
111,180,197,30.65,44.71,1634100580462,"2021-10-13T10:19:40+05:30"
102,168,188,30.68,43.35,1634100611041,"2021-10-13T10:20:11+05:30"
97,159,179,30.69,43.49,1634100641633,"2021-10-13T10:20:41+05:30"
125,213,239,30.71,44.72,1634100672233,"2021-10-13T10:21:12+05:30"
178,326,386,30.77,46.37,1634100702816,"2021-10-13T10:21:42+05:30"
171,305,348,30.8,46.41,1634100733488,"2021-10-13T10:22:13+05:30"
160,276,315,30.81,45.63,1634100764096,"2021-10-13T10:22:44+05:30"
168,290,330,30.83,45.47,1634100794741,"2021-10-13T10:23:14+05:30"
110,190,210,30.82,45.23,1634100825246,"2021-10-13T10:23:45+05:30"
107,178,204,30.81,46.62,1634100855826,"2021-10-13T10:24:15+05:30"
116,197,232,30.8,47.38,1634100886419,"2021-10-13T10:24:46+05:30"
133,227,266,30.81,47.5,1634100917020,"2021-10-13T10:25:17+05:30"
112,188,219,30.78,46.78,1634100947603,"2021-10-13T10:25:47+05:30"
104,172,200,30.77,47.28,1634100978232,"2021-10-13T10:26:18+05:30"
106,175,201,30.76,46.7,1634101008786,"2021-10-13T10:26:48+05:30"
105,174,199,30.74,46.07,1634101039391,"2021-10-13T10:27:19+05:30"
120,198,227,30.75,47.31,1634101069976,"2021-10-13T10:27:49+05:30"
112,182,204,30.77,45.46,1634101100569,"2021-10-13T10:28:20+05:30"
107,178,200,30.77,46.99,1634101131161,"2021-10-13T10:28:51+05:30"
106,173,193,30.74,45.48,1634101161756,"2021-10-13T10:29:21+05:30"
112,179,197,30.73,43.74,1634101192406,"2021-10-13T10:29:52+05:30"
97,153,169,30.73,43.34,1634101222936,"2021-10-13T10:30:22+05:30"
95,154,164,30.71,43.31,1634101253617,"2021-10-13T10:30:53+05:30"
102,161,177,30.66,42.95,1634101284128,"2021-10-13T10:31:24+05:30"
113,186,207,30.71,46.77,1634101314727,"2021-10-13T10:31:54+05:30"
107,175,196,30.77,46.29,1634101349228,"2021-10-13T10:32:29+05:30"
88,141,159,30.8,42.88,1634101379794,"2021-10-13T10:32:59+05:30"
91,147,161,30.77,44.04,1634101410368,"2021-10-13T10:33:30+05:30"
100,155,169,30.8,45.93,1634101440990,"2021-10-13T10:34:00+05:30"
99,161,180,30.86,45.7,1634101471547,"2021-10-13T10:34:31+05:30"
96,156,172,30.88,45.93,1634101502126,"2021-10-13T10:35:02+05:30"
96,156,169,30.88,44.5,1634101532699,"2021-10-13T10:35:32+05:30"
86,133,146,30.9,43.25,1634101563285,"2021-10-13T10:36:03+05:30"
72,112,126,30.88,41.41,1634101593872,"2021-10-13T10:36:33+05:30"
78,125,139,30.86,41.63,1634101624576,"2021-10-13T10:37:04+05:30"
80,127,140,30.81,42.26,1634101655031,"2021-10-13T10:37:35+05:30"
86,133,148,30.87,44.5,1634101685676,"2021-10-13T10:38:05+05:30"
86,138,156,30.88,42.57,1634101716336,"2021-10-13T10:38:36+05:30"
84,132,145,30.89,42.6,1634101746793,"2021-10-13T10:39:06+05:30"
76,118,133,30.9,41.88,1634101777384,"2021-10-13T10:39:37+05:30"
78,126,136,30.93,43.95,1634101807988,"2021-10-13T10:40:07+05:30"
68,107,120,30.94,41.14,1634101838592,"2021-10-13T10:40:38+05:30"
67,100,111,30.95,41.49,1634101869205,"2021-10-13T10:41:09+05:30"
65,102,116,30.94,40.67,1634101889591,"2021-10-13T10:41:29+05:30"
61,93,103,30.94,40.03,1634101920179,"2021-10-13T10:42:00+05:30"
68,106,115,30.94,40.07,1634101951185,"2021-10-13T10:42:31+05:30"
71,107,119,30.93,41.09,1634101981327,"2021-10-13T10:43:01+05:30"
77,120,136,30.88,41.06,1634102011941,"2021-10-13T10:43:31+05:30"
75,116,128,30.88,40.05,1634102042511,"2021-10-13T10:44:02+05:30"
71,111,123,30.9,41.71,1634102073095,"2021-10-13T10:44:33+05:30"
71,114,122,30.9,41.28,1634102103651,"2021-10-13T10:45:03+05:30"
70,110,119,30.92,41.43,1634102134402,"2021-10-13T10:45:34+05:30"
63,97,107,30.9,41.06,1634102164898,"2021-10-13T10:46:04+05:30"
62,96,106,30.91,41.83,1634102195454,"2021-10-13T10:46:35+05:30"
72,113,124,30.86,41.93,1634102228551,"2021-10-13T10:47:08+05:30"
78,126,140,30.85,41.68,1634102259144,"2021-10-13T10:47:39+05:30"
69,106,116,30.89,41.9,1634102289705,"2021-10-13T10:48:09+05:30"
70,111,121,30.93,42.36,1634102320304,"2021-10-13T10:48:40+05:30"
74,122,139,30.92,42.53,1634102350903,"2021-10-13T10:49:10+05:30"
82,134,150,30.88,42.23,1634102381455,"2021-10-13T10:49:41+05:30"
83,138,154,30.9,40.8,1634102412049,"2021-10-13T10:50:12+05:30"
82,135,150,30.87,42.03,1634102442631,"2021-10-13T10:50:42+05:30"
74,123,135,30.87,41.85,1634102473223,"2021-10-13T10:51:13+05:30"
73,118,128,30.85,42.27,1634102503806,"2021-10-13T10:51:43+05:30"
75,122,140,30.84,42.11,1634102536526,"2021-10-13T10:52:16+05:30"
78,123,138,30.81,43.2,1634102564987,"2021-10-13T10:52:44+05:30"
79,130,144,30.78,42.96,1634102595662,"2021-10-13T10:53:15+05:30"
81,133,149,30.78,43.45,1634102615956,"2021-10-13T10:53:35+05:30"
72,118,129,30.83,41.83,1634102646614,"2021-10-13T10:54:06+05:30"
72,114,126,30.85,42.42,1634102677113,"2021-10-13T10:54:37+05:30"
69,108,119,30.86,42.56,1634102707704,"2021-10-13T10:55:07+05:30"
66,106,114,30.85,41.48,1634102738293,"2021-10-13T10:55:38+05:30"
64,101,110,30.86,40.48,1634102768960,"2021-10-13T10:56:08+05:30"
60,93,104,30.83,39.81,1634102799439,"2021-10-13T10:56:39+05:30"
57,91,102,30.84,39.41,1634102830009,"2021-10-13T10:57:10+05:30"
62,94,101,30.81,41.03,1634102860667,"2021-10-13T10:57:40+05:30"
63,94,101,30.79,41.68,1634102891179,"2021-10-13T10:58:11+05:30"
61,95,102,30.79,41.96,1634102921764,"2021-10-13T10:58:41+05:30"
60,95,107,30.77,41.84,1634102952311,"2021-10-13T10:59:12+05:30"
63,97,105,30.76,43.18,1634102982920,"2021-10-13T10:59:42+05:30"
62,94,103,30.78,41.17,1634103013499,"2021-10-13T11:00:13+05:30"
60,95,105,30.84,41.89,1634103044091,"2021-10-13T11:00:44+05:30"
64,97,105,30.83,42.94,1634103074642,"2021-10-13T11:01:14+05:30"
62,97,106,30.79,42.82,1634103105239,"2021-10-13T11:01:45+05:30"
61,94,104,30.75,42.73,1634103135336,"2021-10-13T11:02:15+05:30"
64,98,108,30.73,43.53,1634103165719,"2021-10-13T11:02:45+05:30"
60,94,104,30.76,42.35,1634103196506,"2021-10-13T11:03:16+05:30"
57,88,97,30.76,43.01,1634103415195,"2021-10-13T11:06:55+05:30"
59,90,98,30.76,42.78,1634103486513,"2021-10-13T11:08:06+05:30"
65,102,112,30.73,44.8,1634103517065,"2021-10-13T11:08:37+05:30"
65,101,114,30.74,42.93,1634103547657,"2021-10-13T11:09:07+05:30"
62,96,106,30.79,42.86,1634103578239,"2021-10-13T11:09:38+05:30"
60,93,105,30.82,41.53,1634103608803,"2021-10-13T11:10:08+05:30"
57,86,95,30.86,40.78,1634103639408,"2021-10-13T11:10:39+05:30"
59,89,99,30.88,41.25,1634103669987,"2021-10-13T11:11:09+05:30"
62,95,104,30.89,43.29,1634103700556,"2021-10-13T11:11:40+05:30"
64,99,109,30.86,44,1634103731141,"2021-10-13T11:12:11+05:30"
59,91,102,30.88,42.81,1634103761732,"2021-10-13T11:12:41+05:30"
60,89,95,30.86,42.86,1634103792320,"2021-10-13T11:13:12+05:30"
58,89,102,30.86,43.7,1634103822887,"2021-10-13T11:13:42+05:30"
53,82,90,30.88,43.08,1634103853462,"2021-10-13T11:14:13+05:30"
53,81,87,30.91,41.86,1634103884059,"2021-10-13T11:14:44+05:30"
55,81,88,30.91,42.71,1634103914625,"2021-10-13T11:15:14+05:30"
56,86,94,30.88,42.86,1634103945279,"2021-10-13T11:15:45+05:30"
54,84,89,30.87,42.38,1634103975775,"2021-10-13T11:16:15+05:30"
53,82,90,30.87,41.66,1634104006348,"2021-10-13T11:16:46+05:30"
58,87,100,30.85,42.84,1634104036964,"2021-10-13T11:17:16+05:30"
54,86,94,30.83,42.76,1634104067500,"2021-10-13T11:17:47+05:30"
55,84,95,30.83,42.34,1634104098206,"2021-10-13T11:18:18+05:30"
57,85,93,30.82,42.85,1634104128655,"2021-10-13T11:18:48+05:30"
58,88,100,30.83,43,1634104159314,"2021-10-13T11:19:19+05:30"
57,86,94,30.84,43.4,1634104189965,"2021-10-13T11:19:49+05:30"
58,90,96,30.87,42.61,1634104220447,"2021-10-13T11:20:20+05:30"
57,86,97,30.89,42.05,1634104251007,"2021-10-13T11:20:51+05:30"
59,90,101,30.9,42.4,1634104281601,"2021-10-13T11:21:21+05:30"
74,117,131,30.93,41.84,1634104312198,"2021-10-13T11:21:52+05:30"
83,128,145,30.95,42.35,1634104342791,"2021-10-13T11:22:22+05:30"
61,94,103,30.96,39.49,1634104368864,"2021-10-13T11:22:48+05:30"
102,161,172,30.98,38.67,1634104399207,"2021-10-13T11:23:19+05:30"
88,131,139,31.01,39.41,1634104429772,"2021-10-13T11:23:49+05:30"
75,112,123,31.04,40.28,1634104460432,"2021-10-13T11:24:20+05:30"
73,112,121,31.05,40.06,1634104491047,"2021-10-13T11:24:51+05:30"
89,139,152,31.05,37.94,1634104521675,"2021-10-13T11:25:21+05:30"
109,174,195,31.09,37.88,1634104552216,"2021-10-13T11:25:52+05:30"
102,161,174,31.11,37.87,1634104582777,"2021-10-13T11:26:22+05:30"
139,222,243,31.1,38,1634104613482,"2021-10-13T11:26:53+05:30"
110,173,191,31.09,39.89,1634104643975,"2021-10-13T11:27:23+05:30"
113,181,201,31.12,40.29,1634104674555,"2021-10-13T11:27:54+05:30"
112,177,196,31.13,41.05,1634104705158,"2021-10-13T11:28:25+05:30"
115,184,207,31.12,40.87,1634104735735,"2021-10-13T11:28:55+05:30"
110,176,196,31.15,41.83,1634104766337,"2021-10-13T11:29:26+05:30"
112,177,194,31.14,41.88,1634104796923,"2021-10-13T11:29:56+05:30"
121,187,212,31.16,41.75,1634104827486,"2021-10-13T11:30:27+05:30"
137,226,250,31.14,41.12,1634104858137,"2021-10-13T11:30:58+05:30"
125,204,223,31.17,41.34,1634104888673,"2021-10-13T11:31:28+05:30"
130,213,243,31.18,39.34,1634104919267,"2021-10-13T11:31:59+05:30"
150,259,303,31.19,39.35,1634104949862,"2021-10-13T11:32:29+05:30"
143,243,275,31.21,37.68,1634104980451,"2021-10-13T11:33:00+05:30"
216,418,487,31.2,36.9,1634105011054,"2021-10-13T11:33:31+05:30"
159,283,328,31.22,35.39,1634105041644,"2021-10-13T11:34:01+05:30"
144,249,291,31.22,36.76,1634105072231,"2021-10-13T11:34:32+05:30"
134,231,258,31.26,37.58,1634105102862,"2021-10-13T11:35:02+05:30"
99,163,186,31.34,36.11,1634105133543,"2021-10-13T11:35:33+05:30"
116,197,225,31.34,37.74,1634105164139,"2021-10-13T11:36:04+05:30"
116,197,225,31.34,37.74,1634105165063,"2021-10-13T11:36:05+05:30"
116,197,225,31.34,37.74,1634105166059,"2021-10-13T11:36:06+05:30"
115,195,216,31.32,38.03,1634105194561,"2021-10-13T11:36:34+05:30"
135,224,252,31.31,37.1,1634105225166,"2021-10-13T11:37:05+05:30"
119,196,222,31.28,37.18,1634105255740,"2021-10-13T11:37:35+05:30"
99,162,178,31.27,36.61,1634105288046,"2021-10-13T11:38:08+05:30"
83,130,142,31.29,36.11,1634105318614,"2021-10-13T11:38:38+05:30"
101,163,181,31.25,37.65,1634105349191,"2021-10-13T11:39:09+05:30"
104,170,187,31.26,38.51,1634105379764,"2021-10-13T11:39:39+05:30"
90,142,157,31.26,37.67,1634105410355,"2021-10-13T11:40:10+05:30"
70,111,120,31.22,35.22,1634105440942,"2021-10-13T11:40:40+05:30"
77,118,132,31.19,35.46,1634105471893,"2021-10-13T11:41:11+05:30"
79,125,141,31.16,36.72,1634105502273,"2021-10-13T11:41:42+05:30"
38,57,69,31.06,38.04,1634110888960,"2021-10-13T13:11:28+05:30"
36,55,69,31.02,37.81,1634110919487,"2021-10-13T13:11:59+05:30"
35,53,68,30.98,36.43,1634111039147,"2021-10-13T13:13:59+05:30"
33,50,67,31.14,34.67,1634111679188,"2021-10-13T13:24:39+05:30"
33,50,66,31.1,34.86,1634111689103,"2021-10-13T13:24:49+05:30"
33,50,64,31.09,34.1,1634111709158,"2021-10-13T13:25:09+05:30"
33,52,66,31.24,33.25,1634112097626,"2021-10-13T13:31:37+05:30"
34,52,67,31.24,33.32,1634112108011,"2021-10-13T13:31:48+05:30"
33,51,65,31.3,32.15,1634112167116,"2021-10-13T13:32:47+05:30"
32,49,62,31.29,33.19,1634112197378,"2021-10-13T13:33:17+05:30"
33,51,65,31.21,34.21,1634112252717,"2021-10-13T13:34:12+05:30"
33,50,65,31.2,33.41,1634112262850,"2021-10-13T13:34:22+05:30"
33,51,64,31.36,32.31,1634112338401,"2021-10-13T13:35:38+05:30"
40,59,72,31.28,32.07,1634112565716,"2021-10-13T13:39:25+05:30"
34,51,64,31.36,32.01,1634112595785,"2021-10-13T13:39:55+05:30"
34,51,65,31.42,32.31,1634112626380,"2021-10-13T13:40:26+05:30"
34,50,63,31.34,33.1,1634112656991,"2021-10-13T13:40:56+05:30"
35,52,66,31.27,34.09,1634112687659,"2021-10-13T13:41:27+05:30"
35,51,66,31.23,33.81,1634112718228,"2021-10-13T13:41:58+05:30"
33,49,62,31.24,33.67,1634112748785,"2021-10-13T13:42:28+05:30"
33,49,63,31.24,33.07,1634112779391,"2021-10-13T13:42:59+05:30"
32,49,63,31.29,31.79,1634112809994,"2021-10-13T13:43:29+05:30"
32,49,63,31.35,31.74,1634112840560,"2021-10-13T13:44:00+05:30"
32,49,61,31.33,32.4,1634112871122,"2021-10-13T13:44:31+05:30"
32,49,62,31.35,32.17,1634112901777,"2021-10-13T13:45:01+05:30"
32,48,60,31.36,31.37,1634112932406,"2021-10-13T13:45:32+05:30"
31,47,61,31.37,31.62,1634112962894,"2021-10-13T13:46:02+05:30"
31,47,61,31.39,30.93,1634112993452,"2021-10-13T13:46:33+05:30"
32,47,60,31.51,30.22,1634113024053,"2021-10-13T13:47:04+05:30"
32,47,61,31.52,31.22,1634113054793,"2021-10-13T13:47:34+05:30"
32,47,61,31.46,31.41,1634113085294,"2021-10-13T13:48:05+05:30"
32,48,63,31.39,32.68,1634113115884,"2021-10-13T13:48:35+05:30"
32,49,62,31.34,32.66,1634113146438,"2021-10-13T13:49:06+05:30"
31,48,62,31.28,33.27,1634113177011,"2021-10-13T13:49:37+05:30"
32,49,62,31.34,31.97,1634113207620,"2021-10-13T13:50:07+05:30"
31,48,62,31.37,31.9,1634113238205,"2021-10-13T13:50:38+05:30"
32,48,62,31.32,33.37,1634113268752,"2021-10-13T13:51:08+05:30"
32,49,61,31.32,32.18,1634113299321,"2021-10-13T13:51:39+05:30"
31,46,59,31.46,29.55,1634113329893,"2021-10-13T13:52:09+05:30"
31,47,60,31.54,30.03,1634113360502,"2021-10-13T13:52:40+05:30"
31,46,59,31.6,28.75,1634113391193,"2021-10-13T13:53:11+05:30"
30,45,56,31.74,27.77,1634113421659,"2021-10-13T13:53:41+05:30"
31,46,59,31.67,29.61,1634113452362,"2021-10-13T13:54:12+05:30"
30,46,57,31.59,30.26,1634113476403,"2021-10-13T13:54:36+05:30"
30,46,59,31.48,30.76,1634113507269,"2021-10-13T13:55:07+05:30"
30,46,60,31.57,28.95,1634113538146,"2021-10-13T13:55:38+05:30"
30,46,59,31.53,30.71,1634113569015,"2021-10-13T13:56:09+05:30"
30,46,59,31.45,31.21,1634113599599,"2021-10-13T13:56:39+05:30"
31,48,62,31.42,30.98,1634113630173,"2021-10-13T13:57:10+05:30"
30,45,59,31.38,31.93,1634113660905,"2021-10-13T13:57:40+05:30"
31,46,59,31.32,32.87,1634113691487,"2021-10-13T13:58:11+05:30"
31,46,58,31.37,31.41,1634113722051,"2021-10-13T13:58:42+05:30"
31,47,58,31.42,31.1,1634113752634,"2021-10-13T13:59:12+05:30"
32,47,62,31.45,32.09,1634113783233,"2021-10-13T13:59:43+05:30"
32,48,62,31.41,32.59,1634113813814,"2021-10-13T14:00:13+05:30"
32,48,63,31.37,32.81,1634113844396,"2021-10-13T14:00:44+05:30"
31,47,62,31.36,32.83,1634113874962,"2021-10-13T14:01:14+05:30"
31,49,64,31.36,32.4,1634113905574,"2021-10-13T14:01:45+05:30"
31,48,62,31.35,32.51,1634113942862,"2021-10-13T14:02:22+05:30"
31,47,61,31.35,32.22,1634113966723,"2021-10-13T14:02:46+05:30"
32,48,62,31.38,31.51,1634113997291,"2021-10-13T14:03:17+05:30"
32,49,63,31.37,31.64,1634114027897,"2021-10-13T14:03:47+05:30"
32,48,64,31.33,32.63,1634114058705,"2021-10-13T14:04:18+05:30"
32,47,62,31.27,33.33,1634114089052,"2021-10-13T14:04:49+05:30"
32,48,62,31.25,33.58,1634114119617,"2021-10-13T14:05:19+05:30"
32,49,65,31.24,33.8,1634114150237,"2021-10-13T14:05:50+05:30"
32,47,61,31.22,33.87,1634114180815,"2021-10-13T14:06:20+05:30"
33,50,66,31.25,32.22,1634114211390,"2021-10-13T14:06:51+05:30"
31,48,62,31.26,33.46,1634114241945,"2021-10-13T14:07:21+05:30"
31,47,59,31.23,33.25,1634114272565,"2021-10-13T14:07:52+05:30"
32,49,62,31.23,33.06,1634114303150,"2021-10-13T14:08:23+05:30"
31,47,60,31.26,32.34,1634114333718,"2021-10-13T14:08:53+05:30"
30,47,59,31.31,31.74,1634114365573,"2021-10-13T14:09:25+05:30"
31,47,59,31.35,31.23,1634114395684,"2021-10-13T14:09:55+05:30"
30,47,62,31.44,29.77,1634114426233,"2021-10-13T14:10:26+05:30"
30,47,60,31.45,30.67,1634114456858,"2021-10-13T14:10:56+05:30"
30,46,58,31.4,31.72,1634114487485,"2021-10-13T14:11:27+05:30"
30,47,60,31.36,32.01,1634114518009,"2021-10-13T14:11:58+05:30"
30,47,61,31.37,30.99,1634114548574,"2021-10-13T14:12:28+05:30"
31,46,60,31.42,31.21,1634114618237,"2021-10-13T14:13:38+05:30"
37,56,70,29.63,38.24,1634126345171,"2021-10-13T17:29:05+05:30"
34,52,66,29.88,38.18,1634126355501,"2021-10-13T17:29:15+05:30"
34,53,68,30.04,38.45,1634126386072,"2021-10-13T17:29:46+05:30"
36,56,70,30.15,38.88,1634126416663,"2021-10-13T17:30:16+05:30"
34,51,66,30.31,35.69,1634126447231,"2021-10-13T17:30:47+05:30"
33,51,66,30.38,38.13,1634126477802,"2021-10-13T17:31:17+05:30"
35,54,69,30.39,38.98,1634126508393,"2021-10-13T17:31:48+05:30"
36,55,69,30.42,37.91,1634126538981,"2021-10-13T17:32:18+05:30"
36,55,69,30.47,37.14,1634126569553,"2021-10-13T17:32:49+05:30"
36,53,67,30.54,36.22,1634126600164,"2021-10-13T17:33:20+05:30"
72,103,114,30.54,38.58,1634126630738,"2021-10-13T17:33:50+05:30"
75,105,112,30.56,38,1634126661331,"2021-10-13T17:34:21+05:30"
88,123,131,30.61,37.59,1634126691900,"2021-10-13T17:34:51+05:30"
63,89,97,30.62,38.49,1634126722453,"2021-10-13T17:35:22+05:30"
58,82,90,30.63,38.59,1634126753049,"2021-10-13T17:35:53+05:30"
52,77,83,30.66,38.3,1634126783638,"2021-10-13T17:36:23+05:30"
51,74,80,30.67,38.51,1634126814215,"2021-10-13T17:36:54+05:30"
47,70,77,30.67,39.21,1634126844873,"2021-10-13T17:37:24+05:30"
49,71,80,30.63,40.03,1634126875439,"2021-10-13T17:37:55+05:30"
46,67,76,30.62,39.68,1634126906006,"2021-10-13T17:38:26+05:30"
44,66,75,30.63,39.94,1634126936610,"2021-10-13T17:38:56+05:30"
44,65,75,30.62,40.03,1634126967199,"2021-10-13T17:39:27+05:30"
41,60,74,30.65,38.96,1634126997786,"2021-10-13T17:39:57+05:30"
40,62,73,30.67,39.68,1634127028349,"2021-10-13T17:40:28+05:30"
41,61,72,30.68,38.93,1634127058939,"2021-10-13T17:40:58+05:30"
42,63,75,30.7,39.34,1634127089530,"2021-10-13T17:41:29+05:30"
39,59,71,30.69,39.12,1634127120133,"2021-10-13T17:42:00+05:30"
37,56,71,30.7,37.99,1634127150670,"2021-10-13T17:42:30+05:30"
38,54,71,30.71,38.41,1634127181274,"2021-10-13T17:43:01+05:30"
40,58,72,30.67,38.64,1634127211847,"2021-10-13T17:43:31+05:30"
40,60,74,30.66,38.59,1634127245108,"2021-10-13T17:44:05+05:30"
40,61,72,30.65,38.86,1634127275231,"2021-10-13T17:44:35+05:30"
39,58,72,30.63,39.54,1634127305776,"2021-10-13T17:45:05+05:30"
42,63,73,30.61,40.15,1634127336342,"2021-10-13T17:45:36+05:30"
41,61,74,30.61,39.61,1634127366943,"2021-10-13T17:46:06+05:30"
40,61,74,30.62,39.24,1634127397637,"2021-10-13T17:46:37+05:30"
40,59,72,30.64,39.04,1634127418586,"2021-10-13T17:46:58+05:30"
38,57,72,30.66,39.12,1634127449136,"2021-10-13T17:47:29+05:30"
37,58,72,30.65,39.38,1634127479750,"2021-10-13T17:47:59+05:30"
37,60,74,30.66,39.49,1634127510280,"2021-10-13T17:48:30+05:30"
36,55,69,30.69,38.65,1634127540885,"2021-10-13T17:49:00+05:30"
37,57,70,30.69,38.59,1634127571487,"2021-10-13T17:49:31+05:30"
36,56,70,30.69,38.69,1634127602053,"2021-10-13T17:50:02+05:30"
35,56,70,30.69,39.11,1634127632617,"2021-10-13T17:50:32+05:30"
36,54,70,30.66,38.96,1634127663213,"2021-10-13T17:51:03+05:30"
40,58,70,30.65,38.59,1634127693805,"2021-10-13T17:51:33+05:30"
38,60,73,30.65,38.92,1634127724384,"2021-10-13T17:52:04+05:30"
38,56,72,30.68,38.06,1634127754970,"2021-10-13T17:52:34+05:30"
39,58,73,30.67,38.4,1634127785539,"2021-10-13T17:53:05+05:30"
37,56,69,30.7,37.82,1634127816124,"2021-10-13T17:53:36+05:30"
35,55,68,30.72,37.37,1634127846727,"2021-10-13T17:54:06+05:30"
35,55,69,30.75,37.32,1634127877283,"2021-10-13T17:54:37+05:30"
35,56,70,30.74,37.8,1634127907896,"2021-10-13T17:55:07+05:30"
35,54,68,30.75,37,1634127938464,"2021-10-13T17:55:38+05:30"
35,52,67,30.74,37.47,1634127969061,"2021-10-13T17:56:09+05:30"
36,55,68,30.71,38.97,1634127999597,"2021-10-13T17:56:39+05:30"
35,52,67,30.67,39.64,1634128030199,"2021-10-13T17:57:10+05:30"
34,52,68,30.68,39,1634128060796,"2021-10-13T17:57:40+05:30"
34,53,68,30.67,39.6,1634128091373,"2021-10-13T17:58:11+05:30"
35,53,69,30.67,39.21,1634128122166,"2021-10-13T17:58:42+05:30"
33,51,66,30.69,38.34,1634128151170,"2021-10-13T17:59:11+05:30"
35,53,66,30.71,38.17,1634128181292,"2021-10-13T17:59:41+05:30"
35,54,70,30.73,38.26,1634128211881,"2021-10-13T18:00:11+05:30"
34,52,67,30.74,38.16,1634128242703,"2021-10-13T18:00:42+05:30"
34,53,68,30.73,38.74,1634128273014,"2021-10-13T18:01:13+05:30"
38,60,72,30.67,40.9,1634128303619,"2021-10-13T18:01:43+05:30"
37,57,70,30.63,41.33,1634128334216,"2021-10-13T18:02:14+05:30"
37,53,70,30.62,41.33,1634128364781,"2021-10-13T18:02:44+05:30"
37,56,71,30.66,41.45,1634128395394,"2021-10-13T18:03:15+05:30"
36,56,69,30.68,41.78,1634128425949,"2021-10-13T18:03:45+05:30"
37,58,71,30.64,42.1,1634128456540,"2021-10-13T18:04:16+05:30"
38,59,72,30.68,41.74,1634128487119,"2021-10-13T18:04:47+05:30"
39,62,75,30.71,41.41,1634128517681,"2021-10-13T18:05:17+05:30"
39,61,73,30.71,41.95,1634128548322,"2021-10-13T18:05:48+05:30"
37,57,71,30.7,42.59,1634128578904,"2021-10-13T18:06:18+05:30"
39,63,75,30.68,42.54,1634128609478,"2021-10-13T18:06:49+05:30"
37,60,73,30.67,40.58,1634128640085,"2021-10-13T18:07:20+05:30"
39,62,75,30.72,40.05,1634128670660,"2021-10-13T18:07:50+05:30"
41,62,75,30.73,40.62,1634128701236,"2021-10-13T18:08:21+05:30"
40,62,75,30.69,40.61,1634128731794,"2021-10-13T18:08:51+05:30"
42,68,77,30.67,40.06,1634128762376,"2021-10-13T18:09:22+05:30"
42,64,75,30.67,40.13,1634128792952,"2021-10-13T18:09:52+05:30"
48,72,80,30.66,38.04,1634128823583,"2021-10-13T18:10:23+05:30"
54,88,101,30.67,37,1634128854105,"2021-10-13T18:10:54+05:30"
51,82,93,30.69,38.06,1634128884690,"2021-10-13T18:11:24+05:30"
48,75,86,30.66,39.36,1634128915268,"2021-10-13T18:11:55+05:30"
48,77,91,30.65,39.45,1634128945874,"2021-10-13T18:12:25+05:30"
47,74,86,30.59,40.85,1634128976431,"2021-10-13T18:12:56+05:30"
47,76,86,30.53,40.8,1634129006999,"2021-10-13T18:13:26+05:30"
48,77,89,30.55,38.86,1634129037596,"2021-10-13T18:13:57+05:30"
49,79,89,30.57,40.06,1634129064806,"2021-10-13T18:14:24+05:30"
50,83,93,30.57,40.57,1634129095374,"2021-10-13T18:14:55+05:30"
52,83,97,30.5,41.73,1634129125936,"2021-10-13T18:15:25+05:30"
50,80,88,30.49,42.19,1634129156528,"2021-10-13T18:15:56+05:30"
52,82,93,30.47,42.59,1634129187123,"2021-10-13T18:16:27+05:30"
50,80,92,30.46,42.09,1634129217799,"2021-10-13T18:16:57+05:30"
49,79,93,30.45,41.67,1634129248345,"2021-10-13T18:17:28+05:30"
83,129,145,30.46,41.26,1634129278933,"2021-10-13T18:17:58+05:30"
76,121,141,30.46,41.08,1634129309559,"2021-10-13T18:18:29+05:30"
60,98,114,30.5,42.49,1634129340100,"2021-10-13T18:19:00+05:30"
58,90,104,30.52,42.7,1634129370694,"2021-10-13T18:19:30+05:30"
57,96,105,30.54,42.84,1634129401258,"2021-10-13T18:20:01+05:30"
58,93,105,30.56,42.89,1634129431827,"2021-10-13T18:20:31+05:30"
61,96,110,30.57,42.4,1634129462424,"2021-10-13T18:21:02+05:30"
61,97,111,30.58,41.8,1634129493334,"2021-10-13T18:21:33+05:30"
62,99,113,30.58,41.74,1634129523593,"2021-10-13T18:22:03+05:30"
62,101,113,30.58,42.04,1634129554152,"2021-10-13T18:22:34+05:30"
65,106,119,30.58,42.35,1634129584759,"2021-10-13T18:23:04+05:30"
72,116,134,30.6,42.65,1634129683780,"2021-10-13T18:24:43+05:30"
87,140,155,30.6,42.1,1634129703311,"2021-10-13T18:25:03+05:30"
72,114,128,30.53,43.23,1634129985763,"2021-10-13T18:29:45+05:30"
71,116,138,30.48,44.3,1634130159831,"2021-10-13T18:32:39+05:30"
70,115,133,30.48,43.98,1634130170117,"2021-10-13T18:32:50+05:30"
66,107,123,30.5,44.27,1634130283694,"2021-10-13T18:34:43+05:30"
64,102,113,30.39,43.91,1634130430078,"2021-10-13T18:37:10+05:30"
63,102,118,30.4,43.43,1634130440156,"2021-10-13T18:37:20+05:30"
68,107,124,30.38,43.87,1634130470647,"2021-10-13T18:37:50+05:30"
65,101,117,30.41,43.81,1634130957224,"2021-10-13T18:45:57+05:30"
70,112,128,30.38,44.1,1634130987684,"2021-10-13T18:46:27+05:30"
70,109,123,30.37,44.58,1634131018280,"2021-10-13T18:46:58+05:30"
67,107,120,30.4,44.59,1634131048916,"2021-10-13T18:47:28+05:30"
70,108,125,30.43,44.37,1634131079430,"2021-10-13T18:47:59+05:30"
68,109,123,30.44,44.12,1634131110025,"2021-10-13T18:48:30+05:30"
69,108,124,30.43,44.16,1634131140610,"2021-10-13T18:49:00+05:30"
72,115,129,30.41,44.72,1634131171276,"2021-10-13T18:49:31+05:30"
73,116,134,30.41,44.31,1634131201751,"2021-10-13T18:50:01+05:30"
74,116,129,30.4,44.52,1634131232336,"2021-10-13T18:50:32+05:30"
75,118,135,30.38,44.75,1634131263025,"2021-10-13T18:51:03+05:30"
78,120,136,30.4,45.33,1634131293503,"2021-10-13T18:51:33+05:30"
77,121,133,30.39,45.32,1634131324075,"2021-10-13T18:52:04+05:30"
78,124,146,30.38,45.07,1634131354776,"2021-10-13T18:52:34+05:30"
77,122,140,30.38,45.14,1634131385278,"2021-10-13T18:53:05+05:30"
76,122,135,30.37,44.52,1634131415885,"2021-10-13T18:53:35+05:30"
83,130,144,30.33,45.53,1634131446406,"2021-10-13T18:54:06+05:30"
84,131,151,30.27,45.72,1634131477006,"2021-10-13T18:54:37+05:30"
82,132,151,30.27,45.79,1634131507633,"2021-10-13T18:55:07+05:30"
80,125,144,30.29,45.56,1634131538159,"2021-10-13T18:55:38+05:30"
81,129,144,30.33,45.08,1634131568764,"2021-10-13T18:56:08+05:30"
78,124,142,30.36,44.35,1634131599336,"2021-10-13T18:56:39+05:30"
78,123,140,30.37,44.03,1634131629940,"2021-10-13T18:57:09+05:30"
77,118,134,30.39,44.53,1634131660497,"2021-10-13T18:57:40+05:30"
78,121,142,30.39,44.89,1634131691178,"2021-10-13T18:58:11+05:30"
81,126,141,30.38,45.42,1634131721677,"2021-10-13T18:58:41+05:30"
82,125,140,30.41,45.32,1634131752274,"2021-10-13T18:59:12+05:30"
80,128,150,30.42,44.73,1634131782840,"2021-10-13T18:59:42+05:30"
79,124,143,30.44,44.47,1634131813398,"2021-10-13T19:00:13+05:30"
80,126,144,30.45,44.21,1634131840805,"2021-10-13T19:00:40+05:30"
79,125,139,30.45,44.74,1634131871605,"2021-10-13T19:01:11+05:30"
81,129,144,30.43,45.11,1634131902399,"2021-10-13T19:01:42+05:30"
81,130,148,30.42,45.24,1634131933459,"2021-10-13T19:02:13+05:30"
80,128,142,30.43,45.07,1634131964007,"2021-10-13T19:02:44+05:30"
79,123,138,30.43,44.58,1634131994912,"2021-10-13T19:03:14+05:30"
78,122,140,30.44,44.91,1634132025191,"2021-10-13T19:03:45+05:30"
79,124,141,30.44,45.13,1634132055704,"2021-10-13T19:04:15+05:30"
81,128,143,30.43,45.11,1634132086288,"2021-10-13T19:04:46+05:30"
82,128,144,30.41,44.95,1634132116891,"2021-10-13T19:05:16+05:30"
82,125,142,30.39,45.49,1634132147460,"2021-10-13T19:05:47+05:30"
85,133,154,30.36,45.95,1634132178056,"2021-10-13T19:06:18+05:30"
82,132,145,30.38,45.96,1634132208803,"2021-10-13T19:06:48+05:30"
84,131,150,30.36,46.07,1634132239305,"2021-10-13T19:07:19+05:30"
81,129,150,30.34,46.49,1634132269877,"2021-10-13T19:07:49+05:30"
88,140,162,30.32,46.06,1634132300373,"2021-10-13T19:08:20+05:30"
89,144,168,30.31,46.27,1634132331009,"2021-10-13T19:08:51+05:30"
86,138,157,30.32,46.62,1634132361578,"2021-10-13T19:09:21+05:30"
85,137,157,30.34,46.75,1634132392098,"2021-10-13T19:09:52+05:30"
85,134,153,30.35,46.79,1634132422699,"2021-10-13T19:10:22+05:30"
84,131,149,30.36,46.69,1634132453245,"2021-10-13T19:10:53+05:30"
79,127,143,30.37,46.26,1634132483997,"2021-10-13T19:11:23+05:30"
78,123,141,30.37,46.21,1634132514423,"2021-10-13T19:11:54+05:30"
77,119,136,30.36,46.05,1634132545007,"2021-10-13T19:12:25+05:30"
79,126,141,30.34,45.82,1634132575583,"2021-10-13T19:12:55+05:30"
77,118,137,30.33,45.83,1634132606246,"2021-10-13T19:13:26+05:30"
77,120,132,30.29,45.56,1634132636862,"2021-10-13T19:13:56+05:30"
76,120,131,30.28,45.85,1634132667336,"2021-10-13T19:14:27+05:30"
76,117,130,30.29,46.05,1634132697915,"2021-10-13T19:14:57+05:30"
76,118,131,30.31,45.98,1634132728839,"2021-10-13T19:15:28+05:30"
77,118,128,30.33,46.1,1634132757741,"2021-10-13T19:15:57+05:30"
78,122,135,30.31,46.24,1634132788308,"2021-10-13T19:16:28+05:30"
76,119,135,30.3,46.32,1634132818898,"2021-10-13T19:16:58+05:30"
76,120,132,30.3,46.25,1634132849492,"2021-10-13T19:17:29+05:30"
76,119,137,30.31,46.18,1634132880059,"2021-10-13T19:18:00+05:30"
77,124,139,30.3,46.04,1634132910729,"2021-10-13T19:18:30+05:30"
78,123,141,30.3,46.05,1634132941252,"2021-10-13T19:19:01+05:30"
78,119,135,30.29,46.12,1634132971842,"2021-10-13T19:19:31+05:30"
79,125,139,30.27,45.92,1634133002392,"2021-10-13T19:20:02+05:30"
80,123,139,30.26,46.52,1634133033043,"2021-10-13T19:20:33+05:30"
81,124,140,30.23,46.54,1634133063629,"2021-10-13T19:21:03+05:30"
84,132,147,30.24,46.49,1634133094293,"2021-10-13T19:21:34+05:30"
84,130,145,30.27,46.59,1634133124849,"2021-10-13T19:22:04+05:30"
84,132,147,30.29,46.57,1634133155438,"2021-10-13T19:22:35+05:30"
84,130,147,30.29,46.54,1634133185993,"2021-10-13T19:23:05+05:30"
88,136,152,30.26,46.55,1634133216565,"2021-10-13T19:23:36+05:30"
96,149,172,30.25,46.83,1634133247163,"2021-10-13T19:24:07+05:30"
88,139,159,30.22,46.92,1634133277832,"2021-10-13T19:24:37+05:30"
87,136,152,30.25,47.03,1634133308316,"2021-10-13T19:25:08+05:30"
90,138,158,30.31,46.85,1634133338892,"2021-10-13T19:25:38+05:30"
93,147,164,30.33,46.88,1634133369486,"2021-10-13T19:26:09+05:30"
89,138,157,30.36,46.89,1634133400110,"2021-10-13T19:26:40+05:30"
86,137,155,30.34,47.05,1634133430852,"2021-10-13T19:27:10+05:30"
85,135,152,30.34,47.09,1634133461296,"2021-10-13T19:27:41+05:30"
82,130,144,30.32,47,1634133492059,"2021-10-13T19:28:12+05:30"
83,129,150,30.32,47.05,1634133522568,"2021-10-13T19:28:42+05:30"
81,125,143,30.32,47.08,1634133553084,"2021-10-13T19:29:13+05:30"
80,126,142,30.32,47.18,1634133583638,"2021-10-13T19:29:43+05:30"
84,131,148,30.34,47.19,1634133614434,"2021-10-13T19:30:14+05:30"
85,134,155,30.34,47.22,1634133640176,"2021-10-13T19:30:40+05:30"
85,135,156,30.33,47.15,1634133670750,"2021-10-13T19:31:10+05:30"
81,129,151,30.32,47.03,1634133701258,"2021-10-13T19:31:41+05:30"
81,127,145,30.33,47.04,1634133731830,"2021-10-13T19:32:11+05:30"
81,129,145,30.32,47.06,1634133762430,"2021-10-13T19:32:42+05:30"
80,132,154,30.24,47.49,1634133793239,"2021-10-13T19:33:13+05:30"
79,123,143,30.24,47.5,1634133823593,"2021-10-13T19:33:43+05:30"
80,128,146,30.21,47.87,1634133854157,"2021-10-13T19:34:14+05:30"
84,131,151,30.17,47.56,1634133884825,"2021-10-13T19:34:44+05:30"
83,128,147,30.16,47.05,1634133915351,"2021-10-13T19:35:15+05:30"
89,140,162,30.21,47.73,1634133945975,"2021-10-13T19:35:45+05:30"
87,136,157,30.25,48.41,1634133976618,"2021-10-13T19:36:16+05:30"
85,134,150,30.3,48.05,1634134007105,"2021-10-13T19:36:47+05:30"
86,136,149,30.33,48.03,1634134037671,"2021-10-13T19:37:17+05:30"
86,135,151,30.33,47.85,1634134068231,"2021-10-13T19:37:48+05:30"
85,135,151,30.33,47.98,1634134098797,"2021-10-13T19:38:18+05:30"
87,135,153,30.34,48.2,1634134129370,"2021-10-13T19:38:49+05:30"
95,149,162,30.34,48.21,1634134159975,"2021-10-13T19:39:19+05:30"
94,141,152,30.36,48.12,1634134190572,"2021-10-13T19:39:50+05:30"
93,149,166,30.36,48.6,1634134221126,"2021-10-13T19:40:21+05:30"
101,161,176,30.33,49.12,1634134251739,"2021-10-13T19:40:51+05:30"
102,159,174,30.35,49,1634134282289,"2021-10-13T19:41:22+05:30"
100,160,179,30.34,49.03,1634134312997,"2021-10-13T19:41:52+05:30"
95,151,166,30.31,49.07,1634134343475,"2021-10-13T19:42:23+05:30"
94,143,161,30.31,49.04,1634134374079,"2021-10-13T19:42:54+05:30"
95,146,166,30.32,49.09,1634134404719,"2021-10-13T19:43:24+05:30"
89,136,156,29.25,50.96,1634136664925,"2021-10-13T20:21:04+05:30"
85,134,157,29.3,50.72,1634136694762,"2021-10-13T20:21:34+05:30"
83,134,152,29.4,50.18,1634136725248,"2021-10-13T20:22:05+05:30"
87,141,159,29.54,49.84,1634136755720,"2021-10-13T20:22:35+05:30"
88,135,150,29.64,49.48,1634136786309,"2021-10-13T20:23:06+05:30"
86,131,150,29.77,49.39,1634136816854,"2021-10-13T20:23:36+05:30"
96,151,169,29.85,48.95,1634136847463,"2021-10-13T20:24:07+05:30"
105,159,185,29.89,48.53,1634136878038,"2021-10-13T20:24:38+05:30"
103,158,178,29.92,48.58,1634136908623,"2021-10-13T20:25:08+05:30"
100,156,180,29.98,48.78,1634136939196,"2021-10-13T20:25:39+05:30"
97,149,167,30.05,48.72,1634136969772,"2021-10-13T20:26:09+05:30"
92,143,160,30.11,48.41,1634137000334,"2021-10-13T20:26:40+05:30"
92,141,160,30.16,48.38,1634137030930,"2021-10-13T20:27:10+05:30"
88,138,154,30.2,48,1634137061502,"2021-10-13T20:27:41+05:30"
85,134,153,30.19,47.73,1634137092062,"2021-10-13T20:28:12+05:30"
80,128,146,30.19,48.24,1634137122662,"2021-10-13T20:28:42+05:30"
84,134,155,30.22,48.37,1634137153183,"2021-10-13T20:29:13+05:30"
82,128,147,30.2,48.11,1634137183764,"2021-10-13T20:29:43+05:30"
80,121,138,30.2,48.34,1634137214333,"2021-10-13T20:30:14+05:30"
75,117,134,30.18,46.31,1634137244914,"2021-10-13T20:30:44+05:30"
76,122,140,30.21,47.51,1634137275503,"2021-10-13T20:31:15+05:30"
78,119,136,30.25,47.13,1634137306044,"2021-10-13T20:31:46+05:30"
76,119,137,30.26,46.97,1634137336615,"2021-10-13T20:32:16+05:30"
79,122,137,30.24,47.32,1634137367261,"2021-10-13T20:32:47+05:30"
79,121,136,30.27,47.09,1634137397851,"2021-10-13T20:33:17+05:30"
80,125,140,30.24,46.63,1634137428399,"2021-10-13T20:33:48+05:30"
79,122,136,30.22,46.97,1634137459057,"2021-10-13T20:34:19+05:30"
84,130,149,30.22,47.19,1634137489533,"2021-10-13T20:34:49+05:30"
87,133,148,30.25,47.16,1634137520137,"2021-10-13T20:35:20+05:30"
89,136,149,30.26,46.75,1634137545422,"2021-10-13T20:35:45+05:30"
93,141,156,30.32,47.23,1634137576071,"2021-10-13T20:36:16+05:30"
105,168,192,30.45,47.16,1634137606648,"2021-10-13T20:36:46+05:30"
105,168,190,30.55,46.91,1634137637380,"2021-10-13T20:37:17+05:30"
112,180,199,30.6,46.88,1634137667826,"2021-10-13T20:37:47+05:30"
104,168,193,30.67,46.86,1634137698475,"2021-10-13T20:38:18+05:30"
96,155,172,30.63,46.37,1634137728992,"2021-10-13T20:38:48+05:30"
89,141,157,30.69,47.15,1634137759742,"2021-10-13T20:39:19+05:30"
97,156,177,30.73,46.84,1634137790140,"2021-10-13T20:39:50+05:30"
96,155,176,30.73,46.67,1634137820711,"2021-10-13T20:40:20+05:30"
91,143,168,30.72,46.58,1634137851319,"2021-10-13T20:40:51+05:30"
107,181,209,30.74,46.86,1634137881926,"2021-10-13T20:41:21+05:30"
115,197,235,30.78,46.78,1634137912456,"2021-10-13T20:41:52+05:30"
94,152,172,30.79,46.77,1634137943141,"2021-10-13T20:42:23+05:30"
87,139,161,30.76,46.6,1634137973631,"2021-10-13T20:42:53+05:30"
91,145,168,30.76,46.99,1634138004189,"2021-10-13T20:43:24+05:30"
89,145,171,30.77,46.7,1634138034780,"2021-10-13T20:43:54+05:30"
92,150,176,30.76,47.05,1634138065440,"2021-10-13T20:44:25+05:30"
94,149,173,30.8,47.08,1634138095938,"2021-10-13T20:44:55+05:30"
85,137,154,30.7,46.67,1634138126569,"2021-10-13T20:45:26+05:30"
82,133,154,30.56,47.18,1634138157098,"2021-10-13T20:45:57+05:30"
86,137,153,30.48,47.07,1634138187681,"2021-10-13T20:46:27+05:30"
88,141,163,30.45,47.13,1634138218278,"2021-10-13T20:46:58+05:30"
89,143,166,30.44,47.52,1634138248840,"2021-10-13T20:47:28+05:30"
91,141,159,30.38,47.84,1634138279434,"2021-10-13T20:47:59+05:30"
84,132,152,30.33,47.47,1634138309998,"2021-10-13T20:48:29+05:30"
86,140,162,30.35,48.11,1634138340582,"2021-10-13T20:49:00+05:30"
84,135,151,30.36,48.07,1634138371157,"2021-10-13T20:49:31+05:30"
83,134,155,30.36,48.24,1634138401757,"2021-10-13T20:50:01+05:30"
85,136,155,30.38,48.09,1634138432303,"2021-10-13T20:50:32+05:30"
82,132,150,30.4,47.78,1634138466255,"2021-10-13T20:51:06+05:30"
85,133,148,30.42,48.09,1634138496842,"2021-10-13T20:51:36+05:30"
84,133,148,30.41,47.97,1634138527586,"2021-10-13T20:52:07+05:30"
85,139,156,30.43,48.29,1634138557974,"2021-10-13T20:52:37+05:30"
87,140,159,30.41,48.23,1634138588542,"2021-10-13T20:53:08+05:30"
86,136,154,30.39,48.29,1634138619143,"2021-10-13T20:53:39+05:30"
84,135,154,30.39,48.18,1634138649700,"2021-10-13T20:54:09+05:30"
83,130,154,30.37,48.31,1634138680357,"2021-10-13T20:54:40+05:30"
83,130,148,30.37,48.19,1634138710912,"2021-10-13T20:55:10+05:30"
84,132,148,30.41,48.47,1634138741449,"2021-10-13T20:55:41+05:30"
85,134,153,30.39,47.91,1634138772054,"2021-10-13T20:56:12+05:30"
89,141,168,30.32,48.16,1634138802622,"2021-10-13T20:56:42+05:30"
85,138,160,30.29,48.64,1634138833295,"2021-10-13T20:57:13+05:30"
83,133,148,30.28,48.36,1634138863768,"2021-10-13T20:57:43+05:30"
83,132,149,30.26,48,1634138894364,"2021-10-13T20:58:14+05:30"
82,130,146,30.23,47.28,1634138925043,"2021-10-13T20:58:45+05:30"
82,129,144,30.24,47.71,1634138955535,"2021-10-13T20:59:15+05:30"
84,131,149,30.25,47.77,1634138986097,"2021-10-13T20:59:46+05:30"
84,139,163,30.19,47.46,1634139016669,"2021-10-13T21:00:16+05:30"
85,135,155,30.16,47.27,1634139047245,"2021-10-13T21:00:47+05:30"
83,133,152,30.16,47.63,1634139077850,"2021-10-13T21:01:17+05:30"
79,126,142,30.12,47.64,1634139108471,"2021-10-13T21:01:48+05:30"
81,125,141,30.14,48.06,1634139139001,"2021-10-13T21:02:19+05:30"
82,127,143,30.17,47.72,1634139169584,"2021-10-13T21:02:49+05:30"
80,126,141,30.16,48.12,1634139200150,"2021-10-13T21:03:20+05:30"
79,125,138,30.18,48.01,1634139230721,"2021-10-13T21:03:50+05:30"
86,136,157,30.17,48.1,1634139261307,"2021-10-13T21:04:21+05:30"
85,136,153,30.1,47.98,1634139291893,"2021-10-13T21:04:51+05:30"
82,128,146,30.06,47.73,1634139322468,"2021-10-13T21:05:22+05:30"
80,125,143,30.01,47.67,1634139347016,"2021-10-13T21:05:47+05:30"
82,129,148,29.99,47.55,1634139377295,"2021-10-13T21:06:17+05:30"
79,127,150,29.98,47.6,1634139407862,"2021-10-13T21:06:47+05:30"
79,120,143,29.98,47.9,1634139438450,"2021-10-13T21:07:18+05:30"
81,126,144,30,47.93,1634139469044,"2021-10-13T21:07:49+05:30"
76,121,138,30.01,47.81,1634139499615,"2021-10-13T21:08:19+05:30"
76,121,140,30.04,47.66,1634139530205,"2021-10-13T21:08:50+05:30"
77,124,146,30.06,47.72,1634139560795,"2021-10-13T21:09:20+05:30"
76,125,140,30.08,47.74,1634139591536,"2021-10-13T21:09:51+05:30"
82,130,144,30.1,47.68,1634139621938,"2021-10-13T21:10:21+05:30"
86,137,158,30.08,47.58,1634139652509,"2021-10-13T21:10:52+05:30"
83,131,145,30.08,47.9,1634139683085,"2021-10-13T21:11:23+05:30"
84,131,148,30.06,47.98,1634139713683,"2021-10-13T21:11:53+05:30"
83,132,152,30.12,48.12,1634139744257,"2021-10-13T21:12:24+05:30"
82,134,155,30.13,47.87,1634139774827,"2021-10-13T21:12:54+05:30"
81,128,148,30.15,47.83,1634139805408,"2021-10-13T21:13:25+05:30"
81,129,146,30.14,47.86,1634139836076,"2021-10-13T21:13:56+05:30"
80,128,148,30.18,48.06,1634139866672,"2021-10-13T21:14:26+05:30"
79,126,142,30.17,47.77,1634139897314,"2021-10-13T21:14:57+05:30"
80,125,140,30.14,47.85,1634139927824,"2021-10-13T21:15:27+05:30"
81,128,146,30.17,47.8,1634139958402,"2021-10-13T21:15:58+05:30"
89,146,167,30.19,47.76,1634139988992,"2021-10-13T21:16:28+05:30"
211,379,418,30.17,47.49,1634140019582,"2021-10-13T21:16:59+05:30"
167,273,304,30.13,47.11,1634140050176,"2021-10-13T21:17:30+05:30"
165,265,291,30.17,47.42,1634140080747,"2021-10-13T21:18:00+05:30"
161,250,274,30.16,46.92,1634140111326,"2021-10-13T21:18:31+05:30"
157,245,271,30.08,47.4,1634140141911,"2021-10-13T21:19:01+05:30"
142,226,250,30.06,47.71,1634140172547,"2021-10-13T21:19:32+05:30"
132,208,235,30.07,47.66,1634140203071,"2021-10-13T21:20:03+05:30"
120,190,208,30.08,47.69,1634140233639,"2021-10-13T21:20:33+05:30"
107,174,197,30.08,47.55,1634140266017,"2021-10-13T21:21:06+05:30"
101,158,177,30.09,47.47,1634140296589,"2021-10-13T21:21:36+05:30"
97,152,168,30.1,47.57,1634140327161,"2021-10-13T21:22:07+05:30"
92,146,165,30.08,47.72,1634140357749,"2021-10-13T21:22:37+05:30"
86,134,151,30.06,47.57,1634140388334,"2021-10-13T21:23:08+05:30"
79,128,145,30.02,47.39,1634140418913,"2021-10-13T21:23:38+05:30"