"pm1_0","pm2_5","pm10","temp","humid","createdAt","localtime"
287,608,716,26.84,61.34,1634958839078,"2021-10-23T08:43:59+05:30"
202,366,427,26.89,61.04,1634958869698,"2021-10-23T08:44:29+05:30"
159,261,299,26.92,60.69,1634958900207,"2021-10-23T08:45:00+05:30"
152,256,289,26.91,60.34,1634958930859,"2021-10-23T08:45:30+05:30"
214,425,503,26.93,60.86,1634958961453,"2021-10-23T08:46:01+05:30"
232,488,580,26.98,60.97,1634958992173,"2021-10-23T08:46:32+05:30"
201,389,454,27.05,61.25,1634959026119,"2021-10-23T08:47:06+05:30"
197,387,456,27.1,60.85,1634959045239,"2021-10-23T08:47:25+05:30"
215,441,524,27.08,60.58,1634959075833,"2021-10-23T08:47:55+05:30"
257,654,813,27.14,60.91,1634959106423,"2021-10-23T08:48:26+05:30"
187,429,529,27.06,60.08,1634959137037,"2021-10-23T08:48:57+05:30"
248,636,818,27.11,60.81,1634959167603,"2021-10-23T08:49:27+05:30"
274,860,1140,27.21,60.72,1634959198241,"2021-10-23T08:49:58+05:30"
268,972,1331,27.3,60.39,1634959228808,"2021-10-23T08:50:28+05:30"
256,855,1195,27.35,59.99,1634959259427,"2021-10-23T08:50:59+05:30"
253,771,1011,27.39,60.03,1634959289993,"2021-10-23T08:51:29+05:30"
255,752,1003,27.44,59.84,1634959320585,"2021-10-23T08:52:00+05:30"
240,628,802,27.37,59.49,1634959351180,"2021-10-23T08:52:31+05:30"
232,594,751,27.33,59.74,1634959381750,"2021-10-23T08:53:01+05:30"
239,606,763,27.33,60,1634959412351,"2021-10-23T08:53:32+05:30"
222,500,624,27.36,60.21,1634959442993,"2021-10-23T08:54:02+05:30"
257,918,1260,27.42,60.3,1634959473544,"2021-10-23T08:54:33+05:30"
240,1211,107,27.46,60.1,1634959504270,"2021-10-23T08:55:04+05:30"
41,59,73,27.29,58.33,1634973499161,"2021-10-23T12:48:19+05:30"
42,63,73,27.54,58.13,1634973529705,"2021-10-23T12:48:49+05:30"
44,68,78,27.8,57.72,1634973560296,"2021-10-23T12:49:20+05:30"
39,59,72,28.02,55.26,1634973591009,"2021-10-23T12:49:51+05:30"
39,59,72,28.25,55.41,1634973621443,"2021-10-23T12:50:21+05:30"
39,62,73,28.44,54.54,1634973652028,"2021-10-23T12:50:52+05:30"
39,57,71,28.54,54.52,1634973682599,"2021-10-23T12:51:22+05:30"
37,56,70,28.55,54.14,1634973713164,"2021-10-23T12:51:53+05:30"
37,57,70,28.59,54.65,1634973743774,"2021-10-23T12:52:23+05:30"
37,57,71,28.57,54.29,1634973774441,"2021-10-23T12:52:54+05:30"
37,57,70,28.62,54.77,1634973804980,"2021-10-23T12:53:24+05:30"
37,56,71,28.64,55.14,1634973835497,"2021-10-23T12:53:55+05:30"
38,57,70,28.66,54.64,1634973866103,"2021-10-23T12:54:26+05:30"
32,49,62,28.69,51.41,1634973896878,"2021-10-23T12:54:56+05:30"
32,48,62,28.74,50.45,1634973927266,"2021-10-23T12:55:27+05:30"
32,48,62,28.79,50.06,1634973957868,"2021-10-23T12:55:57+05:30"
31,47,59,28.84,49.15,1634973988452,"2021-10-23T12:56:28+05:30"
31,45,58,28.9,49.68,1634974019014,"2021-10-23T12:56:59+05:30"
29,43,52,28.94,47.22,1634974049568,"2021-10-23T12:57:29+05:30"
29,43,54,28.98,47.35,1634974080170,"2021-10-23T12:58:00+05:30"
28,41,50,29.08,46.6,1634974110718,"2021-10-23T12:58:30+05:30"
28,43,53,29.13,47.52,1634974141262,"2021-10-23T12:59:01+05:30"
30,44,56,29.11,48.14,1634974171917,"2021-10-23T12:59:31+05:30"
30,46,58,29.05,49.06,1634974202541,"2021-10-23T13:00:02+05:30"
31,46,58,29.01,49.08,1634974233127,"2021-10-23T13:00:33+05:30"
31,47,58,28.97,50.01,1634974263718,"2021-10-23T13:01:03+05:30"
31,47,60,28.99,50.37,1634974294355,"2021-10-23T13:01:34+05:30"
30,46,58,29.01,50.46,1634974324823,"2021-10-23T13:02:04+05:30"
31,47,59,28.98,50.8,1634974355416,"2021-10-23T13:02:35+05:30"
30,47,59,28.96,50.89,1634974380741,"2021-10-23T13:03:00+05:30"
30,45,57,28.89,49.88,1634974411696,"2021-10-23T13:03:31+05:30"
30,47,58,28.91,50.31,1634974442065,"2021-10-23T13:04:02+05:30"
31,48,59,28.99,51.12,1634974472957,"2021-10-23T13:04:32+05:30"
30,45,57,29.02,51.51,1634974503730,"2021-10-23T13:05:03+05:30"
30,44,57,29.03,48.59,1634974534447,"2021-10-23T13:05:34+05:30"
30,45,59,29.09,47.65,1634974564955,"2021-10-23T13:06:04+05:30"
29,45,59,29.06,48.41,1634974595536,"2021-10-23T13:06:35+05:30"
30,46,61,29.04,51.16,1634974626106,"2021-10-23T13:07:06+05:30"
29,45,56,29.01,49.91,1634974656849,"2021-10-23T13:07:36+05:30"
30,44,57,28.98,49.82,1634974687279,"2021-10-23T13:08:07+05:30"
28,44,55,29.05,49.73,1634974717867,"2021-10-23T13:08:37+05:30"
28,44,56,29.08,49.31,1634974748439,"2021-10-23T13:09:08+05:30"
28,42,52,29.07,49.41,1634974779006,"2021-10-23T13:09:39+05:30"
29,43,54,29.13,50.49,1634974809874,"2021-10-23T13:10:09+05:30"
30,45,55,29.15,49.81,1634974840187,"2021-10-23T13:10:40+05:30"
30,44,53,29.08,47.76,1634974870895,"2021-10-23T13:11:10+05:30"
30,45,57,29.02,48.51,1634974901330,"2021-10-23T13:11:41+05:30"
29,45,55,29.03,48.52,1634974931984,"2021-10-23T13:12:11+05:30"
30,45,58,29.04,49.06,1634974962514,"2021-10-23T13:12:42+05:30"
34,52,65,29.07,49.2,1634974993093,"2021-10-23T13:13:13+05:30"
33,49,63,29.08,48.95,1634975023771,"2021-10-23T13:13:43+05:30"
30,45,56,29.08,47.75,1634975054340,"2021-10-23T13:14:14+05:30"
28,42,51,29.07,47.03,1634975084937,"2021-10-23T13:14:44+05:30"
27,42,51,29.13,46.09,1634975115534,"2021-10-23T13:15:15+05:30"
28,43,53,29.14,48.25,1634975146543,"2021-10-23T13:15:46+05:30"
30,46,58,29.15,49.77,1634975176988,"2021-10-23T13:16:16+05:30"
30,46,56,29.16,49.95,1634975207705,"2021-10-23T13:16:47+05:30"
36,55,67,29.18,47.61,1634975238296,"2021-10-23T13:17:18+05:30"
30,45,57,29.25,44.95,1634975268882,"2021-10-23T13:17:48+05:30"
28,43,54,29.21,45.75,1634975299663,"2021-10-23T13:18:19+05:30"
29,44,54,29.2,46.86,1634975330024,"2021-10-23T13:18:50+05:30"
30,44,57,29.22,47.32,1634975360607,"2021-10-23T13:19:20+05:30"
31,46,58,29.2,47.37,1634975391163,"2021-10-23T13:19:51+05:30"
31,47,60,29.15,48.6,1634975421937,"2021-10-23T13:20:21+05:30"
32,48,60,29.17,49.31,1634975452334,"2021-10-23T13:20:52+05:30"
32,48,59,29.15,48.74,1634975482904,"2021-10-23T13:21:22+05:30"
32,47,59,29.11,49.37,1634975513487,"2021-10-23T13:21:53+05:30"
33,50,64,28.98,50.36,1634975544065,"2021-10-23T13:22:24+05:30"
33,50,64,28.93,50.85,1634975574716,"2021-10-23T13:22:54+05:30"
33,50,63,28.84,51.41,1634975605335,"2021-10-23T13:23:25+05:30"
32,50,62,28.88,51.52,1634975635898,"2021-10-23T13:23:55+05:30"
32,48,59,28.94,51.45,1634975666477,"2021-10-23T13:24:26+05:30"
33,48,60,29.01,51.12,1634975697494,"2021-10-23T13:24:57+05:30"
33,49,61,29.01,51.06,1634975727679,"2021-10-23T13:25:27+05:30"
32,50,64,29.05,51.62,1634975758245,"2021-10-23T13:25:58+05:30"
34,51,65,29.09,51.77,1634975788822,"2021-10-23T13:26:28+05:30"
34,53,66,29.14,51.56,1634975819526,"2021-10-23T13:26:59+05:30"
38,59,72,29.18,51.55,1634975850007,"2021-10-23T13:27:30+05:30"
37,58,70,29.24,50.95,1634975880579,"2021-10-23T13:28:00+05:30"
35,55,69,29.24,48.91,1634975911176,"2021-10-23T13:28:31+05:30"
33,51,64,29.24,48.4,1634975941747,"2021-10-23T13:29:01+05:30"
33,50,64,29.16,49.25,1634975972316,"2021-10-23T13:29:32+05:30"
35,55,69,29.18,50.33,1634976002890,"2021-10-23T13:30:02+05:30"
34,52,66,29.12,50.7,1634976033474,"2021-10-23T13:30:33+05:30"
35,52,68,29.02,51.55,1634976064065,"2021-10-23T13:31:04+05:30"
37,56,70,28.98,52.11,1634976094658,"2021-10-23T13:31:34+05:30"
35,54,67,29.01,51.14,1634976125242,"2021-10-23T13:32:05+05:30"
33,51,65,29.07,50.34,1634976155788,"2021-10-23T13:32:35+05:30"
34,51,67,29.07,49.88,1634976183039,"2021-10-23T13:33:03+05:30"
32,48,63,29.1,50.32,1634976213452,"2021-10-23T13:33:33+05:30"
31,49,64,29.03,50.51,1634976244250,"2021-10-23T13:34:04+05:30"
33,51,64,29.01,50.81,1634976275053,"2021-10-23T13:34:35+05:30"
32,50,64,29.03,50.71,1634976306298,"2021-10-23T13:35:06+05:30"
31,46,57,29.04,50.28,1634976336404,"2021-10-23T13:35:36+05:30"
32,49,62,29.09,50.76,1634976366987,"2021-10-23T13:36:06+05:30"
32,48,61,29.08,49.65,1634976397909,"2021-10-23T13:36:37+05:30"
31,46,60,29.06,50.49,1634976428856,"2021-10-23T13:37:08+05:30"
31,46,60,29.07,50.43,1634976459405,"2021-10-23T13:37:39+05:30"
31,46,58,29.13,50.39,1634976490103,"2021-10-23T13:38:10+05:30"
29,44,55,29.16,50.22,1634976520975,"2021-10-23T13:38:40+05:30"
30,45,58,29.17,49.63,1634976551609,"2021-10-23T13:39:11+05:30"
31,48,61,29.11,49.81,1634976582220,"2021-10-23T13:39:42+05:30"
30,46,57,29.08,50.56,1634976612832,"2021-10-23T13:40:12+05:30"
30,44,56,29.09,49.87,1634976643383,"2021-10-23T13:40:43+05:30"
30,45,58,29.02,49.69,1634976673959,"2021-10-23T13:41:13+05:30"
30,46,57,28.92,50.83,1634976704817,"2021-10-23T13:41:44+05:30"
30,44,54,28.8,51.4,1634976735199,"2021-10-23T13:42:15+05:30"
30,44,54,28.83,51.55,1634976765780,"2021-10-23T13:42:45+05:30"
30,45,57,28.8,51.27,1634976796357,"2021-10-23T13:43:16+05:30"
30,45,57,28.8,51.86,1634976826943,"2021-10-23T13:43:46+05:30"
31,47,59,28.83,52.32,1634976857503,"2021-10-23T13:44:17+05:30"
33,51,64,28.82,52.26,1634976888096,"2021-10-23T13:44:48+05:30"
32,49,63,28.84,52.79,1634976918695,"2021-10-23T13:45:18+05:30"
33,49,62,28.83,53.08,1634976949261,"2021-10-23T13:45:49+05:30"
33,50,63,28.82,53.33,1634976979828,"2021-10-23T13:46:19+05:30"
32,47,61,28.85,53.21,1634977010399,"2021-10-23T13:46:50+05:30"
33,49,63,28.81,53.29,1634977040980,"2021-10-23T13:47:20+05:30"
33,49,64,28.66,53.75,1634977071586,"2021-10-23T13:47:51+05:30"
33,50,66,28.61,54.07,1634977101778,"2021-10-23T13:48:21+05:30"
33,49,62,28.57,54.26,1634977131998,"2021-10-23T13:48:51+05:30"
32,49,62,28.58,54.91,1634977162643,"2021-10-23T13:49:22+05:30"
32,49,62,28.66,54.57,1634977193582,"2021-10-23T13:49:53+05:30"
34,49,62,28.62,54.36,1634977223927,"2021-10-23T13:50:23+05:30"
33,49,62,28.72,54.41,1634977254518,"2021-10-23T13:50:54+05:30"
32,48,60,28.7,53.67,1634977285098,"2021-10-23T13:51:25+05:30"
32,47,60,28.59,54.15,1634977315651,"2021-10-23T13:51:55+05:30"
31,46,59,28.65,54.3,1634977346349,"2021-10-23T13:52:26+05:30"
31,47,60,28.61,52.74,1634977376856,"2021-10-23T13:52:56+05:30"
31,47,59,28.59,52.96,1634977407433,"2021-10-23T13:53:27+05:30"
32,47,60,28.66,53.76,1634977437983,"2021-10-23T13:53:57+05:30"
31,47,59,28.68,54.5,1634977468577,"2021-10-23T13:54:28+05:30"
31,46,59,28.72,54.65,1634977499173,"2021-10-23T13:54:59+05:30"
34,49,60,28.73,54.29,1634977529780,"2021-10-23T13:55:29+05:30"
36,52,66,28.66,54.01,1634977560312,"2021-10-23T13:56:00+05:30"
38,53,68,28.58,53.23,1634977590942,"2021-10-23T13:56:30+05:30"
34,50,64,28.61,51.3,1634977621512,"2021-10-23T13:57:01+05:30"
31,46,58,28.74,50.07,1634977652088,"2021-10-23T13:57:32+05:30"
33,48,61,28.87,50.64,1634977682642,"2021-10-23T13:58:02+05:30"
32,47,61,28.9,50.27,1634977713249,"2021-10-23T13:58:33+05:30"
31,46,58,28.89,51.76,1634977744077,"2021-10-23T13:59:04+05:30"
32,47,59,28.98,52.85,1634977774407,"2021-10-23T13:59:34+05:30"
32,47,60,28.98,51.88,1634977805071,"2021-10-23T14:00:05+05:30"
31,47,60,29.01,52.25,1634977836019,"2021-10-23T14:00:36+05:30"
32,48,61,28.88,51.53,1634977866216,"2021-10-23T14:01:06+05:30"
33,50,62,28.84,52.96,1634977896857,"2021-10-23T14:01:36+05:30"
32,48,60,28.94,53.1,1634977927402,"2021-10-23T14:02:07+05:30"
32,48,59,28.95,51.89,1634977957970,"2021-10-23T14:02:37+05:30"
33,50,63,28.96,52.52,1634977985639,"2021-10-23T14:03:05+05:30"
32,49,62,28.99,52.57,1634978016191,"2021-10-23T14:03:36+05:30"
33,49,61,28.95,52.46,1634978046744,"2021-10-23T14:04:06+05:30"
32,48,62,28.93,53.11,1634978077477,"2021-10-23T14:04:37+05:30"
33,49,62,28.89,53.15,1634978108019,"2021-10-23T14:05:08+05:30"
32,48,60,28.83,52.14,1634978138619,"2021-10-23T14:05:38+05:30"
31,47,59,28.93,53.52,1634978169205,"2021-10-23T14:06:09+05:30"
32,48,61,28.98,52.47,1634978199775,"2021-10-23T14:06:39+05:30"
30,46,58,29.06,51.71,1634978230347,"2021-10-23T14:07:10+05:30"
30,45,58,29.12,51.12,1634978260956,"2021-10-23T14:07:40+05:30"
31,47,60,29.13,51.01,1634978291688,"2021-10-23T14:08:11+05:30"
31,46,57,29.14,51.84,1634978322117,"2021-10-23T14:08:42+05:30"
30,45,57,29.18,52.05,1634978352680,"2021-10-23T14:09:12+05:30"
31,46,57,29.2,51.23,1634978383305,"2021-10-23T14:09:43+05:30"
31,46,58,29.18,50.94,1634978414125,"2021-10-23T14:10:14+05:30"
30,45,55,29.15,50.78,1634978444447,"2021-10-23T14:10:44+05:30"
30,45,55,29.11,49.17,1634978475250,"2021-10-23T14:11:15+05:30"
31,45,58,29.14,50.77,1634978505764,"2021-10-23T14:11:45+05:30"
29,43,56,29.19,48.13,1634978536329,"2021-10-23T14:12:16+05:30"
30,45,57,29.29,47.92,1634978567252,"2021-10-23T14:12:47+05:30"
31,48,65,29.29,48.84,1634978597466,"2021-10-23T14:13:17+05:30"
30,48,63,29.23,48.6,1634978628181,"2021-10-23T14:13:48+05:30"
31,48,62,29.15,49.72,1634978658659,"2021-10-23T14:14:18+05:30"
30,45,59,29.07,49.17,1634978689225,"2021-10-23T14:14:49+05:30"
31,46,59,29.07,50.06,1634978719792,"2021-10-23T14:15:19+05:30"
33,49,65,29.11,51.1,1634978750503,"2021-10-23T14:15:50+05:30"
32,50,65,29.06,51.76,1634978780992,"2021-10-23T14:16:20+05:30"
32,50,65,28.98,52.14,1634978811552,"2021-10-23T14:16:51+05:30"
33,50,64,28.87,52.13,1634978842121,"2021-10-23T14:17:22+05:30"
32,48,61,28.92,52.09,1634978872714,"2021-10-23T14:17:52+05:30"
31,46,59,29,50.52,1634978901929,"2021-10-23T14:18:21+05:30"
31,48,61,29.07,50.06,1634978932184,"2021-10-23T14:18:52+05:30"
31,47,60,29.15,52.02,1634978962754,"2021-10-23T14:19:22+05:30"
31,47,59,29.18,52.15,1634978993339,"2021-10-23T14:19:53+05:30"
33,49,63,29.1,52.21,1634979024185,"2021-10-23T14:20:24+05:30"
32,48,61,29.08,52.46,1634979054494,"2021-10-23T14:20:54+05:30"
32,49,62,29.02,52.86,1634979085152,"2021-10-23T14:21:25+05:30"
34,50,64,29.06,53.41,1634979115714,"2021-10-23T14:21:55+05:30"
37,53,68,29.12,54.28,1634979146226,"2021-10-23T14:22:26+05:30"
38,55,69,29.08,53.84,1634979176877,"2021-10-23T14:22:56+05:30"
35,52,66,29.05,53.74,1634979207444,"2021-10-23T14:23:27+05:30"
34,50,64,29.16,53.79,1634979238062,"2021-10-23T14:23:58+05:30"
34,50,63,29.26,53.42,1634979268654,"2021-10-23T14:24:28+05:30"
33,48,60,29.31,53.39,1634979299215,"2021-10-23T14:24:59+05:30"
32,47,60,29.36,52.32,1634979329805,"2021-10-23T14:25:29+05:30"
31,48,61,29.41,52.31,1634979360421,"2021-10-23T14:26:00+05:30"
33,48,62,29.39,51.5,1634979390976,"2021-10-23T14:26:30+05:30"
34,49,61,29.36,50.76,1634979421570,"2021-10-23T14:27:01+05:30"
33,50,63,29.44,49.11,1634979452116,"2021-10-23T14:27:32+05:30"
33,50,62,29.45,49.16,1634979482736,"2021-10-23T14:28:02+05:30"
32,49,63,29.47,51.37,1634979513311,"2021-10-23T14:28:33+05:30"
34,51,64,29.46,50.54,1634979543981,"2021-10-23T14:29:03+05:30"
37,54,67,29.41,49.39,1634979574464,"2021-10-23T14:29:34+05:30"
35,53,66,29.39,51.09,1634979605074,"2021-10-23T14:30:05+05:30"
34,52,66,29.31,51.9,1634979635632,"2021-10-23T14:30:35+05:30"
36,54,67,29.23,52.23,1634979666220,"2021-10-23T14:31:06+05:30"
35,52,65,29.24,52.75,1634979696784,"2021-10-23T14:31:36+05:30"
38,56,69,29.16,51.57,1634979727377,"2021-10-23T14:32:07+05:30"
35,53,67,29.21,52.45,1634979758008,"2021-10-23T14:32:38+05:30"
35,51,65,29.29,52.65,1634979782440,"2021-10-23T14:33:02+05:30"
33,49,64,29.25,49.71,1634979812721,"2021-10-23T14:33:32+05:30"
34,49,61,29.22,50.36,1634979843283,"2021-10-23T14:34:03+05:30"
34,50,63,29.31,51.59,1634979873854,"2021-10-23T14:34:33+05:30"
34,51,65,29.34,50.81,1634979904487,"2021-10-23T14:35:04+05:30"
34,49,61,29.37,51.15,1634979935040,"2021-10-23T14:35:35+05:30"
34,52,65,29.43,52.23,1634979965632,"2021-10-23T14:36:05+05:30"
34,51,64,29.42,49.54,1634979996182,"2021-10-23T14:36:36+05:30"
34,50,62,29.45,50.96,1634980026774,"2021-10-23T14:37:06+05:30"
34,51,63,29.42,49.35,1634980057377,"2021-10-23T14:37:37+05:30"
36,52,65,29.45,47.48,1634980087945,"2021-10-23T14:38:07+05:30"
35,52,66,29.48,49.09,1634980118511,"2021-10-23T14:38:38+05:30"
34,52,65,29.52,50.36,1634980149110,"2021-10-23T14:39:09+05:30"
41,59,70,29.52,49.24,1634980179787,"2021-10-23T14:39:39+05:30"
38,53,67,29.55,49.62,1634980210279,"2021-10-23T14:40:10+05:30"
37,55,68,29.55,49.96,1634980240832,"2021-10-23T14:40:40+05:30"
36,54,68,29.58,50.29,1634980271436,"2021-10-23T14:41:11+05:30"
35,52,65,29.6,50.4,1634980302041,"2021-10-23T14:41:42+05:30"
36,52,66,29.56,50.44,1634980332597,"2021-10-23T14:42:12+05:30"
37,54,65,29.44,49.87,1634980363170,"2021-10-23T14:42:43+05:30"
36,53,66,29.45,50.87,1634980393767,"2021-10-23T14:43:13+05:30"
36,52,65,29.44,50.24,1634980424354,"2021-10-23T14:43:44+05:30"
34,51,64,29.48,50.67,1634980454929,"2021-10-23T14:44:14+05:30"
37,53,66,29.45,50.56,1634980485521,"2021-10-23T14:44:45+05:30"
35,51,64,29.47,51.41,1634980516070,"2021-10-23T14:45:16+05:30"
33,47,59,28.27,55.27,1634985016853,"2021-10-23T16:00:16+05:30"
32,48,60,28.37,53.25,1634985029136,"2021-10-23T16:00:29+05:30"
31,47,60,28.43,53.33,1634985057894,"2021-10-23T16:00:57+05:30"
33,50,63,28.44,54.62,1634985088474,"2021-10-23T16:01:28+05:30"
34,50,64,28.41,55.13,1634985119045,"2021-10-23T16:01:59+05:30"
34,52,67,28.38,55.57,1634985149612,"2021-10-23T16:02:29+05:30"
34,52,67,28.39,55.94,1634985180241,"2021-10-23T16:03:00+05:30"
35,54,68,28.42,56.96,1634985210809,"2021-10-23T16:03:30+05:30"
37,56,71,28.42,55.57,1634985239373,"2021-10-23T16:03:59+05:30"
35,52,68,28.44,56.04,1634985269910,"2021-10-23T16:04:29+05:30"
36,55,71,28.45,54.44,1634985300828,"2021-10-23T16:05:00+05:30"
36,54,69,28.47,55.16,1634985331415,"2021-10-23T16:05:31+05:30"
35,52,66,28.52,57.36,1634985362007,"2021-10-23T16:06:02+05:30"
34,51,65,28.54,53.97,1634985392582,"2021-10-23T16:06:32+05:30"
33,49,64,28.58,55.07,1634985423292,"2021-10-23T16:07:03+05:30"
34,50,65,28.63,56.08,1634985453743,"2021-10-23T16:07:33+05:30"
33,51,65,28.65,56.56,1634985484324,"2021-10-23T16:08:04+05:30"
34,50,65,28.66,55.41,1634985515439,"2021-10-23T16:08:35+05:30"
33,50,64,28.69,55.37,1634985545575,"2021-10-23T16:09:05+05:30"
34,51,65,28.71,54.61,1634985576148,"2021-10-23T16:09:36+05:30"
33,50,64,28.71,51.87,1634985606764,"2021-10-23T16:10:06+05:30"
33,49,64,28.67,53.71,1634985637340,"2021-10-23T16:10:37+05:30"
32,48,60,28.7,51.95,1634985667903,"2021-10-23T16:11:07+05:30"
33,50,63,28.73,53.58,1634985698479,"2021-10-23T16:11:38+05:30"
33,49,63,28.73,53.69,1634985729079,"2021-10-23T16:12:09+05:30"
32,48,61,28.73,53.3,1634985759658,"2021-10-23T16:12:39+05:30"
32,48,62,28.79,54.29,1634985790234,"2021-10-23T16:13:10+05:30"
31,48,61,28.77,53.23,1634985820805,"2021-10-23T16:13:40+05:30"
32,49,61,28.72,53.03,1634985851413,"2021-10-23T16:14:11+05:30"
32,50,64,28.72,54.16,1634985881999,"2021-10-23T16:14:41+05:30"
31,47,60,28.6,54.42,1634985912583,"2021-10-23T16:15:12+05:30"
33,48,60,28.62,54.77,1634985943135,"2021-10-23T16:15:43+05:30"
32,50,63,28.62,54.39,1634985973984,"2021-10-23T16:16:13+05:30"
32,47,61,28.67,54.95,1634986004339,"2021-10-23T16:16:44+05:30"
31,48,62,28.7,54.83,1634986034933,"2021-10-23T16:17:14+05:30"
32,49,63,28.75,54.49,1634986065465,"2021-10-23T16:17:45+05:30"
32,49,62,28.74,54.22,1634986096083,"2021-10-23T16:18:16+05:30"
31,47,61,28.75,54.11,1634986126671,"2021-10-23T16:18:46+05:30"
32,48,61,28.77,54.13,1634986158773,"2021-10-23T16:19:18+05:30"
32,47,61,28.77,53.21,1634986189336,"2021-10-23T16:19:49+05:30"
32,48,61,28.76,53.88,1634986219933,"2021-10-23T16:20:19+05:30"
32,48,60,28.76,52.86,1634986250476,"2021-10-23T16:20:50+05:30"
32,49,64,28.76,53.42,1634986281078,"2021-10-23T16:21:21+05:30"
32,49,61,28.79,54.1,1634986311653,"2021-10-23T16:21:51+05:30"
32,49,62,28.78,54.26,1634986342219,"2021-10-23T16:22:22+05:30"
32,48,61,28.83,54.84,1634986372795,"2021-10-23T16:22:52+05:30"
31,47,60,28.87,54.01,1634986403405,"2021-10-23T16:23:23+05:30"
31,44,54,28.88,53.2,1634986433986,"2021-10-23T16:23:53+05:30"
31,46,58,28.91,53.49,1634986464599,"2021-10-23T16:24:24+05:30"
31,48,60,28.93,53.7,1634986495126,"2021-10-23T16:24:55+05:30"
32,47,59,28.94,53.57,1634986525729,"2021-10-23T16:25:25+05:30"
31,47,60,28.91,54.07,1634986556312,"2021-10-23T16:25:56+05:30"
32,48,62,28.84,54.21,1634986586947,"2021-10-23T16:26:26+05:30"
32,49,62,28.75,54.28,1634986618515,"2021-10-23T16:26:58+05:30"
33,49,62,28.63,54.91,1634986648240,"2021-10-23T16:27:28+05:30"
32,48,61,28.66,55.2,1634986668435,"2021-10-23T16:27:48+05:30"
33,50,64,28.57,54.81,1634986699266,"2021-10-23T16:28:19+05:30"
32,48,61,28.56,55.34,1634986730048,"2021-10-23T16:28:50+05:30"
32,47,61,28.62,54.44,1634986760625,"2021-10-23T16:29:20+05:30"
32,48,62,28.63,54.08,1634986791235,"2021-10-23T16:29:51+05:30"
32,49,64,28.58,54.16,1634986821788,"2021-10-23T16:30:21+05:30"
34,52,66,28.56,54.87,1634986852507,"2021-10-23T16:30:52+05:30"
35,54,69,28.55,55.16,1634986882962,"2021-10-23T16:31:22+05:30"
34,51,66,28.55,54.94,1634986913550,"2021-10-23T16:31:53+05:30"
32,50,64,28.58,55.3,1634986944117,"2021-10-23T16:32:24+05:30"
34,51,65,28.54,54.67,1634986974708,"2021-10-23T16:32:54+05:30"
33,51,66,28.6,55.25,1634987005540,"2021-10-23T16:33:25+05:30"
32,47,59,28.65,53.45,1634987039429,"2021-10-23T16:33:59+05:30"
32,49,62,28.7,52.96,1634987069915,"2021-10-23T16:34:29+05:30"
35,54,69,28.7,53.28,1634987100489,"2021-10-23T16:35:00+05:30"
32,49,62,28.77,54.97,1634987131085,"2021-10-23T16:35:31+05:30"
33,50,63,28.76,54.23,1634987161677,"2021-10-23T16:36:01+05:30"
34,50,63,28.73,54.38,1634987192245,"2021-10-23T16:36:32+05:30"
34,52,66,28.69,54.55,1634987222809,"2021-10-23T16:37:02+05:30"
34,52,67,28.7,54.83,1634987253406,"2021-10-23T16:37:33+05:30"
34,50,62,28.75,54.73,1634987283950,"2021-10-23T16:38:03+05:30"
34,50,64,28.76,53.12,1634987314543,"2021-10-23T16:38:34+05:30"
36,53,67,28.71,52.94,1634987345126,"2021-10-23T16:39:05+05:30"
35,52,65,28.69,54.21,1634987375693,"2021-10-23T16:39:35+05:30"
34,52,67,28.77,54.66,1634987406284,"2021-10-23T16:40:06+05:30"
39,57,70,28.76,53.9,1634987437231,"2021-10-23T16:40:37+05:30"
40,59,73,28.71,54.1,1634987467824,"2021-10-23T16:41:07+05:30"
45,68,76,28.6,54.19,1634987498622,"2021-10-23T16:41:38+05:30"
41,60,72,28.63,54.85,1634987528950,"2021-10-23T16:42:08+05:30"
41,60,72,28.59,54.94,1634987559564,"2021-10-23T16:42:39+05:30"
41,59,72,28.52,55.6,1634987590433,"2021-10-23T16:43:10+05:30"
40,60,70,28.55,55.66,1634987620741,"2021-10-23T16:43:40+05:30"
40,61,72,28.55,55.78,1634987651298,"2021-10-23T16:44:11+05:30"
42,62,74,28.54,55.53,1634987682054,"2021-10-23T16:44:42+05:30"
41,61,72,28.5,55.65,1634987712479,"2021-10-23T16:45:12+05:30"
38,60,72,28.57,55.91,1634987743054,"2021-10-23T16:45:43+05:30"
37,57,71,28.65,55.26,1634987773893,"2021-10-23T16:46:13+05:30"
38,56,71,28.65,54.5,1634987804234,"2021-10-23T16:46:44+05:30"
41,60,72,28.64,53.76,1634987836536,"2021-10-23T16:47:16+05:30"
40,58,71,28.64,54.91,1634987865459,"2021-10-23T16:47:45+05:30"
38,57,70,28.68,55.06,1634987896046,"2021-10-23T16:48:16+05:30"
37,58,71,28.68,55.11,1634987926614,"2021-10-23T16:48:46+05:30"
37,55,70,28.65,54.82,1634987958748,"2021-10-23T16:49:18+05:30"
37,55,68,28.6,54.74,1634987989342,"2021-10-23T16:49:49+05:30"
36,55,70,28.61,55.2,1634988020040,"2021-10-23T16:50:20+05:30"
38,58,72,28.54,54.87,1634988050485,"2021-10-23T16:50:50+05:30"
38,56,71,28.49,55.2,1634988081086,"2021-10-23T16:51:21+05:30"
38,58,71,28.57,55.22,1634988111685,"2021-10-23T16:51:51+05:30"
35,53,66,28.5,55.3,1634988142244,"2021-10-23T16:52:22+05:30"
36,54,69,28.52,55.82,1634988172823,"2021-10-23T16:52:52+05:30"
37,53,68,28.54,55.61,1634988203413,"2021-10-23T16:53:23+05:30"
38,55,70,28.41,55.77,1634988234130,"2021-10-23T16:53:54+05:30"
37,56,70,28.39,55.99,1634988264826,"2021-10-23T16:54:24+05:30"
36,54,68,28.45,56.24,1634988295254,"2021-10-23T16:54:55+05:30"
37,55,69,28.45,56.25,1634988325820,"2021-10-23T16:55:25+05:30"
36,54,69,28.46,56.06,1634988356488,"2021-10-23T16:55:56+05:30"
36,52,67,28.34,56.34,1634988387329,"2021-10-23T16:56:27+05:30"
36,53,67,28.43,56.57,1634988418256,"2021-10-23T16:56:58+05:30"
35,52,67,28.47,56.41,1634988438396,"2021-10-23T16:57:18+05:30"
35,52,67,28.49,56.48,1634988469139,"2021-10-23T16:57:49+05:30"
36,54,67,28.54,55.6,1634988499724,"2021-10-23T16:58:19+05:30"
36,52,66,28.57,55.58,1634988530292,"2021-10-23T16:58:50+05:30"
36,54,66,28.54,55.57,1634988561235,"2021-10-23T16:59:21+05:30"
37,54,67,28.53,55.77,1634988591761,"2021-10-23T16:59:51+05:30"
36,54,69,28.49,55.87,1634988622370,"2021-10-23T17:00:22+05:30"
35,52,66,28.49,56.19,1634988653067,"2021-10-23T17:00:53+05:30"
36,53,67,28.43,56.53,1634988683528,"2021-10-23T17:01:23+05:30"
36,55,68,28.49,56.38,1634988714096,"2021-10-23T17:01:54+05:30"
40,59,71,28.43,55.96,1634988744693,"2021-10-23T17:02:24+05:30"
37,55,69,28.48,56.37,1634988775522,"2021-10-23T17:02:55+05:30"
39,57,69,28.52,56.18,1634988806530,"2021-10-23T17:03:26+05:30"
36,53,68,28.53,56.43,1634988841115,"2021-10-23T17:04:01+05:30"
35,51,65,28.6,56.31,1634988869504,"2021-10-23T17:04:29+05:30"
36,53,68,28.6,55.82,1634988900073,"2021-10-23T17:05:00+05:30"
35,53,69,28.6,55.81,1634988930649,"2021-10-23T17:05:30+05:30"
35,52,66,28.63,55.77,1634988961258,"2021-10-23T17:06:01+05:30"
35,52,67,28.58,55.84,1634988991983,"2021-10-23T17:06:31+05:30"
36,53,67,28.6,56.03,1634989022414,"2021-10-23T17:07:02+05:30"
37,56,69,28.57,55.83,1634989052979,"2021-10-23T17:07:32+05:30"
35,53,71,28.53,56.28,1634989083570,"2021-10-23T17:08:03+05:30"
35,52,69,28.56,56.21,1634989114161,"2021-10-23T17:08:34+05:30"
36,54,68,28.56,56.28,1634989144796,"2021-10-23T17:09:04+05:30"
35,53,67,28.58,56.29,1634989175303,"2021-10-23T17:09:35+05:30"
36,54,69,28.52,56.6,1634989206134,"2021-10-23T17:10:06+05:30"
36,53,69,28.51,56.57,1634989236496,"2021-10-23T17:10:36+05:30"
34,53,68,28.5,56.51,1634989267063,"2021-10-23T17:11:07+05:30"
36,57,73,28.51,56.66,1634989297633,"2021-10-23T17:11:37+05:30"
37,55,70,28.57,56.63,1634989328249,"2021-10-23T17:12:08+05:30"
35,53,67,28.62,56.48,1634989358849,"2021-10-23T17:12:38+05:30"
36,53,69,28.64,56.25,1634989389401,"2021-10-23T17:13:09+05:30"
35,54,69,28.58,56.2,1634989420012,"2021-10-23T17:13:40+05:30"
35,51,67,28.58,56.19,1634989450584,"2021-10-23T17:14:10+05:30"
34,53,67,28.61,56.13,1634989481164,"2021-10-23T17:14:41+05:30"
36,55,69,28.56,56.21,1634989511717,"2021-10-23T17:15:11+05:30"
35,53,69,28.64,56.43,1634989542295,"2021-10-23T17:15:42+05:30"
34,51,66,28.7,55.85,1634989573048,"2021-10-23T17:16:13+05:30"
34,52,66,28.68,54.4,1634989603450,"2021-10-23T17:16:43+05:30"
35,53,68,28.68,54.73,1634989634101,"2021-10-23T17:17:14+05:30"
33,50,63,28.76,55.28,1634989664665,"2021-10-23T17:17:44+05:30"
34,51,65,28.77,55.21,1634989695264,"2021-10-23T17:18:15+05:30"
33,51,65,28.74,55.23,1634989725853,"2021-10-23T17:18:45+05:30"
35,53,68,28.72,55.56,1634989750208,"2021-10-23T17:19:10+05:30"
34,53,69,28.68,55.7,1634989780175,"2021-10-23T17:19:40+05:30"
37,56,71,28.64,55.94,1634989810815,"2021-10-23T17:20:10+05:30"
54,83,93,28.62,56.11,1634989841411,"2021-10-23T17:20:41+05:30"
136,204,219,28.55,56.29,1634989872014,"2021-10-23T17:21:12+05:30"
110,166,179,28.46,56.43,1634989902761,"2021-10-23T17:21:42+05:30"
84,127,139,28.45,56.8,1634989933240,"2021-10-23T17:22:13+05:30"
77,118,128,28.49,56.94,1634989963810,"2021-10-23T17:22:43+05:30"
78,113,119,28.49,57.14,1634989995607,"2021-10-23T17:23:15+05:30"
73,109,116,28.52,57.69,1634990025003,"2021-10-23T17:23:45+05:30"
68,99,108,28.52,58.07,1634990055584,"2021-10-23T17:24:15+05:30"
64,94,104,28.58,57.55,1634990086185,"2021-10-23T17:24:46+05:30"
63,93,102,28.66,57.42,1634990116798,"2021-10-23T17:25:16+05:30"
61,89,95,28.72,56.89,1634990147358,"2021-10-23T17:25:47+05:30"
61,90,96,28.67,56.93,1634990178957,"2021-10-23T17:26:18+05:30"
61,91,99,28.7,57.47,1634990208542,"2021-10-23T17:26:48+05:30"
56,82,90,28.75,57.33,1634990239558,"2021-10-23T17:27:19+05:30"
50,75,83,28.75,56.86,1634990270075,"2021-10-23T17:27:50+05:30"
50,75,82,28.74,57.38,1634990300627,"2021-10-23T17:28:20+05:30"
50,75,84,28.77,57.41,1634990331229,"2021-10-23T17:28:51+05:30"
50,74,83,28.79,57.33,1634990361842,"2021-10-23T17:29:21+05:30"
51,75,82,28.78,57.31,1634990392395,"2021-10-23T17:29:52+05:30"
52,76,83,28.81,57.6,1634990422985,"2021-10-23T17:30:22+05:30"
53,77,85,28.83,57.73,1634990453566,"2021-10-23T17:30:53+05:30"
55,82,92,28.78,57.11,1634990484137,"2021-10-23T17:31:24+05:30"
54,76,83,28.74,58.11,1634990514735,"2021-10-23T17:31:54+05:30"
52,75,80,28.78,57.94,1634990545285,"2021-10-23T17:32:25+05:30"
51,74,81,28.79,57.71,1634990575850,"2021-10-23T17:32:55+05:30"
51,75,82,28.8,57.68,1634990606441,"2021-10-23T17:33:26+05:30"
51,77,83,28.8,57.54,1634990642053,"2021-10-23T17:34:02+05:30"
51,75,83,28.76,57.32,1634990672165,"2021-10-23T17:34:32+05:30"
52,77,90,28.78,57.78,1634990702734,"2021-10-23T17:35:02+05:30"
53,80,84,28.79,57.43,1634990733301,"2021-10-23T17:35:33+05:30"
51,78,87,28.69,57.64,1634990763878,"2021-10-23T17:36:03+05:30"
53,83,92,28.7,57.67,1634990794478,"2021-10-23T17:36:34+05:30"
53,80,89,28.79,57.76,1634990825050,"2021-10-23T17:37:05+05:30"
51,76,84,28.83,57.46,1634990855619,"2021-10-23T17:37:35+05:30"
52,79,92,28.83,57.35,1634990886203,"2021-10-23T17:38:06+05:30"
53,81,86,28.87,57.74,1634990916789,"2021-10-23T17:38:36+05:30"
54,80,88,28.88,57.87,1634990947397,"2021-10-23T17:39:07+05:30"
54,82,88,28.89,57.97,1634990977982,"2021-10-23T17:39:37+05:30"
53,78,87,28.83,57.84,1634991008672,"2021-10-23T17:40:08+05:30"
59,88,99,28.73,57.66,1634991039156,"2021-10-23T17:40:39+05:30"
55,85,95,28.81,58.57,1634991069714,"2021-10-23T17:41:09+05:30"
53,82,88,28.84,58.65,1634991100381,"2021-10-23T17:41:40+05:30"
53,80,85,28.87,58.02,1634991130982,"2021-10-23T17:42:10+05:30"
127,274,315,28.92,57.9,1634991161464,"2021-10-23T17:42:41+05:30"
186,298,322,28.95,58.25,1634991192055,"2021-10-23T17:43:12+05:30"
313,604,663,28.96,58.1,1634991222675,"2021-10-23T17:43:42+05:30"
350,747,829,28.97,57.82,1634991253267,"2021-10-23T17:44:13+05:30"
167,273,294,28.95,57.88,1634991283843,"2021-10-23T17:44:43+05:30"
112,171,182,28.89,58.14,1634991314521,"2021-10-23T17:45:14+05:30"
86,130,141,28.85,57.41,1634991334832,"2021-10-23T17:45:34+05:30"
69,106,118,28.81,58.78,1634991365424,"2021-10-23T17:46:05+05:30"
65,101,110,28.78,58.13,1634991396468,"2021-10-23T17:46:36+05:30"
68,100,107,28.71,57.81,1634991426840,"2021-10-23T17:47:06+05:30"
68,102,109,28.75,57.98,1634991457369,"2021-10-23T17:47:37+05:30"
61,91,99,28.7,57.78,1634991488044,"2021-10-23T17:48:08+05:30"
65,98,106,28.68,57.98,1634991520527,"2021-10-23T17:48:40+05:30"
61,91,99,28.68,57.87,1634991547201,"2021-10-23T17:49:07+05:30"
61,93,103,28.66,58.07,1634991577878,"2021-10-23T17:49:37+05:30"
63,92,100,28.62,58.19,1634991608617,"2021-10-23T17:50:08+05:30"
59,87,92,28.59,58.32,1634991639303,"2021-10-23T17:50:39+05:30"
54,83,90,28.57,58.2,1634991669894,"2021-10-23T17:51:09+05:30"
51,79,86,28.55,58.14,1634991700474,"2021-10-23T17:51:40+05:30"
52,77,83,28.5,57.81,1634991731037,"2021-10-23T17:52:11+05:30"
54,82,87,28.38,58.14,1634991762026,"2021-10-23T17:52:42+05:30"
63,95,105,28.3,58.38,1634991792232,"2021-10-23T17:53:12+05:30"
57,87,97,28.36,58.62,1634991822810,"2021-10-23T17:53:42+05:30"
54,84,93,28.39,58.67,1634991853411,"2021-10-23T17:54:13+05:30"
55,84,91,28.44,58.64,1634991884016,"2021-10-23T17:54:44+05:30"
63,94,102,28.45,58.47,1634991914586,"2021-10-23T17:55:14+05:30"
74,113,126,28.41,58.86,1634991945161,"2021-10-23T17:55:45+05:30"
82,126,142,28.5,59.98,1634991975745,"2021-10-23T17:56:15+05:30"
84,127,140,28.57,60.38,1634992006375,"2021-10-23T17:56:46+05:30"
77,119,131,28.64,60.08,1634992037035,"2021-10-23T17:57:17+05:30"
74,114,124,28.69,59.84,1634992067617,"2021-10-23T17:57:47+05:30"
72,111,123,28.7,58.72,1634992098227,"2021-10-23T17:58:18+05:30"
68,107,120,28.58,58.2,1634992129115,"2021-10-23T17:58:49+05:30"
67,106,115,28.65,59.57,1634992159399,"2021-10-23T17:59:19+05:30"
66,102,111,28.68,59.71,1634992189996,"2021-10-23T17:59:49+05:30"
64,100,110,28.68,59.39,1634992220585,"2021-10-23T18:00:20+05:30"
64,101,111,28.64,58.9,1634992251186,"2021-10-23T18:00:51+05:30"
65,101,112,28.61,58.97,1634992281784,"2021-10-23T18:01:21+05:30"
67,108,117,28.6,59.08,1634992312374,"2021-10-23T18:01:52+05:30"
67,104,114,28.59,58.88,1634992342946,"2021-10-23T18:02:22+05:30"
67,104,113,28.55,59.12,1634992373515,"2021-10-23T18:02:53+05:30"
76,120,134,28.39,58.41,1634992404109,"2021-10-23T18:03:24+05:30"
71,112,125,28.41,59.19,1634992434708,"2021-10-23T18:03:54+05:30"
69,111,124,28.47,59.33,1634992461992,"2021-10-23T18:04:21+05:30"
72,114,125,28.41,59.17,1634992492580,"2021-10-23T18:04:52+05:30"
85,137,150,28.36,59.29,1634992523305,"2021-10-23T18:05:23+05:30"
79,125,139,28.46,60.45,1634992553807,"2021-10-23T18:05:53+05:30"
76,125,137,28.54,60.9,1634992584377,"2021-10-23T18:06:24+05:30"
74,118,132,28.65,61.11,1634992614970,"2021-10-23T18:06:54+05:30"
74,117,133,28.73,60.08,1634992645574,"2021-10-23T18:07:25+05:30"
73,118,132,28.78,59.32,1634992676157,"2021-10-23T18:07:56+05:30"
73,116,133,28.83,59.05,1634992706767,"2021-10-23T18:08:26+05:30"
73,118,134,28.86,58.95,1634992737342,"2021-10-23T18:08:57+05:30"
77,125,143,28.82,58.8,1634992767989,"2021-10-23T18:09:27+05:30"
76,120,135,28.84,59.11,1634992798512,"2021-10-23T18:09:58+05:30"
73,120,137,28.9,58.85,1634992829227,"2021-10-23T18:10:29+05:30"
72,117,140,28.94,58.61,1634992859730,"2021-10-23T18:10:59+05:30"
74,122,139,28.94,58.63,1634992890320,"2021-10-23T18:11:30+05:30"
75,122,141,28.98,58.88,1634992920917,"2021-10-23T18:12:00+05:30"
73,119,132,28.99,58.69,1634992951774,"2021-10-23T18:12:31+05:30"
72,114,129,29.01,59.14,1634992982110,"2021-10-23T18:13:02+05:30"
74,118,135,29.01,58.76,1634993012686,"2021-10-23T18:13:32+05:30"
73,118,137,29.04,58.77,1634993043400,"2021-10-23T18:14:03+05:30"
73,116,137,29.07,58.69,1634993073868,"2021-10-23T18:14:33+05:30"
74,117,129,29.07,58.69,1634993104471,"2021-10-23T18:15:04+05:30"
72,112,132,29.05,58.73,1634993135047,"2021-10-23T18:15:35+05:30"
75,116,129,29.07,58.89,1634993165657,"2021-10-23T18:16:05+05:30"
72,113,122,29.04,58.97,1634993196265,"2021-10-23T18:16:36+05:30"
73,118,129,29.09,59.32,1634993226820,"2021-10-23T18:17:06+05:30"
74,116,131,29.09,59.19,1634993257425,"2021-10-23T18:17:37+05:30"
73,115,126,29.11,59.05,1634993288021,"2021-10-23T18:18:08+05:30"
73,112,126,29.13,59.27,1634993318601,"2021-10-23T18:18:38+05:30"
75,115,130,29.15,58.99,1634993342765,"2021-10-23T18:19:02+05:30"
74,117,129,29.14,59.44,1634993373365,"2021-10-23T18:19:33+05:30"
74,118,133,29.15,59.3,1634993404103,"2021-10-23T18:20:04+05:30"
78,124,139,29.14,59.02,1634993434828,"2021-10-23T18:20:34+05:30"
77,123,135,29.13,59.02,1634993465382,"2021-10-23T18:21:05+05:30"
77,123,134,29.1,59.03,1634993495942,"2021-10-23T18:21:35+05:30"
78,124,138,29.06,59.36,1634993526537,"2021-10-23T18:22:06+05:30"
81,130,144,29.02,59.3,1634993557125,"2021-10-23T18:22:37+05:30"
87,140,157,29.04,59.09,1634993587711,"2021-10-23T18:23:07+05:30"
90,149,167,29.02,59.26,1634993618316,"2021-10-23T18:23:38+05:30"
88,143,157,29.03,59.15,1634993648915,"2021-10-23T18:24:08+05:30"
94,150,168,28.99,59.36,1634993679497,"2021-10-23T18:24:39+05:30"
102,167,182,28.98,59.13,1634993710138,"2021-10-23T18:25:10+05:30"
118,199,230,28.97,58.95,1634993740710,"2021-10-23T18:25:40+05:30"
128,222,252,28.97,59.13,1634993771289,"2021-10-23T18:26:11+05:30"
124,207,229,28.99,59.25,1634993801888,"2021-10-23T18:26:41+05:30"
132,215,244,29,59.37,1634993832472,"2021-10-23T18:27:12+05:30"
122,202,222,29.03,59.39,1634993863057,"2021-10-23T18:27:43+05:30"
112,182,201,29.03,59.04,1634993893761,"2021-10-23T18:28:13+05:30"
106,166,186,29.01,59.33,1634993924255,"2021-10-23T18:28:44+05:30"
109,173,196,29,59.26,1634993954855,"2021-10-23T18:29:14+05:30"
109,171,191,29.01,59.4,1634993985432,"2021-10-23T18:29:45+05:30"
105,165,187,29.01,59.65,1634994016043,"2021-10-23T18:30:16+05:30"
115,181,203,29.01,59.67,1634994046612,"2021-10-23T18:30:46+05:30"
113,181,202,29.02,59.74,1634994077279,"2021-10-23T18:31:17+05:30"
127,213,236,29.03,60.11,1634994107804,"2021-10-23T18:31:47+05:30"
134,232,263,29.05,59.83,1634994138468,"2021-10-23T18:32:18+05:30"
135,229,255,29.07,59.67,1634994169042,"2021-10-23T18:32:49+05:30"
134,229,269,29.09,59.59,1634994199703,"2021-10-23T18:33:19+05:30"
143,238,267,29.08,59.3,1634994230225,"2021-10-23T18:33:50+05:30"
147,241,277,29.02,59.53,1634994262015,"2021-10-23T18:34:22+05:30"
165,260,291,29.07,59.48,1634994292594,"2021-10-23T18:34:52+05:30"
160,256,285,29.11,59.37,1634994323232,"2021-10-23T18:35:23+05:30"
163,264,292,29.13,59.22,1634994353798,"2021-10-23T18:35:53+05:30"
142,227,255,29.13,58.86,1634994384514,"2021-10-23T18:36:24+05:30"
139,220,252,29.05,59,1634994414991,"2021-10-23T18:36:54+05:30"
151,239,266,28.99,59.39,1634994445580,"2021-10-23T18:37:25+05:30"
196,319,355,28.97,58.86,1634994476181,"2021-10-23T18:37:56+05:30"
212,352,393,28.98,59.07,1634994506766,"2021-10-23T18:38:26+05:30"
214,359,398,29,59.4,1634994537485,"2021-10-23T18:38:57+05:30"
247,444,491,29.02,58.8,1634994567991,"2021-10-23T18:39:27+05:30"
206,352,391,29,58.89,1634994598539,"2021-10-23T18:39:58+05:30"
223,405,455,29.03,58.88,1634994629441,"2021-10-23T18:40:29+05:30"
198,343,382,29.05,58.72,1634994659721,"2021-10-23T18:40:59+05:30"
175,297,330,29.06,58.93,1634994690325,"2021-10-23T18:41:30+05:30"
169,280,314,29.07,58.88,1634994720927,"2021-10-23T18:42:00+05:30"
161,270,305,29.05,58.8,1634994751622,"2021-10-23T18:42:31+05:30"
161,266,296,29.02,58.66,1634994782137,"2021-10-23T18:43:02+05:30"
159,270,307,29,58.56,1634994812722,"2021-10-23T18:43:32+05:30"
160,266,301,28.98,58.24,1634994843284,"2021-10-23T18:44:03+05:30"
153,256,289,28.96,58.27,1634994873887,"2021-10-23T18:44:33+05:30"
155,257,293,28.94,58.28,1634994904507,"2021-10-23T18:45:04+05:30"
163,278,313,28.94,58.22,1634994935061,"2021-10-23T18:45:35+05:30"
163,280,317,28.93,58.31,1634994965677,"2021-10-23T18:46:05+05:30"
166,288,324,28.91,58.21,1634994996392,"2021-10-23T18:46:36+05:30"
169,297,333,28.91,58.48,1634995026864,"2021-10-23T18:47:06+05:30"
166,290,329,28.9,58.52,1634995057460,"2021-10-23T18:47:37+05:30"
167,290,326,28.92,58.17,1634995088106,"2021-10-23T18:48:08+05:30"
166,287,328,28.97,58.18,1634995118655,"2021-10-23T18:48:38+05:30"
168,284,324,28.98,57.9,1634995142104,"2021-10-23T18:49:02+05:30"
166,279,306,28.97,57.55,1634995172208,"2021-10-23T18:49:32+05:30"
161,268,298,28.93,57.81,1634995202822,"2021-10-23T18:50:02+05:30"
154,252,285,28.91,57.42,1634995233391,"2021-10-23T18:50:33+05:30"
156,254,284,28.89,57.82,1634995263987,"2021-10-23T18:51:03+05:30"
165,274,304,28.74,56.67,1634995294581,"2021-10-23T18:51:34+05:30"
166,287,317,28.69,57.95,1634995325167,"2021-10-23T18:52:05+05:30"
162,272,309,28.77,57.95,1634995355771,"2021-10-23T18:52:35+05:30"
182,293,330,28.77,57.26,1634995386390,"2021-10-23T18:53:06+05:30"
201,324,362,28.74,57.03,1634995416953,"2021-10-23T18:53:36+05:30"
203,339,383,28.72,57.22,1634995447555,"2021-10-23T18:54:07+05:30"
202,340,376,28.76,57.52,1634995478138,"2021-10-23T18:54:38+05:30"
196,336,377,28.71,57.76,1634995508938,"2021-10-23T18:55:08+05:30"
192,323,356,28.71,58.24,1634995539400,"2021-10-23T18:55:39+05:30"
194,332,376,28.72,57.67,1634995569957,"2021-10-23T18:56:09+05:30"
184,323,366,28.72,57.98,1634995600577,"2021-10-23T18:56:40+05:30"
165,288,329,28.68,57.35,1634995631155,"2021-10-23T18:57:11+05:30"
158,276,318,28.53,57.5,1634995661739,"2021-10-23T18:57:41+05:30"
168,279,320,28.61,58.49,1634995692373,"2021-10-23T18:58:12+05:30"
162,273,309,28.65,58.14,1634995722939,"2021-10-23T18:58:42+05:30"
161,274,301,28.71,58.13,1634995753519,"2021-10-23T18:59:13+05:30"
151,249,277,28.67,58.03,1634995784123,"2021-10-23T18:59:44+05:30"
145,241,268,28.65,57.87,1634995814716,"2021-10-23T19:00:14+05:30"
145,226,258,28.63,57.74,1634995845298,"2021-10-23T19:00:45+05:30"
142,231,264,28.66,58.32,1634995875905,"2021-10-23T19:01:15+05:30"
140,228,252,28.74,57.99,1634995906482,"2021-10-23T19:01:46+05:30"
137,226,249,28.77,58.06,1634995937080,"2021-10-23T19:02:17+05:30"
135,217,246,28.78,57.82,1634995967686,"2021-10-23T19:02:47+05:30"
128,208,232,28.74,57.42,1634995998266,"2021-10-23T19:03:18+05:30"
122,198,219,28.72,57.05,1634996028888,"2021-10-23T19:03:48+05:30"
122,195,214,28.68,57.4,1634996061886,"2021-10-23T19:04:21+05:30"
117,195,220,28.7,57.51,1634996092467,"2021-10-23T19:04:52+05:30"
113,182,202,28.58,56.33,1634996123066,"2021-10-23T19:05:23+05:30"
118,191,216,28.58,57.31,1634996153743,"2021-10-23T19:05:53+05:30"
117,190,209,28.64,57.45,1634996184286,"2021-10-23T19:06:24+05:30"
112,178,203,28.69,57.2,1634996214855,"2021-10-23T19:06:54+05:30"
110,178,193,28.72,57.02,1634996245444,"2021-10-23T19:07:25+05:30"
109,172,192,28.69,56.66,1634996276030,"2021-10-23T19:07:56+05:30"
114,177,198,28.7,56.94,1634996306642,"2021-10-23T19:08:26+05:30"
106,167,188,28.71,56.43,1634996337217,"2021-10-23T19:08:57+05:30"
105,165,181,28.7,56.04,1634996367834,"2021-10-23T19:09:27+05:30"
104,165,182,28.72,56.46,1634996398409,"2021-10-23T19:09:58+05:30"
91,144,162,28.64,54.82,1634996429007,"2021-10-23T19:10:29+05:30"
98,152,168,28.63,56.19,1634996459595,"2021-10-23T19:10:59+05:30"
97,151,166,28.66,55.88,1634996490181,"2021-10-23T19:11:30+05:30"
99,153,167,28.7,55.7,1634996520792,"2021-10-23T19:12:00+05:30"
91,143,161,28.69,55.17,1634996551384,"2021-10-23T19:12:31+05:30"
92,143,160,28.68,55.44,1634996581961,"2021-10-23T19:13:01+05:30"
91,146,160,28.68,55.8,1634996612555,"2021-10-23T19:13:32+05:30"
94,145,162,28.73,55.74,1634996643144,"2021-10-23T19:14:03+05:30"
89,140,158,28.75,55.5,1634996673843,"2021-10-23T19:14:33+05:30"
91,138,152,28.77,55.46,1634996704746,"2021-10-23T19:15:04+05:30"
84,132,147,28.77,55.02,1634996734928,"2021-10-23T19:15:34+05:30"
87,131,141,28.77,55.24,1634996765583,"2021-10-23T19:16:05+05:30"
87,134,150,28.7,55.21,1634996796117,"2021-10-23T19:16:36+05:30"
87,139,153,28.6,56.04,1634996826712,"2021-10-23T19:17:06+05:30"
89,143,163,28.64,55.95,1634996857552,"2021-10-23T19:17:37+05:30"
90,144,158,28.66,55.92,1634996888073,"2021-10-23T19:18:08+05:30"
88,140,158,28.7,56.17,1634996918756,"2021-10-23T19:18:38+05:30"
89,141,156,28.75,56.3,1634996941747,"2021-10-23T19:19:01+05:30"
91,143,162,28.72,56.26,1634996972316,"2021-10-23T19:19:32+05:30"
91,144,160,28.7,55.41,1634997002910,"2021-10-23T19:20:02+05:30"
91,144,161,28.63,55.79,1634997033567,"2021-10-23T19:20:33+05:30"
90,146,167,28.72,56.36,1634997064131,"2021-10-23T19:21:04+05:30"
91,145,161,28.76,55.81,1634997094690,"2021-10-23T19:21:34+05:30"
97,155,171,28.75,55.43,1634997125287,"2021-10-23T19:22:05+05:30"
100,157,170,28.77,56.46,1634997155877,"2021-10-23T19:22:35+05:30"
102,165,182,28.68,56.23,1634997186688,"2021-10-23T19:23:06+05:30"
101,163,177,28.71,56.53,1634997217061,"2021-10-23T19:23:37+05:30"
97,153,166,28.7,54.93,1634997247668,"2021-10-23T19:24:07+05:30"
93,146,160,28.59,54,1634997278250,"2021-10-23T19:24:38+05:30"
92,146,162,28.6,55.63,1634997308847,"2021-10-23T19:25:08+05:30"
95,149,165,28.67,55.37,1634997339442,"2021-10-23T19:25:39+05:30"
92,148,165,28.71,55.26,1634997370024,"2021-10-23T19:26:10+05:30"
93,145,165,28.65,54.78,1634997400620,"2021-10-23T19:26:40+05:30"
93,148,164,28.52,55.03,1634997431209,"2021-10-23T19:27:11+05:30"
97,158,177,28.41,55.3,1634997461814,"2021-10-23T19:27:41+05:30"
96,149,165,28.48,56.35,1634997492398,"2021-10-23T19:28:12+05:30"
95,152,168,28.57,56.25,1634997523225,"2021-10-23T19:28:43+05:30"
97,156,178,28.62,55.55,1634997553593,"2021-10-23T19:29:13+05:30"
100,161,178,28.61,55.23,1634997584186,"2021-10-23T19:29:44+05:30"
97,153,166,28.58,55.69,1634997614762,"2021-10-23T19:30:14+05:30"
96,150,167,28.63,56.03,1634997645337,"2021-10-23T19:30:45+05:30"
94,153,170,28.66,55.5,1634997675921,"2021-10-23T19:31:15+05:30"
95,146,164,28.65,55.18,1634997706524,"2021-10-23T19:31:46+05:30"
98,156,176,28.66,54.98,1634997737110,"2021-10-23T19:32:17+05:30"
101,159,175,28.62,55.27,1634997767854,"2021-10-23T19:32:47+05:30"
100,158,179,28.61,55.43,1634997798287,"2021-10-23T19:33:18+05:30"
103,164,186,28.46,54.91,1634997828901,"2021-10-23T19:33:48+05:30"
104,166,182,28.4,55.91,1634997861698,"2021-10-23T19:34:21+05:30"
101,158,174,28.45,56.31,1634997892268,"2021-10-23T19:34:52+05:30"
98,159,173,28.5,55.84,1634997923131,"2021-10-23T19:35:23+05:30"
99,159,177,28.52,56.01,1634997953552,"2021-10-23T19:35:53+05:30"
96,156,179,28.54,55.66,1634997984139,"2021-10-23T19:36:24+05:30"
99,159,177,28.53,55.2,1634998014742,"2021-10-23T19:36:54+05:30"
101,167,185,28.47,55.43,1634998045321,"2021-10-23T19:37:25+05:30"
100,158,175,28.51,55.3,1634998075927,"2021-10-23T19:37:55+05:30"
102,165,180,28.53,55.4,1634998106510,"2021-10-23T19:38:26+05:30"
102,166,184,28.37,55.26,1634998137119,"2021-10-23T19:38:57+05:30"
100,159,175,28.35,56.01,1634998167706,"2021-10-23T19:39:27+05:30"
99,160,176,28.38,56.1,1634998198289,"2021-10-23T19:39:58+05:30"
100,158,181,28.43,55.97,1634998228894,"2021-10-23T19:40:28+05:30"
98,158,175,28.47,56.01,1634998259480,"2021-10-23T19:40:59+05:30"
101,158,173,28.51,55.63,1634998290074,"2021-10-23T19:41:30+05:30"
101,161,174,28.51,55.94,1634998320723,"2021-10-23T19:42:00+05:30"
102,161,183,28.38,55.02,1634998351469,"2021-10-23T19:42:31+05:30"
102,162,181,28.39,56.19,1634998382075,"2021-10-23T19:43:02+05:30"
101,162,180,28.41,55.93,1634998412807,"2021-10-23T19:43:32+05:30"
100,159,175,28.49,56.19,1634998432915,"2021-10-23T19:43:52+05:30"
96,155,176,28.55,56.35,1634998463530,"2021-10-23T19:44:23+05:30"
97,153,167,28.61,56.7,1634998494089,"2021-10-23T19:44:54+05:30"
99,154,171,28.65,56.71,1634998524680,"2021-10-23T19:45:24+05:30"
98,158,178,28.68,56.74,1634998555270,"2021-10-23T19:45:55+05:30"
96,156,178,28.68,56.51,1634998585967,"2021-10-23T19:46:25+05:30"
100,160,181,28.67,56.25,1634998616470,"2021-10-23T19:46:56+05:30"
107,175,194,28.54,55.91,1634998647054,"2021-10-23T19:47:27+05:30"
107,171,193,28.67,55.77,1634998833048,"2021-10-23T19:50:33+05:30"
99,155,181,28.7,55.08,1634998929084,"2021-10-23T19:52:09+05:30"
92,148,167,28.79,55.42,1634999029886,"2021-10-23T19:53:49+05:30"
89,139,155,28.83,54.87,1634999042545,"2021-10-23T19:54:02+05:30"
89,142,154,28.86,54.78,1634999090690,"2021-10-23T19:54:50+05:30"
88,140,154,28.87,55.11,1634999103612,"2021-10-23T19:55:03+05:30"
85,136,150,28.87,54.24,1634999150447,"2021-10-23T19:55:50+05:30"
85,132,147,28.86,53.95,1634999165085,"2021-10-23T19:56:05+05:30"
80,129,145,28.85,53.68,1634999269855,"2021-10-23T19:57:49+05:30"
75,116,136,28.69,53.27,1634999286983,"2021-10-23T19:58:06+05:30"
77,120,137,28.68,54.01,1634999330636,"2021-10-23T19:58:50+05:30"
78,123,139,28.67,53.32,1634999637414,"2021-10-23T20:03:57+05:30"
80,129,144,28.68,54.16,1634999713684,"2021-10-23T20:05:13+05:30"
81,127,146,28.57,53.7,1634999743980,"2021-10-23T20:05:43+05:30"
81,130,151,28.44,53.63,1634999774543,"2021-10-23T20:06:14+05:30"
80,128,149,28.41,54.21,1634999805585,"2021-10-23T20:06:45+05:30"
79,124,140,28.53,54.91,1634999835726,"2021-10-23T20:07:15+05:30"
81,130,146,28.57,54.47,1634999866333,"2021-10-23T20:07:46+05:30"
81,130,146,28.57,54.47,1634999868009,"2021-10-23T20:07:48+05:30"
80,126,143,28.68,55,1634999930688,"2021-10-23T20:08:50+05:30"
80,127,140,28.75,54.79,1634999960795,"2021-10-23T20:09:20+05:30"
80,127,140,28.75,54.79,1634999985685,"2021-10-23T20:09:45+05:30"
80,127,140,28.75,54.79,1634999986948,"2021-10-23T20:09:46+05:30"
80,127,140,28.75,54.79,1634999987202,"2021-10-23T20:09:47+05:30"
80,127,140,28.75,54.79,1634999988331,"2021-10-23T20:09:48+05:30"
80,127,140,28.75,54.79,1634999990196,"2021-10-23T20:09:50+05:30"
80,121,134,28.74,53.94,1634999991381,"2021-10-23T20:09:51+05:30"
80,121,134,28.74,53.94,1634999993170,"2021-10-23T20:09:53+05:30"
80,121,134,28.74,53.94,1634999994171,"2021-10-23T20:09:54+05:30"
80,121,134,28.74,53.94,1634999995545,"2021-10-23T20:09:55+05:30"
80,124,134,28.65,54.3,1635000021978,"2021-10-23T20:10:21+05:30"
80,128,141,28.71,54.55,1635000052567,"2021-10-23T20:10:52+05:30"
86,137,154,28.64,54.41,1635000083154,"2021-10-23T20:11:23+05:30"
83,133,147,28.67,55,1635000113777,"2021-10-23T20:11:53+05:30"
98,155,176,28.72,55.5,1635000415870,"2021-10-23T20:16:55+05:30"
105,167,192,28.82,55.26,1635000614716,"2021-10-23T20:20:14+05:30"
104,172,195,28.84,55.25,1635000644171,"2021-10-23T20:20:44+05:30"
105,174,198,28.72,55.55,1635000944168,"2021-10-23T20:25:44+05:30"
99,161,184,28.67,55.66,1635000954731,"2021-10-23T20:25:54+05:30"
97,160,183,28.72,56.16,1635001065235,"2021-10-23T20:27:45+05:30"
94,153,170,28.76,56.05,1635001075848,"2021-10-23T20:27:55+05:30"
94,147,173,28.77,55.92,1635001209726,"2021-10-23T20:30:09+05:30"
95,152,171,28.79,56.19,1635001221307,"2021-10-23T20:30:21+05:30"
91,139,156,28.77,55.96,1635001252064,"2021-10-23T20:30:52+05:30"
87,136,155,28.78,56.2,1635001305254,"2021-10-23T20:31:45+05:30"
89,140,159,28.81,56.38,1635001315235,"2021-10-23T20:31:55+05:30"
102,157,174,28.84,56.18,1635001363669,"2021-10-23T20:32:43+05:30"
102,157,174,28.86,56.5,1635001374156,"2021-10-23T20:32:54+05:30"
114,173,189,28.9,56.44,1635001509587,"2021-10-23T20:35:09+05:30"
105,161,178,28.91,56.43,1635001525552,"2021-10-23T20:35:25+05:30"
100,152,164,28.92,56.24,1635001556130,"2021-10-23T20:35:56+05:30"
102,156,172,28.91,56.32,1635001586857,"2021-10-23T20:36:26+05:30"
112,169,187,28.94,56.7,1635001617337,"2021-10-23T20:36:57+05:30"
142,213,233,28.95,56.24,1635001647884,"2021-10-23T20:37:27+05:30"
155,241,263,28.95,56.06,1635001809414,"2021-10-23T20:40:09+05:30"
125,190,208,29.06,56.42,1635002065804,"2021-10-23T20:44:25+05:30"
100,150,167,28.95,55.96,1635002281791,"2021-10-23T20:48:01+05:30"
100,147,158,28.94,55.83,1635002312366,"2021-10-23T20:48:32+05:30"
92,138,149,28.94,55.94,1635002342968,"2021-10-23T20:49:02+05:30"
94,143,156,28.97,55.95,1635002373514,"2021-10-23T20:49:33+05:30"
92,136,153,29.01,56.04,1635002404095,"2021-10-23T20:50:04+05:30"
88,135,150,29.05,55.94,1635002434701,"2021-10-23T20:50:34+05:30"
92,137,152,29.03,55.98,1635002527418,"2021-10-23T20:52:07+05:30"
90,133,147,29.02,55.47,1635002557985,"2021-10-23T20:52:37+05:30"
92,135,148,29.03,55.94,1635002605211,"2021-10-23T20:53:25+05:30"
91,140,158,29.02,55.79,1635002615852,"2021-10-23T20:53:35+05:30"
94,141,152,29,55.77,1635002666051,"2021-10-23T20:54:26+05:30"
94,141,156,29,56.13,1635002676046,"2021-10-23T20:54:36+05:30"
96,150,165,28.98,56,1635002734934,"2021-10-23T20:55:34+05:30"
97,150,164,28.97,56.4,1635002765027,"2021-10-23T20:56:05+05:30"
97,150,168,28.96,56.33,1635002795598,"2021-10-23T20:56:35+05:30"
94,146,162,28.9,55.85,1635002856482,"2021-10-23T20:57:36+05:30"
86,130,142,28.87,56.65,1635003034325,"2021-10-23T21:00:34+05:30"
82,123,134,28.87,56.15,1635003077604,"2021-10-23T21:01:17+05:30"
131,203,220,28.73,56.23,1635003265584,"2021-10-23T21:04:25+05:30"
121,187,202,28.75,56.32,1635003282557,"2021-10-23T21:04:42+05:30"
106,161,174,28.7,56.33,1635003313373,"2021-10-23T21:05:13+05:30"
104,155,168,28.73,56.23,1635003344162,"2021-10-23T21:05:44+05:30"
106,156,170,28.72,56.23,1635003405897,"2021-10-23T21:06:45+05:30"
107,165,184,28.86,57.1,1635003571840,"2021-10-23T21:09:31+05:30"
115,175,196,28.92,56.91,1635003619033,"2021-10-23T21:10:19+05:30"
117,186,203,28.96,56.67,1635003649805,"2021-10-23T21:10:49+05:30"
122,189,211,28.97,56.62,1635003680234,"2021-10-23T21:11:20+05:30"
98,148,165,28.84,55.22,1635003837023,"2021-10-23T21:13:57+05:30"
100,155,170,28.79,56.13,1635003900140,"2021-10-23T21:15:00+05:30"
89,137,150,28.9,56.18,1635004178361,"2021-10-23T21:19:38+05:30"
95,148,163,28.89,56.92,1635004210660,"2021-10-23T21:20:10+05:30"
91,138,152,28.95,56.43,1635004241149,"2021-10-23T21:20:41+05:30"
92,140,155,28.76,55.77,1635004509918,"2021-10-23T21:25:09+05:30"
104,158,174,28.75,55.8,1635004570683,"2021-10-23T21:26:10+05:30"
83,125,141,28.73,56.68,1635004891359,"2021-10-23T21:31:31+05:30"
84,126,137,28.8,56.21,1635005073204,"2021-10-23T21:34:33+05:30"
86,134,151,28.65,56.28,1635005337515,"2021-10-23T21:38:57+05:30"
90,137,153,28.65,56.44,1635005347975,"2021-10-23T21:39:07+05:30"
91,141,154,28.84,55.64,1635005696929,"2021-10-23T21:44:56+05:30"
90,137,160,28.79,55.38,1635005748539,"2021-10-23T21:45:48+05:30"
90,137,153,28.77,55.92,1635005759082,"2021-10-23T21:45:59+05:30"
91,136,153,28.77,56.24,1635005789634,"2021-10-23T21:46:29+05:30"
91,140,160,28.76,56.16,1635005820275,"2021-10-23T21:47:00+05:30"
86,129,149,28.77,56.4,1635005869385,"2021-10-23T21:47:49+05:30"
89,133,152,28.77,55.94,1635005879838,"2021-10-23T21:47:59+05:30"
90,134,150,28.78,56.15,1635005928058,"2021-10-23T21:48:48+05:30"
88,133,148,28.75,56.07,1635005938713,"2021-10-23T21:48:58+05:30"
89,134,145,28.73,56.35,1635005969203,"2021-10-23T21:49:29+05:30"
96,144,157,28.71,56.73,1635006049397,"2021-10-23T21:50:49+05:30"
98,148,159,28.73,56.76,1635006059658,"2021-10-23T21:50:59+05:30"
94,141,154,28.71,57.55,1635006440358,"2021-10-23T21:57:20+05:30"
92,138,157,28.73,57.45,1635006454939,"2021-10-23T21:57:34+05:30"
94,148,163,28.72,57.38,1635006525385,"2021-10-23T21:58:45+05:30"
92,144,161,28.73,57.01,1635006589560,"2021-10-23T21:59:49+05:30"
95,147,159,28.68,57.07,1635006606929,"2021-10-23T22:00:06+05:30"
98,152,171,28.56,56.46,1635006637673,"2021-10-23T22:00:37+05:30"
99,153,173,28.37,57,1635006668578,"2021-10-23T22:01:08+05:30"