"pm1_0","pm2_5","pm10","temp","humid","createdAt","localtime"
55,92,103,29.95,52.72,1633930359263,"2021-10-11T11:02:39+05:30"
53,89,101,30.31,51.56,1633930369156,"2021-10-11T11:02:49+05:30"
51,85,95,30.53,50.28,1633930399735,"2021-10-11T11:03:19+05:30"
50,81,87,30.72,49.65,1633930430315,"2021-10-11T11:03:50+05:30"
44,75,82,30.91,48,1633930461028,"2021-10-11T11:04:21+05:30"
39,60,72,31.14,47.22,1633930491479,"2021-10-11T11:04:51+05:30"
39,62,72,31.3,47.27,1633930522089,"2021-10-11T11:05:22+05:30"
48,78,86,31.35,48.47,1633930552629,"2021-10-11T11:05:52+05:30"
60,97,107,31.31,49.2,1633930583187,"2021-10-11T11:06:23+05:30"
66,109,120,31.31,49.3,1633930613780,"2021-10-11T11:06:53+05:30"
54,89,104,31.26,50.77,1633930644350,"2021-10-11T11:07:24+05:30"
51,85,100,31.22,50.78,1633930674934,"2021-10-11T11:07:54+05:30"
53,86,98,31.34,48.09,1633930705502,"2021-10-11T11:08:25+05:30"
55,89,101,31.51,47.1,1633930736068,"2021-10-11T11:08:56+05:30"
53,82,91,31.6,46.73,1633930766641,"2021-10-11T11:09:26+05:30"
66,112,122,31.63,47.07,1633930797249,"2021-10-11T11:09:57+05:30"
70,117,129,31.64,47.03,1633930827839,"2021-10-11T11:10:27+05:30"
61,102,116,31.71,47.15,1633930858404,"2021-10-11T11:10:58+05:30"
54,90,104,31.77,46.86,1633930888979,"2021-10-11T11:11:28+05:30"
54,89,101,31.78,46.09,1633930919566,"2021-10-11T11:11:59+05:30"
72,164,284,31.76,47.35,1633930950174,"2021-10-11T11:12:30+05:30"
58,103,126,31.69,47.53,1633930980742,"2021-10-11T11:13:00+05:30"
47,82,97,31.69,47,1633931011308,"2021-10-11T11:13:31+05:30"
47,79,90,31.8,45.76,1633931041868,"2021-10-11T11:14:01+05:30"
47,79,94,31.9,46.9,1633931072453,"2021-10-11T11:14:32+05:30"
50,80,90,31.98,45.34,1633931103058,"2021-10-11T11:15:03+05:30"
48,86,113,32.01,45.9,1633931133707,"2021-10-11T11:15:33+05:30"
46,82,106,31.93,46.06,1633931164266,"2021-10-11T11:16:04+05:30"
40,74,99,31.92,45.55,1633931194838,"2021-10-11T11:16:34+05:30"
38,68,95,31.99,45.57,1633931225406,"2021-10-11T11:17:05+05:30"
48,82,99,32.01,45.66,1633931258873,"2021-10-11T11:17:38+05:30"
40,69,82,31.94,45.41,1633931288950,"2021-10-11T11:18:08+05:30"
42,68,79,31.91,45.7,1633931319519,"2021-10-11T11:18:39+05:30"
39,65,78,31.78,46.9,1633931350250,"2021-10-11T11:19:10+05:30"
46,76,86,31.77,45.68,1633931380720,"2021-10-11T11:19:40+05:30"
39,62,74,31.87,44.66,1633931411292,"2021-10-11T11:20:11+05:30"
34,53,68,31.94,44.51,1633931441844,"2021-10-11T11:20:41+05:30"
106,162,177,31.97,44.59,1633931472451,"2021-10-11T11:21:12+05:30"
86,142,159,31.97,45.16,1633931503124,"2021-10-11T11:21:43+05:30"
219,396,441,31.84,46.76,1633931533704,"2021-10-11T11:22:13+05:30"
193,343,386,31.85,46.6,1633931564298,"2021-10-11T11:22:44+05:30"
218,399,446,31.81,46.47,1633931594869,"2021-10-11T11:23:14+05:30"
224,431,476,31.79,46.94,1633931625516,"2021-10-11T11:23:45+05:30"
290,586,659,31.66,48.28,1633931656052,"2021-10-11T11:24:16+05:30"
295,616,693,31.58,48.69,1633931686649,"2021-10-11T11:24:46+05:30"
297,614,688,31.51,49.29,1633931717211,"2021-10-11T11:25:17+05:30"
219,425,469,31.45,49.33,1633931747814,"2021-10-11T11:25:47+05:30"
270,543,606,31.4,50.16,1633931778384,"2021-10-11T11:26:18+05:30"
246,504,568,31.36,50.07,1633931808977,"2021-10-11T11:26:48+05:30"
286,607,693,31.35,50.12,1633931839649,"2021-10-11T11:27:19+05:30"
311,681,773,31.37,49.99,1633931860402,"2021-10-11T11:27:40+05:30"
311,672,756,31.37,50.47,1633931890868,"2021-10-11T11:28:10+05:30"
275,572,646,31.36,50.18,1633931921439,"2021-10-11T11:28:41+05:30"
337,765,862,31.4,49.91,1633931952019,"2021-10-11T11:29:12+05:30"
292,603,683,31.48,48.92,1633931982607,"2021-10-11T11:29:42+05:30"
329,770,876,31.5,49.34,1633932013207,"2021-10-11T11:30:13+05:30"
253,534,610,31.51,48.69,1633932043811,"2021-10-11T11:30:43+05:30"
166,291,327,31.63,46.73,1633932074411,"2021-10-11T11:31:14+05:30"
194,356,390,31.74,46.12,1633932104982,"2021-10-11T11:31:44+05:30"
245,488,541,31.8,45.91,1633932136065,"2021-10-11T11:32:16+05:30"
327,737,835,31.72,47.47,1633932164435,"2021-10-11T11:32:44+05:30"
338,803,905,31.62,48.22,1633932195098,"2021-10-11T11:33:15+05:30"
310,692,782,31.62,47.62,1633932225986,"2021-10-11T11:33:45+05:30"
207,406,448,31.73,46.22,1633932256548,"2021-10-11T11:34:16+05:30"
197,387,430,31.85,45.01,1633932287112,"2021-10-11T11:34:47+05:30"
193,354,393,31.98,44.38,1633932317714,"2021-10-11T11:35:17+05:30"
258,518,581,31.99,44.95,1633932348274,"2021-10-11T11:35:48+05:30"
288,603,679,31.96,45.88,1633932378882,"2021-10-11T11:36:18+05:30"
192,383,432,31.93,45.45,1633932409455,"2021-10-11T11:36:49+05:30"
319,739,841,31.84,46.91,1633932440078,"2021-10-11T11:37:20+05:30"
323,727,832,31.81,46.48,1633932470641,"2021-10-11T11:37:50+05:30"
246,492,550,31.88,45.35,1633932501313,"2021-10-11T11:38:21+05:30"
297,635,720,31.82,46.48,1633932531930,"2021-10-11T11:38:51+05:30"
342,821,948,31.73,47.25,1633932562427,"2021-10-11T11:39:22+05:30"
256,536,606,31.77,46.32,1633932593015,"2021-10-11T11:39:53+05:30"
267,547,617,31.8,46.91,1633932623626,"2021-10-11T11:40:23+05:30"
281,591,672,31.79,46.73,1633932654241,"2021-10-11T11:40:54+05:30"
319,727,837,31.7,47.76,1633932684814,"2021-10-11T11:41:24+05:30"
322,724,824,31.62,48.4,1633932715396,"2021-10-11T11:41:55+05:30"
314,701,802,31.55,48.96,1633932745988,"2021-10-11T11:42:25+05:30"
318,732,846,31.52,49,1633932776617,"2021-10-11T11:42:56+05:30"
284,613,702,31.6,48.02,1633932807133,"2021-10-11T11:43:27+05:30"
233,449,499,31.7,47.06,1633932837725,"2021-10-11T11:43:57+05:30"
215,429,473,31.76,47.04,1633932868329,"2021-10-11T11:44:28+05:30"
298,642,731,31.74,47.45,1633932898915,"2021-10-11T11:44:58+05:30"
238,483,554,31.75,46.43,1633932929520,"2021-10-11T11:45:29+05:30"
156,301,334,31.82,45.9,1633932960125,"2021-10-11T11:46:00+05:30"
255,522,589,31.79,46.55,1633932990683,"2021-10-11T11:46:30+05:30"
240,484,550,31.75,47.52,1633933021323,"2021-10-11T11:47:01+05:30"
289,635,726,31.67,48.23,1633933051887,"2021-10-11T11:47:31+05:30"
216,441,503,31.65,47.58,1633933079388,"2021-10-11T11:47:59+05:30"
121,217,244,31.8,46.01,1633933109427,"2021-10-11T11:48:29+05:30"
178,358,410,31.82,47.19,1633933139982,"2021-10-11T11:48:59+05:30"
235,473,534,31.7,48.07,1633933170589,"2021-10-11T11:49:30+05:30"
257,532,615,31.63,48.49,1633933201205,"2021-10-11T11:50:01+05:30"
237,492,573,31.61,48.19,1633933231779,"2021-10-11T11:50:31+05:30"
208,424,478,31.63,48.36,1633933262444,"2021-10-11T11:51:02+05:30"
230,503,582,31.61,48.24,1633933293015,"2021-10-11T11:51:33+05:30"
225,486,573,31.62,48.3,1633933323619,"2021-10-11T11:52:03+05:30"
283,663,785,31.56,49.13,1633933354226,"2021-10-11T11:52:34+05:30"
264,605,709,31.52,48.99,1633933384825,"2021-10-11T11:53:04+05:30"
288,660,761,31.48,49.53,1633933415447,"2021-10-11T11:53:35+05:30"
285,624,716,31.45,50.27,1633933445968,"2021-10-11T11:54:05+05:30"
278,587,669,31.43,50.29,1633933476590,"2021-10-11T11:54:36+05:30"
236,459,515,31.45,49.82,1633933507143,"2021-10-11T11:55:07+05:30"
189,344,386,31.52,48.57,1633933537736,"2021-10-11T11:55:37+05:30"
205,383,431,31.52,49.63,1633933568319,"2021-10-11T11:56:08+05:30"
157,281,315,31.49,49.38,1633933598920,"2021-10-11T11:56:38+05:30"
158,274,306,31.48,49.8,1633933629516,"2021-10-11T11:57:09+05:30"
151,267,292,31.45,50.42,1633933660101,"2021-10-11T11:57:40+05:30"
129,225,254,31.43,50.39,1633933690688,"2021-10-11T11:58:10+05:30"
118,197,213,31.4,50.69,1633933721288,"2021-10-11T11:58:41+05:30"
121,200,221,31.36,50.99,1633933751878,"2021-10-11T11:59:11+05:30"
108,179,200,31.33,51.28,1633933782583,"2021-10-11T11:59:42+05:30"
104,174,195,31.3,51.48,1633933813075,"2021-10-11T12:00:13+05:30"
90,145,158,31.43,50.63,1633933958192,"2021-10-11T12:02:38+05:30"
84,136,149,31.42,50.61,1633933968484,"2021-10-11T12:02:48+05:30"
88,141,159,31.41,50.76,1633933999212,"2021-10-11T12:03:19+05:30"
82,133,148,31.42,50.71,1633934029913,"2021-10-11T12:03:49+05:30"
70,113,124,31.44,49.94,1633934050210,"2021-10-11T12:04:10+05:30"
68,106,117,31.5,50.02,1633934080739,"2021-10-11T12:04:40+05:30"
71,113,123,31.49,50.41,1633934111322,"2021-10-11T12:05:11+05:30"
68,109,120,31.49,50.09,1633934141891,"2021-10-11T12:05:41+05:30"
66,104,112,31.5,50.07,1633934172473,"2021-10-11T12:06:12+05:30"
60,94,101,31.53,50.02,1633934203061,"2021-10-11T12:06:43+05:30"
58,91,100,31.52,49.79,1633934233631,"2021-10-11T12:07:13+05:30"
57,88,95,31.52,50.03,1633934264191,"2021-10-11T12:07:44+05:30"
48,77,84,31.56,49.24,1633934294794,"2021-10-11T12:08:14+05:30"
42,67,76,31.6,48.59,1633934325397,"2021-10-11T12:08:45+05:30"
47,74,85,31.66,48.85,1633934355966,"2021-10-11T12:09:15+05:30"
46,74,80,31.63,49.22,1633934386522,"2021-10-11T12:09:46+05:30"
50,78,83,31.6,49.98,1633934417127,"2021-10-11T12:10:17+05:30"
46,70,76,31.62,49.44,1633934447714,"2021-10-11T12:10:47+05:30"
56,87,94,31.69,48.39,1633934478321,"2021-10-11T12:11:18+05:30"
66,104,112,31.74,47.9,1633934508956,"2021-10-11T12:11:48+05:30"
60,96,103,31.71,48.54,1633934539455,"2021-10-11T12:12:19+05:30"
53,81,90,31.72,48.25,1633934570073,"2021-10-11T12:12:50+05:30"
47,73,80,31.79,47.88,1633934600660,"2021-10-11T12:13:20+05:30"
43,67,76,31.82,47.61,1633934631199,"2021-10-11T12:13:51+05:30"
40,62,74,31.82,47.12,1633934661778,"2021-10-11T12:14:21+05:30"
40,62,72,31.8,46.97,1633934692368,"2021-10-11T12:14:52+05:30"
39,63,74,31.86,46.55,1633934722945,"2021-10-11T12:15:22+05:30"
41,63,73,31.79,47.4,1633934753520,"2021-10-11T12:15:53+05:30"
42,61,71,31.76,47.72,1633934784115,"2021-10-11T12:16:24+05:30"
36,57,70,31.8,47.08,1633934814725,"2021-10-11T12:16:54+05:30"
34,53,68,31.86,46.64,1633934845268,"2021-10-11T12:17:25+05:30"
34,53,67,31.84,47.01,1633934877669,"2021-10-11T12:17:57+05:30"
47,75,86,31.82,46.88,1633934907774,"2021-10-11T12:18:27+05:30"
53,82,89,31.74,47.51,1633934938331,"2021-10-11T12:18:58+05:30"
42,65,76,31.73,47.46,1633934968929,"2021-10-11T12:19:28+05:30"
40,65,76,31.74,47.63,1633934999525,"2021-10-11T12:19:59+05:30"
41,67,75,31.72,47.64,1633935030102,"2021-10-11T12:20:30+05:30"
42,66,75,31.7,48.19,1633935060748,"2021-10-11T12:21:00+05:30"
41,64,75,31.66,48.36,1633935091262,"2021-10-11T12:21:31+05:30"
43,69,78,31.68,48.65,1633935121960,"2021-10-11T12:22:01+05:30"
54,87,95,31.72,47.59,1633935152422,"2021-10-11T12:22:32+05:30"
49,81,89,31.79,46.61,1633935183000,"2021-10-11T12:23:03+05:30"
49,77,85,31.79,48.05,1633935213678,"2021-10-11T12:23:33+05:30"
52,83,90,31.73,48.7,1633935244163,"2021-10-11T12:24:04+05:30"
57,94,103,31.66,49.19,1633935274746,"2021-10-11T12:24:34+05:30"
61,102,112,31.65,49.01,1633935305314,"2021-10-11T12:25:05+05:30"
60,98,105,31.63,49.32,1633935335909,"2021-10-11T12:25:35+05:30"
60,100,111,31.59,49.78,1633935366491,"2021-10-11T12:26:06+05:30"
66,105,116,31.56,49.38,1633935397129,"2021-10-11T12:26:37+05:30"
67,106,118,31.55,49.83,1633935427634,"2021-10-11T12:27:07+05:30"
63,103,112,31.55,49.85,1633935458238,"2021-10-11T12:27:38+05:30"
64,102,109,31.66,47.85,1633935488816,"2021-10-11T12:28:08+05:30"
78,122,133,31.7,48.4,1633935519396,"2021-10-11T12:28:39+05:30"
78,121,131,31.68,48.91,1633935549966,"2021-10-11T12:29:09+05:30"
115,186,203,31.64,48.69,1633935580608,"2021-10-11T12:29:40+05:30"
130,217,241,31.7,47.52,1633935611148,"2021-10-11T12:30:11+05:30"
143,242,270,31.73,47.66,1633935641748,"2021-10-11T12:30:41+05:30"
142,242,268,31.7,48.23,1633935672320,"2021-10-11T12:31:12+05:30"
128,213,236,31.68,48.08,1633935702932,"2021-10-11T12:31:42+05:30"
127,213,236,31.66,48.69,1633935733717,"2021-10-11T12:32:13+05:30"
124,211,235,31.61,49.37,1633935759808,"2021-10-11T12:32:39+05:30"
127,215,243,31.57,49.52,1633935790054,"2021-10-11T12:33:10+05:30"
123,207,233,31.56,49.61,1633935820646,"2021-10-11T12:33:40+05:30"
121,199,214,31.6,49.16,1633935851242,"2021-10-11T12:34:11+05:30"
110,182,196,31.62,49.17,1633935881900,"2021-10-11T12:34:41+05:30"
105,172,193,31.63,48.76,1633935912471,"2021-10-11T12:35:12+05:30"
116,198,218,31.65,48.5,1633935943054,"2021-10-11T12:35:43+05:30"
106,180,203,31.69,48.09,1633935973653,"2021-10-11T12:36:13+05:30"
96,159,180,31.72,47.92,1633936004578,"2021-10-11T12:36:44+05:30"
84,139,153,31.74,47.71,1633936034819,"2021-10-11T12:37:14+05:30"
74,123,139,31.78,47.21,1633936065388,"2021-10-11T12:37:45+05:30"
87,145,162,31.77,47.48,1633936095976,"2021-10-11T12:38:15+05:30"
98,165,184,31.78,47.26,1633936126626,"2021-10-11T12:38:46+05:30"
93,151,168,31.8,47.45,1633936157151,"2021-10-11T12:39:17+05:30"
91,150,163,31.84,47.41,1633936187731,"2021-10-11T12:39:47+05:30"
79,132,149,31.89,47.15,1633936218293,"2021-10-11T12:40:18+05:30"
71,117,130,31.92,46.97,1633936248924,"2021-10-11T12:40:48+05:30"
70,111,122,31.93,46.68,1633936279542,"2021-10-11T12:41:19+05:30"
66,106,116,31.93,46.26,1633936310145,"2021-10-11T12:41:50+05:30"
68,106,117,31.99,45.87,1633936340711,"2021-10-11T12:42:20+05:30"
66,109,127,31.95,46.68,1633936371271,"2021-10-11T12:42:51+05:30"
63,100,112,31.88,47.33,1633936401879,"2021-10-11T12:43:21+05:30"
63,102,110,31.83,47.62,1633936432485,"2021-10-11T12:43:52+05:30"
58,92,102,31.83,47.63,1633936463045,"2021-10-11T12:44:23+05:30"
57,90,97,31.85,48,1633936493598,"2021-10-11T12:44:53+05:30"
58,91,99,31.83,48.16,1633936524343,"2021-10-11T12:45:24+05:30"
54,85,93,31.81,48.22,1633936554792,"2021-10-11T12:45:54+05:30"
54,88,96,31.78,48.6,1633936585374,"2021-10-11T12:46:25+05:30"
56,88,97,31.75,48.79,1633936615968,"2021-10-11T12:46:55+05:30"
56,87,94,31.71,49.07,1633936646524,"2021-10-11T12:47:26+05:30"
55,88,96,31.69,49.31,1633936680899,"2021-10-11T12:48:00+05:30"
56,87,98,31.67,49.83,1633936711433,"2021-10-11T12:48:31+05:30"
66,106,116,31.64,50.49,1633936742279,"2021-10-11T12:49:02+05:30"
97,160,175,31.59,50.51,1633936762595,"2021-10-11T12:49:22+05:30"
91,146,159,31.59,50.13,1633936793495,"2021-10-11T12:49:53+05:30"
104,165,179,31.66,49.39,1633936824077,"2021-10-11T12:50:24+05:30"
91,146,162,31.72,48.02,1633936854661,"2021-10-11T12:50:54+05:30"
84,134,144,31.77,47.99,1633936885254,"2021-10-11T12:51:25+05:30"
77,125,137,31.81,47.1,1633936915845,"2021-10-11T12:51:55+05:30"
68,108,119,31.84,47.11,1633936946444,"2021-10-11T12:52:26+05:30"
65,104,115,31.84,46.88,1633936977008,"2021-10-11T12:52:57+05:30"
62,99,107,31.84,46.67,1633937007612,"2021-10-11T12:53:27+05:30"
56,87,96,31.83,46.29,1633937038183,"2021-10-11T12:53:58+05:30"
52,79,88,31.79,46.53,1633937068741,"2021-10-11T12:54:28+05:30"
49,79,86,31.75,46.74,1633937099313,"2021-10-11T12:54:59+05:30"
46,76,83,31.72,47.19,1633937129916,"2021-10-11T12:55:29+05:30"
51,80,90,31.65,48.14,1633937160583,"2021-10-11T12:56:00+05:30"
49,79,87,31.62,48.64,1633937191073,"2021-10-11T12:56:31+05:30"
51,82,89,31.6,49.27,1633937221635,"2021-10-11T12:57:01+05:30"
45,74,84,31.62,48.31,1633937252250,"2021-10-11T12:57:32+05:30"
39,62,74,31.71,46.89,1633937282911,"2021-10-11T12:58:02+05:30"
37,60,71,31.78,46.05,1633937313485,"2021-10-11T12:58:33+05:30"
38,59,71,31.82,46.19,1633937344069,"2021-10-11T12:59:04+05:30"
35,54,68,31.84,45.62,1633937374632,"2021-10-11T12:59:34+05:30"
34,53,68,31.87,45.55,1633937405204,"2021-10-11T13:00:05+05:30"
35,54,68,31.85,46.19,1633937435802,"2021-10-11T13:00:35+05:30"
34,52,67,31.81,46.39,1633937466395,"2021-10-11T13:01:06+05:30"
35,55,68,31.77,47.07,1633937496977,"2021-10-11T13:01:36+05:30"
36,57,70,31.7,48.11,1633937527565,"2021-10-11T13:02:07+05:30"
41,58,72,31.65,48.6,1633937559984,"2021-10-11T13:02:39+05:30"
48,74,82,31.61,48.95,1633937590468,"2021-10-11T13:03:10+05:30"
75,121,132,31.58,49.94,1633937621031,"2021-10-11T13:03:41+05:30"
123,192,209,31.55,50.07,1633937651744,"2021-10-11T13:04:11+05:30"
227,382,421,31.52,50.2,1633937682325,"2021-10-11T13:04:42+05:30"
216,359,391,31.52,49.7,1633937712861,"2021-10-11T13:05:12+05:30"
199,328,360,31.53,50.31,1633937743466,"2021-10-11T13:05:43+05:30"
167,266,286,31.58,49.28,1633937774049,"2021-10-11T13:06:14+05:30"
147,232,254,31.61,49.47,1633937804675,"2021-10-11T13:06:44+05:30"
124,195,209,31.6,49.52,1633937835231,"2021-10-11T13:07:15+05:30"
112,178,194,31.61,49.85,1633937865833,"2021-10-11T13:07:45+05:30"
121,191,207,31.58,50.8,1633937896411,"2021-10-11T13:08:16+05:30"
117,182,196,31.56,50.83,1633937927019,"2021-10-11T13:08:47+05:30"
81,124,138,31.54,50.51,1633937957596,"2021-10-11T13:09:17+05:30"
96,151,163,31.55,51.06,1633937988183,"2021-10-11T13:09:48+05:30"
164,271,298,31.53,51.62,1633938018754,"2021-10-11T13:10:18+05:30"
180,297,327,31.51,51.75,1633938049342,"2021-10-11T13:10:49+05:30"
239,429,472,31.49,52.22,1633938080065,"2021-10-11T13:11:20+05:30"
282,544,601,31.47,52.2,1633938110608,"2021-10-11T13:11:50+05:30"
249,459,506,31.51,50.88,1633938141199,"2021-10-11T13:12:21+05:30"
180,307,332,31.62,50.07,1633938171778,"2021-10-11T13:12:51+05:30"
246,436,481,31.62,51.23,1633938202343,"2021-10-11T13:13:22+05:30"
272,512,563,31.6,51.49,1633938232937,"2021-10-11T13:13:52+05:30"
292,560,617,31.59,51.18,1633938263541,"2021-10-11T13:14:23+05:30"
281,517,564,31.63,50.56,1633938294161,"2021-10-11T13:14:54+05:30"
248,444,496,31.72,49.39,1633938324725,"2021-10-11T13:15:24+05:30"
190,326,356,31.79,48.33,1633938355300,"2021-10-11T13:15:55+05:30"
178,298,330,31.8,49.25,1633938385932,"2021-10-11T13:16:25+05:30"
185,314,340,31.79,49.29,1633938416521,"2021-10-11T13:16:56+05:30"
154,252,277,31.85,48.06,1633938447110,"2021-10-11T13:17:27+05:30"
132,217,234,31.86,47.91,1633938469594,"2021-10-11T13:17:49+05:30"
114,179,198,31.86,47.73,1633938499595,"2021-10-11T13:18:19+05:30"
129,210,227,31.82,48.38,1633938530186,"2021-10-11T13:18:50+05:30"
142,229,250,31.79,48.4,1633938561071,"2021-10-11T13:19:21+05:30"
133,216,240,31.77,48.34,1633938591541,"2021-10-11T13:19:51+05:30"
119,190,207,31.81,47.95,1633938622067,"2021-10-11T13:20:22+05:30"
124,206,220,31.79,49.03,1633938652872,"2021-10-11T13:20:52+05:30"
120,194,214,31.76,49.12,1633938683333,"2021-10-11T13:21:23+05:30"
114,185,199,31.72,49.44,1633938714011,"2021-10-11T13:21:54+05:30"
190,340,378,31.68,50.12,1633938745070,"2021-10-11T13:22:25+05:30"
230,416,460,31.65,50.27,1633938775738,"2021-10-11T13:22:55+05:30"
240,440,498,31.67,49.76,1633938806834,"2021-10-11T13:23:26+05:30"
230,421,469,31.67,49.97,1633938837253,"2021-10-11T13:23:57+05:30"
228,415,469,31.65,50.51,1633938867857,"2021-10-11T13:24:27+05:30"
53,83,92,29.78,61.68,1633954105440,"2021-10-11T17:38:25+05:30"
53,83,95,29.92,61.54,1633954115579,"2021-10-11T17:38:35+05:30"
52,82,98,30.08,61.4,1633954146139,"2021-10-11T17:39:06+05:30"
50,84,95,30.22,61.2,1633954176726,"2021-10-11T17:39:36+05:30"
50,83,97,30.34,61.07,1633954207319,"2021-10-11T17:40:07+05:30"
51,83,96,30.43,61.21,1633954237914,"2021-10-11T17:40:37+05:30"
50,80,95,30.51,61.06,1633954268602,"2021-10-11T17:41:08+05:30"
53,83,96,30.57,60.89,1633954299221,"2021-10-11T17:41:39+05:30"
53,81,93,30.62,60.87,1633954329780,"2021-10-11T17:42:09+05:30"
52,82,94,30.67,60.84,1633954360364,"2021-10-11T17:42:40+05:30"
51,82,93,30.71,60.83,1633954390950,"2021-10-11T17:43:10+05:30"
49,82,96,30.74,60.79,1633954421513,"2021-10-11T17:43:41+05:30"
51,83,96,30.77,60.78,1633954452121,"2021-10-11T17:44:12+05:30"
49,78,91,30.79,60.85,1633954482696,"2021-10-11T17:44:42+05:30"
50,77,92,30.81,60.95,1633954513280,"2021-10-11T17:45:13+05:30"
49,79,89,30.83,61,1633954543842,"2021-10-11T17:45:43+05:30"
51,78,95,30.85,60.99,1633954574398,"2021-10-11T17:46:14+05:30"
49,78,91,30.87,61,1633954604988,"2021-10-11T17:46:44+05:30"
50,77,88,30.88,60.98,1633954635542,"2021-10-11T17:47:15+05:30"
50,80,92,30.89,61.09,1633954666134,"2021-10-11T17:47:46+05:30"
53,82,93,30.9,61.1,1633954696711,"2021-10-11T17:48:16+05:30"
52,81,94,30.91,61.21,1633954727282,"2021-10-11T17:48:47+05:30"
53,83,94,30.92,61.29,1633954757863,"2021-10-11T17:49:17+05:30"
52,82,93,30.94,61.19,1633954788518,"2021-10-11T17:49:48+05:30"
54,85,96,30.96,61.07,1633954819029,"2021-10-11T17:50:19+05:30"
57,88,101,30.97,61.08,1633954849601,"2021-10-11T17:50:49+05:30"
56,86,96,30.99,61.16,1633954880271,"2021-10-11T17:51:20+05:30"
57,88,102,31.01,61.15,1633954910872,"2021-10-11T17:51:50+05:30"
55,85,96,31.02,61.18,1633954941471,"2021-10-11T17:52:21+05:30"
56,87,102,31.02,61.16,1633954972086,"2021-10-11T17:52:52+05:30"
57,88,97,31.03,61.16,1633955006247,"2021-10-11T17:53:26+05:30"
59,89,98,31.03,61.14,1633955036525,"2021-10-11T17:53:56+05:30"
59,90,102,31.02,61.14,1633955067113,"2021-10-11T17:54:27+05:30"
61,93,103,31.01,60.99,1633955097679,"2021-10-11T17:54:57+05:30"
62,98,106,31.02,60.87,1633955128256,"2021-10-11T17:55:28+05:30"
64,102,114,31.01,60.66,1633955158856,"2021-10-11T17:55:58+05:30"
66,104,117,31.01,60.59,1633955189449,"2021-10-11T17:56:29+05:30"
72,112,123,31.01,60.38,1633955220300,"2021-10-11T17:57:00+05:30"
80,125,141,31,60.08,1633955240775,"2021-10-11T17:57:20+05:30"
82,127,138,31,60.01,1633955271518,"2021-10-11T17:57:51+05:30"
88,139,161,31,59.89,1633955346027,"2021-10-11T17:59:06+05:30"
88,140,163,31,59.85,1633955362979,"2021-10-11T17:59:22+05:30"
123,193,212,31.02,59.97,1633955615550,"2021-10-11T18:03:35+05:30"
154,253,285,31.09,59.68,1633956043962,"2021-10-11T18:10:43+05:30"
153,245,272,31.09,59.56,1633956063365,"2021-10-11T18:11:03+05:30"
154,252,286,31.11,59.68,1633956093945,"2021-10-11T18:11:33+05:30"
152,253,290,31.13,59.57,1633956126272,"2021-10-11T18:12:06+05:30"
184,295,335,31.13,59.18,1633956367762,"2021-10-11T18:16:07+05:30"
228,395,449,31.2,59.43,1633956504912,"2021-10-11T18:18:24+05:30"
219,380,431,31.22,59.52,1633956520106,"2021-10-11T18:18:40+05:30"
211,361,417,31.21,59.46,1633956551471,"2021-10-11T18:19:11+05:30"
207,346,393,31.22,59.5,1633956581823,"2021-10-11T18:19:41+05:30"
197,330,373,31.23,59.5,1633956612356,"2021-10-11T18:20:12+05:30"
190,311,352,31.24,59.5,1633956642936,"2021-10-11T18:20:42+05:30"
184,303,345,31.25,59.39,1633956673510,"2021-10-11T18:21:13+05:30"
180,297,335,31.24,59.28,1633956704094,"2021-10-11T18:21:44+05:30"
174,287,326,31.23,59.18,1633956734689,"2021-10-11T18:22:14+05:30"
171,279,312,31.23,59.19,1633956765276,"2021-10-11T18:22:45+05:30"
171,278,314,31.23,59.13,1633956795879,"2021-10-11T18:23:15+05:30"
165,273,309,31.23,59.24,1633956826484,"2021-10-11T18:23:46+05:30"
165,270,298,31.25,59.2,1633956857056,"2021-10-11T18:24:17+05:30"
157,253,277,31.26,59.22,1633956887656,"2021-10-11T18:24:47+05:30"
159,257,287,31.26,59.2,1633956918247,"2021-10-11T18:25:18+05:30"
158,250,278,31.27,59.4,1633956948848,"2021-10-11T18:25:48+05:30"
156,249,278,31.28,59.5,1633956979436,"2021-10-11T18:26:19+05:30"
157,250,280,31.29,59.54,1633957010055,"2021-10-11T18:26:50+05:30"
156,255,286,31.29,59.47,1633957040600,"2021-10-11T18:27:20+05:30"
159,251,287,31.31,59.55,1633957071169,"2021-10-11T18:27:51+05:30"
159,255,286,31.32,59.57,1633957101767,"2021-10-11T18:28:21+05:30"
158,254,282,31.32,59.59,1633957132357,"2021-10-11T18:28:52+05:30"
160,252,278,31.32,59.53,1633957162927,"2021-10-11T18:29:22+05:30"
165,253,282,31.32,59.58,1633957193504,"2021-10-11T18:29:53+05:30"
167,269,309,31.31,59.63,1633957224100,"2021-10-11T18:30:24+05:30"
171,278,306,31.3,59.48,1633957254724,"2021-10-11T18:30:54+05:30"
173,281,316,31.3,59.57,1633957285278,"2021-10-11T18:31:25+05:30"
174,281,319,31.29,59.55,1633957315887,"2021-10-11T18:31:55+05:30"
173,282,321,31.31,59.54,1633957346478,"2021-10-11T18:32:26+05:30"
174,283,314,31.31,59.63,1633957377055,"2021-10-11T18:32:57+05:30"
178,287,311,31.32,59.77,1633957406379,"2021-10-11T18:33:26+05:30"
176,282,309,31.32,59.84,1633957436894,"2021-10-11T18:33:56+05:30"
174,278,312,31.33,59.8,1633957467468,"2021-10-11T18:34:27+05:30"
168,274,312,31.33,59.71,1633957498064,"2021-10-11T18:34:58+05:30"
168,272,303,31.34,59.85,1633957528647,"2021-10-11T18:35:28+05:30"
167,266,294,31.35,59.76,1633957559212,"2021-10-11T18:35:59+05:30"
162,256,295,31.34,59.61,1633957589790,"2021-10-11T18:36:29+05:30"
158,253,283,31.35,59.63,1633957620396,"2021-10-11T18:37:00+05:30"
154,247,273,31.35,59.38,1633957651016,"2021-10-11T18:37:31+05:30"
157,249,276,31.34,59.52,1633957681798,"2021-10-11T18:38:01+05:30"
150,245,270,31.33,59.14,1633957712128,"2021-10-11T18:38:32+05:30"
150,238,266,31.33,59.28,1633957742733,"2021-10-11T18:39:02+05:30"
151,240,261,31.32,59.3,1633957773307,"2021-10-11T18:39:33+05:30"
147,235,265,31.33,59.24,1633957803910,"2021-10-11T18:40:03+05:30"
144,237,271,31.32,59.2,1633957834532,"2021-10-11T18:40:34+05:30"
147,237,267,31.34,59.36,1633957865125,"2021-10-11T18:41:05+05:30"
146,235,256,31.34,59.52,1633957895681,"2021-10-11T18:41:35+05:30"
143,231,258,31.34,59.39,1633957926241,"2021-10-11T18:42:06+05:30"
146,225,248,31.33,59.42,1633957957122,"2021-10-11T18:42:37+05:30"
146,233,262,31.33,59.42,1633957987695,"2021-10-11T18:43:07+05:30"
144,227,254,31.33,59.41,1633958018267,"2021-10-11T18:43:38+05:30"
143,232,254,31.33,59.56,1633958049078,"2021-10-11T18:44:09+05:30"
143,225,244,31.32,59.56,1633958069232,"2021-10-11T18:44:29+05:30"
146,234,258,31.31,59.61,1633958099830,"2021-10-11T18:44:59+05:30"
150,239,271,31.3,59.5,1633958130435,"2021-10-11T18:45:30+05:30"
155,242,269,31.27,59.43,1633958160997,"2021-10-11T18:46:00+05:30"
154,242,274,31.28,59.89,1633958191555,"2021-10-11T18:46:31+05:30"
153,248,280,31.29,59.79,1633958222159,"2021-10-11T18:47:02+05:30"
158,252,277,31.28,59.75,1633958252751,"2021-10-11T18:47:32+05:30"
159,250,284,31.28,59.78,1633958283364,"2021-10-11T18:48:03+05:30"
158,259,292,31.29,59.89,1633958313061,"2021-10-11T18:48:33+05:30"
158,253,284,31.29,59.82,1633958343159,"2021-10-11T18:49:03+05:30"
159,256,282,31.3,59.78,1633958373739,"2021-10-11T18:49:33+05:30"
161,257,286,31.29,59.57,1633958404347,"2021-10-11T18:50:04+05:30"
163,259,285,31.29,59.58,1633958434926,"2021-10-11T18:50:34+05:30"
163,258,283,31.27,59.41,1633958465546,"2021-10-11T18:51:05+05:30"
161,265,295,31.26,59.68,1633958496061,"2021-10-11T18:51:36+05:30"
176,293,331,31.25,59.61,1633958526954,"2021-10-11T18:52:06+05:30"
183,301,332,31.25,59.55,1633958557541,"2021-10-11T18:52:37+05:30"
193,324,363,31.24,59.55,1633958588134,"2021-10-11T18:53:08+05:30"
200,335,376,31.25,59.62,1633958618708,"2021-10-11T18:53:38+05:30"
200,329,368,31.24,59.63,1633958649305,"2021-10-11T18:54:09+05:30"
195,318,367,31.26,59.73,1633958679862,"2021-10-11T18:54:39+05:30"
193,323,366,31.3,59.74,1633958710453,"2021-10-11T18:55:10+05:30"
209,358,413,31.38,59.84,1633958741036,"2021-10-11T18:55:41+05:30"
213,362,409,31.45,59.64,1633958771635,"2021-10-11T18:56:11+05:30"
208,352,408,31.49,59.44,1633958802199,"2021-10-11T18:56:42+05:30"
210,365,421,31.54,59.45,1633958832780,"2021-10-11T18:57:12+05:30"
201,344,389,31.57,59.42,1633958863373,"2021-10-11T18:57:43+05:30"
199,334,376,31.6,59.42,1633958893931,"2021-10-11T18:58:13+05:30"
202,346,394,31.62,59.47,1633958924506,"2021-10-11T18:58:44+05:30"
208,354,408,31.65,59.49,1633958955151,"2021-10-11T18:59:15+05:30"
197,330,374,31.66,59.61,1633958985724,"2021-10-11T18:59:45+05:30"
208,370,428,31.66,59.43,1633959016314,"2021-10-11T19:00:16+05:30"
190,326,370,31.65,60,1633959046904,"2021-10-11T19:00:46+05:30"
178,299,339,31.61,59.61,1633959077484,"2021-10-11T19:01:17+05:30"
175,286,320,31.5,58.97,1633959108088,"2021-10-11T19:01:48+05:30"
176,292,328,31.4,58.92,1633959138646,"2021-10-11T19:02:18+05:30"
174,282,322,31.31,59.15,1633959169231,"2021-10-11T19:02:49+05:30"
173,285,326,31.26,59.62,1633959199807,"2021-10-11T19:03:19+05:30"
174,286,329,31.23,59.52,1633959228444,"2021-10-11T19:03:48+05:30"
172,280,315,31.19,59.37,1633959258545,"2021-10-11T19:04:18+05:30"
168,275,313,31.17,59.65,1633959289161,"2021-10-11T19:04:49+05:30"
168,271,302,31.17,59.82,1633959319741,"2021-10-11T19:05:19+05:30"
161,257,288,31.16,59.78,1633959350404,"2021-10-11T19:05:50+05:30"
161,262,297,31.17,59.79,1633959380924,"2021-10-11T19:06:20+05:30"
161,260,294,31.15,59.75,1633959411531,"2021-10-11T19:06:51+05:30"
159,261,294,31.14,59.9,1633959442122,"2021-10-11T19:07:22+05:30"
155,256,281,31.12,60.21,1633959472708,"2021-10-11T19:07:52+05:30"
155,251,280,31.11,60.16,1633959503528,"2021-10-11T19:08:23+05:30"
159,259,294,31.13,60.42,1633959534065,"2021-10-11T19:08:54+05:30"
157,256,288,31.17,60.31,1633959564514,"2021-10-11T19:09:24+05:30"
155,250,282,31.17,59.93,1633959595097,"2021-10-11T19:09:55+05:30"
156,251,291,31.18,60.08,1633959625730,"2021-10-11T19:10:25+05:30"
153,248,273,31.2,59.94,1633959656450,"2021-10-11T19:10:56+05:30"
152,241,272,31.21,59.7,1633959686929,"2021-10-11T19:11:26+05:30"
149,240,267,31.22,59.62,1633959717521,"2021-10-11T19:11:57+05:30"
148,236,274,31.23,59.7,1633959748073,"2021-10-11T19:12:28+05:30"
155,247,283,31.24,59.66,1633959778690,"2021-10-11T19:12:58+05:30"
169,280,319,31.24,59.54,1633959809229,"2021-10-11T19:13:29+05:30"
161,268,305,31.24,59.27,1633959839860,"2021-10-11T19:13:59+05:30"
152,250,278,31.24,58.53,1633959870412,"2021-10-11T19:14:30+05:30"
146,241,273,31.25,58.5,1633959900993,"2021-10-11T19:15:00+05:30"
136,222,246,31.23,58.2,1633959931555,"2021-10-11T19:15:31+05:30"
136,220,246,31.19,58.15,1633959962170,"2021-10-11T19:16:02+05:30"
144,231,259,31.2,58.53,1633959992758,"2021-10-11T19:16:32+05:30"
149,242,280,31.21,58.34,1633960023360,"2021-10-11T19:17:03+05:30"
138,228,257,31.19,58.18,1633960053886,"2021-10-11T19:17:33+05:30"
141,229,258,31.17,58.19,1633960084558,"2021-10-11T19:18:04+05:30"
149,236,266,31.14,58.37,1633960109364,"2021-10-11T19:18:29+05:30"
161,257,283,31.15,58.59,1633960139589,"2021-10-11T19:18:59+05:30"
159,247,279,31.14,58.56,1633960170090,"2021-10-11T19:19:30+05:30"
154,245,268,31.16,58.69,1633960200811,"2021-10-11T19:20:00+05:30"
148,240,270,31.19,58.27,1633960231200,"2021-10-11T19:20:31+05:30"
144,231,257,31.2,58.51,1633960261789,"2021-10-11T19:21:01+05:30"
140,218,238,31.2,58.65,1633960292418,"2021-10-11T19:21:32+05:30"
134,216,232,31.18,58.49,1633960323037,"2021-10-11T19:22:03+05:30"
135,206,224,31.17,58.31,1633960354111,"2021-10-11T19:22:34+05:30"
123,193,222,31.16,58.27,1633960384281,"2021-10-11T19:23:04+05:30"
113,179,200,31.18,57.52,1633960414873,"2021-10-11T19:23:34+05:30"
111,177,195,31.16,57.72,1633960445393,"2021-10-11T19:24:05+05:30"
106,166,190,31.12,57.37,1633960475959,"2021-10-11T19:24:35+05:30"
105,167,184,31.07,57.48,1633960506564,"2021-10-11T19:25:06+05:30"
102,160,177,31.06,57.89,1633960537145,"2021-10-11T19:25:37+05:30"
101,158,175,31.03,57.75,1633960567723,"2021-10-11T19:26:07+05:30"
98,154,171,31.02,57.71,1633960598298,"2021-10-11T19:26:38+05:30"
100,156,173,31.02,57.83,1633960628875,"2021-10-11T19:27:08+05:30"
97,154,173,31.04,58,1633960659460,"2021-10-11T19:27:39+05:30"
96,149,170,31.04,58.09,1633960690079,"2021-10-11T19:28:10+05:30"
102,157,174,31.04,58.32,1633960720696,"2021-10-11T19:28:40+05:30"
99,153,172,31.07,58.46,1633960751185,"2021-10-11T19:29:11+05:30"
100,154,172,31.06,58.29,1633960781819,"2021-10-11T19:29:41+05:30"
97,148,161,31.07,58.28,1633960812436,"2021-10-11T19:30:12+05:30"
94,152,169,31.09,58.13,1633960842954,"2021-10-11T19:30:42+05:30"
93,145,162,31.09,58,1633960873521,"2021-10-11T19:31:13+05:30"
93,142,158,31.11,57.99,1633960904117,"2021-10-11T19:31:44+05:30"
92,140,157,31.13,57.88,1633960934707,"2021-10-11T19:32:14+05:30"
89,138,153,31.12,57.77,1633960965298,"2021-10-11T19:32:45+05:30"
92,142,157,31.11,57.64,1633960995846,"2021-10-11T19:33:15+05:30"
95,145,162,31.12,57.69,1633961029493,"2021-10-11T19:33:49+05:30"
95,145,160,31.15,57.61,1633961059577,"2021-10-11T19:34:19+05:30"
99,153,169,31.14,57.5,1633961090162,"2021-10-11T19:34:50+05:30"
99,149,167,31.13,56.91,1633961120764,"2021-10-11T19:35:20+05:30"
104,161,178,31.13,57.43,1633961151346,"2021-10-11T19:35:51+05:30"
105,160,177,31.14,57.53,1633961181922,"2021-10-11T19:36:21+05:30"
109,169,187,31.11,57.46,1633961212491,"2021-10-11T19:36:52+05:30"
110,168,186,31.12,57.57,1633961243104,"2021-10-11T19:37:23+05:30"
112,172,193,31.1,57.57,1633961273686,"2021-10-11T19:37:53+05:30"
110,172,198,31.11,57.51,1633961304248,"2021-10-11T19:38:24+05:30"
114,177,198,31.08,57.5,1633961334832,"2021-10-11T19:38:54+05:30"
119,184,202,31.04,57.6,1633961365416,"2021-10-11T19:39:25+05:30"
117,185,204,31.06,58.16,1633961396018,"2021-10-11T19:39:56+05:30"
124,191,213,31.07,58.04,1633961426688,"2021-10-11T19:40:26+05:30"
123,191,220,31.04,58.05,1633961457245,"2021-10-11T19:40:57+05:30"
121,187,207,31.04,58.24,1633961487851,"2021-10-11T19:41:27+05:30"
126,196,219,31.04,58.2,1633961518400,"2021-10-11T19:41:58+05:30"
126,190,218,31.05,58.08,1633961549077,"2021-10-11T19:42:29+05:30"
123,191,218,31.05,58.12,1633961579669,"2021-10-11T19:42:59+05:30"
122,186,211,31.07,58.31,1633961610253,"2021-10-11T19:43:30+05:30"
120,183,202,31.07,58.17,1633961640833,"2021-10-11T19:44:00+05:30"
119,179,200,31.08,58.03,1633961671395,"2021-10-11T19:44:31+05:30"
117,179,201,31.08,58.04,1633961702009,"2021-10-11T19:45:02+05:30"
116,179,197,31.09,58.01,1633961732594,"2021-10-11T19:45:32+05:30"
113,175,198,31.07,57.96,1633961763167,"2021-10-11T19:46:03+05:30"
111,173,196,31.07,58.01,1633961793772,"2021-10-11T19:46:33+05:30"
110,171,190,31.04,57.92,1633961824375,"2021-10-11T19:47:04+05:30"
111,172,187,31.05,57.97,1633961855089,"2021-10-11T19:47:35+05:30"
111,170,191,31.06,57.95,1633961885638,"2021-10-11T19:48:05+05:30"
107,164,188,31.06,57.92,1633961910007,"2021-10-11T19:48:30+05:30"
104,158,175,31.06,58,1633961940607,"2021-10-11T19:49:00+05:30"
103,161,175,31.07,58.01,1633961971117,"2021-10-11T19:49:31+05:30"
98,152,168,31.06,57.81,1633962001687,"2021-10-11T19:50:01+05:30"
96,146,166,31.07,57.58,1633962032271,"2021-10-11T19:50:32+05:30"
108,167,188,31.01,59.49,1633964895787,"2021-10-11T20:38:15+05:30"
108,167,186,31.02,59.5,1633964926082,"2021-10-11T20:38:46+05:30"
107,163,184,31,59.34,1633964956676,"2021-10-11T20:39:16+05:30"
106,161,182,30.99,59.37,1633964987220,"2021-10-11T20:39:47+05:30"
109,168,193,30.97,59.66,1633965019982,"2021-10-11T20:40:19+05:30"
108,170,191,30.94,59.74,1633965048517,"2021-10-11T20:40:48+05:30"
107,169,192,30.94,59.86,1633965078949,"2021-10-11T20:41:18+05:30"
111,168,189,30.92,59.54,1633965111735,"2021-10-11T20:41:51+05:30"
108,164,182,30.9,59.75,1633965140143,"2021-10-11T20:42:20+05:30"
110,174,190,30.92,59.64,1633965170720,"2021-10-11T20:42:50+05:30"
119,188,217,30.89,59.5,1633965201617,"2021-10-11T20:43:21+05:30"
123,194,218,30.88,59.7,1633965231944,"2021-10-11T20:43:51+05:30"
122,193,213,30.88,59.61,1633965262526,"2021-10-11T20:44:22+05:30"
117,185,206,30.9,59.68,1633965293115,"2021-10-11T20:44:53+05:30"
116,181,208,30.92,59.68,1633965323719,"2021-10-11T20:45:23+05:30"
110,174,202,30.94,59.62,1633965354274,"2021-10-11T20:45:54+05:30"
107,168,194,30.94,59.54,1633965384846,"2021-10-11T20:46:24+05:30"
108,164,184,30.95,59.59,1633965415449,"2021-10-11T20:46:55+05:30"
101,158,179,30.92,59.46,1633965446043,"2021-10-11T20:47:26+05:30"
97,154,177,30.89,59.6,1633965476611,"2021-10-11T20:47:56+05:30"
98,158,184,30.87,59.62,1633965507172,"2021-10-11T20:48:27+05:30"
94,151,173,30.86,59.56,1633965538304,"2021-10-11T20:48:58+05:30"
95,151,173,30.87,59.57,1633965568430,"2021-10-11T20:49:28+05:30"
95,150,170,30.89,59.51,1633965595270,"2021-10-11T20:49:55+05:30"
95,150,167,30.93,59.35,1633965625356,"2021-10-11T20:50:25+05:30"
92,145,168,30.94,59.26,1633965655987,"2021-10-11T20:50:55+05:30"
92,146,165,30.97,59.28,1633965686989,"2021-10-11T20:51:26+05:30"
89,140,165,30.97,59.27,1633965717632,"2021-10-11T20:51:57+05:30"
91,143,162,30.97,59.37,1633965748190,"2021-10-11T20:52:28+05:30"
87,140,161,30.99,59.46,1633965778770,"2021-10-11T20:52:58+05:30"
88,139,163,30.99,59.52,1633965809377,"2021-10-11T20:53:29+05:30"
90,143,169,30.96,59.63,1633965839975,"2021-10-11T20:53:59+05:30"
92,144,166,30.96,59.69,1633965870629,"2021-10-11T20:54:30+05:30"
90,140,160,30.96,59.53,1633965901326,"2021-10-11T20:55:01+05:30"
87,138,158,30.98,59.63,1633965931785,"2021-10-11T20:55:31+05:30"
89,137,156,31,59.65,1633965962377,"2021-10-11T20:56:02+05:30"
86,135,158,31,59.72,1633965992972,"2021-10-11T20:56:32+05:30"
85,137,157,31.02,59.72,1633966023571,"2021-10-11T20:57:03+05:30"
89,141,159,31.04,59.71,1633966054155,"2021-10-11T20:57:34+05:30"
95,150,171,31.04,59.68,1633966084704,"2021-10-11T20:58:04+05:30"
97,152,171,31.05,59.68,1633966115295,"2021-10-11T20:58:35+05:30"
97,154,176,31.03,59.74,1633966145891,"2021-10-11T20:59:05+05:30"
98,151,172,31.02,59.84,1633966176441,"2021-10-11T20:59:36+05:30"
96,152,173,31,59.88,1633966207033,"2021-10-11T21:00:07+05:30"
97,154,171,30.97,59.68,1633966237601,"2021-10-11T21:00:37+05:30"
95,148,165,30.95,59.86,1633966268197,"2021-10-11T21:01:08+05:30"
94,151,174,30.96,59.98,1633966298855,"2021-10-11T21:01:38+05:30"
93,143,166,30.98,60.06,1633966329443,"2021-10-11T21:02:09+05:30"
89,137,157,31.02,59.98,1633966360006,"2021-10-11T21:02:40+05:30"
109,167,184,31.04,59.84,1633966390601,"2021-10-11T21:03:10+05:30"
126,190,215,31.04,59.71,1633966421202,"2021-10-11T21:03:41+05:30"
128,192,217,31.05,59.7,1633966451785,"2021-10-11T21:04:11+05:30"
124,185,207,31.07,59.65,1633966482444,"2021-10-11T21:04:42+05:30"
122,183,208,31.06,59.54,1633966515898,"2021-10-11T21:05:15+05:30"
118,184,213,31.03,59.63,1633966546121,"2021-10-11T21:05:46+05:30"
116,183,221,31.02,59.77,1633966576580,"2021-10-11T21:06:16+05:30"
123,193,231,31.04,59.82,1633966607175,"2021-10-11T21:06:47+05:30"
130,209,249,31.04,59.68,1633966637767,"2021-10-11T21:07:17+05:30"
124,209,246,31.05,59.61,1633966668323,"2021-10-11T21:07:48+05:30"
119,194,236,31.04,59.54,1633966698922,"2021-10-11T21:08:18+05:30"
115,186,223,31.05,59.6,1633966729516,"2021-10-11T21:08:49+05:30"
111,183,223,31.06,59.71,1633966760126,"2021-10-11T21:09:20+05:30"
104,178,224,31.07,59.62,1633966790723,"2021-10-11T21:09:50+05:30"
100,177,233,31.05,59.51,1633966821295,"2021-10-11T21:10:21+05:30"
96,172,226,31.03,59.66,1633966851898,"2021-10-11T21:10:51+05:30"
94,176,232,31.01,59.76,1633966882476,"2021-10-11T21:11:22+05:30"
95,183,247,30.99,59.9,1633966913039,"2021-10-11T21:11:53+05:30"
97,172,231,31.01,60.26,1633966943639,"2021-10-11T21:12:23+05:30"
94,177,237,30.99,59.9,1633966974327,"2021-10-11T21:12:54+05:30"
90,168,230,30.98,60.25,1633966994666,"2021-10-11T21:13:14+05:30"
93,176,240,31,60.46,1633967025353,"2021-10-11T21:13:45+05:30"
90,168,228,30.99,60.49,1633967056057,"2021-10-11T21:14:16+05:30"
92,169,229,30.99,60.39,1633967086798,"2021-10-11T21:14:46+05:30"
93,170,227,31,60.54,1633967117554,"2021-10-11T21:15:17+05:30"
95,172,226,31.01,60.33,1633967148650,"2021-10-11T21:15:48+05:30"
94,167,217,31.04,60.49,1633967179339,"2021-10-11T21:16:19+05:30"
97,167,223,31.06,60.36,1633967209859,"2021-10-11T21:16:49+05:30"
93,166,222,31.07,60.32,1633967240651,"2021-10-11T21:17:20+05:30"
95,172,223,31.07,60.15,1633967271622,"2021-10-11T21:17:51+05:30"
98,175,227,31.07,60.07,1633967302245,"2021-10-11T21:18:22+05:30"
94,169,222,31.05,59.98,1633967332783,"2021-10-11T21:18:52+05:30"
95,167,217,31.03,59.93,1633967363353,"2021-10-11T21:19:23+05:30"
91,157,203,30.98,60.05,1633967396740,"2021-10-11T21:19:56+05:30"
97,161,213,31,60.28,1633967426845,"2021-10-11T21:20:26+05:30"
104,173,223,31.01,60.28,1633967457440,"2021-10-11T21:20:57+05:30"
114,190,231,30.99,60.13,1633967487993,"2021-10-11T21:21:27+05:30"
115,190,235,30.98,60.25,1633967518673,"2021-10-11T21:21:58+05:30"
111,177,223,30.99,60.18,1633967549246,"2021-10-11T21:22:29+05:30"
106,170,207,31,60.27,1633967579814,"2021-10-11T21:22:59+05:30"
100,160,195,31.02,60.12,1633967610357,"2021-10-11T21:23:30+05:30"
100,163,199,31.02,60.11,1633967640933,"2021-10-11T21:24:00+05:30"
93,152,184,30.97,60.19,1633967671568,"2021-10-11T21:24:31+05:30"
92,149,179,30.96,60.39,1633967702126,"2021-10-11T21:25:02+05:30"
91,149,180,30.99,60.59,1633967732688,"2021-10-11T21:25:32+05:30"
90,144,170,30.96,60.21,1633967763241,"2021-10-11T21:26:03+05:30"
89,144,170,30.98,60.29,1633967793854,"2021-10-11T21:26:33+05:30"
87,138,162,30.93,60.19,1633967824432,"2021-10-11T21:27:04+05:30"
89,144,167,30.96,60.38,1633967855013,"2021-10-11T21:27:35+05:30"
91,138,161,30.98,60.34,1633967885581,"2021-10-11T21:28:05+05:30"
89,144,172,31.01,60.26,1633967916154,"2021-10-11T21:28:36+05:30"
89,141,168,31.03,60.16,1633967946732,"2021-10-11T21:29:06+05:30"
92,147,170,31,59.98,1633967977324,"2021-10-11T21:29:37+05:30"
88,138,158,31.01,60.28,1633968007987,"2021-10-11T21:30:07+05:30"
88,142,162,31.01,60.21,1633968038455,"2021-10-11T21:30:38+05:30"
88,139,158,31.03,60.26,1633968069062,"2021-10-11T21:31:09+05:30"
94,148,166,31.01,60.16,1633968099746,"2021-10-11T21:31:39+05:30"
101,156,178,31,60.16,1633968130350,"2021-10-11T21:32:10+05:30"
105,168,199,31.02,60.17,1633968160928,"2021-10-11T21:32:40+05:30"
112,177,208,31.06,60.19,1633968191532,"2021-10-11T21:33:11+05:30"
104,163,183,31.06,59.81,1633968222109,"2021-10-11T21:33:42+05:30"
105,165,190,31.07,59.86,1633968252702,"2021-10-11T21:34:12+05:30"
103,157,174,31.07,60.08,1633968283304,"2021-10-11T21:34:43+05:30"
105,162,183,31.08,59.9,1633968306570,"2021-10-11T21:35:06+05:30"
101,157,181,31.06,59.8,1633968336934,"2021-10-11T21:35:36+05:30"
100,156,176,31.06,59.87,1633968367295,"2021-10-11T21:36:07+05:30"
97,148,170,31.06,59.82,1633968397877,"2021-10-11T21:36:37+05:30"
94,144,163,31.07,59.82,1633968428488,"2021-10-11T21:37:08+05:30"
91,141,157,31.06,59.85,1633968459086,"2021-10-11T21:37:39+05:30"
88,134,155,31.05,59.93,1633968489639,"2021-10-11T21:38:09+05:30"
90,144,164,31.06,59.96,1633968520206,"2021-10-11T21:38:40+05:30"
89,140,158,31.05,59.98,1633968550805,"2021-10-11T21:39:10+05:30"
91,141,154,31.04,60.04,1633968581403,"2021-10-11T21:39:41+05:30"
92,141,160,31.04,60.04,1633968612050,"2021-10-11T21:40:12+05:30"
89,135,157,31.01,60.1,1633968642664,"2021-10-11T21:40:42+05:30"
93,146,165,31.01,60.18,1633968673138,"2021-10-11T21:41:13+05:30"
98,149,167,31.01,60.25,1633968703733,"2021-10-11T21:41:43+05:30"
97,143,160,31,59.98,1633968734312,"2021-10-11T21:42:14+05:30"
97,146,163,30.98,60.11,1633968764877,"2021-10-11T21:42:44+05:30"
100,151,169,30.97,60.06,1633968795468,"2021-10-11T21:43:15+05:30"
102,156,169,30.95,60.01,1633968826110,"2021-10-11T21:43:46+05:30"
102,158,174,30.94,60.17,1633968856778,"2021-10-11T21:44:16+05:30"
106,160,179,30.95,60.03,1633968887267,"2021-10-11T21:44:47+05:30"
106,165,182,30.96,60.07,1633968917846,"2021-10-11T21:45:17+05:30"
107,165,185,30.97,60.13,1633968948447,"2021-10-11T21:45:48+05:30"
114,175,195,30.99,60.05,1633968979033,"2021-10-11T21:46:19+05:30"
139,224,255,31.06,60.03,1633969009671,"2021-10-11T21:46:49+05:30"
143,241,289,31.14,60,1633969040222,"2021-10-11T21:47:20+05:30"
156,267,316,31.2,59.83,1633969070825,"2021-10-11T21:47:50+05:30"
139,235,275,31.22,59.66,1633969101490,"2021-10-11T21:48:21+05:30"
136,227,264,31.23,59.67,1633969132088,"2021-10-11T21:48:52+05:30"
124,211,246,31.2,59.67,1633969162675,"2021-10-11T21:49:22+05:30"
105,169,196,31.15,60.01,1633969198119,"2021-10-11T21:49:58+05:30"
97,155,179,31.11,60.06,1633969217488,"2021-10-11T21:50:17+05:30"
94,146,165,31.08,60.2,1633969248338,"2021-10-11T21:50:48+05:30"
88,137,153,30.98,59.96,1633969278743,"2021-10-11T21:51:18+05:30"
89,136,154,30.92,60.71,1633969309340,"2021-10-11T21:51:49+05:30"
92,144,160,30.97,60.88,1633969339912,"2021-10-11T21:52:19+05:30"
96,146,165,30.96,60.8,1633969370497,"2021-10-11T21:52:50+05:30"
100,156,178,30.91,60.64,1633969401086,"2021-10-11T21:53:21+05:30"
109,167,184,30.87,60.9,1633969431677,"2021-10-11T21:53:51+05:30"
103,157,173,30.88,60.93,1633969462303,"2021-10-11T21:54:22+05:30"
101,154,170,30.9,60.74,1633969492889,"2021-10-11T21:54:52+05:30"
102,154,167,30.91,60.55,1633969523477,"2021-10-11T21:55:23+05:30"
102,160,176,30.91,60.49,1633969554084,"2021-10-11T21:55:54+05:30"
101,156,176,30.91,60.47,1633969584657,"2021-10-11T21:56:24+05:30"
100,153,172,30.89,60.45,1633969615235,"2021-10-11T21:56:55+05:30"
99,149,168,30.89,60.43,1633969645822,"2021-10-11T21:57:25+05:30"
96,150,168,30.88,60.36,1633969676425,"2021-10-11T21:57:56+05:30"
93,142,160,30.83,60.34,1633969707022,"2021-10-11T21:58:27+05:30"
89,136,154,30.82,60.5,1633969737628,"2021-10-11T21:58:57+05:30"
87,131,147,30.8,60.34,1633969768147,"2021-10-11T21:59:28+05:30"
84,126,147,30.78,60.38,1633969798743,"2021-10-11T21:59:58+05:30"
82,126,148,30.8,60.37,1633969829317,"2021-10-11T22:00:29+05:30"