"pm1_0","pm2_5","pm10","temp","humid","createdAt","localtime"
89,141,157,24.04,67.47,1635133038876,"2021-10-25T09:07:18+05:30"
84,133,144,23.91,67.23,1635133048827,"2021-10-25T09:07:28+05:30"
78,119,126,23.82,67.4,1635133079401,"2021-10-25T09:07:59+05:30"
76,117,129,23.89,67.75,1635133109989,"2021-10-25T09:08:29+05:30"
74,116,127,23.91,67.08,1635133140568,"2021-10-25T09:09:00+05:30"
78,122,135,24.04,67.11,1635133171131,"2021-10-25T09:09:31+05:30"
74,116,127,23.95,66.91,1635133201774,"2021-10-25T09:10:01+05:30"
72,120,140,23.91,67.06,1635133232334,"2021-10-25T09:10:32+05:30"
68,114,136,23.86,67.11,1635133262889,"2021-10-25T09:11:02+05:30"
65,108,126,23.89,67.43,1635133293467,"2021-10-25T09:11:33+05:30"
68,122,151,23.97,67.37,1635133324058,"2021-10-25T09:12:04+05:30"
65,111,135,23.95,67.02,1635133354650,"2021-10-25T09:12:34+05:30"
70,122,156,23.94,67.09,1635133385243,"2021-10-25T09:13:05+05:30"
66,114,137,23.91,66.86,1635133415803,"2021-10-25T09:13:35+05:30"
65,108,129,23.92,67.01,1635133446394,"2021-10-25T09:14:06+05:30"
64,109,124,23.96,67.08,1635133476989,"2021-10-25T09:14:36+05:30"
68,114,130,23.96,67.15,1635133507653,"2021-10-25T09:15:07+05:30"
77,124,144,24.05,67.09,1635133538242,"2021-10-25T09:15:38+05:30"
84,134,148,24.07,67.03,1635133568808,"2021-10-25T09:16:08+05:30"
83,130,149,24.13,66.97,1635133599370,"2021-10-25T09:16:39+05:30"
82,132,145,24.22,67.14,1635133630113,"2021-10-25T09:17:10+05:30"
82,126,137,24.32,66.97,1635133660529,"2021-10-25T09:17:40+05:30"
84,134,145,24.41,67.08,1635133691112,"2021-10-25T09:18:11+05:30"
81,130,144,24.51,66.44,1635133721684,"2021-10-25T09:18:41+05:30"
86,132,146,24.45,66.54,1635133752288,"2021-10-25T09:19:12+05:30"
83,132,145,24.4,66.6,1635133782862,"2021-10-25T09:19:42+05:30"
72,111,120,24.26,66.56,1635133813457,"2021-10-25T09:20:13+05:30"
78,121,133,24.2,66.85,1635133844131,"2021-10-25T09:20:44+05:30"
80,121,129,24.32,67.23,1635133875147,"2021-10-25T09:21:15+05:30"
84,130,140,24.42,66.84,1635133895307,"2021-10-25T09:21:35+05:30"
81,124,138,24.43,66.34,1635133925867,"2021-10-25T09:22:05+05:30"
75,116,127,24.44,65.88,1635133958823,"2021-10-25T09:22:38+05:30"
75,116,129,24.42,66.25,1635133989399,"2021-10-25T09:23:09+05:30"
83,129,141,24.49,66.33,1635134019960,"2021-10-25T09:23:39+05:30"
89,133,142,24.6,65.83,1635134050533,"2021-10-25T09:24:10+05:30"
85,129,136,24.62,65.72,1635134081161,"2021-10-25T09:24:41+05:30"
79,121,133,24.56,65.68,1635134111717,"2021-10-25T09:25:11+05:30"
77,122,134,24.5,65.88,1635134142308,"2021-10-25T09:25:42+05:30"
75,117,125,24.52,65.72,1635134172946,"2021-10-25T09:26:12+05:30"
80,122,132,24.69,65.61,1635134203449,"2021-10-25T09:26:43+05:30"
74,115,126,24.6,64.95,1635134234023,"2021-10-25T09:27:14+05:30"
80,121,130,24.48,65.49,1635134264680,"2021-10-25T09:27:44+05:30"
78,120,132,24.39,65.75,1635134295202,"2021-10-25T09:28:15+05:30"
78,124,134,24.32,66.03,1635134325739,"2021-10-25T09:28:45+05:30"
79,121,130,24.29,66.33,1635134356350,"2021-10-25T09:29:16+05:30"
74,116,123,24.25,66.45,1635134386930,"2021-10-25T09:29:46+05:30"
70,110,114,24.22,66.24,1635134417523,"2021-10-25T09:30:17+05:30"
70,109,118,24.14,67.01,1635134448191,"2021-10-25T09:30:48+05:30"
69,107,115,24.17,67.02,1635134478666,"2021-10-25T09:31:18+05:30"
67,103,110,24.15,67.11,1635134509327,"2021-10-25T09:31:49+05:30"
71,113,122,24.17,67.21,1635134540148,"2021-10-25T09:32:20+05:30"
73,113,122,24.26,67.04,1635134570576,"2021-10-25T09:32:50+05:30"
73,112,127,24.37,67.02,1635134601086,"2021-10-25T09:33:21+05:30"
74,112,119,24.39,66.73,1635134631696,"2021-10-25T09:33:51+05:30"
72,110,118,24.36,66.69,1635134662292,"2021-10-25T09:34:22+05:30"
67,104,111,24.45,66.51,1635134692881,"2021-10-25T09:34:52+05:30"
68,106,116,24.65,66.34,1635134723421,"2021-10-25T09:35:23+05:30"
63,101,109,24.63,65.13,1635134754012,"2021-10-25T09:35:54+05:30"
62,100,107,24.51,65.05,1635134784609,"2021-10-25T09:36:24+05:30"
59,93,100,24.45,65.24,1635134815174,"2021-10-25T09:36:55+05:30"
58,92,100,24.39,65.39,1635134839397,"2021-10-25T09:37:19+05:30"
55,87,95,24.3,65.07,1635134870240,"2021-10-25T09:37:50+05:30"
51,80,86,24.23,64.86,1635134900822,"2021-10-25T09:38:20+05:30"
55,87,94,24.2,65.39,1635134931392,"2021-10-25T09:38:51+05:30"
57,91,96,24.23,65.5,1635134961964,"2021-10-25T09:39:21+05:30"
55,88,96,24.31,65.48,1635134992615,"2021-10-25T09:39:52+05:30"
52,85,98,24.29,64.92,1635135023163,"2021-10-25T09:40:23+05:30"
54,87,99,24.27,64.57,1635135053770,"2021-10-25T09:40:53+05:30"
51,81,92,24.29,64.95,1635135084292,"2021-10-25T09:41:24+05:30"
52,81,90,24.44,65.02,1635135114899,"2021-10-25T09:41:54+05:30"
53,85,93,24.38,64.08,1635135145482,"2021-10-25T09:42:25+05:30"
52,83,91,24.38,64.33,1635135176055,"2021-10-25T09:42:56+05:30"
53,87,94,24.44,64.41,1635135206622,"2021-10-25T09:43:26+05:30"
53,84,90,24.44,64.35,1635135237218,"2021-10-25T09:43:57+05:30"
60,93,103,24.47,64.68,1635135267816,"2021-10-25T09:44:27+05:30"
50,80,87,24.39,63.95,1635135298388,"2021-10-25T09:44:58+05:30"
52,84,92,24.61,64.68,1635135329026,"2021-10-25T09:45:29+05:30"
56,87,95,24.83,63.67,1635135359865,"2021-10-25T09:45:59+05:30"
58,89,98,24.83,63.75,1635135390278,"2021-10-25T09:46:30+05:30"
59,94,103,24.93,63.26,1635135421229,"2021-10-25T09:47:01+05:30"
56,89,98,24.84,63.46,1635135451604,"2021-10-25T09:47:31+05:30"
56,89,97,24.76,63.9,1635135482474,"2021-10-25T09:48:02+05:30"
58,93,103,24.89,63.72,1635135513268,"2021-10-25T09:48:33+05:30"
62,100,110,24.85,63.61,1635135543890,"2021-10-25T09:49:03+05:30"
59,94,106,24.99,63.49,1635135574492,"2021-10-25T09:49:34+05:30"
60,95,104,25,63.04,1635135605065,"2021-10-25T09:50:05+05:30"
57,88,98,24.95,63.33,1635135635620,"2021-10-25T09:50:35+05:30"
57,88,96,24.91,63.42,1635135666197,"2021-10-25T09:51:06+05:30"
59,91,98,24.88,63.62,1635135696770,"2021-10-25T09:51:36+05:30"
73,112,120,24.8,63.74,1635135727370,"2021-10-25T09:52:07+05:30"
69,108,114,24.94,63.98,1635135760841,"2021-10-25T09:52:40+05:30"
60,97,104,25.15,63.67,1635135791341,"2021-10-25T09:53:11+05:30"
65,104,117,25.15,63.01,1635135821900,"2021-10-25T09:53:41+05:30"
65,100,112,25.14,63.2,1635135852468,"2021-10-25T09:54:12+05:30"
66,103,110,25.24,63.35,1635135883061,"2021-10-25T09:54:43+05:30"
64,98,106,25.45,62.75,1635135913906,"2021-10-25T09:55:13+05:30"
65,102,114,25.5,62.3,1635135944328,"2021-10-25T09:55:44+05:30"
62,98,109,25.48,62.48,1635135974901,"2021-10-25T09:56:14+05:30"
71,112,125,25.49,62.6,1635136005473,"2021-10-25T09:56:45+05:30"
62,97,103,25.32,62.62,1635136036082,"2021-10-25T09:57:16+05:30"
59,92,99,25.11,62.91,1635136066653,"2021-10-25T09:57:46+05:30"
62,96,103,25.02,63.55,1635136097314,"2021-10-25T09:58:17+05:30"
65,105,113,24.95,63.79,1635136127876,"2021-10-25T09:58:47+05:30"
70,109,120,24.98,64.09,1635136158474,"2021-10-25T09:59:18+05:30"
65,102,109,25.17,64,1635136189057,"2021-10-25T09:59:49+05:30"
65,100,109,25.34,63.4,1635136219651,"2021-10-25T10:00:19+05:30"
65,101,108,25.33,63.27,1635136250256,"2021-10-25T10:00:50+05:30"
62,94,101,25.28,63.41,1635136280864,"2021-10-25T10:01:20+05:30"
61,96,107,25.34,63.49,1635136311409,"2021-10-25T10:01:51+05:30"
64,102,111,25.53,62.99,1635136341980,"2021-10-25T10:02:21+05:30"
64,97,106,25.67,62.54,1635136372570,"2021-10-25T10:02:52+05:30"
68,105,117,25.76,62.35,1635136403135,"2021-10-25T10:03:23+05:30"
66,105,115,25.72,61.88,1635136433742,"2021-10-25T10:03:53+05:30"
60,94,100,25.56,62.23,1635136464283,"2021-10-25T10:04:24+05:30"
64,101,111,25.53,62.47,1635136494857,"2021-10-25T10:04:54+05:30"
63,102,109,25.61,62.37,1635136525460,"2021-10-25T10:05:25+05:30"
77,122,133,25.48,62.61,1635136556059,"2021-10-25T10:05:56+05:30"
61,96,105,25.46,62.81,1635136586618,"2021-10-25T10:06:26+05:30"
61,94,98,25.29,63.3,1635136617181,"2021-10-25T10:06:57+05:30"
77,115,121,25.15,64.01,1635136645688,"2021-10-25T10:07:25+05:30"
70,105,114,25.07,64.18,1635136675817,"2021-10-25T10:07:55+05:30"
63,94,100,25,64.27,1635136706373,"2021-10-25T10:08:26+05:30"
61,92,98,25,64.4,1635136736950,"2021-10-25T10:08:56+05:30"
62,95,101,25.13,64.07,1635136767550,"2021-10-25T10:09:27+05:30"
64,100,109,25.52,63.55,1635136895691,"2021-10-25T10:11:35+05:30"
59,93,100,25.51,63.2,1635136925975,"2021-10-25T10:12:05+05:30"
56,87,97,25.46,63.33,1635136956721,"2021-10-25T10:12:36+05:30"
55,87,92,25.5,62.99,1635136986974,"2021-10-25T10:13:06+05:30"
60,92,97,25.57,63.01,1635137017561,"2021-10-25T10:13:37+05:30"
61,95,103,25.61,62.93,1635137048109,"2021-10-25T10:14:08+05:30"
60,93,100,25.72,62.61,1635137078914,"2021-10-25T10:14:38+05:30"
60,93,101,25.78,62.27,1635137109475,"2021-10-25T10:15:09+05:30"
57,88,96,25.81,62.36,1635137140076,"2021-10-25T10:15:40+05:30"
57,90,99,25.8,62.38,1635137170669,"2021-10-25T10:16:10+05:30"
56,87,92,25.79,62.21,1635137201232,"2021-10-25T10:16:41+05:30"
56,88,94,25.82,62.15,1635137231805,"2021-10-25T10:17:11+05:30"
57,86,93,25.79,62.02,1635137262410,"2021-10-25T10:17:42+05:30"
55,86,90,25.73,62.32,1635137293006,"2021-10-25T10:18:13+05:30"
54,82,92,25.64,62.36,1635137323715,"2021-10-25T10:18:43+05:30"
53,86,96,25.59,62.34,1635137354153,"2021-10-25T10:19:14+05:30"
51,81,92,25.41,62.94,1635137384743,"2021-10-25T10:19:44+05:30"
55,83,92,25.47,62.81,1635137415341,"2021-10-25T10:20:15+05:30"
53,84,90,25.31,63.15,1635137445891,"2021-10-25T10:20:45+05:30"
52,80,85,25.49,63.04,1635137476467,"2021-10-25T10:21:16+05:30"
52,82,88,25.56,62.49,1635137507083,"2021-10-25T10:21:47+05:30"
50,81,90,25.66,62.13,1635137537658,"2021-10-25T10:22:17+05:30"
51,79,86,25.66,61.96,1635137568225,"2021-10-25T10:22:48+05:30"
50,76,83,25.72,62.01,1635137598792,"2021-10-25T10:23:18+05:30"
51,80,85,25.78,61.69,1635137629409,"2021-10-25T10:23:49+05:30"
52,81,86,25.82,61.69,1635137660015,"2021-10-25T10:24:20+05:30"
56,88,94,25.86,61.87,1635137690555,"2021-10-25T10:24:50+05:30"
56,87,97,25.87,61.71,1635137721120,"2021-10-25T10:25:21+05:30"
52,85,92,25.93,61.41,1635137751809,"2021-10-25T10:25:51+05:30"
51,83,92,25.92,61.22,1635137782337,"2021-10-25T10:26:22+05:30"
51,80,87,25.85,61.11,1635137812915,"2021-10-25T10:26:52+05:30"
51,83,91,25.78,61.62,1635137843458,"2021-10-25T10:27:23+05:30"
52,80,88,25.87,61.55,1635137875523,"2021-10-25T10:27:55+05:30"
50,78,83,25.91,61.31,1635137906093,"2021-10-25T10:28:26+05:30"
51,82,91,25.94,61.23,1635137936659,"2021-10-25T10:28:56+05:30"
49,79,85,25.95,61.02,1635137967304,"2021-10-25T10:29:27+05:30"
50,78,86,25.96,61.16,1635137997846,"2021-10-25T10:29:57+05:30"
52,80,89,25.94,61.57,1635138028462,"2021-10-25T10:30:28+05:30"
52,82,88,25.98,61.55,1635138059182,"2021-10-25T10:30:59+05:30"
52,79,84,26.01,61.4,1635138089594,"2021-10-25T10:31:29+05:30"
53,82,92,26,62.02,1635138120179,"2021-10-25T10:32:00+05:30"
53,82,87,26.02,61.9,1635138150754,"2021-10-25T10:32:30+05:30"
54,85,91,25.87,61.75,1635138181320,"2021-10-25T10:33:01+05:30"
52,80,86,25.91,61.81,1635138211919,"2021-10-25T10:33:31+05:30"
51,81,86,25.92,61.46,1635138242583,"2021-10-25T10:34:02+05:30"
55,86,90,25.74,61.83,1635138273087,"2021-10-25T10:34:33+05:30"
53,80,87,25.6,62.31,1635138303653,"2021-10-25T10:35:03+05:30"
55,85,94,25.48,63.15,1635138334272,"2021-10-25T10:35:34+05:30"
52,81,89,25.61,63.12,1635138364864,"2021-10-25T10:36:04+05:30"
52,83,92,25.7,62.71,1635138395435,"2021-10-25T10:36:35+05:30"
56,87,94,25.59,63.08,1635138425978,"2021-10-25T10:37:05+05:30"
57,87,94,25.56,63.29,1635138477016,"2021-10-25T10:37:57+05:30"
56,86,91,25.56,63.52,1635138487023,"2021-10-25T10:38:07+05:30"
56,88,94,25.71,63.28,1635138912492,"2021-10-25T10:45:12+05:30"
58,93,96,25.6,62.92,1635138943168,"2021-10-25T10:45:43+05:30"
58,91,98,25.56,63.32,1635138973745,"2021-10-25T10:46:13+05:30"
59,93,100,25.72,63.18,1635139016094,"2021-10-25T10:46:56+05:30"
61,96,104,25.8,62.46,1635139026081,"2021-10-25T10:47:06+05:30"
62,99,110,25.79,62.22,1635139056633,"2021-10-25T10:47:36+05:30"
62,99,110,25.79,62.22,1635139074384,"2021-10-25T10:47:54+05:30"
62,99,110,25.79,62.22,1635139076301,"2021-10-25T10:47:56+05:30"
68,110,118,25.67,63.07,1635139156833,"2021-10-25T10:49:16+05:30"
64,98,105,25.63,63.42,1635139186950,"2021-10-25T10:49:46+05:30"
61,95,102,25.54,63.23,1635139217788,"2021-10-25T10:50:17+05:30"
61,95,98,25.6,63.86,1635139248097,"2021-10-25T10:50:48+05:30"
122,179,190,25.71,63.55,1635139278624,"2021-10-25T10:51:18+05:30"
149,255,279,25.64,63.25,1635139309239,"2021-10-25T10:51:49+05:30"
335,770,888,25.75,63.6,1635139339842,"2021-10-25T10:52:19+05:30"
324,685,774,25.92,62.85,1635139370392,"2021-10-25T10:52:50+05:30"
310,603,676,26.08,62.49,1635139401050,"2021-10-25T10:53:21+05:30"
223,391,438,26.13,61.72,1635139431589,"2021-10-25T10:53:51+05:30"
278,574,663,26.13,62.19,1635139462154,"2021-10-25T10:54:22+05:30"
317,806,966,26.22,61.99,1635139492729,"2021-10-25T10:54:52+05:30"
208,420,494,26.08,61.49,1635139523327,"2021-10-25T10:55:23+05:30"
293,803,1005,26.1,61.7,1635139553998,"2021-10-25T10:55:53+05:30"
281,966,1289,26.16,61.76,1635139584503,"2021-10-25T10:56:24+05:30"
254,597,735,26.17,61.08,1635139615068,"2021-10-25T10:56:55+05:30"
262,641,787,26.18,60.99,1635139645657,"2021-10-25T10:57:25+05:30"
249,624,775,26.2,60.84,1635139676240,"2021-10-25T10:57:56+05:30"
248,872,1168,26.2,61.51,1635139706827,"2021-10-25T10:58:26+05:30"
215,672,890,26.05,61.74,1635139737381,"2021-10-25T10:58:57+05:30"
224,718,959,25.97,61.81,1635139767992,"2021-10-25T10:59:27+05:30"
230,1211,148,25.97,62.17,1635139798585,"2021-10-25T10:59:58+05:30"
227,1147,1698,26.01,62.08,1635139829201,"2021-10-25T11:00:29+05:30"
244,1330,250,26.06,62.08,1635139886546,"2021-10-25T11:01:26+05:30"
245,1112,1576,26.02,62.16,1635139917105,"2021-10-25T11:01:57+05:30"
203,665,899,25.92,62.27,1635139947687,"2021-10-25T11:02:27+05:30"
217,1024,1523,25.86,62.67,1635139978297,"2021-10-25T11:02:58+05:30"
219,696,916,25.86,62.56,1635140008858,"2021-10-25T11:03:28+05:30"
234,1261,146,25.9,62.72,1635140039448,"2021-10-25T11:03:59+05:30"
206,613,796,25.83,62.46,1635140070021,"2021-10-25T11:04:30+05:30"
241,1318,233,25.88,62.8,1635140100594,"2021-10-25T11:05:00+05:30"
247,1163,1672,25.95,62.48,1635140131455,"2021-10-25T11:05:31+05:30"
252,943,1278,26.01,62.29,1635140161903,"2021-10-25T11:06:01+05:30"
243,659,823,26.05,62.24,1635140192490,"2021-10-25T11:06:32+05:30"
229,616,774,26.05,62.07,1635140223096,"2021-10-25T11:07:03+05:30"
255,1077,1460,26.05,62.23,1635140253702,"2021-10-25T11:07:33+05:30"
142,284,339,25.97,61.98,1635140284277,"2021-10-25T11:08:04+05:30"
248,980,1342,25.89,62.76,1635140314945,"2021-10-25T11:08:34+05:30"
167,718,1026,25.84,62.74,1635140345464,"2021-10-25T11:09:05+05:30"
208,1489,732,25.93,62.72,1635140376073,"2021-10-25T11:09:36+05:30"
217,474,564,26.03,61.9,1635140406637,"2021-10-25T11:10:06+05:30"
222,498,606,26.09,61.75,1635140437240,"2021-10-25T11:10:37+05:30"
156,324,387,26.03,61.42,1635140467825,"2021-10-25T11:11:07+05:30"
120,216,248,25.81,62.25,1635140498456,"2021-10-25T11:11:38+05:30"
148,318,381,25.73,62.87,1635140529015,"2021-10-25T11:12:09+05:30"
133,256,302,25.62,63.2,1635140559705,"2021-10-25T11:12:39+05:30"
215,579,715,25.59,63.66,1635140590294,"2021-10-25T11:13:10+05:30"
225,1368,361,25.75,63.67,1635140620885,"2021-10-25T11:13:40+05:30"
236,830,1120,25.87,63.49,1635140651543,"2021-10-25T11:14:11+05:30"
222,490,575,25.95,63.19,1635140682251,"2021-10-25T11:14:42+05:30"
237,545,643,26.07,62.97,1635140712702,"2021-10-25T11:15:12+05:30"
246,568,691,26.18,62.78,1635140743320,"2021-10-25T11:15:43+05:30"
264,651,809,26.25,62.34,1635140770437,"2021-10-25T11:16:10+05:30"
252,659,807,26.2,62.6,1635140801026,"2021-10-25T11:16:41+05:30"
241,1451,471,26.26,62.37,1635140831612,"2021-10-25T11:17:11+05:30"
242,826,1092,26.27,62,1635140862198,"2021-10-25T11:17:42+05:30"
252,607,761,26.37,61.93,1635140892814,"2021-10-25T11:18:12+05:30"
213,491,608,26.32,61.98,1635140923391,"2021-10-25T11:18:43+05:30"
235,555,680,26.23,61.95,1635140953969,"2021-10-25T11:19:13+05:30"
244,763,977,26.14,62.41,1635140984571,"2021-10-25T11:19:44+05:30"
254,1352,260,26.23,62.57,1635141015194,"2021-10-25T11:20:15+05:30"
276,1062,1397,26.33,62.05,1635141045768,"2021-10-25T11:20:45+05:30"
235,521,624,26.33,61.06,1635141076895,"2021-10-25T11:21:16+05:30"
282,794,1002,26.32,61.39,1635141106951,"2021-10-25T11:21:46+05:30"
279,723,902,26.38,61.02,1635141137540,"2021-10-25T11:22:17+05:30"
276,728,912,26.37,60.6,1635141168151,"2021-10-25T11:22:48+05:30"
260,701,882,26.31,60.87,1635141198827,"2021-10-25T11:23:18+05:30"
219,1581,841,26.31,61.48,1635141229322,"2021-10-25T11:23:49+05:30"
254,1037,1390,26.3,61.29,1635141259922,"2021-10-25T11:24:19+05:30"
201,1137,40,26.17,62.06,1635141290498,"2021-10-25T11:24:50+05:30"
240,1211,58,26.14,62.01,1635141321126,"2021-10-25T11:25:21+05:30"
234,1484,523,26.12,62.2,1635141351688,"2021-10-25T11:25:51+05:30"
282,906,1174,26.2,61.34,1635141382258,"2021-10-25T11:26:22+05:30"
231,585,725,26.18,60.71,1635141412832,"2021-10-25T11:26:52+05:30"
286,1058,1369,26.19,61.24,1635141443441,"2021-10-25T11:27:23+05:30"
243,678,855,26.22,61.02,1635141474021,"2021-10-25T11:27:54+05:30"
194,391,456,26.06,61.33,1635141504649,"2021-10-25T11:28:24+05:30"
204,428,520,25.93,61.75,1635141535210,"2021-10-25T11:28:55+05:30"
227,615,780,25.9,62.28,1635141565797,"2021-10-25T11:29:25+05:30"
258,1322,174,26.04,62.29,1635141596409,"2021-10-25T11:29:56+05:30"
254,1235,104,26.07,62.36,1635141627118,"2021-10-25T11:30:27+05:30"
278,938,1224,26.17,61.88,1635141657678,"2021-10-25T11:30:57+05:30"
255,614,734,26.26,61.23,1635141686591,"2021-10-25T11:31:26+05:30"
262,657,798,26.25,61.02,1635141717166,"2021-10-25T11:31:57+05:30"
261,629,758,26.31,60.96,1635141747723,"2021-10-25T11:32:27+05:30"
234,524,637,26.31,60.74,1635141778321,"2021-10-25T11:32:58+05:30"
253,582,709,26.35,60.66,1635141809390,"2021-10-25T11:33:29+05:30"
252,586,714,26.39,60.56,1635141839501,"2021-10-25T11:33:59+05:30"
198,431,518,26.43,60.33,1635141870111,"2021-10-25T11:34:30+05:30"
140,262,308,26.24,60.52,1635141900691,"2021-10-25T11:35:00+05:30"
179,457,562,26.09,61.21,1635141931318,"2021-10-25T11:35:31+05:30"
305,1064,1364,26.17,61.77,1635141962004,"2021-10-25T11:36:02+05:30"
241,639,796,26.15,61.45,1635141992674,"2021-10-25T11:36:32+05:30"
128,241,281,26.01,61.49,1635142023066,"2021-10-25T11:37:03+05:30"
122,223,256,25.97,61.91,1635142053669,"2021-10-25T11:37:33+05:30"
166,323,375,26.08,62.15,1635142084261,"2021-10-25T11:38:04+05:30"
189,384,456,26.17,62.14,1635142114842,"2021-10-25T11:38:34+05:30"
193,378,450,26.29,61.95,1635142145485,"2021-10-25T11:39:05+05:30"
178,337,391,26.24,62.3,1635142176077,"2021-10-25T11:39:36+05:30"
231,472,552,26.36,61.85,1635142206631,"2021-10-25T11:40:06+05:30"
164,296,338,26.42,61.84,1635142237230,"2021-10-25T11:40:37+05:30"
173,310,356,26.53,61.49,1635142267809,"2021-10-25T11:41:07+05:30"
134,235,270,26.5,61.01,1635142298398,"2021-10-25T11:41:38+05:30"
92,149,170,26.38,60.83,1635142329051,"2021-10-25T11:42:09+05:30"
158,294,339,26.48,61.84,1635142359695,"2021-10-25T11:42:39+05:30"
151,273,309,26.6,61.22,1635142390280,"2021-10-25T11:43:10+05:30"
130,233,263,26.66,60.57,1635142420882,"2021-10-25T11:43:40+05:30"
140,250,283,26.69,60.33,1635142451469,"2021-10-25T11:44:11+05:30"
150,269,307,26.73,60.75,1635142482067,"2021-10-25T11:44:42+05:30"
148,265,305,26.81,60.61,1635142512638,"2021-10-25T11:45:12+05:30"
119,210,234,26.89,60.42,1635142543323,"2021-10-25T11:45:43+05:30"
108,188,210,26.88,59.93,1635142567303,"2021-10-25T11:46:07+05:30"
136,239,270,26.92,60.42,1635142597419,"2021-10-25T11:46:37+05:30"
101,173,198,26.93,58.91,1635142628004,"2021-10-25T11:47:08+05:30"
84,136,149,26.9,58.6,1635142658660,"2021-10-25T11:47:38+05:30"
93,156,170,26.92,59.22,1635142689228,"2021-10-25T11:48:09+05:30"
105,177,203,26.97,59.66,1635142719835,"2021-10-25T11:48:39+05:30"
102,173,193,26.98,59.67,1635142750426,"2021-10-25T11:49:10+05:30"
79,127,142,26.89,58.41,1635142781110,"2021-10-25T11:49:41+05:30"
73,115,122,26.73,59.7,1635142811577,"2021-10-25T11:50:11+05:30"
83,134,147,26.77,60.28,1635142842195,"2021-10-25T11:50:42+05:30"
87,140,156,26.85,60.64,1635142872740,"2021-10-25T11:51:12+05:30"
105,163,176,26.82,60.8,1635142903348,"2021-10-25T11:51:43+05:30"
100,160,177,26.89,60.23,1635142934027,"2021-10-25T11:52:14+05:30"
83,136,153,26.86,59.88,1635142964532,"2021-10-25T11:52:44+05:30"
87,140,152,26.93,59.88,1635142995137,"2021-10-25T11:53:15+05:30"
77,120,130,26.86,59.44,1635143025706,"2021-10-25T11:53:45+05:30"
78,124,139,26.92,59.75,1635143056315,"2021-10-25T11:54:16+05:30"
70,111,120,26.94,58.83,1635143086869,"2021-10-25T11:54:46+05:30"
71,115,127,26.95,59.08,1635143117475,"2021-10-25T11:55:17+05:30"
68,107,112,26.94,58.42,1635143148031,"2021-10-25T11:55:48+05:30"
71,110,117,26.94,58.73,1635143178581,"2021-10-25T11:56:18+05:30"
73,117,126,26.87,58.62,1635143209198,"2021-10-25T11:56:49+05:30"
80,130,146,26.9,59.86,1635143239789,"2021-10-25T11:57:19+05:30"
83,134,149,26.95,59.63,1635143270359,"2021-10-25T11:57:50+05:30"
79,124,131,26.97,59.07,1635143300926,"2021-10-25T11:58:20+05:30"
75,113,123,26.97,58.66,1635143331514,"2021-10-25T11:58:51+05:30"
72,110,117,26.97,58.57,1635143362199,"2021-10-25T11:59:22+05:30"
72,110,121,26.92,59.25,1635143392792,"2021-10-25T11:59:52+05:30"
77,122,133,26.9,59.27,1635143423373,"2021-10-25T12:00:23+05:30"
75,117,129,26.93,59.62,1635143454215,"2021-10-25T12:00:54+05:30"
77,122,134,26.9,58.91,1635143476111,"2021-10-25T12:01:16+05:30"
73,116,129,26.9,59.63,1635143506657,"2021-10-25T12:01:46+05:30"
68,105,117,26.95,58.69,1635143537230,"2021-10-25T12:02:17+05:30"
72,111,118,26.93,58.75,1635143567789,"2021-10-25T12:02:47+05:30"
72,115,126,26.91,59.03,1635143598356,"2021-10-25T12:03:18+05:30"
71,113,123,26.86,58.74,1635143628953,"2021-10-25T12:03:48+05:30"
64,101,109,26.86,58,1635143659549,"2021-10-25T12:04:19+05:30"
65,102,109,26.81,58.43,1635143690126,"2021-10-25T12:04:50+05:30"
63,99,104,26.73,58.68,1635143720696,"2021-10-25T12:05:20+05:30"
66,104,112,26.78,58.97,1635143751294,"2021-10-25T12:05:51+05:30"
61,95,101,26.8,58.51,1635143781873,"2021-10-25T12:06:21+05:30"
68,106,117,26.72,58.25,1635143812489,"2021-10-25T12:06:52+05:30"
63,98,105,26.71,58.94,1635143843096,"2021-10-25T12:07:23+05:30"
66,99,110,26.69,59,1635143873616,"2021-10-25T12:07:53+05:30"
64,101,110,26.73,59.27,1635143904214,"2021-10-25T12:08:24+05:30"
64,101,107,26.8,58.68,1635143934917,"2021-10-25T12:08:54+05:30"
66,101,108,26.78,58.68,1635143965507,"2021-10-25T12:09:25+05:30"
70,107,121,26.71,59.34,1635143996249,"2021-10-25T12:09:56+05:30"
70,109,119,26.71,59.73,1635144026676,"2021-10-25T12:10:26+05:30"
69,108,120,26.79,59.6,1635144057254,"2021-10-25T12:10:57+05:30"
64,100,108,26.83,59.07,1635144087809,"2021-10-25T12:11:27+05:30"
64,98,104,26.76,59.28,1635144118451,"2021-10-25T12:11:58+05:30"
62,95,102,26.82,58.69,1635144149158,"2021-10-25T12:12:29+05:30"
55,84,90,26.7,58.08,1635144179585,"2021-10-25T12:12:59+05:30"
65,96,102,26.74,59.29,1635144210142,"2021-10-25T12:13:30+05:30"
78,115,122,26.73,59.11,1635144240739,"2021-10-25T12:14:00+05:30"
84,122,131,26.81,58.79,1635144271332,"2021-10-25T12:14:31+05:30"
74,112,121,26.88,58.59,1635144301905,"2021-10-25T12:15:01+05:30"
94,149,169,26.91,58.2,1635144332505,"2021-10-25T12:15:32+05:30"
74,119,131,26.81,58.05,1635144368656,"2021-10-25T12:16:08+05:30"
99,165,180,26.85,58.7,1635144399229,"2021-10-25T12:16:39+05:30"
72,112,122,26.73,57.86,1635144429815,"2021-10-25T12:17:09+05:30"
70,104,115,26.77,58.85,1635144460390,"2021-10-25T12:17:40+05:30"
59,92,99,26.82,57.87,1635144490980,"2021-10-25T12:18:10+05:30"
52,79,85,26.72,57.59,1635144521554,"2021-10-25T12:18:41+05:30"
57,89,96,26.63,58.31,1635144552147,"2021-10-25T12:19:12+05:30"
70,108,119,26.71,59.1,1635144582997,"2021-10-25T12:19:42+05:30"
58,90,99,26.78,58.7,1635144613285,"2021-10-25T12:20:13+05:30"
59,89,97,26.84,58.6,1635144643883,"2021-10-25T12:20:43+05:30"
54,85,91,26.82,58.16,1635144674476,"2021-10-25T12:21:14+05:30"
53,81,87,26.63,58.45,1635144705041,"2021-10-25T12:21:45+05:30"
54,82,89,26.7,59.02,1635144735752,"2021-10-25T12:22:15+05:30"
51,78,83,26.67,58.13,1635144766352,"2021-10-25T12:22:46+05:30"
48,74,81,26.68,57.9,1635144796928,"2021-10-25T12:23:16+05:30"
46,71,77,26.53,58.05,1635144827562,"2021-10-25T12:23:47+05:30"
48,75,81,26.62,59.28,1635144858071,"2021-10-25T12:24:18+05:30"
50,78,83,26.68,58.97,1635144888675,"2021-10-25T12:24:48+05:30"
48,72,77,26.64,58.4,1635144919275,"2021-10-25T12:25:19+05:30"
46,70,78,26.51,58.32,1635144949836,"2021-10-25T12:25:49+05:30"
47,73,80,26.62,59.37,1635144980562,"2021-10-25T12:26:20+05:30"
47,69,77,26.63,57.98,1635145011224,"2021-10-25T12:26:51+05:30"
45,69,76,26.52,58.09,1635145042063,"2021-10-25T12:27:22+05:30"
46,71,77,26.57,59.07,1635145062394,"2021-10-25T12:27:42+05:30"
46,70,78,26.63,58.82,1635145093257,"2021-10-25T12:28:13+05:30"
46,72,78,26.67,58.63,1635145123808,"2021-10-25T12:28:43+05:30"
46,70,77,26.54,57.48,1635145154423,"2021-10-25T12:29:14+05:30"
44,68,77,26.62,58.88,1635145184983,"2021-10-25T12:29:44+05:30"
45,66,75,26.72,58.52,1635145215686,"2021-10-25T12:30:15+05:30"
46,69,77,26.81,58.04,1635145246364,"2021-10-25T12:30:46+05:30"
44,69,76,26.83,58.03,1635145277071,"2021-10-25T12:31:17+05:30"
45,70,76,26.83,58.2,1635145307296,"2021-10-25T12:31:47+05:30"
44,68,75,26.81,57.38,1635145337886,"2021-10-25T12:32:17+05:30"
44,65,75,26.77,58,1635145368420,"2021-10-25T12:32:48+05:30"
42,63,73,26.78,57.37,1635145399035,"2021-10-25T12:33:19+05:30"
41,60,72,26.66,57.09,1635145429599,"2021-10-25T12:33:49+05:30"
43,62,73,26.67,57.58,1635145460186,"2021-10-25T12:34:20+05:30"
42,63,75,26.63,56.94,1635145490736,"2021-10-25T12:34:50+05:30"
43,63,74,26.5,55.15,1635145521476,"2021-10-25T12:35:21+05:30"
42,64,73,26.47,56.77,1635145551931,"2021-10-25T12:35:51+05:30"
43,63,73,26.42,56.74,1635145582503,"2021-10-25T12:36:22+05:30"
44,66,75,26.56,58.48,1635145613078,"2021-10-25T12:36:53+05:30"
43,63,74,26.59,57.51,1635145643885,"2021-10-25T12:37:23+05:30"
42,65,75,26.6,57.85,1635145674268,"2021-10-25T12:37:54+05:30"
41,64,74,26.72,57.93,1635145704832,"2021-10-25T12:38:24+05:30"
43,66,76,26.78,57.98,1635145735402,"2021-10-25T12:38:55+05:30"
43,65,75,26.78,56.88,1635145766003,"2021-10-25T12:39:26+05:30"
43,66,73,26.79,57.81,1635145796860,"2021-10-25T12:39:56+05:30"
41,61,72,26.71,57.88,1635145827163,"2021-10-25T12:40:27+05:30"
43,65,74,26.8,58.1,1635145857756,"2021-10-25T12:40:57+05:30"
44,66,76,26.8,57.51,1635145888347,"2021-10-25T12:41:28+05:30"
42,66,76,26.82,57.85,1635145918919,"2021-10-25T12:41:58+05:30"
43,65,74,26.8,58.2,1635145949544,"2021-10-25T12:42:29+05:30"
43,65,75,26.82,57.45,1635145980061,"2021-10-25T12:43:00+05:30"
46,69,78,26.73,57.65,1635146010684,"2021-10-25T12:43:30+05:30"
44,64,73,26.81,58.41,1635146041290,"2021-10-25T12:44:01+05:30"
45,68,76,26.85,57.77,1635146071822,"2021-10-25T12:44:31+05:30"
45,67,75,26.86,57.89,1635146102395,"2021-10-25T12:45:02+05:30"
44,65,75,26.75,57.2,1635146133077,"2021-10-25T12:45:33+05:30"
44,66,75,26.78,58.42,1635146169264,"2021-10-25T12:46:09+05:30"
45,71,77,26.87,58.11,1635146199634,"2021-10-25T12:46:39+05:30"
44,64,73,26.94,58.02,1635146230212,"2021-10-25T12:47:10+05:30"
45,67,75,26.91,57.99,1635146260914,"2021-10-25T12:47:40+05:30"
44,68,76,26.86,58.39,1635146281234,"2021-10-25T12:48:01+05:30"
44,67,75,26.86,58.06,1635146311926,"2021-10-25T12:48:31+05:30"
44,68,76,26.89,58.56,1635146342479,"2021-10-25T12:49:02+05:30"
43,67,75,26.92,57.84,1635146373052,"2021-10-25T12:49:33+05:30"
43,66,75,26.91,57.89,1635146403642,"2021-10-25T12:50:03+05:30"
43,62,74,27.03,57.78,1635146434200,"2021-10-25T12:50:34+05:30"
46,67,75,27.16,57.46,1635146464806,"2021-10-25T12:51:04+05:30"
40,63,73,27.11,55.64,1635146901005,"2021-10-25T12:58:21+05:30"
44,66,74,27.18,56.26,1635146920795,"2021-10-25T12:58:40+05:30"
48,69,77,27.18,55.72,1635146951685,"2021-10-25T12:59:11+05:30"
41,59,69,26.96,57.47,1635147348226,"2021-10-25T13:05:48+05:30"
40,61,72,27.05,57.03,1635147378784,"2021-10-25T13:06:18+05:30"
39,57,71,26.98,56.04,1635147409387,"2021-10-25T13:06:49+05:30"
40,56,69,26.93,56.13,1635147440013,"2021-10-25T13:07:20+05:30"
39,62,72,26.98,56.7,1635147470526,"2021-10-25T13:07:50+05:30"
40,61,71,26.96,55.68,1635147600205,"2021-10-25T13:10:00+05:30"
38,58,71,26.93,56.22,1635147630295,"2021-10-25T13:10:30+05:30"
39,59,71,26.95,56.16,1635147660946,"2021-10-25T13:11:00+05:30"
38,58,69,26.9,55.16,1635147691520,"2021-10-25T13:11:31+05:30"
38,57,69,26.96,55.69,1635147722075,"2021-10-25T13:12:02+05:30"
38,58,70,27.2,56.36,1635147774237,"2021-10-25T13:12:54+05:30"
37,55,68,27.26,56.13,1635147900808,"2021-10-25T13:15:00+05:30"
38,59,70,27.15,54.51,1635147949188,"2021-10-25T13:15:49+05:30"
38,61,71,27.07,55.29,1635147959213,"2021-10-25T13:15:59+05:30"
37,56,68,26.88,55.23,1635148028244,"2021-10-25T13:17:08+05:30"
39,58,71,27,54.9,1635148100537,"2021-10-25T13:18:20+05:30"
39,59,70,26.9,54.39,1635148110511,"2021-10-25T13:18:30+05:30"
39,58,71,26.95,56.18,1635148188682,"2021-10-25T13:19:48+05:30"
39,59,70,27.08,56.02,1635148201723,"2021-10-25T13:20:01+05:30"
40,60,71,26.92,55.3,1635148329156,"2021-10-25T13:22:09+05:30"
38,58,70,27,56.27,1635148359246,"2021-10-25T13:22:39+05:30"
37,54,68,26.86,54.53,1635148500143,"2021-10-25T13:25:00+05:30"
37,55,70,26.89,54.83,1635148571338,"2021-10-25T13:26:11+05:30"
39,59,71,26.9,55.64,1635148608170,"2021-10-25T13:26:48+05:30"
38,58,71,26.93,56.16,1635148628192,"2021-10-25T13:27:08+05:30"
37,57,70,27.03,56.11,1635148841118,"2021-10-25T13:30:41+05:30"
37,59,70,27.07,55.16,1635148851874,"2021-10-25T13:30:51+05:30"
37,56,68,26.98,54.74,1635149469561,"2021-10-25T13:41:09+05:30"
37,56,68,26.99,55.84,1635149483858,"2021-10-25T13:41:23+05:30"
34,52,66,26.94,54.92,1635149513967,"2021-10-25T13:41:53+05:30"
36,54,67,27,55.7,1635149567859,"2021-10-25T13:42:47+05:30"
37,54,68,26.85,56.47,1635149682067,"2021-10-25T13:44:42+05:30"
35,55,68,26.94,56.32,1635149697351,"2021-10-25T13:44:57+05:30"
37,57,69,26.99,56.29,1635149728052,"2021-10-25T13:45:28+05:30"
36,55,68,26.93,56.22,1635149758626,"2021-10-25T13:45:58+05:30"
39,59,70,26.96,56.51,1635149789233,"2021-10-25T13:46:29+05:30"
40,61,72,26.91,57.09,1635149819812,"2021-10-25T13:46:59+05:30"
42,62,73,26.95,57.08,1635149850386,"2021-10-25T13:47:30+05:30"
41,64,74,26.92,57.13,1635149880954,"2021-10-25T13:48:00+05:30"
41,61,71,26.86,56.58,1635149911569,"2021-10-25T13:48:31+05:30"
38,59,71,26.85,55.87,1635149942275,"2021-10-25T13:49:02+05:30"
38,57,69,26.79,56.3,1635149972729,"2021-10-25T13:49:32+05:30"
40,61,72,26.91,57.55,1635150003302,"2021-10-25T13:50:03+05:30"
41,62,72,26.95,56.67,1635150033896,"2021-10-25T13:50:33+05:30"
37,57,70,26.93,55.86,1635150064573,"2021-10-25T13:51:04+05:30"
37,57,71,26.86,54.9,1635150095145,"2021-10-25T13:51:35+05:30"
36,55,69,26.87,56.07,1635150125713,"2021-10-25T13:52:05+05:30"
39,56,70,26.98,57.18,1635150156290,"2021-10-25T13:52:36+05:30"
37,57,71,27.06,56.8,1635150186897,"2021-10-25T13:53:06+05:30"
39,59,70,26.99,56.71,1635150217465,"2021-10-25T13:53:37+05:30"
37,56,70,26.91,56.7,1635150248053,"2021-10-25T13:54:08+05:30"
37,56,68,27,57.38,1635150278682,"2021-10-25T13:54:38+05:30"
49,77,83,26.93,56.98,1635150309174,"2021-10-25T13:55:09+05:30"
45,69,76,26.85,57.34,1635150339771,"2021-10-25T13:55:39+05:30"
44,66,75,26.95,57.9,1635150370377,"2021-10-25T13:56:10+05:30"
44,66,75,27.02,57.83,1635150400938,"2021-10-25T13:56:40+05:30"
45,65,75,27.09,57.66,1635150431516,"2021-10-25T13:57:11+05:30"
48,74,81,27.09,57.42,1635150462116,"2021-10-25T13:57:42+05:30"
42,62,72,27.06,56.05,1635150492711,"2021-10-25T13:58:12+05:30"
43,67,77,27.07,56.76,1635150523275,"2021-10-25T13:58:43+05:30"
40,61,72,27.13,56.79,1635150553867,"2021-10-25T13:59:13+05:30"
41,61,72,27.21,56.78,1635150583791,"2021-10-25T13:59:43+05:30"
42,63,74,27.27,57.08,1635150614447,"2021-10-25T14:00:14+05:30"
47,71,79,27.31,57.63,1635150645125,"2021-10-25T14:00:45+05:30"
46,68,77,27.27,56.48,1635150675714,"2021-10-25T14:01:15+05:30"
45,66,76,27.29,57.33,1635150706297,"2021-10-25T14:01:46+05:30"
44,66,75,27.31,57.22,1635150736833,"2021-10-25T14:02:16+05:30"
45,67,76,27.33,56.95,1635150767500,"2021-10-25T14:02:47+05:30"
40,61,72,27.25,55.07,1635150798127,"2021-10-25T14:03:18+05:30"
42,65,74,27.3,56.56,1635150828721,"2021-10-25T14:03:48+05:30"
43,67,76,27.31,56.74,1635150859274,"2021-10-25T14:04:19+05:30"
44,66,76,27.34,56.73,1635150889860,"2021-10-25T14:04:49+05:30"
42,62,73,27.36,56.66,1635150920681,"2021-10-25T14:05:20+05:30"
42,62,71,27.28,55.79,1635150951031,"2021-10-25T14:05:51+05:30"
37,56,70,27.15,53.98,1635150981609,"2021-10-25T14:06:21+05:30"
37,54,67,27.07,54.45,1635151012175,"2021-10-25T14:06:52+05:30"
39,59,70,27.1,55.93,1635151042772,"2021-10-25T14:07:22+05:30"
36,55,68,27.09,54.81,1635151073580,"2021-10-25T14:07:53+05:30"
36,57,69,27.09,55.7,1635151103934,"2021-10-25T14:08:23+05:30"
40,64,74,27.15,56.1,1635151134505,"2021-10-25T14:08:54+05:30"
43,63,74,27.06,55.48,1635151165135,"2021-10-25T14:09:25+05:30"
36,56,69,26.99,53.97,1635151195697,"2021-10-25T14:09:55+05:30"
38,58,71,27.03,55.23,1635151226265,"2021-10-25T14:10:26+05:30"
40,61,72,27.1,55.35,1635151256839,"2021-10-25T14:10:56+05:30"
44,64,74,27.09,54.64,1635151287455,"2021-10-25T14:11:27+05:30"
38,58,70,27.03,52.83,1635151318074,"2021-10-25T14:11:58+05:30"
37,57,70,27.05,53.84,1635151348813,"2021-10-25T14:12:28+05:30"
35,52,65,26.97,52.72,1635151379278,"2021-10-25T14:12:59+05:30"
33,51,64,26.93,52.69,1635151409838,"2021-10-25T14:13:29+05:30"
33,51,65,26.9,53.23,1635151440439,"2021-10-25T14:14:00+05:30"
35,52,65,26.95,53.69,1635151471020,"2021-10-25T14:14:31+05:30"
34,53,66,27.02,54.76,1635151503697,"2021-10-25T14:15:03+05:30"
35,52,66,27.08,53.81,1635151533784,"2021-10-25T14:15:33+05:30"
33,50,63,26.99,53.33,1635151564369,"2021-10-25T14:16:04+05:30"
33,50,63,26.95,53.3,1635151594968,"2021-10-25T14:16:34+05:30"
34,51,65,27.05,55.03,1635151625520,"2021-10-25T14:17:05+05:30"
34,50,63,27.05,54.23,1635151656125,"2021-10-25T14:17:36+05:30"
37,56,67,27.11,54.74,1635151686703,"2021-10-25T14:18:06+05:30"
42,62,74,27.09,55.33,1635151717277,"2021-10-25T14:18:37+05:30"
39,60,72,27.17,55.13,1635151747845,"2021-10-25T14:19:07+05:30"
38,58,70,27.06,52.55,1635151778444,"2021-10-25T14:19:38+05:30"
32,47,60,26.82,58.06,1635155075330,"2021-10-25T15:14:35+05:30"
32,49,63,26.89,58.33,1635155105642,"2021-10-25T15:15:05+05:30"
33,50,64,26.91,57.91,1635155136119,"2021-10-25T15:15:36+05:30"
32,48,60,26.9,57.99,1635155166700,"2021-10-25T15:16:06+05:30"
32,47,60,26.96,58.21,1635155197279,"2021-10-25T15:16:37+05:30"
33,50,63,26.96,57.11,1635155227873,"2021-10-25T15:17:07+05:30"
32,50,65,26.93,57.33,1635155258434,"2021-10-25T15:17:38+05:30"
31,47,59,26.93,54.51,1635155289013,"2021-10-25T15:18:09+05:30"
32,49,63,27.02,57.01,1635155319777,"2021-10-25T15:18:39+05:30"
31,48,60,27.09,57.61,1635155350157,"2021-10-25T15:19:10+05:30"
32,48,60,27.08,57.16,1635155380753,"2021-10-25T15:19:40+05:30"
32,48,60,27.1,57.4,1635155411355,"2021-10-25T15:20:11+05:30"
32,48,62,27.07,56.9,1635155441889,"2021-10-25T15:20:41+05:30"
31,47,60,27.01,54.14,1635155472479,"2021-10-25T15:21:12+05:30"
31,46,57,26.99,54.34,1635155503086,"2021-10-25T15:21:43+05:30"
31,48,60,27.03,55.45,1635155533646,"2021-10-25T15:22:13+05:30"
32,47,59,27.04,54.05,1635155564447,"2021-10-25T15:22:44+05:30"
32,48,63,27.02,53.29,1635155594830,"2021-10-25T15:23:14+05:30"
31,46,58,27.04,54.67,1635155625631,"2021-10-25T15:23:45+05:30"
32,48,61,27.1,55.12,1635155655987,"2021-10-25T15:24:15+05:30"
31,46,59,27.11,54.03,1635155686549,"2021-10-25T15:24:46+05:30"
31,46,59,27.1,53.72,1635155717159,"2021-10-25T15:25:17+05:30"
31,46,57,27.17,54.83,1635155747759,"2021-10-25T15:25:47+05:30"
30,46,56,27.22,54.46,1635155778589,"2021-10-25T15:26:18+05:30"
31,47,59,27.26,55.22,1635155809012,"2021-10-25T15:26:49+05:30"
31,47,59,27.28,55.18,1635155839552,"2021-10-25T15:27:19+05:30"
31,46,58,27.3,55.46,1635155870124,"2021-10-25T15:27:50+05:30"
31,47,60,27.28,54,1635155900698,"2021-10-25T15:28:20+05:30"
32,47,57,27.26,53.54,1635155929536,"2021-10-25T15:28:49+05:30"
32,48,60,27.26,54.69,1635155960328,"2021-10-25T15:29:20+05:30"
31,48,62,27.22,54.46,1635155990967,"2021-10-25T15:29:50+05:30"
32,48,60,27.18,54.74,1635156021573,"2021-10-25T15:30:21+05:30"
32,47,59,27.21,55,1635156052209,"2021-10-25T15:30:52+05:30"
32,48,59,27.2,54.07,1635156082758,"2021-10-25T15:31:22+05:30"
31,47,59,27.12,52.1,1635156113294,"2021-10-25T15:31:53+05:30"
30,46,57,27.12,51.82,1635156143894,"2021-10-25T15:32:23+05:30"
30,45,57,27.08,52.15,1635156174494,"2021-10-25T15:32:54+05:30"
31,47,60,27.1,53.61,1635156205077,"2021-10-25T15:33:25+05:30"
31,46,58,27.18,53.96,1635156235645,"2021-10-25T15:33:55+05:30"
32,47,60,27.26,54.24,1635156266212,"2021-10-25T15:34:26+05:30"
32,48,59,27.19,52.23,1635156296813,"2021-10-25T15:34:56+05:30"
31,47,59,27.21,53.5,1635156327389,"2021-10-25T15:35:27+05:30"
32,50,64,27.13,53.6,1635156358017,"2021-10-25T15:35:58+05:30"
31,48,60,27.16,54.16,1635156388655,"2021-10-25T15:36:28+05:30"
33,48,61,27.12,54.68,1635156419157,"2021-10-25T15:36:59+05:30"
33,49,63,27.1,54.62,1635156449762,"2021-10-25T15:37:29+05:30"
33,50,63,27.11,55.06,1635156480311,"2021-10-25T15:38:00+05:30"
33,49,63,27.13,54.75,1635156510888,"2021-10-25T15:38:30+05:30"
32,47,59,27.08,53.54,1635156541485,"2021-10-25T15:39:01+05:30"
32,48,62,27.09,53.47,1635156572064,"2021-10-25T15:39:32+05:30"
32,48,61,27.08,53.11,1635156602612,"2021-10-25T15:40:02+05:30"
33,49,62,27.11,54.45,1635156633227,"2021-10-25T15:40:33+05:30"
33,50,65,27.02,53.91,1635156663846,"2021-10-25T15:41:03+05:30"
31,47,59,26.98,52.17,1635156694386,"2021-10-25T15:41:34+05:30"
31,46,58,26.99,52.5,1635156724941,"2021-10-25T15:42:04+05:30"
32,48,61,27,51.95,1635156755558,"2021-10-25T15:42:35+05:30"
32,48,60,27.07,53.75,1635156786271,"2021-10-25T15:43:06+05:30"
32,48,62,27.12,54.24,1635156820165,"2021-10-25T15:43:40+05:30"
32,49,61,27.04,54.84,1635156850775,"2021-10-25T15:44:10+05:30"
32,49,60,27.07,54.73,1635156881346,"2021-10-25T15:44:41+05:30"
41,62,71,27.12,54.37,1635156912121,"2021-10-25T15:45:12+05:30"
39,57,70,27.19,54.64,1635156942483,"2021-10-25T15:45:42+05:30"
38,56,69,27.2,54.72,1635156973120,"2021-10-25T15:46:13+05:30"
38,56,69,27.07,55.3,1635157003677,"2021-10-25T15:46:43+05:30"
35,52,67,27.17,55.9,1635157034444,"2021-10-25T15:47:14+05:30"
36,53,67,27.17,53.46,1635157064827,"2021-10-25T15:47:44+05:30"
34,52,64,27.19,54.25,1635157095434,"2021-10-25T15:48:15+05:30"
34,51,65,27.26,54.58,1635157126008,"2021-10-25T15:48:46+05:30"
35,52,65,27.16,55.27,1635157156570,"2021-10-25T15:49:16+05:30"
35,53,66,27.11,54.03,1635157187250,"2021-10-25T15:49:47+05:30"
40,58,71,27.1,53.16,1635157217743,"2021-10-25T15:50:17+05:30"
35,52,66,27.22,54.55,1635157248341,"2021-10-25T15:50:48+05:30"
45,67,75,27.16,52.74,1635157278928,"2021-10-25T15:51:18+05:30"
43,64,73,27.16,54.26,1635157309483,"2021-10-25T15:51:49+05:30"
38,57,69,27.23,54.97,1635157340081,"2021-10-25T15:52:20+05:30"
40,59,71,27.25,54.95,1635157370915,"2021-10-25T15:52:50+05:30"
40,60,73,27.19,55.23,1635157401229,"2021-10-25T15:53:21+05:30"
38,58,71,27.21,55.26,1635157431810,"2021-10-25T15:53:51+05:30"
38,57,70,27.15,54.17,1635157462493,"2021-10-25T15:54:22+05:30"
37,53,67,27.1,52.31,1635157493552,"2021-10-25T15:54:53+05:30"
36,54,68,27.1,53.1,1635157513357,"2021-10-25T15:55:13+05:30"
38,55,68,27.08,52.39,1635157543915,"2021-10-25T15:55:43+05:30"
37,55,68,27.06,53.77,1635157574504,"2021-10-25T15:56:14+05:30"
37,54,67,27,54.65,1635157605078,"2021-10-25T15:56:45+05:30"
41,60,73,26.96,53.39,1635157635893,"2021-10-25T15:57:15+05:30"
39,56,68,26.99,53.48,1635157666506,"2021-10-25T15:57:46+05:30"
41,60,71,26.96,52.64,1635157697076,"2021-10-25T15:58:17+05:30"
38,55,67,26.98,53.24,1635157727257,"2021-10-25T15:58:47+05:30"
38,58,71,27.01,54.26,1635157758055,"2021-10-25T15:59:18+05:30"
38,53,66,27.02,53.03,1635157788587,"2021-10-25T15:59:48+05:30"
39,55,68,27.03,52.89,1635157819130,"2021-10-25T16:00:19+05:30"
37,55,68,27.16,54.78,1635157849696,"2021-10-25T16:00:49+05:30"
37,54,69,27.27,54.43,1635157880276,"2021-10-25T16:01:20+05:30"
37,52,65,27.33,54.64,1635157910865,"2021-10-25T16:01:50+05:30"
38,55,68,27.38,54.56,1635157941495,"2021-10-25T16:02:21+05:30"
38,54,69,27.3,54.43,1635157972040,"2021-10-25T16:02:52+05:30"
36,53,68,27.22,54.53,1635158002609,"2021-10-25T16:03:22+05:30"
36,52,66,27.13,54.16,1635158033201,"2021-10-25T16:03:53+05:30"
37,52,66,27.17,54.6,1635158063815,"2021-10-25T16:04:23+05:30"
36,52,66,27.14,53.64,1635158094743,"2021-10-25T16:04:54+05:30"
37,53,66,27.14,55.52,1635158125233,"2021-10-25T16:05:25+05:30"
37,52,66,27.24,56.16,1635158155882,"2021-10-25T16:05:55+05:30"
38,54,69,27.15,55.3,1635158186470,"2021-10-25T16:06:26+05:30"
37,54,67,27.15,56.02,1635158217120,"2021-10-25T16:06:57+05:30"
38,53,66,27.17,55.32,1635158247644,"2021-10-25T16:07:27+05:30"
35,52,65,27.25,55.95,1635158278198,"2021-10-25T16:07:58+05:30"
38,52,66,27.29,55.84,1635158308797,"2021-10-25T16:08:28+05:30"
41,56,70,27.19,54.92,1635158339385,"2021-10-25T16:08:59+05:30"
75,95,101,27.07,55.34,1635158369959,"2021-10-25T16:09:29+05:30"
44,64,74,27.09,54.63,1635158400522,"2021-10-25T16:10:00+05:30"
41,59,70,27.13,55.16,1635158431122,"2021-10-25T16:10:31+05:30"
42,57,70,27.24,56.15,1635158461721,"2021-10-25T16:11:01+05:30"
45,63,73,27.29,56.79,1635158492288,"2021-10-25T16:11:32+05:30"
45,63,73,27.33,56.9,1635158522866,"2021-10-25T16:12:02+05:30"
45,64,74,27.32,56.77,1635158553698,"2021-10-25T16:12:33+05:30"
44,63,75,27.09,56.62,1635158584194,"2021-10-25T16:13:04+05:30"
44,62,73,27.11,57.7,1635158620801,"2021-10-25T16:13:40+05:30"
41,60,69,27.11,55.98,1635158650829,"2021-10-25T16:14:10+05:30"
38,54,66,27.04,54.78,1635158681400,"2021-10-25T16:14:41+05:30"
38,56,68,27.11,56.41,1635158711973,"2021-10-25T16:15:11+05:30"
39,55,69,27.24,56.74,1635158742783,"2021-10-25T16:15:42+05:30"
41,60,73,27.2,56.58,1635158773173,"2021-10-25T16:16:13+05:30"
41,58,72,27.05,55.61,1635158803731,"2021-10-25T16:16:43+05:30"
37,53,68,27.08,56.31,1635158834297,"2021-10-25T16:17:14+05:30"
39,55,69,27.14,56.53,1635158864963,"2021-10-25T16:17:44+05:30"
38,56,70,27.1,56.05,1635158895520,"2021-10-25T16:18:15+05:30"
38,54,68,27.12,56.91,1635158926075,"2021-10-25T16:18:46+05:30"
41,60,72,27.16,56.45,1635158956782,"2021-10-25T16:19:16+05:30"
39,57,69,27.17,57.2,1635158987569,"2021-10-25T16:19:47+05:30"
39,54,68,27.13,55.6,1635159018185,"2021-10-25T16:20:18+05:30"
36,53,67,27.09,55.77,1635159048852,"2021-10-25T16:20:48+05:30"
38,57,70,27.14,56.32,1635159069793,"2021-10-25T16:21:09+05:30"
38,53,68,27.26,56.94,1635159099988,"2021-10-25T16:21:39+05:30"
40,58,68,27.28,56.3,1635159130561,"2021-10-25T16:22:10+05:30"
39,59,71,27.23,57.21,1635159161126,"2021-10-25T16:22:41+05:30"
40,56,69,27.31,57.13,1635159191826,"2021-10-25T16:23:11+05:30"
40,56,68,27.29,57.05,1635159222358,"2021-10-25T16:23:42+05:30"
44,64,74,27.19,57.02,1635159252890,"2021-10-25T16:24:12+05:30"
44,63,73,27.21,57.29,1635159283707,"2021-10-25T16:24:43+05:30"
41,59,72,27.13,55.19,1635159314192,"2021-10-25T16:25:14+05:30"
42,60,71,27.08,55.85,1635159344774,"2021-10-25T16:25:44+05:30"
38,57,70,26.99,54.06,1635159375341,"2021-10-25T16:26:15+05:30"
40,58,71,27,55.86,1635159405909,"2021-10-25T16:26:45+05:30"
39,57,70,26.95,55.88,1635159436528,"2021-10-25T16:27:16+05:30"
40,58,70,27.03,56.49,1635159467105,"2021-10-25T16:27:47+05:30"
41,60,71,27,56.97,1635159497666,"2021-10-25T16:28:17+05:30"
40,61,73,27.09,56.9,1635159525086,"2021-10-25T16:28:45+05:30"
40,55,68,27.11,56.77,1635159555185,"2021-10-25T16:29:15+05:30"
42,63,73,27.06,56.87,1635159585782,"2021-10-25T16:29:45+05:30"
40,59,71,27.15,56.9,1635159616495,"2021-10-25T16:30:16+05:30"
39,59,71,27.2,56.9,1635159646954,"2021-10-25T16:30:46+05:30"
41,60,71,27.21,56.79,1635159677528,"2021-10-25T16:31:17+05:30"
43,63,73,27.06,55.65,1635159708086,"2021-10-25T16:31:48+05:30"
40,58,71,27.05,56.52,1635159738679,"2021-10-25T16:32:18+05:30"
41,58,72,27.15,56.69,1635159769345,"2021-10-25T16:32:49+05:30"
42,61,73,27.06,56.86,1635159799837,"2021-10-25T16:33:19+05:30"
42,59,72,27.05,56.86,1635159830401,"2021-10-25T16:33:50+05:30"
43,63,75,27.1,57.83,1635159861007,"2021-10-25T16:34:21+05:30"
41,59,71,27.09,57.75,1635159891583,"2021-10-25T16:34:51+05:30"
41,59,71,27.08,57.99,1635159922155,"2021-10-25T16:35:22+05:30"
42,62,73,27.1,57.68,1635159953229,"2021-10-25T16:35:53+05:30"
40,60,72,27.11,57.08,1635159983385,"2021-10-25T16:36:23+05:30"
39,55,68,27.15,56.85,1635160013959,"2021-10-25T16:36:53+05:30"
39,58,71,27.09,56.75,1635160044558,"2021-10-25T16:37:24+05:30"
41,58,71,27.04,56.84,1635160075168,"2021-10-25T16:37:55+05:30"
37,54,68,27.12,57.08,1635160105746,"2021-10-25T16:38:25+05:30"
37,54,69,27.22,56.83,1635160136277,"2021-10-25T16:38:56+05:30"
45,70,81,27.14,57.52,1635160167013,"2021-10-25T16:39:27+05:30"
46,68,77,27.11,58,1635160197492,"2021-10-25T16:39:57+05:30"
51,78,86,27.1,57.97,1635160228146,"2021-10-25T16:40:28+05:30"
47,70,78,27.08,57.87,1635160258676,"2021-10-25T16:40:58+05:30"
40,61,73,27.02,55.61,1635160289211,"2021-10-25T16:41:29+05:30"
39,58,72,27.02,56.2,1635160319813,"2021-10-25T16:41:59+05:30"
38,58,71,26.94,56.3,1635160350372,"2021-10-25T16:42:30+05:30"
40,61,72,27,57.36,1635160381042,"2021-10-25T16:43:01+05:30"
40,60,72,27.12,57.32,1635160411639,"2021-10-25T16:43:31+05:30"
69,94,101,27.12,56.46,1635160440614,"2021-10-25T16:44:00+05:30"
59,81,87,27.06,55.77,1635160471181,"2021-10-25T16:44:31+05:30"
41,58,69,27.08,54.83,1635160501760,"2021-10-25T16:45:01+05:30"
40,58,72,27.16,55.94,1635160532364,"2021-10-25T16:45:32+05:30"
41,58,71,27.26,56.52,1635160562945,"2021-10-25T16:46:02+05:30"
41,59,71,27.25,56.55,1635160593509,"2021-10-25T16:46:33+05:30"
40,60,72,27.17,56.63,1635160624097,"2021-10-25T16:47:04+05:30"
41,59,71,27.17,57.09,1635160655063,"2021-10-25T16:47:35+05:30"
40,58,71,27.2,57.47,1635160685575,"2021-10-25T16:48:05+05:30"
38,56,70,27.18,57.54,1635160716109,"2021-10-25T16:48:36+05:30"
39,55,70,27.2,56.49,1635160746823,"2021-10-25T16:49:06+05:30"
40,60,72,27.3,57.08,1635160777346,"2021-10-25T16:49:37+05:30"
38,60,73,27.39,57.13,1635160807872,"2021-10-25T16:50:07+05:30"
40,59,71,27.33,57.58,1635160838438,"2021-10-25T16:50:38+05:30"
41,60,73,27.24,57.99,1635160869007,"2021-10-25T16:51:09+05:30"
40,59,71,27.21,58.03,1635160899609,"2021-10-25T16:51:39+05:30"
38,56,70,27.22,57.22,1635160930255,"2021-10-25T16:52:10+05:30"
34,51,66,27.26,56.59,1635160960763,"2021-10-25T16:52:40+05:30"
37,55,69,27.4,58.57,1635160991355,"2021-10-25T16:53:11+05:30"
37,54,69,27.46,58.57,1635161021928,"2021-10-25T16:53:41+05:30"
39,56,70,27.41,58.3,1635161052551,"2021-10-25T16:54:12+05:30"
38,57,71,27.35,58.85,1635161083166,"2021-10-25T16:54:43+05:30"
40,60,73,27.46,59.21,1635161113768,"2021-10-25T16:55:13+05:30"
43,67,76,27.4,58.75,1635161144334,"2021-10-25T16:55:44+05:30"
43,64,76,27.36,59.57,1635161175155,"2021-10-25T16:56:15+05:30"
41,61,74,27.54,59.95,1635161205625,"2021-10-25T16:56:45+05:30"
40,62,73,27.55,58.93,1635161236232,"2021-10-25T16:57:16+05:30"
39,60,71,27.52,59.11,1635161266783,"2021-10-25T16:57:46+05:30"
41,59,72,27.57,58.74,1635161297361,"2021-10-25T16:58:17+05:30"
53,76,84,27.53,59.11,1635161325060,"2021-10-25T16:58:45+05:30"
50,72,80,27.52,59.16,1635161355250,"2021-10-25T16:59:15+05:30"
52,72,81,27.52,59.52,1635161385819,"2021-10-25T16:59:45+05:30"
52,75,80,27.43,59.44,1635161416385,"2021-10-25T17:00:16+05:30"
49,71,79,27.46,58.81,1635161446950,"2021-10-25T17:00:46+05:30"
47,67,76,27.54,58.74,1635161477562,"2021-10-25T17:01:17+05:30"
44,65,74,27.33,57.98,1635161508151,"2021-10-25T17:01:48+05:30"
44,65,74,27.32,59.4,1635161538737,"2021-10-25T17:02:18+05:30"
42,63,73,27.27,57.78,1635161569315,"2021-10-25T17:02:49+05:30"
41,61,72,27.24,58.38,1635161599892,"2021-10-25T17:03:19+05:30"
38,55,69,27.27,56.68,1635161630475,"2021-10-25T17:03:50+05:30"
36,53,66,27.29,56.67,1635161661053,"2021-10-25T17:04:21+05:30"
35,54,68,27.28,56.78,1635161691611,"2021-10-25T17:04:51+05:30"
36,53,68,27.3,57.7,1635161722180,"2021-10-25T17:05:22+05:30"
34,51,65,27.25,56.9,1635161752768,"2021-10-25T17:05:52+05:30"
36,54,68,27.35,58.43,1635161783400,"2021-10-25T17:06:23+05:30"
38,55,69,27.47,58.1,1635161814028,"2021-10-25T17:06:54+05:30"
36,53,66,27.43,57.13,1635161844585,"2021-10-25T17:07:24+05:30"
36,51,64,27.4,57.58,1635161875157,"2021-10-25T17:07:55+05:30"
36,53,68,27.43,57.63,1635161905727,"2021-10-25T17:08:25+05:30"
36,53,67,27.51,57.88,1635161936332,"2021-10-25T17:08:56+05:30"
35,52,66,27.56,57.58,1635161966914,"2021-10-25T17:09:26+05:30"
35,54,67,27.56,57.77,1635161997491,"2021-10-25T17:09:57+05:30"
36,54,69,27.56,57.75,1635162028054,"2021-10-25T17:10:28+05:30"
39,57,71,27.51,57.76,1635162058645,"2021-10-25T17:10:58+05:30"
36,56,72,27.45,57.93,1635162089216,"2021-10-25T17:11:29+05:30"
38,56,70,27.46,58.11,1635162119801,"2021-10-25T17:11:59+05:30"
40,56,69,27.53,58.03,1635162150450,"2021-10-25T17:12:30+05:30"
37,56,68,27.47,56.41,1635162181029,"2021-10-25T17:13:01+05:30"
37,55,68,27.47,57.63,1635162211611,"2021-10-25T17:13:31+05:30"
38,55,70,27.54,57.98,1635162241063,"2021-10-25T17:14:01+05:30"
36,53,67,27.59,58.13,1635162271437,"2021-10-25T17:14:31+05:30"
38,57,69,27.63,58.02,1635162302041,"2021-10-25T17:15:02+05:30"
37,57,70,27.63,57.96,1635162332639,"2021-10-25T17:15:32+05:30"
37,53,69,27.61,57.98,1635162363211,"2021-10-25T17:16:03+05:30"
37,54,66,27.61,57.91,1635162393769,"2021-10-25T17:16:33+05:30"
36,52,66,27.67,58.08,1635162424374,"2021-10-25T17:17:04+05:30"
34,51,68,27.72,57.63,1635162454962,"2021-10-25T17:17:34+05:30"
37,54,68,27.71,58.09,1635162486065,"2021-10-25T17:18:06+05:30"
35,53,66,27.64,56.66,1635162516460,"2021-10-25T17:18:36+05:30"
34,51,66,27.49,55.52,1635162547283,"2021-10-25T17:19:07+05:30"
34,51,65,27.48,57.15,1635162577592,"2021-10-25T17:19:37+05:30"
36,56,71,27.51,57.25,1635162608191,"2021-10-25T17:20:08+05:30"
40,57,70,27.5,57.12,1635162638778,"2021-10-25T17:20:38+05:30"
38,57,69,27.54,56.79,1635162669353,"2021-10-25T17:21:09+05:30"
40,58,70,27.55,57.11,1635162699946,"2021-10-25T17:21:39+05:30"
40,60,71,27.44,56.99,1635162730518,"2021-10-25T17:22:10+05:30"
40,60,72,27.38,56.75,1635162761116,"2021-10-25T17:22:41+05:30"
38,57,69,27.34,57.46,1635162791686,"2021-10-25T17:23:11+05:30"
37,55,67,27.38,57.87,1635162822349,"2021-10-25T17:23:42+05:30"
39,59,70,27.32,56.88,1635162852858,"2021-10-25T17:24:12+05:30"
38,56,70,27.23,57.42,1635162883442,"2021-10-25T17:24:43+05:30"
37,55,70,27.18,57.43,1635162914014,"2021-10-25T17:25:14+05:30"
37,55,69,27.26,57.13,1635162944579,"2021-10-25T17:25:44+05:30"
34,50,64,27.21,55.75,1635162975178,"2021-10-25T17:26:15+05:30"
33,50,64,27.16,55.35,1635163005785,"2021-10-25T17:26:45+05:30"
33,50,64,27.26,56.84,1635163036417,"2021-10-25T17:27:16+05:30"
33,50,63,27.36,57.21,1635163067038,"2021-10-25T17:27:47+05:30"
34,52,65,27.28,57.27,1635163097513,"2021-10-25T17:28:17+05:30"
35,53,67,27.36,58,1635163122292,"2021-10-25T17:28:42+05:30"
35,52,69,27.44,57.77,1635163152960,"2021-10-25T17:29:12+05:30"
34,51,65,27.49,57.82,1635163183590,"2021-10-25T17:29:43+05:30"
36,55,70,27.45,57.49,1635163214160,"2021-10-25T17:30:14+05:30"
35,52,65,27.47,57.72,1635163244730,"2021-10-25T17:30:44+05:30"
35,53,67,27.55,57.53,1635163275397,"2021-10-25T17:31:15+05:30"
35,53,68,27.6,57.51,1635163305908,"2021-10-25T17:31:45+05:30"
35,54,68,27.63,57.34,1635163336503,"2021-10-25T17:32:16+05:30"
34,51,65,27.63,56.7,1635163367075,"2021-10-25T17:32:47+05:30"
33,49,63,27.7,56.94,1635163397626,"2021-10-25T17:33:17+05:30"
35,52,67,27.74,56.73,1635163428239,"2021-10-25T17:33:48+05:30"
34,50,65,27.76,56.97,1635163458828,"2021-10-25T17:34:18+05:30"
36,53,66,27.8,57.07,1635163489404,"2021-10-25T17:34:49+05:30"
37,55,70,27.81,57.02,1635163520111,"2021-10-25T17:35:20+05:30"
40,61,74,27.8,57.1,1635163550568,"2021-10-25T17:35:50+05:30"
40,60,71,27.79,57.1,1635163581171,"2021-10-25T17:36:21+05:30"
41,63,74,27.78,57.21,1635163611949,"2021-10-25T17:36:51+05:30"
39,58,71,27.78,57.34,1635163642302,"2021-10-25T17:37:22+05:30"
40,59,71,27.78,57.37,1635163672969,"2021-10-25T17:37:52+05:30"
39,60,71,27.67,56.24,1635163703489,"2021-10-25T17:38:23+05:30"
38,58,70,27.7,57.2,1635163734049,"2021-10-25T17:38:54+05:30"
37,57,69,27.65,56.68,1635163764617,"2021-10-25T17:39:24+05:30"
37,54,69,27.7,56.99,1635163795222,"2021-10-25T17:39:55+05:30"
36,54,68,27.74,56.94,1635163825813,"2021-10-25T17:40:25+05:30"
35,52,67,27.78,57.3,1635163856679,"2021-10-25T17:40:56+05:30"
39,59,71,27.78,57.73,1635163887338,"2021-10-25T17:41:27+05:30"
37,56,70,27.67,56.25,1635163917860,"2021-10-25T17:41:57+05:30"
34,52,67,27.54,55.13,1635163948422,"2021-10-25T17:42:28+05:30"
35,53,66,27.61,57.31,1635163978989,"2021-10-25T17:42:58+05:30"
35,53,67,27.64,57.36,1635164009642,"2021-10-25T17:43:29+05:30"
36,54,67,27.69,57.66,1635164041369,"2021-10-25T17:44:01+05:30"
41,64,74,27.68,57.63,1635164071563,"2021-10-25T17:44:31+05:30"
39,60,74,27.69,57.34,1635164102163,"2021-10-25T17:45:02+05:30"
48,78,89,27.7,57.51,1635164132749,"2021-10-25T17:45:32+05:30"
45,70,80,27.67,57.15,1635164163321,"2021-10-25T17:46:03+05:30"
46,72,85,27.6,57.66,1635164193906,"2021-10-25T17:46:33+05:30"
52,86,92,27.67,57.56,1635164224497,"2021-10-25T17:47:04+05:30"
42,67,78,27.66,56.93,1635164255078,"2021-10-25T17:47:35+05:30"
39,61,75,27.63,55.95,1635164285647,"2021-10-25T17:48:05+05:30"
47,76,88,27.58,56.52,1635164316218,"2021-10-25T17:48:36+05:30"
57,95,109,27.65,56.72,1635164346822,"2021-10-25T17:49:06+05:30"
50,85,95,27.65,56.41,1635164377435,"2021-10-25T17:49:37+05:30"
40,63,74,27.52,56.75,1635164407978,"2021-10-25T17:50:07+05:30"
50,78,86,27.52,57.34,1635164438537,"2021-10-25T17:50:38+05:30"
56,92,103,27.54,57.36,1635164469138,"2021-10-25T17:51:09+05:30"
56,90,102,27.58,57.26,1635164499733,"2021-10-25T17:51:39+05:30"
46,74,84,27.5,57.23,1635164530298,"2021-10-25T17:52:10+05:30"
49,81,89,27.55,57.8,1635164560870,"2021-10-25T17:52:40+05:30"
42,66,76,27.52,57.52,1635164591479,"2021-10-25T17:53:11+05:30"
42,68,78,27.39,58.06,1635164622056,"2021-10-25T17:53:42+05:30"
42,64,74,27.47,57.91,1635164652638,"2021-10-25T17:54:12+05:30"
41,61,72,27.46,57.6,1635164683292,"2021-10-25T17:54:43+05:30"
38,61,73,27.59,58.37,1635164713867,"2021-10-25T17:55:13+05:30"
40,62,74,27.59,58.12,1635164744442,"2021-10-25T17:55:44+05:30"
41,66,75,27.61,58.7,1635164775183,"2021-10-25T17:56:15+05:30"
43,68,77,27.65,58.55,1635164805862,"2021-10-25T17:56:45+05:30"
40,64,76,27.64,58.23,1635164836516,"2021-10-25T17:57:16+05:30"
41,66,75,27.69,58.65,1635164867391,"2021-10-25T17:57:47+05:30"
43,66,75,27.77,58.41,1635164897976,"2021-10-25T17:58:17+05:30"
44,69,78,27.77,58.27,1635164920317,"2021-10-25T17:58:40+05:30"
44,71,78,27.75,58.12,1635164950896,"2021-10-25T17:59:10+05:30"
47,71,78,27.69,58.33,1635164981480,"2021-10-25T17:59:41+05:30"
46,71,80,27.62,58.44,1635165012066,"2021-10-25T18:00:12+05:30"
48,72,81,27.64,58.66,1635165042650,"2021-10-25T18:00:42+05:30"
47,73,83,27.64,57.97,1635165073198,"2021-10-25T18:01:13+05:30"
46,70,77,27.54,58.31,1635165104096,"2021-10-25T18:01:44+05:30"
45,69,78,27.5,58.15,1635165134414,"2021-10-25T18:02:14+05:30"
45,66,74,27.38,58.53,1635165164975,"2021-10-25T18:02:44+05:30"
48,71,81,27.35,58.19,1635165195539,"2021-10-25T18:03:15+05:30"
57,85,93,27.14,58.13,1635165226161,"2021-10-25T18:03:46+05:30"
46,73,79,27.27,59.53,1635165256726,"2021-10-25T18:04:16+05:30"
49,75,83,27.35,59.02,1635165287303,"2021-10-25T18:04:47+05:30"
50,73,80,27.41,58.4,1635165317888,"2021-10-25T18:05:17+05:30"
50,72,78,27.29,57.71,1635165348467,"2021-10-25T18:05:48+05:30"
49,74,80,27.17,58.74,1635165379136,"2021-10-25T18:06:19+05:30"
49,72,81,27.21,58.76,1635165409639,"2021-10-25T18:06:49+05:30"
50,76,85,27.19,58.74,1635165440209,"2021-10-25T18:07:20+05:30"
48,71,79,27.21,58.52,1635165470817,"2021-10-25T18:07:50+05:30"
49,72,80,27.28,58.79,1635165501387,"2021-10-25T18:08:21+05:30"
52,78,86,27.13,58.03,1635165531964,"2021-10-25T18:08:51+05:30"
50,73,79,27.25,59.16,1635165562614,"2021-10-25T18:09:22+05:30"
49,72,80,27.27,58.28,1635165593126,"2021-10-25T18:09:53+05:30"
50,77,87,27.22,58.91,1635165623739,"2021-10-25T18:10:23+05:30"
62,96,102,27.16,57.98,1635166589789,"2021-10-25T18:26:29+05:30"
57,85,95,27.24,58.82,1635166600004,"2021-10-25T18:26:40+05:30"
58,89,100,27.29,58.52,1635166630545,"2021-10-25T18:27:10+05:30"
60,92,100,27.33,58.15,1635166688282,"2021-10-25T18:28:08+05:30"
56,84,90,27.25,58.26,1635166749357,"2021-10-25T18:29:09+05:30"
57,87,98,27.23,58.61,1635166779611,"2021-10-25T18:29:39+05:30"
58,90,99,27.25,58.7,1635166810377,"2021-10-25T18:30:10+05:30"
57,88,95,27.32,58.79,1635166840753,"2021-10-25T18:30:40+05:30"
58,91,98,27.37,58.98,1635166870658,"2021-10-25T18:31:10+05:30"
66,97,107,27.36,59.08,1635166901208,"2021-10-25T18:31:41+05:30"
65,100,106,27.35,59.09,1635166931990,"2021-10-25T18:32:11+05:30"
64,98,108,27.36,59.06,1635167002489,"2021-10-25T18:33:22+05:30"
64,98,108,27.28,59.25,1635167033226,"2021-10-25T18:33:53+05:30"
62,95,103,27.37,59.24,1635167063793,"2021-10-25T18:34:23+05:30"
61,91,98,27.42,58.99,1635167094370,"2021-10-25T18:34:54+05:30"
62,94,100,27.4,59.04,1635167124972,"2021-10-25T18:35:24+05:30"
59,89,96,27.34,59.14,1635167155538,"2021-10-25T18:35:55+05:30"
59,86,95,27.4,59.48,1635167186094,"2021-10-25T18:36:26+05:30"
54,82,91,27.41,58.93,1635167216706,"2021-10-25T18:36:56+05:30"
55,83,92,27.43,58.71,1635167247292,"2021-10-25T18:37:27+05:30"
52,82,90,27.43,58.54,1635167277858,"2021-10-25T18:37:57+05:30"
50,78,85,27.45,58.13,1635167308518,"2021-10-25T18:38:28+05:30"
51,75,83,27.44,58.24,1635167339076,"2021-10-25T18:38:59+05:30"
51,76,82,27.43,58.14,1635167369658,"2021-10-25T18:39:29+05:30"
49,74,81,27.41,58.22,1635167400280,"2021-10-25T18:40:00+05:30"
49,77,84,27.37,58.3,1635167430846,"2021-10-25T18:40:30+05:30"
50,73,78,27.35,58.56,1635167461439,"2021-10-25T18:41:01+05:30"
49,76,82,27.37,58.56,1635167491986,"2021-10-25T18:41:31+05:30"
49,75,82,27.29,58.16,1635167522605,"2021-10-25T18:42:02+05:30"
48,72,80,27.25,58.41,1635167553181,"2021-10-25T18:42:33+05:30"
51,76,83,27.11,58.93,1635167583763,"2021-10-25T18:43:03+05:30"
50,75,83,27.28,59.17,1635167614481,"2021-10-25T18:43:34+05:30"
49,74,80,27.35,58.67,1635167644909,"2021-10-25T18:44:04+05:30"
51,79,84,27.38,58.6,1635167675523,"2021-10-25T18:44:35+05:30"
56,86,94,27.38,59,1635167706106,"2021-10-25T18:45:06+05:30"
60,93,102,27.36,59.2,1635167736748,"2021-10-25T18:45:36+05:30"
63,98,107,27.41,59.29,1635167767248,"2021-10-25T18:46:07+05:30"
64,96,102,27.46,58.88,1635167797837,"2021-10-25T18:46:37+05:30"
65,96,107,27.49,58.86,1635167828412,"2021-10-25T18:47:08+05:30"
63,94,102,27.42,58.85,1635167858978,"2021-10-25T18:47:38+05:30"
62,92,101,27.51,58.86,1635167889645,"2021-10-25T18:48:09+05:30"
64,96,104,27.58,58.45,1635167920169,"2021-10-25T18:48:40+05:30"
61,92,105,27.63,58.51,1635167950739,"2021-10-25T18:49:10+05:30"
59,89,98,27.61,58.54,1635167981306,"2021-10-25T18:49:41+05:30"
60,93,100,27.59,59.2,1635168011907,"2021-10-25T18:50:11+05:30"
61,92,101,27.62,58.64,1635168042500,"2021-10-25T18:50:42+05:30"
63,95,104,27.68,58.61,1635168073072,"2021-10-25T18:51:13+05:30"
63,97,109,27.74,58.37,1635168103641,"2021-10-25T18:51:43+05:30"
69,107,118,27.73,58.08,1635168133928,"2021-10-25T18:52:13+05:30"
71,107,119,27.73,58.07,1635168164489,"2021-10-25T18:52:44+05:30"
70,109,115,27.74,57.98,1635168195064,"2021-10-25T18:53:15+05:30"
69,108,119,27.75,58.29,1635168225661,"2021-10-25T18:53:45+05:30"
68,105,118,27.71,58.56,1635168256252,"2021-10-25T18:54:16+05:30"
67,103,114,27.7,58.51,1635168286864,"2021-10-25T18:54:46+05:30"
63,99,109,27.71,58.04,1635168317381,"2021-10-25T18:55:17+05:30"
66,101,111,27.73,57.89,1635168347985,"2021-10-25T18:55:47+05:30"
68,103,111,27.73,58.14,1635168378615,"2021-10-25T18:56:18+05:30"
69,103,111,27.76,58.39,1635168409256,"2021-10-25T18:56:49+05:30"
67,101,109,27.74,58.26,1635168439969,"2021-10-25T18:57:19+05:30"
100,158,173,27.62,57.27,1635168470642,"2021-10-25T18:57:50+05:30"
135,218,239,27.58,58.29,1635168491183,"2021-10-25T18:58:11+05:30"
125,201,220,27.65,58.36,1635168521836,"2021-10-25T18:58:41+05:30"
118,182,201,27.71,58.07,1635168552403,"2021-10-25T18:59:12+05:30"
101,153,166,27.78,57.86,1635168583039,"2021-10-25T18:59:43+05:30"
99,157,174,27.8,57.34,1635168613592,"2021-10-25T19:00:13+05:30"
120,195,213,27.79,57.36,1635168644185,"2021-10-25T19:00:44+05:30"
146,236,256,27.76,57.27,1635168674828,"2021-10-25T19:01:14+05:30"
151,247,268,27.74,57.17,1635168705492,"2021-10-25T19:01:45+05:30"
125,199,216,27.67,56.9,1635168735958,"2021-10-25T19:02:15+05:30"
107,171,192,27.65,57.01,1635168766545,"2021-10-25T19:02:46+05:30"
92,142,153,27.68,57,1635168797145,"2021-10-25T19:03:17+05:30"
83,128,139,27.68,56.9,1635168827749,"2021-10-25T19:03:47+05:30"
81,125,134,27.71,56.91,1635168858359,"2021-10-25T19:04:18+05:30"
104,166,179,27.71,57.03,1635168888910,"2021-10-25T19:04:48+05:30"
98,155,172,27.72,57.02,1635168919473,"2021-10-25T19:05:19+05:30"
87,140,152,27.71,57.02,1635168950070,"2021-10-25T19:05:50+05:30"
80,124,136,27.61,57.05,1635168983382,"2021-10-25T19:06:23+05:30"
82,130,144,27.61,57.56,1635169013975,"2021-10-25T19:06:53+05:30"
93,146,162,27.57,57.56,1635169044540,"2021-10-25T19:07:24+05:30"
89,143,159,27.58,57.25,1635169075102,"2021-10-25T19:07:55+05:30"
83,126,141,27.56,57.51,1635169105701,"2021-10-25T19:08:25+05:30"
81,128,143,27.6,57.78,1635169136326,"2021-10-25T19:08:56+05:30"
80,118,128,27.62,57.49,1635169166868,"2021-10-25T19:09:26+05:30"
84,133,144,27.63,57.39,1635169197430,"2021-10-25T19:09:57+05:30"
81,127,139,27.66,57.47,1635169228048,"2021-10-25T19:10:28+05:30"
76,121,131,27.64,57.26,1635169258658,"2021-10-25T19:10:58+05:30"
74,116,123,27.64,57.37,1635169289224,"2021-10-25T19:11:29+05:30"
76,117,128,27.63,57.18,1635169319773,"2021-10-25T19:11:59+05:30"
80,127,142,27.63,57.45,1635169350363,"2021-10-25T19:12:30+05:30"
82,128,141,27.61,57.14,1635169381236,"2021-10-25T19:13:01+05:30"
83,130,145,27.61,56.92,1635169411817,"2021-10-25T19:13:31+05:30"
85,133,145,27.59,57.01,1635169442421,"2021-10-25T19:14:02+05:30"
89,148,162,27.55,56.76,1635169473058,"2021-10-25T19:14:33+05:30"
84,137,154,27.53,56.88,1635169503692,"2021-10-25T19:15:03+05:30"
82,130,145,27.52,56.63,1635169534199,"2021-10-25T19:15:34+05:30"
82,130,143,27.53,56.69,1635169564760,"2021-10-25T19:16:04+05:30"
80,125,139,27.53,56.49,1635169595378,"2021-10-25T19:16:35+05:30"
77,122,135,27.52,56.57,1635169625902,"2021-10-25T19:17:05+05:30"
79,127,143,27.51,56.4,1635169656463,"2021-10-25T19:17:36+05:30"
80,127,142,27.51,56.56,1635169687734,"2021-10-25T19:18:07+05:30"
80,126,137,27.51,56.71,1635169717794,"2021-10-25T19:18:37+05:30"
80,128,140,27.5,56.3,1635169748229,"2021-10-25T19:19:08+05:30"
85,132,145,27.48,56.55,1635169778798,"2021-10-25T19:19:38+05:30"
91,143,164,27.44,56.39,1635169809413,"2021-10-25T19:20:09+05:30"
95,151,168,27.36,56.34,1635169840009,"2021-10-25T19:20:40+05:30"
93,149,169,27.33,56.98,1635169870551,"2021-10-25T19:21:10+05:30"
93,151,167,27.34,56.94,1635169893744,"2021-10-25T19:21:33+05:30"
96,152,176,27.32,57.29,1635169924537,"2021-10-25T19:22:04+05:30"
89,147,165,27.3,57.63,1635169954868,"2021-10-25T19:22:34+05:30"
93,149,164,27.29,57.6,1635169985458,"2021-10-25T19:23:05+05:30"
93,151,167,27.25,57.5,1635170016177,"2021-10-25T19:23:36+05:30"
88,145,161,27.23,57.47,1635170046755,"2021-10-25T19:24:06+05:30"
86,137,154,27.22,57.64,1635170077329,"2021-10-25T19:24:37+05:30"
84,138,152,27.22,57.49,1635170107996,"2021-10-25T19:25:07+05:30"
73,119,129,27.22,57.41,1635170138588,"2021-10-25T19:25:38+05:30"
74,116,128,27.13,57.63,1635170169274,"2021-10-25T19:26:09+05:30"
72,114,127,27.13,57.85,1635170200098,"2021-10-25T19:26:40+05:30"
72,111,123,27.14,57.82,1635170230633,"2021-10-25T19:27:10+05:30"
70,109,125,27.16,57.82,1635170261223,"2021-10-25T19:27:41+05:30"
70,106,118,27.19,57.72,1635170291905,"2021-10-25T19:28:11+05:30"
73,116,127,27.19,57.55,1635170322472,"2021-10-25T19:28:42+05:30"
76,121,130,27.18,57.53,1635170353049,"2021-10-25T19:29:13+05:30"
79,125,135,27.16,57.66,1635170383650,"2021-10-25T19:29:43+05:30"
77,120,133,27.18,57.5,1635170414240,"2021-10-25T19:30:14+05:30"
72,114,126,27.2,57.45,1635170444812,"2021-10-25T19:30:44+05:30"
73,115,124,27.18,57.49,1635170475390,"2021-10-25T19:31:15+05:30"
73,116,129,27.17,57.46,1635170506093,"2021-10-25T19:31:46+05:30"
76,119,133,27.11,57.44,1635170536562,"2021-10-25T19:32:16+05:30"
76,118,131,27.11,57.93,1635170567181,"2021-10-25T19:32:47+05:30"
76,119,132,27.14,57.78,1635170597708,"2021-10-25T19:33:17+05:30"
81,123,140,27.13,57.69,1635170628469,"2021-10-25T19:33:48+05:30"
87,136,149,27.11,57.74,1635170658909,"2021-10-25T19:34:18+05:30"
92,144,158,27.08,57.82,1635170689498,"2021-10-25T19:34:49+05:30"
93,149,163,27.08,58.04,1635170720087,"2021-10-25T19:35:20+05:30"
89,142,158,27.13,58.08,1635170750630,"2021-10-25T19:35:50+05:30"
86,140,155,27.18,58.22,1635170784967,"2021-10-25T19:36:24+05:30"
82,134,149,27.23,58.08,1635170815100,"2021-10-25T19:36:55+05:30"
81,129,143,27.25,58.07,1635170845680,"2021-10-25T19:37:25+05:30"
77,118,128,27.29,58.09,1635170876300,"2021-10-25T19:37:56+05:30"
73,116,128,27.29,57.85,1635170906816,"2021-10-25T19:38:26+05:30"
73,112,121,27.29,57.9,1635170937373,"2021-10-25T19:38:57+05:30"
71,112,120,27.32,57.86,1635170968091,"2021-10-25T19:39:28+05:30"
71,112,124,27.34,57.81,1635170998551,"2021-10-25T19:39:58+05:30"
70,109,119,27.34,57.91,1635171029222,"2021-10-25T19:40:29+05:30"
72,109,120,27.37,57.83,1635171059710,"2021-10-25T19:40:59+05:30"
70,108,120,27.37,57.74,1635171090290,"2021-10-25T19:41:30+05:30"
68,105,115,27.38,57.82,1635171120906,"2021-10-25T19:42:00+05:30"
71,111,122,27.41,57.95,1635171151437,"2021-10-25T19:42:31+05:30"
72,107,117,27.42,57.97,1635171182253,"2021-10-25T19:43:02+05:30"
69,108,118,27.43,58,1635171212798,"2021-10-25T19:43:32+05:30"
71,107,119,27.45,57.92,1635171243425,"2021-10-25T19:44:03+05:30"
69,106,117,27.46,57.88,1635171274073,"2021-10-25T19:44:34+05:30"
68,107,116,27.47,57.68,1635171304696,"2021-10-25T19:45:04+05:30"
70,108,117,27.49,57.86,1635171335367,"2021-10-25T19:45:35+05:30"
70,108,116,27.5,57.62,1635171356468,"2021-10-25T19:45:56+05:30"
67,104,116,27.47,57.44,1635171386530,"2021-10-25T19:46:26+05:30"
70,110,119,27.45,57.82,1635171417177,"2021-10-25T19:46:57+05:30"
71,107,120,27.46,57.91,1635171447867,"2021-10-25T19:47:27+05:30"
73,110,123,27.48,58.07,1635171478361,"2021-10-25T19:47:58+05:30"
72,110,119,27.51,58.04,1635171508929,"2021-10-25T19:48:28+05:30"
76,117,125,27.52,57.77,1635171539541,"2021-10-25T19:48:59+05:30"
74,117,128,27.49,57.76,1635171570135,"2021-10-25T19:49:30+05:30"
75,116,127,27.48,57.85,1635171600707,"2021-10-25T19:50:00+05:30"
73,112,123,27.49,57.64,1635171631263,"2021-10-25T19:50:31+05:30"
71,110,120,27.5,57.58,1635171661869,"2021-10-25T19:51:01+05:30"
70,107,118,27.49,57.04,1635171690275,"2021-10-25T19:51:30+05:30"
69,107,118,27.49,57.37,1635171721256,"2021-10-25T19:52:01+05:30"
70,107,116,27.52,57.41,1635171751819,"2021-10-25T19:52:31+05:30"
73,110,118,27.53,57.33,1635171782618,"2021-10-25T19:53:02+05:30"
76,115,130,27.56,57.55,1635171813227,"2021-10-25T19:53:33+05:30"
74,116,130,27.6,57.6,1635171843791,"2021-10-25T19:54:03+05:30"
73,116,127,27.64,57.66,1635171874364,"2021-10-25T19:54:34+05:30"
77,121,129,27.65,57.5,1635171904933,"2021-10-25T19:55:04+05:30"
84,135,146,27.65,57.49,1635171935551,"2021-10-25T19:55:35+05:30"
84,130,143,27.61,57.39,1635171966111,"2021-10-25T19:56:06+05:30"
81,124,133,27.55,57.32,1635171996692,"2021-10-25T19:56:36+05:30"
81,122,136,27.49,57.13,1635172027259,"2021-10-25T19:57:07+05:30"
77,121,131,27.47,57.2,1635172057848,"2021-10-25T19:57:37+05:30"
77,124,137,27.47,57.48,1635172088447,"2021-10-25T19:58:08+05:30"
76,118,130,27.47,57.47,1635172119043,"2021-10-25T19:58:39+05:30"
74,117,129,27.44,57.18,1635172149625,"2021-10-25T19:59:09+05:30"
75,114,124,27.44,57.26,1635172181063,"2021-10-25T19:59:41+05:30"
74,114,125,27.39,56.66,1635172210869,"2021-10-25T20:00:10+05:30"
76,118,130,27.26,57.23,1635172241371,"2021-10-25T20:00:41+05:30"
76,117,130,27.29,57.23,1635172271922,"2021-10-25T20:01:11+05:30"
74,119,128,27.33,57.08,1635172302522,"2021-10-25T20:01:42+05:30"
76,120,130,27.25,57.13,1635172333093,"2021-10-25T20:02:13+05:30"
76,118,131,27.27,57.28,1635172363696,"2021-10-25T20:02:43+05:30"
77,124,134,27.3,57.4,1635172394260,"2021-10-25T20:03:14+05:30"
86,137,152,27.28,57.15,1635172424825,"2021-10-25T20:03:44+05:30"
83,129,143,27.28,57.37,1635172455431,"2021-10-25T20:04:15+05:30"
79,118,131,27.28,57.23,1635172486027,"2021-10-25T20:04:46+05:30"
78,120,128,27.26,57.13,1635172516599,"2021-10-25T20:05:16+05:30"
76,114,125,27.28,57.05,1635172547157,"2021-10-25T20:05:47+05:30"
75,110,120,27.24,57.14,1635172577826,"2021-10-25T20:06:17+05:30"
74,115,126,27.19,57.35,1635172604972,"2021-10-25T20:06:44+05:30"
81,129,145,27.19,58.25,1635172635451,"2021-10-25T20:07:15+05:30"
85,128,143,27.21,58.26,1635172666266,"2021-10-25T20:07:46+05:30"
84,135,150,27.23,58.47,1635172696588,"2021-10-25T20:08:16+05:30"
84,134,145,27.25,58.36,1635172727169,"2021-10-25T20:08:47+05:30"
81,127,142,27.17,58.48,1635172757775,"2021-10-25T20:09:17+05:30"
79,125,137,27.17,58.85,1635172788368,"2021-10-25T20:09:48+05:30"
77,125,138,27.17,58.98,1635172819014,"2021-10-25T20:10:19+05:30"
77,123,140,27.13,59.04,1635172849796,"2021-10-25T20:10:49+05:30"
77,119,133,27.09,59.68,1635172880636,"2021-10-25T20:11:20+05:30"
76,121,133,27.13,61.81,1635172911395,"2021-10-25T20:11:51+05:30"
73,116,132,27.12,60.84,1635172942390,"2021-10-25T20:12:22+05:30"
71,108,119,27.09,60.11,1635172973064,"2021-10-25T20:12:53+05:30"
76,115,127,27.1,59.07,1635173003630,"2021-10-25T20:13:23+05:30"
79,121,129,27.13,58.99,1635173034213,"2021-10-25T20:13:54+05:30"
82,121,131,27.2,58.59,1635173064783,"2021-10-25T20:14:24+05:30"
76,114,126,27.15,58.71,1635173095409,"2021-10-25T20:14:55+05:30"
77,114,124,27.21,60.18,1635173126038,"2021-10-25T20:15:26+05:30"
70,106,114,27.17,60.5,1635173156634,"2021-10-25T20:15:56+05:30"
69,108,119,27.16,60.18,1635173187201,"2021-10-25T20:16:27+05:30"
68,102,112,27.13,59.64,1635173217829,"2021-10-25T20:16:57+05:30"
70,107,114,27.1,59.25,1635173248330,"2021-10-25T20:17:28+05:30"
70,103,110,27.05,59.38,1635173279088,"2021-10-25T20:17:59+05:30"
70,110,120,27.1,59.28,1635173309519,"2021-10-25T20:18:29+05:30"
71,105,118,27.12,59.13,1635173340099,"2021-10-25T20:19:00+05:30"
68,102,113,27.13,59.29,1635173370701,"2021-10-25T20:19:30+05:30"
66,101,108,27.14,59.2,1635173401379,"2021-10-25T20:20:01+05:30"
66,100,109,27.1,59.09,1635173431854,"2021-10-25T20:20:31+05:30"
65,102,112,27.11,59.02,1635173462793,"2021-10-25T20:21:02+05:30"
67,101,113,27.07,59.21,1635173490099,"2021-10-25T20:21:30+05:30"
67,103,114,27.12,59.16,1635173520601,"2021-10-25T20:22:00+05:30"
64,99,106,27.14,59.4,1635173551166,"2021-10-25T20:22:31+05:30"
65,101,111,27.15,59.15,1635173581761,"2021-10-25T20:23:01+05:30"
66,99,108,27.15,59.1,1635173612715,"2021-10-25T20:23:32+05:30"
67,100,110,27.13,59.13,1635173642990,"2021-10-25T20:24:02+05:30"
65,98,106,27.14,59.27,1635173673585,"2021-10-25T20:24:33+05:30"
66,101,108,27.17,59.59,1635173704160,"2021-10-25T20:25:04+05:30"
64,100,107,27.15,59.59,1635173734879,"2021-10-25T20:25:34+05:30"
66,101,116,27.13,59.85,1635173765320,"2021-10-25T20:26:05+05:30"
67,100,111,27.12,59.99,1635173795935,"2021-10-25T20:26:35+05:30"
66,101,111,27.12,59.4,1635173826500,"2021-10-25T20:27:06+05:30"
63,95,104,27.13,59.33,1635173857054,"2021-10-25T20:27:37+05:30"
67,99,110,27.12,59.49,1635173887623,"2021-10-25T20:28:07+05:30"
66,100,110,27.11,59.15,1635173918541,"2021-10-25T20:28:38+05:30"
66,101,111,27.11,58.81,1635173948861,"2021-10-25T20:29:08+05:30"
66,98,104,27.1,58.7,1635173979380,"2021-10-25T20:29:39+05:30"
65,98,107,27.1,58.59,1635174009964,"2021-10-25T20:30:09+05:30"
65,100,108,27.08,58.29,1635174040564,"2021-10-25T20:30:40+05:30"
64,97,109,27.05,58.52,1635174071282,"2021-10-25T20:31:11+05:30"
64,100,108,27.05,58.37,1635174101706,"2021-10-25T20:31:41+05:30"
62,97,103,27.05,58.32,1635174132301,"2021-10-25T20:32:12+05:30"
66,102,114,27.05,58.17,1635174162890,"2021-10-25T20:32:42+05:30"
66,101,107,27.04,58.13,1635174193477,"2021-10-25T20:33:13+05:30"
65,96,104,27.03,58.43,1635174224047,"2021-10-25T20:33:44+05:30"
63,99,109,27.04,58.38,1635174254622,"2021-10-25T20:34:14+05:30"
63,99,104,27.04,58.33,1635174285213,"2021-10-25T20:34:45+05:30"
63,98,112,27.04,58.41,1635174315812,"2021-10-25T20:35:15+05:30"
61,95,104,27.05,58.53,1635174346381,"2021-10-25T20:35:46+05:30"
64,96,109,27.07,58.48,1635174376976,"2021-10-25T20:36:16+05:30"
63,97,103,27.09,58.52,1635174405655,"2021-10-25T20:36:45+05:30"
62,97,106,27.08,58.27,1635174436259,"2021-10-25T20:37:16+05:30"
63,95,103,26.98,58.63,1635174467032,"2021-10-25T20:37:47+05:30"
62,96,105,26.97,58.77,1635174497409,"2021-10-25T20:38:17+05:30"
66,101,113,26.96,58.65,1635174527982,"2021-10-25T20:38:47+05:30"
83,124,132,26.97,58.68,1635174558626,"2021-10-25T20:39:18+05:30"
95,137,152,26.98,58.62,1635174589142,"2021-10-25T20:39:49+05:30"
84,125,136,27.06,58.66,1635174619841,"2021-10-25T20:40:19+05:30"
72,109,117,27.05,58.69,1635174650306,"2021-10-25T20:40:50+05:30"
71,108,119,27.06,58.58,1635174680925,"2021-10-25T20:41:20+05:30"
70,108,118,27.1,58.58,1635174711475,"2021-10-25T20:41:51+05:30"
65,100,109,27.11,58.63,1635174742067,"2021-10-25T20:42:22+05:30"
65,99,108,27.08,58.39,1635174772696,"2021-10-25T20:42:52+05:30"
65,96,107,27.05,58.73,1635174803448,"2021-10-25T20:43:23+05:30"
64,98,106,27.04,58.64,1635174833797,"2021-10-25T20:43:53+05:30"
65,98,109,27.04,58.82,1635174864401,"2021-10-25T20:44:24+05:30"
66,100,109,27.05,58.93,1635174895034,"2021-10-25T20:44:55+05:30"
63,94,103,27.07,59.01,1635174925602,"2021-10-25T20:45:25+05:30"
66,100,107,27.08,59.24,1635174956199,"2021-10-25T20:45:56+05:30"
66,100,110,27.04,59.09,1635174987012,"2021-10-25T20:46:27+05:30"
63,95,104,26.99,59.21,1635175017370,"2021-10-25T20:46:57+05:30"
59,89,98,26.99,59.2,1635175048004,"2021-10-25T20:47:28+05:30"
69,102,111,26.96,58.9,1635175078538,"2021-10-25T20:47:58+05:30"
74,112,121,26.89,59.34,1635175109194,"2021-10-25T20:48:29+05:30"
71,108,116,26.98,59.5,1635175139728,"2021-10-25T20:48:59+05:30"
67,105,113,27.03,59.58,1635175170257,"2021-10-25T20:49:30+05:30"
67,101,110,27.12,59.6,1635175200857,"2021-10-25T20:50:00+05:30"
68,102,110,27.14,59.05,1635175231462,"2021-10-25T20:50:31+05:30"
69,103,114,27.15,59.06,1635175262018,"2021-10-25T20:51:02+05:30"
70,106,117,27.15,58.91,1635175288277,"2021-10-25T20:51:28+05:30"
75,113,123,27.08,58.92,1635175318525,"2021-10-25T20:51:58+05:30"
75,116,125,27.05,59.42,1635175349108,"2021-10-25T20:52:29+05:30"
74,114,125,27.06,59.52,1635175379725,"2021-10-25T20:52:59+05:30"
74,110,120,27.06,59.53,1635175410260,"2021-10-25T20:53:30+05:30"
72,110,122,27.03,59.56,1635175440857,"2021-10-25T20:54:00+05:30"
72,110,119,27.05,59.47,1635175471494,"2021-10-25T20:54:31+05:30"
72,109,116,27.08,59.2,1635175502015,"2021-10-25T20:55:02+05:30"
72,109,116,27.11,59.37,1635175532582,"2021-10-25T20:55:32+05:30"
73,110,119,27.11,59.26,1635175563223,"2021-10-25T20:56:03+05:30"
73,112,122,27.09,59.46,1635175593779,"2021-10-25T20:56:33+05:30"
74,112,120,27.08,59.39,1635175624364,"2021-10-25T20:57:04+05:30"
73,110,119,27.07,59.34,1635175654940,"2021-10-25T20:57:34+05:30"
75,114,122,27.07,59.49,1635175685542,"2021-10-25T20:58:05+05:30"
79,121,131,27.07,59.3,1635175716380,"2021-10-25T20:58:36+05:30"
87,133,146,27.04,59.17,1635175746884,"2021-10-25T20:59:06+05:30"
86,129,140,26.98,59.23,1635175777439,"2021-10-25T20:59:37+05:30"
83,124,137,26.97,59.47,1635175808127,"2021-10-25T21:00:08+05:30"
84,122,131,26.94,59.33,1635175838473,"2021-10-25T21:00:38+05:30"
82,123,133,26.93,59.5,1635175869025,"2021-10-25T21:01:09+05:30"
82,123,135,26.94,59.55,1635175899631,"2021-10-25T21:01:39+05:30"
81,125,139,26.99,59.34,1635175930318,"2021-10-25T21:02:10+05:30"
81,122,130,27.01,59.13,1635175960903,"2021-10-25T21:02:40+05:30"
80,119,128,27.02,59.19,1635175991377,"2021-10-25T21:03:11+05:30"
77,117,125,27.02,59.24,1635176021983,"2021-10-25T21:03:41+05:30"
78,116,125,27,59,1635176052556,"2021-10-25T21:04:12+05:30"
76,116,130,26.95,58.99,1635176083136,"2021-10-25T21:04:43+05:30"
76,118,129,26.9,59.4,1635176113775,"2021-10-25T21:05:13+05:30"
77,115,123,26.91,59.69,1635176144290,"2021-10-25T21:05:44+05:30"
78,116,128,26.87,59.35,1635176174888,"2021-10-25T21:06:14+05:30"
78,118,129,26.85,59.7,1635176208247,"2021-10-25T21:06:48+05:30"
77,117,126,26.87,59.77,1635176238564,"2021-10-25T21:07:18+05:30"
76,112,119,26.9,59.61,1635176269196,"2021-10-25T21:07:49+05:30"
74,112,122,26.88,59.8,1635176299839,"2021-10-25T21:08:19+05:30"
76,114,125,26.92,59.86,1635176330490,"2021-10-25T21:08:50+05:30"
73,110,120,26.92,60.25,1635176350742,"2021-10-25T21:09:10+05:30"
75,113,123,26.93,60.65,1635176381538,"2021-10-25T21:09:41+05:30"
75,110,120,26.92,60.48,1635176411972,"2021-10-25T21:10:11+05:30"
76,112,121,26.92,60.38,1635176442527,"2021-10-25T21:10:42+05:30"
77,121,135,26.94,60.26,1635176473183,"2021-10-25T21:11:13+05:30"
79,124,136,26.97,60.42,1635176503767,"2021-10-25T21:11:43+05:30"
81,124,136,26.96,60.48,1635176534348,"2021-10-25T21:12:14+05:30"
82,126,145,26.96,59.91,1635176565020,"2021-10-25T21:12:45+05:30"
79,120,136,26.9,59.69,1635176596567,"2021-10-25T21:13:16+05:30"
82,125,135,26.95,59.71,1635176626105,"2021-10-25T21:13:46+05:30"
81,125,137,26.95,59.38,1635176656660,"2021-10-25T21:14:16+05:30"
80,121,135,26.93,59.22,1635176687252,"2021-10-25T21:14:47+05:30"
78,117,127,26.92,59.33,1635176717852,"2021-10-25T21:15:17+05:30"
75,115,127,26.86,59.38,1635176748424,"2021-10-25T21:15:48+05:30"
75,115,126,26.83,59.14,1635176779045,"2021-10-25T21:16:19+05:30"
72,110,119,26.83,59.05,1635176809610,"2021-10-25T21:16:49+05:30"
70,110,119,26.82,58.88,1635176840197,"2021-10-25T21:17:20+05:30"
67,102,113,26.8,58.72,1635176870764,"2021-10-25T21:17:50+05:30"
68,103,111,26.81,58.75,1635176901314,"2021-10-25T21:18:21+05:30"
67,102,109,26.82,58.41,1635176931957,"2021-10-25T21:18:51+05:30"
68,105,117,26.77,58.35,1635176962490,"2021-10-25T21:19:22+05:30"
67,97,109,26.85,58.45,1635176993066,"2021-10-25T21:19:53+05:30"
66,99,108,26.85,58.42,1635177023768,"2021-10-25T21:20:23+05:30"
68,102,111,26.84,58.41,1635177054274,"2021-10-25T21:20:54+05:30"
68,100,110,26.84,58.63,1635177089174,"2021-10-25T21:21:29+05:30"
71,103,114,26.86,58.36,1635177119613,"2021-10-25T21:21:59+05:30"
70,105,116,26.85,58.47,1635177150053,"2021-10-25T21:22:30+05:30"
68,102,111,26.86,58.49,1635177180647,"2021-10-25T21:23:00+05:30"
71,105,112,26.89,58.34,1635177211234,"2021-10-25T21:23:31+05:30"
79,122,133,26.77,58.34,1635177241827,"2021-10-25T21:24:01+05:30"
91,139,153,26.81,58.64,1635177272571,"2021-10-25T21:24:32+05:30"
92,139,148,26.89,58.75,1635177303117,"2021-10-25T21:25:03+05:30"
94,140,157,26.9,58.53,1635177333604,"2021-10-25T21:25:33+05:30"
92,139,149,26.87,58.28,1635177364196,"2021-10-25T21:26:04+05:30"
89,135,149,26.87,58.34,1635177394804,"2021-10-25T21:26:34+05:30"
84,129,140,26.9,58.12,1635177425484,"2021-10-25T21:27:05+05:30"
78,120,130,26.94,58.15,1635177446141,"2021-10-25T21:27:26+05:30"
84,131,144,26.93,58.08,1635177476734,"2021-10-25T21:27:56+05:30"
86,132,143,27,58.2,1635177507352,"2021-10-25T21:28:27+05:30"
83,126,138,27,57.84,1635177537929,"2021-10-25T21:28:57+05:30"
78,119,128,27.03,58.16,1635177568605,"2021-10-25T21:29:28+05:30"
76,114,124,27.16,58.01,1635177599110,"2021-10-25T21:29:59+05:30"
76,110,119,27.19,57.72,1635177629699,"2021-10-25T21:30:29+05:30"
78,115,123,27.19,57.71,1635177660288,"2021-10-25T21:31:00+05:30"
77,113,129,27.19,57.76,1635177690915,"2021-10-25T21:31:30+05:30"
73,113,132,27.16,57.58,1635177721476,"2021-10-25T21:32:01+05:30"
71,110,125,27.14,57.97,1635177752075,"2021-10-25T21:32:32+05:30"
71,110,125,27.16,57.82,1635177782745,"2021-10-25T21:33:02+05:30"
71,108,126,27.17,57.94,1635177813270,"2021-10-25T21:33:33+05:30"
72,112,127,27.21,58.05,1635177843857,"2021-10-25T21:34:03+05:30"
68,104,116,27.15,57.78,1635177874456,"2021-10-25T21:34:34+05:30"
67,98,108,27.2,57.84,1635177905048,"2021-10-25T21:35:05+05:30"
68,102,114,27.24,57.75,1635177935679,"2021-10-25T21:35:35+05:30"
68,105,118,27.26,57.58,1635177966234,"2021-10-25T21:36:06+05:30"
68,103,115,27.26,57.53,1635177993623,"2021-10-25T21:36:33+05:30"
68,104,114,27.3,57.53,1635178024942,"2021-10-25T21:37:04+05:30"
67,102,110,27.3,57.35,1635178054755,"2021-10-25T21:37:34+05:30"
67,103,112,27.31,57.28,1635178085575,"2021-10-25T21:38:05+05:30"
67,102,114,27.24,57.29,1635178116055,"2021-10-25T21:38:36+05:30"
65,94,103,27.18,57.39,1635178146656,"2021-10-25T21:39:06+05:30"
67,99,114,27.15,57.4,1635178177217,"2021-10-25T21:39:37+05:30"
67,101,112,27.09,57.55,1635178207818,"2021-10-25T21:40:07+05:30"
66,100,109,27.11,57.6,1635178238418,"2021-10-25T21:40:38+05:30"
67,97,105,27.12,57.53,1635178269003,"2021-10-25T21:41:09+05:30"
68,102,111,27.08,57.48,1635178299604,"2021-10-25T21:41:39+05:30"
66,99,108,27.04,57.74,1635178330187,"2021-10-25T21:42:10+05:30"
67,102,113,27.08,57.73,1635178360807,"2021-10-25T21:42:40+05:30"
66,98,105,27.07,57.76,1635178391496,"2021-10-25T21:43:11+05:30"
68,100,109,27.1,57.74,1635178421980,"2021-10-25T21:43:41+05:30"
66,101,111,27.12,57.7,1635178452577,"2021-10-25T21:44:12+05:30"
65,98,107,27.08,57.62,1635178483152,"2021-10-25T21:44:43+05:30"
66,98,103,27.01,57.46,1635178513741,"2021-10-25T21:45:13+05:30"
66,102,110,26.92,58.1,1635178544366,"2021-10-25T21:45:44+05:30"
66,98,106,26.95,57.91,1635178574928,"2021-10-25T21:46:14+05:30"
67,102,112,26.96,57.79,1635178605516,"2021-10-25T21:46:45+05:30"
66,102,108,26.9,57.76,1635178636148,"2021-10-25T21:47:16+05:30"
66,101,112,26.76,58.5,1635178666812,"2021-10-25T21:47:46+05:30"
65,98,105,26.78,58.33,1635178697287,"2021-10-25T21:48:17+05:30"
67,101,109,26.78,58.31,1635178727897,"2021-10-25T21:48:47+05:30"
68,100,108,26.76,58.27,1635178758500,"2021-10-25T21:49:18+05:30"
66,98,110,26.8,58.29,1635178789260,"2021-10-25T21:49:49+05:30"
66,100,110,26.84,58.24,1635178819721,"2021-10-25T21:50:19+05:30"
65,99,107,26.82,58.08,1635178850304,"2021-10-25T21:50:50+05:30"
68,100,110,26.81,58.05,1635178880860,"2021-10-25T21:51:20+05:30"