"pm1_0","pm2_5","pm10","temp","humid","createdAt","localtime"
69,107,118,29.32,60.23,1633836778196,"2021-10-10T09:02:58+05:30"
72,109,122,29.48,59.58,1633836788196,"2021-10-10T09:03:08+05:30"
75,115,129,29.62,58.81,1633836818760,"2021-10-10T09:03:38+05:30"
76,121,135,29.75,57.9,1633836849345,"2021-10-10T09:04:09+05:30"
77,119,131,29.87,57.62,1633836880392,"2021-10-10T09:04:40+05:30"
77,119,130,29.94,57.42,1633836910816,"2021-10-10T09:05:10+05:30"
78,118,132,30.03,58.1,1633836941387,"2021-10-10T09:05:41+05:30"
85,128,138,30.1,57.89,1633836972135,"2021-10-10T09:06:12+05:30"
84,127,138,30.16,58.1,1633837002595,"2021-10-10T09:06:42+05:30"
79,120,130,30.2,58.13,1633837033147,"2021-10-10T09:07:13+05:30"
89,136,148,30.24,57.96,1633837063720,"2021-10-10T09:07:43+05:30"
117,188,201,30.26,57.92,1633837094327,"2021-10-10T09:08:14+05:30"
113,175,190,30.3,58.11,1633837124914,"2021-10-10T09:08:44+05:30"
116,179,193,30.32,58.09,1633837155488,"2021-10-10T09:09:15+05:30"
129,198,212,30.35,57.55,1633837186099,"2021-10-10T09:09:46+05:30"
112,170,184,30.36,57.28,1633837216930,"2021-10-10T09:10:16+05:30"
91,138,153,30.37,56.98,1633837247234,"2021-10-10T09:10:47+05:30"
89,135,145,30.38,56.99,1633837277987,"2021-10-10T09:11:17+05:30"
90,137,151,30.4,57.46,1633837308402,"2021-10-10T09:11:48+05:30"
87,131,140,30.4,56.81,1633837338976,"2021-10-10T09:12:18+05:30"
85,131,142,30.45,56.84,1633837369531,"2021-10-10T09:12:49+05:30"
87,131,140,30.48,56.85,1633837400135,"2021-10-10T09:13:20+05:30"
80,124,134,30.49,56.57,1633837430687,"2021-10-10T09:13:50+05:30"
89,137,155,30.53,57.41,1633837461254,"2021-10-10T09:14:21+05:30"
95,151,168,30.56,57.68,1633837491862,"2021-10-10T09:14:51+05:30"
100,156,175,30.56,57.38,1633837522442,"2021-10-10T09:15:22+05:30"
86,134,154,30.55,56.25,1633837553208,"2021-10-10T09:15:53+05:30"
77,116,128,30.57,56.37,1633837583606,"2021-10-10T09:16:23+05:30"
90,140,152,30.59,57.08,1633837614191,"2021-10-10T09:16:54+05:30"
86,135,148,30.63,56.67,1633837644783,"2021-10-10T09:17:24+05:30"
76,120,131,30.63,55.8,1633837679042,"2021-10-10T09:17:59+05:30"
64,101,113,30.61,54.94,1633837698928,"2021-10-10T09:18:18+05:30"
66,101,109,30.61,55.08,1633837729667,"2021-10-10T09:18:49+05:30"
59,90,101,30.59,54.97,1633837760470,"2021-10-10T09:19:20+05:30"
56,84,91,30.56,54.68,1633837791070,"2021-10-10T09:19:51+05:30"
63,94,104,30.58,55.4,1633837821904,"2021-10-10T09:20:21+05:30"
60,93,102,30.58,55.12,1633837852477,"2021-10-10T09:20:52+05:30"
62,95,105,30.59,55.54,1633837883075,"2021-10-10T09:21:23+05:30"
68,105,115,30.61,55.46,1633837913663,"2021-10-10T09:21:53+05:30"
75,119,137,30.62,55.08,1633837944258,"2021-10-10T09:22:24+05:30"
81,127,146,30.65,55.71,1633837974810,"2021-10-10T09:22:54+05:30"
81,128,139,30.68,56.28,1633838005400,"2021-10-10T09:23:25+05:30"
86,137,156,30.69,56.26,1633838036008,"2021-10-10T09:23:56+05:30"
85,132,155,30.7,55.71,1633838066561,"2021-10-10T09:24:26+05:30"
76,115,129,30.69,55.18,1633838097141,"2021-10-10T09:24:57+05:30"
70,115,131,30.7,55.82,1633838127741,"2021-10-10T09:25:27+05:30"
73,116,133,30.75,55.79,1633838158323,"2021-10-10T09:25:58+05:30"
75,123,141,30.79,55.45,1633838188899,"2021-10-10T09:26:28+05:30"
70,111,132,30.76,54.81,1633838219470,"2021-10-10T09:26:59+05:30"
71,122,158,30.75,54.61,1633838250080,"2021-10-10T09:27:30+05:30"
77,145,207,30.77,55.17,1633838280722,"2021-10-10T09:28:00+05:30"
79,159,239,30.8,54.76,1633838311291,"2021-10-10T09:28:31+05:30"
80,164,253,30.83,55.47,1633838341892,"2021-10-10T09:29:01+05:30"
79,162,248,30.91,55.11,1633838372640,"2021-10-10T09:29:32+05:30"
80,171,252,30.93,55.17,1633838403037,"2021-10-10T09:30:03+05:30"
76,138,184,30.91,54.42,1633838433631,"2021-10-10T09:30:33+05:30"
77,138,179,30.9,54.39,1633838464358,"2021-10-10T09:31:04+05:30"
80,150,213,30.88,55.66,1633838494800,"2021-10-10T09:31:34+05:30"
86,159,225,30.89,56.23,1633838525399,"2021-10-10T09:32:05+05:30"
87,156,202,30.88,56.66,1633838555947,"2021-10-10T09:32:35+05:30"
84,155,206,30.9,57.03,1633838581180,"2021-10-10T09:33:01+05:30"
81,143,169,30.91,55.5,1633838611751,"2021-10-10T09:33:31+05:30"
57,91,101,31.04,53.81,1633839277584,"2021-10-10T09:44:37+05:30"
60,96,105,31.07,54.51,1633839287578,"2021-10-10T09:44:47+05:30"
74,120,131,31.08,54.22,1633839441533,"2021-10-10T09:47:21+05:30"
78,125,139,31.08,54.94,1633839471615,"2021-10-10T09:47:51+05:30"
80,124,135,31.09,55.06,1633839502178,"2021-10-10T09:48:22+05:30"
76,120,133,31.12,55.07,1633839532843,"2021-10-10T09:48:52+05:30"
81,128,143,31.11,54.91,1633839563462,"2021-10-10T09:49:23+05:30"
80,131,155,31.11,55.19,1633839594062,"2021-10-10T09:49:54+05:30"
77,129,149,31.13,54.68,1633839624619,"2021-10-10T09:50:24+05:30"
75,131,166,31.13,54.52,1633839655211,"2021-10-10T09:50:55+05:30"
76,133,165,31.19,55,1633839685791,"2021-10-10T09:51:25+05:30"
78,130,168,31.22,54.81,1633839716396,"2021-10-10T09:51:56+05:30"
74,121,146,31.22,54.04,1633839746998,"2021-10-10T09:52:26+05:30"
75,125,145,31.23,54.6,1633839777522,"2021-10-10T09:52:57+05:30"
75,125,142,31.22,54.86,1633839808117,"2021-10-10T09:53:28+05:30"
81,136,157,31.22,55.49,1633839838726,"2021-10-10T09:53:58+05:30"
79,128,149,31.24,55.21,1633839869291,"2021-10-10T09:54:29+05:30"
70,114,126,31.27,54.44,1633839899854,"2021-10-10T09:54:59+05:30"
64,102,114,31.25,54.09,1633839930439,"2021-10-10T09:55:30+05:30"
63,101,112,31.27,53.92,1633839961039,"2021-10-10T09:56:01+05:30"
63,100,112,31.29,54.35,1633839991692,"2021-10-10T09:56:31+05:30"
63,101,109,31.29,54.63,1633840022211,"2021-10-10T09:57:02+05:30"
66,106,117,31.28,54.98,1633840052783,"2021-10-10T09:57:32+05:30"
67,107,120,31.32,55.31,1633840083377,"2021-10-10T09:58:03+05:30"
66,104,116,31.36,55.34,1633840113941,"2021-10-10T09:58:33+05:30"
72,115,131,31.39,55.24,1633840144549,"2021-10-10T09:59:04+05:30"
70,110,120,31.4,54.83,1633840175117,"2021-10-10T09:59:35+05:30"
63,103,111,31.38,54.56,1633840205713,"2021-10-10T10:00:05+05:30"
65,105,116,31.39,55.04,1633840236337,"2021-10-10T10:00:36+05:30"
67,104,114,31.4,54.67,1633840266840,"2021-10-10T10:01:06+05:30"
69,107,123,31.42,54.95,1633840297452,"2021-10-10T10:01:37+05:30"
66,105,116,31.39,54.11,1633840328282,"2021-10-10T10:02:08+05:30"
63,97,107,31.38,54.45,1633840350821,"2021-10-10T10:02:30+05:30"
67,108,121,31.42,54.69,1633840381091,"2021-10-10T10:03:01+05:30"
67,104,114,31.42,54.33,1633840411678,"2021-10-10T10:03:31+05:30"
61,97,109,31.4,54.14,1633840442565,"2021-10-10T10:04:02+05:30"
61,94,109,31.4,54.02,1633840473139,"2021-10-10T10:04:33+05:30"
60,94,106,31.4,54.08,1633840503716,"2021-10-10T10:05:03+05:30"
58,91,102,31.38,54.01,1633840534312,"2021-10-10T10:05:34+05:30"
57,87,94,31.39,53.68,1633840564886,"2021-10-10T10:06:04+05:30"
56,89,97,31.41,53.28,1633840595459,"2021-10-10T10:06:35+05:30"
53,84,91,31.41,53.29,1633840626131,"2021-10-10T10:07:06+05:30"
52,78,87,31.41,53.28,1633840656650,"2021-10-10T10:07:36+05:30"
50,75,82,31.41,52.75,1633840687210,"2021-10-10T10:08:07+05:30"
51,79,85,31.41,53.13,1633840717973,"2021-10-10T10:08:37+05:30"
51,82,89,31.4,53.06,1633840748387,"2021-10-10T10:09:08+05:30"
59,91,100,31.39,53.12,1633840778963,"2021-10-10T10:09:38+05:30"
63,96,110,31.36,53.18,1633840809561,"2021-10-10T10:10:09+05:30"
58,87,93,31.34,53.58,1633840840100,"2021-10-10T10:10:40+05:30"
61,94,103,31.36,53.78,1633840870712,"2021-10-10T10:11:10+05:30"
58,89,99,31.38,53.34,1633840901293,"2021-10-10T10:11:41+05:30"
59,88,96,31.36,53.49,1633840932033,"2021-10-10T10:12:12+05:30"
54,85,94,31.39,52.63,1633840962520,"2021-10-10T10:12:42+05:30"
52,79,88,31.41,52.57,1633840993102,"2021-10-10T10:13:13+05:30"
50,77,87,31.43,52.48,1633841023678,"2021-10-10T10:13:43+05:30"
51,81,89,31.41,52.89,1633841054271,"2021-10-10T10:14:14+05:30"
50,77,86,31.39,52.38,1633841084848,"2021-10-10T10:14:44+05:30"
61,91,100,31.39,52.83,1633841115422,"2021-10-10T10:15:15+05:30"
70,109,123,31.38,52.73,1633841146226,"2021-10-10T10:15:46+05:30"
80,128,140,31.37,53.31,1633841176816,"2021-10-10T10:16:16+05:30"
76,124,141,31.32,52.38,1633841207371,"2021-10-10T10:16:47+05:30"
65,105,119,31.3,52.18,1633841242024,"2021-10-10T10:17:22+05:30"
58,91,100,31.33,52.59,1633841272124,"2021-10-10T10:17:52+05:30"
54,86,96,31.36,51.36,1633841302716,"2021-10-10T10:18:22+05:30"
52,82,91,31.43,52.01,1633841333396,"2021-10-10T10:18:53+05:30"
50,81,91,31.46,51.29,1633841363976,"2021-10-10T10:19:23+05:30"
51,77,85,31.44,51.5,1633841394571,"2021-10-10T10:19:54+05:30"
51,75,82,31.45,51.41,1633841425117,"2021-10-10T10:20:25+05:30"
52,79,87,31.44,51.12,1633841455687,"2021-10-10T10:20:55+05:30"
51,78,86,31.49,51.73,1633841486263,"2021-10-10T10:21:26+05:30"
51,77,87,31.52,51.67,1633841516828,"2021-10-10T10:21:56+05:30"
52,82,88,31.54,51.47,1633841547431,"2021-10-10T10:22:27+05:30"
57,86,92,31.52,52.03,1633841578021,"2021-10-10T10:22:58+05:30"
56,86,97,31.48,51.97,1633841608592,"2021-10-10T10:23:28+05:30"
53,84,93,31.47,52.1,1633841639167,"2021-10-10T10:23:59+05:30"
58,87,94,31.47,52.36,1633841669757,"2021-10-10T10:24:29+05:30"
63,95,103,31.47,52.98,1633841700360,"2021-10-10T10:25:00+05:30"
98,145,155,31.46,53.51,1633841730925,"2021-10-10T10:25:30+05:30"
93,140,152,31.48,53.4,1633841761620,"2021-10-10T10:26:01+05:30"
89,136,149,31.49,52.78,1633841792088,"2021-10-10T10:26:32+05:30"
77,120,134,31.5,52.27,1633841822677,"2021-10-10T10:27:02+05:30"
78,121,137,31.5,52.1,1633841853357,"2021-10-10T10:27:33+05:30"
74,114,130,31.56,52.41,1633841883801,"2021-10-10T10:28:03+05:30"
72,112,124,31.58,52.56,1633841914370,"2021-10-10T10:28:34+05:30"
69,106,120,31.55,53.04,1633841944987,"2021-10-10T10:29:04+05:30"
69,105,118,31.55,53.16,1633841975570,"2021-10-10T10:29:35+05:30"
73,111,121,31.56,54.27,1633842006433,"2021-10-10T10:30:06+05:30"
63,95,107,31.58,52.56,1633842036921,"2021-10-10T10:30:36+05:30"
62,96,104,31.56,53.65,1633842067494,"2021-10-10T10:31:07+05:30"
64,96,106,31.58,54.25,1633842098065,"2021-10-10T10:31:38+05:30"
62,95,103,31.58,53.91,1633842128667,"2021-10-10T10:32:08+05:30"
60,92,102,31.57,53.08,1633842151522,"2021-10-10T10:32:31+05:30"
54,83,93,31.55,52.42,1633842181779,"2021-10-10T10:33:01+05:30"
69,110,124,31.54,52.64,1633842212243,"2021-10-10T10:33:32+05:30"
76,122,137,31.5,53.09,1633842242833,"2021-10-10T10:34:02+05:30"
76,119,134,31.46,53.67,1633842273389,"2021-10-10T10:34:33+05:30"
72,111,119,31.49,53.58,1633842303983,"2021-10-10T10:35:03+05:30"
72,110,122,31.55,53.38,1633842334592,"2021-10-10T10:35:34+05:30"
70,109,119,31.54,52.86,1633842365251,"2021-10-10T10:36:05+05:30"
73,111,118,31.55,52.96,1633842395835,"2021-10-10T10:36:35+05:30"
72,110,121,31.56,53.3,1633842426391,"2021-10-10T10:37:06+05:30"
77,117,128,31.56,53.14,1633842457025,"2021-10-10T10:37:37+05:30"
68,107,119,31.52,52.71,1633842487582,"2021-10-10T10:38:07+05:30"
76,121,132,31.44,53.2,1633842518174,"2021-10-10T10:38:38+05:30"
78,125,136,31.41,53.75,1633842548723,"2021-10-10T10:39:08+05:30"
81,129,137,31.4,53.97,1633842579483,"2021-10-10T10:39:39+05:30"
84,132,145,31.41,53.88,1633842609909,"2021-10-10T10:40:09+05:30"
86,141,157,31.37,54.04,1633842640481,"2021-10-10T10:40:40+05:30"
85,138,153,31.39,54.43,1633842671201,"2021-10-10T10:41:11+05:30"
79,125,138,31.45,53.53,1633842701644,"2021-10-10T10:41:41+05:30"
74,116,126,31.5,52.47,1633842732248,"2021-10-10T10:42:12+05:30"
77,116,130,31.52,52.55,1633842762895,"2021-10-10T10:42:42+05:30"
65,101,112,31.54,51.68,1633842793472,"2021-10-10T10:43:13+05:30"
66,104,116,31.53,51.92,1633842824268,"2021-10-10T10:43:44+05:30"
63,100,114,31.52,51.72,1633842854736,"2021-10-10T10:44:14+05:30"
64,99,107,31.49,51.18,1633842885442,"2021-10-10T10:44:45+05:30"
60,93,102,31.49,50.93,1633842915971,"2021-10-10T10:45:15+05:30"
56,89,99,31.5,50.86,1633842946666,"2021-10-10T10:45:46+05:30"
54,82,93,31.5,50.29,1633842977070,"2021-10-10T10:46:17+05:30"
51,77,89,31.48,50.55,1633843007602,"2021-10-10T10:46:47+05:30"
53,83,91,31.48,50.96,1633843044349,"2021-10-10T10:47:24+05:30"
56,82,89,31.53,51.22,1633843074451,"2021-10-10T10:47:54+05:30"
56,85,92,31.52,51.44,1633843105037,"2021-10-10T10:48:25+05:30"
57,87,96,31.5,51.31,1633843135694,"2021-10-10T10:48:55+05:30"
59,90,98,31.54,52.24,1633843166335,"2021-10-10T10:49:26+05:30"
60,88,97,31.55,52.53,1633843196894,"2021-10-10T10:49:56+05:30"
58,88,97,31.54,52.52,1633843227464,"2021-10-10T10:50:27+05:30"
55,83,94,31.53,52.1,1633843258050,"2021-10-10T10:50:58+05:30"
51,80,90,31.55,50.71,1633843288685,"2021-10-10T10:51:28+05:30"
53,81,90,31.54,51.93,1633843319226,"2021-10-10T10:51:59+05:30"
58,89,97,31.51,52.6,1633843349797,"2021-10-10T10:52:29+05:30"
61,91,99,31.51,52.41,1633843380380,"2021-10-10T10:53:00+05:30"
61,93,103,31.53,52.38,1633843410960,"2021-10-10T10:53:30+05:30"
64,101,111,31.51,52.48,1633843441551,"2021-10-10T10:54:01+05:30"
69,106,115,31.51,52.14,1633843472121,"2021-10-10T10:54:32+05:30"
83,135,147,31.51,52.08,1633843502694,"2021-10-10T10:55:02+05:30"
75,115,129,31.49,52.69,1633843533330,"2021-10-10T10:55:33+05:30"
75,119,133,31.49,52.37,1633843563884,"2021-10-10T10:56:03+05:30"
73,114,127,31.53,52.7,1633843594464,"2021-10-10T10:56:34+05:30"
72,114,126,31.56,52.4,1633843625133,"2021-10-10T10:57:05+05:30"
67,108,120,31.59,51.78,1633843655640,"2021-10-10T10:57:35+05:30"
63,95,105,31.63,51.67,1633843686210,"2021-10-10T10:58:06+05:30"
59,92,100,31.63,51.77,1633843716777,"2021-10-10T10:58:36+05:30"
59,89,98,31.63,51.9,1633843747351,"2021-10-10T10:59:07+05:30"
60,91,102,31.63,51.81,1633843777968,"2021-10-10T10:59:37+05:30"
66,104,114,31.62,52.2,1633843808574,"2021-10-10T11:00:08+05:30"
85,134,149,31.57,53.02,1633843839129,"2021-10-10T11:00:39+05:30"
90,145,163,31.54,53.78,1633843869723,"2021-10-10T11:01:09+05:30"
88,146,162,31.54,53.97,1633843900301,"2021-10-10T11:01:40+05:30"
90,145,156,31.55,53.39,1633843930897,"2021-10-10T11:02:10+05:30"
86,138,152,31.58,53.46,1633843953936,"2021-10-10T11:02:33+05:30"
85,132,147,31.64,53.85,1633843984044,"2021-10-10T11:03:04+05:30"
91,150,164,31.63,53.85,1633844014625,"2021-10-10T11:03:34+05:30"
91,144,159,31.65,54.26,1633844045188,"2021-10-10T11:04:05+05:30"
82,130,145,31.7,53.58,1633844075766,"2021-10-10T11:04:35+05:30"
75,116,133,31.76,53.07,1633844106370,"2021-10-10T11:05:06+05:30"
71,113,122,31.75,52.27,1633844136947,"2021-10-10T11:05:36+05:30"
71,111,122,31.74,52.53,1633844167519,"2021-10-10T11:06:07+05:30"
74,119,129,31.72,52.2,1633844198087,"2021-10-10T11:06:38+05:30"
82,132,147,31.69,53.04,1633844228694,"2021-10-10T11:07:08+05:30"
89,137,152,31.66,52.83,1633844259273,"2021-10-10T11:07:39+05:30"
84,133,148,31.65,51.87,1633844289858,"2021-10-10T11:08:09+05:30"
83,133,145,31.67,53.08,1633844320538,"2021-10-10T11:08:40+05:30"
87,140,154,31.66,53.27,1633844351042,"2021-10-10T11:09:11+05:30"
89,137,150,31.63,52.08,1633844381612,"2021-10-10T11:09:41+05:30"
86,139,151,31.63,52.42,1633844412179,"2021-10-10T11:10:12+05:30"
96,154,171,31.58,52.66,1633844442755,"2021-10-10T11:10:42+05:30"
99,153,170,31.55,53.29,1633844473349,"2021-10-10T11:11:13+05:30"
85,130,143,31.59,51.65,1633844503966,"2021-10-10T11:11:43+05:30"
92,141,153,31.67,52.25,1633844534512,"2021-10-10T11:12:14+05:30"
88,139,153,31.72,50.57,1633844565239,"2021-10-10T11:12:45+05:30"
116,187,206,31.68,51.25,1633844595764,"2021-10-10T11:13:15+05:30"
107,169,183,31.67,51.86,1633844626371,"2021-10-10T11:13:46+05:30"
89,143,156,31.68,51.64,1633844657082,"2021-10-10T11:14:17+05:30"
80,126,138,31.67,51.32,1633844687518,"2021-10-10T11:14:47+05:30"
77,118,129,31.71,51.04,1633844718086,"2021-10-10T11:15:18+05:30"
72,111,124,31.71,50.24,1633844748888,"2021-10-10T11:15:48+05:30"
71,107,116,31.71,50.57,1633844779470,"2021-10-10T11:16:19+05:30"
66,103,113,31.71,50.33,1633844810049,"2021-10-10T11:16:50+05:30"
65,100,108,31.71,51.32,1633844844357,"2021-10-10T11:17:24+05:30"
62,93,100,31.74,50.64,1633844863976,"2021-10-10T11:17:43+05:30"
60,91,99,31.76,50.76,1633844894723,"2021-10-10T11:18:14+05:30"
58,87,99,31.78,50.54,1633844925797,"2021-10-10T11:18:45+05:30"
60,91,101,31.8,51.03,1633844956349,"2021-10-10T11:19:16+05:30"
61,92,100,31.8,50.17,1633844986951,"2021-10-10T11:19:46+05:30"
86,128,141,31.76,48.54,1633845017528,"2021-10-10T11:20:17+05:30"
89,135,149,31.75,48.71,1633845048115,"2021-10-10T11:20:48+05:30"
99,157,174,31.74,49.27,1633845078686,"2021-10-10T11:21:18+05:30"
168,281,305,31.69,50.25,1633845109271,"2021-10-10T11:21:49+05:30"
199,328,367,31.65,51.23,1633845139924,"2021-10-10T11:22:19+05:30"
178,302,331,31.65,50.63,1633845170430,"2021-10-10T11:22:50+05:30"
180,297,324,31.67,50.51,1633845201110,"2021-10-10T11:23:21+05:30"
166,269,292,31.69,51.43,1633845231599,"2021-10-10T11:23:51+05:30"
150,245,272,31.68,50.61,1633845262248,"2021-10-10T11:24:22+05:30"
162,264,294,31.7,50.09,1633845292758,"2021-10-10T11:24:52+05:30"
213,355,387,31.68,50.47,1633845323340,"2021-10-10T11:25:23+05:30"
179,291,319,31.66,50.82,1633845353958,"2021-10-10T11:25:53+05:30"
172,285,311,31.63,51.98,1633845384521,"2021-10-10T11:26:24+05:30"
154,248,269,31.63,51.85,1633845415098,"2021-10-10T11:26:55+05:30"
145,229,261,31.63,51.72,1633845445652,"2021-10-10T11:27:25+05:30"
141,228,252,31.63,51.02,1633845476272,"2021-10-10T11:27:56+05:30"
175,287,321,31.61,50.78,1633845506843,"2021-10-10T11:28:26+05:30"
207,344,380,31.61,52.06,1633845537464,"2021-10-10T11:28:57+05:30"
208,360,401,31.65,51.43,1633845568040,"2021-10-10T11:29:28+05:30"
164,267,298,31.73,50.44,1633845598631,"2021-10-10T11:29:58+05:30"
133,208,230,31.82,49.48,1633845629221,"2021-10-10T11:30:29+05:30"
115,183,201,31.85,49.29,1633845659772,"2021-10-10T11:30:59+05:30"
159,276,314,31.94,48.75,1633845690382,"2021-10-10T11:31:30+05:30"
121,201,223,31.94,49.38,1633845720968,"2021-10-10T11:32:00+05:30"
138,228,254,31.9,49.46,1633845747012,"2021-10-10T11:32:27+05:30"
169,299,335,31.83,48.96,1633845777593,"2021-10-10T11:32:57+05:30"
159,275,309,31.77,50.54,1633845808357,"2021-10-10T11:33:28+05:30"
189,337,377,31.74,51.12,1633845839076,"2021-10-10T11:33:59+05:30"
219,410,479,31.68,51.01,1633845869889,"2021-10-10T11:34:29+05:30"
198,357,405,31.63,52.39,1633845900494,"2021-10-10T11:35:00+05:30"
178,318,356,31.63,52.08,1633845931054,"2021-10-10T11:35:31+05:30"
178,313,350,31.61,51.8,1633845961657,"2021-10-10T11:36:01+05:30"
163,277,313,31.62,52.25,1633845992213,"2021-10-10T11:36:32+05:30"
150,254,292,31.68,51.47,1633846022783,"2021-10-10T11:37:02+05:30"
177,308,340,31.67,52.03,1633846053370,"2021-10-10T11:37:33+05:30"
162,275,304,31.69,51.86,1633846083963,"2021-10-10T11:38:03+05:30"
143,238,265,31.73,51.34,1633846114560,"2021-10-10T11:38:34+05:30"
157,261,292,31.74,50.37,1633846145116,"2021-10-10T11:39:05+05:30"
130,215,236,31.75,50.15,1633846175690,"2021-10-10T11:39:35+05:30"
119,194,214,31.76,50.56,1633846206282,"2021-10-10T11:40:06+05:30"
110,175,190,31.79,50.54,1633846236840,"2021-10-10T11:40:36+05:30"
106,163,177,31.8,50.75,1633846267463,"2021-10-10T11:41:07+05:30"
113,180,197,31.82,51.48,1633846297992,"2021-10-10T11:41:37+05:30"
111,176,195,31.8,51.07,1633846328601,"2021-10-10T11:42:08+05:30"
90,138,153,31.83,50.32,1633846359203,"2021-10-10T11:42:39+05:30"
59,90,99,32,48.6,1633846547597,"2021-10-10T11:45:47+05:30"
57,88,96,32.04,48.83,1633846597953,"2021-10-10T11:46:37+05:30"
58,87,95,32.03,48.69,1633846608500,"2021-10-10T11:46:48+05:30"
63,100,109,31.83,49.14,1633846747838,"2021-10-10T11:49:07+05:30"
64,99,108,31.8,50.36,1633846758272,"2021-10-10T11:49:18+05:30"
73,107,116,31.76,51.09,1633846837995,"2021-10-10T11:50:37+05:30"
77,118,128,31.75,51.84,1633846848007,"2021-10-10T11:50:48+05:30"
87,137,154,31.73,51.8,1633846898318,"2021-10-10T11:51:38+05:30"
90,139,155,31.69,51.73,1633846908489,"2021-10-10T11:51:48+05:30"
80,120,128,31.74,50.83,1633847077800,"2021-10-10T11:54:37+05:30"
73,110,121,31.71,50.18,1633847088170,"2021-10-10T11:54:48+05:30"
48,76,79,31.86,48.71,1633847586693,"2021-10-10T12:03:06+05:30"
48,73,82,31.89,49.36,1633847616781,"2021-10-10T12:03:36+05:30"
48,72,80,31.88,49.5,1633847647342,"2021-10-10T12:04:07+05:30"
48,72,81,31.86,49.82,1633847677908,"2021-10-10T12:04:37+05:30"
49,77,86,31.8,51.02,1633847708479,"2021-10-10T12:05:08+05:30"
50,76,85,31.76,51.34,1633847739101,"2021-10-10T12:05:39+05:30"
51,79,85,31.74,51.33,1633847769674,"2021-10-10T12:06:09+05:30"
51,77,85,31.72,51.46,1633847800210,"2021-10-10T12:06:40+05:30"
52,79,90,31.72,52.13,1633847830889,"2021-10-10T12:07:10+05:30"
53,81,88,31.72,52.49,1633847861357,"2021-10-10T12:07:41+05:30"
54,79,87,31.72,52.77,1633847891950,"2021-10-10T12:08:11+05:30"
50,75,84,31.84,51.32,1633847922574,"2021-10-10T12:08:42+05:30"
46,68,78,31.95,50.45,1633847953117,"2021-10-10T12:09:13+05:30"
47,70,77,31.99,50.3,1633847983699,"2021-10-10T12:09:43+05:30"
45,67,76,32.05,49.07,1633848014280,"2021-10-10T12:10:14+05:30"
42,62,73,32.11,48.17,1633848044882,"2021-10-10T12:10:44+05:30"
50,72,80,32.13,47.43,1633848075544,"2021-10-10T12:11:15+05:30"
40,61,74,32.12,47.15,1633848106016,"2021-10-10T12:11:46+05:30"
44,66,76,32.09,48.01,1633848136625,"2021-10-10T12:12:16+05:30"
57,83,91,32.1,48.07,1633848167167,"2021-10-10T12:12:47+05:30"
51,76,82,32.06,48.62,1633848197763,"2021-10-10T12:13:17+05:30"
51,75,81,32.03,48.61,1633848228325,"2021-10-10T12:13:48+05:30"
52,76,81,31.99,49.1,1633848259010,"2021-10-10T12:14:19+05:30"
65,93,102,32.01,47.8,1633848289664,"2021-10-10T12:14:49+05:30"
51,74,80,32.11,48,1633848320123,"2021-10-10T12:15:20+05:30"
47,72,79,32.1,47.91,1633848350720,"2021-10-10T12:15:50+05:30"
47,72,78,32.07,48.66,1633848381315,"2021-10-10T12:16:21+05:30"
46,68,78,32.03,49.11,1633848411887,"2021-10-10T12:16:51+05:30"
47,68,77,31.99,49.37,1633848442456,"2021-10-10T12:17:22+05:30"
45,67,76,31.96,49.58,1633848468946,"2021-10-10T12:17:48+05:30"
46,68,77,31.94,50.33,1633848499486,"2021-10-10T12:18:19+05:30"
47,70,82,31.91,50.67,1633848530079,"2021-10-10T12:18:50+05:30"
48,71,79,31.86,50.7,1633848560752,"2021-10-10T12:19:20+05:30"
50,74,84,31.83,51.91,1633848591617,"2021-10-10T12:19:51+05:30"
50,77,88,31.82,51.33,1633848622314,"2021-10-10T12:20:22+05:30"
47,72,82,31.84,51.79,1633848652885,"2021-10-10T12:20:52+05:30"
49,72,80,31.82,51.82,1633848683492,"2021-10-10T12:21:23+05:30"
47,72,82,31.83,50.65,1633848714045,"2021-10-10T12:21:54+05:30"
47,70,79,31.87,50.76,1633848744617,"2021-10-10T12:22:24+05:30"
47,72,80,31.9,49.89,1633848775464,"2021-10-10T12:22:55+05:30"
52,79,88,31.89,50.77,1633848805826,"2021-10-10T12:23:25+05:30"
48,72,82,31.95,50.57,1633848836372,"2021-10-10T12:23:56+05:30"
50,70,78,32.07,49.46,1633848866945,"2021-10-10T12:24:26+05:30"
55,81,89,32.17,48.32,1633848897543,"2021-10-10T12:24:57+05:30"
54,76,83,32.2,48.31,1633848928145,"2021-10-10T12:25:28+05:30"
55,81,86,32.19,48.65,1633848958811,"2021-10-10T12:25:58+05:30"
54,77,85,32.17,49.06,1633848989455,"2021-10-10T12:26:29+05:30"
54,77,84,32.14,49.63,1633849019934,"2021-10-10T12:26:59+05:30"
51,73,80,32.17,49.33,1633849050511,"2021-10-10T12:27:30+05:30"
42,61,73,32.21,46.98,1633849082280,"2021-10-10T12:28:02+05:30"
38,56,69,32.22,46.83,1633849111710,"2021-10-10T12:28:31+05:30"
41,61,72,32.22,47.03,1633849142273,"2021-10-10T12:29:02+05:30"
60,90,100,32.21,47.28,1633849172841,"2021-10-10T12:29:32+05:30"
68,103,111,32.21,47.9,1633849203446,"2021-10-10T12:30:03+05:30"
54,85,93,32.17,47.73,1633849234041,"2021-10-10T12:30:34+05:30"
52,82,89,32.15,47.44,1633849264602,"2021-10-10T12:31:04+05:30"
63,94,102,32.09,49.24,1633849295169,"2021-10-10T12:31:35+05:30"
63,94,100,32.13,48.83,1633849325758,"2021-10-10T12:32:05+05:30"
61,91,96,32.21,47.87,1633849356315,"2021-10-10T12:32:36+05:30"
60,88,97,32.26,48.68,1633849389143,"2021-10-10T12:33:09+05:30"
53,77,82,32.28,47.92,1633849419266,"2021-10-10T12:33:39+05:30"
54,80,87,32.26,48.8,1633849449881,"2021-10-10T12:34:09+05:30"
48,72,80,32.24,48.45,1633849480386,"2021-10-10T12:34:40+05:30"
47,71,77,32.24,48.5,1633849510995,"2021-10-10T12:35:10+05:30"
40,60,72,32.28,46.64,1633849541580,"2021-10-10T12:35:41+05:30"
39,60,73,32.3,46.95,1633849572148,"2021-10-10T12:36:12+05:30"
39,60,73,32.24,47.82,1633849602719,"2021-10-10T12:36:42+05:30"
44,66,77,32.17,48.61,1633849633310,"2021-10-10T12:37:13+05:30"
45,70,78,32.09,49.63,1633849664022,"2021-10-10T12:37:44+05:30"
42,62,74,32.12,49.02,1633849694479,"2021-10-10T12:38:14+05:30"
43,61,72,32.23,47.87,1633849725048,"2021-10-10T12:38:45+05:30"
45,65,75,32.23,47.94,1633849755646,"2021-10-10T12:39:15+05:30"
46,66,75,32.22,47.22,1633849786251,"2021-10-10T12:39:46+05:30"
43,63,74,32.2,47.66,1633849816935,"2021-10-10T12:40:16+05:30"
46,69,77,32.11,48.43,1633849847484,"2021-10-10T12:40:47+05:30"
46,67,76,32.07,48.41,1633849867774,"2021-10-10T12:41:07+05:30"
54,81,89,32.02,48.84,1633849898334,"2021-10-10T12:41:38+05:30"
50,73,84,31.98,49.05,1633849928941,"2021-10-10T12:42:08+05:30"
49,73,80,31.99,49.46,1633849959734,"2021-10-10T12:42:39+05:30"
51,76,82,32.03,50.06,1633849990167,"2021-10-10T12:43:10+05:30"
48,70,78,32.07,49.21,1633850020752,"2021-10-10T12:43:40+05:30"
46,71,79,32.09,49.37,1633850051338,"2021-10-10T12:44:11+05:30"
40,61,73,32.18,47.15,1633850081938,"2021-10-10T12:44:41+05:30"
35,52,67,32.2,45.53,1633850112498,"2021-10-10T12:45:12+05:30"
35,54,68,32.24,45.9,1633850143090,"2021-10-10T12:45:43+05:30"
35,55,71,32.25,46.36,1633850173675,"2021-10-10T12:46:13+05:30"
36,55,71,32.2,47.1,1633850204225,"2021-10-10T12:46:44+05:30"
37,56,71,32.1,47.97,1633850234849,"2021-10-10T12:47:14+05:30"
39,58,71,32.06,47.85,1633850270318,"2021-10-10T12:47:50+05:30"
46,72,80,32,48.62,1633850300425,"2021-10-10T12:48:20+05:30"
38,60,72,32.03,47.61,1633850331002,"2021-10-10T12:48:51+05:30"
37,58,69,32.05,47.8,1633850361607,"2021-10-10T12:49:21+05:30"
37,58,71,32.04,48.19,1633850392187,"2021-10-10T12:49:52+05:30"
37,57,70,32.03,48.71,1633850422760,"2021-10-10T12:50:22+05:30"
38,57,71,32.08,48.29,1633850453317,"2021-10-10T12:50:53+05:30"
37,54,69,32.12,48.39,1633850483932,"2021-10-10T12:51:23+05:30"
36,56,73,32.13,48.4,1633850514524,"2021-10-10T12:51:54+05:30"
36,55,67,32.15,48.15,1633850545087,"2021-10-10T12:52:25+05:30"
34,52,65,32.17,46.94,1633850575651,"2021-10-10T12:52:55+05:30"
35,53,67,32.17,46.9,1633850606270,"2021-10-10T12:53:26+05:30"
38,57,71,32.12,48.62,1633850636850,"2021-10-10T12:53:56+05:30"
38,56,70,32.05,48.71,1633850667414,"2021-10-10T12:54:27+05:30"
37,57,70,32.04,49.01,1633850697995,"2021-10-10T12:54:57+05:30"
39,58,72,31.99,49.57,1633850728601,"2021-10-10T12:55:28+05:30"
40,59,75,31.98,49.59,1633850759181,"2021-10-10T12:55:59+05:30"
39,57,70,31.95,50.01,1633850789821,"2021-10-10T12:56:29+05:30"
41,62,75,31.93,50.81,1633850820397,"2021-10-10T12:57:00+05:30"
42,62,75,31.92,51.08,1633850850974,"2021-10-10T12:57:30+05:30"
42,65,75,31.94,50.7,1633850881688,"2021-10-10T12:58:01+05:30"
41,64,75,32.01,49.58,1633850912152,"2021-10-10T12:58:32+05:30"
39,59,72,32.06,49.27,1633850942733,"2021-10-10T12:59:02+05:30"
41,61,73,32.06,50.39,1633850973312,"2021-10-10T12:59:33+05:30"
43,65,75,32.02,51.25,1633851003880,"2021-10-10T13:00:03+05:30"
42,65,76,32.02,51.36,1633851034483,"2021-10-10T13:00:34+05:30"
46,72,80,31.99,51.5,1633851065087,"2021-10-10T13:01:05+05:30"
46,70,78,31.99,51.06,1633851095643,"2021-10-10T13:01:35+05:30"
43,65,75,32.02,50.12,1633851126212,"2021-10-10T13:02:06+05:30"
44,66,77,32,50.57,1633851156808,"2021-10-10T13:02:36+05:30"
47,71,81,31.95,51.9,1633851180155,"2021-10-10T13:03:00+05:30"
45,67,77,31.96,51.03,1633851210722,"2021-10-10T13:03:30+05:30"
51,74,85,32.02,50.6,1633851241444,"2021-10-10T13:04:01+05:30"
46,70,81,32.1,48.64,1633851271998,"2021-10-10T13:04:31+05:30"
42,65,75,32.15,49.32,1633851302577,"2021-10-10T13:05:02+05:30"
39,59,71,32.23,47.76,1633851333184,"2021-10-10T13:05:33+05:30"
37,55,69,32.31,47.18,1633851363730,"2021-10-10T13:06:03+05:30"
35,56,70,32.39,47.24,1633851394362,"2021-10-10T13:06:34+05:30"
37,54,68,32.43,47.83,1633851424900,"2021-10-10T13:07:04+05:30"
34,52,67,32.47,48.06,1633851455492,"2021-10-10T13:07:35+05:30"
35,52,67,32.47,47.58,1633851486074,"2021-10-10T13:08:06+05:30"
36,53,68,32.46,47.86,1633851516625,"2021-10-10T13:08:36+05:30"
38,57,72,32.4,48.63,1633851547231,"2021-10-10T13:09:07+05:30"
35,55,68,32.36,48.55,1633851577923,"2021-10-10T13:09:37+05:30"
38,57,71,32.32,48.68,1633851608422,"2021-10-10T13:10:08+05:30"
37,57,70,32.31,48.38,1633851638962,"2021-10-10T13:10:38+05:30"
38,58,71,32.3,48.48,1633851669566,"2021-10-10T13:11:09+05:30"
42,63,75,32.29,48.81,1633851700140,"2021-10-10T13:11:40+05:30"
44,68,79,32.25,49.07,1633851730716,"2021-10-10T13:12:10+05:30"
43,68,76,32.2,49.37,1633851761316,"2021-10-10T13:12:41+05:30"
44,68,77,32.15,50.46,1633851791937,"2021-10-10T13:13:11+05:30"
43,65,75,32.12,50.4,1633851822505,"2021-10-10T13:13:42+05:30"
38,57,70,32.21,49.02,1633851853078,"2021-10-10T13:14:13+05:30"
36,57,69,32.3,48.45,1633851883671,"2021-10-10T13:14:43+05:30"
35,54,68,32.32,48.22,1633851914252,"2021-10-10T13:15:14+05:30"
38,57,72,32.26,49.54,1633851944911,"2021-10-10T13:15:44+05:30"
38,61,73,32.21,49,1633851975404,"2021-10-10T13:16:15+05:30"
34,50,65,32.32,46.37,1633852006005,"2021-10-10T13:16:46+05:30"
34,50,65,32.41,47.2,1633852036583,"2021-10-10T13:17:16+05:30"
34,49,62,32.43,46.9,1633852070110,"2021-10-10T13:17:50+05:30"
33,50,64,32.44,46.37,1633852100223,"2021-10-10T13:18:20+05:30"
35,54,70,32.45,47.23,1633852130794,"2021-10-10T13:18:50+05:30"
39,60,71,32.39,47.94,1633852161468,"2021-10-10T13:19:21+05:30"
36,55,71,32.31,49.03,1633852192110,"2021-10-10T13:19:52+05:30"
40,58,72,32.26,49.28,1633852222620,"2021-10-10T13:20:22+05:30"
44,66,77,32.26,48.41,1633852253168,"2021-10-10T13:20:53+05:30"
43,64,75,32.3,47.95,1633852283785,"2021-10-10T13:21:23+05:30"
43,66,77,32.25,50.02,1633852314362,"2021-10-10T13:21:54+05:30"
43,67,77,32.23,49.07,1633852344930,"2021-10-10T13:22:24+05:30"
42,63,75,32.25,49.02,1633852375543,"2021-10-10T13:22:55+05:30"
42,64,77,32.2,49.8,1633852406114,"2021-10-10T13:23:26+05:30"
42,65,77,32.21,48.52,1633852436704,"2021-10-10T13:23:56+05:30"
38,61,72,32.25,47.74,1633852467332,"2021-10-10T13:24:27+05:30"
38,59,72,32.26,47.7,1633852497874,"2021-10-10T13:24:57+05:30"
39,58,71,32.29,47.64,1633852528521,"2021-10-10T13:25:28+05:30"
40,63,74,32.27,48.83,1633852548721,"2021-10-10T13:25:48+05:30"
41,63,74,32.24,49.38,1633852579305,"2021-10-10T13:26:19+05:30"
39,60,71,32.2,49.23,1633852609890,"2021-10-10T13:26:49+05:30"
42,66,76,32.23,49.88,1633852640460,"2021-10-10T13:27:20+05:30"
40,62,74,32.3,48.37,1633852671045,"2021-10-10T13:27:51+05:30"
37,59,71,32.34,48.12,1633852701663,"2021-10-10T13:28:21+05:30"
37,57,71,32.35,48.34,1633852732190,"2021-10-10T13:28:52+05:30"
37,56,70,32.33,47.41,1633852762795,"2021-10-10T13:29:22+05:30"
51,81,89,32.36,46.69,1633852793373,"2021-10-10T13:29:53+05:30"
62,99,112,32.48,45.42,1633852824095,"2021-10-10T13:30:24+05:30"
61,97,109,32.59,45.17,1633852854569,"2021-10-10T13:30:54+05:30"
65,103,114,32.62,44.71,1633852885153,"2021-10-10T13:31:25+05:30"
71,114,125,32.58,45.02,1633852915723,"2021-10-10T13:31:55+05:30"
60,96,113,32.56,44.46,1633852946316,"2021-10-10T13:32:26+05:30"
53,82,90,32.56,44.78,1633852972678,"2021-10-10T13:32:52+05:30"
59,91,99,32.5,45.84,1633853003226,"2021-10-10T13:33:23+05:30"
71,114,129,32.44,46.7,1633853033861,"2021-10-10T13:33:53+05:30"
58,93,104,32.38,46.77,1633853064444,"2021-10-10T13:34:24+05:30"
63,97,108,32.37,46.86,1633853095090,"2021-10-10T13:34:55+05:30"
60,92,103,32.37,46.74,1633853125674,"2021-10-10T13:35:25+05:30"
49,77,87,32.45,45.8,1633853156240,"2021-10-10T13:35:56+05:30"
43,66,75,32.55,44.39,1633853186840,"2021-10-10T13:36:26+05:30"
39,59,72,32.63,44.08,1633853217445,"2021-10-10T13:36:57+05:30"
36,54,70,32.63,44.42,1633853247995,"2021-10-10T13:37:27+05:30"
35,53,68,32.66,44.13,1633853278593,"2021-10-10T13:37:58+05:30"
36,58,71,32.62,45.58,1633853309168,"2021-10-10T13:38:29+05:30"
36,57,71,32.61,44.83,1633853339820,"2021-10-10T13:38:59+05:30"
41,60,71,32.69,41.69,1633853370327,"2021-10-10T13:39:30+05:30"
36,53,66,32.71,41.4,1633853400890,"2021-10-10T13:40:00+05:30"
32,48,59,32.68,41.47,1633853431491,"2021-10-10T13:40:31+05:30"
32,48,61,32.65,42.45,1633853462160,"2021-10-10T13:41:02+05:30"
31,46,60,32.6,43.19,1633853492734,"2021-10-10T13:41:32+05:30"
27,42,52,32.65,40.48,1633853523312,"2021-10-10T13:42:03+05:30"
28,43,57,32.71,41.67,1633853553913,"2021-10-10T13:42:33+05:30"
27,42,52,32.64,41.75,1633853584448,"2021-10-10T13:43:04+05:30"
28,44,56,32.57,43.02,1633853615051,"2021-10-10T13:43:35+05:30"
28,43,55,32.52,43.47,1633853645692,"2021-10-10T13:44:05+05:30"
27,43,55,32.49,43.33,1633853676225,"2021-10-10T13:44:36+05:30"
26,40,51,32.58,41.55,1633853706785,"2021-10-10T13:45:06+05:30"
25,38,47,32.69,39.98,1633853737469,"2021-10-10T13:45:37+05:30"
25,39,50,32.73,40.68,1633853767979,"2021-10-10T13:46:07+05:30"
25,38,51,32.7,40.86,1633853798547,"2021-10-10T13:46:38+05:30"
24,37,47,32.71,40.7,1633853829113,"2021-10-10T13:47:09+05:30"
23,35,44,32.77,40.33,1633853859710,"2021-10-10T13:47:39+05:30"
23,36,47,32.81,40.37,1633853890454,"2021-10-10T13:48:10+05:30"
25,37,46,32.76,40.86,1633853920548,"2021-10-10T13:48:40+05:30"
26,37,48,32.7,40.93,1633853951133,"2021-10-10T13:49:11+05:30"
23,35,44,32.67,41.26,1633853981970,"2021-10-10T13:49:41+05:30"
24,37,45,32.64,41.44,1633854012327,"2021-10-10T13:50:12+05:30"
25,39,49,32.57,42.58,1633854042885,"2021-10-10T13:50:42+05:30"
24,39,48,32.47,43.43,1633854073445,"2021-10-10T13:51:13+05:30"
26,41,53,32.4,43.76,1633854104070,"2021-10-10T13:51:44+05:30"
25,39,49,32.4,43.33,1633854134637,"2021-10-10T13:52:14+05:30"
26,40,50,32.46,42.86,1633854165238,"2021-10-10T13:52:45+05:30"
25,40,48,32.58,41.71,1633854196101,"2021-10-10T13:53:16+05:30"
25,38,52,32.61,41.72,1633854226445,"2021-10-10T13:53:46+05:30"
24,36,46,32.62,41.3,1633854257007,"2021-10-10T13:54:17+05:30"
24,38,47,32.6,42.01,1633854287637,"2021-10-10T13:54:47+05:30"
25,37,47,32.53,43,1633854318272,"2021-10-10T13:55:18+05:30"
25,39,49,32.46,42.74,1633854348783,"2021-10-10T13:55:48+05:30"
25,39,49,32.4,44.03,1633854379335,"2021-10-10T13:56:19+05:30"
25,36,45,32.34,43.98,1633854409946,"2021-10-10T13:56:49+05:30"
26,40,52,32.36,44.06,1633854440550,"2021-10-10T13:57:20+05:30"
25,38,48,32.36,43.85,1633854471181,"2021-10-10T13:57:51+05:30"
25,39,48,32.43,43.4,1633854501676,"2021-10-10T13:58:21+05:30"
25,37,44,32.52,42.25,1633854532284,"2021-10-10T13:58:52+05:30"
26,39,49,32.53,43.42,1633854562854,"2021-10-10T13:59:22+05:30"
26,38,48,32.55,43.04,1633854593442,"2021-10-10T13:59:53+05:30"
24,38,49,32.64,41.61,1633854623994,"2021-10-10T14:00:23+05:30"
25,37,47,32.69,41.92,1633854654744,"2021-10-10T14:00:54+05:30"
24,36,48,32.66,42.49,1633854685188,"2021-10-10T14:01:25+05:30"
24,36,45,32.66,42.4,1633854715773,"2021-10-10T14:01:55+05:30"
25,38,46,32.55,43.77,1633854746328,"2021-10-10T14:02:26+05:30"
25,39,50,32.6,42.53,1633854771862,"2021-10-10T14:02:51+05:30"
24,37,46,32.7,41.39,1633854802447,"2021-10-10T14:03:22+05:30"
25,38,47,32.71,41.03,1633854833035,"2021-10-10T14:03:53+05:30"
25,38,49,32.69,41.86,1633854863634,"2021-10-10T14:04:23+05:30"
26,40,50,32.71,42.11,1633854894192,"2021-10-10T14:04:54+05:30"
25,38,49,32.7,42.43,1633854924765,"2021-10-10T14:05:24+05:30"
25,38,49,32.66,43.13,1633854955369,"2021-10-10T14:05:55+05:30"
25,39,51,32.59,44.09,1633854985927,"2021-10-10T14:06:25+05:30"
26,40,52,32.57,43.66,1633855016517,"2021-10-10T14:06:56+05:30"
26,38,47,32.54,44.59,1633855047252,"2021-10-10T14:07:27+05:30"
26,39,52,32.49,44.09,1633855077792,"2021-10-10T14:07:57+05:30"
26,39,51,32.43,44.89,1633855108273,"2021-10-10T14:08:28+05:30"
26,38,48,32.51,43.47,1633855138835,"2021-10-10T14:08:58+05:30"
25,40,50,32.52,44.45,1633855169427,"2021-10-10T14:09:29+05:30"
26,40,52,32.52,44.05,1633855200027,"2021-10-10T14:10:00+05:30"
25,38,49,32.56,43.07,1633855230596,"2021-10-10T14:10:30+05:30"
25,37,44,32.61,42.7,1633855261154,"2021-10-10T14:11:01+05:30"
25,38,49,32.59,43.51,1633855291756,"2021-10-10T14:11:31+05:30"
24,38,49,32.56,43.26,1633855322347,"2021-10-10T14:12:02+05:30"
26,39,49,32.51,44.56,1633855352917,"2021-10-10T14:12:32+05:30"
27,42,52,32.46,44.52,1633855383490,"2021-10-10T14:13:03+05:30"
28,43,56,32.44,44.48,1633855414089,"2021-10-10T14:13:34+05:30"
28,42,54,32.44,45.34,1633855444637,"2021-10-10T14:14:04+05:30"
28,43,55,32.39,45.88,1633855475224,"2021-10-10T14:14:35+05:30"
29,45,58,32.35,46.31,1633855505822,"2021-10-10T14:15:05+05:30"
28,43,57,32.39,44.61,1633855536364,"2021-10-10T14:15:36+05:30"
27,41,53,32.58,43.07,1633855566975,"2021-10-10T14:16:06+05:30"
27,43,56,32.61,44.2,1633855597827,"2021-10-10T14:16:37+05:30"
29,44,57,32.53,45.58,1633855628401,"2021-10-10T14:17:08+05:30"
30,46,61,32.45,45.54,1633855659117,"2021-10-10T14:17:39+05:30"
30,48,63,32.4,46.34,1633855691040,"2021-10-10T14:18:11+05:30"
31,49,62,32.36,46.8,1633855721167,"2021-10-10T14:18:41+05:30"
30,47,60,32.39,45.71,1633855751738,"2021-10-10T14:19:11+05:30"
28,43,54,32.51,43.81,1633855782311,"2021-10-10T14:19:42+05:30"
28,45,59,32.57,44.37,1633855812910,"2021-10-10T14:20:12+05:30"
27,44,57,32.6,43.7,1633855843527,"2021-10-10T14:20:43+05:30"
27,41,54,32.62,43.5,1633855874065,"2021-10-10T14:21:14+05:30"
26,39,52,32.65,42.35,1633855904646,"2021-10-10T14:21:44+05:30"
26,38,48,32.7,42.12,1633855935261,"2021-10-10T14:22:15+05:30"
26,41,50,32.63,44.47,1633855965857,"2021-10-10T14:22:45+05:30"
27,42,53,32.51,45.28,1633855996558,"2021-10-10T14:23:16+05:30"
27,42,53,32.42,45.85,1633856027076,"2021-10-10T14:23:47+05:30"
27,41,52,32.35,46.03,1633856057648,"2021-10-10T14:24:17+05:30"
27,42,56,32.32,46.21,1633856088315,"2021-10-10T14:24:48+05:30"
29,45,60,32.3,46.66,1633856118828,"2021-10-10T14:25:18+05:30"
27,43,59,32.26,46.76,1633856149490,"2021-10-10T14:25:49+05:30"
27,43,58,32.24,47.17,1633856179971,"2021-10-10T14:26:19+05:30"
28,42,55,32.22,47.37,1633856210594,"2021-10-10T14:26:50+05:30"
27,43,56,32.22,46.94,1633856241166,"2021-10-10T14:27:21+05:30"
27,41,53,32.27,45.91,1633856271754,"2021-10-10T14:27:51+05:30"
27,42,53,32.29,46.7,1633856302303,"2021-10-10T14:28:22+05:30"
27,41,53,32.29,45.84,1633856332925,"2021-10-10T14:28:52+05:30"
26,42,54,32.28,45.98,1633856363490,"2021-10-10T14:29:23+05:30"
29,46,65,32.25,47.06,1633856394133,"2021-10-10T14:29:54+05:30"
28,46,62,32.24,46.24,1633856424721,"2021-10-10T14:30:24+05:30"
26,41,53,32.37,44.37,1633856455621,"2021-10-10T14:30:55+05:30"
27,41,56,32.43,44.18,1633856485880,"2021-10-10T14:31:25+05:30"
26,41,55,32.54,42.2,1633856516471,"2021-10-10T14:31:56+05:30"
25,38,48,32.66,42.98,1633856547056,"2021-10-10T14:32:27+05:30"
25,39,50,32.6,43.88,1633856574214,"2021-10-10T14:32:54+05:30"
25,40,52,32.56,44.19,1633856604261,"2021-10-10T14:33:24+05:30"
26,39,51,32.55,43.93,1633856634855,"2021-10-10T14:33:54+05:30"
26,41,53,32.57,43.4,1633856665414,"2021-10-10T14:34:25+05:30"
24,39,50,32.54,43.95,1633856695990,"2021-10-10T14:34:55+05:30"
24,39,50,32.53,42.94,1633856726584,"2021-10-10T14:35:26+05:30"
25,38,48,32.54,42.96,1633856757172,"2021-10-10T14:35:57+05:30"
24,37,47,32.61,41.15,1633856787743,"2021-10-10T14:36:27+05:30"
28,42,55,32.75,40.99,1633856818321,"2021-10-10T14:36:58+05:30"
29,44,56,32.72,41.99,1633856848891,"2021-10-10T14:37:28+05:30"
27,42,54,32.59,43.64,1633856879484,"2021-10-10T14:37:59+05:30"
33,53,71,32.52,43.22,1633856910100,"2021-10-10T14:38:30+05:30"
133,217,239,30.24,62.19,1633870914951,"2021-10-10T18:31:54+05:30"
166,276,306,30.42,61.96,1633870924946,"2021-10-10T18:32:04+05:30"
182,302,339,30.58,61.71,1633870955543,"2021-10-10T18:32:35+05:30"
198,342,393,30.72,61.71,1633870986243,"2021-10-10T18:33:06+05:30"
203,353,403,30.83,61.61,1633871016827,"2021-10-10T18:33:36+05:30"
206,355,398,30.91,61.5,1633871047349,"2021-10-10T18:34:07+05:30"
207,354,404,30.96,61.46,1633871077927,"2021-10-10T18:34:37+05:30"
208,361,408,31,61.32,1633871108751,"2021-10-10T18:35:08+05:30"
213,370,415,31.05,61.36,1633871139095,"2021-10-10T18:35:39+05:30"
229,405,468,31.09,61.64,1633871169673,"2021-10-10T18:36:09+05:30"
238,439,505,31.12,61.75,1633871200378,"2021-10-10T18:36:40+05:30"
234,429,491,31.14,61.85,1633871230862,"2021-10-10T18:37:10+05:30"
235,417,480,31.17,61.83,1633871261417,"2021-10-10T18:37:41+05:30"
227,394,455,31.17,62.02,1633871292002,"2021-10-10T18:38:12+05:30"
225,397,456,31.2,61.9,1633871322598,"2021-10-10T18:38:42+05:30"
216,387,436,31.2,62,1633871353164,"2021-10-10T18:39:13+05:30"
220,382,447,31.22,62.01,1633871383763,"2021-10-10T18:39:43+05:30"
225,396,462,31.27,61.86,1633871414349,"2021-10-10T18:40:14+05:30"
223,405,466,31.29,61.91,1633871444898,"2021-10-10T18:40:44+05:30"
217,388,443,31.3,61.89,1633871475493,"2021-10-10T18:41:15+05:30"
218,382,446,31.33,61.95,1633871506094,"2021-10-10T18:41:46+05:30"
215,380,441,31.32,62,1633871536785,"2021-10-10T18:42:16+05:30"
219,385,447,31.33,61.97,1633871567223,"2021-10-10T18:42:47+05:30"
211,373,435,31.32,62.08,1633871597837,"2021-10-10T18:43:17+05:30"
210,373,422,31.32,62.19,1633871628412,"2021-10-10T18:43:48+05:30"
208,368,422,31.32,62.18,1633871658987,"2021-10-10T18:44:18+05:30"
208,361,420,31.3,62.4,1633871689580,"2021-10-10T18:44:49+05:30"
211,366,423,31.3,62.43,1633871720161,"2021-10-10T18:45:20+05:30"
216,376,431,31.31,62.69,1633871750744,"2021-10-10T18:45:50+05:30"
215,384,447,31.34,62.72,1633871781364,"2021-10-10T18:46:21+05:30"
217,387,438,31.37,62.74,1633871816725,"2021-10-10T18:46:56+05:30"
209,365,422,31.35,62.66,1633871846999,"2021-10-10T18:47:26+05:30"
212,370,429,31.35,62.91,1633871877560,"2021-10-10T18:47:57+05:30"
207,360,413,31.36,62.85,1633871908245,"2021-10-10T18:48:28+05:30"
202,359,409,31.36,62.78,1633871938747,"2021-10-10T18:48:58+05:30"
202,352,396,31.35,62.73,1633871969340,"2021-10-10T18:49:29+05:30"
199,344,391,31.36,62.72,1633871999949,"2021-10-10T18:49:59+05:30"
202,350,402,31.39,62.48,1633872030534,"2021-10-10T18:50:30+05:30"
198,340,389,31.42,62.49,1633872061136,"2021-10-10T18:51:01+05:30"
196,337,382,31.41,62.3,1633872092057,"2021-10-10T18:51:32+05:30"
189,328,380,31.41,62.35,1633872122593,"2021-10-10T18:52:02+05:30"
189,325,366,31.4,62.35,1633872153158,"2021-10-10T18:52:33+05:30"
191,323,364,31.4,62.2,1633872183765,"2021-10-10T18:53:03+05:30"
191,322,371,31.39,62.18,1633872214401,"2021-10-10T18:53:34+05:30"
188,324,365,31.39,62.1,1633872244954,"2021-10-10T18:54:04+05:30"
187,315,361,31.4,61.88,1633872275545,"2021-10-10T18:54:35+05:30"
187,318,358,31.38,61.86,1633872306208,"2021-10-10T18:55:06+05:30"
187,316,357,31.38,61.91,1633872336726,"2021-10-10T18:55:36+05:30"
187,315,356,31.35,61.9,1633872367336,"2021-10-10T18:56:07+05:30"
186,315,370,31.32,61.86,1633872397910,"2021-10-10T18:56:37+05:30"
182,306,347,31.32,61.75,1633872428519,"2021-10-10T18:57:08+05:30"
175,300,340,31.32,61.1,1633872459257,"2021-10-10T18:57:39+05:30"
168,274,310,31.29,59.87,1633872489694,"2021-10-10T18:58:09+05:30"
165,274,321,31.29,60.36,1633872520402,"2021-10-10T18:58:40+05:30"
165,273,307,31.3,60.08,1633872551389,"2021-10-10T18:59:11+05:30"
156,256,291,31.29,59.79,1633872581897,"2021-10-10T18:59:41+05:30"
154,250,277,31.27,59.68,1633872602493,"2021-10-10T19:00:02+05:30"
150,245,277,31.26,59.77,1633872633046,"2021-10-10T19:00:33+05:30"
145,240,274,31.27,60.23,1633872663638,"2021-10-10T19:01:03+05:30"
142,236,272,31.27,59.97,1633872694211,"2021-10-10T19:01:34+05:30"
139,225,264,31.25,59.83,1633872723950,"2021-10-10T19:02:03+05:30"
143,237,282,31.24,59.99,1633872754543,"2021-10-10T19:02:34+05:30"
141,231,262,31.23,59.96,1633872785127,"2021-10-10T19:03:05+05:30"
138,227,262,31.22,60.01,1633872815716,"2021-10-10T19:03:35+05:30"
135,223,259,31.23,60.11,1633872846462,"2021-10-10T19:04:06+05:30"
131,218,253,31.23,59.87,1633872876997,"2021-10-10T19:04:36+05:30"
132,215,251,31.25,59.88,1633872907502,"2021-10-10T19:05:07+05:30"
137,222,251,31.25,59.91,1633872938090,"2021-10-10T19:05:38+05:30"
139,226,261,31.26,59.75,1633872968704,"2021-10-10T19:06:08+05:30"
145,237,273,31.25,59.85,1633872999292,"2021-10-10T19:06:39+05:30"
143,229,263,31.29,60.09,1633873029870,"2021-10-10T19:07:09+05:30"
140,225,256,31.31,60.04,1633873060489,"2021-10-10T19:07:40+05:30"
144,232,262,31.33,60.16,1633873091059,"2021-10-10T19:08:11+05:30"
140,228,252,31.31,60.18,1633873121699,"2021-10-10T19:08:41+05:30"
145,230,267,31.32,60.45,1633873152307,"2021-10-10T19:09:12+05:30"
143,231,264,31.33,60.3,1633873182878,"2021-10-10T19:09:42+05:30"
144,226,258,31.32,60.44,1633873213481,"2021-10-10T19:10:13+05:30"
140,225,257,31.31,60.35,1633873244073,"2021-10-10T19:10:44+05:30"
139,222,258,31.31,60.27,1633873274753,"2021-10-10T19:11:14+05:30"
137,223,250,31.29,60.47,1633873305275,"2021-10-10T19:11:45+05:30"
138,227,257,31.3,60.34,1633873335851,"2021-10-10T19:12:15+05:30"
139,223,259,31.33,60.17,1633873366435,"2021-10-10T19:12:46+05:30"
133,216,247,31.33,59.92,1633873397032,"2021-10-10T19:13:17+05:30"
132,212,245,31.33,59.8,1633873427758,"2021-10-10T19:13:47+05:30"
128,208,238,31.31,59.62,1633873458451,"2021-10-10T19:14:18+05:30"
130,207,234,31.29,59.71,1633873488824,"2021-10-10T19:14:48+05:30"
131,206,235,31.29,59.76,1633873519490,"2021-10-10T19:15:19+05:30"
129,203,232,31.31,59.63,1633873550054,"2021-10-10T19:15:50+05:30"
129,207,237,31.31,59.57,1633873580635,"2021-10-10T19:16:20+05:30"
127,205,239,31.32,59.57,1633873616605,"2021-10-10T19:16:56+05:30"
127,205,231,31.35,59.59,1633873647249,"2021-10-10T19:17:27+05:30"
125,199,226,31.34,59.59,1633873677772,"2021-10-10T19:17:57+05:30"
125,197,223,31.34,59.66,1633873708407,"2021-10-10T19:18:28+05:30"
125,199,230,31.34,59.77,1633873738958,"2021-10-10T19:18:58+05:30"
124,197,224,31.34,59.79,1633873769549,"2021-10-10T19:19:29+05:30"
124,193,223,31.32,59.65,1633873800173,"2021-10-10T19:20:00+05:30"
124,196,221,31.29,59.75,1633873830731,"2021-10-10T19:20:30+05:30"
120,188,215,31.28,59.83,1633873861393,"2021-10-10T19:21:01+05:30"
119,190,215,31.29,60.08,1633873891981,"2021-10-10T19:21:31+05:30"
119,186,213,31.29,60.09,1633873922621,"2021-10-10T19:22:02+05:30"
119,188,216,31.29,60.13,1633873953199,"2021-10-10T19:22:33+05:30"
121,186,211,31.3,60.18,1633873983789,"2021-10-10T19:23:03+05:30"
116,186,207,31.31,60.38,1633874014369,"2021-10-10T19:23:34+05:30"
117,182,202,31.32,60.36,1633874044968,"2021-10-10T19:24:04+05:30"
115,184,207,31.31,60.29,1633874075553,"2021-10-10T19:24:35+05:30"
118,186,212,31.32,60.52,1633874106183,"2021-10-10T19:25:06+05:30"
116,182,205,31.39,60.43,1633874136750,"2021-10-10T19:25:36+05:30"
117,186,210,31.43,60.19,1633874167466,"2021-10-10T19:26:07+05:30"
118,188,206,31.45,60.08,1633874198149,"2021-10-10T19:26:38+05:30"
119,189,214,31.45,59.9,1633874228753,"2021-10-10T19:27:08+05:30"
118,185,209,31.41,59.69,1633874259360,"2021-10-10T19:27:39+05:30"
116,184,206,31.4,59.69,1633874290190,"2021-10-10T19:28:10+05:30"
118,188,212,31.41,59.6,1633874310447,"2021-10-10T19:28:30+05:30"
120,182,202,31.38,59.61,1633874341109,"2021-10-10T19:29:01+05:30"
121,185,205,31.37,59.7,1633874371756,"2021-10-10T19:29:31+05:30"
121,193,220,31.37,59.69,1633874402251,"2021-10-10T19:30:02+05:30"
123,193,219,31.36,59.71,1633874432830,"2021-10-10T19:30:32+05:30"
126,193,211,31.33,59.7,1633874463411,"2021-10-10T19:31:03+05:30"
128,196,216,31.32,59.75,1633874494001,"2021-10-10T19:31:34+05:30"
125,199,219,31.29,59.82,1633874523535,"2021-10-10T19:32:03+05:30"
129,196,215,31.32,59.77,1633874553633,"2021-10-10T19:32:33+05:30"
133,205,226,31.34,59.73,1633874584637,"2021-10-10T19:33:04+05:30"
135,209,231,31.33,59.77,1633874615073,"2021-10-10T19:33:35+05:30"
135,209,236,31.33,59.79,1633874645676,"2021-10-10T19:34:05+05:30"
133,210,236,31.3,59.64,1633874676416,"2021-10-10T19:34:36+05:30"
136,213,232,31.29,60.16,1633874706859,"2021-10-10T19:35:06+05:30"
134,212,229,31.33,60.07,1633874737459,"2021-10-10T19:35:37+05:30"
135,207,233,31.3,60.04,1633874768220,"2021-10-10T19:36:08+05:30"
137,211,239,31.32,60.09,1633874798651,"2021-10-10T19:36:38+05:30"
135,210,230,31.34,59.9,1633874829225,"2021-10-10T19:37:09+05:30"
135,210,229,31.31,59.85,1633874859818,"2021-10-10T19:37:39+05:30"
130,208,236,31.29,59.83,1633874890502,"2021-10-10T19:38:10+05:30"
137,217,245,31.29,59.8,1633874921097,"2021-10-10T19:38:41+05:30"
137,218,244,31.3,59.7,1633874951658,"2021-10-10T19:39:11+05:30"
131,209,231,31.33,59.68,1633874982233,"2021-10-10T19:39:42+05:30"
124,194,218,31.3,59.64,1633875012826,"2021-10-10T19:40:12+05:30"
134,216,242,31.3,59.56,1633875043441,"2021-10-10T19:40:43+05:30"
145,240,279,31.28,59.58,1633875074222,"2021-10-10T19:41:14+05:30"
147,239,273,31.28,59.36,1633875104652,"2021-10-10T19:41:44+05:30"
142,231,267,31.27,59.63,1633875135200,"2021-10-10T19:42:15+05:30"
136,215,240,31.25,59.46,1633875166044,"2021-10-10T19:42:46+05:30"
131,210,231,31.25,59.4,1633875196399,"2021-10-10T19:43:16+05:30"
123,202,227,31.26,59.36,1633875227072,"2021-10-10T19:43:47+05:30"
122,192,212,31.24,59.39,1633875257579,"2021-10-10T19:44:17+05:30"
119,192,211,31.25,59.45,1633875288178,"2021-10-10T19:44:48+05:30"
135,217,244,31.26,59.35,1633875318779,"2021-10-10T19:45:18+05:30"
132,217,242,31.27,59.46,1633875349361,"2021-10-10T19:45:49+05:30"
128,205,234,31.28,59.4,1633875379946,"2021-10-10T19:46:19+05:30"
121,193,222,31.27,59.48,1633875410555,"2021-10-10T19:46:50+05:30"
119,189,211,31.26,59.38,1633875437693,"2021-10-10T19:47:17+05:30"
118,182,206,31.25,59.57,1633875468362,"2021-10-10T19:47:48+05:30"
113,178,197,31.24,59.45,1633875498860,"2021-10-10T19:48:18+05:30"
111,174,196,31.23,59.48,1633875529453,"2021-10-10T19:48:49+05:30"
110,174,197,31.21,59.62,1633875561115,"2021-10-10T19:49:21+05:30"
108,171,192,31.23,59.78,1633875590605,"2021-10-10T19:49:50+05:30"
106,165,180,31.22,59.41,1633875621267,"2021-10-10T19:50:21+05:30"
104,161,184,31.21,59.34,1633875651850,"2021-10-10T19:50:51+05:30"
103,158,181,31.17,59.45,1633875682441,"2021-10-10T19:51:22+05:30"
102,158,175,31.16,59.22,1633875713043,"2021-10-10T19:51:53+05:30"
100,155,174,31.19,59.28,1633875743636,"2021-10-10T19:52:23+05:30"
99,153,173,31.24,59.24,1633875774233,"2021-10-10T19:52:54+05:30"
101,156,174,31.25,58.96,1633875805887,"2021-10-10T19:53:25+05:30"
97,150,171,31.24,58.95,1633875835501,"2021-10-10T19:53:55+05:30"
98,150,166,31.23,58.92,1633875866019,"2021-10-10T19:54:26+05:30"
97,148,164,31.23,58.62,1633875896723,"2021-10-10T19:54:56+05:30"
96,151,168,31.24,58.89,1633875927179,"2021-10-10T19:55:27+05:30"
101,153,174,31.26,59.04,1633875957742,"2021-10-10T19:55:57+05:30"
112,173,191,31.23,58.97,1633875988356,"2021-10-10T19:56:28+05:30"
108,169,189,31.24,58.89,1633876018933,"2021-10-10T19:56:58+05:30"
115,176,192,31.24,58.89,1633876049526,"2021-10-10T19:57:29+05:30"
118,189,211,31.22,58.74,1633876080179,"2021-10-10T19:58:00+05:30"
118,181,203,31.23,59.01,1633876110746,"2021-10-10T19:58:30+05:30"
124,195,215,31.25,59.08,1633876141308,"2021-10-10T19:59:01+05:30"
143,230,260,31.26,58.9,1633876172230,"2021-10-10T19:59:32+05:30"
144,231,253,31.24,58.95,1633876202491,"2021-10-10T20:00:02+05:30"
145,231,258,31.26,59.02,1633876233064,"2021-10-10T20:00:33+05:30"
141,228,254,31.28,58.9,1633876263653,"2021-10-10T20:01:03+05:30"
139,219,236,31.28,58.81,1633876294679,"2021-10-10T20:01:34+05:30"
135,214,234,31.29,58.65,1633876320981,"2021-10-10T20:02:00+05:30"
134,211,233,31.32,58.82,1633876351009,"2021-10-10T20:02:31+05:30"
129,206,239,31.34,58.8,1633876381584,"2021-10-10T20:03:01+05:30"
138,223,255,31.36,58.65,1633876412249,"2021-10-10T20:03:32+05:30"
141,228,260,31.36,58.64,1633876442849,"2021-10-10T20:04:02+05:30"
155,256,296,31.37,58.76,1633876473377,"2021-10-10T20:04:33+05:30"
157,255,286,31.38,58.63,1633876503963,"2021-10-10T20:05:03+05:30"
142,230,259,31.38,58.6,1633876534581,"2021-10-10T20:05:34+05:30"
134,215,239,31.38,58.69,1633876565155,"2021-10-10T20:06:05+05:30"
138,227,258,31.37,58.79,1633876595741,"2021-10-10T20:06:35+05:30"
151,250,287,31.36,58.88,1633876626345,"2021-10-10T20:07:06+05:30"
149,241,277,31.36,58.92,1633876656944,"2021-10-10T20:07:36+05:30"
147,233,264,31.31,58.98,1633876687523,"2021-10-10T20:08:07+05:30"
135,214,240,31.29,59.08,1633876718122,"2021-10-10T20:08:38+05:30"
133,209,233,31.27,59.4,1633876748729,"2021-10-10T20:09:08+05:30"
131,207,237,31.29,59.43,1633876779325,"2021-10-10T20:09:39+05:30"
128,201,223,31.28,59.48,1633876809910,"2021-10-10T20:10:09+05:30"
124,192,215,31.26,59.6,1633876840484,"2021-10-10T20:10:40+05:30"
115,180,199,31.21,59.87,1633876871100,"2021-10-10T20:11:11+05:30"
113,176,193,31.22,60.03,1633876901703,"2021-10-10T20:11:41+05:30"
114,176,195,31.24,60.05,1633876932290,"2021-10-10T20:12:12+05:30"
108,167,188,31.24,60.05,1633876962868,"2021-10-10T20:12:42+05:30"
108,168,186,31.25,60.15,1633876993470,"2021-10-10T20:13:13+05:30"
105,167,185,31.27,60.16,1633877024065,"2021-10-10T20:13:44+05:30"
106,166,185,31.28,60.07,1633877054651,"2021-10-10T20:14:14+05:30"
105,159,177,31.26,59.9,1633877085238,"2021-10-10T20:14:45+05:30"
101,156,173,31.23,60.15,1633877117034,"2021-10-10T20:15:17+05:30"
102,157,175,31.21,60.3,1633877146486,"2021-10-10T20:15:46+05:30"
104,162,182,31.2,60.72,1633877177029,"2021-10-10T20:16:17+05:30"
104,159,175,31.24,60.56,1633877207614,"2021-10-10T20:16:47+05:30"
101,158,175,31.25,60.44,1633877240699,"2021-10-10T20:17:20+05:30"
100,154,172,31.24,60.45,1633877270845,"2021-10-10T20:17:50+05:30"
102,160,180,31.24,60.4,1633877301451,"2021-10-10T20:18:21+05:30"
102,157,175,31.23,60.42,1633877332001,"2021-10-10T20:18:52+05:30"
100,156,180,31.24,60.4,1633877362581,"2021-10-10T20:19:22+05:30"
99,157,179,31.25,60.35,1633877393210,"2021-10-10T20:19:53+05:30"
100,158,182,31.23,60.29,1633877423795,"2021-10-10T20:20:23+05:30"
101,156,176,31.21,60.13,1633877454391,"2021-10-10T20:20:54+05:30"
100,153,169,31.17,60.22,1633877484985,"2021-10-10T20:21:24+05:30"
101,155,174,31.16,60.32,1633877515573,"2021-10-10T20:21:55+05:30"
99,154,178,31.14,60.35,1633877546139,"2021-10-10T20:22:26+05:30"
99,154,169,31.16,60.29,1633877576739,"2021-10-10T20:22:56+05:30"
110,174,199,31.19,60.3,1633877607334,"2021-10-10T20:23:27+05:30"
111,176,202,31.23,60.07,1633877637978,"2021-10-10T20:23:57+05:30"
113,170,196,31.23,59.92,1633877668525,"2021-10-10T20:24:28+05:30"
121,188,211,31.22,59.99,1633877699147,"2021-10-10T20:24:59+05:30"
120,184,209,31.22,60.02,1633877729698,"2021-10-10T20:25:29+05:30"
122,186,208,31.21,60.03,1633877760442,"2021-10-10T20:26:00+05:30"
121,186,205,31.18,60.21,1633877790890,"2021-10-10T20:26:30+05:30"
120,184,203,31.2,60.31,1633877821490,"2021-10-10T20:27:01+05:30"
114,177,201,31.21,60.25,1633877852080,"2021-10-10T20:27:32+05:30"
108,171,196,31.21,60.25,1633877882809,"2021-10-10T20:28:02+05:30"
105,163,185,31.18,60.32,1633877913271,"2021-10-10T20:28:33+05:30"
105,162,184,31.22,60.38,1633877943887,"2021-10-10T20:29:03+05:30"
101,159,180,31.2,60.56,1633877974453,"2021-10-10T20:29:34+05:30"
98,159,186,31.23,60.25,1633878101687,"2021-10-10T20:31:41+05:30"
104,163,183,31.08,60.65,1633878703465,"2021-10-10T20:41:43+05:30"
100,157,177,31.21,60.56,1633879002550,"2021-10-10T20:46:42+05:30"
123,186,209,31.06,60.88,1633879302710,"2021-10-10T20:51:42+05:30"
117,179,200,31.06,60.98,1633879313231,"2021-10-10T20:51:53+05:30"
122,184,205,31.07,60.93,1633879355088,"2021-10-10T20:52:35+05:30"
116,178,196,31.04,61.02,1633879371370,"2021-10-10T20:52:51+05:30"
116,175,198,30.94,61.18,1633879536415,"2021-10-10T20:55:36+05:30"
107,161,185,30.95,61.05,1633879656850,"2021-10-10T20:57:36+05:30"
104,160,176,30.9,61.19,1633879777478,"2021-10-10T20:59:37+05:30"
103,156,169,30.94,61.29,1633879975828,"2021-10-10T21:02:55+05:30"
101,153,173,30.93,61.26,1633879985816,"2021-10-10T21:03:05+05:30"
105,160,179,30.93,61.26,1633880017508,"2021-10-10T21:03:37+05:30"
102,155,171,30.93,61.22,1633880047008,"2021-10-10T21:04:07+05:30"
102,155,178,30.89,61.32,1633880077592,"2021-10-10T21:04:37+05:30"
103,156,176,30.93,61.44,1633880108209,"2021-10-10T21:05:08+05:30"
103,159,173,30.96,61.21,1633880138859,"2021-10-10T21:05:38+05:30"
104,157,172,30.91,61.24,1633880169344,"2021-10-10T21:06:09+05:30"
103,156,175,30.94,61.13,1633880199967,"2021-10-10T21:06:39+05:30"
100,153,169,30.93,60.98,1633880230525,"2021-10-10T21:07:10+05:30"
104,157,172,30.93,61.13,1633880261093,"2021-10-10T21:07:41+05:30"
103,156,173,30.92,61.19,1633880291654,"2021-10-10T21:08:11+05:30"
103,158,172,30.92,61.05,1633880322233,"2021-10-10T21:08:42+05:30"
101,156,171,30.89,61.21,1633880352821,"2021-10-10T21:09:12+05:30"
106,161,179,30.83,61.67,1633880383539,"2021-10-10T21:09:43+05:30"
105,158,177,30.8,61.53,1633880413978,"2021-10-10T21:10:13+05:30"
103,154,168,30.85,61.49,1633880444546,"2021-10-10T21:10:44+05:30"
104,156,171,30.88,61.4,1633880475215,"2021-10-10T21:11:15+05:30"
104,157,173,30.94,61.23,1633880505864,"2021-10-10T21:11:45+05:30"
103,154,168,30.95,61.28,1633880536301,"2021-10-10T21:12:16+05:30"
102,154,171,30.99,61.44,1633880566871,"2021-10-10T21:12:46+05:30"
99,153,171,31.01,61.43,1633880597458,"2021-10-10T21:13:17+05:30"
101,150,169,31.04,61.41,1633880628406,"2021-10-10T21:13:48+05:30"
99,149,171,31.03,61.4,1633880659428,"2021-10-10T21:14:19+05:30"
102,154,172,30.96,61.52,1633880689578,"2021-10-10T21:14:49+05:30"
101,153,174,30.97,61.55,1633880720131,"2021-10-10T21:15:20+05:30"
107,162,177,30.97,61.54,1633880750760,"2021-10-10T21:15:50+05:30"
111,167,188,30.95,61.51,1633880781318,"2021-10-10T21:16:21+05:30"
115,170,190,30.96,61.46,1633880811916,"2021-10-10T21:16:51+05:30"
115,172,191,30.96,61.32,1633880842516,"2021-10-10T21:17:22+05:30"
114,170,193,30.93,61.36,1633880875499,"2021-10-10T21:17:55+05:30"
111,165,178,30.89,61.46,1633880905596,"2021-10-10T21:18:25+05:30"
110,162,178,30.9,61.43,1633880936353,"2021-10-10T21:18:56+05:30"
112,168,183,30.94,61.36,1633880967027,"2021-10-10T21:19:27+05:30"
111,168,181,30.93,61.3,1633880998122,"2021-10-10T21:19:58+05:30"
113,169,183,30.94,61.37,1633881018461,"2021-10-10T21:20:18+05:30"
110,169,182,30.95,61.31,1633881049380,"2021-10-10T21:20:49+05:30"
112,170,186,30.94,61.36,1633881079958,"2021-10-10T21:21:19+05:30"
114,168,188,30.9,61.46,1633881110541,"2021-10-10T21:21:50+05:30"
109,165,180,30.87,61.36,1633881141117,"2021-10-10T21:22:21+05:30"
115,176,192,30.85,61.57,1633881171726,"2021-10-10T21:22:51+05:30"
118,179,196,30.84,61.71,1633881202312,"2021-10-10T21:23:22+05:30"
112,169,185,30.86,61.66,1633881232897,"2021-10-10T21:23:52+05:30"
109,163,183,30.85,61.63,1633881263488,"2021-10-10T21:24:23+05:30"
116,169,186,30.84,61.77,1633881294090,"2021-10-10T21:24:54+05:30"
115,175,192,30.9,61.75,1633881324989,"2021-10-10T21:25:24+05:30"
111,170,189,30.91,61.62,1633881355362,"2021-10-10T21:25:55+05:30"
111,169,183,30.9,61.6,1633881385948,"2021-10-10T21:26:25+05:30"
107,160,175,30.92,61.69,1633881416541,"2021-10-10T21:26:56+05:30"
109,160,174,30.97,61.67,1633881447145,"2021-10-10T21:27:27+05:30"
109,162,179,30.98,61.62,1633881477768,"2021-10-10T21:27:57+05:30"
107,160,172,30.95,61.42,1633881508319,"2021-10-10T21:28:28+05:30"
109,160,179,30.92,61.7,1633881538913,"2021-10-10T21:28:58+05:30"
110,159,175,30.95,61.52,1633881569511,"2021-10-10T21:29:29+05:30"
115,170,183,30.94,61.61,1633881600615,"2021-10-10T21:30:00+05:30"
116,167,181,30.94,61.63,1633881630716,"2021-10-10T21:30:30+05:30"
119,174,187,30.95,61.69,1633881662434,"2021-10-10T21:31:02+05:30"
122,175,190,30.94,61.66,1633881692313,"2021-10-10T21:31:32+05:30"
123,180,199,30.93,61.78,1633881722485,"2021-10-10T21:32:02+05:30"
123,180,199,30.93,61.78,1633881725839,"2021-10-10T21:32:05+05:30"
121,180,197,30.92,61.84,1633881753087,"2021-10-10T21:32:33+05:30"
121,181,198,30.92,61.64,1633881781624,"2021-10-10T21:33:01+05:30"
123,179,194,30.86,61.6,1633881811727,"2021-10-10T21:33:31+05:30"
125,182,201,30.83,61.74,1633881842350,"2021-10-10T21:34:02+05:30"
122,178,197,30.8,61.74,1633881872881,"2021-10-10T21:34:32+05:30"
124,181,193,30.8,61.7,1633881903487,"2021-10-10T21:35:03+05:30"
125,187,202,30.77,61.46,1633881934605,"2021-10-10T21:35:34+05:30"
134,201,222,30.71,61.32,1633881964669,"2021-10-10T21:36:04+05:30"
145,214,234,30.63,61.48,1633881995328,"2021-10-10T21:36:35+05:30"