"pm1_0","pm2_5","pm10","temp","humid","createdAt","localtime"
48,77,91,26.42,43.83,1634786039294,"2021-10-21T08:43:59+05:30"
46,73,87,26.36,42.84,1634786069923,"2021-10-21T08:44:29+05:30"
47,73,82,26.07,42.42,1634786100444,"2021-10-21T08:45:00+05:30"
46,73,82,26.18,44.22,1634786131044,"2021-10-21T08:45:31+05:30"
55,86,92,26.03,43.2,1634786161718,"2021-10-21T08:46:01+05:30"
61,89,99,25.82,43.75,1634786192286,"2021-10-21T08:46:32+05:30"
51,78,87,25.94,45.02,1634786222841,"2021-10-21T08:47:02+05:30"
62,94,104,25.99,44.13,1634786255117,"2021-10-21T08:47:35+05:30"
64,98,106,26.03,44.79,1634786285680,"2021-10-21T08:48:05+05:30"
61,94,104,26.19,44.95,1634786316276,"2021-10-21T08:48:36+05:30"
57,88,99,26.25,43.65,1634786346835,"2021-10-21T08:49:06+05:30"
54,84,91,26.2,43.37,1634786377419,"2021-10-21T08:49:37+05:30"
55,86,101,26.11,43.81,1634786408034,"2021-10-21T08:50:08+05:30"
55,84,95,26.24,43.82,1634786438589,"2021-10-21T08:50:38+05:30"
50,79,101,26.25,43.04,1634786469155,"2021-10-21T08:51:09+05:30"
55,124,206,26.22,43.09,1634786499784,"2021-10-21T08:51:39+05:30"
62,152,253,26.25,43.51,1634786530336,"2021-10-21T08:52:10+05:30"
60,142,233,26.14,43.07,1634786561107,"2021-10-21T08:52:41+05:30"
61,132,215,26.04,43.37,1634786591603,"2021-10-21T08:53:11+05:30"
67,162,278,26,44.16,1634786622168,"2021-10-21T08:53:42+05:30"
63,157,273,26.1,43.63,1634786652759,"2021-10-21T08:54:12+05:30"
52,114,183,26.02,42.76,1634786683529,"2021-10-21T08:54:43+05:30"
60,153,252,26.05,44.28,1634786713924,"2021-10-21T08:55:13+05:30"
47,100,155,26.08,43.83,1634786744487,"2021-10-21T08:55:44+05:30"
46,83,117,25.96,43.55,1634786775080,"2021-10-21T08:56:15+05:30"
56,132,203,26.04,44.78,1634786805705,"2021-10-21T08:56:45+05:30"
53,93,114,25.95,43.37,1634786836347,"2021-10-21T08:57:16+05:30"
50,86,107,25.82,44.04,1634786866811,"2021-10-21T08:57:46+05:30"
47,84,117,25.96,44.16,1634786897453,"2021-10-21T08:58:17+05:30"
47,82,110,26.03,43.58,1634786928435,"2021-10-21T08:58:48+05:30"
47,78,96,26.09,44.07,1634786958578,"2021-10-21T08:59:18+05:30"
45,74,97,26.09,43.38,1634786989143,"2021-10-21T08:59:49+05:30"
44,78,99,26.18,43.92,1634787019737,"2021-10-21T09:00:19+05:30"
43,71,84,26.29,43.13,1634787050347,"2021-10-21T09:00:50+05:30"
41,67,84,26.29,43.31,1634787081117,"2021-10-21T09:01:21+05:30"
40,66,82,26.31,42.92,1634787101681,"2021-10-21T09:01:41+05:30"
43,70,84,26.28,43.43,1634787132588,"2021-10-21T09:02:12+05:30"
51,81,95,26.3,43.37,1634787163202,"2021-10-21T09:02:43+05:30"
46,74,89,26.39,43.99,1634787193599,"2021-10-21T09:03:13+05:30"
42,67,78,26.32,42.38,1634787224196,"2021-10-21T09:03:44+05:30"
41,66,78,26.33,43.32,1634787254750,"2021-10-21T09:04:14+05:30"
43,65,79,26.34,43.18,1634787285330,"2021-10-21T09:04:45+05:30"
42,65,76,26.33,42.82,1634787315934,"2021-10-21T09:05:15+05:30"
41,65,77,26.34,42.57,1634787346902,"2021-10-21T09:05:46+05:30"
39,62,73,26.16,41.87,1634787377381,"2021-10-21T09:06:17+05:30"
38,60,74,26.12,42.8,1634787407668,"2021-10-21T09:06:47+05:30"
40,59,73,26.1,42.24,1634787438243,"2021-10-21T09:07:18+05:30"
39,61,74,26.09,43.05,1634787468838,"2021-10-21T09:07:48+05:30"
42,68,79,26.23,43.11,1634787499409,"2021-10-21T09:08:19+05:30"
42,65,76,26.3,42.9,1634787529985,"2021-10-21T09:08:49+05:30"
48,72,82,26.22,43.1,1634787560551,"2021-10-21T09:09:20+05:30"
51,77,86,26.15,43.41,1634787591137,"2021-10-21T09:09:51+05:30"
47,73,81,26.05,43.42,1634787621746,"2021-10-21T09:10:21+05:30"
45,69,78,26.09,43.69,1634787652293,"2021-10-21T09:10:52+05:30"
44,67,79,26.26,43.83,1634787682899,"2021-10-21T09:11:22+05:30"
49,75,84,26.3,43.01,1634787713461,"2021-10-21T09:11:53+05:30"
46,76,85,26.37,42.8,1634787744040,"2021-10-21T09:12:24+05:30"
48,78,88,26.45,42.86,1634787775332,"2021-10-21T09:12:55+05:30"
49,79,88,26.51,42.77,1634787805263,"2021-10-21T09:13:25+05:30"
47,75,84,26.51,42.6,1634787835792,"2021-10-21T09:13:55+05:30"
60,96,111,26.29,42.58,1634787866570,"2021-10-21T09:14:26+05:30"
50,79,86,26.31,42.83,1634787896960,"2021-10-21T09:14:56+05:30"
51,79,89,26.38,42.73,1634787927516,"2021-10-21T09:15:27+05:30"
50,79,89,26.38,43.05,1634787958164,"2021-10-21T09:15:58+05:30"
50,79,86,26.4,42.47,1634787988727,"2021-10-21T09:16:28+05:30"
52,81,90,26.39,42.38,1634788019322,"2021-10-21T09:16:59+05:30"
51,80,87,26.45,42.52,1634788054898,"2021-10-21T09:17:34+05:30"
57,88,97,26.45,42.29,1634788085466,"2021-10-21T09:18:05+05:30"
55,83,96,26.44,42.22,1634788116166,"2021-10-21T09:18:36+05:30"
52,79,88,26.29,41.55,1634788146604,"2021-10-21T09:19:06+05:30"
52,79,88,26.33,42.39,1634788177490,"2021-10-21T09:19:37+05:30"
49,76,82,26.43,42.81,1634788208063,"2021-10-21T09:20:08+05:30"
49,75,84,26.41,41.66,1634788228439,"2021-10-21T09:20:28+05:30"
48,75,88,26.45,42.22,1634788259200,"2021-10-21T09:20:59+05:30"
46,70,81,26.54,41.99,1634788289754,"2021-10-21T09:21:29+05:30"
48,76,82,26.54,41.73,1634788320360,"2021-10-21T09:22:00+05:30"
49,76,86,26.62,42.32,1634788350924,"2021-10-21T09:22:30+05:30"
54,92,111,26.52,42.18,1634788381512,"2021-10-21T09:23:01+05:30"
54,93,115,26.35,42.83,1634788412283,"2021-10-21T09:23:32+05:30"
53,87,98,26.39,43.1,1634788442979,"2021-10-21T09:24:02+05:30"
50,84,94,26.47,43.21,1634788473256,"2021-10-21T09:24:33+05:30"
50,83,97,26.55,43.18,1634788504075,"2021-10-21T09:25:04+05:30"
50,81,95,26.63,42.72,1634788534397,"2021-10-21T09:25:34+05:30"
57,91,101,26.43,41.78,1634788565002,"2021-10-21T09:26:05+05:30"
61,99,110,26.34,42.51,1634788595591,"2021-10-21T09:26:35+05:30"
53,85,103,26.39,43.62,1634788626174,"2021-10-21T09:27:06+05:30"
52,83,97,26.49,43.39,1634788656729,"2021-10-21T09:27:36+05:30"
52,85,98,26.57,43.45,1634788687330,"2021-10-21T09:28:07+05:30"
48,80,93,26.65,43.47,1634788717918,"2021-10-21T09:28:37+05:30"
45,72,86,26.66,42.59,1634788748497,"2021-10-21T09:29:08+05:30"
46,74,88,26.7,42.98,1634788779236,"2021-10-21T09:29:39+05:30"
43,71,82,26.69,42.7,1634788809985,"2021-10-21T09:30:09+05:30"
44,72,85,26.75,42.91,1634788840248,"2021-10-21T09:30:40+05:30"
43,71,80,26.8,42.52,1634788870873,"2021-10-21T09:31:10+05:30"
43,70,79,26.81,42.66,1634788901390,"2021-10-21T09:31:41+05:30"
59,92,104,26.73,42.83,1634788931997,"2021-10-21T09:32:11+05:30"
68,106,119,26.69,43.41,1634788961791,"2021-10-21T09:32:41+05:30"
153,224,238,26.79,43.79,1634788992720,"2021-10-21T09:33:12+05:30"
135,193,202,26.89,43.52,1634789023287,"2021-10-21T09:33:43+05:30"
99,145,157,26.82,42.71,1634789053936,"2021-10-21T09:34:13+05:30"
89,129,138,26.86,43.11,1634789084504,"2021-10-21T09:34:44+05:30"
82,120,129,26.92,43.17,1634789115068,"2021-10-21T09:35:15+05:30"
80,117,126,26.88,41.77,1634789145672,"2021-10-21T09:35:45+05:30"
115,171,182,26.75,41.31,1634789176264,"2021-10-21T09:36:16+05:30"
93,141,149,26.74,42.07,1634789206856,"2021-10-21T09:36:46+05:30"
83,125,136,26.65,41.81,1634789237449,"2021-10-21T09:37:17+05:30"
67,101,110,26.62,42.13,1634789268129,"2021-10-21T09:37:48+05:30"
62,94,105,26.67,42.26,1634789298608,"2021-10-21T09:38:18+05:30"
72,110,120,26.67,43.1,1634789329184,"2021-10-21T09:38:49+05:30"
74,119,130,26.54,43.31,1634789359792,"2021-10-21T09:39:19+05:30"
72,108,124,26.6,43.7,1634789390368,"2021-10-21T09:39:50+05:30"
64,98,110,26.77,43.37,1634789420935,"2021-10-21T09:40:20+05:30"
53,81,90,26.74,42,1634789451506,"2021-10-21T09:40:51+05:30"
55,84,93,26.69,42.8,1634789482118,"2021-10-21T09:41:22+05:30"
100,151,163,26.62,42.64,1634789512941,"2021-10-21T09:41:52+05:30"
80,126,138,26.6,43.36,1634789543301,"2021-10-21T09:42:23+05:30"
78,121,130,26.7,43.42,1634789573878,"2021-10-21T09:42:53+05:30"
152,224,250,26.65,42.82,1634789604488,"2021-10-21T09:43:24+05:30"
91,137,150,26.51,43,1634789635069,"2021-10-21T09:43:55+05:30"
80,127,142,26.52,43.91,1634789717696,"2021-10-21T09:45:17+05:30"
69,111,130,26.44,43.74,1634789728228,"2021-10-21T09:45:28+05:30"
280,567,654,26.67,44.28,1634789845069,"2021-10-21T09:47:25+05:30"
232,443,516,26.76,43.67,1634789855457,"2021-10-21T09:47:35+05:30"
210,421,490,26.73,42.78,1634789906560,"2021-10-21T09:48:26+05:30"
256,635,799,26.67,43.9,1634790079988,"2021-10-21T09:51:19+05:30"
261,711,901,26.78,43.44,1634790090134,"2021-10-21T09:51:30+05:30"
160,378,471,26.75,43.03,1634790139616,"2021-10-21T09:52:19+05:30"
165,314,361,26.64,43.21,1634790150881,"2021-10-21T09:52:30+05:30"
232,557,692,26.68,44.35,1634790199437,"2021-10-21T09:53:19+05:30"
251,619,769,26.84,44.15,1634790211523,"2021-10-21T09:53:31+05:30"
235,633,813,26.86,42.47,1634790446083,"2021-10-21T09:57:26+05:30"
223,544,707,26.91,42.19,1634790456000,"2021-10-21T09:57:36+05:30"
211,500,617,26.97,42.87,1634790617384,"2021-10-21T10:00:17+05:30"
151,451,626,27.04,42.47,1634790699275,"2021-10-21T10:01:39+05:30"
215,593,777,27.04,43.25,1634790737716,"2021-10-21T10:02:17+05:30"
66,117,138,27.89,43.76,1634794311559,"2021-10-21T11:01:51+05:30"
61,100,115,27.86,43.13,1634794321723,"2021-10-21T11:02:01+05:30"
60,106,127,27.87,44.08,1634794352309,"2021-10-21T11:02:32+05:30"
66,111,131,27.76,43.57,1634794382873,"2021-10-21T11:03:02+05:30"
76,130,146,27.77,45.3,1634794413478,"2021-10-21T11:03:33+05:30"
71,118,141,27.83,44.53,1634794444045,"2021-10-21T11:04:04+05:30"
81,139,165,27.85,43.84,1634794474667,"2021-10-21T11:04:34+05:30"
74,127,150,27.83,42.36,1634794505448,"2021-10-21T11:05:05+05:30"
71,122,140,27.82,44.18,1634794535777,"2021-10-21T11:05:35+05:30"
109,199,235,27.89,44.98,1634794566380,"2021-10-21T11:06:06+05:30"
88,154,183,27.87,44.02,1634794597044,"2021-10-21T11:06:37+05:30"
77,130,149,27.88,44.63,1634794627563,"2021-10-21T11:07:07+05:30"
80,138,158,27.84,44.7,1634794658323,"2021-10-21T11:07:38+05:30"
76,135,156,27.84,44.99,1634794688714,"2021-10-21T11:08:08+05:30"
81,143,167,27.92,44.59,1634794742032,"2021-10-21T11:09:02+05:30"
79,143,169,27.92,43.85,1634794772592,"2021-10-21T11:09:32+05:30"
42,69,83,27.95,43.3,1634796509630,"2021-10-21T11:38:29+05:30"
41,70,87,28,42.99,1634796540186,"2021-10-21T11:39:00+05:30"
40,68,81,27.99,42.43,1634796570769,"2021-10-21T11:39:30+05:30"
40,67,81,28.04,42.54,1634796601349,"2021-10-21T11:40:01+05:30"
33,51,68,27.97,41.39,1634796631909,"2021-10-21T11:40:31+05:30"
35,57,73,27.93,42.35,1634796662522,"2021-10-21T11:41:02+05:30"
39,66,79,28.02,43.58,1634796693214,"2021-10-21T11:41:33+05:30"
44,71,86,28.07,44.14,1634796723682,"2021-10-21T11:42:03+05:30"
43,73,87,28.11,44.73,1634796754518,"2021-10-21T11:42:34+05:30"
42,71,85,28.09,42.87,1634796784893,"2021-10-21T11:43:04+05:30"
47,74,83,28.06,43.56,1634796815428,"2021-10-21T11:43:35+05:30"
56,93,107,27.94,43.6,1634796846008,"2021-10-21T11:44:06+05:30"
58,97,113,27.98,44.85,1634796876569,"2021-10-21T11:44:36+05:30"
55,96,112,28,45.05,1634796907204,"2021-10-21T11:45:07+05:30"
54,92,107,28.02,44.09,1634796937769,"2021-10-21T11:45:37+05:30"
51,87,110,28.05,44.34,1634796968871,"2021-10-21T11:46:08+05:30"
52,87,106,28.1,44.32,1634796998904,"2021-10-21T11:46:38+05:30"
58,98,116,28.08,43.59,1634797029509,"2021-10-21T11:47:09+05:30"
53,86,105,28.14,44.26,1634797060090,"2021-10-21T11:47:40+05:30"
48,79,93,28.17,42.81,1634797090658,"2021-10-21T11:48:10+05:30"
51,87,104,28.2,43.3,1634797121227,"2021-10-21T11:48:41+05:30"
58,94,108,28.21,43.36,1634797151835,"2021-10-21T11:49:11+05:30"
63,102,112,28.22,43.25,1634797182427,"2021-10-21T11:49:42+05:30"
54,87,99,28.18,42.89,1634797212994,"2021-10-21T11:50:12+05:30"
51,86,99,28.12,43.56,1634797243565,"2021-10-21T11:50:43+05:30"
51,81,93,28.12,43.19,1634797274167,"2021-10-21T11:51:14+05:30"
56,90,104,28.04,41.97,1634797304761,"2021-10-21T11:51:44+05:30"
79,134,152,27.99,40.94,1634797335334,"2021-10-21T11:52:15+05:30"
84,147,162,27.95,41.19,1634797365901,"2021-10-21T11:52:45+05:30"
53,86,99,27.95,42.25,1634797396522,"2021-10-21T11:53:16+05:30"
55,88,99,27.98,42.61,1634797430008,"2021-10-21T11:53:50+05:30"
48,77,87,28,42.05,1634797460576,"2021-10-21T11:54:20+05:30"
42,70,80,27.97,42.48,1634797491132,"2021-10-21T11:54:51+05:30"
45,73,83,27.97,42.71,1634797521729,"2021-10-21T11:55:21+05:30"
48,82,93,27.99,42.45,1634797552319,"2021-10-21T11:55:52+05:30"
42,71,85,28.01,41.82,1634797582895,"2021-10-21T11:56:22+05:30"
150,342,419,28.11,42.04,1634797613462,"2021-10-21T11:56:53+05:30"
159,316,378,28.17,43.28,1634797644413,"2021-10-21T11:57:24+05:30"
80,141,173,28.19,42.95,1634797674651,"2021-10-21T11:57:54+05:30"
89,156,186,28.18,41.94,1634797705229,"2021-10-21T11:58:25+05:30"
163,314,372,28.15,41.81,1634797735809,"2021-10-21T11:58:55+05:30"
123,222,257,28.11,41.69,1634797766384,"2021-10-21T11:59:26+05:30"
119,215,249,28.08,42.81,1634797796964,"2021-10-21T11:59:56+05:30"
85,153,177,28.08,43.98,1634797827623,"2021-10-21T12:00:27+05:30"
83,145,170,28.12,43.91,1634797858183,"2021-10-21T12:00:58+05:30"
68,115,134,28.1,43.14,1634797888801,"2021-10-21T12:01:28+05:30"
60,104,122,28.12,43.02,1634797919365,"2021-10-21T12:01:59+05:30"
59,97,114,28.13,43.23,1634797949901,"2021-10-21T12:02:29+05:30"
72,122,142,28.11,43.28,1634797980504,"2021-10-21T12:03:00+05:30"
74,125,148,28.09,43.35,1634798011089,"2021-10-21T12:03:31+05:30"
73,124,142,28.07,43.75,1634798041675,"2021-10-21T12:04:01+05:30"
69,114,132,28.13,43.52,1634798072232,"2021-10-21T12:04:32+05:30"
59,98,114,28.13,43.3,1634798102837,"2021-10-21T12:05:02+05:30"
80,127,143,27.93,41.67,1634798343518,"2021-10-21T12:09:03+05:30"
70,111,124,27.95,43.65,1634798462987,"2021-10-21T12:11:02+05:30"
64,99,112,28.3,45.09,1634798642615,"2021-10-21T12:14:02+05:30"
61,97,112,28.33,43.74,1634798690849,"2021-10-21T12:14:50+05:30"
67,113,128,28.28,44.2,1634798703162,"2021-10-21T12:15:03+05:30"
67,108,119,28.34,45.37,1634798762616,"2021-10-21T12:16:02+05:30"
60,95,103,28.38,44.44,1634798772596,"2021-10-21T12:16:12+05:30"
51,81,94,28.4,43.07,1634799008114,"2021-10-21T12:20:08+05:30"
41,65,76,28.44,44.12,1634799132250,"2021-10-21T12:22:12+05:30"
39,63,74,28.47,43.13,1634799162981,"2021-10-21T12:22:42+05:30"
40,63,75,28.47,42.17,1634799193576,"2021-10-21T12:23:13+05:30"
37,57,69,28.46,41.9,1634799224094,"2021-10-21T12:23:44+05:30"
37,57,71,28.44,41.42,1634799254701,"2021-10-21T12:24:14+05:30"
42,67,78,28.32,41.36,1634799285277,"2021-10-21T12:24:45+05:30"
48,77,90,28.26,42.27,1634799315847,"2021-10-21T12:25:15+05:30"
41,65,76,28.18,40.94,1634799346412,"2021-10-21T12:25:46+05:30"
42,66,77,28.26,43.93,1634799377155,"2021-10-21T12:26:17+05:30"
45,70,81,28.36,44.14,1634799407607,"2021-10-21T12:26:47+05:30"
78,113,123,28.46,41.75,1634799438182,"2021-10-21T12:27:18+05:30"
67,98,107,28.54,42.5,1634799468745,"2021-10-21T12:27:48+05:30"
89,130,135,28.47,40.01,1634799499352,"2021-10-21T12:28:19+05:30"
83,120,129,28.45,40.9,1634799529988,"2021-10-21T12:28:49+05:30"
49,72,82,28.44,39.69,1634799560511,"2021-10-21T12:29:20+05:30"
45,68,78,28.5,40.77,1634799591083,"2021-10-21T12:29:51+05:30"
32,49,64,28.48,37.75,1634799621676,"2021-10-21T12:30:21+05:30"
38,59,70,28.56,39.14,1634799652286,"2021-10-21T12:30:52+05:30"
34,50,64,28.54,38.38,1634799682836,"2021-10-21T12:31:22+05:30"
38,59,71,28.54,40.36,1634799713410,"2021-10-21T12:31:53+05:30"
36,53,68,28.51,39.55,1634799744010,"2021-10-21T12:32:24+05:30"
34,53,67,28.54,38.94,1634799774613,"2021-10-21T12:32:54+05:30"
34,54,66,28.59,40.06,1634799805176,"2021-10-21T12:33:25+05:30"
32,48,61,28.57,38.58,1634799835917,"2021-10-21T12:33:55+05:30"
31,47,61,28.55,39.02,1634799866416,"2021-10-21T12:34:26+05:30"
32,49,61,28.51,39.74,1634799896973,"2021-10-21T12:34:56+05:30"
30,44,56,28.46,38.11,1634799927567,"2021-10-21T12:35:27+05:30"
31,47,59,28.45,39.03,1634799958154,"2021-10-21T12:35:58+05:30"
28,44,57,28.49,37.75,1634799983912,"2021-10-21T12:36:23+05:30"
35,52,62,28.45,37.15,1634800014438,"2021-10-21T12:36:54+05:30"
42,60,72,28.5,38.81,1634800044997,"2021-10-21T12:37:24+05:30"
32,49,62,28.52,38.83,1634800075570,"2021-10-21T12:37:55+05:30"
31,46,58,28.59,38.41,1634800106297,"2021-10-21T12:38:26+05:30"
27,39,50,28.54,35.63,1634800136788,"2021-10-21T12:38:56+05:30"
29,44,57,28.47,36.73,1634800167339,"2021-10-21T12:39:27+05:30"
31,49,64,28.5,39.13,1634800198143,"2021-10-21T12:39:58+05:30"
32,48,62,28.53,39.22,1634800228504,"2021-10-21T12:40:28+05:30"
29,44,56,28.52,38.37,1634800259275,"2021-10-21T12:40:59+05:30"
28,44,55,28.48,37.53,1634800289671,"2021-10-21T12:41:29+05:30"
27,42,52,28.44,37.19,1634800320237,"2021-10-21T12:42:00+05:30"
26,39,49,28.41,37.1,1634800350832,"2021-10-21T12:42:30+05:30"
28,43,55,28.45,38.6,1634800381423,"2021-10-21T12:43:01+05:30"
29,42,55,28.52,40.07,1634800412052,"2021-10-21T12:43:32+05:30"
28,43,55,28.57,38.75,1634800442954,"2021-10-21T12:44:02+05:30"
28,42,53,28.49,37.87,1634800473159,"2021-10-21T12:44:33+05:30"
41,57,70,28.51,38.18,1634800503744,"2021-10-21T12:45:03+05:30"
34,50,62,28.51,37.14,1634800534341,"2021-10-21T12:45:34+05:30"
32,47,59,28.48,38.16,1634800565408,"2021-10-21T12:46:05+05:30"
31,47,60,28.49,39.2,1634800595500,"2021-10-21T12:46:35+05:30"
30,45,56,28.48,39.46,1634800626096,"2021-10-21T12:47:06+05:30"
28,43,53,28.49,36.7,1634800656668,"2021-10-21T12:47:36+05:30"
28,41,50,28.49,38.4,1634800687229,"2021-10-21T12:48:07+05:30"
28,42,55,28.49,38.84,1634800717819,"2021-10-21T12:48:37+05:30"
29,43,57,28.5,37.03,1634800748427,"2021-10-21T12:49:08+05:30"
26,40,52,28.46,35.82,1634800778992,"2021-10-21T12:49:38+05:30"
28,43,57,28.5,38.69,1634800809704,"2021-10-21T12:50:09+05:30"
28,43,52,28.54,40.01,1634800840292,"2021-10-21T12:50:40+05:30"
28,43,56,28.55,39.08,1634800870886,"2021-10-21T12:51:10+05:30"
28,43,53,28.51,39.05,1634800893166,"2021-10-21T12:51:33+05:30"
27,43,55,28.53,39.23,1634800923874,"2021-10-21T12:52:03+05:30"
27,42,54,28.54,38.18,1634800954445,"2021-10-21T12:52:34+05:30"
27,41,53,28.56,39.59,1634800985018,"2021-10-21T12:53:05+05:30"
28,41,57,28.49,38.92,1634801015621,"2021-10-21T12:53:35+05:30"
28,43,55,28.47,39.62,1634801046628,"2021-10-21T12:54:06+05:30"
28,45,59,28.45,37.74,1634801076797,"2021-10-21T12:54:36+05:30"
28,46,63,28.47,39.09,1634801107352,"2021-10-21T12:55:07+05:30"
28,44,58,28.49,38.04,1634801137959,"2021-10-21T12:55:37+05:30"
28,43,55,28.56,38.98,1634801168537,"2021-10-21T12:56:08+05:30"
27,42,52,28.59,37.99,1634801199105,"2021-10-21T12:56:39+05:30"
27,42,54,28.58,38.14,1634801229786,"2021-10-21T12:57:09+05:30"
27,40,51,28.57,36.93,1634801260706,"2021-10-21T12:57:40+05:30"
27,42,53,28.58,37.44,1634801291216,"2021-10-21T12:58:11+05:30"
25,38,49,28.59,35.24,1634801321441,"2021-10-21T12:58:41+05:30"
26,40,50,28.62,37.12,1634801352013,"2021-10-21T12:59:12+05:30"
26,39,49,28.6,36.98,1634801382830,"2021-10-21T12:59:42+05:30"
25,38,46,28.58,34.95,1634801413297,"2021-10-21T13:00:13+05:30"
24,37,47,28.61,36.75,1634801443776,"2021-10-21T13:00:43+05:30"
26,39,48,28.63,34.89,1634801474397,"2021-10-21T13:01:14+05:30"
27,41,51,28.59,35.11,1634801505298,"2021-10-21T13:01:45+05:30"
26,39,49,28.6,34.18,1634801535578,"2021-10-21T13:02:15+05:30"
25,36,46,28.64,34.68,1634801566167,"2021-10-21T13:02:46+05:30"
26,40,49,28.63,35.63,1634801596761,"2021-10-21T13:03:16+05:30"
30,47,59,28.68,36.1,1634801627461,"2021-10-21T13:03:47+05:30"
34,51,63,28.73,36.11,1634801657892,"2021-10-21T13:04:17+05:30"
126,197,216,28.74,35.51,1634801688821,"2021-10-21T13:04:48+05:30"
131,202,215,28.73,35.93,1634801719098,"2021-10-21T13:05:19+05:30"
77,113,122,28.7,36.36,1634801749697,"2021-10-21T13:05:49+05:30"
46,70,80,28.67,36.42,1634801783538,"2021-10-21T13:06:23+05:30"
34,51,65,28.62,36.04,1634801814117,"2021-10-21T13:06:54+05:30"
32,47,60,28.57,36.34,1634801844754,"2021-10-21T13:07:24+05:30"
31,47,60,28.63,37.05,1634801875268,"2021-10-21T13:07:55+05:30"
30,45,59,28.62,36.86,1634801905853,"2021-10-21T13:08:25+05:30"
34,52,64,28.64,36.18,1634801936442,"2021-10-21T13:08:56+05:30"
36,54,67,28.68,36.17,1634801967021,"2021-10-21T13:09:27+05:30"
31,48,61,28.75,34.87,1634801997587,"2021-10-21T13:09:57+05:30"
32,49,62,28.77,36.73,1634802028193,"2021-10-21T13:10:28+05:30"
32,49,62,28.8,36.97,1634802058775,"2021-10-21T13:10:58+05:30"
30,46,58,28.75,36.9,1634802089356,"2021-10-21T13:11:29+05:30"
32,49,61,28.77,37.81,1634802119918,"2021-10-21T13:11:59+05:30"
32,49,62,28.81,37.87,1634802150505,"2021-10-21T13:12:30+05:30"
32,46,60,28.7,37.33,1634802181070,"2021-10-21T13:13:01+05:30"
35,53,66,28.66,35.21,1634802211674,"2021-10-21T13:13:31+05:30"
33,49,64,28.55,36.23,1634802242230,"2021-10-21T13:14:02+05:30"
34,50,65,28.6,37.95,1634802272794,"2021-10-21T13:14:32+05:30"
35,51,65,28.58,37.78,1634802303410,"2021-10-21T13:15:03+05:30"
34,51,64,28.58,39.38,1634802334176,"2021-10-21T13:15:34+05:30"
33,49,63,28.53,40.27,1634802364568,"2021-10-21T13:16:04+05:30"
33,50,65,28.52,39.47,1634802395123,"2021-10-21T13:16:35+05:30"
31,48,62,28.52,38.64,1634802425733,"2021-10-21T13:17:05+05:30"
32,47,61,28.55,39.53,1634802456319,"2021-10-21T13:17:36+05:30"
32,48,63,28.57,38.64,1634802486910,"2021-10-21T13:18:06+05:30"
28,44,59,28.54,37.58,1634802517473,"2021-10-21T13:18:37+05:30"
28,44,56,28.61,36.74,1634802548055,"2021-10-21T13:19:08+05:30"
31,47,60,28.64,39.36,1634802578754,"2021-10-21T13:19:38+05:30"
31,48,62,28.6,39.62,1634802609211,"2021-10-21T13:20:09+05:30"
32,49,63,28.55,39.1,1634802639931,"2021-10-21T13:20:39+05:30"
29,45,61,28.61,37.1,1634802670389,"2021-10-21T13:21:10+05:30"
31,47,62,28.55,37.27,1634802693507,"2021-10-21T13:21:33+05:30"
29,45,59,28.51,37.03,1634802723988,"2021-10-21T13:22:03+05:30"
26,41,55,28.53,34.78,1634802754557,"2021-10-21T13:22:34+05:30"
28,44,59,28.56,36.29,1634802785125,"2021-10-21T13:23:05+05:30"
29,45,60,28.54,38.03,1634802815734,"2021-10-21T13:23:35+05:30"
29,45,58,28.55,38.98,1634802846337,"2021-10-21T13:24:06+05:30"
30,46,57,28.55,39.55,1634802876897,"2021-10-21T13:24:36+05:30"
32,50,66,28.52,40.18,1634802907786,"2021-10-21T13:25:07+05:30"
40,63,76,28.43,40.58,1634802938713,"2021-10-21T13:25:38+05:30"
43,63,75,28.4,40.62,1634802969126,"2021-10-21T13:26:09+05:30"
34,51,66,28.44,38.61,1634802999712,"2021-10-21T13:26:39+05:30"
31,45,57,28.49,36.99,1634803030294,"2021-10-21T13:27:10+05:30"
33,51,65,28.45,39.53,1634803060863,"2021-10-21T13:27:40+05:30"
34,51,67,28.37,40.08,1634803091460,"2021-10-21T13:28:11+05:30"
31,47,63,28.36,38.45,1634803122046,"2021-10-21T13:28:42+05:30"
31,47,62,28.37,37.39,1634803152674,"2021-10-21T13:29:12+05:30"
31,46,62,28.45,38.46,1634803183210,"2021-10-21T13:29:43+05:30"
29,45,58,28.54,38,1634803213800,"2021-10-21T13:30:13+05:30"
30,45,59,28.57,38.03,1634803244388,"2021-10-21T13:30:44+05:30"
28,44,55,28.6,36.78,1634803274953,"2021-10-21T13:31:14+05:30"
28,43,55,28.6,36.78,1634803305834,"2021-10-21T13:31:45+05:30"
28,43,55,28.6,36.78,1634803306614,"2021-10-21T13:31:46+05:30"
26,40,52,28.6,35.25,1634803336579,"2021-10-21T13:32:16+05:30"
28,43,56,28.63,36.22,1634803366854,"2021-10-21T13:32:46+05:30"
27,42,55,28.59,36.66,1634803397285,"2021-10-21T13:33:17+05:30"
27,43,55,28.63,37.21,1634803427899,"2021-10-21T13:33:47+05:30"
30,47,63,28.67,37.21,1634803458418,"2021-10-21T13:34:18+05:30"
29,43,56,28.7,37.73,1634803489003,"2021-10-21T13:34:49+05:30"
28,44,58,28.68,37.79,1634803519621,"2021-10-21T13:35:19+05:30"
29,46,62,28.64,39.19,1634803550683,"2021-10-21T13:35:50+05:30"
29,45,61,28.64,39.6,1634803584545,"2021-10-21T13:36:24+05:30"
27,44,56,28.71,38.96,1634803615118,"2021-10-21T13:36:55+05:30"
29,43,55,28.76,39.26,1634803645698,"2021-10-21T13:37:25+05:30"
28,45,58,28.76,37.58,1634803676546,"2021-10-21T13:37:56+05:30"
28,44,60,28.79,38.36,1634803706924,"2021-10-21T13:38:26+05:30"
27,41,54,28.83,36.54,1634803737518,"2021-10-21T13:38:57+05:30"
27,43,56,28.8,35.18,1634803768070,"2021-10-21T13:39:28+05:30"
27,42,56,28.85,36.6,1634803798689,"2021-10-21T13:39:58+05:30"
27,41,52,28.8,37.29,1634803829264,"2021-10-21T13:40:29+05:30"
27,42,52,28.81,37.92,1634803859856,"2021-10-21T13:40:59+05:30"
29,42,54,28.84,38.22,1634803890397,"2021-10-21T13:41:30+05:30"
26,42,53,28.84,35.82,1634803921017,"2021-10-21T13:42:01+05:30"
26,40,52,28.83,36.16,1634803951594,"2021-10-21T13:42:31+05:30"
26,41,51,28.88,34.87,1634803982176,"2021-10-21T13:43:02+05:30"
27,40,53,28.87,36.51,1634804012726,"2021-10-21T13:43:32+05:30"
26,41,52,28.91,34.82,1634804043350,"2021-10-21T13:44:03+05:30"
26,40,50,28.94,34.66,1634804073955,"2021-10-21T13:44:33+05:30"
26,41,53,28.89,34.48,1634804104502,"2021-10-21T13:45:04+05:30"
26,40,52,28.92,34.22,1634804135063,"2021-10-21T13:45:35+05:30"
26,40,51,28.94,34.55,1634804165660,"2021-10-21T13:46:05+05:30"
27,41,53,28.96,33.84,1634804196269,"2021-10-21T13:46:36+05:30"
29,42,55,28.97,34.71,1634804226878,"2021-10-21T13:47:06+05:30"
30,45,58,28.95,33.74,1634804257371,"2021-10-21T13:47:37+05:30"
31,47,61,28.95,33.65,1634804288060,"2021-10-21T13:48:08+05:30"
30,45,59,28.94,35.07,1634804318710,"2021-10-21T13:48:38+05:30"
36,55,70,28.82,36.43,1634804959771,"2021-10-21T13:59:19+05:30"
36,54,70,28.89,36.39,1634804980064,"2021-10-21T13:59:40+05:30"
32,50,65,28.99,34.6,1634805010654,"2021-10-21T14:00:10+05:30"
32,48,63,28.99,35.04,1634805041258,"2021-10-21T14:00:41+05:30"
32,49,63,28.98,34.84,1634805071827,"2021-10-21T14:01:11+05:30"
31,48,60,29.03,34.5,1634805102373,"2021-10-21T14:01:42+05:30"
30,46,60,29.02,34.14,1634805132978,"2021-10-21T14:02:12+05:30"
30,45,60,29.03,33.91,1634805163551,"2021-10-21T14:02:43+05:30"
28,42,56,29.04,33.15,1634805194123,"2021-10-21T14:03:14+05:30"
27,42,56,29.06,32.49,1634805224781,"2021-10-21T14:03:44+05:30"
28,42,54,29.06,32.84,1634805255357,"2021-10-21T14:04:15+05:30"
27,41,55,29.01,32.79,1634805285925,"2021-10-21T14:04:45+05:30"
32,51,68,29.01,33.67,1634805316496,"2021-10-21T14:05:16+05:30"
39,65,80,29.03,33.34,1634805347099,"2021-10-21T14:05:47+05:30"
34,57,75,29.07,32.58,1634805377684,"2021-10-21T14:06:17+05:30"
28,45,61,29.09,31.76,1634805408253,"2021-10-21T14:06:48+05:30"
29,45,61,29.05,32.65,1634805438819,"2021-10-21T14:07:18+05:30"
34,55,74,28.63,45.4,1634811982285,"2021-10-21T15:56:22+05:30"
33,53,72,28.61,45.76,1634811994518,"2021-10-21T15:56:34+05:30"
33,54,72,28.63,45.28,1634812023389,"2021-10-21T15:57:03+05:30"
31,50,70,28.63,44.31,1634812053968,"2021-10-21T15:57:33+05:30"
32,51,69,28.68,45.01,1634812084526,"2021-10-21T15:58:04+05:30"
31,49,66,28.62,45.33,1634812115113,"2021-10-21T15:58:35+05:30"
31,48,67,28.5,44.77,1634812145695,"2021-10-21T15:59:05+05:30"
32,50,68,28.56,45.92,1634812176366,"2021-10-21T15:59:36+05:30"
30,48,67,28.54,45.75,1634812206970,"2021-10-21T16:00:06+05:30"
30,48,64,28.47,46.16,1634812237541,"2021-10-21T16:00:37+05:30"
30,48,64,28.47,46.43,1634812268120,"2021-10-21T16:01:08+05:30"
31,49,64,28.54,46.41,1634812298711,"2021-10-21T16:01:38+05:30"
31,48,64,28.54,46.32,1634812329268,"2021-10-21T16:02:09+05:30"
31,49,66,28.59,45.46,1634812359873,"2021-10-21T16:02:39+05:30"
31,50,67,28.59,44.92,1634812390461,"2021-10-21T16:03:10+05:30"
33,53,71,28.59,46.32,1634812421027,"2021-10-21T16:03:41+05:30"
168,241,256,28.53,45.28,1634812451615,"2021-10-21T16:04:11+05:30"
111,159,174,28.51,45.66,1634812482258,"2021-10-21T16:04:42+05:30"
67,98,113,28.56,43.2,1634812512752,"2021-10-21T16:05:12+05:30"
53,79,87,28.63,45.3,1634812543333,"2021-10-21T16:05:43+05:30"
43,64,76,28.7,42.85,1634812573916,"2021-10-21T16:06:13+05:30"
41,62,77,28.81,44.21,1634812604477,"2021-10-21T16:06:44+05:30"
37,58,72,28.79,43.2,1634812635075,"2021-10-21T16:07:15+05:30"
36,55,71,28.78,43.35,1634812665663,"2021-10-21T16:07:45+05:30"
39,57,71,28.78,42.63,1634812696474,"2021-10-21T16:08:16+05:30"
36,54,69,28.75,43.3,1634812726807,"2021-10-21T16:08:46+05:30"
44,64,74,28.86,45.24,1634812757407,"2021-10-21T16:09:17+05:30"
41,62,75,28.87,45.02,1634812788021,"2021-10-21T16:09:48+05:30"
39,62,77,28.79,44.79,1634812818587,"2021-10-21T16:10:18+05:30"
38,59,73,28.77,43.25,1634812849133,"2021-10-21T16:10:49+05:30"
37,59,77,28.77,43.3,1634812882292,"2021-10-21T16:11:22+05:30"
39,61,74,28.79,43.12,1634812912868,"2021-10-21T16:11:52+05:30"
35,53,69,28.74,41.76,1634812943469,"2021-10-21T16:12:23+05:30"
37,55,72,28.82,44.14,1634812974015,"2021-10-21T16:12:54+05:30"
39,60,75,28.84,44.33,1634813004601,"2021-10-21T16:13:24+05:30"
39,64,77,28.79,42.76,1634813035193,"2021-10-21T16:13:55+05:30"
36,56,72,28.79,39.89,1634813066109,"2021-10-21T16:14:26+05:30"
35,54,70,28.84,41.95,1634813096610,"2021-10-21T16:14:56+05:30"
34,53,67,28.78,41.7,1634813117109,"2021-10-21T16:15:17+05:30"
32,50,67,28.83,40.1,1634813147751,"2021-10-21T16:15:47+05:30"
33,50,66,28.91,41.92,1634813178330,"2021-10-21T16:16:18+05:30"
35,55,69,28.89,43.9,1634813208913,"2021-10-21T16:16:48+05:30"
36,55,72,28.85,44.18,1634813264866,"2021-10-21T16:17:44+05:30"
37,56,72,28.75,44.96,1634813343618,"2021-10-21T16:19:03+05:30"
36,57,72,28.7,45.01,1634813374561,"2021-10-21T16:19:34+05:30"
35,54,70,28.72,42.32,1634813404913,"2021-10-21T16:20:04+05:30"
32,49,65,28.77,41.45,1634813435458,"2021-10-21T16:20:35+05:30"
33,51,68,28.89,44.36,1634813466253,"2021-10-21T16:21:06+05:30"
33,50,66,28.8,42.9,1634813496619,"2021-10-21T16:21:36+05:30"
34,51,67,28.8,44.72,1634813527216,"2021-10-21T16:22:07+05:30"
34,51,68,28.84,45.56,1634813557789,"2021-10-21T16:22:37+05:30"
34,52,68,28.77,44.46,1634813588345,"2021-10-21T16:23:08+05:30"
33,51,70,28.74,45.01,1634813620379,"2021-10-21T16:23:40+05:30"
33,50,67,28.66,44.31,1634813649562,"2021-10-21T16:24:09+05:30"
33,52,68,28.62,45.13,1634813680146,"2021-10-21T16:24:40+05:30"
33,52,68,28.7,45.38,1634813710734,"2021-10-21T16:25:10+05:30"
34,53,70,28.59,44.84,1634813741326,"2021-10-21T16:25:41+05:30"
32,52,68,28.51,44.38,1634813771904,"2021-10-21T16:26:11+05:30"
30,47,63,28.53,41.82,1634813802444,"2021-10-21T16:26:42+05:30"
31,49,65,28.56,44.22,1634813833018,"2021-10-21T16:27:13+05:30"
32,51,67,28.57,44.96,1634813863610,"2021-10-21T16:27:43+05:30"
32,49,66,28.57,45.07,1634813894217,"2021-10-21T16:28:14+05:30"
32,50,67,28.53,45.09,1634813924825,"2021-10-21T16:28:44+05:30"
32,50,66,28.54,46.04,1634813955341,"2021-10-21T16:29:15+05:30"
32,51,71,28.51,46.13,1634813985947,"2021-10-21T16:29:45+05:30"
31,48,66,28.53,43.49,1634814016530,"2021-10-21T16:30:16+05:30"
30,47,62,28.62,42.1,1634814047184,"2021-10-21T16:30:47+05:30"
31,49,65,28.68,44.16,1634814078052,"2021-10-21T16:31:18+05:30"
30,46,62,28.71,41.58,1634814108331,"2021-10-21T16:31:48+05:30"
30,47,60,28.79,44.45,1634814138910,"2021-10-21T16:32:18+05:30"
31,48,63,28.78,43.96,1634814169512,"2021-10-21T16:32:49+05:30"
31,48,64,28.79,44.37,1634814200106,"2021-10-21T16:33:20+05:30"
31,48,64,28.72,44.24,1634814230653,"2021-10-21T16:33:50+05:30"
32,51,69,28.7,44.79,1634814261251,"2021-10-21T16:34:21+05:30"
31,49,66,28.73,44.78,1634814287279,"2021-10-21T16:34:47+05:30"
32,49,66,28.72,44.08,1634814318259,"2021-10-21T16:35:18+05:30"
31,50,68,28.76,45,1634814348800,"2021-10-21T16:35:48+05:30"
31,49,64,28.77,45.21,1634814379691,"2021-10-21T16:36:19+05:30"
31,48,62,28.76,43.81,1634814410265,"2021-10-21T16:36:50+05:30"
30,46,61,28.73,41.22,1634814440891,"2021-10-21T16:37:20+05:30"
29,45,57,28.89,41.07,1634814471485,"2021-10-21T16:37:51+05:30"
29,44,56,28.97,40.38,1634814502031,"2021-10-21T16:38:22+05:30"
30,46,63,29.05,43.76,1634814532577,"2021-10-21T16:38:52+05:30"
30,45,58,29.05,44.29,1634814563190,"2021-10-21T16:39:23+05:30"
30,47,63,28.99,44.16,1634814593773,"2021-10-21T16:39:53+05:30"
30,46,63,28.95,43.98,1634814624348,"2021-10-21T16:40:24+05:30"
30,45,59,28.95,44.75,1634814654918,"2021-10-21T16:40:54+05:30"
30,47,62,28.88,44.85,1634814685524,"2021-10-21T16:41:25+05:30"
30,46,59,28.89,45.2,1634814716096,"2021-10-21T16:41:56+05:30"
30,46,62,28.88,45.57,1634814747020,"2021-10-21T16:42:27+05:30"
31,48,62,28.88,45.15,1634814777359,"2021-10-21T16:42:57+05:30"
31,48,63,28.91,44.82,1634814807920,"2021-10-21T16:43:27+05:30"
31,48,63,28.93,44.7,1634814838512,"2021-10-21T16:43:58+05:30"
30,47,64,28.86,44.65,1634814869099,"2021-10-21T16:44:29+05:30"
30,49,66,28.85,44.47,1634814899652,"2021-10-21T16:44:59+05:30"
30,48,63,28.89,44.95,1634814930237,"2021-10-21T16:45:30+05:30"
32,50,65,28.89,45.77,1634814960801,"2021-10-21T16:46:00+05:30"
30,47,62,28.94,46.37,1634814991436,"2021-10-21T16:46:31+05:30"
30,46,61,28.93,45.99,1634815022010,"2021-10-21T16:47:02+05:30"
30,46,62,28.83,44.37,1634815052569,"2021-10-21T16:47:32+05:30"
31,46,62,28.84,45.56,1634815080742,"2021-10-21T16:48:00+05:30"
32,49,64,28.83,45.36,1634815110839,"2021-10-21T16:48:30+05:30"
31,49,62,28.86,45.98,1634815141425,"2021-10-21T16:49:01+05:30"
30,46,58,28.89,46.45,1634815172119,"2021-10-21T16:49:32+05:30"
30,46,62,28.88,46.12,1634815202603,"2021-10-21T16:50:02+05:30"
32,49,65,28.85,46.72,1634815233217,"2021-10-21T16:50:33+05:30"
32,50,66,28.83,46.7,1634815263763,"2021-10-21T16:51:03+05:30"
32,49,65,28.84,47.03,1634815295099,"2021-10-21T16:51:35+05:30"
33,51,68,28.85,46.98,1634815325192,"2021-10-21T16:52:05+05:30"
33,52,69,28.82,47.54,1634815355753,"2021-10-21T16:52:35+05:30"
32,51,67,28.86,47.15,1634815386363,"2021-10-21T16:53:06+05:30"
32,51,67,28.88,46.68,1634815416992,"2021-10-21T16:53:36+05:30"
32,50,68,28.88,46.48,1634815447518,"2021-10-21T16:54:07+05:30"
32,49,66,28.84,46.55,1634815478092,"2021-10-21T16:54:38+05:30"
32,50,69,28.82,46.61,1634815508698,"2021-10-21T16:55:08+05:30"
32,50,67,28.84,46.62,1634815539272,"2021-10-21T16:55:39+05:30"
33,54,71,28.78,46.64,1634815569850,"2021-10-21T16:56:09+05:30"
32,50,68,28.79,46.73,1634815600412,"2021-10-21T16:56:40+05:30"
32,50,67,28.79,47.18,1634815631029,"2021-10-21T16:57:11+05:30"
32,50,66,28.75,47.34,1634815661603,"2021-10-21T16:57:41+05:30"
32,49,66,28.72,47.19,1634815692180,"2021-10-21T16:58:12+05:30"
31,51,69,28.62,47.52,1634815722741,"2021-10-21T16:58:42+05:30"
31,50,67,28.62,47.77,1634815753373,"2021-10-21T16:59:13+05:30"
31,49,66,28.57,47.94,1634815783933,"2021-10-21T16:59:43+05:30"
31,49,66,28.56,47.91,1634815814502,"2021-10-21T17:00:14+05:30"
32,49,66,28.6,47.94,1634815845065,"2021-10-21T17:00:45+05:30"
33,52,69,28.63,48.1,1634815875677,"2021-10-21T17:01:15+05:30"
33,53,70,28.62,47.91,1634815906264,"2021-10-21T17:01:46+05:30"
33,52,68,28.6,47.78,1634815936868,"2021-10-21T17:02:16+05:30"
33,52,69,28.54,47.91,1634815967405,"2021-10-21T17:02:47+05:30"
34,59,75,28.51,48.34,1634815998000,"2021-10-21T17:03:18+05:30"
32,54,76,28.48,47.57,1634816028606,"2021-10-21T17:03:48+05:30"
33,51,71,28.44,48.21,1634816059165,"2021-10-21T17:04:19+05:30"
33,53,73,28.47,47.82,1634816089755,"2021-10-21T17:04:49+05:30"
35,56,73,28.47,47.88,1634816120465,"2021-10-21T17:05:20+05:30"
34,54,73,28.48,48.08,1634816150926,"2021-10-21T17:05:50+05:30"
33,52,70,28.47,48.52,1634816179989,"2021-10-21T17:06:19+05:30"
34,52,69,28.5,48.1,1634816210720,"2021-10-21T17:06:50+05:30"
34,55,72,28.54,48.03,1634816241756,"2021-10-21T17:07:21+05:30"
34,52,68,28.51,48,1634816272413,"2021-10-21T17:07:52+05:30"
34,54,70,28.47,48.18,1634816303523,"2021-10-21T17:08:23+05:30"
34,52,72,28.48,48.53,1634816333889,"2021-10-21T17:08:53+05:30"
34,54,70,28.5,48.57,1634816364698,"2021-10-21T17:09:24+05:30"
34,54,72,28.47,48.4,1634816395398,"2021-10-21T17:09:55+05:30"
34,54,71,28.47,48.89,1634816425974,"2021-10-21T17:10:25+05:30"
35,55,71,28.52,48.49,1634816456538,"2021-10-21T17:10:56+05:30"
33,52,69,28.57,48.8,1634816487103,"2021-10-21T17:11:27+05:30"
34,52,68,28.54,48.85,1634816517696,"2021-10-21T17:11:57+05:30"
34,51,69,28.5,48.69,1634816548271,"2021-10-21T17:12:28+05:30"
34,54,72,28.46,48.5,1634816578843,"2021-10-21T17:12:58+05:30"
34,53,71,28.46,48.33,1634816609816,"2021-10-21T17:13:29+05:30"
33,52,73,28.47,48.13,1634816640139,"2021-10-21T17:14:00+05:30"
33,54,71,28.47,48.43,1634816670603,"2021-10-21T17:14:30+05:30"
33,51,69,28.47,48.84,1634816701217,"2021-10-21T17:15:01+05:30"
33,53,71,28.4,49.37,1634816731792,"2021-10-21T17:15:31+05:30"
32,51,70,28.4,49.74,1634816762518,"2021-10-21T17:16:02+05:30"
36,57,73,28.46,49.81,1634816792917,"2021-10-21T17:16:32+05:30"
35,57,72,28.5,49.98,1634816823510,"2021-10-21T17:17:03+05:30"
33,52,68,28.55,49.69,1634816854090,"2021-10-21T17:17:34+05:30"
34,53,71,28.55,49.22,1634816884656,"2021-10-21T17:18:04+05:30"
34,52,68,28.54,49.1,1634816915246,"2021-10-21T17:18:35+05:30"
34,51,70,28.55,49.52,1634816945834,"2021-10-21T17:19:05+05:30"
33,50,68,28.53,49.34,1634816976410,"2021-10-21T17:19:36+05:30"
33,50,67,28.55,49.53,1634817006972,"2021-10-21T17:20:06+05:30"
33,51,65,28.54,49.75,1634817037585,"2021-10-21T17:20:37+05:30"
32,49,64,28.53,49.89,1634817096514,"2021-10-21T17:21:36+05:30"
32,51,67,28.49,49.99,1634817127077,"2021-10-21T17:22:07+05:30"
32,51,67,28.43,49.79,1634817157675,"2021-10-21T17:22:37+05:30"
34,65,100,28.4,49.82,1634817188245,"2021-10-21T17:23:08+05:30"
41,97,177,28.39,49.86,1634817218913,"2021-10-21T17:23:38+05:30"
38,80,134,28.38,49.82,1634817249505,"2021-10-21T17:24:09+05:30"
33,62,88,28.33,49.78,1634817280105,"2021-10-21T17:24:40+05:30"
34,55,74,28.25,50.18,1634817310670,"2021-10-21T17:25:10+05:30"
33,58,78,28.28,50.3,1634817341261,"2021-10-21T17:25:41+05:30"
33,59,77,28.32,50.24,1634817371831,"2021-10-21T17:26:11+05:30"
31,51,71,28.34,50.23,1634817402398,"2021-10-21T17:26:42+05:30"
33,56,75,28.32,50.43,1634817432992,"2021-10-21T17:27:12+05:30"
32,51,71,28.35,50.43,1634817463594,"2021-10-21T17:27:43+05:30"
31,50,67,28.34,50.66,1634817494163,"2021-10-21T17:28:14+05:30"
32,51,67,28.32,50.59,1634817524738,"2021-10-21T17:28:44+05:30"
32,50,68,28.24,50.41,1634817555335,"2021-10-21T17:29:15+05:30"
32,51,71,28.2,50.91,1634817585928,"2021-10-21T17:29:45+05:30"
33,53,71,28.21,51.16,1634817616490,"2021-10-21T17:30:16+05:30"
33,50,67,28.22,51.19,1634817647060,"2021-10-21T17:30:47+05:30"
33,51,68,28.27,51.14,1634817677663,"2021-10-21T17:31:17+05:30"
31,49,67,28.28,51.28,1634817708249,"2021-10-21T17:31:48+05:30"
31,49,67,28.23,51.46,1634817738828,"2021-10-21T17:32:18+05:30"
31,49,65,28.19,51.52,1634817769399,"2021-10-21T17:32:49+05:30"
31,49,67,28.2,51.35,1634817800122,"2021-10-21T17:33:20+05:30"
32,50,65,28.18,51.08,1634817830564,"2021-10-21T17:33:50+05:30"
33,50,69,28.18,50.85,1634817861202,"2021-10-21T17:34:21+05:30"
32,50,68,28.2,50.83,1634817891868,"2021-10-21T17:34:51+05:30"
34,54,70,28.18,51.12,1634817922287,"2021-10-21T17:35:22+05:30"
33,53,72,28.18,51.27,1634817952925,"2021-10-21T17:35:52+05:30"
34,52,69,28.19,51.2,1634817980167,"2021-10-21T17:36:20+05:30"
35,55,72,28.16,51.08,1634818010743,"2021-10-21T17:36:50+05:30"
34,54,69,28.15,51.31,1634818041333,"2021-10-21T17:37:21+05:30"
34,53,68,28.2,51.1,1634818071940,"2021-10-21T17:37:51+05:30"
35,55,71,28.24,50.79,1634818102481,"2021-10-21T17:38:22+05:30"
35,55,71,28.25,51.02,1634818133348,"2021-10-21T17:38:53+05:30"
35,56,73,28.28,51.09,1634818163686,"2021-10-21T17:39:23+05:30"
34,54,72,28.26,50.94,1634818194223,"2021-10-21T17:39:54+05:30"
35,58,75,28.24,51.13,1634818224809,"2021-10-21T17:40:24+05:30"
35,54,72,28.25,51.29,1634818255438,"2021-10-21T17:40:55+05:30"
36,56,71,28.27,51.38,1634818285982,"2021-10-21T17:41:25+05:30"
36,60,74,28.28,51.35,1634818316569,"2021-10-21T17:41:56+05:30"
34,56,73,28.3,51.45,1634818347182,"2021-10-21T17:42:27+05:30"
35,55,72,28.31,51.29,1634818377725,"2021-10-21T17:42:57+05:30"
36,57,74,28.43,51.25,1634818439472,"2021-10-21T17:43:59+05:30"
34,54,72,28.37,51.39,1634818440656,"2021-10-21T17:44:00+05:30"
33,53,71,28.43,51.64,1634818469482,"2021-10-21T17:44:29+05:30"
34,54,68,28.45,51.9,1634818500067,"2021-10-21T17:45:00+05:30"
34,52,68,28.45,52.3,1634818530693,"2021-10-21T17:45:30+05:30"
34,52,69,28.4,52.69,1634818561221,"2021-10-21T17:46:01+05:30"
35,54,71,28.39,52.79,1634818591780,"2021-10-21T17:46:31+05:30"
34,53,70,28.44,52.62,1634818622397,"2021-10-21T17:47:02+05:30"
36,56,73,28.47,52.47,1634818652985,"2021-10-21T17:47:32+05:30"
34,53,70,28.46,52.57,1634818683560,"2021-10-21T17:48:03+05:30"
34,55,71,28.46,52.8,1634818714220,"2021-10-21T17:48:34+05:30"
34,53,69,28.46,53.02,1634818744726,"2021-10-21T17:49:04+05:30"
35,54,70,28.45,53.05,1634818775308,"2021-10-21T17:49:35+05:30"
35,55,72,28.44,53.29,1634818806400,"2021-10-21T17:50:06+05:30"
35,57,73,28.44,53.07,1634818836460,"2021-10-21T17:50:36+05:30"
37,56,72,28.48,53.26,1634818867053,"2021-10-21T17:51:07+05:30"
48,74,84,28.46,53.11,1634818897309,"2021-10-21T17:51:37+05:30"
54,80,92,28.46,53.44,1634818927397,"2021-10-21T17:52:07+05:30"
46,70,77,28.47,53.79,1634818958004,"2021-10-21T17:52:38+05:30"
46,69,82,28.44,53.46,1634818988601,"2021-10-21T17:53:08+05:30"
48,72,79,28.44,54.21,1634819019273,"2021-10-21T17:53:39+05:30"
46,67,78,28.47,54.1,1634819049798,"2021-10-21T17:54:09+05:30"
59,89,100,28.49,54.07,1634819080366,"2021-10-21T17:54:40+05:30"
83,123,135,28.46,54.12,1634819110965,"2021-10-21T17:55:10+05:30"
82,120,132,28.48,54.4,1634819141554,"2021-10-21T17:55:41+05:30"
80,115,125,28.52,54.2,1634819172132,"2021-10-21T17:56:12+05:30"
71,102,119,28.5,54.46,1634819202705,"2021-10-21T17:56:42+05:30"
75,116,134,28.54,55.13,1634819233298,"2021-10-21T17:57:13+05:30"
69,103,114,28.58,54.67,1634819263887,"2021-10-21T17:57:43+05:30"
73,113,127,28.58,54.54,1634819294455,"2021-10-21T17:58:14+05:30"
81,122,140,28.58,54.41,1634819325033,"2021-10-21T17:58:45+05:30"
80,119,132,28.57,54.59,1634819355628,"2021-10-21T17:59:15+05:30"
80,123,140,28.57,54.95,1634819386212,"2021-10-21T17:59:46+05:30"
102,167,188,28.58,54.87,1634819416793,"2021-10-21T18:00:16+05:30"
119,192,218,28.56,54.29,1634819447370,"2021-10-21T18:00:47+05:30"
119,185,206,28.5,53.81,1634819477960,"2021-10-21T18:01:17+05:30"
114,171,189,28.46,53.99,1634819508563,"2021-10-21T18:01:48+05:30"
112,173,187,28.42,53.94,1634819539145,"2021-10-21T18:02:19+05:30"
109,167,182,28.37,54.04,1634819569769,"2021-10-21T18:02:49+05:30"
107,166,185,28.33,54.06,1634819600335,"2021-10-21T18:03:20+05:30"
107,165,184,28.31,54.16,1634819630920,"2021-10-21T18:03:50+05:30"
105,169,183,28.28,54.33,1634819661514,"2021-10-21T18:04:21+05:30"
103,164,186,28.27,54.32,1634819692156,"2021-10-21T18:04:52+05:30"
99,155,178,28.25,54.4,1634819722797,"2021-10-21T18:05:22+05:30"
91,145,163,28.19,55.12,1634819753596,"2021-10-21T18:05:53+05:30"
103,168,195,28.1,55.38,1634819804478,"2021-10-21T18:06:44+05:30"
102,168,190,28.16,55.78,1634819834709,"2021-10-21T18:07:14+05:30"
109,172,196,28.21,55.92,1634819865282,"2021-10-21T18:07:45+05:30"
107,171,200,28.27,55.34,1634819895857,"2021-10-21T18:08:15+05:30"
103,166,188,28.33,55.12,1634819926457,"2021-10-21T18:08:46+05:30"
101,161,188,28.37,55.32,1634819957064,"2021-10-21T18:09:17+05:30"
101,160,183,28.41,55.38,1634819987724,"2021-10-21T18:09:47+05:30"
103,161,182,28.41,55.26,1634820018236,"2021-10-21T18:10:18+05:30"
100,157,185,28.41,55.43,1634820048856,"2021-10-21T18:10:48+05:30"
100,156,177,28.41,55.73,1634820079527,"2021-10-21T18:11:19+05:30"
103,162,185,28.44,55.78,1634820110031,"2021-10-21T18:11:50+05:30"
99,157,175,28.42,55.81,1634820140617,"2021-10-21T18:12:20+05:30"
98,158,182,28.45,56.04,1634820171199,"2021-10-21T18:12:51+05:30"
103,171,190,28.48,55.99,1634820201800,"2021-10-21T18:13:21+05:30"
115,188,208,28.49,55.86,1634820232431,"2021-10-21T18:13:52+05:30"
113,181,207,28.51,56.13,1634820262958,"2021-10-21T18:14:22+05:30"
108,170,201,28.54,56.04,1634820293527,"2021-10-21T18:14:53+05:30"
111,177,197,28.53,55.96,1634820324168,"2021-10-21T18:15:24+05:30"
114,176,200,28.48,56.19,1634820354728,"2021-10-21T18:15:54+05:30"
115,179,199,28.49,56.37,1634820385310,"2021-10-21T18:16:25+05:30"
118,181,200,28.52,56.45,1634820415910,"2021-10-21T18:16:55+05:30"
123,188,206,28.55,56,1634820446519,"2021-10-21T18:17:26+05:30"
126,197,217,28.52,55.85,1634820477119,"2021-10-21T18:17:57+05:30"
132,203,226,28.53,55.69,1634820507696,"2021-10-21T18:18:27+05:30"
126,199,221,28.51,55.6,1634820538281,"2021-10-21T18:18:58+05:30"
127,203,229,28.47,55.75,1634820568868,"2021-10-21T18:19:28+05:30"
119,191,218,28.43,56.04,1634820599468,"2021-10-21T18:19:59+05:30"
119,186,210,28.38,56.04,1634820630069,"2021-10-21T18:20:30+05:30"
123,192,218,28.38,56.2,1634820660658,"2021-10-21T18:21:00+05:30"
122,195,218,28.41,55.84,1634820686798,"2021-10-21T18:21:26+05:30"
116,187,212,28.42,55.73,1634820717390,"2021-10-21T18:21:57+05:30"
104,168,190,28.44,55.59,1634820747976,"2021-10-21T18:22:27+05:30"
98,159,184,28.41,55.86,1634820778569,"2021-10-21T18:22:58+05:30"
101,165,186,28.4,55.86,1634820809248,"2021-10-21T18:23:29+05:30"
97,159,185,28.38,55.42,1634820839856,"2021-10-21T18:23:59+05:30"
98,161,181,28.29,55.83,1634820870318,"2021-10-21T18:24:30+05:30"
101,165,183,28.34,55.6,1634820901796,"2021-10-21T18:25:01+05:30"
99,162,183,28.3,56.08,1634820931664,"2021-10-21T18:25:31+05:30"
97,158,178,28.4,55.83,1634820962100,"2021-10-21T18:26:02+05:30"
99,158,177,28.44,56,1634820992653,"2021-10-21T18:26:32+05:30"
99,158,181,28.5,56.02,1634821023235,"2021-10-21T18:27:03+05:30"
101,161,183,28.57,55.44,1634821053826,"2021-10-21T18:27:33+05:30"
99,158,179,28.58,55.29,1634821084422,"2021-10-21T18:28:04+05:30"
95,154,173,28.56,55.19,1634821114977,"2021-10-21T18:28:34+05:30"
93,148,168,28.51,54.54,1634821145713,"2021-10-21T18:29:05+05:30"
89,148,168,28.48,54.79,1634821176300,"2021-10-21T18:29:36+05:30"
92,145,166,28.48,55.46,1634821206879,"2021-10-21T18:30:06+05:30"
93,150,174,28.47,54.75,1634821237442,"2021-10-21T18:30:37+05:30"
92,147,166,28.5,55.24,1634821268070,"2021-10-21T18:31:08+05:30"
92,145,162,28.51,55.26,1634821298969,"2021-10-21T18:31:38+05:30"
91,147,168,28.54,55.24,1634821329208,"2021-10-21T18:32:09+05:30"
91,146,167,28.54,55.24,1634821359816,"2021-10-21T18:32:39+05:30"
93,146,168,28.55,55.15,1634821390345,"2021-10-21T18:33:10+05:30"
93,149,175,28.51,55.04,1634821421143,"2021-10-21T18:33:41+05:30"
96,151,168,28.51,55.34,1634821451634,"2021-10-21T18:34:11+05:30"
97,154,172,28.5,55.32,1634821482213,"2021-10-21T18:34:42+05:30"
96,147,167,28.48,55.39,1634821512879,"2021-10-21T18:35:12+05:30"
96,151,169,28.48,55.73,1634821543886,"2021-10-21T18:35:43+05:30"
97,151,170,28.5,55.69,1634821579230,"2021-10-21T18:36:19+05:30"
95,149,168,28.5,55.53,1634821609498,"2021-10-21T18:36:49+05:30"
97,149,169,28.48,55.14,1634821640137,"2021-10-21T18:37:20+05:30"
98,151,173,28.44,54.8,1634821670655,"2021-10-21T18:37:50+05:30"
98,154,175,28.44,54.89,1634821701232,"2021-10-21T18:38:21+05:30"
95,152,168,28.44,54.69,1634821731829,"2021-10-21T18:38:51+05:30"
97,153,171,28.48,54.54,1634821762454,"2021-10-21T18:39:22+05:30"
100,155,175,28.47,54.46,1634821792985,"2021-10-21T18:39:52+05:30"
98,152,169,28.45,54.49,1634821823578,"2021-10-21T18:40:23+05:30"
95,152,171,28.45,54.71,1634821854217,"2021-10-21T18:40:54+05:30"
98,151,172,28.4,54.46,1634821884807,"2021-10-21T18:41:24+05:30"
103,161,182,28.35,54.62,1634821915389,"2021-10-21T18:41:55+05:30"
99,162,181,28.33,54.91,1634821946118,"2021-10-21T18:42:26+05:30"
100,155,175,28.33,54.86,1634821976672,"2021-10-21T18:42:56+05:30"
100,156,176,28.35,54.53,1634822007252,"2021-10-21T18:43:27+05:30"
100,160,182,28.28,54.66,1634822037841,"2021-10-21T18:43:57+05:30"
98,156,175,28.27,54.94,1634822068743,"2021-10-21T18:44:28+05:30"
96,152,167,28.27,54.88,1634822099021,"2021-10-21T18:44:59+05:30"
96,154,174,28.28,55.04,1634822129695,"2021-10-21T18:45:29+05:30"
96,152,168,28.29,55.01,1634822160199,"2021-10-21T18:46:00+05:30"
96,152,168,28.3,55.73,1634822190753,"2021-10-21T18:46:30+05:30"
94,150,168,28.33,56.25,1634822221361,"2021-10-21T18:47:01+05:30"
95,157,179,28.34,56.13,1634822251900,"2021-10-21T18:47:31+05:30"
97,154,178,28.33,56.59,1634822282510,"2021-10-21T18:48:02+05:30"
96,159,182,28.28,56.6,1634822313112,"2021-10-21T18:48:33+05:30"
104,165,187,28.26,56.44,1634822343680,"2021-10-21T18:49:03+05:30"
99,158,176,28.27,55.77,1634822374393,"2021-10-21T18:49:34+05:30"
97,157,181,28.32,55.67,1634822405186,"2021-10-21T18:50:05+05:30"
93,147,169,28.35,54.97,1634822436037,"2021-10-21T18:50:36+05:30"
89,144,161,28.38,54.71,1634822457028,"2021-10-21T18:50:57+05:30"
90,141,162,28.42,54.55,1634822487282,"2021-10-21T18:51:27+05:30"
91,147,164,28.44,54.61,1634822517544,"2021-10-21T18:51:57+05:30"
92,148,166,28.45,54.71,1634822548454,"2021-10-21T18:52:28+05:30"
92,147,165,28.45,54.68,1634822578710,"2021-10-21T18:52:58+05:30"
99,154,178,28.39,54.44,1634822609284,"2021-10-21T18:53:29+05:30"
101,155,173,28.34,54.74,1634822640277,"2021-10-21T18:54:00+05:30"
97,159,178,28.37,54.8,1634822670482,"2021-10-21T18:54:30+05:30"
100,158,180,28.35,54.8,1634822701119,"2021-10-21T18:55:01+05:30"
100,162,178,28.34,54.97,1634822731682,"2021-10-21T18:55:31+05:30"
103,168,195,28.33,54.87,1634822762344,"2021-10-21T18:56:02+05:30"
100,166,184,28.35,55.13,1634822793097,"2021-10-21T18:56:33+05:30"
103,162,178,28.35,54.93,1634822823698,"2021-10-21T18:57:03+05:30"
101,165,190,28.36,55.08,1634822854270,"2021-10-21T18:57:34+05:30"
102,164,188,28.35,55.1,1634822884869,"2021-10-21T18:58:04+05:30"
103,167,190,28.31,55.19,1634822915465,"2021-10-21T18:58:35+05:30"
104,166,185,28.33,55.13,1634822946054,"2021-10-21T18:59:06+05:30"
105,165,188,28.28,55.14,1634822976637,"2021-10-21T18:59:36+05:30"
107,173,191,28.23,55.2,1634823007226,"2021-10-21T19:00:07+05:30"
108,177,203,28.19,55.14,1634823037864,"2021-10-21T19:00:37+05:30"
107,171,191,28.17,55.65,1634823068427,"2021-10-21T19:01:08+05:30"
104,171,192,28.21,55.8,1634823099017,"2021-10-21T19:01:39+05:30"
109,175,200,28.26,55.91,1634823129647,"2021-10-21T19:02:09+05:30"
107,170,195,28.29,55.97,1634823160232,"2021-10-21T19:02:40+05:30"
106,170,192,28.35,55.88,1634823190796,"2021-10-21T19:03:10+05:30"
106,171,191,28.34,55.77,1634823221401,"2021-10-21T19:03:41+05:30"
106,170,192,28.34,55.67,1634823252309,"2021-10-21T19:04:12+05:30"
105,168,194,28.34,55.61,1634823282817,"2021-10-21T19:04:42+05:30"
106,169,189,28.34,55.72,1634823313211,"2021-10-21T19:05:13+05:30"
105,170,189,28.36,55.64,1634823343767,"2021-10-21T19:05:43+05:30"
104,168,186,28.33,55.44,1634823380680,"2021-10-21T19:06:20+05:30"
103,165,186,28.33,55.65,1634823410924,"2021-10-21T19:06:50+05:30"
107,169,191,28.35,56.01,1634823441515,"2021-10-21T19:07:21+05:30"
104,166,192,28.33,55.84,1634823472113,"2021-10-21T19:07:52+05:30"
108,173,199,28.35,55.56,1634823502695,"2021-10-21T19:08:22+05:30"
111,180,205,28.35,55.35,1634823533305,"2021-10-21T19:08:53+05:30"
106,169,183,28.37,55.64,1634823563899,"2021-10-21T19:09:23+05:30"
104,165,185,28.41,55.64,1634823594529,"2021-10-21T19:09:54+05:30"
100,157,175,28.4,55.52,1634823626098,"2021-10-21T19:10:26+05:30"
99,157,178,28.43,55.51,1634823655673,"2021-10-21T19:10:55+05:30"
94,149,165,28.43,54.69,1634823686534,"2021-10-21T19:11:26+05:30"
94,149,169,28.41,54.82,1634823716882,"2021-10-21T19:11:56+05:30"
92,147,164,28.38,54.55,1634823747460,"2021-10-21T19:12:27+05:30"
96,153,179,28.38,54.7,1634823778063,"2021-10-21T19:12:58+05:30"
97,154,170,28.37,54.66,1634823808658,"2021-10-21T19:13:28+05:30"
97,156,174,28.36,54.55,1634823839225,"2021-10-21T19:13:59+05:30"
100,159,177,28.33,55.05,1634823869886,"2021-10-21T19:14:29+05:30"
99,156,174,28.32,55.08,1634823900418,"2021-10-21T19:15:00+05:30"
102,163,182,28.28,54.33,1634823931018,"2021-10-21T19:15:31+05:30"
100,159,183,28.27,54.5,1634823961769,"2021-10-21T19:16:01+05:30"
95,150,168,28.24,54.27,1634823997272,"2021-10-21T19:16:37+05:30"
95,150,168,28.24,54.27,1634823998279,"2021-10-21T19:16:38+05:30"
95,150,168,28.24,54.27,1634823999261,"2021-10-21T19:16:39+05:30"
98,159,184,28.23,54.29,1634824022811,"2021-10-21T19:17:02+05:30"
97,154,172,28.2,54.4,1634824053743,"2021-10-21T19:17:33+05:30"
97,155,175,28.2,54.79,1634824084014,"2021-10-21T19:18:04+05:30"
97,154,169,28.23,54.76,1634824115051,"2021-10-21T19:18:35+05:30"
101,163,187,28.15,54.44,1634824145214,"2021-10-21T19:19:05+05:30"
122,214,246,28.15,55.13,1634824175805,"2021-10-21T19:19:35+05:30"
103,167,191,28.15,54.53,1634824206458,"2021-10-21T19:20:06+05:30"
103,159,179,28.21,54.79,1634824237004,"2021-10-21T19:20:37+05:30"
100,160,183,28.3,54.73,1634824267710,"2021-10-21T19:21:07+05:30"
101,164,187,28.36,54.88,1634824289478,"2021-10-21T19:21:29+05:30"
99,157,181,28.4,54.69,1634824319726,"2021-10-21T19:21:59+05:30"
97,157,183,28.43,54.36,1634824350694,"2021-10-21T19:22:30+05:30"
96,147,165,28.46,53.98,1634824380901,"2021-10-21T19:23:00+05:30"
93,147,167,28.48,54.26,1634824411500,"2021-10-21T19:23:31+05:30"
93,146,167,28.5,53.78,1634824442118,"2021-10-21T19:24:02+05:30"
94,148,169,28.52,53.84,1634824472689,"2021-10-21T19:24:32+05:30"
96,153,170,28.53,53.66,1634824503290,"2021-10-21T19:25:03+05:30"
90,144,162,28.53,53.57,1634824533878,"2021-10-21T19:25:33+05:30"
93,146,165,28.53,53.51,1634824564471,"2021-10-21T19:26:04+05:30"
88,137,150,28.54,53.41,1634824595055,"2021-10-21T19:26:35+05:30"
91,146,164,28.56,53.39,1634824625652,"2021-10-21T19:27:05+05:30"
91,142,162,28.56,52.7,1634824656307,"2021-10-21T19:27:36+05:30"
87,133,150,28.55,52.91,1634824686832,"2021-10-21T19:28:06+05:30"
80,126,145,28.54,52.14,1634824717439,"2021-10-21T19:28:37+05:30"
84,130,152,28.38,51.19,1634824748034,"2021-10-21T19:29:08+05:30"
81,126,147,28.41,52.12,1634824778627,"2021-10-21T19:29:38+05:30"
103,165,188,28.37,51.85,1634824809237,"2021-10-21T19:30:09+05:30"
99,157,173,28.4,52.6,1634824839811,"2021-10-21T19:30:39+05:30"
95,152,170,28.49,52.44,1634824870764,"2021-10-21T19:31:10+05:30"
90,140,155,28.49,52.43,1634824900995,"2021-10-21T19:31:40+05:30"
89,137,155,28.49,52.61,1634824931587,"2021-10-21T19:32:11+05:30"
87,137,157,28.48,52.86,1634824962299,"2021-10-21T19:32:42+05:30"
88,136,154,28.45,52.78,1634824992780,"2021-10-21T19:33:12+05:30"
82,130,149,28.42,52.62,1634825023369,"2021-10-21T19:33:43+05:30"
82,125,140,28.42,52.8,1634825053988,"2021-10-21T19:34:13+05:30"
81,120,135,28.43,52.9,1634825084581,"2021-10-21T19:34:44+05:30"
81,125,143,28.4,53.21,1634825115146,"2021-10-21T19:35:15+05:30"
77,120,134,28.45,52.75,1634825145851,"2021-10-21T19:35:45+05:30"
75,116,131,28.4,52.71,1634825182465,"2021-10-21T19:36:22+05:30"
74,113,128,28.39,52.78,1634825212561,"2021-10-21T19:36:52+05:30"
77,119,133,28.37,52.64,1634825243228,"2021-10-21T19:37:23+05:30"
79,122,135,28.37,52.09,1634825273749,"2021-10-21T19:37:53+05:30"
78,120,133,28.38,52.34,1634825304336,"2021-10-21T19:38:24+05:30"
78,122,138,28.34,52.6,1634825334943,"2021-10-21T19:38:54+05:30"
77,120,134,28.35,52.61,1634825365542,"2021-10-21T19:39:25+05:30"
78,117,128,28.36,52.58,1634825396136,"2021-10-21T19:39:56+05:30"
74,110,129,28.35,52.25,1634825426711,"2021-10-21T19:40:26+05:30"
74,113,128,28.34,51.61,1634825457388,"2021-10-21T19:40:57+05:30"
72,111,125,28.34,51.33,1634825487979,"2021-10-21T19:41:27+05:30"
72,110,126,28.31,51.7,1634825518587,"2021-10-21T19:41:58+05:30"
67,106,125,28.29,52.23,1634825549304,"2021-10-21T19:42:29+05:30"
67,104,118,28.31,51.75,1634825569828,"2021-10-21T19:42:49+05:30"
66,103,120,28.34,51.86,1634825600604,"2021-10-21T19:43:20+05:30"
69,104,122,28.33,51.31,1634825631196,"2021-10-21T19:43:51+05:30"
64,99,114,28.24,51.16,1634825661812,"2021-10-21T19:44:21+05:30"
64,97,112,28.29,50.99,1634825692409,"2021-10-21T19:44:52+05:30"
63,100,113,28.28,51.07,1634825723019,"2021-10-21T19:45:23+05:30"
61,97,112,28.31,51.24,1634825753646,"2021-10-21T19:45:53+05:30"
64,101,114,28.3,51.21,1634825784193,"2021-10-21T19:46:24+05:30"
64,98,116,28.27,51.43,1634825814746,"2021-10-21T19:46:54+05:30"
67,106,118,28.26,51.41,1634825848534,"2021-10-21T19:47:28+05:30"
70,108,121,28.24,51.5,1634825875905,"2021-10-21T19:47:55+05:30"
71,112,127,28.22,51.81,1634825906502,"2021-10-21T19:48:26+05:30"
75,118,137,28.23,52.36,1634825937095,"2021-10-21T19:48:57+05:30"
72,112,131,28.23,52.12,1634825967682,"2021-10-21T19:49:27+05:30"
72,112,127,28.2,52.28,1634825998290,"2021-10-21T19:49:58+05:30"
71,107,127,28.21,51.99,1634826028898,"2021-10-21T19:50:28+05:30"
67,103,123,28.21,51.74,1634826059714,"2021-10-21T19:50:59+05:30"
68,101,115,28.24,51.65,1634826086054,"2021-10-21T19:51:26+05:30"
70,105,121,28.27,51.78,1634826116438,"2021-10-21T19:51:56+05:30"
68,104,121,28.31,50.99,1634826147083,"2021-10-21T19:52:27+05:30"
69,106,122,28.32,51.33,1634826177601,"2021-10-21T19:52:57+05:30"
67,106,118,28.31,51.47,1634826208269,"2021-10-21T19:53:28+05:30"
71,113,130,28.28,51.66,1634826238803,"2021-10-21T19:53:58+05:30"
70,108,122,28.31,51.46,1634826269452,"2021-10-21T19:54:29+05:30"
71,110,122,28.27,51.41,1634826299979,"2021-10-21T19:54:59+05:30"
68,103,117,28.24,51.72,1634826330560,"2021-10-21T19:55:30+05:30"
71,111,124,28.26,51.71,1634826361225,"2021-10-21T19:56:01+05:30"
74,116,132,28.25,51.41,1634826391747,"2021-10-21T19:56:31+05:30"
75,114,129,28.25,51.13,1634826422348,"2021-10-21T19:57:02+05:30"
83,124,142,28.23,51.48,1634826452952,"2021-10-21T19:57:32+05:30"
82,126,141,28.27,51.83,1634826483536,"2021-10-21T19:58:03+05:30"
82,123,139,28.3,51.63,1634826514124,"2021-10-21T19:58:34+05:30"
79,120,144,28.33,51.97,1634826544678,"2021-10-21T19:59:04+05:30"
80,122,136,28.33,51.54,1634826575314,"2021-10-21T19:59:35+05:30"
78,120,134,28.33,51.38,1634826605874,"2021-10-21T20:00:05+05:30"
76,117,133,28.28,51.6,1634826636456,"2021-10-21T20:00:36+05:30"
73,113,128,28.25,51.93,1634826667071,"2021-10-21T20:01:07+05:30"
73,110,124,28.22,52.02,1634826697633,"2021-10-21T20:01:37+05:30"
75,111,123,28.21,51.92,1634826728245,"2021-10-21T20:02:08+05:30"
75,114,133,28.23,52.2,1634826758911,"2021-10-21T20:02:38+05:30"
72,110,128,28.25,51.96,1634826789515,"2021-10-21T20:03:09+05:30"
73,112,128,28.19,51.61,1634826820096,"2021-10-21T20:03:40+05:30"
72,113,130,28.15,51.31,1634826850761,"2021-10-21T20:04:10+05:30"
73,111,127,28.14,50.78,1634826881310,"2021-10-21T20:04:41+05:30"
73,111,129,28.11,50.89,1634826911945,"2021-10-21T20:05:11+05:30"
70,108,123,28.05,51.43,1634826942462,"2021-10-21T20:05:42+05:30"
69,108,123,28.05,51,1634826973073,"2021-10-21T20:06:13+05:30"
71,110,122,28.1,51.33,1634827003542,"2021-10-21T20:06:43+05:30"
70,106,119,28.15,51.22,1634827033947,"2021-10-21T20:07:13+05:30"
68,106,119,28.18,51.35,1634827064424,"2021-10-21T20:07:44+05:30"
69,111,131,28.19,51.25,1634827095001,"2021-10-21T20:08:15+05:30"
83,136,156,28.21,51.52,1634827125632,"2021-10-21T20:08:45+05:30"
74,115,134,28.22,51.53,1634827156214,"2021-10-21T20:09:16+05:30"
74,116,134,28.24,51.53,1634827186789,"2021-10-21T20:09:46+05:30"
97,148,166,28.23,50.93,1634827217421,"2021-10-21T20:10:17+05:30"
102,153,172,28.24,51.27,1634827247965,"2021-10-21T20:10:47+05:30"
109,181,211,28.25,51.04,1634827278576,"2021-10-21T20:11:18+05:30"
79,120,140,28.2,50.54,1634827309152,"2021-10-21T20:11:49+05:30"
85,135,157,28.21,51.28,1634827339770,"2021-10-21T20:12:19+05:30"
88,140,159,28.22,51.14,1634827370350,"2021-10-21T20:12:50+05:30"
96,160,188,28.22,51.15,1634827400946,"2021-10-21T20:13:20+05:30"
83,130,148,28.22,50.67,1634827431519,"2021-10-21T20:13:51+05:30"
96,149,176,28.21,50.91,1634827462138,"2021-10-21T20:14:22+05:30"
90,146,175,28.19,50.93,1634827492743,"2021-10-21T20:14:52+05:30"
93,154,183,28.19,51,1634827523327,"2021-10-21T20:15:23+05:30"
90,146,166,28.2,51.17,1634827553915,"2021-10-21T20:15:53+05:30"
82,131,149,28.19,51.31,1634827584510,"2021-10-21T20:16:24+05:30"
83,129,149,28.18,51.56,1634827615093,"2021-10-21T20:16:55+05:30"
82,126,141,28.18,51.98,1634827645796,"2021-10-21T20:17:25+05:30"
84,132,154,28.24,53.02,1634827676262,"2021-10-21T20:17:56+05:30"
84,129,146,28.28,52.99,1634827706856,"2021-10-21T20:18:26+05:30"
85,129,142,28.28,52.68,1634827737458,"2021-10-21T20:18:57+05:30"
83,126,138,28.27,52.4,1634827768086,"2021-10-21T20:19:28+05:30"
81,125,140,28.24,52.42,1634827798647,"2021-10-21T20:19:58+05:30"
82,126,143,28.26,52.98,1634827829319,"2021-10-21T20:20:29+05:30"
81,122,139,28.3,53.18,1634827859936,"2021-10-21T20:20:59+05:30"
78,120,130,28.32,52.58,1634827883643,"2021-10-21T20:21:23+05:30"
75,115,130,28.31,51.95,1634827914722,"2021-10-21T20:21:54+05:30"
74,118,135,28.3,51.82,1634827945163,"2021-10-21T20:22:25+05:30"
74,114,131,28.29,52.14,1634827975715,"2021-10-21T20:22:55+05:30"
79,119,131,28.27,52.18,1634828006296,"2021-10-21T20:23:26+05:30"
78,123,144,28.22,52.37,1634828036899,"2021-10-21T20:23:56+05:30"
79,121,132,28.14,52.46,1634828067511,"2021-10-21T20:24:27+05:30"
81,122,135,28.13,52.59,1634828098696,"2021-10-21T20:24:58+05:30"
82,124,141,28.11,52.99,1634828128680,"2021-10-21T20:25:28+05:30"
79,123,140,28.12,53.15,1634828159282,"2021-10-21T20:25:59+05:30"
80,119,135,28.13,52.71,1634828189876,"2021-10-21T20:26:29+05:30"
77,122,139,28.14,53.18,1634828220454,"2021-10-21T20:27:00+05:30"
79,120,138,28.16,53.15,1634828251035,"2021-10-21T20:27:31+05:30"
76,115,126,28.13,52.64,1634828281643,"2021-10-21T20:28:01+05:30"
75,117,132,28.13,52.75,1634828312295,"2021-10-21T20:28:32+05:30"
78,119,130,28.12,52.48,1634828342831,"2021-10-21T20:29:02+05:30"
78,115,130,28.11,52.57,1634828373777,"2021-10-21T20:29:33+05:30"
77,116,127,28.05,52.14,1634828404037,"2021-10-21T20:30:04+05:30"
75,113,125,28.05,52.61,1634828434605,"2021-10-21T20:30:34+05:30"
76,116,131,28.09,52.53,1634828465234,"2021-10-21T20:31:05+05:30"
77,117,135,28.14,52.57,1634828495800,"2021-10-21T20:31:35+05:30"
77,117,133,28.1,52.54,1634828526397,"2021-10-21T20:32:06+05:30"
76,116,129,28.15,53.04,1634828557047,"2021-10-21T20:32:37+05:30"
76,114,129,28.16,52.99,1634828587577,"2021-10-21T20:33:07+05:30"
75,114,128,28.17,53.17,1634828618163,"2021-10-21T20:33:38+05:30"
74,113,126,28.19,52.96,1634828648762,"2021-10-21T20:34:08+05:30"
75,112,128,28.21,53.06,1634828679362,"2021-10-21T20:34:39+05:30"
77,114,129,28.23,53.24,1634828710109,"2021-10-21T20:35:10+05:30"
74,116,134,28.24,52.19,1634828740552,"2021-10-21T20:35:40+05:30"
75,115,135,28.25,52.43,1634828771144,"2021-10-21T20:36:11+05:30"
76,114,129,28.26,52.48,1634828803210,"2021-10-21T20:36:43+05:30"
74,112,128,28.3,52.42,1634828833663,"2021-10-21T20:37:13+05:30"
73,109,120,28.33,52.46,1634828864086,"2021-10-21T20:37:44+05:30"
73,113,127,28.36,52.94,1634828894770,"2021-10-21T20:38:14+05:30"
71,109,122,28.36,52.87,1634828925279,"2021-10-21T20:38:45+05:30"
71,113,128,28.33,52.53,1634828955963,"2021-10-21T20:39:15+05:30"
69,105,123,28.31,52.31,1634828986456,"2021-10-21T20:39:46+05:30"
67,99,114,28.3,52.34,1634829017092,"2021-10-21T20:40:17+05:30"
67,105,115,28.29,52.2,1634829047628,"2021-10-21T20:40:47+05:30"
68,106,116,28.3,52.47,1634829078268,"2021-10-21T20:41:18+05:30"
68,107,122,28.29,52.19,1634829108960,"2021-10-21T20:41:48+05:30"
71,105,121,28.28,52.22,1634829129375,"2021-10-21T20:42:09+05:30"
72,111,125,28.26,52.03,1634829160099,"2021-10-21T20:42:40+05:30"
70,107,122,28.26,52.25,1634829190641,"2021-10-21T20:43:10+05:30"
71,111,128,28.26,52.02,1634829221353,"2021-10-21T20:43:41+05:30"
71,108,126,28.24,51.82,1634829251824,"2021-10-21T20:44:11+05:30"
70,106,122,28.23,52.09,1634829282431,"2021-10-21T20:44:42+05:30"
70,109,128,28.2,51.59,1634829313029,"2021-10-21T20:45:13+05:30"
69,107,122,28.22,51.73,1634829343606,"2021-10-21T20:45:43+05:30"
69,105,120,28.22,51.72,1634829374258,"2021-10-21T20:46:14+05:30"
69,104,124,28.25,51.53,1634829404792,"2021-10-21T20:46:44+05:30"
68,104,120,28.25,51.25,1634829435422,"2021-10-21T20:47:15+05:30"
68,108,126,28.26,51.35,1634829466002,"2021-10-21T20:47:46+05:30"
69,111,128,28.27,51.06,1634829496581,"2021-10-21T20:48:16+05:30"
69,109,123,28.27,51.15,1634829527862,"2021-10-21T20:48:47+05:30"
70,108,129,28.27,50.99,1634829557772,"2021-10-21T20:49:17+05:30"
67,104,124,28.27,50.85,1634829589064,"2021-10-21T20:49:49+05:30"
66,106,122,28.27,50.89,1634829618976,"2021-10-21T20:50:18+05:30"
68,106,123,28.27,51.42,1634829649746,"2021-10-21T20:50:49+05:30"
65,101,118,28.26,50.68,1634829683069,"2021-10-21T20:51:23+05:30"
66,101,118,28.21,50.51,1634829713145,"2021-10-21T20:51:53+05:30"
66,100,119,28.2,50.75,1634829743770,"2021-10-21T20:52:23+05:30"
81,123,140,28.14,50.43,1634829774327,"2021-10-21T20:52:54+05:30"
82,124,144,28.17,50.93,1634829804913,"2021-10-21T20:53:24+05:30"
84,119,137,28.15,50.9,1634829835516,"2021-10-21T20:53:55+05:30"
80,120,136,28.14,51.38,1634829866109,"2021-10-21T20:54:26+05:30"
82,121,135,28.15,51.55,1634829896682,"2021-10-21T20:54:56+05:30"
79,118,133,28.14,51.57,1634829927258,"2021-10-21T20:55:27+05:30"
76,114,129,28.14,51.23,1634829958067,"2021-10-21T20:55:58+05:30"
76,113,127,28.15,51.1,1634829988817,"2021-10-21T20:56:28+05:30"
71,108,123,28.08,50.81,1634830019028,"2021-10-21T20:56:59+05:30"
69,108,121,27.96,51,1634830049761,"2021-10-21T20:57:29+05:30"
72,106,122,28.03,51.24,1634830080219,"2021-10-21T20:58:00+05:30"
67,102,113,28.06,50.75,1634830110805,"2021-10-21T20:58:30+05:30"
65,98,109,28.05,51.09,1634830141419,"2021-10-21T20:59:01+05:30"
62,98,108,28.09,50.56,1634830172001,"2021-10-21T20:59:32+05:30"
65,97,110,28.12,50.56,1634830202579,"2021-10-21T21:00:02+05:30"
64,96,109,28.17,50.26,1634830233183,"2021-10-21T21:00:33+05:30"
62,93,107,28.15,49.66,1634830264133,"2021-10-21T21:01:04+05:30"
62,93,108,28.15,50.29,1634830294708,"2021-10-21T21:01:34+05:30"
61,91,105,28.16,50.21,1634830325359,"2021-10-21T21:02:05+05:30"
61,89,103,28.2,50.09,1634830355961,"2021-10-21T21:02:35+05:30"
61,92,100,28.22,49.89,1634830386607,"2021-10-21T21:03:06+05:30"
66,101,112,28.19,49.5,1634830417324,"2021-10-21T21:03:37+05:30"
81,121,133,28.08,49.19,1634830447923,"2021-10-21T21:04:07+05:30"
76,117,128,28.1,49.95,1634830468792,"2021-10-21T21:04:28+05:30"
74,111,123,28.14,50.02,1634830499312,"2021-10-21T21:04:59+05:30"
73,111,123,28.17,49.53,1634830529900,"2021-10-21T21:05:29+05:30"
69,106,120,28.2,48.97,1634830560572,"2021-10-21T21:06:00+05:30"
66,103,117,28.19,48.89,1634830590544,"2021-10-21T21:06:30+05:30"
69,107,120,28.17,49.37,1634830620836,"2021-10-21T21:07:00+05:30"
68,104,112,28.16,49.89,1634830651417,"2021-10-21T21:07:31+05:30"
71,111,125,28.18,49.83,1634830682009,"2021-10-21T21:08:02+05:30"
74,113,126,28.18,49.73,1634830712836,"2021-10-21T21:08:32+05:30"
80,121,133,28.17,49.99,1634830743199,"2021-10-21T21:09:03+05:30"
78,119,132,28.17,49.69,1634830773787,"2021-10-21T21:09:33+05:30"
76,115,129,28.13,48.87,1634830804371,"2021-10-21T21:10:04+05:30"
75,114,128,28.1,49.36,1634830834972,"2021-10-21T21:10:34+05:30"
70,106,118,28.07,49.35,1634830865666,"2021-10-21T21:11:05+05:30"
66,103,118,28.06,49.64,1634830896154,"2021-10-21T21:11:36+05:30"
68,102,119,28.06,49.82,1634830926750,"2021-10-21T21:12:06+05:30"
77,119,138,28.06,49.56,1634830957415,"2021-10-21T21:12:37+05:30"
74,112,129,28.05,49.91,1634830988007,"2021-10-21T21:13:08+05:30"
74,110,123,28.04,49.76,1634831018534,"2021-10-21T21:13:38+05:30"
73,112,127,28,50.09,1634831049528,"2021-10-21T21:14:09+05:30"
74,113,130,28.02,50.44,1634831079994,"2021-10-21T21:14:39+05:30"
70,108,119,28.02,50.13,1634831110314,"2021-10-21T21:15:10+05:30"
68,105,118,28.04,50.37,1634831140936,"2021-10-21T21:15:40+05:30"
68,103,120,28.05,49.98,1634831171537,"2021-10-21T21:16:11+05:30"
65,101,115,28.04,49.67,1634831202091,"2021-10-21T21:16:42+05:30"
66,100,113,28.03,49.32,1634831232711,"2021-10-21T21:17:12+05:30"
65,103,113,28.04,49.15,1634831263358,"2021-10-21T21:17:43+05:30"
65,96,106,28.1,49.1,1634831293871,"2021-10-21T21:18:13+05:30"
61,92,105,28.07,48.42,1634831324478,"2021-10-21T21:18:44+05:30"
60,94,107,28,48.46,1634831355052,"2021-10-21T21:19:15+05:30"
60,92,109,27.97,48.91,1634831385698,"2021-10-21T21:19:45+05:30"
59,91,103,27.91,48.9,1634831416257,"2021-10-21T21:20:16+05:30"
61,92,102,27.91,49,1634831446863,"2021-10-21T21:20:46+05:30"
61,89,101,27.92,49.07,1634831483575,"2021-10-21T21:21:23+05:30"
60,92,102,27.94,49.23,1634831502066,"2021-10-21T21:21:42+05:30"
61,95,104,27.94,49.01,1634831533183,"2021-10-21T21:22:13+05:30"
63,94,105,27.92,48.99,1634831563708,"2021-10-21T21:22:43+05:30"
63,99,112,27.91,48.94,1634831594347,"2021-10-21T21:23:14+05:30"
65,104,115,27.89,48.92,1634831624880,"2021-10-21T21:23:44+05:30"
64,100,111,27.86,48.96,1634831655458,"2021-10-21T21:24:15+05:30"
63,95,107,27.81,48.6,1634831686154,"2021-10-21T21:24:46+05:30"
64,95,110,27.84,48.58,1634831716642,"2021-10-21T21:25:16+05:30"
61,92,103,27.84,48.46,1634831747286,"2021-10-21T21:25:47+05:30"
62,92,104,27.86,48.38,1634831777831,"2021-10-21T21:26:17+05:30"
60,94,110,27.85,48.52,1634831808417,"2021-10-21T21:26:48+05:30"
63,94,107,27.84,48.9,1634831839047,"2021-10-21T21:27:19+05:30"
60,92,104,27.82,49.03,1634831869604,"2021-10-21T21:27:49+05:30"
61,94,106,27.83,48.79,1634831900334,"2021-10-21T21:28:20+05:30"
64,98,109,27.89,48.92,1634831930881,"2021-10-21T21:28:50+05:30"
65,101,110,27.93,48.74,1634831961493,"2021-10-21T21:29:21+05:30"
70,109,122,27.85,48.05,1634831992193,"2021-10-21T21:29:52+05:30"
67,102,115,27.84,48.76,1634832022668,"2021-10-21T21:30:22+05:30"
68,105,120,27.83,47.97,1634832053253,"2021-10-21T21:30:53+05:30"
70,110,126,27.76,48.3,1634832083871,"2021-10-21T21:31:23+05:30"
71,113,128,27.69,48.32,1634832114460,"2021-10-21T21:31:54+05:30"
72,115,129,27.69,48.55,1634832145092,"2021-10-21T21:32:25+05:30"
76,120,134,27.76,48.47,1634832175621,"2021-10-21T21:32:55+05:30"
80,123,137,27.74,48.49,1634832206232,"2021-10-21T21:33:26+05:30"
82,129,148,27.71,48.69,1634832236838,"2021-10-21T21:33:56+05:30"
80,130,145,27.75,48.52,1634832267451,"2021-10-21T21:34:27+05:30"
81,128,149,27.8,48.42,1634832298025,"2021-10-21T21:34:58+05:30"
83,130,149,27.82,48.57,1634832328607,"2021-10-21T21:35:28+05:30"
78,120,135,27.8,48.4,1634832359187,"2021-10-21T21:35:59+05:30"
81,126,144,27.79,48.59,1634832385990,"2021-10-21T21:36:25+05:30"
80,126,145,27.77,48.98,1634832416130,"2021-10-21T21:36:56+05:30"
79,125,145,27.8,49.05,1634832446962,"2021-10-21T21:37:26+05:30"
77,123,142,27.86,48.67,1634832477540,"2021-10-21T21:37:57+05:30"
77,120,139,27.87,48.2,1634832508126,"2021-10-21T21:38:28+05:30"
78,122,140,27.81,48.83,1634832538713,"2021-10-21T21:38:58+05:30"
79,120,138,27.83,48.76,1634832569330,"2021-10-21T21:39:29+05:30"
79,122,138,27.82,48.89,1634832599934,"2021-10-21T21:39:59+05:30"
79,122,142,27.86,48.9,1634832630608,"2021-10-21T21:40:30+05:30"
80,125,145,27.88,48.76,1634832661196,"2021-10-21T21:41:01+05:30"
79,121,137,27.87,48.39,1634832691778,"2021-10-21T21:41:31+05:30"
79,122,140,27.86,48.82,1634832722585,"2021-10-21T21:42:02+05:30"
77,124,146,27.85,48.86,1634832752965,"2021-10-21T21:42:32+05:30"
78,122,138,27.84,48.98,1634832783562,"2021-10-21T21:43:03+05:30"
78,121,134,27.85,48.96,1634832814145,"2021-10-21T21:43:34+05:30"
81,124,140,27.83,48.81,1634832844739,"2021-10-21T21:44:04+05:30"
82,120,136,27.82,49.1,1634832875373,"2021-10-21T21:44:35+05:30"
87,130,149,27.86,48.64,1634832905919,"2021-10-21T21:45:05+05:30"
87,128,148,27.88,48.75,1634832936981,"2021-10-21T21:45:36+05:30"
84,127,139,27.83,48.57,1634832967118,"2021-10-21T21:46:07+05:30"
82,126,144,27.81,48.89,1634832997708,"2021-10-21T21:46:37+05:30"
81,120,136,27.8,48.7,1634833028310,"2021-10-21T21:47:08+05:30"
80,117,137,27.73,49.44,1634833058898,"2021-10-21T21:47:38+05:30"
83,125,140,27.79,49.09,1634833089530,"2021-10-21T21:48:09+05:30"
81,125,141,27.82,49.33,1634833120138,"2021-10-21T21:48:40+05:30"
80,119,136,27.87,49.48,1634833150671,"2021-10-21T21:49:10+05:30"
80,125,145,27.91,49.4,1634833181458,"2021-10-21T21:49:41+05:30"
92,139,159,27.75,48.12,1634833211856,"2021-10-21T21:50:11+05:30"
89,135,155,27.73,48.93,1634833242507,"2021-10-21T21:50:42+05:30"
89,136,160,27.78,48.94,1634833273048,"2021-10-21T21:51:13+05:30"