"pm1_0","pm2_5","pm10","temp","humid","createdAt","localtime"
136,240,278,30.75,57.6,1634014040879,"2021-10-12T10:17:20+05:30"
242,414,459,30.95,57.62,1634014338651,"2021-10-12T10:22:18+05:30"
280,566,650,30.94,56.75,1634014348827,"2021-10-12T10:22:28+05:30"
219,416,475,30.95,55.76,1634014405945,"2021-10-12T10:23:25+05:30"
324,696,795,30.84,57.21,1634014605492,"2021-10-12T10:26:45+05:30"
327,721,832,30.85,57.62,1634014618875,"2021-10-12T10:26:58+05:30"
260,516,584,30.85,57.38,1634014649516,"2021-10-12T10:27:29+05:30"
276,549,622,30.85,57.72,1634014680116,"2021-10-12T10:28:00+05:30"
312,680,779,30.84,58.27,1634014710678,"2021-10-12T10:28:30+05:30"
308,680,777,30.83,58.03,1634014741264,"2021-10-12T10:29:01+05:30"
321,735,841,30.83,57.94,1634014771882,"2021-10-12T10:29:31+05:30"
321,710,809,30.83,58.06,1634014802513,"2021-10-12T10:30:02+05:30"
348,865,1021,30.83,58.43,1634014833000,"2021-10-12T10:30:33+05:30"
341,818,946,30.81,58.53,1634014863622,"2021-10-12T10:31:03+05:30"
337,844,986,30.8,59.02,1634014894230,"2021-10-12T10:31:34+05:30"
323,711,798,30.8,58.78,1634014924949,"2021-10-12T10:32:04+05:30"
298,636,715,30.82,58.37,1634014955427,"2021-10-12T10:32:35+05:30"
324,776,885,30.82,58.74,1634014985985,"2021-10-12T10:33:05+05:30"
353,956,1102,30.84,58.78,1634015016582,"2021-10-12T10:33:36+05:30"
332,793,917,30.88,57.6,1634015047177,"2021-10-12T10:34:07+05:30"
355,945,1086,30.9,58.14,1634015077787,"2021-10-12T10:34:37+05:30"
294,632,715,30.9,57.62,1634015108347,"2021-10-12T10:35:08+05:30"
323,727,842,30.9,57.77,1634015138974,"2021-10-12T10:35:38+05:30"
336,863,992,30.88,58.21,1634015169599,"2021-10-12T10:36:09+05:30"
345,865,1011,30.87,58.83,1634015200186,"2021-10-12T10:36:40+05:30"
350,892,1046,30.85,59.08,1634015230731,"2021-10-12T10:37:10+05:30"
345,877,1032,30.84,59.16,1634015261332,"2021-10-12T10:37:41+05:30"
285,620,704,30.88,57.59,1634015291912,"2021-10-12T10:38:11+05:30"
227,429,476,30.95,56.88,1634015322519,"2021-10-12T10:38:42+05:30"
300,639,734,30.95,57.88,1634015353087,"2021-10-12T10:39:13+05:30"
345,882,1026,30.95,57.92,1634015383850,"2021-10-12T10:39:43+05:30"
352,905,1052,30.97,57.61,1634015414284,"2021-10-12T10:40:14+05:30"
331,784,901,30.96,57.55,1634015445025,"2021-10-12T10:40:45+05:30"
332,785,902,30.96,58.08,1634015475467,"2021-10-12T10:41:15+05:30"
322,751,857,30.94,58.35,1634015508251,"2021-10-12T10:41:48+05:30"
327,780,899,30.95,57.68,1634015538436,"2021-10-12T10:42:18+05:30"
336,775,893,30.96,57.67,1634015569003,"2021-10-12T10:42:49+05:30"
328,786,900,30.96,58.02,1634015599594,"2021-10-12T10:43:19+05:30"
342,850,987,30.97,58.54,1634015630447,"2021-10-12T10:43:50+05:30"
285,643,740,30.97,57.81,1634015661041,"2021-10-12T10:44:21+05:30"
301,648,732,30.98,57.73,1634015691634,"2021-10-12T10:44:51+05:30"
339,849,996,30.98,58.44,1634015722227,"2021-10-12T10:45:22+05:30"
311,694,801,30.99,58.17,1634015752854,"2021-10-12T10:45:52+05:30"
299,650,744,31,58.25,1634015783412,"2021-10-12T10:46:23+05:30"
335,802,924,31,58.45,1634015814041,"2021-10-12T10:46:54+05:30"
334,782,910,30.99,58.48,1634015844594,"2021-10-12T10:47:24+05:30"
306,675,767,30.97,58.39,1634015875230,"2021-10-12T10:47:55+05:30"
314,699,805,30.96,58.06,1634015905775,"2021-10-12T10:48:25+05:30"
299,651,741,30.98,57.76,1634015936421,"2021-10-12T10:48:56+05:30"
314,731,849,30.97,58.24,1634015966974,"2021-10-12T10:49:26+05:30"
282,608,697,30.98,58.49,1634015997651,"2021-10-12T10:49:57+05:30"
323,765,897,30.97,58.72,1634016028274,"2021-10-12T10:50:28+05:30"
296,662,754,30.96,58.96,1634016058842,"2021-10-12T10:50:58+05:30"
314,779,913,30.97,59.06,1634016089437,"2021-10-12T10:51:29+05:30"
316,774,904,30.98,58.74,1634016120025,"2021-10-12T10:52:00+05:30"
305,709,830,31.01,57.51,1634016150610,"2021-10-12T10:52:30+05:30"
322,863,1027,31.09,56.57,1634016181186,"2021-10-12T10:53:01+05:30"
323,869,1026,31.15,55.57,1634016211934,"2021-10-12T10:53:31+05:30"
312,731,860,31.21,54.45,1634016242673,"2021-10-12T10:54:02+05:30"
295,655,755,31.27,53.95,1634016263335,"2021-10-12T10:54:23+05:30"
321,725,844,31.28,54.21,1634016294019,"2021-10-12T10:54:54+05:30"
312,688,798,31.29,54.5,1634016324594,"2021-10-12T10:55:24+05:30"
280,581,663,31.26,54.15,1634016355209,"2021-10-12T10:55:55+05:30"
241,459,523,31.3,52.96,1634016385777,"2021-10-12T10:56:25+05:30"
206,376,425,31.3,53.14,1634016416468,"2021-10-12T10:56:56+05:30"
180,316,352,31.25,53.61,1634016446477,"2021-10-12T10:57:26+05:30"
188,331,375,31.23,52.74,1634016477093,"2021-10-12T10:57:57+05:30"
185,319,351,31.21,53.99,1634016507634,"2021-10-12T10:58:27+05:30"
146,249,274,31.18,53.97,1634016538202,"2021-10-12T10:58:58+05:30"
199,356,394,31.15,54.88,1634016568820,"2021-10-12T10:59:28+05:30"
191,338,379,31.12,55.43,1634016599409,"2021-10-12T10:59:59+05:30"
179,307,347,31.1,56.03,1634016630083,"2021-10-12T11:00:30+05:30"
179,311,347,31.1,56.3,1634016660627,"2021-10-12T11:01:00+05:30"
181,310,344,31.11,56.27,1634016691183,"2021-10-12T11:01:31+05:30"
163,279,310,31.11,55.99,1634016721822,"2021-10-12T11:02:01+05:30"
161,275,305,31.12,55.8,1634016752365,"2021-10-12T11:02:32+05:30"
175,313,354,31.14,54.15,1634016782974,"2021-10-12T11:03:02+05:30"
168,304,340,31.18,52.94,1634016813545,"2021-10-12T11:03:33+05:30"
179,314,356,31.24,54.26,1634016844155,"2021-10-12T11:04:04+05:30"
188,332,372,31.22,55.33,1634016874735,"2021-10-12T11:04:34+05:30"
203,376,433,31.18,55.51,1634016905305,"2021-10-12T11:05:05+05:30"
206,382,435,31.16,55.53,1634016935874,"2021-10-12T11:05:35+05:30"
210,391,449,31.15,55.55,1634016966474,"2021-10-12T11:06:06+05:30"
208,389,452,31.15,55.79,1634016997195,"2021-10-12T11:06:37+05:30"
185,335,387,31.16,55.44,1634017027766,"2021-10-12T11:07:07+05:30"
193,353,408,31.15,55.23,1634017058328,"2021-10-12T11:07:38+05:30"
212,408,479,31.16,54.51,1634017088896,"2021-10-12T11:08:08+05:30"
185,351,405,31.17,53.78,1634017119498,"2021-10-12T11:08:39+05:30"
180,329,379,31.18,54.02,1634017150054,"2021-10-12T11:09:10+05:30"
197,366,412,31.18,55.06,1634017180634,"2021-10-12T11:09:40+05:30"
199,374,427,31.16,55.25,1634017211196,"2021-10-12T11:10:11+05:30"
214,409,470,31.14,55.54,1634017241760,"2021-10-12T11:10:41+05:30"
224,435,504,31.13,55.79,1634017272374,"2021-10-12T11:11:12+05:30"
228,431,489,31.12,56.28,1634017308767,"2021-10-12T11:11:48+05:30"
230,446,508,31.12,56.52,1634017339049,"2021-10-12T11:12:19+05:30"
212,399,447,31.11,56.36,1634017369738,"2021-10-12T11:12:49+05:30"
187,334,370,31.09,56.52,1634017400423,"2021-10-12T11:13:20+05:30"
201,367,412,31.09,56.6,1634017430999,"2021-10-12T11:13:50+05:30"
208,385,429,31.1,57.48,1634017461581,"2021-10-12T11:14:21+05:30"
207,383,430,31.1,57.48,1634017492174,"2021-10-12T11:14:52+05:30"
208,368,419,31.11,57.09,1634017522747,"2021-10-12T11:15:22+05:30"
215,386,436,31.12,55.92,1634017553304,"2021-10-12T11:15:53+05:30"
179,309,351,31.12,55.48,1634017583937,"2021-10-12T11:16:23+05:30"
192,338,385,31.15,56.2,1634017614711,"2021-10-12T11:16:54+05:30"
177,313,354,31.2,55.34,1634017635313,"2021-10-12T11:17:15+05:30"
176,311,348,31.25,55.04,1634017666274,"2021-10-12T11:17:46+05:30"
179,312,352,31.27,55.12,1634017696932,"2021-10-12T11:18:16+05:30"
169,289,320,31.31,53.82,1634017727523,"2021-10-12T11:18:47+05:30"
158,271,297,31.37,51.6,1634017758104,"2021-10-12T11:19:18+05:30"
152,253,285,31.41,52.07,1634017788707,"2021-10-12T11:19:48+05:30"
157,264,288,31.4,52.89,1634017819267,"2021-10-12T11:20:19+05:30"
187,321,355,31.38,52.29,1634017849833,"2021-10-12T11:20:49+05:30"
171,294,323,31.37,53.37,1634017880431,"2021-10-12T11:21:20+05:30"
187,315,348,31.42,54.18,1634017911103,"2021-10-12T11:21:51+05:30"
205,349,392,31.43,54.69,1634017941614,"2021-10-12T11:22:21+05:30"
201,352,395,31.46,54.52,1634017972215,"2021-10-12T11:22:52+05:30"
161,287,324,31.54,51.07,1634018002796,"2021-10-12T11:23:22+05:30"
134,223,250,31.66,48.77,1634018033380,"2021-10-12T11:23:53+05:30"
145,245,270,31.68,49.87,1634018063953,"2021-10-12T11:24:23+05:30"
151,249,272,31.7,50.93,1634018094558,"2021-10-12T11:24:54+05:30"
145,237,270,31.68,50.63,1634018125135,"2021-10-12T11:25:25+05:30"
153,257,284,31.62,50.76,1634018155726,"2021-10-12T11:25:55+05:30"
151,254,286,31.62,50.86,1634018186378,"2021-10-12T11:26:26+05:30"
175,302,341,31.57,52.63,1634018215716,"2021-10-12T11:26:55+05:30"
196,346,401,31.6,53.57,1634018246554,"2021-10-12T11:27:26+05:30"
191,342,392,31.57,53.89,1634018277347,"2021-10-12T11:27:57+05:30"
184,319,369,31.53,54.37,1634018307945,"2021-10-12T11:28:27+05:30"
178,306,352,31.46,54.83,1634018338582,"2021-10-12T11:28:58+05:30"
185,325,363,31.41,55.27,1634018369091,"2021-10-12T11:29:29+05:30"
181,317,363,31.36,56.02,1634018399728,"2021-10-12T11:29:59+05:30"
179,306,338,31.33,56.05,1634018430335,"2021-10-12T11:30:30+05:30"
162,274,304,31.32,55.94,1634018460859,"2021-10-12T11:31:00+05:30"
157,258,287,31.32,55.67,1634018491439,"2021-10-12T11:31:31+05:30"
154,257,287,31.33,55.68,1634018522041,"2021-10-12T11:32:02+05:30"
155,259,295,31.32,55.68,1634018552621,"2021-10-12T11:32:32+05:30"
154,254,285,31.32,55.99,1634018583188,"2021-10-12T11:33:03+05:30"
162,273,304,31.31,56.08,1634018613775,"2021-10-12T11:33:33+05:30"
157,269,298,31.3,55.45,1634018644360,"2021-10-12T11:34:04+05:30"
154,260,290,31.3,54.12,1634018674959,"2021-10-12T11:34:34+05:30"
154,257,284,31.3,52.19,1634018705536,"2021-10-12T11:35:05+05:30"
140,232,256,31.3,51.31,1634018736098,"2021-10-12T11:35:36+05:30"
141,230,254,31.33,51.52,1634018766723,"2021-10-12T11:36:06+05:30"
140,229,256,31.36,52.52,1634018797284,"2021-10-12T11:36:37+05:30"
145,237,256,31.33,53.5,1634018827875,"2021-10-12T11:37:07+05:30"
143,238,260,31.31,53.22,1634018858424,"2021-10-12T11:37:38+05:30"
162,272,300,31.4,50.12,1634018889032,"2021-10-12T11:38:09+05:30"
156,265,291,31.46,50.41,1634018919633,"2021-10-12T11:38:39+05:30"
162,273,295,31.47,51.05,1634018950224,"2021-10-12T11:39:10+05:30"
150,249,276,31.42,51.01,1634018980829,"2021-10-12T11:39:40+05:30"
113,184,200,31.55,46.73,1634019011390,"2021-10-12T11:40:11+05:30"
131,217,238,31.53,49.95,1634019041977,"2021-10-12T11:40:41+05:30"
137,216,230,31.49,49.59,1634019072598,"2021-10-12T11:41:12+05:30"
135,229,249,31.45,49.81,1634019131437,"2021-10-12T11:42:11+05:30"
123,203,223,31.48,48.64,1634019161954,"2021-10-12T11:42:41+05:30"
122,196,218,31.46,49.56,1634019192618,"2021-10-12T11:43:12+05:30"
125,204,221,31.44,49.26,1634019223117,"2021-10-12T11:43:43+05:30"
129,221,250,31.49,46.43,1634019254102,"2021-10-12T11:44:14+05:30"
123,205,234,31.51,47.31,1634019284303,"2021-10-12T11:44:44+05:30"
115,187,206,31.51,47.29,1634019314985,"2021-10-12T11:45:14+05:30"
121,202,222,31.47,48.7,1634019345488,"2021-10-12T11:45:45+05:30"
124,205,224,31.43,49.12,1634019376082,"2021-10-12T11:46:16+05:30"
123,205,228,31.39,50.19,1634019406677,"2021-10-12T11:46:46+05:30"
127,210,236,31.34,51.21,1634019437310,"2021-10-12T11:47:17+05:30"
126,202,228,31.32,51.76,1634019467948,"2021-10-12T11:47:47+05:30"
125,203,225,31.3,52.32,1634019498416,"2021-10-12T11:48:18+05:30"
120,199,222,31.3,52.19,1634019529088,"2021-10-12T11:48:49+05:30"
117,190,212,31.3,52.01,1634019559701,"2021-10-12T11:49:19+05:30"
116,193,219,31.32,51.2,1634019590291,"2021-10-12T11:49:50+05:30"
118,192,212,31.33,51.81,1634019621066,"2021-10-12T11:50:21+05:30"
117,193,210,31.33,52.14,1634019651431,"2021-10-12T11:50:51+05:30"
114,188,209,31.33,52.55,1634019682049,"2021-10-12T11:51:22+05:30"
112,184,210,31.34,51.91,1634019712755,"2021-10-12T11:51:52+05:30"
108,175,190,31.38,50.41,1634019743196,"2021-10-12T11:52:23+05:30"
144,229,252,31.44,50.02,1634019773810,"2021-10-12T11:52:53+05:30"
140,222,238,31.44,50.06,1634019804430,"2021-10-12T11:53:24+05:30"
147,230,252,31.42,50.15,1634019834981,"2021-10-12T11:53:54+05:30"
157,258,284,31.42,50.55,1634019865630,"2021-10-12T11:54:25+05:30"
157,247,279,31.41,51.27,1634019896220,"2021-10-12T11:54:56+05:30"
149,242,267,31.37,51.92,1634019926768,"2021-10-12T11:55:26+05:30"
153,245,273,31.34,52.43,1634019957314,"2021-10-12T11:55:57+05:30"
153,239,270,31.32,52.48,1634019987922,"2021-10-12T11:56:27+05:30"
146,232,254,31.32,52.04,1634020012223,"2021-10-12T11:56:52+05:30"
136,219,240,31.33,51.48,1634020042475,"2021-10-12T11:57:22+05:30"
133,218,239,31.34,51,1634020073061,"2021-10-12T11:57:53+05:30"
127,202,218,31.35,51.21,1634020103663,"2021-10-12T11:58:23+05:30"
124,198,219,31.35,50.57,1634020134526,"2021-10-12T11:58:54+05:30"
121,195,215,31.36,50.44,1634020165095,"2021-10-12T11:59:25+05:30"
121,192,211,31.34,50.97,1634020195696,"2021-10-12T11:59:55+05:30"
121,190,209,31.31,51.39,1634020226253,"2021-10-12T12:00:26+05:30"
121,196,215,31.3,52.01,1634020256845,"2021-10-12T12:00:56+05:30"
129,198,217,31.29,51.55,1634020287566,"2021-10-12T12:01:27+05:30"
126,197,218,31.29,51.92,1634020317980,"2021-10-12T12:01:57+05:30"
120,190,207,31.27,51.76,1634020348562,"2021-10-12T12:02:28+05:30"
114,176,191,31.29,50.93,1634020379158,"2021-10-12T12:02:59+05:30"
106,167,184,31.33,50.42,1634020409741,"2021-10-12T12:03:29+05:30"
79,120,133,31.42,47,1634020440305,"2021-10-12T12:04:00+05:30"
93,140,151,31.46,48.43,1634020470888,"2021-10-12T12:04:30+05:30"
90,138,151,31.47,47.79,1634020501503,"2021-10-12T12:05:01+05:30"
90,137,151,31.46,48.61,1634020532146,"2021-10-12T12:05:32+05:30"
126,190,207,31.42,49.89,1634020562631,"2021-10-12T12:06:02+05:30"
131,195,213,31.39,49.37,1634020593229,"2021-10-12T12:06:33+05:30"
116,176,191,31.38,49.19,1634020623821,"2021-10-12T12:07:03+05:30"
111,167,182,31.37,48.97,1634020654417,"2021-10-12T12:07:34+05:30"
109,163,182,31.37,49.13,1634020685013,"2021-10-12T12:08:05+05:30"
113,167,184,31.36,49.72,1634020715596,"2021-10-12T12:08:35+05:30"
121,177,197,31.35,50.04,1634020746180,"2021-10-12T12:09:06+05:30"
107,159,172,31.34,49.17,1634020776747,"2021-10-12T12:09:36+05:30"
87,130,140,31.4,47.44,1634020807363,"2021-10-12T12:10:07+05:30"
68,101,112,31.49,44.77,1634020837922,"2021-10-12T12:10:37+05:30"
61,93,101,31.58,45.63,1634020868502,"2021-10-12T12:11:08+05:30"
70,104,118,31.54,46.72,1634020899075,"2021-10-12T12:11:39+05:30"
69,102,111,31.49,47.26,1634020931949,"2021-10-12T12:12:11+05:30"
68,99,106,31.45,47.93,1634020962068,"2021-10-12T12:12:42+05:30"
70,107,118,31.42,48.68,1634020992662,"2021-10-12T12:13:12+05:30"
72,109,120,31.38,49.38,1634021023219,"2021-10-12T12:13:43+05:30"
74,109,119,31.35,49.78,1634021053786,"2021-10-12T12:14:13+05:30"
71,107,119,31.35,49.53,1634021084366,"2021-10-12T12:14:44+05:30"
70,104,116,31.33,49.6,1634021114975,"2021-10-12T12:15:14+05:30"
62,94,105,31.36,48.65,1634021145507,"2021-10-12T12:15:45+05:30"
65,96,105,31.4,47.77,1634021176108,"2021-10-12T12:16:16+05:30"
58,85,93,31.48,46.19,1634021206662,"2021-10-12T12:16:46+05:30"
56,86,92,31.57,45.45,1634021237271,"2021-10-12T12:17:17+05:30"
54,87,95,31.59,45.05,1634021267845,"2021-10-12T12:17:47+05:30"
57,88,99,31.55,46.8,1634021298433,"2021-10-12T12:18:18+05:30"
60,90,97,31.48,48.03,1634021329000,"2021-10-12T12:18:49+05:30"
65,101,111,31.43,49.2,1634021359598,"2021-10-12T12:19:19+05:30"
62,95,110,31.39,49.05,1634021390177,"2021-10-12T12:19:50+05:30"
55,86,94,31.47,46.83,1634021420787,"2021-10-12T12:20:20+05:30"
58,89,97,31.56,46.9,1634021451403,"2021-10-12T12:20:51+05:30"
53,81,92,31.64,46.02,1634021481945,"2021-10-12T12:21:21+05:30"
57,87,97,31.61,48.01,1634021512508,"2021-10-12T12:21:52+05:30"
57,89,98,31.59,48.24,1634021543143,"2021-10-12T12:22:23+05:30"
58,90,99,31.55,49.31,1634021573656,"2021-10-12T12:22:53+05:30"
55,89,100,31.56,48.02,1634021604268,"2021-10-12T12:23:24+05:30"
51,83,93,31.61,47.2,1634021635296,"2021-10-12T12:23:55+05:30"
41,66,76,31.69,43.86,1634021665793,"2021-10-12T12:24:25+05:30"
43,67,77,31.79,44.22,1634021696339,"2021-10-12T12:24:56+05:30"
50,80,88,31.72,46.49,1634021727001,"2021-10-12T12:25:27+05:30"
58,92,104,31.65,46.86,1634021757465,"2021-10-12T12:25:57+05:30"
63,101,114,31.6,47.18,1634021788079,"2021-10-12T12:26:28+05:30"
62,97,110,31.56,46.25,1634021812009,"2021-10-12T12:26:52+05:30"
62,98,109,31.55,46.59,1634021842167,"2021-10-12T12:27:22+05:30"
57,92,100,31.55,45.01,1634021872712,"2021-10-12T12:27:52+05:30"
50,79,87,31.61,44.51,1634021903307,"2021-10-12T12:28:23+05:30"
41,63,73,31.64,42.55,1634021933861,"2021-10-12T12:28:53+05:30"
41,64,74,31.65,43.09,1634021964434,"2021-10-12T12:29:24+05:30"
41,64,74,31.69,42.25,1634021995038,"2021-10-12T12:29:55+05:30"
38,58,71,31.68,42.98,1634022025641,"2021-10-12T12:30:25+05:30"
39,60,75,31.61,44.03,1634022056230,"2021-10-12T12:30:56+05:30"
41,65,76,31.56,45,1634022086800,"2021-10-12T12:31:26+05:30"
46,71,82,31.5,46.4,1634022117363,"2021-10-12T12:31:57+05:30"
46,75,86,31.46,46.99,1634022148017,"2021-10-12T12:32:28+05:30"
47,77,87,31.45,47,1634022178618,"2021-10-12T12:32:58+05:30"
44,69,80,31.47,46.09,1634022209214,"2021-10-12T12:33:29+05:30"
38,63,75,31.51,44.82,1634022239755,"2021-10-12T12:33:59+05:30"
39,64,76,31.51,45.22,1634022270322,"2021-10-12T12:34:30+05:30"
38,61,76,31.52,44.4,1634022301300,"2021-10-12T12:35:01+05:30"
32,50,67,31.67,42.08,1634022331613,"2021-10-12T12:35:31+05:30"
33,52,67,31.7,42.81,1634022362203,"2021-10-12T12:36:02+05:30"
34,54,70,31.65,44.04,1634022392777,"2021-10-12T12:36:32+05:30"
35,57,73,31.59,44.42,1634022423336,"2021-10-12T12:37:03+05:30"
38,61,75,31.56,45.21,1634022454041,"2021-10-12T12:37:34+05:30"
37,61,74,31.52,45.24,1634022484522,"2021-10-12T12:38:04+05:30"
40,62,75,31.52,45.64,1634022515324,"2021-10-12T12:38:35+05:30"
40,63,75,31.51,45.29,1634022545844,"2021-10-12T12:39:05+05:30"
45,73,84,31.5,45.27,1634022576444,"2021-10-12T12:39:36+05:30"
46,78,84,31.5,45.8,1634022607026,"2021-10-12T12:40:07+05:30"
49,78,89,31.46,46.97,1634022637578,"2021-10-12T12:40:37+05:30"
51,86,97,31.43,47.17,1634022668173,"2021-10-12T12:41:08+05:30"
51,86,99,31.43,47.17,1634022698765,"2021-10-12T12:41:38+05:30"
53,89,98,31.41,48.11,1634022733625,"2021-10-12T12:42:13+05:30"
54,90,101,31.41,48.45,1634022763878,"2021-10-12T12:42:43+05:30"
55,89,99,31.42,48.92,1634022794445,"2021-10-12T12:43:14+05:30"
56,93,105,31.41,49.14,1634022825033,"2021-10-12T12:43:45+05:30"
55,92,105,31.51,46.36,1634022855614,"2021-10-12T12:44:15+05:30"
55,91,103,31.62,47.15,1634022886184,"2021-10-12T12:44:46+05:30"
56,90,102,31.61,47.68,1634022916775,"2021-10-12T12:45:16+05:30"
48,77,85,31.69,45.14,1634022947345,"2021-10-12T12:45:47+05:30"
47,73,83,31.73,45.2,1634022977908,"2021-10-12T12:46:17+05:30"
39,61,74,31.85,42.81,1634023008518,"2021-10-12T12:46:48+05:30"
40,64,75,31.83,44.59,1634023039110,"2021-10-12T12:47:19+05:30"
36,57,70,31.82,42.98,1634023069681,"2021-10-12T12:47:49+05:30"
38,60,71,31.81,44.53,1634023100259,"2021-10-12T12:48:20+05:30"
37,58,72,31.86,43.75,1634023130904,"2021-10-12T12:48:50+05:30"
33,51,65,31.99,41.07,1634023161447,"2021-10-12T12:49:21+05:30"
32,49,63,32.09,40.12,1634023192025,"2021-10-12T12:49:52+05:30"
33,51,66,32.2,42.15,1634023222637,"2021-10-12T12:50:22+05:30"
36,56,70,32.13,43.84,1634023253211,"2021-10-12T12:50:53+05:30"
36,54,68,32.01,44,1634023283791,"2021-10-12T12:51:23+05:30"
34,54,69,32,42.37,1634023314358,"2021-10-12T12:51:54+05:30"
33,52,67,32.13,42.55,1634023344949,"2021-10-12T12:52:24+05:30"
34,53,67,32.03,44.03,1634023375539,"2021-10-12T12:52:55+05:30"
34,52,66,31.98,43.36,1634023406112,"2021-10-12T12:53:26+05:30"
35,55,70,31.97,44.59,1634023436690,"2021-10-12T12:53:56+05:30"
35,55,71,31.87,45.61,1634023467305,"2021-10-12T12:54:27+05:30"
36,56,70,31.8,45.67,1634023497874,"2021-10-12T12:54:57+05:30"
35,53,67,31.75,45.33,1634023528457,"2021-10-12T12:55:28+05:30"
33,52,66,31.83,43.58,1634023559021,"2021-10-12T12:55:59+05:30"
34,53,68,31.82,44.83,1634023589652,"2021-10-12T12:56:29+05:30"
34,53,67,31.79,45.08,1634023612816,"2021-10-12T12:56:52+05:30"
36,55,69,31.76,45.26,1634023643437,"2021-10-12T12:57:23+05:30"
34,52,67,31.79,44.76,1634023674003,"2021-10-12T12:57:54+05:30"
34,51,65,31.82,43.82,1634023704595,"2021-10-12T12:58:24+05:30"
33,51,66,31.83,43.79,1634023735245,"2021-10-12T12:58:55+05:30"
34,52,68,31.81,44.76,1634023765846,"2021-10-12T12:59:25+05:30"
37,59,71,31.8,44.9,1634023796398,"2021-10-12T12:59:56+05:30"
36,54,69,31.78,44.94,1634023826958,"2021-10-12T13:00:26+05:30"
37,57,69,31.76,45.04,1634023857578,"2021-10-12T13:00:57+05:30"
35,54,67,31.86,42.43,1634023888222,"2021-10-12T13:01:28+05:30"
34,53,67,31.93,42.29,1634023918714,"2021-10-12T13:01:58+05:30"
33,51,67,31.98,42.58,1634023949304,"2021-10-12T13:02:29+05:30"
32,50,65,32.02,41.09,1634023979896,"2021-10-12T13:02:59+05:30"
33,51,66,32.02,41.68,1634024010493,"2021-10-12T13:03:30+05:30"
31,49,63,32.03,41.08,1634024041085,"2021-10-12T13:04:01+05:30"
32,50,63,32.04,41.51,1634024071623,"2021-10-12T13:04:31+05:30"
38,58,72,31.98,42.99,1634024102286,"2021-10-12T13:05:02+05:30"
42,66,76,31.96,42.46,1634024132917,"2021-10-12T13:05:32+05:30"
41,61,72,31.93,43.31,1634024163490,"2021-10-12T13:06:03+05:30"
41,60,73,31.93,43.32,1634024194075,"2021-10-12T13:06:34+05:30"
40,60,71,31.89,43.73,1634024224691,"2021-10-12T13:07:04+05:30"
36,57,69,31.93,43.31,1634024255343,"2021-10-12T13:07:35+05:30"
34,52,67,32,42.04,1634024285823,"2021-10-12T13:08:05+05:30"
34,54,70,32.1,42.09,1634024316534,"2021-10-12T13:08:36+05:30"
32,50,65,32.12,42.18,1634024347094,"2021-10-12T13:09:07+05:30"
36,56,72,32.15,41.62,1634024377871,"2021-10-12T13:09:37+05:30"
35,54,69,32.1,42.54,1634024408343,"2021-10-12T13:10:08+05:30"
35,55,68,32.04,43.18,1634024438854,"2021-10-12T13:10:38+05:30"
35,57,72,32.01,43.7,1634024469422,"2021-10-12T13:11:09+05:30"
35,55,69,31.94,44.54,1634024500046,"2021-10-12T13:11:40+05:30"
34,53,67,31.89,44.94,1634024534845,"2021-10-12T13:12:14+05:30"
34,52,66,31.89,43.97,1634024565411,"2021-10-12T13:12:45+05:30"
36,58,71,31.89,44.47,1634024595987,"2021-10-12T13:13:15+05:30"
36,58,72,31.85,45.08,1634024626559,"2021-10-12T13:13:46+05:30"
37,55,69,31.81,45.55,1634024657121,"2021-10-12T13:14:17+05:30"
44,67,80,31.81,45.66,1634024687704,"2021-10-12T13:14:47+05:30"
62,101,114,31.8,45.93,1634024718298,"2021-10-12T13:15:18+05:30"
71,114,126,31.77,46.3,1634024748924,"2021-10-12T13:15:48+05:30"
67,105,114,31.76,45.6,1634024779475,"2021-10-12T13:16:19+05:30"
78,124,141,31.77,46.18,1634024810075,"2021-10-12T13:16:50+05:30"
82,128,152,31.74,46.6,1634024840720,"2021-10-12T13:17:20+05:30"
84,130,147,31.72,46.37,1634024871271,"2021-10-12T13:17:51+05:30"
78,123,139,31.71,46.49,1634024902001,"2021-10-12T13:18:22+05:30"
73,112,125,31.69,47.16,1634024932675,"2021-10-12T13:18:52+05:30"
71,108,119,31.66,47.57,1634024952979,"2021-10-12T13:19:12+05:30"
63,101,110,31.63,48.02,1634024983560,"2021-10-12T13:19:43+05:30"
57,92,104,31.6,48.61,1634025014143,"2021-10-12T13:20:14+05:30"
55,87,97,31.59,49.11,1634025044729,"2021-10-12T13:20:44+05:30"
55,87,96,31.59,49.51,1634025075318,"2021-10-12T13:21:15+05:30"
54,86,97,31.6,49,1634025105903,"2021-10-12T13:21:45+05:30"
55,87,96,31.66,47.6,1634025136561,"2021-10-12T13:22:16+05:30"
49,75,87,31.79,45.85,1634025167132,"2021-10-12T13:22:47+05:30"
45,71,79,31.95,44.16,1634025197744,"2021-10-12T13:23:17+05:30"
44,69,76,32.04,44.34,1634025228314,"2021-10-12T13:23:48+05:30"
44,68,78,31.97,45.74,1634025258920,"2021-10-12T13:24:18+05:30"
46,69,77,31.89,46.71,1634025289483,"2021-10-12T13:24:49+05:30"
45,71,81,31.82,48.19,1634025320069,"2021-10-12T13:25:20+05:30"
46,72,78,31.76,48.28,1634025350653,"2021-10-12T13:25:50+05:30"
46,71,81,31.74,48.49,1634025381218,"2021-10-12T13:26:21+05:30"
32,48,62,32.06,44.04,1634025755771,"2021-10-12T13:32:35+05:30"
31,48,63,32.09,43.18,1634025805804,"2021-10-12T13:33:25+05:30"
35,57,73,29.9,54.5,1634039517596,"2021-10-12T17:21:57+05:30"
37,59,73,30.01,54.21,1634039528085,"2021-10-12T17:22:08+05:30"
37,60,73,30.16,53.94,1634039558683,"2021-10-12T17:22:38+05:30"
41,65,78,30.3,53.84,1634039589203,"2021-10-12T17:23:09+05:30"
40,64,80,30.41,53.15,1634039619913,"2021-10-12T17:23:39+05:30"
38,61,75,30.54,52.7,1634039650382,"2021-10-12T17:24:10+05:30"
40,62,75,30.62,52.99,1634039680957,"2021-10-12T17:24:40+05:30"
38,60,75,30.69,51.84,1634039711540,"2021-10-12T17:25:11+05:30"
40,65,77,30.76,52.01,1634039742136,"2021-10-12T17:25:42+05:30"
44,73,88,30.79,51.87,1634039772698,"2021-10-12T17:26:12+05:30"
45,72,85,30.8,51.58,1634039803268,"2021-10-12T17:26:43+05:30"
41,66,80,30.85,49.54,1634039833879,"2021-10-12T17:27:13+05:30"
38,60,73,30.98,49.46,1634039864450,"2021-10-12T17:27:44+05:30"
40,63,79,30.97,50.42,1634039895023,"2021-10-12T17:28:15+05:30"
40,62,76,30.96,50.72,1634039925847,"2021-10-12T17:28:45+05:30"
39,63,74,30.98,50.67,1634039956453,"2021-10-12T17:29:16+05:30"
41,64,77,30.99,50.55,1634039987005,"2021-10-12T17:29:47+05:30"
39,65,76,30.99,51.73,1634040017592,"2021-10-12T17:30:17+05:30"
37,61,76,31,50.85,1634040048176,"2021-10-12T17:30:48+05:30"
40,64,77,30.99,51.8,1634040078712,"2021-10-12T17:31:18+05:30"
40,67,80,30.96,52.07,1634040109289,"2021-10-12T17:31:49+05:30"
39,63,78,30.93,52.34,1634040139882,"2021-10-12T17:32:19+05:30"
38,58,71,30.94,51.37,1634040170462,"2021-10-12T17:32:50+05:30"
45,73,84,30.96,52.11,1634040201035,"2021-10-12T17:33:21+05:30"
50,77,88,30.95,51.72,1634040231587,"2021-10-12T17:33:51+05:30"
47,69,82,30.97,51.63,1634040262166,"2021-10-12T17:34:22+05:30"
42,65,76,30.94,51.87,1634040460142,"2021-10-12T17:37:40+05:30"
41,64,76,30.93,52.69,1634040471409,"2021-10-12T17:37:51+05:30"
35,56,72,30.9,52.66,1634040699584,"2021-10-12T17:41:39+05:30"
74,116,134,30.89,53.34,1634041154538,"2021-10-12T17:49:14+05:30"
104,171,187,30.86,53.5,1634041242013,"2021-10-12T17:50:42+05:30"
104,165,181,30.9,53.65,1634041309193,"2021-10-12T17:51:49+05:30"
111,179,202,30.9,53.24,1634041323484,"2021-10-12T17:52:03+05:30"
109,177,197,30.91,53.34,1634041354056,"2021-10-12T17:52:34+05:30"
97,156,172,30.9,53.22,1634041482886,"2021-10-12T17:54:42+05:30"
93,148,166,30.91,53.3,1634041512539,"2021-10-12T17:55:12+05:30"
93,150,171,30.9,53.13,1634041543385,"2021-10-12T17:55:43+05:30"
87,138,157,30.91,52.88,1634041574068,"2021-10-12T17:56:14+05:30"
84,133,151,30.91,53.01,1634041594562,"2021-10-12T17:56:34+05:30"
86,139,156,30.91,52.77,1634041625075,"2021-10-12T17:57:05+05:30"
86,137,150,30.94,51.44,1634041655668,"2021-10-12T17:57:35+05:30"
82,133,152,30.99,52.34,1634041686260,"2021-10-12T17:58:06+05:30"
86,141,158,30.98,52.82,1634041716830,"2021-10-12T17:58:36+05:30"
79,132,145,30.99,53.27,1634041747406,"2021-10-12T17:59:07+05:30"
81,130,148,31,53.33,1634041777969,"2021-10-12T17:59:37+05:30"
78,128,147,30.99,53.27,1634041808550,"2021-10-12T18:00:08+05:30"
85,135,149,30.98,53.28,1634041839165,"2021-10-12T18:00:39+05:30"
81,129,144,30.97,53.29,1634041869719,"2021-10-12T18:01:09+05:30"
86,142,158,30.96,53.66,1634041900294,"2021-10-12T18:01:40+05:30"
82,132,150,30.97,53.69,1634041930874,"2021-10-12T18:02:10+05:30"
78,128,141,30.96,53.85,1634041961480,"2021-10-12T18:02:41+05:30"
76,127,143,30.93,53.73,1634041992058,"2021-10-12T18:03:12+05:30"
79,129,147,30.9,53.86,1634042022631,"2021-10-12T18:03:42+05:30"
78,129,144,30.89,54.01,1634042053210,"2021-10-12T18:04:13+05:30"
75,125,142,30.89,53.92,1634042083804,"2021-10-12T18:04:43+05:30"
76,124,140,30.88,54,1634042114377,"2021-10-12T18:05:14+05:30"
80,131,151,30.89,53.47,1634042144954,"2021-10-12T18:05:44+05:30"
82,136,153,30.92,53.37,1634042177470,"2021-10-12T18:06:17+05:30"
83,135,154,30.95,53.58,1634042206133,"2021-10-12T18:06:46+05:30"
81,130,149,30.96,53.86,1634042236718,"2021-10-12T18:07:16+05:30"
85,138,156,30.98,53.76,1634042267279,"2021-10-12T18:07:47+05:30"
89,147,164,30.99,53.41,1634042297882,"2021-10-12T18:08:17+05:30"
89,147,163,31.03,53.49,1634042357569,"2021-10-12T18:09:17+05:30"
82,139,158,31.02,54.16,1634042387971,"2021-10-12T18:09:47+05:30"
81,131,148,30.99,53.97,1634042418953,"2021-10-12T18:10:18+05:30"
82,133,148,31.01,54.08,1634042449526,"2021-10-12T18:10:49+05:30"
81,130,143,31.01,53.7,1634042480263,"2021-10-12T18:11:20+05:30"
80,132,148,31.01,53.73,1634042511173,"2021-10-12T18:11:51+05:30"
84,132,148,31.03,53.49,1634042541776,"2021-10-12T18:12:21+05:30"
84,135,159,31.04,53.42,1634042572335,"2021-10-12T18:12:52+05:30"
83,137,151,31.05,53.72,1634042603274,"2021-10-12T18:13:23+05:30"
81,135,150,31.04,53.34,1634042633719,"2021-10-12T18:13:53+05:30"
82,131,148,31.01,53.79,1634042664351,"2021-10-12T18:14:24+05:30"
82,131,147,30.99,53.98,1634042694894,"2021-10-12T18:14:54+05:30"
80,127,144,30.99,54.24,1634042725498,"2021-10-12T18:15:25+05:30"
76,128,143,31,54.38,1634042756049,"2021-10-12T18:15:56+05:30"
79,128,145,30.99,54.03,1634042786683,"2021-10-12T18:16:26+05:30"
80,130,147,30.96,54.1,1634042817241,"2021-10-12T18:16:57+05:30"
81,132,149,30.95,54.36,1634042847940,"2021-10-12T18:17:27+05:30"
84,137,155,30.91,53.87,1634042878510,"2021-10-12T18:17:58+05:30"
81,134,153,30.92,54.61,1634042909084,"2021-10-12T18:18:29+05:30"
81,133,152,30.97,54.54,1634042939626,"2021-10-12T18:18:59+05:30"
85,138,157,31.01,54.28,1634042970220,"2021-10-12T18:19:30+05:30"
90,147,160,31.02,54.04,1634043000806,"2021-10-12T18:20:00+05:30"
91,148,164,31.07,54.43,1634043031473,"2021-10-12T18:20:31+05:30"
91,145,163,31.09,54.37,1634043062162,"2021-10-12T18:21:02+05:30"
89,146,168,31.16,54.15,1634043092528,"2021-10-12T18:21:32+05:30"
90,145,161,31.16,54.2,1634043123129,"2021-10-12T18:22:03+05:30"
89,141,160,31.17,54.48,1634043153724,"2021-10-12T18:22:33+05:30"
85,135,152,31.22,54.34,1634043184372,"2021-10-12T18:23:04+05:30"
90,144,164,31.2,54.41,1634043214859,"2021-10-12T18:23:34+05:30"
92,143,164,31.16,54.12,1634043242601,"2021-10-12T18:24:02+05:30"
92,145,162,31.14,54.26,1634043273107,"2021-10-12T18:24:33+05:30"
94,146,161,31.12,54.29,1634043303742,"2021-10-12T18:25:03+05:30"
100,153,171,31.09,53.41,1634043334252,"2021-10-12T18:25:34+05:30"
101,160,178,31.07,53.51,1634043364846,"2021-10-12T18:26:04+05:30"
108,168,186,31.08,53.73,1634043395425,"2021-10-12T18:26:35+05:30"
104,165,180,31.09,53.82,1634043426016,"2021-10-12T18:27:06+05:30"
105,166,183,31.04,53.81,1634043456646,"2021-10-12T18:27:36+05:30"
108,174,194,31.02,53.84,1634043487211,"2021-10-12T18:28:07+05:30"
106,168,189,31,54.41,1634043517816,"2021-10-12T18:28:37+05:30"
108,171,192,31,54.31,1634043548451,"2021-10-12T18:29:08+05:30"
117,184,206,31.01,54.62,1634043579135,"2021-10-12T18:29:39+05:30"
117,186,204,31.04,54.99,1634043609611,"2021-10-12T18:30:09+05:30"
116,185,202,31.06,54.83,1634043640199,"2021-10-12T18:30:40+05:30"
120,182,201,31.06,54.41,1634043670936,"2021-10-12T18:31:10+05:30"
124,202,230,31.04,54.07,1634043701353,"2021-10-12T18:31:41+05:30"
121,190,221,31.05,54.41,1634043731948,"2021-10-12T18:32:11+05:30"
118,188,215,31.06,53.72,1634043762553,"2021-10-12T18:32:42+05:30"
117,183,210,31.07,53.99,1634043793133,"2021-10-12T18:33:13+05:30"
111,174,198,31.09,54.03,1634043823729,"2021-10-12T18:33:43+05:30"
112,176,198,31.09,53.91,1634043854324,"2021-10-12T18:34:14+05:30"
111,176,199,31.06,54.01,1634043884913,"2021-10-12T18:34:44+05:30"
114,176,198,31.04,54.01,1634043915487,"2021-10-12T18:35:15+05:30"
108,170,193,31.03,54.1,1634043946068,"2021-10-12T18:35:46+05:30"
109,170,191,31.04,54.22,1634043976659,"2021-10-12T18:36:16+05:30"
109,172,193,31.02,53.77,1634044007245,"2021-10-12T18:36:47+05:30"
110,176,194,31.04,54.08,1634044037831,"2021-10-12T18:37:17+05:30"
105,167,185,31.06,54.32,1634044068414,"2021-10-12T18:37:48+05:30"
105,168,189,31.07,54.22,1634044098986,"2021-10-12T18:38:18+05:30"
102,165,185,31.08,53.97,1634044129704,"2021-10-12T18:38:49+05:30"
103,161,183,31.08,53.95,1634044157541,"2021-10-12T18:39:17+05:30"
105,164,190,31.06,53.46,1634044188001,"2021-10-12T18:39:48+05:30"
103,160,179,31.03,53.15,1634044218695,"2021-10-12T18:40:18+05:30"
100,157,173,31.02,53.45,1634044249171,"2021-10-12T18:40:49+05:30"
105,167,187,31.02,53.83,1634044279878,"2021-10-12T18:41:19+05:30"
108,171,188,31,54.1,1634044310434,"2021-10-12T18:41:50+05:30"
105,169,186,30.98,54.18,1634044341047,"2021-10-12T18:42:21+05:30"
104,165,185,30.97,54.44,1634044371610,"2021-10-12T18:42:51+05:30"
107,171,192,30.96,54.6,1634044402299,"2021-10-12T18:43:22+05:30"
109,174,193,30.96,54.57,1634044432779,"2021-10-12T18:43:52+05:30"
104,173,197,30.96,54.51,1634044463371,"2021-10-12T18:44:23+05:30"
105,176,196,30.96,54.32,1634044493961,"2021-10-12T18:44:53+05:30"
104,170,190,30.95,54.41,1634044524734,"2021-10-12T18:45:24+05:30"
99,164,186,30.92,54.62,1634044555276,"2021-10-12T18:45:55+05:30"
99,161,185,30.93,54.55,1634044585794,"2021-10-12T18:46:25+05:30"
98,160,177,30.95,54.79,1634044616434,"2021-10-12T18:46:56+05:30"
98,163,183,30.94,54.57,1634044646946,"2021-10-12T18:47:26+05:30"
96,158,183,30.95,54.53,1634044677606,"2021-10-12T18:47:57+05:30"
96,158,177,30.99,54.19,1634044708208,"2021-10-12T18:48:28+05:30"
93,151,168,31.02,53.71,1634044738777,"2021-10-12T18:48:58+05:30"
91,149,167,31.03,53.59,1634044769469,"2021-10-12T18:49:29+05:30"
91,149,165,31.03,53.66,1634044799943,"2021-10-12T18:49:59+05:30"
89,145,163,31.05,53.22,1634044830510,"2021-10-12T18:50:30+05:30"
88,141,161,31.06,53.2,1634044861122,"2021-10-12T18:51:01+05:30"
90,143,160,31.06,53.49,1634044891712,"2021-10-12T18:51:31+05:30"
95,158,178,31.05,53.7,1634044922293,"2021-10-12T18:52:02+05:30"
99,162,185,31.02,53.37,1634044952843,"2021-10-12T18:52:32+05:30"
100,160,189,31.05,53.84,1634044983677,"2021-10-12T18:53:03+05:30"
101,163,185,31.07,53.65,1634045014035,"2021-10-12T18:53:34+05:30"
99,164,182,31.09,53.32,1634045042925,"2021-10-12T18:54:02+05:30"
96,156,174,31.09,53.82,1634045073242,"2021-10-12T18:54:33+05:30"
96,159,181,31.07,53.89,1634045103919,"2021-10-12T18:55:03+05:30"
95,154,173,31.06,54.01,1634045134501,"2021-10-12T18:55:34+05:30"
94,153,169,31.04,54.18,1634045165096,"2021-10-12T18:56:05+05:30"
95,153,172,31.05,53.82,1634045195978,"2021-10-12T18:56:35+05:30"
88,148,167,31.06,53.62,1634045226634,"2021-10-12T18:57:06+05:30"
93,146,159,31.07,54.2,1634045257088,"2021-10-12T18:57:37+05:30"
97,160,180,31.06,53.49,1634045287599,"2021-10-12T18:58:07+05:30"
90,151,173,31.04,53.63,1634045318160,"2021-10-12T18:58:38+05:30"
90,150,175,31.03,53.99,1634045348734,"2021-10-12T18:59:08+05:30"
88,146,167,31,54.05,1634045379334,"2021-10-12T18:59:39+05:30"
89,146,164,31,54.27,1634045409941,"2021-10-12T19:00:09+05:30"
89,145,167,31.01,54.3,1634045440499,"2021-10-12T19:00:40+05:30"
89,142,158,31.01,53.97,1634045471062,"2021-10-12T19:01:11+05:30"
84,139,154,31,54.16,1634045501657,"2021-10-12T19:01:41+05:30"
85,136,151,31.02,54.02,1634045532274,"2021-10-12T19:02:12+05:30"
79,129,143,31.06,53.76,1634045562819,"2021-10-12T19:02:42+05:30"
77,124,137,31.08,52.75,1634045593452,"2021-10-12T19:03:13+05:30"
88,134,149,31.05,53.5,1634045624006,"2021-10-12T19:03:44+05:30"
90,141,155,31.05,54.09,1634045654587,"2021-10-12T19:04:14+05:30"
86,141,156,31.07,53.73,1634045685155,"2021-10-12T19:04:45+05:30"
87,133,152,31.06,53.74,1634045715736,"2021-10-12T19:05:15+05:30"
87,139,156,31.03,53.76,1634045746394,"2021-10-12T19:05:46+05:30"
88,141,157,31.03,53.38,1634045776992,"2021-10-12T19:06:16+05:30"
90,144,161,31.02,53.45,1634045807839,"2021-10-12T19:06:47+05:30"
88,142,159,31.02,53.58,1634045838200,"2021-10-12T19:07:18+05:30"
89,140,157,31,53.74,1634045868727,"2021-10-12T19:07:48+05:30"
88,143,162,31.01,52.87,1634045899420,"2021-10-12T19:08:19+05:30"
84,136,151,31.04,51.92,1634045929920,"2021-10-12T19:08:49+05:30"
103,166,187,31.1,51.8,1634045958116,"2021-10-12T19:09:18+05:30"
98,157,180,31.13,52.05,1634045988238,"2021-10-12T19:09:48+05:30"
88,136,155,31.13,52.49,1634046018845,"2021-10-12T19:10:18+05:30"
86,137,153,31.07,53.09,1634046049434,"2021-10-12T19:10:49+05:30"
95,156,177,31.05,53.08,1634046080241,"2021-10-12T19:11:20+05:30"
92,147,169,31.05,53.35,1634046110719,"2021-10-12T19:11:50+05:30"
85,137,151,31.03,53.55,1634046141395,"2021-10-12T19:12:21+05:30"
91,145,162,31.04,53.52,1634046171851,"2021-10-12T19:12:51+05:30"
96,153,180,31.05,53.59,1634046202458,"2021-10-12T19:13:22+05:30"
97,155,175,31.04,53.23,1634046233008,"2021-10-12T19:13:53+05:30"
96,152,169,31.04,53.61,1634046263568,"2021-10-12T19:14:23+05:30"
96,148,166,31.04,53.45,1634046294186,"2021-10-12T19:14:54+05:30"
100,156,175,31.04,53.59,1634046324764,"2021-10-12T19:15:24+05:30"
101,152,171,31.03,53.8,1634046355378,"2021-10-12T19:15:55+05:30"
98,154,172,31.01,53.71,1634046385942,"2021-10-12T19:16:25+05:30"
109,171,193,30.98,53.64,1634046416540,"2021-10-12T19:16:56+05:30"
111,173,199,30.97,53.86,1634046447127,"2021-10-12T19:17:27+05:30"
102,159,173,30.95,53.93,1634046477879,"2021-10-12T19:17:57+05:30"
105,164,186,30.93,54.05,1634046508311,"2021-10-12T19:18:28+05:30"
110,178,200,30.93,54.22,1634046538936,"2021-10-12T19:18:58+05:30"
109,172,192,30.92,54.09,1634046569896,"2021-10-12T19:19:29+05:30"
109,167,185,30.93,54.28,1634046600118,"2021-10-12T19:20:00+05:30"
113,179,205,30.93,54.32,1634046630910,"2021-10-12T19:20:30+05:30"
108,171,191,30.94,54.08,1634046661458,"2021-10-12T19:21:01+05:30"
106,169,188,30.97,53.61,1634046691850,"2021-10-12T19:21:31+05:30"
112,178,197,31,53.19,1634046722461,"2021-10-12T19:22:02+05:30"
107,168,186,31.03,52.95,1634046753020,"2021-10-12T19:22:33+05:30"
98,155,168,31.03,52.94,1634046783653,"2021-10-12T19:23:03+05:30"
112,177,194,31,52.58,1634046814218,"2021-10-12T19:23:34+05:30"
102,164,182,31,52.92,1634046840402,"2021-10-12T19:24:00+05:30"
102,160,178,31,53.1,1634046870554,"2021-10-12T19:24:30+05:30"
97,155,171,31.01,53.23,1634046901107,"2021-10-12T19:25:01+05:30"
102,159,177,30.99,53.44,1634046931698,"2021-10-12T19:25:31+05:30"
103,156,174,30.99,53.5,1634046962451,"2021-10-12T19:26:02+05:30"
104,161,178,31,53,1634046993033,"2021-10-12T19:26:33+05:30"
106,167,184,31,52.98,1634047023736,"2021-10-12T19:27:03+05:30"
104,166,187,31,53.2,1634047054193,"2021-10-12T19:27:34+05:30"
101,151,171,31.02,52.38,1634047084839,"2021-10-12T19:28:04+05:30"
102,162,179,31.03,51.9,1634047115386,"2021-10-12T19:28:35+05:30"
113,181,202,31.02,52.25,1634047145973,"2021-10-12T19:29:05+05:30"
120,187,210,31.02,52.33,1634047176608,"2021-10-12T19:29:36+05:30"
123,194,224,31.02,52.46,1634047207153,"2021-10-12T19:30:07+05:30"
122,193,217,31.02,51.9,1634047237753,"2021-10-12T19:30:37+05:30"
122,194,216,31.02,52.19,1634047268352,"2021-10-12T19:31:08+05:30"
128,205,220,31.02,52.36,1634047298991,"2021-10-12T19:31:38+05:30"
126,204,222,30.99,51.82,1634047329551,"2021-10-12T19:32:09+05:30"
140,227,255,31.01,51.56,1634047360128,"2021-10-12T19:32:40+05:30"
155,252,278,30.99,52.46,1634047390740,"2021-10-12T19:33:10+05:30"
144,232,257,30.99,53.35,1634047421313,"2021-10-12T19:33:41+05:30"
140,223,249,30.99,53.53,1634047451930,"2021-10-12T19:34:11+05:30"
139,217,243,30.98,53.71,1634047482535,"2021-10-12T19:34:42+05:30"
136,218,240,31,53.82,1634047513075,"2021-10-12T19:35:13+05:30"
137,220,245,30.98,53.59,1634047543699,"2021-10-12T19:35:43+05:30"
143,231,258,30.95,53.87,1634047574240,"2021-10-12T19:36:14+05:30"
142,228,246,30.94,54.12,1634047604843,"2021-10-12T19:36:44+05:30"
136,215,238,30.94,54.15,1634047635456,"2021-10-12T19:37:15+05:30"
130,208,227,30.92,54.22,1634047666018,"2021-10-12T19:37:46+05:30"
131,206,227,30.94,54.4,1634047696618,"2021-10-12T19:38:16+05:30"
136,219,241,30.98,53.88,1634047727203,"2021-10-12T19:38:47+05:30"
133,210,235,31.01,52.88,1634047757996,"2021-10-12T19:39:17+05:30"
132,208,230,31.06,54.26,1634047788098,"2021-10-12T19:39:48+05:30"
128,201,227,31.09,54.49,1634047818711,"2021-10-12T19:40:18+05:30"
130,203,227,31.11,54.48,1634047849274,"2021-10-12T19:40:49+05:30"
132,208,231,31.12,54.3,1634047879854,"2021-10-12T19:41:19+05:30"
136,214,240,31.15,54.03,1634047910442,"2021-10-12T19:41:50+05:30"
133,210,230,31.16,53.68,1634047941025,"2021-10-12T19:42:21+05:30"
132,214,231,31.16,53.76,1634047971620,"2021-10-12T19:42:51+05:30"
132,211,237,31.19,54.09,1634048002234,"2021-10-12T19:43:22+05:30"
126,198,218,31.19,53.87,1634048032803,"2021-10-12T19:43:52+05:30"
124,200,220,31.18,53.79,1634048063388,"2021-10-12T19:44:23+05:30"
122,191,209,31.16,53.71,1634048094257,"2021-10-12T19:44:54+05:30"
117,187,209,31.14,54.01,1634048124586,"2021-10-12T19:45:24+05:30"
116,185,202,31.12,54.05,1634048155214,"2021-10-12T19:45:55+05:30"
116,183,207,31.11,53.99,1634048185977,"2021-10-12T19:46:25+05:30"
120,191,216,31.1,54.22,1634048216437,"2021-10-12T19:46:56+05:30"
122,195,217,31.09,54.22,1634048246952,"2021-10-12T19:47:26+05:30"
125,197,218,31.09,54.13,1634048277565,"2021-10-12T19:47:57+05:30"
123,195,211,31.1,53.18,1634048308146,"2021-10-12T19:48:28+05:30"
123,194,211,31.12,53.49,1634048338734,"2021-10-12T19:48:58+05:30"
120,185,204,31.12,53.82,1634048369587,"2021-10-12T19:49:29+05:30"
125,197,218,31.14,54.15,1634048399924,"2021-10-12T19:49:59+05:30"
125,197,218,31.14,54.15,1634048401751,"2021-10-12T19:50:01+05:30"
130,206,222,31.14,54.06,1634048430505,"2021-10-12T19:50:30+05:30"
131,210,236,31.18,53.28,1634048461074,"2021-10-12T19:51:01+05:30"
128,203,225,31.19,53.99,1634048491666,"2021-10-12T19:51:31+05:30"
134,208,229,31.21,54.33,1634048522319,"2021-10-12T19:52:02+05:30"
148,235,255,31.18,54.29,1634048552846,"2021-10-12T19:52:32+05:30"
156,244,267,31.17,54.39,1634048583938,"2021-10-12T19:53:03+05:30"
156,250,270,31.16,54.49,1634048614336,"2021-10-12T19:53:34+05:30"
163,261,284,31.16,54.41,1634048638728,"2021-10-12T19:53:58+05:30"
163,262,286,31.18,54.72,1634048668672,"2021-10-12T19:54:28+05:30"
166,264,287,31.2,54.58,1634048699247,"2021-10-12T19:54:59+05:30"
172,275,298,31.2,54.51,1634048729827,"2021-10-12T19:55:29+05:30"
175,284,310,31.18,54.48,1634048760423,"2021-10-12T19:56:00+05:30"
186,297,323,31.19,54.53,1634048791012,"2021-10-12T19:56:31+05:30"
190,310,338,31.17,54.3,1634048821605,"2021-10-12T19:57:01+05:30"
190,302,329,31.16,54.48,1634048852204,"2021-10-12T19:57:32+05:30"
188,306,334,31.17,54.48,1634048882845,"2021-10-12T19:58:02+05:30"
193,312,335,31.18,54.46,1634048913438,"2021-10-12T19:58:33+05:30"
194,310,337,31.18,54.35,1634048944044,"2021-10-12T19:59:04+05:30"
194,304,325,31.16,54.31,1634048974622,"2021-10-12T19:59:34+05:30"
188,303,332,31.17,54.31,1634049005209,"2021-10-12T20:00:05+05:30"
183,288,317,31.2,54.27,1634049035876,"2021-10-12T20:00:35+05:30"
174,278,304,31.19,54.04,1634049066399,"2021-10-12T20:01:06+05:30"
170,271,297,31.15,54.16,1634049096988,"2021-10-12T20:01:36+05:30"
165,258,290,31.13,54.11,1634049127570,"2021-10-12T20:02:07+05:30"
163,254,281,31.1,54.34,1634049158143,"2021-10-12T20:02:38+05:30"
158,250,273,31.11,54.45,1634049188739,"2021-10-12T20:03:08+05:30"
160,249,268,31.13,54.6,1634049219329,"2021-10-12T20:03:39+05:30"
154,240,258,31.16,54.55,1634049250014,"2021-10-12T20:04:10+05:30"
144,228,247,31.18,54.54,1634049280595,"2021-10-12T20:04:40+05:30"
124,191,209,31.14,53.21,1634049311305,"2021-10-12T20:05:11+05:30"
127,199,217,31.17,54.29,1634049341780,"2021-10-12T20:05:41+05:30"
122,191,207,31.18,54.08,1634049372376,"2021-10-12T20:06:12+05:30"
118,182,197,31.16,54.28,1634049402981,"2021-10-12T20:06:42+05:30"
112,177,192,31.16,54.48,1634049433552,"2021-10-12T20:07:13+05:30"
107,162,180,31.08,53.68,1634049464156,"2021-10-12T20:07:44+05:30"
105,159,177,31.01,54,1634049494921,"2021-10-12T20:08:14+05:30"
108,170,189,30.97,54.78,1634049525339,"2021-10-12T20:08:45+05:30"
105,164,181,30.98,55.17,1634049558176,"2021-10-12T20:09:18+05:30"
103,156,173,30.96,54.71,1634049588375,"2021-10-12T20:09:48+05:30"
92,144,160,30.98,54.08,1634049618895,"2021-10-12T20:10:18+05:30"
90,141,151,30.99,54.43,1634049649536,"2021-10-12T20:10:49+05:30"
94,140,155,31.01,54.85,1634049680194,"2021-10-12T20:11:20+05:30"
116,185,200,31.05,54.48,1634049710774,"2021-10-12T20:11:50+05:30"
125,196,212,31.07,54.5,1634049741341,"2021-10-12T20:12:21+05:30"
122,196,217,31.1,54.73,1634049771952,"2021-10-12T20:12:51+05:30"
125,196,220,31.13,54.67,1634049802700,"2021-10-12T20:13:22+05:30"
114,175,191,31.13,53.83,1634049833129,"2021-10-12T20:13:53+05:30"
174,295,323,31.12,53.77,1634049864006,"2021-10-12T20:14:24+05:30"
134,212,231,31.09,53.4,1634049894623,"2021-10-12T20:14:54+05:30"
119,191,209,31.06,53.55,1634049915049,"2021-10-12T20:15:15+05:30"
112,172,187,31.06,53.44,1634049945922,"2021-10-12T20:15:45+05:30"
105,162,178,31.05,53.16,1634049976420,"2021-10-12T20:16:16+05:30"
104,160,176,31.04,53.12,1634050006982,"2021-10-12T20:16:46+05:30"
100,153,169,31.03,52.98,1634050037587,"2021-10-12T20:17:17+05:30"
88,135,148,31.02,52.65,1634050068160,"2021-10-12T20:17:48+05:30"
90,138,152,31.01,53,1634050098732,"2021-10-12T20:18:18+05:30"
89,134,145,31.03,53.07,1634050129326,"2021-10-12T20:18:49+05:30"
84,128,141,31.04,52.88,1634050159913,"2021-10-12T20:19:19+05:30"
82,125,139,31.03,53.04,1634050190463,"2021-10-12T20:19:50+05:30"
81,127,136,31.06,53.18,1634050221045,"2021-10-12T20:20:21+05:30"
79,122,134,31.09,53.18,1634050251641,"2021-10-12T20:20:51+05:30"
75,115,127,31.1,53.15,1634050282366,"2021-10-12T20:21:22+05:30"
74,114,123,31.12,53.16,1634050312910,"2021-10-12T20:21:52+05:30"
69,107,116,31.1,53.01,1634050343477,"2021-10-12T20:22:23+05:30"
69,106,119,31.09,53.37,1634050374176,"2021-10-12T20:22:54+05:30"
67,102,112,31.06,53.56,1634050404696,"2021-10-12T20:23:24+05:30"
63,100,112,31.02,53.29,1634050437919,"2021-10-12T20:23:57+05:30"
66,100,108,31.03,53.99,1634050468027,"2021-10-12T20:24:28+05:30"
63,98,108,31.01,53.57,1634050498592,"2021-10-12T20:24:58+05:30"
63,97,108,31.04,53.82,1634050529144,"2021-10-12T20:25:29+05:30"
62,95,107,31.05,53.39,1634050559787,"2021-10-12T20:25:59+05:30"
62,96,107,31.05,53.61,1634050590335,"2021-10-12T20:26:30+05:30"
64,100,115,31.06,53.37,1634050620915,"2021-10-12T20:27:00+05:30"
62,95,107,31.08,53.39,1634050651492,"2021-10-12T20:27:31+05:30"
61,95,107,31.07,53.07,1634050682080,"2021-10-12T20:28:02+05:30"
61,92,100,31.07,52.96,1634050712640,"2021-10-12T20:28:32+05:30"
59,93,102,31.07,53.22,1634050743322,"2021-10-12T20:29:03+05:30"
60,93,103,31.08,53.24,1634050773785,"2021-10-12T20:29:33+05:30"
62,95,109,31.04,53.35,1634050804370,"2021-10-12T20:30:04+05:30"
60,94,108,31.04,53.29,1634050834974,"2021-10-12T20:30:34+05:30"
58,88,101,31.05,53.16,1634050865636,"2021-10-12T20:31:05+05:30"
59,92,103,31.05,53.32,1634050896341,"2021-10-12T20:31:36+05:30"
61,92,103,31.04,53.45,1634050926775,"2021-10-12T20:32:06+05:30"
62,95,104,31.02,53.68,1634050957297,"2021-10-12T20:32:37+05:30"
65,100,107,31,53.91,1634050988005,"2021-10-12T20:33:08+05:30"
62,97,106,31.02,53.77,1634051018473,"2021-10-12T20:33:38+05:30"
62,97,108,31.03,53.64,1634051049031,"2021-10-12T20:34:09+05:30"
63,99,115,31.03,53.55,1634051079696,"2021-10-12T20:34:39+05:30"
64,105,120,31.05,53.56,1634051100383,"2021-10-12T20:35:00+05:30"
65,101,117,31.06,53.41,1634051130844,"2021-10-12T20:35:30+05:30"
65,109,125,31.05,53.15,1634051161839,"2021-10-12T20:36:01+05:30"
64,103,121,31.05,53.15,1634051192077,"2021-10-12T20:36:32+05:30"
68,107,128,31.03,53,1634051222633,"2021-10-12T20:37:02+05:30"
64,109,125,31.02,53.17,1634051253309,"2021-10-12T20:37:33+05:30"
63,105,119,31.01,52.94,1634051283908,"2021-10-12T20:38:03+05:30"
63,101,118,31.01,52.43,1634051314475,"2021-10-12T20:38:34+05:30"
63,102,115,30.99,52.79,1634051344364,"2021-10-12T20:39:04+05:30"
62,99,114,31,52.63,1634051374926,"2021-10-12T20:39:34+05:30"
59,95,112,31.01,52.57,1634051405560,"2021-10-12T20:40:05+05:30"
59,97,113,31.02,52.75,1634051436080,"2021-10-12T20:40:36+05:30"
60,97,109,31.02,53.03,1634051466650,"2021-10-12T20:41:06+05:30"
58,95,107,31.07,53.26,1634051497407,"2021-10-12T20:41:37+05:30"
59,91,108,31.05,52.94,1634051527845,"2021-10-12T20:42:07+05:30"
58,89,101,31.03,52.84,1634051558463,"2021-10-12T20:42:38+05:30"
55,91,103,31.02,52.56,1634051589034,"2021-10-12T20:43:09+05:30"
55,89,99,30.99,52.53,1634051619755,"2021-10-12T20:43:39+05:30"
55,93,106,30.97,52.87,1634051650240,"2021-10-12T20:44:10+05:30"
56,90,104,31.01,53.27,1634051680764,"2021-10-12T20:44:40+05:30"
61,95,107,30.98,52.54,1634051711361,"2021-10-12T20:45:11+05:30"
65,105,119,30.96,52.98,1634051742019,"2021-10-12T20:45:42+05:30"
60,94,105,30.99,52.27,1634054210032,"2021-10-12T21:26:50+05:30"
59,93,103,30.93,52.33,1634054240145,"2021-10-12T21:27:20+05:30"
60,93,105,30.91,52.34,1634054270715,"2021-10-12T21:27:50+05:30"
59,90,102,30.89,52,1634054301299,"2021-10-12T21:28:21+05:30"
62,96,108,30.87,52.04,1634054404605,"2021-10-12T21:30:04+05:30"
61,94,107,30.87,52.19,1634054418029,"2021-10-12T21:30:18+05:30"
78,117,129,30.8,52.31,1634054743916,"2021-10-12T21:35:43+05:30"
75,113,130,30.83,52.39,1634054753939,"2021-10-12T21:35:53+05:30"
75,116,125,30.81,52.3,1634054825630,"2021-10-12T21:37:05+05:30"
72,109,121,30.78,52.27,1634054844699,"2021-10-12T21:37:24+05:30"
69,103,109,30.77,52.21,1634054885153,"2021-10-12T21:38:05+05:30"
67,103,113,30.77,52.33,1634054915225,"2021-10-12T21:38:35+05:30"
67,104,117,30.75,52.43,1634055125065,"2021-10-12T21:42:05+05:30"
66,104,117,30.71,52.38,1634055155262,"2021-10-12T21:42:35+05:30"
67,102,114,30.65,52.1,1634055364667,"2021-10-12T21:46:04+05:30"
65,99,110,30.68,52.13,1634055394795,"2021-10-12T21:46:34+05:30"
66,105,117,30.67,51.99,1634055426301,"2021-10-12T21:47:06+05:30"
63,100,112,30.68,52.23,1634055456795,"2021-10-12T21:47:36+05:30"
63,100,113,30.7,52.17,1634055487012,"2021-10-12T21:48:07+05:30"
64,103,115,30.71,52.34,1634055632178,"2021-10-12T21:50:32+05:30"
63,99,110,30.73,52.32,1634055642150,"2021-10-12T21:50:42+05:30"
61,93,106,30.7,52.07,1634055672716,"2021-10-12T21:51:12+05:30"
62,100,113,30.66,52.16,1634055703284,"2021-10-12T21:51:43+05:30"
63,97,114,30.63,52.18,1634055733887,"2021-10-12T21:52:13+05:30"
63,99,112,30.62,52.74,1634055764463,"2021-10-12T21:52:44+05:30"
61,93,103,30.63,52.5,1634055795455,"2021-10-12T21:53:15+05:30"
61,95,105,30.66,52.54,1634055825943,"2021-10-12T21:53:45+05:30"
60,93,104,30.67,52.15,1634055856551,"2021-10-12T21:54:16+05:30"
59,94,108,30.67,51.94,1634055887142,"2021-10-12T21:54:47+05:30"
59,93,106,30.69,52.2,1634055917735,"2021-10-12T21:55:17+05:30"
60,94,103,30.69,52.33,1634055948331,"2021-10-12T21:55:48+05:30"
59,95,106,30.68,52.24,1634055978925,"2021-10-12T21:56:18+05:30"
62,97,110,30.69,52.19,1634056009513,"2021-10-12T21:56:49+05:30"
59,91,105,30.69,52.33,1634056040079,"2021-10-12T21:57:20+05:30"
60,94,108,30.68,51.71,1634056070672,"2021-10-12T21:57:50+05:30"
62,100,117,30.68,51.72,1634056101266,"2021-10-12T21:58:21+05:30"
59,98,116,30.71,52.21,1634056131845,"2021-10-12T21:58:51+05:30"
61,97,114,30.71,52.01,1634056162456,"2021-10-12T21:59:22+05:30"
62,100,116,30.72,52.1,1634056193037,"2021-10-12T21:59:53+05:30"
63,103,117,30.71,52.23,1634056223668,"2021-10-12T22:00:23+05:30"
63,99,114,30.69,52.51,1634056254232,"2021-10-12T22:00:54+05:30"
63,97,111,30.69,52.28,1634056284815,"2021-10-12T22:01:24+05:30"
60,96,109,30.7,52.55,1634056315403,"2021-10-12T22:01:55+05:30"
63,101,114,30.68,52.49,1634056346007,"2021-10-12T22:02:26+05:30"
61,96,108,30.64,52.51,1634056376602,"2021-10-12T22:02:56+05:30"
62,97,107,30.63,52.33,1634056407185,"2021-10-12T22:03:27+05:30"
61,97,106,30.62,52.62,1634056437789,"2021-10-12T22:03:57+05:30"
62,100,112,30.59,52.65,1634056468499,"2021-10-12T22:04:28+05:30"
59,94,105,30.6,52.58,1634056499218,"2021-10-12T22:04:59+05:30"
58,90,101,30.61,52.29,1634056532640,"2021-10-12T22:05:32+05:30"
59,92,105,30.61,52.06,1634056550364,"2021-10-12T22:05:50+05:30"
60,93,101,30.6,52.11,1634056581163,"2021-10-12T22:06:21+05:30"
60,94,102,30.62,52.48,1634056611916,"2021-10-12T22:06:51+05:30"
62,94,107,30.61,52.47,1634056642627,"2021-10-12T22:07:22+05:30"
59,93,106,30.61,52.48,1634056673262,"2021-10-12T22:07:53+05:30"
60,93,103,30.62,52.49,1634056704512,"2021-10-12T22:08:24+05:30"
60,93,105,30.59,52.1,1634056734769,"2021-10-12T22:08:54+05:30"
59,91,101,30.57,51.82,1634056765375,"2021-10-12T22:09:25+05:30"
59,91,101,30.57,51.82,1634056767628,"2021-10-12T22:09:27+05:30"
59,89,98,30.56,51.8,1634056799874,"2021-10-12T22:09:59+05:30"
59,89,98,30.56,51.8,1634056801799,"2021-10-12T22:10:01+05:30"
61,96,103,30.51,52.42,1634056932718,"2021-10-12T22:12:12+05:30"
60,93,102,30.52,52.21,1634056948045,"2021-10-12T22:12:28+05:30"
63,95,105,30.56,52.45,1634056978616,"2021-10-12T22:12:58+05:30"
61,91,101,30.67,52.63,1634057009397,"2021-10-12T22:13:29+05:30"
61,96,102,30.76,52.41,1634057039979,"2021-10-12T22:13:59+05:30"
59,89,101,30.84,52.16,1634057070560,"2021-10-12T22:14:30+05:30"
60,94,107,30.88,51.84,1634057101122,"2021-10-12T22:15:01+05:30"
59,92,103,30.9,51.93,1634057131748,"2021-10-12T22:15:31+05:30"
62,92,100,30.96,51.72,1634057162351,"2021-10-12T22:16:02+05:30"
62,95,104,31,51.74,1634057192916,"2021-10-12T22:16:32+05:30"
63,96,107,31.04,51.53,1634057223591,"2021-10-12T22:17:03+05:30"
61,96,110,31.05,51.28,1634057254183,"2021-10-12T22:17:34+05:30"
60,93,104,31.08,51.28,1634057284793,"2021-10-12T22:18:04+05:30"
60,94,106,31.1,51.36,1634057315388,"2021-10-12T22:18:35+05:30"
60,96,111,31.13,51.31,1634057346160,"2021-10-12T22:19:06+05:30"
61,97,109,31.17,51.23,1634057376523,"2021-10-12T22:19:36+05:30"
64,98,110,31.19,51.3,1634057407122,"2021-10-12T22:20:07+05:30"
64,100,108,31.19,51.41,1634057437680,"2021-10-12T22:20:37+05:30"
68,104,113,31.19,51.4,1634057468282,"2021-10-12T22:21:08+05:30"
67,103,115,31.18,51.36,1634057498878,"2021-10-12T22:21:38+05:30"
68,105,122,31.17,51.42,1634057529479,"2021-10-12T22:22:09+05:30"
70,108,120,31.2,51.36,1634057560078,"2021-10-12T22:22:40+05:30"
70,108,122,31.22,51.25,1634057590682,"2021-10-12T22:23:10+05:30"
70,107,120,31.05,50.89,1634057621242,"2021-10-12T22:23:41+05:30"
71,107,117,30.88,51.31,1634057651864,"2021-10-12T22:24:11+05:30"
83,124,133,30.76,51.54,1634057682445,"2021-10-12T22:24:42+05:30"
74,111,125,30.66,51.89,1634057713130,"2021-10-12T22:25:13+05:30"
71,108,117,30.62,52.31,1634057743613,"2021-10-12T22:25:43+05:30"
69,103,114,30.59,52.21,1634057774254,"2021-10-12T22:26:14+05:30"
68,103,118,30.55,52.18,1634057804971,"2021-10-12T22:26:44+05:30"
65,98,109,30.53,52.83,1634057834166,"2021-10-12T22:27:14+05:30"
66,103,114,30.54,52.95,1634057864238,"2021-10-12T22:27:44+05:30"
63,98,107,30.56,52.75,1634057894841,"2021-10-12T22:28:14+05:30"
62,98,108,30.59,52.69,1634057925450,"2021-10-12T22:28:45+05:30"
63,97,109,30.59,52.4,1634057956131,"2021-10-12T22:29:16+05:30"
60,95,105,30.59,52.58,1634057986686,"2021-10-12T22:29:46+05:30"
63,97,107,30.58,53,1634058017261,"2021-10-12T22:30:17+05:30"
62,94,106,30.5,53.16,1634058047820,"2021-10-12T22:30:47+05:30"
63,99,109,30.47,53.38,1634058078472,"2021-10-12T22:31:18+05:30"
63,98,110,30.42,53.31,1634058108994,"2021-10-12T22:31:48+05:30"
62,94,104,30.42,53.53,1634058139604,"2021-10-12T22:32:19+05:30"
64,97,113,30.38,53.12,1634058170182,"2021-10-12T22:32:50+05:30"
61,93,104,30.35,52.86,1634058200781,"2021-10-12T22:33:20+05:30"
62,96,104,30.34,52.67,1634058231337,"2021-10-12T22:33:51+05:30"
63,97,106,30.33,52.64,1634058261928,"2021-10-12T22:34:21+05:30"
64,99,110,30.33,52.38,1634058292520,"2021-10-12T22:34:52+05:30"
65,100,111,30.33,52.26,1634058323114,"2021-10-12T22:35:23+05:30"
67,102,111,30.31,52.43,1634058353755,"2021-10-12T22:35:53+05:30"
64,100,108,30.33,52.74,1634058384322,"2021-10-12T22:36:24+05:30"
63,98,108,30.37,52.88,1634058414917,"2021-10-12T22:36:54+05:30"
66,99,110,30.36,52.22,1634058445556,"2021-10-12T22:37:25+05:30"
65,100,110,30.37,52.62,1634058476068,"2021-10-12T22:37:56+05:30"
64,100,113,30.37,52.5,1634058506654,"2021-10-12T22:38:26+05:30"
64,99,106,30.37,52.5,1634058537240,"2021-10-12T22:38:57+05:30"
65,101,115,30.37,52.54,1634058567856,"2021-10-12T22:39:27+05:30"
65,100,110,30.48,53.01,1634058598452,"2021-10-12T22:39:58+05:30"
65,97,108,30.61,53.16,1634058629047,"2021-10-12T22:40:29+05:30"
67,101,115,30.67,52.36,1634058659671,"2021-10-12T22:40:59+05:30"
64,98,111,30.73,52.95,1634058690218,"2021-10-12T22:41:30+05:30"
68,106,119,30.8,52.49,1634058720827,"2021-10-12T22:42:00+05:30"
69,108,124,30.86,51.85,1634058753900,"2021-10-12T22:42:33+05:30"
71,111,124,30.89,51.69,1634058784008,"2021-10-12T22:43:04+05:30"
71,112,124,30.94,51.92,1634058814585,"2021-10-12T22:43:34+05:30"
68,107,120,30.98,52.05,1634058845179,"2021-10-12T22:44:05+05:30"
68,102,115,31.01,51.83,1634058875793,"2021-10-12T22:44:35+05:30"
67,105,116,31.05,51.77,1634058906386,"2021-10-12T22:45:06+05:30"
70,109,121,31.04,51.7,1634058936978,"2021-10-12T22:45:36+05:30"
69,109,125,31,51.86,1634058967555,"2021-10-12T22:46:07+05:30"
69,108,123,31.03,51.62,1634058998143,"2021-10-12T22:46:38+05:30"
69,105,117,31.09,51.41,1634059028757,"2021-10-12T22:47:08+05:30"
68,106,117,31.1,51.29,1634059059389,"2021-10-12T22:47:39+05:30"
67,104,118,31.1,51.51,1634059089939,"2021-10-12T22:48:09+05:30"
65,102,116,31.11,51.44,1634059120520,"2021-10-12T22:48:40+05:30"
68,103,117,31.11,51.21,1634059151120,"2021-10-12T22:49:11+05:30"
67,102,116,31.05,50.78,1634059181738,"2021-10-12T22:49:41+05:30"
65,101,115,31.05,51.07,1634059212375,"2021-10-12T22:50:12+05:30"
67,103,115,31.02,50.99,1634059242893,"2021-10-12T22:50:42+05:30"
65,101,114,31.04,50.77,1634059273490,"2021-10-12T22:51:13+05:30"
66,101,117,31.01,50.45,1634059304088,"2021-10-12T22:51:44+05:30"
61,96,108,30.96,50.49,1634059334775,"2021-10-12T22:52:14+05:30"
61,93,103,30.98,50.53,1634059365489,"2021-10-12T22:52:45+05:30"
61,94,104,31.01,50.34,1634059386047,"2021-10-12T22:53:06+05:30"
61,92,102,30.99,50.33,1634059416626,"2021-10-12T22:53:36+05:30"
61,96,106,30.96,50.36,1634059447247,"2021-10-12T22:54:07+05:30"
59,90,103,30.99,50.59,1634059477793,"2021-10-12T22:54:37+05:30"
58,88,100,31.01,50.51,1634059508362,"2021-10-12T22:55:08+05:30"
57,89,103,30.98,50.23,1634059538953,"2021-10-12T22:55:38+05:30"
59,95,108,30.88,50.35,1634059569515,"2021-10-12T22:56:09+05:30"
59,90,98,30.96,50.84,1634059600106,"2021-10-12T22:56:40+05:30"
58,88,97,30.96,50.71,1634059635379,"2021-10-12T22:57:15+05:30"
60,92,106,30.98,50.94,1634059665464,"2021-10-12T22:57:45+05:30"
59,91,102,31.01,50.79,1634059696038,"2021-10-12T22:58:16+05:30"
56,88,101,31.04,50.51,1634059726694,"2021-10-12T22:58:46+05:30"
57,89,98,31.03,49.8,1634059757314,"2021-10-12T22:59:17+05:30"
57,88,97,31.01,50.44,1634059787860,"2021-10-12T22:59:47+05:30"
57,88,99,31.04,50.45,1634059818411,"2021-10-12T23:00:18+05:30"
57,90,101,31.04,50.08,1634059849009,"2021-10-12T23:00:49+05:30"
57,89,101,31.04,50.15,1634059879594,"2021-10-12T23:01:19+05:30"
58,89,100,31.06,49.92,1634059910164,"2021-10-12T23:01:50+05:30"
59,92,103,31.02,49.92,1634059940745,"2021-10-12T23:02:20+05:30"
59,91,101,30.99,50.11,1634059971317,"2021-10-12T23:02:51+05:30"
59,92,105,30.96,50.79,1634060001882,"2021-10-12T23:03:21+05:30"
57,90,101,30.96,50.52,1634060032470,"2021-10-12T23:03:52+05:30"
57,88,97,30.92,49.99,1634060063063,"2021-10-12T23:04:23+05:30"
58,90,100,30.9,50.44,1634060093693,"2021-10-12T23:04:53+05:30"
56,87,98,30.92,50.46,1634060124256,"2021-10-12T23:05:24+05:30"
56,90,101,30.93,50.51,1634060154904,"2021-10-12T23:05:54+05:30"
55,86,99,30.96,50.24,1634060185480,"2021-10-12T23:06:25+05:30"
55,86,93,30.98,49.99,1634060216094,"2021-10-12T23:06:56+05:30"
55,88,96,31,49.87,1634060246680,"2021-10-12T23:07:26+05:30"
55,85,95,31.02,49.55,1634060277339,"2021-10-12T23:07:57+05:30"
54,85,98,31.03,49.14,1634060307891,"2021-10-12T23:08:27+05:30"
53,83,96,31.03,48.97,1634060338542,"2021-10-12T23:08:58+05:30"
56,83,94,30.97,48.71,1634060359268,"2021-10-12T23:09:19+05:30"
55,83,91,30.97,48.63,1634060389628,"2021-10-12T23:09:49+05:30"
53,85,98,30.92,47.72,1634060420228,"2021-10-12T23:10:20+05:30"
55,86,98,30.83,47.61,1634060450999,"2021-10-12T23:10:50+05:30"
53,82,90,30.77,47.82,1634060481530,"2021-10-12T23:11:21+05:30"
53,85,95,30.78,48.17,1634060512084,"2021-10-12T23:11:52+05:30"
54,83,92,30.8,47.99,1634060542277,"2021-10-12T23:12:22+05:30"
53,81,89,30.8,47.84,1634060572365,"2021-10-12T23:12:52+05:30"
54,84,92,30.79,47.96,1634060602960,"2021-10-12T23:13:22+05:30"
54,84,95,30.81,47.69,1634060633585,"2021-10-12T23:13:53+05:30"
55,84,93,30.82,47.38,1634060664353,"2021-10-12T23:14:24+05:30"
54,84,97,30.82,47.11,1634060694689,"2021-10-12T23:14:54+05:30"
54,86,97,30.79,47.4,1634060725366,"2021-10-12T23:15:25+05:30"
53,80,91,30.79,47.17,1634060755905,"2021-10-12T23:15:55+05:30"
56,84,97,30.81,47.12,1634060786446,"2021-10-12T23:16:26+05:30"
54,86,93,30.84,47.39,1634060817025,"2021-10-12T23:16:57+05:30"
58,89,99,30.84,47.03,1634060847626,"2021-10-12T23:17:27+05:30"
56,85,94,30.83,46.47,1634060878219,"2021-10-12T23:17:58+05:30"
55,87,102,30.72,45.18,1634060908805,"2021-10-12T23:18:28+05:30"
54,83,94,30.7,47.21,1634060939358,"2021-10-12T23:18:59+05:30"
56,85,95,30.68,45.57,1634060969962,"2021-10-12T23:19:29+05:30"
54,85,95,30.68,46.78,1634061000557,"2021-10-12T23:20:00+05:30"
55,84,96,30.72,46.43,1634061031249,"2021-10-12T23:20:31+05:30"
54,84,94,30.74,46.38,1634061061683,"2021-10-12T23:21:01+05:30"
55,87,94,30.76,46.15,1634061092291,"2021-10-12T23:21:32+05:30"
54,85,94,30.78,46.06,1634061122873,"2021-10-12T23:22:02+05:30"
53,85,93,30.79,45.73,1634061153452,"2021-10-12T23:22:33+05:30"
54,82,93,30.79,45.84,1634061184018,"2021-10-12T23:23:04+05:30"
52,84,94,30.77,45.81,1634061214626,"2021-10-12T23:23:34+05:30"
51,79,87,30.78,46.18,1634061245217,"2021-10-12T23:24:05+05:30"
53,84,96,30.77,46.1,1634061275777,"2021-10-12T23:24:35+05:30"
52,83,94,30.78,46.38,1634061306346,"2021-10-12T23:25:06+05:30"
54,84,93,30.78,46.28,1634061336951,"2021-10-12T23:25:36+05:30"
52,83,94,30.8,46.31,1634061367527,"2021-10-12T23:26:07+05:30"
54,85,94,30.8,46.54,1634061398107,"2021-10-12T23:26:38+05:30"
54,83,93,30.81,47.21,1634061428700,"2021-10-12T23:27:08+05:30"
55,86,95,30.83,46.92,1634061456536,"2021-10-12T23:27:36+05:30"
57,88,99,30.82,46.32,1634061486658,"2021-10-12T23:28:06+05:30"
72,113,126,30.74,46.04,1634061517239,"2021-10-12T23:28:37+05:30"
61,93,103,30.77,46.66,1634061547825,"2021-10-12T23:29:07+05:30"
69,105,113,30.78,46.31,1634061578437,"2021-10-12T23:29:38+05:30"
70,106,118,30.78,46.59,1634061609009,"2021-10-12T23:30:09+05:30"
70,109,119,30.83,46.54,1634061639611,"2021-10-12T23:30:39+05:30"
70,106,118,30.88,46.45,1634061670219,"2021-10-12T23:31:10+05:30"
70,105,118,30.94,46.12,1634061700827,"2021-10-12T23:31:40+05:30"
71,108,124,30.96,46.23,1634061731384,"2021-10-12T23:32:11+05:30"
72,113,127,30.94,46.42,1634061761990,"2021-10-12T23:32:41+05:30"
72,114,125,30.92,46.36,1634061792584,"2021-10-12T23:33:12+05:30"
76,114,126,30.89,45.83,1634061823167,"2021-10-12T23:33:43+05:30"
78,121,132,30.9,45.7,1634061853788,"2021-10-12T23:34:13+05:30"
81,126,137,30.9,45.42,1634061884396,"2021-10-12T23:34:44+05:30"
83,130,142,30.89,45.75,1634061914928,"2021-10-12T23:35:14+05:30"
86,130,143,30.9,45.32,1634061945528,"2021-10-12T23:35:45+05:30"
88,137,151,30.92,45.19,1634061976096,"2021-10-12T23:36:16+05:30"
91,138,155,30.92,45.25,1634062006715,"2021-10-12T23:36:46+05:30"
92,141,158,30.91,45.31,1634062037279,"2021-10-12T23:37:17+05:30"
95,142,157,30.88,45.41,1634062067886,"2021-10-12T23:37:47+05:30"
92,139,158,30.86,45.39,1634062098478,"2021-10-12T23:38:18+05:30"
95,145,160,30.84,45.28,1634062129178,"2021-10-12T23:38:49+05:30"
91,138,155,30.77,45.14,1634062159737,"2021-10-12T23:39:19+05:30"