"pm1_0","pm2_5","pm10","temp","humid","createdAt","localtime"
81,125,138,30.09,75.49,1633230871885,"2021-10-03T08:44:31+05:30"
81,126,137,30.21,75.03,1633230882356,"2021-10-03T08:44:42+05:30"
80,122,129,30.38,74.5,1633230912928,"2021-10-03T08:45:12+05:30"
83,130,139,30.49,74.22,1633230943772,"2021-10-03T08:45:43+05:30"
84,127,136,30.57,74.1,1633230974208,"2021-10-03T08:46:14+05:30"
90,140,151,30.65,73.6,1633231004738,"2021-10-03T08:46:44+05:30"
83,129,139,30.7,73.1,1633231035317,"2021-10-03T08:47:15+05:30"
78,124,133,30.74,73.03,1633231065879,"2021-10-03T08:47:45+05:30"
84,129,136,30.76,73.02,1633231096447,"2021-10-03T08:48:16+05:30"
81,126,138,30.82,72.7,1633231127022,"2021-10-03T08:48:47+05:30"
84,133,144,30.82,72.56,1633231157695,"2021-10-03T08:49:17+05:30"
78,121,130,30.83,72.65,1633231188266,"2021-10-03T08:49:48+05:30"
83,129,138,30.84,72.68,1633231218847,"2021-10-03T08:50:18+05:30"
85,131,139,30.89,72.45,1633231249409,"2021-10-03T08:50:49+05:30"
79,123,131,30.9,72.2,1633231279982,"2021-10-03T08:51:19+05:30"
80,123,130,30.94,72.21,1633231310566,"2021-10-03T08:51:50+05:30"
78,118,125,30.95,72.24,1633231341126,"2021-10-03T08:52:21+05:30"
80,123,134,30.95,72.48,1633231371683,"2021-10-03T08:52:51+05:30"
76,120,127,30.98,72.11,1633231402476,"2021-10-03T08:53:22+05:30"
75,117,122,31.01,71.87,1633231432868,"2021-10-03T08:53:52+05:30"
73,115,124,31.03,71.8,1633231463404,"2021-10-03T08:54:23+05:30"
68,107,111,31.04,71.48,1633231493964,"2021-10-03T08:54:53+05:30"
67,101,108,31.04,71.34,1633231524557,"2021-10-03T08:55:24+05:30"
68,103,111,31.02,71.71,1633231555113,"2021-10-03T08:55:55+05:30"
70,109,116,31.04,71.81,1633231585680,"2021-10-03T08:56:25+05:30"
71,109,115,31.06,71.84,1633231616244,"2021-10-03T08:56:56+05:30"
74,113,121,31.04,71.77,1633231646816,"2021-10-03T08:57:26+05:30"
70,109,116,31.04,71.82,1633231677459,"2021-10-03T08:57:57+05:30"
73,112,121,31.07,71.8,1633231708024,"2021-10-03T08:58:28+05:30"
71,114,124,31.11,71.61,1633231738619,"2021-10-03T08:58:58+05:30"
70,112,122,31.16,71.54,1633231772610,"2021-10-03T08:59:32+05:30"
67,100,105,31.17,71.47,1633231802739,"2021-10-03T09:00:02+05:30"
71,124,153,31.27,71.32,1633231833270,"2021-10-03T09:00:33+05:30"
65,114,149,31.28,70.31,1633231863977,"2021-10-03T09:01:03+05:30"
65,123,179,31.28,70.56,1633231894442,"2021-10-03T09:01:34+05:30"
65,113,142,31.3,70.56,1633231924988,"2021-10-03T09:02:04+05:30"
62,99,117,31.29,70.25,1633231955575,"2021-10-03T09:02:35+05:30"
60,98,112,31.29,70.36,1633231986144,"2021-10-03T09:03:06+05:30"
59,94,106,31.29,70.12,1633232016744,"2021-10-03T09:03:36+05:30"
57,90,99,31.27,69.92,1633232047307,"2021-10-03T09:04:07+05:30"
60,94,105,31.27,70.06,1633232077889,"2021-10-03T09:04:37+05:30"
58,93,102,31.29,69.93,1633232108463,"2021-10-03T09:05:08+05:30"
64,100,111,31.32,69.75,1633232139053,"2021-10-03T09:05:39+05:30"
69,105,113,31.3,69.7,1633232169619,"2021-10-03T09:06:09+05:30"
68,106,113,31.31,69.94,1633232200214,"2021-10-03T09:06:40+05:30"
76,115,123,31.34,69.72,1633232230879,"2021-10-03T09:07:10+05:30"
87,138,150,31.36,69.42,1633232261355,"2021-10-03T09:07:41+05:30"
89,140,150,31.36,69.54,1633232291969,"2021-10-03T09:08:11+05:30"
84,128,139,31.36,69.15,1633232322534,"2021-10-03T09:08:42+05:30"
86,135,144,31.36,68.97,1633232353161,"2021-10-03T09:09:13+05:30"
93,144,156,31.36,69.35,1633232383723,"2021-10-03T09:09:43+05:30"
94,146,154,31.38,69.2,1633232414255,"2021-10-03T09:10:14+05:30"
98,155,169,31.42,69.16,1633232444865,"2021-10-03T09:10:44+05:30"
89,138,149,31.43,69.15,1633232475786,"2021-10-03T09:11:15+05:30"
87,139,148,31.42,69.28,1633232506717,"2021-10-03T09:11:46+05:30"
85,131,141,31.45,69.35,1633232537678,"2021-10-03T09:12:17+05:30"
89,140,152,31.44,69.48,1633232557789,"2021-10-03T09:12:37+05:30"
91,149,162,31.44,69.36,1633232588396,"2021-10-03T09:13:08+05:30"
93,146,157,31.44,69.55,1633232618955,"2021-10-03T09:13:38+05:30"
102,160,176,31.48,69.53,1633232649533,"2021-10-03T09:14:09+05:30"
112,176,190,31.48,69.64,1633232678965,"2021-10-03T09:14:38+05:30"
119,186,198,31.5,69.82,1633232709515,"2021-10-03T09:15:09+05:30"
117,180,193,31.49,69.63,1633232740169,"2021-10-03T09:15:40+05:30"
110,171,182,31.48,69.86,1633232770681,"2021-10-03T09:16:10+05:30"
97,149,161,31.51,69.89,1633232801259,"2021-10-03T09:16:41+05:30"
86,136,144,31.52,69.64,1633232831875,"2021-10-03T09:17:11+05:30"
92,151,161,31.51,69.8,1633232862440,"2021-10-03T09:17:42+05:30"
111,177,194,31.49,69.76,1633232893014,"2021-10-03T09:18:13+05:30"
105,164,180,31.48,69.91,1633232923579,"2021-10-03T09:18:43+05:30"
93,144,156,31.49,69.78,1633232954158,"2021-10-03T09:19:14+05:30"
95,149,158,31.47,69.68,1633232984740,"2021-10-03T09:19:44+05:30"
79,122,131,31.48,69.55,1633233015316,"2021-10-03T09:20:15+05:30"
85,134,147,31.51,69.43,1633233045900,"2021-10-03T09:20:45+05:30"
88,139,149,31.49,69.12,1633233076694,"2021-10-03T09:21:16+05:30"
70,109,116,31.49,69,1633233107140,"2021-10-03T09:21:47+05:30"
71,111,119,31.52,68.95,1633233137720,"2021-10-03T09:22:17+05:30"
101,164,176,31.55,68.63,1633233168385,"2021-10-03T09:22:48+05:30"
101,164,179,31.54,68.87,1633233198885,"2021-10-03T09:23:18+05:30"
84,133,142,31.53,68.61,1633233229457,"2021-10-03T09:23:49+05:30"
83,134,147,31.53,68.91,1633233260072,"2021-10-03T09:24:20+05:30"
72,118,127,31.56,68.39,1633233290621,"2021-10-03T09:24:50+05:30"
70,113,122,31.55,68.22,1633233321208,"2021-10-03T09:25:21+05:30"
66,101,110,31.58,68.26,1633233351812,"2021-10-03T09:25:51+05:30"
64,104,110,31.61,68.29,1633233382357,"2021-10-03T09:26:22+05:30"
65,101,108,31.66,68.31,1633233412940,"2021-10-03T09:26:52+05:30"
57,87,95,31.69,67.75,1633233443535,"2021-10-03T09:27:23+05:30"
61,91,97,31.71,67.61,1633233474106,"2021-10-03T09:27:54+05:30"
57,89,92,31.72,67.69,1633233504671,"2021-10-03T09:28:24+05:30"
59,87,95,31.7,67.3,1633233535252,"2021-10-03T09:28:55+05:30"
68,105,113,31.67,67.56,1633233565811,"2021-10-03T09:29:25+05:30"
71,114,122,31.63,67.87,1633233593173,"2021-10-03T09:29:53+05:30"
81,129,139,31.66,68.26,1633233623771,"2021-10-03T09:30:23+05:30"
74,119,125,31.7,68.57,1633233654353,"2021-10-03T09:30:54+05:30"
65,100,108,31.75,68.11,1633233684904,"2021-10-03T09:31:24+05:30"
76,119,128,31.76,67.8,1633233715492,"2021-10-03T09:31:55+05:30"
61,96,103,31.77,67.8,1633233746072,"2021-10-03T09:32:26+05:30"
59,93,100,31.8,67.69,1633233776657,"2021-10-03T09:32:56+05:30"
55,87,93,31.81,67.56,1633233807221,"2021-10-03T09:33:27+05:30"
54,81,85,31.82,67.36,1633233837823,"2021-10-03T09:33:57+05:30"
53,79,85,31.83,67.41,1633233868395,"2021-10-03T09:34:28+05:30"
49,75,81,31.8,67.26,1633233898934,"2021-10-03T09:34:58+05:30"
51,77,82,31.83,67.84,1633233929509,"2021-10-03T09:35:29+05:30"
50,77,83,31.88,67.3,1633233960097,"2021-10-03T09:36:00+05:30"
48,73,79,31.9,67.01,1633233990644,"2021-10-03T09:36:30+05:30"
51,76,80,31.89,67.4,1633234021223,"2021-10-03T09:37:01+05:30"
51,73,80,31.9,67.32,1633234051793,"2021-10-03T09:37:31+05:30"
50,78,83,31.87,67.08,1633234082423,"2021-10-03T09:38:02+05:30"
52,82,89,31.83,67.28,1633234112936,"2021-10-03T09:38:32+05:30"
66,96,102,31.85,67.41,1633234143490,"2021-10-03T09:39:03+05:30"
82,119,127,31.87,67.5,1633234174099,"2021-10-03T09:39:34+05:30"
137,200,214,31.88,67.77,1633234204671,"2021-10-03T09:40:04+05:30"
120,176,186,31.88,68.04,1633234235241,"2021-10-03T09:40:35+05:30"
103,153,163,31.85,68.12,1633234265812,"2021-10-03T09:41:05+05:30"
88,128,134,31.84,68.04,1633234296413,"2021-10-03T09:41:36+05:30"
81,118,126,31.83,67.94,1633234326992,"2021-10-03T09:42:06+05:30"
77,112,120,31.88,67.58,1633234357555,"2021-10-03T09:42:37+05:30"
64,93,99,31.9,66.82,1633234388205,"2021-10-03T09:43:08+05:30"
58,87,96,31.91,66.7,1633234418703,"2021-10-03T09:43:38+05:30"
54,80,83,31.93,66.68,1633234449276,"2021-10-03T09:44:09+05:30"
69,104,110,31.89,66.77,1633234479021,"2021-10-03T09:44:39+05:30"
84,128,135,31.85,67.24,1633234509608,"2021-10-03T09:45:09+05:30"
91,139,148,31.82,67.2,1633234540208,"2021-10-03T09:45:40+05:30"
74,115,120,31.81,67.35,1633234570763,"2021-10-03T09:46:10+05:30"
60,91,97,31.84,67.3,1633234601340,"2021-10-03T09:46:41+05:30"
57,86,89,31.87,66.86,1633234631906,"2021-10-03T09:47:11+05:30"
49,73,80,31.89,66.47,1633234662497,"2021-10-03T09:47:42+05:30"
52,77,83,31.88,66.7,1633234693230,"2021-10-03T09:48:13+05:30"
50,74,81,31.88,66.5,1633234723789,"2021-10-03T09:48:43+05:30"
46,67,74,31.87,66.51,1633234754356,"2021-10-03T09:49:14+05:30"
43,63,73,31.86,66.38,1633234784989,"2021-10-03T09:49:44+05:30"
44,65,75,31.89,66.7,1633234815806,"2021-10-03T09:50:15+05:30"
42,63,73,31.9,66.27,1633234846372,"2021-10-03T09:50:46+05:30"
39,58,71,31.9,66.02,1633234877031,"2021-10-03T09:51:17+05:30"
38,57,69,31.89,65.8,1633234907591,"2021-10-03T09:51:47+05:30"
37,57,69,31.89,65.57,1633234938205,"2021-10-03T09:52:18+05:30"
36,54,68,31.88,65.33,1633234968731,"2021-10-03T09:52:48+05:30"
40,59,71,31.88,65.44,1633234999309,"2021-10-03T09:53:19+05:30"
43,64,73,31.89,65.65,1633235029882,"2021-10-03T09:53:49+05:30"
44,66,74,31.86,65.72,1633235060433,"2021-10-03T09:54:20+05:30"
46,70,76,31.85,65.94,1633235091033,"2021-10-03T09:54:51+05:30"
45,67,75,31.86,66.06,1633235121593,"2021-10-03T09:55:21+05:30"
45,68,75,31.85,66.07,1633235152149,"2021-10-03T09:55:52+05:30"
41,62,72,31.87,66.08,1633235182718,"2021-10-03T09:56:22+05:30"
47,70,78,31.91,66.29,1633235213322,"2021-10-03T09:56:53+05:30"
54,82,87,31.93,66.33,1633235243867,"2021-10-03T09:57:23+05:30"
45,65,74,31.98,66.08,1633235274420,"2021-10-03T09:57:54+05:30"
40,61,72,31.99,65.45,1633235304991,"2021-10-03T09:58:24+05:30"
39,60,70,31.98,65.47,1633235335562,"2021-10-03T09:58:55+05:30"
38,56,68,31.99,65.37,1633235395307,"2021-10-03T09:59:55+05:30"
40,58,70,32,65.46,1633235425961,"2021-10-03T10:00:25+05:30"
39,58,70,32.04,65.73,1633235456458,"2021-10-03T10:00:56+05:30"
40,59,70,32.05,65.48,1633235487028,"2021-10-03T10:01:27+05:30"
38,58,69,32.06,65.55,1633235517712,"2021-10-03T10:01:57+05:30"
37,54,66,32.08,64.59,1633235548257,"2021-10-03T10:02:28+05:30"
37,53,66,32.1,64.68,1633235579138,"2021-10-03T10:02:59+05:30"
34,51,64,32.1,64.15,1633235609624,"2021-10-03T10:03:29+05:30"
37,54,68,32.07,63.93,1633235640282,"2021-10-03T10:04:00+05:30"
37,56,69,32.1,64.35,1633235670956,"2021-10-03T10:04:30+05:30"
36,54,66,32.1,63.93,1633235701535,"2021-10-03T10:05:01+05:30"
36,54,68,32.08,63.87,1633235732300,"2021-10-03T10:05:32+05:30"
41,63,77,32.04,63.98,1633235762683,"2021-10-03T10:06:02+05:30"
51,76,82,32.05,65.2,1633235793310,"2021-10-03T10:06:33+05:30"
54,82,91,32.08,64.95,1633235823824,"2021-10-03T10:07:03+05:30"
46,68,77,32.12,64.86,1633235854382,"2021-10-03T10:07:34+05:30"
44,67,76,32.12,64.92,1633235884953,"2021-10-03T10:08:04+05:30"
50,76,81,32.1,64.93,1633235915661,"2021-10-03T10:08:35+05:30"
57,87,91,32.1,65.11,1633235946099,"2021-10-03T10:09:06+05:30"
71,109,116,32.1,64.8,1633235976815,"2021-10-03T10:09:36+05:30"
70,109,114,32.11,64.24,1633236007363,"2021-10-03T10:10:07+05:30"
56,84,88,32.08,64.91,1633236037923,"2021-10-03T10:10:37+05:30"
51,79,85,32.07,64.91,1633236068498,"2021-10-03T10:11:08+05:30"
43,65,74,32.06,64.25,1633236099130,"2021-10-03T10:11:39+05:30"
61,98,107,32.06,64.47,1633236129645,"2021-10-03T10:12:09+05:30"
53,80,87,32.09,64.23,1633236160226,"2021-10-03T10:12:40+05:30"
69,107,117,32.08,63.81,1633236190789,"2021-10-03T10:13:10+05:30"
75,120,131,32.11,63.62,1633236221363,"2021-10-03T10:13:41+05:30"
54,82,88,32.12,63.19,1633236251959,"2021-10-03T10:14:11+05:30"
43,66,74,32.12,63.29,1633236278073,"2021-10-03T10:14:38+05:30"
62,102,117,32.11,63.53,1633236308446,"2021-10-03T10:15:08+05:30"
95,164,180,32.09,63.29,1633236339022,"2021-10-03T10:15:39+05:30"
60,96,105,32.05,63.97,1633236369614,"2021-10-03T10:16:09+05:30"
89,141,156,32.06,63.81,1633236400185,"2021-10-03T10:16:40+05:30"
78,120,131,32.09,63.4,1633236430780,"2021-10-03T10:17:10+05:30"
97,163,183,32.12,63.03,1633236461344,"2021-10-03T10:17:41+05:30"
81,129,143,32.1,63.32,1633236491926,"2021-10-03T10:18:11+05:30"
71,114,121,32.1,63.21,1633236522502,"2021-10-03T10:18:42+05:30"
79,127,140,32.11,63.22,1633236553090,"2021-10-03T10:19:13+05:30"
83,134,147,32.13,62.68,1633236583667,"2021-10-03T10:19:43+05:30"
74,120,133,32.12,63.1,1633236614247,"2021-10-03T10:20:14+05:30"
54,87,98,32.1,63.44,1633236644972,"2021-10-03T10:20:44+05:30"
90,151,168,32.03,63.9,1633236675398,"2021-10-03T10:21:15+05:30"
77,125,137,32.07,63.96,1633236705980,"2021-10-03T10:21:45+05:30"
65,106,120,32.12,63.74,1633236736559,"2021-10-03T10:22:16+05:30"
59,92,103,32.12,63.52,1633236767144,"2021-10-03T10:22:47+05:30"
55,92,105,32.11,63.08,1633236797733,"2021-10-03T10:23:17+05:30"
62,101,111,32.15,63.69,1633236828305,"2021-10-03T10:23:48+05:30"
63,101,111,32.19,63.54,1633236858890,"2021-10-03T10:24:18+05:30"
46,72,80,32.15,63.09,1633236889528,"2021-10-03T10:24:49+05:30"
38,58,70,32.12,62.64,1633236920039,"2021-10-03T10:25:20+05:30"
48,76,89,32.11,62.91,1633236950597,"2021-10-03T10:25:50+05:30"
51,80,89,32.1,63.41,1633236981260,"2021-10-03T10:26:21+05:30"
53,81,86,32.12,63.5,1633237011847,"2021-10-03T10:26:51+05:30"
45,70,78,32.11,63.37,1633237042404,"2021-10-03T10:27:22+05:30"
45,70,77,32.14,63.49,1633237073056,"2021-10-03T10:27:53+05:30"
41,62,74,32.14,63.34,1633237174227,"2021-10-03T10:29:34+05:30"
39,59,70,32.12,63.59,1633237204246,"2021-10-03T10:30:04+05:30"
40,62,72,32.12,63.44,1633237234816,"2021-10-03T10:30:34+05:30"
45,70,78,32.17,63.54,1633237265396,"2021-10-03T10:31:05+05:30"
37,56,70,32.24,62.78,1633237295988,"2021-10-03T10:31:35+05:30"
34,52,64,32.27,62.32,1633237326587,"2021-10-03T10:32:06+05:30"
33,51,63,32.29,62.21,1633237357138,"2021-10-03T10:32:37+05:30"
33,51,66,32.31,62.16,1633237387733,"2021-10-03T10:33:07+05:30"
33,50,65,32.32,62.23,1633237418309,"2021-10-03T10:33:38+05:30"
33,49,61,32.32,62.12,1633237448957,"2021-10-03T10:34:08+05:30"
31,49,60,32.31,61.88,1633237479529,"2021-10-03T10:34:39+05:30"
32,50,63,32.33,62.03,1633237510095,"2021-10-03T10:35:10+05:30"
31,45,55,32.31,61.57,1633237540930,"2021-10-03T10:35:40+05:30"
37,55,69,32.27,61.96,1633237571249,"2021-10-03T10:36:11+05:30"
33,49,61,32.28,62.6,1633237601835,"2021-10-03T10:36:41+05:30"
33,48,60,32.26,62.52,1633237632419,"2021-10-03T10:37:12+05:30"
32,48,62,32.27,62.36,1633237663070,"2021-10-03T10:37:43+05:30"
33,51,63,32.26,62.15,1633237693901,"2021-10-03T10:38:13+05:30"
32,48,61,32.28,62.43,1633237724168,"2021-10-03T10:38:44+05:30"
32,48,61,32.29,62.15,1633237754742,"2021-10-03T10:39:14+05:30"
32,49,61,32.28,62.37,1633237785311,"2021-10-03T10:39:45+05:30"
30,46,59,32.3,62.01,1633237815954,"2021-10-03T10:40:15+05:30"
31,47,59,32.27,61.76,1633237846505,"2021-10-03T10:40:46+05:30"
31,46,56,32.28,61.95,1633237877349,"2021-10-03T10:41:17+05:30"
30,46,57,32.33,61.96,1633237907669,"2021-10-03T10:41:47+05:30"
30,47,58,32.33,61.87,1633237938254,"2021-10-03T10:42:18+05:30"
31,46,56,32.34,61.62,1633237974199,"2021-10-03T10:42:54+05:30"
29,43,55,32.36,61.47,1633238004233,"2021-10-03T10:43:24+05:30"
30,46,58,32.36,61.34,1633238034785,"2021-10-03T10:43:54+05:30"
35,55,67,32.32,61.76,1633238065358,"2021-10-03T10:44:25+05:30"
40,63,74,32.3,61.98,1633238095963,"2021-10-03T10:44:55+05:30"
48,74,83,32.27,62.02,1633238126559,"2021-10-03T10:45:26+05:30"
50,79,87,32.25,62.49,1633238157113,"2021-10-03T10:45:57+05:30"
40,61,74,32.26,62.89,1633238187738,"2021-10-03T10:46:27+05:30"
34,52,66,32.31,62.27,1633238218287,"2021-10-03T10:46:58+05:30"
33,52,66,32.34,62.68,1633238249000,"2021-10-03T10:47:29+05:30"
44,68,77,32.31,62.72,1633238279446,"2021-10-03T10:47:59+05:30"
51,79,87,32.27,62.72,1633238310163,"2021-10-03T10:48:30+05:30"
57,95,104,32.22,63.13,1633238340715,"2021-10-03T10:49:00+05:30"
52,83,92,32.17,63.6,1633238371195,"2021-10-03T10:49:31+05:30"
53,88,101,32.2,63.88,1633238401785,"2021-10-03T10:50:01+05:30"
48,75,81,32.2,62.85,1633238432344,"2021-10-03T10:50:32+05:30"
42,68,80,32.19,62.55,1633238463080,"2021-10-03T10:51:03+05:30"
43,73,81,32.21,63.19,1633238493666,"2021-10-03T10:51:33+05:30"
42,67,77,32.24,63.11,1633238524343,"2021-10-03T10:52:04+05:30"
45,70,79,32.24,62.6,1633238555191,"2021-10-03T10:52:35+05:30"
47,72,79,32.21,63.03,1633238575679,"2021-10-03T10:52:55+05:30"
39,61,72,32.23,62.93,1633238606262,"2021-10-03T10:53:26+05:30"
36,54,69,32.25,62.9,1633238636834,"2021-10-03T10:53:56+05:30"
39,61,72,32.27,63.31,1633238667454,"2021-10-03T10:54:27+05:30"
40,60,72,32.28,63.29,1633238698034,"2021-10-03T10:54:58+05:30"
43,67,76,32.28,62.93,1633238728592,"2021-10-03T10:55:28+05:30"
40,62,74,32.29,62.84,1633238759164,"2021-10-03T10:55:59+05:30"
40,62,72,32.26,62.36,1633238789766,"2021-10-03T10:56:29+05:30"
37,58,71,32.28,62.72,1633238820393,"2021-10-03T10:57:00+05:30"
40,62,73,32.33,62.44,1633238850912,"2021-10-03T10:57:30+05:30"
45,72,79,32.33,62.7,1633238880266,"2021-10-03T10:58:00+05:30"
41,64,73,32.33,63.1,1633238910529,"2021-10-03T10:58:30+05:30"
42,64,74,32.34,62.87,1633238941845,"2021-10-03T10:59:01+05:30"
41,63,74,32.35,62.66,1633238971691,"2021-10-03T10:59:31+05:30"
40,60,72,32.38,61.25,1633239002304,"2021-10-03T11:00:02+05:30"
35,53,67,32.39,61.17,1633239032921,"2021-10-03T11:00:32+05:30"
33,51,64,32.42,61.21,1633239063445,"2021-10-03T11:01:03+05:30"
37,56,69,32.44,61.06,1633239094013,"2021-10-03T11:01:34+05:30"
42,63,73,32.41,61.06,1633239124765,"2021-10-03T11:02:04+05:30"
35,52,66,32.44,61.3,1633239155184,"2021-10-03T11:02:35+05:30"
45,69,76,32.45,60.84,1633239185777,"2021-10-03T11:03:05+05:30"
48,75,84,32.46,61.43,1633239216356,"2021-10-03T11:03:36+05:30"
55,86,94,32.47,61.54,1633239246905,"2021-10-03T11:04:06+05:30"
59,91,98,32.43,61.38,1633239277522,"2021-10-03T11:04:37+05:30"
47,74,82,32.43,62,1633239308304,"2021-10-03T11:05:08+05:30"
50,79,88,32.48,62.38,1633239338692,"2021-10-03T11:05:38+05:30"
67,102,112,32.5,62.61,1633239369266,"2021-10-03T11:06:09+05:30"
59,92,100,32.51,62.49,1633239399846,"2021-10-03T11:06:39+05:30"
50,79,85,32.55,62.25,1633239430665,"2021-10-03T11:07:10+05:30"
41,65,74,32.56,61.7,1633239461033,"2021-10-03T11:07:41+05:30"
49,81,90,32.58,60.8,1633239491616,"2021-10-03T11:08:11+05:30"
60,95,101,32.53,61.97,1633239522175,"2021-10-03T11:08:42+05:30"
85,141,157,32.51,61.73,1633239552971,"2021-10-03T11:09:12+05:30"
113,195,214,32.46,61.37,1633239583571,"2021-10-03T11:09:43+05:30"
129,228,263,32.43,61.41,1633239614134,"2021-10-03T11:10:14+05:30"
129,227,251,32.42,62.65,1633239644727,"2021-10-03T11:10:44+05:30"
100,172,192,32.44,63.12,1633239675318,"2021-10-03T11:11:15+05:30"
91,159,179,32.49,62.6,1633239705922,"2021-10-03T11:11:45+05:30"
67,109,122,32.54,62.23,1633239736480,"2021-10-03T11:12:16+05:30"
70,116,128,32.57,62.21,1633239767044,"2021-10-03T11:12:47+05:30"
74,122,135,32.57,61.39,1633239794271,"2021-10-03T11:13:14+05:30"
75,130,145,32.6,61.39,1633239824365,"2021-10-03T11:13:44+05:30"
59,95,102,32.61,61.32,1633239854971,"2021-10-03T11:14:14+05:30"
46,77,84,32.61,61.44,1633239885538,"2021-10-03T11:14:45+05:30"
71,127,145,32.58,61.57,1633239916183,"2021-10-03T11:15:16+05:30"
62,103,118,32.57,60.91,1633239946701,"2021-10-03T11:15:46+05:30"
40,64,74,32.58,60.47,1633239977264,"2021-10-03T11:16:17+05:30"
50,83,95,32.59,61.11,1633240007889,"2021-10-03T11:16:47+05:30"
55,93,104,32.59,62.03,1633240038530,"2021-10-03T11:17:18+05:30"
84,143,164,32.54,61.39,1633240069024,"2021-10-03T11:17:49+05:30"
102,175,196,32.45,61.84,1633240099602,"2021-10-03T11:18:19+05:30"
91,153,167,32.38,62.18,1633240130198,"2021-10-03T11:18:50+05:30"
80,131,151,32.34,62.56,1633240160794,"2021-10-03T11:19:20+05:30"
69,112,125,32.36,61.97,1633240191353,"2021-10-03T11:19:51+05:30"
60,97,105,32.35,62.11,1633240221922,"2021-10-03T11:20:21+05:30"
59,93,103,32.37,61.44,1633240252589,"2021-10-03T11:20:52+05:30"
59,93,101,32.39,61.05,1633240283200,"2021-10-03T11:21:23+05:30"
53,83,90,32.42,61.52,1633240313794,"2021-10-03T11:21:53+05:30"
48,73,79,32.44,61.67,1633240344386,"2021-10-03T11:22:24+05:30"
47,74,82,32.5,61.73,1633240375153,"2021-10-03T11:22:55+05:30"
44,71,78,32.55,61.66,1633240405582,"2021-10-03T11:23:25+05:30"
41,63,72,32.57,61.28,1633240436196,"2021-10-03T11:23:56+05:30"
40,60,73,32.55,60.79,1633240466743,"2021-10-03T11:24:26+05:30"
40,62,73,32.59,61.25,1633240497575,"2021-10-03T11:24:57+05:30"
38,58,71,32.58,61.4,1633240527869,"2021-10-03T11:25:27+05:30"
40,60,72,32.57,61.91,1633240558533,"2021-10-03T11:25:58+05:30"
34,52,65,32.59,61.39,1633240589016,"2021-10-03T11:26:29+05:30"
32,50,63,32.61,61.12,1633240619595,"2021-10-03T11:26:59+05:30"
31,48,61,32.62,60.99,1633240650188,"2021-10-03T11:27:30+05:30"
30,46,58,32.6,60.61,1633240673969,"2021-10-03T11:27:53+05:30"
30,46,57,32.57,61.06,1633240704505,"2021-10-03T11:28:24+05:30"
30,45,55,32.57,61.28,1633240735110,"2021-10-03T11:28:55+05:30"
29,43,52,32.57,61.26,1633240765673,"2021-10-03T11:29:25+05:30"
29,43,52,32.57,61.34,1633240796278,"2021-10-03T11:29:56+05:30"
28,43,54,32.57,61.38,1633240826835,"2021-10-03T11:30:26+05:30"
28,43,53,32.56,61.29,1633240857429,"2021-10-03T11:30:57+05:30"
28,42,52,32.61,61.23,1633240888005,"2021-10-03T11:31:28+05:30"
27,40,48,32.63,60.84,1633240918603,"2021-10-03T11:31:58+05:30"
37,53,62,32.66,61.01,1633240949171,"2021-10-03T11:32:29+05:30"
58,82,86,32.66,60.91,1633240979769,"2021-10-03T11:32:59+05:30"
42,59,70,32.63,61.18,1633241010335,"2021-10-03T11:33:30+05:30"
36,52,63,32.63,61.33,1633241040910,"2021-10-03T11:34:00+05:30"
33,49,61,32.66,60.93,1633241071495,"2021-10-03T11:34:31+05:30"
30,44,54,32.67,61.13,1633241102078,"2021-10-03T11:35:02+05:30"
31,45,56,32.69,61.17,1633241132637,"2021-10-03T11:35:32+05:30"
29,43,53,32.7,61.23,1633241163244,"2021-10-03T11:36:03+05:30"
29,43,53,32.68,61.4,1633241193825,"2021-10-03T11:36:33+05:30"
29,43,51,32.7,61.43,1633241224418,"2021-10-03T11:37:04+05:30"
28,41,50,32.71,61.63,1633241254993,"2021-10-03T11:37:34+05:30"
28,42,52,32.73,61.4,1633241285559,"2021-10-03T11:38:05+05:30"
32,46,57,32.76,60.81,1633241316166,"2021-10-03T11:38:36+05:30"
29,43,55,32.75,61.34,1633241346757,"2021-10-03T11:39:06+05:30"
29,42,51,32.74,61.52,1633241377327,"2021-10-03T11:39:37+05:30"
28,41,50,32.75,61.66,1633241407888,"2021-10-03T11:40:07+05:30"
27,38,46,32.76,61.24,1633241438495,"2021-10-03T11:40:38+05:30"
27,40,49,32.75,61.12,1633241469332,"2021-10-03T11:41:09+05:30"
27,39,46,32.73,61.84,1633241499670,"2021-10-03T11:41:39+05:30"
27,38,45,32.74,61.49,1633241530224,"2021-10-03T11:42:10+05:30"
26,39,48,32.71,61.93,1633241560826,"2021-10-03T11:42:40+05:30"
27,40,49,32.68,61.1,1633241594311,"2021-10-03T11:43:14+05:30"
29,43,54,32.64,60.88,1633241624901,"2021-10-03T11:43:44+05:30"
31,47,57,32.62,61.33,1633241655495,"2021-10-03T11:44:15+05:30"
30,47,59,32.64,61.48,1633241686049,"2021-10-03T11:44:46+05:30"
27,40,49,32.67,60.84,1633241716656,"2021-10-03T11:45:16+05:30"
27,39,49,32.7,61.14,1633241747237,"2021-10-03T11:45:47+05:30"
26,36,45,32.73,61.2,1633241777795,"2021-10-03T11:46:17+05:30"
24,35,43,32.73,61.27,1633241808383,"2021-10-03T11:46:48+05:30"
25,36,42,32.7,59.82,1633241838986,"2021-10-03T11:47:18+05:30"
25,37,45,32.67,61.13,1633241869554,"2021-10-03T11:47:49+05:30"
25,37,45,32.69,60.05,1633241900135,"2021-10-03T11:48:20+05:30"
24,36,46,32.7,59.91,1633241930720,"2021-10-03T11:48:50+05:30"
25,38,46,32.69,60.63,1633241961336,"2021-10-03T11:49:21+05:30"
25,37,46,32.7,60.69,1633241991905,"2021-10-03T11:49:51+05:30"
25,36,43,32.7,60.72,1633242022454,"2021-10-03T11:50:22+05:30"
25,38,45,32.68,60.91,1633242053123,"2021-10-03T11:50:53+05:30"
25,38,46,32.65,61.3,1633242083706,"2021-10-03T11:51:23+05:30"
27,40,50,32.63,61.33,1633242114259,"2021-10-03T11:51:54+05:30"
25,38,49,32.62,61.35,1633242144858,"2021-10-03T11:52:24+05:30"
25,37,47,32.63,60.92,1633242175470,"2021-10-03T11:52:55+05:30"
23,36,46,32.66,60.44,1633242206023,"2021-10-03T11:53:26+05:30"
22,34,41,32.67,60.13,1633242236634,"2021-10-03T11:53:56+05:30"
23,34,40,32.69,60.23,1633242267189,"2021-10-03T11:54:27+05:30"
22,33,37,32.69,60.27,1633242297794,"2021-10-03T11:54:57+05:30"
23,34,41,32.67,60.37,1633242328347,"2021-10-03T11:55:28+05:30"
23,34,42,32.66,59.7,1633242358954,"2021-10-03T11:55:58+05:30"
23,34,41,32.66,60.23,1633242389526,"2021-10-03T11:56:29+05:30"
24,33,38,32.66,59.28,1633242420110,"2021-10-03T11:57:00+05:30"
25,35,40,32.66,59.86,1633242450690,"2021-10-03T11:57:30+05:30"
23,32,36,32.65,60.51,1633242473831,"2021-10-03T11:57:53+05:30"
22,34,40,32.66,60.61,1633242504392,"2021-10-03T11:58:24+05:30"
23,35,39,32.67,60.27,1633242534984,"2021-10-03T11:58:54+05:30"
24,34,40,32.67,60.43,1633242565560,"2021-10-03T11:59:25+05:30"
25,36,43,32.65,60.01,1633242596174,"2021-10-03T11:59:56+05:30"
24,35,41,32.67,60,1633242626732,"2021-10-03T12:00:26+05:30"
25,36,43,32.69,59.92,1633242657314,"2021-10-03T12:00:57+05:30"
26,39,50,32.67,60.15,1633242687883,"2021-10-03T12:01:27+05:30"
30,46,56,32.63,60.38,1633242718536,"2021-10-03T12:01:58+05:30"
26,39,46,32.63,60.75,1633242749057,"2021-10-03T12:02:29+05:30"
25,37,47,32.65,60.52,1633242779674,"2021-10-03T12:02:59+05:30"
26,37,47,32.68,60.53,1633242810223,"2021-10-03T12:03:30+05:30"
24,35,43,32.72,60.4,1633242840805,"2021-10-03T12:04:00+05:30"
24,37,44,32.73,60.54,1633242871390,"2021-10-03T12:04:31+05:30"
24,35,44,32.73,60.42,1633242901988,"2021-10-03T12:05:01+05:30"
23,34,41,32.75,60.33,1633242932576,"2021-10-03T12:05:32+05:30"
23,34,44,32.77,60.28,1633242963113,"2021-10-03T12:06:03+05:30"
22,33,38,32.79,60.17,1633242993710,"2021-10-03T12:06:33+05:30"
22,33,39,32.79,60.4,1633243024325,"2021-10-03T12:07:04+05:30"
22,32,38,32.79,60.4,1633243054891,"2021-10-03T12:07:34+05:30"
22,31,36,32.79,60.14,1633243085449,"2021-10-03T12:08:05+05:30"
21,32,37,32.8,60.04,1633243116045,"2021-10-03T12:08:36+05:30"
21,31,34,32.79,59.78,1633243146646,"2021-10-03T12:09:06+05:30"
25,36,42,32.8,60.15,1633243177220,"2021-10-03T12:09:37+05:30"
28,43,53,32.76,60.73,1633243207975,"2021-10-03T12:10:07+05:30"
24,35,41,32.79,60.47,1633243238379,"2021-10-03T12:10:38+05:30"
22,33,40,32.8,60.06,1633243268984,"2021-10-03T12:11:08+05:30"
23,33,40,32.82,60.24,1633243299544,"2021-10-03T12:11:39+05:30"
23,33,38,32.83,60.42,1633243330149,"2021-10-03T12:12:10+05:30"
23,32,35,32.84,60.16,1633243360715,"2021-10-03T12:12:40+05:30"
23,34,41,32.86,59.91,1633243396612,"2021-10-03T12:13:16+05:30"
26,39,47,32.83,60.11,1633243426888,"2021-10-03T12:13:46+05:30"
24,37,47,32.81,60.59,1633243457476,"2021-10-03T12:14:17+05:30"
24,34,41,32.83,60.2,1633243488052,"2021-10-03T12:14:48+05:30"
23,32,38,32.85,59.79,1633243518796,"2021-10-03T12:15:18+05:30"
23,34,41,32.85,59.91,1633243549220,"2021-10-03T12:15:49+05:30"
26,39,47,32.87,58.92,1633243579844,"2021-10-03T12:16:19+05:30"
27,39,47,32.88,58.92,1633243610381,"2021-10-03T12:16:50+05:30"
24,35,42,32.85,60.01,1633243640967,"2021-10-03T12:17:20+05:30"
24,36,45,32.85,60.02,1633243671543,"2021-10-03T12:17:51+05:30"
23,34,42,32.86,60.22,1633243702140,"2021-10-03T12:18:22+05:30"
23,34,40,32.89,60.13,1633243732726,"2021-10-03T12:18:52+05:30"
23,34,42,32.88,59.91,1633243763288,"2021-10-03T12:19:23+05:30"
22,33,40,32.85,60.05,1633243793876,"2021-10-03T12:19:53+05:30"
22,33,36,32.85,60.21,1633243824475,"2021-10-03T12:20:24+05:30"
22,31,36,32.85,60.05,1633243855050,"2021-10-03T12:20:55+05:30"
22,33,38,32.85,60,1633243885613,"2021-10-03T12:21:25+05:30"
22,33,38,32.83,59.77,1633243916218,"2021-10-03T12:21:56+05:30"
22,33,39,32.82,59.95,1633243946820,"2021-10-03T12:22:26+05:30"
25,36,44,32.8,60.01,1633243977378,"2021-10-03T12:22:57+05:30"
25,37,43,32.77,60.47,1633244007938,"2021-10-03T12:23:27+05:30"
25,36,42,32.76,60.86,1633244038539,"2021-10-03T12:23:58+05:30"
25,38,46,32.72,61.18,1633244069145,"2021-10-03T12:24:29+05:30"
27,42,51,32.67,61.43,1633244099700,"2021-10-03T12:24:59+05:30"
30,45,56,32.59,61.6,1633244130272,"2021-10-03T12:25:30+05:30"
32,48,62,32.52,62.06,1633244160876,"2021-10-03T12:26:00+05:30"
31,47,59,32.51,62.36,1633244191465,"2021-10-03T12:26:31+05:30"
30,47,57,32.52,62.37,1633244222381,"2021-10-03T12:27:02+05:30"
30,45,57,32.53,62.26,1633244252886,"2021-10-03T12:27:32+05:30"
28,45,55,32.57,61.89,1633244274849,"2021-10-03T12:27:54+05:30"
27,42,51,32.64,61.36,1633244305514,"2021-10-03T12:28:25+05:30"
27,40,48,32.69,61.04,1633244335999,"2021-10-03T12:28:55+05:30"
27,40,48,32.71,60.93,1633244366584,"2021-10-03T12:29:26+05:30"
26,40,51,32.74,60.66,1633244397143,"2021-10-03T12:29:57+05:30"
27,41,50,32.74,61.05,1633244427740,"2021-10-03T12:30:27+05:30"
24,37,47,32.78,60.29,1633244458744,"2021-10-03T12:30:58+05:30"
24,36,45,32.84,59.96,1633244489183,"2021-10-03T12:31:29+05:30"
24,37,45,32.86,59.4,1633244519737,"2021-10-03T12:31:59+05:30"
23,35,42,32.88,59.48,1633244550332,"2021-10-03T12:32:30+05:30"
24,35,43,32.88,59.08,1633244581025,"2021-10-03T12:33:01+05:30"
27,42,57,32.85,59.13,1633244611494,"2021-10-03T12:33:31+05:30"
28,42,52,32.87,59.63,1633244642073,"2021-10-03T12:34:02+05:30"
26,40,50,32.87,59.13,1633244672672,"2021-10-03T12:34:32+05:30"
30,45,57,32.87,59.12,1633244703546,"2021-10-03T12:35:03+05:30"
33,49,61,32.85,59.54,1633244733832,"2021-10-03T12:35:33+05:30"
30,45,54,32.86,59.27,1633244764420,"2021-10-03T12:36:04+05:30"
29,42,52,32.86,59.42,1633244795002,"2021-10-03T12:36:35+05:30"
28,43,52,32.86,59.4,1633244825580,"2021-10-03T12:37:05+05:30"
29,44,55,32.84,59.44,1633244856187,"2021-10-03T12:37:36+05:30"
31,48,60,32.81,60.08,1633244886737,"2021-10-03T12:38:06+05:30"
55,86,95,32.78,60.03,1633244917330,"2021-10-03T12:38:37+05:30"
52,83,91,32.76,60.4,1633244947917,"2021-10-03T12:39:07+05:30"
47,75,84,32.76,60.45,1633244978488,"2021-10-03T12:39:38+05:30"
32,49,62,32.81,59.64,1633245009095,"2021-10-03T12:40:09+05:30"
33,51,63,32.85,59.91,1633245039656,"2021-10-03T12:40:39+05:30"
33,51,64,32.86,59.63,1633245070240,"2021-10-03T12:41:10+05:30"
35,55,69,32.87,59.51,1633245100830,"2021-10-03T12:41:40+05:30"
31,47,60,32.89,59.51,1633245131390,"2021-10-03T12:42:11+05:30"
39,63,73,32.88,59.28,1633245161966,"2021-10-03T12:42:41+05:30"
48,75,86,32.81,59.61,1633245197774,"2021-10-03T12:43:17+05:30"
43,68,77,32.79,60.03,1633245228159,"2021-10-03T12:43:48+05:30"
43,70,79,32.79,59.9,1633245258610,"2021-10-03T12:44:18+05:30"
35,53,65,32.83,60.01,1633245289447,"2021-10-03T12:44:49+05:30"
37,55,68,32.85,60.01,1633245320138,"2021-10-03T12:45:20+05:30"
36,54,66,32.86,59.74,1633245350997,"2021-10-03T12:45:50+05:30"
32,47,59,32.9,59.22,1633245371084,"2021-10-03T12:46:11+05:30"
31,46,57,32.94,59.37,1633245401822,"2021-10-03T12:46:41+05:30"
36,56,67,32.96,58.94,1633245432202,"2021-10-03T12:47:12+05:30"
32,49,62,32.94,59.39,1633245462797,"2021-10-03T12:47:42+05:30"
30,46,58,32.96,59.11,1633245493397,"2021-10-03T12:48:13+05:30"
29,45,55,32.97,58.96,1633245523963,"2021-10-03T12:48:43+05:30"
27,42,50,32.97,59.13,1633245554629,"2021-10-03T12:49:14+05:30"
27,40,51,32.97,59.29,1633245585204,"2021-10-03T12:49:45+05:30"
25,38,47,32.99,58.88,1633245615764,"2021-10-03T12:50:15+05:30"
25,37,45,32.99,59.01,1633245646369,"2021-10-03T12:50:46+05:30"
24,35,41,32.99,58.96,1633245676970,"2021-10-03T12:51:16+05:30"
24,35,42,33.01,58.89,1633245707520,"2021-10-03T12:51:47+05:30"
23,33,38,33.03,58.61,1633245738216,"2021-10-03T12:52:18+05:30"
24,35,42,33.03,58.33,1633245768690,"2021-10-03T12:52:48+05:30"
22,33,38,33.02,58.64,1633245799279,"2021-10-03T12:53:19+05:30"
25,37,44,32.99,58.96,1633245829833,"2021-10-03T12:53:49+05:30"
29,44,55,32.97,59.09,1633245860413,"2021-10-03T12:54:20+05:30"
31,48,60,32.95,59.38,1633245891214,"2021-10-03T12:54:51+05:30"
33,52,65,32.93,59.47,1633245921675,"2021-10-03T12:55:21+05:30"
31,48,61,32.89,59.95,1633245952180,"2021-10-03T12:55:52+05:30"
30,46,57,32.89,59.86,1633245982736,"2021-10-03T12:56:22+05:30"
27,40,51,32.94,59.13,1633246013312,"2021-10-03T12:56:53+05:30"
26,38,45,32.97,58.88,1633246043903,"2021-10-03T12:57:23+05:30"
26,40,50,32.97,59.18,1633246076779,"2021-10-03T12:57:56+05:30"
25,40,48,32.98,59.16,1633246107332,"2021-10-03T12:58:27+05:30"
25,37,46,33.01,58.93,1633246138042,"2021-10-03T12:58:58+05:30"
24,36,44,33.02,59.12,1633246168503,"2021-10-03T12:59:28+05:30"
23,35,44,33.01,59.15,1633246199104,"2021-10-03T12:59:59+05:30"
25,37,45,32.98,59.29,1633246229666,"2021-10-03T13:00:29+05:30"
27,42,50,32.95,59.71,1633246260244,"2021-10-03T13:01:00+05:30"
27,40,49,32.92,59.97,1633246290838,"2021-10-03T13:01:30+05:30"
25,37,45,32.93,60.03,1633246321467,"2021-10-03T13:02:01+05:30"
24,36,44,32.94,59.92,1633246352000,"2021-10-03T13:02:32+05:30"
23,37,47,32.95,59.98,1633246382555,"2021-10-03T13:03:02+05:30"
23,36,44,32.97,59.89,1633246413174,"2021-10-03T13:03:33+05:30"
30,46,57,32.96,59.72,1633246443791,"2021-10-03T13:04:03+05:30"
32,49,63,32.9,60.08,1633246474442,"2021-10-03T13:04:34+05:30"
33,50,65,32.87,60.49,1633246504893,"2021-10-03T13:05:04+05:30"
29,45,57,32.88,60.29,1633246535655,"2021-10-03T13:05:35+05:30"
29,43,57,32.87,60.85,1633246566090,"2021-10-03T13:06:06+05:30"
28,43,54,32.88,60.88,1633246596654,"2021-10-03T13:06:36+05:30"
26,40,51,32.89,60.6,1633246627234,"2021-10-03T13:07:07+05:30"
26,37,49,32.9,60.61,1633246657938,"2021-10-03T13:07:37+05:30"
26,39,50,32.89,60.86,1633246688512,"2021-10-03T13:08:08+05:30"
25,39,49,32.88,61.03,1633246719096,"2021-10-03T13:08:39+05:30"
26,38,48,32.87,60.73,1633246749673,"2021-10-03T13:09:09+05:30"
26,40,49,32.9,59.86,1633246780239,"2021-10-03T13:09:40+05:30"
25,38,48,32.9,60.32,1633246810864,"2021-10-03T13:10:10+05:30"
24,36,44,32.93,59.94,1633246841432,"2021-10-03T13:10:41+05:30"
23,34,41,32.97,59.14,1633246871996,"2021-10-03T13:11:11+05:30"
22,32,36,32.98,59.53,1633246902600,"2021-10-03T13:11:42+05:30"
22,32,37,32.99,58.54,1633246933177,"2021-10-03T13:12:13+05:30"
22,32,38,33.03,58.28,1633246963753,"2021-10-03T13:12:43+05:30"
23,34,42,33.02,59.21,1633246986875,"2021-10-03T13:13:06+05:30"
23,35,41,33.04,58.98,1633247017338,"2021-10-03T13:13:37+05:30"
23,32,38,33.08,57.66,1633247047974,"2021-10-03T13:14:07+05:30"
21,31,35,33.13,57.79,1633247078500,"2021-10-03T13:14:38+05:30"
20,30,36,33.15,57.66,1633247109064,"2021-10-03T13:15:09+05:30"
19,30,35,33.13,57.7,1633247139700,"2021-10-03T13:15:39+05:30"
21,31,37,33.13,57.49,1633247170352,"2021-10-03T13:16:10+05:30"
21,30,35,33.11,57.81,1633247200945,"2021-10-03T13:16:40+05:30"
20,28,32,33.1,57.93,1633247231515,"2021-10-03T13:17:11+05:30"
25,38,47,33.1,57.95,1633247262086,"2021-10-03T13:17:42+05:30"
23,34,39,33.07,58.14,1633247292716,"2021-10-03T13:18:12+05:30"
22,30,33,33.05,57.89,1633247323278,"2021-10-03T13:18:43+05:30"
21,33,39,33.05,58.85,1633247353854,"2021-10-03T13:19:13+05:30"
21,31,36,33.02,58.33,1633247384425,"2021-10-03T13:19:44+05:30"
20,30,35,33,58.03,1633247415032,"2021-10-03T13:20:15+05:30"
19,28,32,33.04,57.4,1633247445603,"2021-10-03T13:20:45+05:30"
20,30,37,33.02,57.68,1633247476244,"2021-10-03T13:21:16+05:30"
20,30,33,33,58.19,1633247506791,"2021-10-03T13:21:46+05:30"
19,29,33,32.97,58.29,1633247537360,"2021-10-03T13:22:17+05:30"
19,30,35,33.01,56.81,1633247567911,"2021-10-03T13:22:47+05:30"
19,29,34,33.01,57.47,1633247598481,"2021-10-03T13:23:18+05:30"
18,30,33,32.99,57.45,1633247629055,"2021-10-03T13:23:49+05:30"
19,30,39,32.98,57.52,1633247659810,"2021-10-03T13:24:19+05:30"
19,29,34,33,57.51,1633247690309,"2021-10-03T13:24:50+05:30"
19,28,35,33.04,56.79,1633247720907,"2021-10-03T13:25:20+05:30"
19,28,31,33.06,56.92,1633247751516,"2021-10-03T13:25:51+05:30"
19,28,32,33.05,56.78,1633247782159,"2021-10-03T13:26:22+05:30"
18,24,26,33.06,56.33,1633247812636,"2021-10-03T13:26:52+05:30"
18,25,26,33.11,55.18,1633247843253,"2021-10-03T13:27:23+05:30"
19,24,24,33.09,56.59,1633247878322,"2021-10-03T13:27:58+05:30"
21,31,36,33.04,56.78,1633247908953,"2021-10-03T13:28:28+05:30"
21,30,33,33,57.3,1633247939356,"2021-10-03T13:28:59+05:30"
22,34,39,33.03,57.06,1633247969955,"2021-10-03T13:29:29+05:30"
35,54,65,33.06,56.68,1633248000519,"2021-10-03T13:30:00+05:30"
39,60,71,33.03,57.15,1633248031090,"2021-10-03T13:30:31+05:30"
40,58,70,32.99,57.91,1633248061715,"2021-10-03T13:31:01+05:30"
36,54,65,32.97,58.3,1633248092292,"2021-10-03T13:31:32+05:30"
32,47,59,33,57.52,1633248122858,"2021-10-03T13:32:02+05:30"
29,42,51,33.05,57.21,1633248153703,"2021-10-03T13:32:33+05:30"
28,42,50,33.06,57.3,1633248184027,"2021-10-03T13:33:04+05:30"
28,41,50,33.09,57.02,1633248214615,"2021-10-03T13:33:34+05:30"
26,38,46,33.12,56.97,1633248245197,"2021-10-03T13:34:05+05:30"
27,40,49,33.09,57.42,1633248275980,"2021-10-03T13:34:35+05:30"
26,38,48,33.1,57.32,1633248306621,"2021-10-03T13:35:06+05:30"
25,38,46,33.11,57.32,1633248336941,"2021-10-03T13:35:36+05:30"
25,37,47,33.13,56.67,1633248367512,"2021-10-03T13:36:07+05:30"
25,37,45,33.1,57.05,1633248398084,"2021-10-03T13:36:38+05:30"
24,35,43,33.09,57.04,1633248428698,"2021-10-03T13:37:08+05:30"
22,34,39,33.1,56.68,1633248459271,"2021-10-03T13:37:39+05:30"
22,32,36,33.1,56.86,1633248489844,"2021-10-03T13:38:09+05:30"
22,31,35,33.09,56.82,1633248520415,"2021-10-03T13:38:40+05:30"
21,29,32,33.12,55.81,1633248551005,"2021-10-03T13:39:11+05:30"
19,27,29,33.17,55.22,1633248581703,"2021-10-03T13:39:41+05:30"
19,27,30,33.18,56.01,1633248612210,"2021-10-03T13:40:12+05:30"
18,26,30,33.19,55.87,1633248642760,"2021-10-03T13:40:42+05:30"
18,25,27,33.19,55.99,1633248673341,"2021-10-03T13:41:13+05:30"
18,26,28,33.19,56.35,1633248703942,"2021-10-03T13:41:43+05:30"
16,23,24,33.23,56.1,1633248734697,"2021-10-03T13:42:14+05:30"
16,21,22,33.26,55.71,1633248765085,"2021-10-03T13:42:45+05:30"
16,24,25,33.24,56.06,1633248787714,"2021-10-03T13:43:07+05:30"
15,21,24,33.24,55.51,1633248818360,"2021-10-03T13:43:38+05:30"
16,23,26,33.26,55.74,1633248848905,"2021-10-03T13:44:08+05:30"
16,22,24,33.25,55.69,1633248879496,"2021-10-03T13:44:39+05:30"
17,23,24,33.27,55.11,1633248910069,"2021-10-03T13:45:10+05:30"
16,20,20,33.29,55.39,1633248940657,"2021-10-03T13:45:40+05:30"
15,19,21,33.34,54.77,1633248971368,"2021-10-03T13:46:11+05:30"
14,21,23,33.36,54.71,1633249001933,"2021-10-03T13:46:41+05:30"
16,23,24,33.33,55.83,1633249032521,"2021-10-03T13:47:12+05:30"
15,22,23,33.28,56.01,1633249063156,"2021-10-03T13:47:43+05:30"
15,22,23,33.26,56.29,1633249093678,"2021-10-03T13:48:13+05:30"
15,21,23,33.27,56.04,1633249124272,"2021-10-03T13:48:44+05:30"
16,24,26,33.24,56.39,1633249154846,"2021-10-03T13:49:14+05:30"
15,23,26,33.24,56.33,1633249185441,"2021-10-03T13:49:45+05:30"
17,23,27,33.21,56.29,1633249216024,"2021-10-03T13:50:16+05:30"
16,21,24,33.23,55.88,1633249246598,"2021-10-03T13:50:46+05:30"
14,20,22,33.19,56.38,1633249277188,"2021-10-03T13:51:17+05:30"
14,19,24,33.15,56.61,1633249308210,"2021-10-03T13:51:48+05:30"
15,20,22,33.16,55.72,1633249338810,"2021-10-03T13:52:18+05:30"
14,19,21,33.22,55.59,1633249369497,"2021-10-03T13:52:49+05:30"
15,22,27,33.2,55.98,1633249400100,"2021-10-03T13:53:20+05:30"
16,20,23,33.18,56.4,1633249430648,"2021-10-03T13:53:50+05:30"
17,22,26,33.16,56.55,1633249461749,"2021-10-03T13:54:21+05:30"
17,21,25,33.17,56.92,1633249492341,"2021-10-03T13:54:52+05:30"
16,21,23,33.17,56.87,1633249522925,"2021-10-03T13:55:22+05:30"
16,23,25,33.22,56.33,1633249553593,"2021-10-03T13:55:53+05:30"
15,20,23,33.23,56.44,1633249584082,"2021-10-03T13:56:24+05:30"
16,23,27,33.23,56.64,1633249614678,"2021-10-03T13:56:54+05:30"
16,21,25,33.22,57.15,1633249645292,"2021-10-03T13:57:25+05:30"
15,20,22,33.19,57.21,1633249679108,"2021-10-03T13:57:59+05:30"
16,23,25,33.16,57.53,1633249709681,"2021-10-03T13:58:29+05:30"
16,25,27,33.13,57.73,1633249740283,"2021-10-03T13:59:00+05:30"
16,24,27,33.1,57.85,1633249770863,"2021-10-03T13:59:30+05:30"
17,26,30,33.15,57.21,1633249801454,"2021-10-03T14:00:01+05:30"
18,27,33,33.17,57.14,1633249832046,"2021-10-03T14:00:32+05:30"
17,24,26,33.23,57.19,1633249862699,"2021-10-03T14:01:02+05:30"
17,23,26,33.23,57.23,1633249893206,"2021-10-03T14:01:33+05:30"
19,26,28,33.25,56.65,1633249923781,"2021-10-03T14:02:03+05:30"
26,42,51,33.3,56.02,1633249954373,"2021-10-03T14:02:34+05:30"
25,38,48,33.29,56.62,1633249984958,"2021-10-03T14:03:04+05:30"
25,39,48,33.24,57.03,1633250015512,"2021-10-03T14:03:35+05:30"
25,38,48,33.2,57.33,1633250046124,"2021-10-03T14:04:06+05:30"
23,35,42,33.19,56.98,1633250076717,"2021-10-03T14:04:36+05:30"
21,33,40,33.26,56.22,1633250107282,"2021-10-03T14:05:07+05:30"
22,34,41,33.2,57.43,1633250137843,"2021-10-03T14:05:37+05:30"
23,33,41,33.15,57.74,1633250168575,"2021-10-03T14:06:08+05:30"
22,32,36,33.18,57.06,1633250199037,"2021-10-03T14:06:39+05:30"
20,30,32,33.29,55.78,1633250229647,"2021-10-03T14:07:09+05:30"
19,28,30,33.37,55.86,1633250260178,"2021-10-03T14:07:40+05:30"
19,28,32,33.34,56.37,1633250290778,"2021-10-03T14:08:10+05:30"
19,27,32,33.32,55.94,1633250321352,"2021-10-03T14:08:41+05:30"
19,26,30,33.32,56.38,1633250351931,"2021-10-03T14:09:11+05:30"
19,29,32,33.26,56.73,1633250382476,"2021-10-03T14:09:42+05:30"
18,26,29,33.28,55.9,1633250413060,"2021-10-03T14:10:13+05:30"
19,29,35,33.25,56.5,1633250443669,"2021-10-03T14:10:43+05:30"
18,24,27,33.05,56.88,1633252737600,"2021-10-03T14:48:57+05:30"
17,24,27,33.04,56.73,1633252806445,"2021-10-03T14:50:06+05:30"
14,20,23,33.11,56.25,1633252932526,"2021-10-03T14:52:12+05:30"
15,20,21,33.09,56.18,1633253004078,"2021-10-03T14:53:24+05:30"
16,25,29,33.05,56.29,1633253601785,"2021-10-03T15:03:21+05:30"
18,27,32,33.08,56.15,1633253615652,"2021-10-03T15:03:35+05:30"
17,23,27,33.06,56.82,1633253646222,"2021-10-03T15:04:06+05:30"
15,21,23,33.02,57.08,1633253676791,"2021-10-03T15:04:36+05:30"
15,21,21,33.01,56.91,1633253707432,"2021-10-03T15:05:07+05:30"
16,21,22,33,56.76,1633253737981,"2021-10-03T15:05:37+05:30"
18,23,25,33,56.77,1633253768555,"2021-10-03T15:06:08+05:30"
17,23,25,32.98,56.69,1633253799138,"2021-10-03T15:06:39+05:30"
17,23,26,32.96,57.16,1633253829723,"2021-10-03T15:07:09+05:30"
17,23,26,32.93,57.32,1633253860370,"2021-10-03T15:07:40+05:30"
17,24,27,32.91,57.46,1633253891288,"2021-10-03T15:08:11+05:30"
17,25,28,32.87,57.76,1633253921942,"2021-10-03T15:08:41+05:30"
18,23,24,32.87,57.75,1633253952511,"2021-10-03T15:09:12+05:30"
17,23,27,32.86,57.99,1633253983539,"2021-10-03T15:09:43+05:30"
18,25,27,32.89,57.58,1633254065567,"2021-10-03T15:11:05+05:30"
19,25,28,32.93,57.88,1633254076207,"2021-10-03T15:11:16+05:30"
17,22,25,32.95,57.53,1633254366469,"2021-10-03T15:16:06+05:30"
17,24,28,32.93,57.63,1633254380166,"2021-10-03T15:16:20+05:30"
17,24,27,32.84,58.07,1633254512427,"2021-10-03T15:18:32+05:30"
18,27,30,32.86,57.64,1633254532299,"2021-10-03T15:18:52+05:30"
18,24,28,32.89,57.47,1633254563429,"2021-10-03T15:19:23+05:30"
16,22,24,32.95,56.62,1633254594050,"2021-10-03T15:19:54+05:30"
17,22,25,32.97,56.75,1633254624966,"2021-10-03T15:20:24+05:30"
17,21,22,32.99,56.46,1633254655991,"2021-10-03T15:20:55+05:30"
16,21,25,32.96,56.65,1633254814528,"2021-10-03T15:23:34+05:30"
16,23,24,32.97,55.94,1633254844793,"2021-10-03T15:24:04+05:30"
17,26,28,33.04,55.74,1633254934697,"2021-10-03T15:25:34+05:30"
56,85,93,33.03,55.56,1633254965286,"2021-10-03T15:26:05+05:30"
96,135,143,33,56.53,1633255212948,"2021-10-03T15:30:12+05:30"
89,126,133,32.99,56.83,1633255270960,"2021-10-03T15:31:10+05:30"
158,227,236,33.03,56.64,1633255413057,"2021-10-03T15:33:33+05:30"
175,255,267,33.02,56.85,1633255424002,"2021-10-03T15:33:44+05:30"
189,286,304,33.05,56.63,1633255454149,"2021-10-03T15:34:14+05:30"
118,171,179,33.1,56.71,1633255508793,"2021-10-03T15:35:08+05:30"
142,207,221,33.12,56.89,1633255569143,"2021-10-03T15:36:09+05:30"
164,239,257,33.1,56.67,1633255599719,"2021-10-03T15:36:39+05:30"
167,241,254,33.11,56.5,1633255630431,"2021-10-03T15:37:10+05:30"
170,245,259,33.14,56.3,1633255661394,"2021-10-03T15:37:41+05:30"
184,266,281,33.13,56.48,1633255692124,"2021-10-03T15:38:12+05:30"
183,263,283,33.14,56.32,1633255722701,"2021-10-03T15:38:42+05:30"
32,47,60,32.37,59.27,1633260095142,"2021-10-03T16:51:35+05:30"
34,55,74,32.36,59.63,1633260105958,"2021-10-03T16:51:45+05:30"
30,49,68,32.35,59.27,1633260136509,"2021-10-03T16:52:16+05:30"
28,45,61,32.36,58.95,1633260167089,"2021-10-03T16:52:47+05:30"
24,36,49,32.36,58.72,1633260197767,"2021-10-03T16:53:17+05:30"
23,37,48,32.36,58.64,1633260228336,"2021-10-03T16:53:48+05:30"
24,35,46,32.35,58.62,1633260258931,"2021-10-03T16:54:18+05:30"
20,29,35,32.38,58.4,1633260386183,"2021-10-03T16:56:26+05:30"
19,30,36,32.37,58.26,1633260416750,"2021-10-03T16:56:56+05:30"
21,31,39,32.39,58.66,1633260447340,"2021-10-03T16:57:27+05:30"
21,32,40,32.39,58.7,1633260477912,"2021-10-03T16:57:57+05:30"
19,28,31,32.4,58.35,1633260508491,"2021-10-03T16:58:28+05:30"
19,27,31,32.4,58.02,1633260546536,"2021-10-03T16:59:06+05:30"
19,27,31,32.4,58.02,1633260549506,"2021-10-03T16:59:09+05:30"
18,27,31,32.43,58.19,1633260686136,"2021-10-03T17:01:26+05:30"
17,23,25,32.44,58.36,1633260716671,"2021-10-03T17:01:56+05:30"
21,31,36,32.46,58.2,1633260747425,"2021-10-03T17:02:27+05:30"
24,37,46,32.45,57.81,1633260786161,"2021-10-03T17:03:06+05:30"
20,29,34,32.45,58.33,1633260816708,"2021-10-03T17:03:36+05:30"
20,29,31,32.45,58.28,1633260847333,"2021-10-03T17:04:07+05:30"
18,26,29,32.43,57.97,1633260877913,"2021-10-03T17:04:37+05:30"
17,23,26,32.41,58.28,1633260901943,"2021-10-03T17:05:01+05:30"
19,27,29,32.41,57.92,1633260929214,"2021-10-03T17:05:29+05:30"
17,25,26,32.41,58.3,1633260959796,"2021-10-03T17:05:59+05:30"
17,24,27,32.42,58.52,1633260990553,"2021-10-03T17:06:30+05:30"
16,23,26,32.42,58.35,1633261027214,"2021-10-03T17:07:07+05:30"
17,26,29,32.44,58.61,1633261057780,"2021-10-03T17:07:37+05:30"
19,29,34,32.45,58.15,1633261088377,"2021-10-03T17:08:08+05:30"
23,33,40,32.44,58.44,1633261118936,"2021-10-03T17:08:38+05:30"
21,32,38,32.45,58.86,1633261149517,"2021-10-03T17:09:09+05:30"
23,34,41,32.46,58.83,1633261180053,"2021-10-03T17:09:40+05:30"
27,41,53,32.47,58.69,1633261210644,"2021-10-03T17:10:10+05:30"
21,33,39,32.48,58.84,1633261241256,"2021-10-03T17:10:41+05:30"
18,28,31,32.46,60.08,1633263026436,"2021-10-03T17:40:26+05:30"
19,26,29,32.48,59.93,1633263056996,"2021-10-03T17:40:56+05:30"
19,27,30,32.49,59.53,1633263087563,"2021-10-03T17:41:27+05:30"
19,27,32,32.44,58.89,1633263118141,"2021-10-03T17:41:58+05:30"
18,25,28,32.4,58.67,1633263148720,"2021-10-03T17:42:28+05:30"
18,28,32,32.4,59.51,1633263179267,"2021-10-03T17:42:59+05:30"
18,26,30,32.45,60.02,1633263209874,"2021-10-03T17:43:29+05:30"
18,25,28,32.51,59.93,1633263240449,"2021-10-03T17:44:00+05:30"
18,24,28,32.54,59.72,1633263271028,"2021-10-03T17:44:31+05:30"
20,30,36,32.55,59.49,1633263301573,"2021-10-03T17:45:01+05:30"
19,29,34,32.51,59.3,1633263332153,"2021-10-03T17:45:32+05:30"
19,26,28,32.47,59.58,1633263362766,"2021-10-03T17:46:02+05:30"
17,23,26,32.42,58.89,1633263393361,"2021-10-03T17:46:33+05:30"
16,21,27,32.44,60.06,1633263423913,"2021-10-03T17:47:03+05:30"
17,24,27,32.43,59,1633263454482,"2021-10-03T17:47:34+05:30"
17,22,27,32.37,59.13,1633263485149,"2021-10-03T17:48:05+05:30"
18,25,27,32.43,60.26,1633263515695,"2021-10-03T17:48:35+05:30"
17,24,26,32.39,58.37,1633263546257,"2021-10-03T17:49:06+05:30"
15,20,24,32.33,59.19,1633263576813,"2021-10-03T17:49:36+05:30"
16,23,28,32.36,59.66,1633263607395,"2021-10-03T17:50:07+05:30"
16,23,27,32.39,59.89,1633263637984,"2021-10-03T17:50:37+05:30"
18,29,34,32.43,60.34,1633263668551,"2021-10-03T17:51:08+05:30"
19,30,36,32.45,60.35,1633263699130,"2021-10-03T17:51:39+05:30"
20,29,33,32.49,61.31,1633263729703,"2021-10-03T17:52:09+05:30"
18,28,34,32.53,60.9,1633263760294,"2021-10-03T17:52:40+05:30"
18,26,30,32.58,61.03,1633263790842,"2021-10-03T17:53:10+05:30"
19,27,31,32.63,61.08,1633263821439,"2021-10-03T17:53:41+05:30"
20,30,38,32.67,60.85,1633263852024,"2021-10-03T17:54:12+05:30"
21,34,41,32.68,60.89,1633263882608,"2021-10-03T17:54:42+05:30"
21,31,35,32.68,61.16,1633263911462,"2021-10-03T17:55:11+05:30"
21,31,36,32.68,60.62,1633263942157,"2021-10-03T17:55:42+05:30"
23,36,47,32.59,59.78,1633263972716,"2021-10-03T17:56:12+05:30"
21,31,38,32.52,61.28,1633264003324,"2021-10-03T17:56:43+05:30"
19,29,33,32.54,61.39,1633264033874,"2021-10-03T17:57:13+05:30"
20,29,37,32.54,60.77,1633264064452,"2021-10-03T17:57:44+05:30"
22,33,40,32.52,61.48,1633264095044,"2021-10-03T17:58:15+05:30"
21,32,39,32.56,61.83,1633264125700,"2021-10-03T17:58:45+05:30"
21,32,40,32.55,61.14,1633264156230,"2021-10-03T17:59:16+05:30"
21,31,37,32.58,60.95,1633264186773,"2021-10-03T17:59:46+05:30"
22,32,36,32.55,60.42,1633264217375,"2021-10-03T18:00:17+05:30"
21,31,39,32.55,60.8,1633264248001,"2021-10-03T18:00:48+05:30"
21,32,42,32.52,59.56,1633264278534,"2021-10-03T18:01:18+05:30"
20,29,33,32.45,59.87,1633264309106,"2021-10-03T18:01:49+05:30"
21,32,40,32.5,61.19,1633264339701,"2021-10-03T18:02:19+05:30"
20,31,37,32.52,61.28,1633264370296,"2021-10-03T18:02:50+05:30"
19,30,35,32.51,61.27,1633264400898,"2021-10-03T18:03:20+05:30"
20,29,35,32.53,60.69,1633264432003,"2021-10-03T18:03:52+05:30"
21,31,36,32.5,60.66,1633264462356,"2021-10-03T18:04:22+05:30"
21,32,38,32.48,61,1633264493159,"2021-10-03T18:04:53+05:30"
21,31,35,32.47,60.95,1633264523536,"2021-10-03T18:05:23+05:30"
21,32,39,32.49,60.95,1633264554111,"2021-10-03T18:05:54+05:30"
20,32,36,32.44,60.6,1633264584728,"2021-10-03T18:06:24+05:30"
21,32,40,32.45,60.91,1633264615323,"2021-10-03T18:06:55+05:30"
20,30,35,32.46,60.89,1633264645912,"2021-10-03T18:07:25+05:30"
21,29,37,32.44,60.7,1633264676445,"2021-10-03T18:07:56+05:30"
19,29,33,32.46,60.8,1633264707014,"2021-10-03T18:08:27+05:30"
21,31,38,32.47,60.92,1633264737587,"2021-10-03T18:08:57+05:30"
20,32,38,32.49,60.31,1633264768188,"2021-10-03T18:09:28+05:30"
21,32,38,32.44,60.23,1633264798778,"2021-10-03T18:09:58+05:30"
20,30,35,32.43,60.63,1633264828023,"2021-10-03T18:10:28+05:30"
20,30,38,32.44,60.75,1633264858103,"2021-10-03T18:10:58+05:30"
20,31,38,32.43,59.93,1633264888699,"2021-10-03T18:11:28+05:30"
21,31,35,32.42,59.96,1633264919324,"2021-10-03T18:11:59+05:30"
19,30,34,32.42,60.66,1633264949861,"2021-10-03T18:12:29+05:30"
20,32,36,32.44,60.77,1633264980430,"2021-10-03T18:13:00+05:30"
20,30,35,32.46,60.66,1633265011034,"2021-10-03T18:13:31+05:30"
20,28,32,32.44,60.03,1633265041618,"2021-10-03T18:14:01+05:30"
20,31,39,32.49,60.92,1633265072193,"2021-10-03T18:14:32+05:30"
20,31,37,32.47,60.16,1633265102774,"2021-10-03T18:15:02+05:30"
21,32,41,32.45,60.58,1633265133388,"2021-10-03T18:15:33+05:30"
20,30,38,32.46,61.39,1633265163956,"2021-10-03T18:16:03+05:30"
21,31,36,32.51,61.69,1633265194531,"2021-10-03T18:16:34+05:30"
22,34,41,32.52,61.14,1633265225092,"2021-10-03T18:17:05+05:30"
24,36,47,32.47,60.67,1633265255719,"2021-10-03T18:17:35+05:30"
21,32,39,32.49,61.39,1633265286315,"2021-10-03T18:18:06+05:30"
22,32,39,32.5,61.22,1633265316947,"2021-10-03T18:18:36+05:30"
23,33,43,32.52,61.39,1633265347426,"2021-10-03T18:19:07+05:30"
23,34,41,32.54,61.62,1633265377985,"2021-10-03T18:19:37+05:30"
22,33,43,32.49,61.21,1633265408595,"2021-10-03T18:20:08+05:30"
21,32,36,32.47,61.35,1633265439157,"2021-10-03T18:20:39+05:30"
22,32,39,32.45,61.38,1633265469729,"2021-10-03T18:21:09+05:30"
22,33,41,32.42,61.59,1633265500799,"2021-10-03T18:21:40+05:30"
34,50,61,32.43,61.52,1633265531230,"2021-10-03T18:22:11+05:30"
30,44,55,32.42,61.97,1633265561795,"2021-10-03T18:22:41+05:30"
27,41,53,32.42,61.18,1633265592423,"2021-10-03T18:23:12+05:30"
25,38,46,32.4,61.74,1633265622983,"2021-10-03T18:23:42+05:30"
26,38,47,32.39,61.79,1633265653564,"2021-10-03T18:24:13+05:30"
26,37,46,32.45,61.53,1633265684125,"2021-10-03T18:24:44+05:30"
25,37,45,32.46,61.46,1633265713929,"2021-10-03T18:25:13+05:30"
25,36,47,32.5,61.78,1633265744444,"2021-10-03T18:25:44+05:30"
57,82,91,32.54,61.73,1633265775069,"2021-10-03T18:26:15+05:30"
82,112,119,32.49,61.81,1633265805637,"2021-10-03T18:26:45+05:30"
57,79,85,32.48,61.99,1633265836213,"2021-10-03T18:27:16+05:30"
52,75,81,32.5,62.51,1633265866766,"2021-10-03T18:27:46+05:30"
44,63,74,32.5,62.25,1633265897366,"2021-10-03T18:28:17+05:30"
36,53,71,32.49,61.99,1633265927963,"2021-10-03T18:28:47+05:30"
45,64,75,32.52,62.02,1633265958527,"2021-10-03T18:29:18+05:30"
61,94,105,32.48,61.43,1633265989105,"2021-10-03T18:29:49+05:30"
36,54,68,32.44,62.04,1633266019698,"2021-10-03T18:30:19+05:30"
76,127,145,32.44,61.87,1633266050293,"2021-10-03T18:30:50+05:30"
61,100,113,32.46,62.04,1633266080888,"2021-10-03T18:31:20+05:30"
45,71,82,32.51,62.58,1633266111547,"2021-10-03T18:31:51+05:30"
40,64,75,32.55,62.49,1633266142003,"2021-10-03T18:32:22+05:30"
47,73,81,32.57,61.81,1633266172575,"2021-10-03T18:32:52+05:30"
42,68,77,32.56,62.33,1633266203190,"2021-10-03T18:33:23+05:30"
38,58,71,32.6,62.39,1633266233747,"2021-10-03T18:33:53+05:30"
34,52,66,32.6,61.91,1633266264326,"2021-10-03T18:34:24+05:30"
32,49,64,32.55,61.77,1633266294884,"2021-10-03T18:34:54+05:30"
35,53,69,32.55,62.45,1633266325528,"2021-10-03T18:35:25+05:30"
33,49,64,32.52,62.35,1633266356037,"2021-10-03T18:35:56+05:30"
32,49,61,32.5,62.73,1633266386628,"2021-10-03T18:36:26+05:30"
30,45,56,32.48,62.5,1633266417186,"2021-10-03T18:36:57+05:30"
29,43,54,32.39,61.85,1633266447816,"2021-10-03T18:37:27+05:30"
29,45,59,32.37,62.61,1633266478371,"2021-10-03T18:37:58+05:30"
30,46,58,32.4,62.14,1633266508948,"2021-10-03T18:38:28+05:30"
29,45,58,32.39,61.78,1633266539517,"2021-10-03T18:38:59+05:30"
29,44,58,32.35,61.71,1633266570122,"2021-10-03T18:39:30+05:30"
29,46,58,32.37,62.01,1633266600709,"2021-10-03T18:40:00+05:30"
29,46,58,32.36,62.16,1633266628945,"2021-10-03T18:40:28+05:30"
30,46,58,32.38,61.96,1633266659546,"2021-10-03T18:40:59+05:30"
31,48,61,32.4,62.32,1633266690094,"2021-10-03T18:41:30+05:30"
32,50,63,32.46,62.09,1633266720751,"2021-10-03T18:42:00+05:30"
33,49,63,32.49,61.78,1633266751319,"2021-10-03T18:42:31+05:30"
35,52,66,32.48,61.78,1633266781851,"2021-10-03T18:43:01+05:30"
37,54,68,32.42,61.3,1633266812500,"2021-10-03T18:43:32+05:30"
37,57,70,32.43,62.25,1633266843075,"2021-10-03T18:44:03+05:30"
38,59,72,32.44,62.09,1633266873648,"2021-10-03T18:44:33+05:30"
38,61,74,32.46,62.59,1633266904252,"2021-10-03T18:45:04+05:30"
43,67,76,32.47,62.91,1633266934895,"2021-10-03T18:45:34+05:30"
44,69,77,32.44,62.93,1633266965409,"2021-10-03T18:46:05+05:30"
44,69,77,32.43,63.15,1633266995976,"2021-10-03T18:46:35+05:30"
44,65,77,32.51,63.33,1633267026577,"2021-10-03T18:47:06+05:30"
42,62,74,32.54,62.66,1633267057165,"2021-10-03T18:47:37+05:30"
36,54,67,32.52,61.6,1633267087743,"2021-10-03T18:48:07+05:30"
37,56,70,32.49,62,1633267118300,"2021-10-03T18:48:38+05:30"
37,56,69,32.49,62.23,1633267148908,"2021-10-03T18:49:08+05:30"
42,63,74,32.49,61.87,1633267179504,"2021-10-03T18:49:39+05:30"
40,65,78,32.52,62.41,1633267210071,"2021-10-03T18:50:10+05:30"
41,67,78,32.55,62.57,1633267240638,"2021-10-03T18:50:40+05:30"
47,78,85,32.56,62.33,1633267271264,"2021-10-03T18:51:11+05:30"
47,78,85,32.55,62.31,1633267301834,"2021-10-03T18:51:41+05:30"
52,82,89,32.58,62.22,1633267332393,"2021-10-03T18:52:12+05:30"
52,85,94,32.53,62.06,1633267362959,"2021-10-03T18:52:42+05:30"
53,81,92,32.45,61.31,1633267393645,"2021-10-03T18:53:13+05:30"
54,86,95,32.41,61.83,1633267424177,"2021-10-03T18:53:44+05:30"
53,84,98,32.41,62.3,1633267454733,"2021-10-03T18:54:14+05:30"
51,76,86,32.44,62.48,1633267485311,"2021-10-03T18:54:45+05:30"
51,80,89,32.45,62.26,1633267509742,"2021-10-03T18:55:09+05:30"
46,71,79,32.41,62.24,1633267540353,"2021-10-03T18:55:40+05:30"
46,71,79,32.41,62.1,1633267570920,"2021-10-03T18:56:10+05:30"
60,94,102,32.36,61.3,1633267601480,"2021-10-03T18:56:41+05:30"
55,86,95,32.4,62.43,1633267632245,"2021-10-03T18:57:12+05:30"
50,81,88,32.45,61.92,1633267662730,"2021-10-03T18:57:42+05:30"
63,103,112,32.48,61.45,1633267693277,"2021-10-03T18:58:13+05:30"
52,80,89,32.44,61.04,1633267723858,"2021-10-03T18:58:43+05:30"
54,86,95,32.42,61.34,1633267754479,"2021-10-03T18:59:14+05:30"
58,92,101,32.38,61.25,1633267785044,"2021-10-03T18:59:45+05:30"
52,85,94,32.37,61.53,1633267815612,"2021-10-03T19:00:15+05:30"
51,79,89,32.37,61.7,1633267846175,"2021-10-03T19:00:46+05:30"
49,76,86,32.34,61.03,1633267876795,"2021-10-03T19:01:16+05:30"
43,65,75,32.34,61.14,1633267907357,"2021-10-03T19:01:47+05:30"
40,62,74,32.34,61.36,1633267937945,"2021-10-03T19:02:17+05:30"
40,61,74,32.36,60.96,1633267968506,"2021-10-03T19:02:48+05:30"
52,82,91,32.32,61.15,1633267999103,"2021-10-03T19:03:19+05:30"
54,86,96,32.3,61.51,1633268029759,"2021-10-03T19:03:49+05:30"
50,75,84,32.26,61.26,1633268060363,"2021-10-03T19:04:20+05:30"
49,76,83,32.26,61.41,1633268090923,"2021-10-03T19:04:50+05:30"
51,80,86,32.26,61.35,1633268121504,"2021-10-03T19:05:21+05:30"
53,82,90,32.29,61.56,1633268152066,"2021-10-03T19:05:52+05:30"
56,89,98,32.33,61.85,1633268182666,"2021-10-03T19:06:22+05:30"
55,87,96,32.34,61.49,1633268213255,"2021-10-03T19:06:53+05:30"
58,90,98,32.34,61.62,1633268243828,"2021-10-03T19:07:23+05:30"
62,96,102,32.32,61.78,1633268274518,"2021-10-03T19:07:54+05:30"
62,98,111,32.31,61.06,1633268305160,"2021-10-03T19:08:25+05:30"
44,70,78,32.28,61.14,1633268335611,"2021-10-03T19:08:55+05:30"
44,69,78,32.29,61.43,1633268366166,"2021-10-03T19:09:26+05:30"
50,78,85,32.28,61,1633268396727,"2021-10-03T19:09:56+05:30"
54,88,98,32.29,61.01,1633268430701,"2021-10-03T19:10:30+05:30"
50,81,91,32.3,60.89,1633268461307,"2021-10-03T19:11:01+05:30"
52,85,95,32.32,61.1,1633268491876,"2021-10-03T19:11:31+05:30"
53,86,96,32.37,61.31,1633268522453,"2021-10-03T19:12:02+05:30"
49,79,88,32.36,60.74,1633268553029,"2021-10-03T19:12:33+05:30"
45,72,79,32.34,60.43,1633268583652,"2021-10-03T19:13:03+05:30"
43,69,77,32.3,60.41,1633268614367,"2021-10-03T19:13:34+05:30"
43,68,77,32.29,60.69,1633268644927,"2021-10-03T19:14:04+05:30"
39,64,75,32.27,60.62,1633268675530,"2021-10-03T19:14:35+05:30"
43,66,76,32.3,61,1633268706250,"2021-10-03T19:15:06+05:30"
50,80,87,32.32,60.97,1633268736753,"2021-10-03T19:15:36+05:30"
159,235,250,32.28,60.43,1633268767266,"2021-10-03T19:16:07+05:30"
92,139,153,32.28,60.41,1633268797875,"2021-10-03T19:16:37+05:30"
75,111,119,32.26,60.85,1633268828605,"2021-10-03T19:17:08+05:30"
69,108,116,32.26,60.92,1633268859040,"2021-10-03T19:17:39+05:30"
63,96,103,32.28,60.76,1633268889588,"2021-10-03T19:18:09+05:30"
53,83,92,32.26,60.59,1633268920212,"2021-10-03T19:18:40+05:30"
59,90,95,32.23,61.23,1633268950791,"2021-10-03T19:19:10+05:30"
51,78,88,32.24,60.82,1633268981354,"2021-10-03T19:19:41+05:30"
43,67,78,32.26,60.75,1633269011928,"2021-10-03T19:20:11+05:30"
45,71,82,32.31,61.17,1633269042870,"2021-10-03T19:20:42+05:30"
44,69,80,32.36,61.04,1633269073122,"2021-10-03T19:21:13+05:30"
43,68,77,32.41,60.96,1633269104864,"2021-10-03T19:21:44+05:30"
41,62,74,32.43,60.89,1633269134902,"2021-10-03T19:22:14+05:30"
38,59,71,32.43,60.51,1633269164892,"2021-10-03T19:22:44+05:30"
37,59,72,32.43,60.76,1633269195659,"2021-10-03T19:23:15+05:30"
34,52,67,32.43,60.45,1633269226028,"2021-10-03T19:23:46+05:30"
33,52,69,32.42,60.61,1633269256860,"2021-10-03T19:24:16+05:30"
37,57,70,32.41,60.68,1633269287216,"2021-10-03T19:24:47+05:30"
35,54,68,32.4,60.66,1633269310845,"2021-10-03T19:25:10+05:30"
36,55,70,32.37,60.68,1633269341450,"2021-10-03T19:25:41+05:30"
40,63,76,32.35,60.82,1633269372165,"2021-10-03T19:26:12+05:30"
35,53,68,32.36,60.73,1633269402850,"2021-10-03T19:26:42+05:30"
36,59,73,32.37,60.68,1633269433421,"2021-10-03T19:27:13+05:30"
41,63,74,32.4,60.88,1633269464013,"2021-10-03T19:27:44+05:30"
43,69,78,32.42,60.92,1633269494583,"2021-10-03T19:28:14+05:30"
45,71,82,32.43,60.72,1633269525155,"2021-10-03T19:28:45+05:30"
46,74,84,32.44,60.93,1633269555846,"2021-10-03T19:29:15+05:30"
62,98,110,32.43,61.09,1633269586345,"2021-10-03T19:29:46+05:30"
60,95,110,32.41,61.29,1633269617238,"2021-10-03T19:30:17+05:30"
56,91,101,32.44,61.32,1633269647488,"2021-10-03T19:30:47+05:30"
56,89,103,32.47,61.62,1633269678081,"2021-10-03T19:31:18+05:30"
57,90,99,32.49,61.67,1633269708653,"2021-10-03T19:31:48+05:30"
53,83,93,32.47,61.63,1633269739214,"2021-10-03T19:32:19+05:30"
52,82,96,32.43,61.64,1633269769801,"2021-10-03T19:32:49+05:30"
48,76,87,32.47,61.85,1633269800357,"2021-10-03T19:33:20+05:30"
49,77,86,32.48,61.5,1633269830960,"2021-10-03T19:33:50+05:30"
46,73,82,32.47,61.64,1633269861556,"2021-10-03T19:34:21+05:30"
45,70,78,32.45,61.56,1633269892124,"2021-10-03T19:34:52+05:30"
46,73,83,32.45,61.67,1633269922694,"2021-10-03T19:35:22+05:30"
46,73,83,32.47,61.68,1633269953288,"2021-10-03T19:35:53+05:30"
49,78,88,32.47,61.76,1633269983883,"2021-10-03T19:36:23+05:30"
49,79,92,32.46,61.76,1633270014474,"2021-10-03T19:36:54+05:30"
51,82,93,32.45,61.98,1633270045021,"2021-10-03T19:37:25+05:30"
53,82,91,32.45,61.97,1633270075622,"2021-10-03T19:37:55+05:30"
50,77,86,32.45,61.85,1633270106217,"2021-10-03T19:38:26+05:30"
48,76,83,32.48,62.07,1633270136883,"2021-10-03T19:38:56+05:30"
46,72,80,32.46,61.47,1633270167370,"2021-10-03T19:39:27+05:30"
42,62,75,32.37,61.39,1633270197957,"2021-10-03T19:39:57+05:30"
38,58,71,32.34,61.48,1633270230787,"2021-10-03T19:40:30+05:30"
40,63,75,32.38,61.96,1633270261364,"2021-10-03T19:41:01+05:30"
38,57,70,32.35,61.34,1633270291933,"2021-10-03T19:41:31+05:30"
38,58,72,32.35,61.53,1633270322504,"2021-10-03T19:42:02+05:30"
39,60,73,32.35,62.02,1633270353103,"2021-10-03T19:42:33+05:30"
42,63,74,32.36,62.41,1633270383901,"2021-10-03T19:43:03+05:30"
52,77,86,32.34,62.36,1633270414267,"2021-10-03T19:43:34+05:30"
52,78,83,32.34,62.63,1633270444844,"2021-10-03T19:44:04+05:30"
52,78,84,32.35,62.88,1633270475448,"2021-10-03T19:44:35+05:30"
50,75,81,32.35,62.72,1633270506321,"2021-10-03T19:45:06+05:30"
48,73,80,32.39,62.41,1633270536882,"2021-10-03T19:45:36+05:30"
48,73,82,32.41,62.09,1633270567471,"2021-10-03T19:46:07+05:30"
63,94,102,32.39,61.43,1633270598062,"2021-10-03T19:46:38+05:30"
48,72,80,32.39,61.63,1633270628631,"2021-10-03T19:47:08+05:30"
53,80,86,32.38,62.34,1633270659214,"2021-10-03T19:47:39+05:30"
54,82,92,32.35,62.74,1633270689803,"2021-10-03T19:48:09+05:30"
57,85,95,32.29,62.31,1633270720393,"2021-10-03T19:48:40+05:30"
45,70,79,32.25,62.41,1633270751178,"2021-10-03T19:49:11+05:30"
44,66,75,32.28,63.17,1633270781540,"2021-10-03T19:49:41+05:30"
45,69,77,32.28,62.54,1633270812177,"2021-10-03T19:50:12+05:30"
43,65,75,32.25,62.71,1633270842721,"2021-10-03T19:50:42+05:30"
45,70,78,32.21,62.86,1633270873295,"2021-10-03T19:51:13+05:30"
47,69,80,32.23,63.12,1633270903870,"2021-10-03T19:51:43+05:30"
46,70,80,32.17,62.78,1633270934521,"2021-10-03T19:52:14+05:30"
42,61,73,32.16,62.96,1633270965094,"2021-10-03T19:52:45+05:30"
42,64,75,32.15,62.8,1633270995695,"2021-10-03T19:53:15+05:30"
38,59,72,32.21,63.01,1633271026294,"2021-10-03T19:53:46+05:30"
38,57,70,32.26,62.7,1633271056861,"2021-10-03T19:54:16+05:30"
40,58,71,32.3,62.56,1633271087521,"2021-10-03T19:54:47+05:30"
41,63,75,32.32,62.58,1633271111134,"2021-10-03T19:55:11+05:30"
41,61,72,32.3,62.19,1633271141726,"2021-10-03T19:55:41+05:30"
41,60,72,32.3,62.51,1633271172311,"2021-10-03T19:56:12+05:30"
42,62,75,32.36,62.61,1633271202870,"2021-10-03T19:56:42+05:30"
37,54,69,32.41,62.4,1633271233446,"2021-10-03T19:57:13+05:30"
39,59,72,32.37,61.32,1633271264040,"2021-10-03T19:57:44+05:30"
35,54,68,32.29,61.24,1633271294627,"2021-10-03T19:58:14+05:30"
34,54,68,32.27,61.38,1633271325398,"2021-10-03T19:58:45+05:30"
35,52,68,32.22,61.29,1633271355778,"2021-10-03T19:59:15+05:30"
35,55,70,32.26,61.92,1633271386364,"2021-10-03T19:59:46+05:30"
35,54,70,32.27,61.53,1633271417039,"2021-10-03T20:00:17+05:30"
37,57,72,32.25,61.75,1633271447521,"2021-10-03T20:00:47+05:30"
40,61,74,32.25,61.84,1633271478088,"2021-10-03T20:01:18+05:30"
42,65,74,32.24,62.08,1633271508769,"2021-10-03T20:01:48+05:30"
40,60,72,32.24,61.77,1633271539277,"2021-10-03T20:02:19+05:30"
42,62,74,32.24,61.8,1633271569861,"2021-10-03T20:02:49+05:30"
44,65,75,32.23,62.25,1633271600417,"2021-10-03T20:03:20+05:30"
44,67,75,32.25,61.95,1633271631019,"2021-10-03T20:03:51+05:30"
44,64,74,32.27,61.88,1633271661610,"2021-10-03T20:04:21+05:30"
44,67,76,32.24,60.99,1633271692182,"2021-10-03T20:04:52+05:30"
44,65,74,32.22,61.29,1633271722828,"2021-10-03T20:05:22+05:30"
48,73,81,32.23,61.37,1633271753349,"2021-10-03T20:05:53+05:30"
49,73,82,32.22,61.07,1633271783948,"2021-10-03T20:06:23+05:30"
46,70,78,32.19,61.34,1633271814514,"2021-10-03T20:06:54+05:30"
45,69,79,32.2,61.58,1633271845133,"2021-10-03T20:07:25+05:30"
78,115,125,32.18,62,1633271875779,"2021-10-03T20:07:55+05:30"
91,130,145,32.19,62.19,1633271906331,"2021-10-03T20:08:26+05:30"
66,93,103,32.15,61.82,1633271936952,"2021-10-03T20:08:56+05:30"
56,80,90,32.21,62.23,1633271967501,"2021-10-03T20:09:27+05:30"
52,80,87,32.22,62.27,1633271998070,"2021-10-03T20:09:58+05:30"
50,74,84,32.26,62.54,1633272031756,"2021-10-03T20:10:31+05:30"
46,67,76,32.21,61.88,1633272061935,"2021-10-03T20:11:01+05:30"
44,67,77,32.26,62.42,1633272092417,"2021-10-03T20:11:32+05:30"
41,63,75,32.23,62.01,1633272123007,"2021-10-03T20:12:03+05:30"
44,64,76,32.22,62.79,1633272153600,"2021-10-03T20:12:33+05:30"
41,63,75,32.23,62.47,1633272184493,"2021-10-03T20:13:04+05:30"
37,57,71,32.23,62.08,1633272204841,"2021-10-03T20:13:24+05:30"
46,69,78,32.17,61.97,1633272235591,"2021-10-03T20:13:55+05:30"
44,66,76,32.18,62.33,1633272266082,"2021-10-03T20:14:26+05:30"
40,60,72,32.16,62.05,1633272296642,"2021-10-03T20:14:56+05:30"
35,55,70,32.17,62.17,1633272327209,"2021-10-03T20:15:27+05:30"
34,51,67,32.16,62,1633272357813,"2021-10-03T20:15:57+05:30"
34,51,66,32.2,61.9,1633272388381,"2021-10-03T20:16:28+05:30"
32,48,62,32.19,61.4,1633272418952,"2021-10-03T20:16:58+05:30"
33,49,63,32.18,61.63,1633272449527,"2021-10-03T20:17:29+05:30"
32,49,62,32.16,61.58,1633272480349,"2021-10-03T20:18:00+05:30"
32,47,61,32.15,61.57,1633272510693,"2021-10-03T20:18:30+05:30"
32,48,61,32.16,61.73,1633272541276,"2021-10-03T20:19:01+05:30"
33,49,63,32.16,61.85,1633272571921,"2021-10-03T20:19:31+05:30"
32,48,64,32.15,61.62,1633272602458,"2021-10-03T20:20:02+05:30"
30,47,59,32.22,61.69,1633272633062,"2021-10-03T20:20:33+05:30"
31,46,61,32.2,61.38,1633272663688,"2021-10-03T20:21:03+05:30"
32,48,61,32.24,61.51,1633272694190,"2021-10-03T20:21:34+05:30"
33,49,62,32.25,61.57,1633272724797,"2021-10-03T20:22:04+05:30"
32,48,61,32.25,61.22,1633272755422,"2021-10-03T20:22:35+05:30"
32,47,61,32.23,61.33,1633272785957,"2021-10-03T20:23:05+05:30"
31,47,58,32.26,61.22,1633272816528,"2021-10-03T20:23:36+05:30"
31,47,61,32.23,61.19,1633272847128,"2021-10-03T20:24:07+05:30"
33,52,67,32.17,61.63,1633272877688,"2021-10-03T20:24:37+05:30"
34,51,65,32.15,62.05,1633272911553,"2021-10-03T20:25:11+05:30"
34,51,66,32.15,61.93,1633272942097,"2021-10-03T20:25:42+05:30"
33,50,65,32.2,61.99,1633272972684,"2021-10-03T20:26:12+05:30"
31,48,63,32.22,61.82,1633273003295,"2021-10-03T20:26:43+05:30"
31,47,59,32.22,61.66,1633273033997,"2021-10-03T20:27:13+05:30"
31,46,58,32.25,61.8,1633273064414,"2021-10-03T20:27:44+05:30"
29,44,55,32.23,61.68,1633273095058,"2021-10-03T20:28:15+05:30"
31,48,61,32.27,61.89,1633273125610,"2021-10-03T20:28:45+05:30"
30,46,59,32.27,61.56,1633273156186,"2021-10-03T20:29:16+05:30"
30,47,59,32.26,61.58,1633273186742,"2021-10-03T20:29:46+05:30"
31,47,61,32.25,61.98,1633273242609,"2021-10-03T20:30:42+05:30"
31,46,60,32.29,62.23,1633273247972,"2021-10-03T20:30:47+05:30"
31,47,61,32.27,61.92,1633273278510,"2021-10-03T20:31:18+05:30"
31,47,60,32.25,61.98,1633273309082,"2021-10-03T20:31:49+05:30"
31,47,62,32.25,61.82,1633273339681,"2021-10-03T20:32:19+05:30"
32,49,61,32.33,62.33,1633273370256,"2021-10-03T20:32:50+05:30"
54,81,91,32.37,62.2,1633273400831,"2021-10-03T20:33:20+05:30"
48,71,79,32.37,62.01,1633273431389,"2021-10-03T20:33:51+05:30"
68,102,109,32.35,62.21,1633273462287,"2021-10-03T20:34:22+05:30"
52,78,87,32.33,62.22,1633273492559,"2021-10-03T20:34:52+05:30"
42,64,75,32.31,62.09,1633273523256,"2021-10-03T20:35:23+05:30"
41,61,74,32.28,62.26,1633273543741,"2021-10-03T20:35:43+05:30"
40,61,73,32.28,62.09,1633273574329,"2021-10-03T20:36:14+05:30"
40,60,71,32.27,62.14,1633273604929,"2021-10-03T20:36:44+05:30"
38,55,68,32.27,62.41,1633273635578,"2021-10-03T20:37:15+05:30"
38,56,70,32.21,62.08,1633273666216,"2021-10-03T20:37:46+05:30"
37,56,69,32.2,62.73,1633273697097,"2021-10-03T20:38:17+05:30"
37,57,69,32.16,62.79,1633273727732,"2021-10-03T20:38:47+05:30"
39,58,71,32.12,62.94,1633273758250,"2021-10-03T20:39:18+05:30"
42,63,75,32.08,63.34,1633273788839,"2021-10-03T20:39:48+05:30"
40,59,72,32.11,63.19,1633273818914,"2021-10-03T20:40:18+05:30"
37,55,68,32.12,62.71,1633273849594,"2021-10-03T20:40:49+05:30"
34,52,68,32.1,62.69,1633273880069,"2021-10-03T20:41:20+05:30"
39,60,72,32.09,63.58,1633273911108,"2021-10-03T20:41:51+05:30"
38,57,71,32.09,63.82,1633273941213,"2021-10-03T20:42:21+05:30"
39,57,71,32.13,64.11,1633273971838,"2021-10-03T20:42:51+05:30"
44,63,75,32.15,63.95,1633274002423,"2021-10-03T20:43:22+05:30"
41,63,75,32.13,63.27,1633274033034,"2021-10-03T20:43:53+05:30"
39,61,74,32.15,63.43,1633274063549,"2021-10-03T20:44:23+05:30"
41,65,75,32.18,63.47,1633274094180,"2021-10-03T20:44:54+05:30"
44,65,77,32.22,63.49,1633274124961,"2021-10-03T20:45:24+05:30"
43,67,75,32.19,62.8,1633274155313,"2021-10-03T20:45:55+05:30"
42,64,75,32.15,62.53,1633274186024,"2021-10-03T20:46:26+05:30"
42,65,76,32.11,62.78,1633274216489,"2021-10-03T20:46:56+05:30"
39,62,76,32.07,62.72,1633274247089,"2021-10-03T20:47:27+05:30"
41,63,75,32.12,63.39,1633274277643,"2021-10-03T20:47:57+05:30"
37,58,72,32.1,63.38,1633274308229,"2021-10-03T20:48:28+05:30"
37,56,71,32.06,63.27,1633274339008,"2021-10-03T20:48:59+05:30"
38,58,71,32.06,63.74,1633274369553,"2021-10-03T20:49:29+05:30"
40,60,72,32.04,63.57,1633274400120,"2021-10-03T20:50:00+05:30"
40,60,72,32.05,63.71,1633274430674,"2021-10-03T20:50:30+05:30"
38,59,71,32.02,63.43,1633274461266,"2021-10-03T20:51:01+05:30"
38,57,70,32.04,63.59,1633274491856,"2021-10-03T20:51:31+05:30"
37,55,69,32.07,63.39,1633274522553,"2021-10-03T20:52:02+05:30"
35,54,70,32.07,63.11,1633274552996,"2021-10-03T20:52:32+05:30"
34,52,67,32.07,62.85,1633274583597,"2021-10-03T20:53:03+05:30"
35,55,70,32.06,63.04,1633274614193,"2021-10-03T20:53:34+05:30"
35,52,66,32.07,63.35,1633274644757,"2021-10-03T20:54:04+05:30"
36,53,68,32.15,63.33,1633274675333,"2021-10-03T20:54:35+05:30"
46,69,80,32.13,63.25,1633274712357,"2021-10-03T20:55:12+05:30"
66,97,107,32.14,63.48,1633274732250,"2021-10-03T20:55:32+05:30"
67,99,107,32.14,63.39,1633274762848,"2021-10-03T20:56:02+05:30"
60,88,94,32.15,64.01,1633274793442,"2021-10-03T20:56:33+05:30"
54,83,95,32.16,63.82,1633274824039,"2021-10-03T20:57:04+05:30"
52,77,86,32.18,63.65,1633274854603,"2021-10-03T20:57:34+05:30"
48,71,79,32.26,63.28,1633274885187,"2021-10-03T20:58:05+05:30"
44,68,76,32.24,63.07,1633274915782,"2021-10-03T20:58:35+05:30"
43,64,74,32.19,63.1,1633274946378,"2021-10-03T20:59:06+05:30"
42,63,74,32.17,63.42,1633274976937,"2021-10-03T20:59:36+05:30"
40,60,72,32.17,63.25,1633275007646,"2021-10-03T21:00:07+05:30"
40,59,71,32.21,63.23,1633275038414,"2021-10-03T21:00:38+05:30"
39,57,69,32.19,62.9,1633275069222,"2021-10-03T21:01:09+05:30"
40,57,70,32.24,63.28,1633275100246,"2021-10-03T21:01:40+05:30"
39,59,72,32.29,63.34,1633275130629,"2021-10-03T21:02:10+05:30"
38,56,71,32.29,63.38,1633275161199,"2021-10-03T21:02:41+05:30"
38,55,71,32.35,63.65,1633275191792,"2021-10-03T21:03:11+05:30"
40,55,70,32.37,63.66,1633275222593,"2021-10-03T21:03:42+05:30"
38,57,71,32.32,63.15,1633275253223,"2021-10-03T21:04:13+05:30"
36,54,69,32.23,63.11,1633275283947,"2021-10-03T21:04:43+05:30"
37,55,67,32.21,63.27,1633275314416,"2021-10-03T21:05:14+05:30"
36,56,69,32.11,62.64,1633275345014,"2021-10-03T21:05:45+05:30"
34,52,68,32.04,63.09,1633275375674,"2021-10-03T21:06:15+05:30"
35,52,65,31.96,63.11,1633275406253,"2021-10-03T21:06:46+05:30"
36,55,70,31.91,63.75,1633275437005,"2021-10-03T21:07:17+05:30"
35,54,70,31.9,64.11,1633275467427,"2021-10-03T21:07:47+05:30"
34,52,67,31.88,63.47,1633275497992,"2021-10-03T21:08:17+05:30"
34,50,64,31.89,63.77,1633275528586,"2021-10-03T21:08:48+05:30"
35,52,66,31.94,64.59,1633275559166,"2021-10-03T21:09:19+05:30"
34,51,67,32.01,64.59,1633275589755,"2021-10-03T21:09:49+05:30"
33,51,65,32.06,64.42,1633275618005,"2021-10-03T21:10:18+05:30"
35,53,66,32.05,64.36,1633275648590,"2021-10-03T21:10:48+05:30"
34,51,65,32.08,64.57,1633275679197,"2021-10-03T21:11:19+05:30"
34,51,66,32.09,64.62,1633275710125,"2021-10-03T21:11:50+05:30"
34,50,65,32.15,64.73,1633275740653,"2021-10-03T21:12:20+05:30"
35,52,66,32.28,64.99,1633275771223,"2021-10-03T21:12:51+05:30"
38,56,69,32.27,63.47,1633275801800,"2021-10-03T21:13:21+05:30"
37,54,69,32.22,64.21,1633275832445,"2021-10-03T21:13:52+05:30"
34,55,70,32.26,64.9,1633275863197,"2021-10-03T21:14:23+05:30"
35,53,67,32.25,64.61,1633275893508,"2021-10-03T21:14:53+05:30"
38,56,69,32.19,64.66,1633275924115,"2021-10-03T21:15:24+05:30"
37,55,69,32.24,65.13,1633275954699,"2021-10-03T21:15:54+05:30"
40,61,73,32.3,65.02,1633275985251,"2021-10-03T21:16:25+05:30"
49,75,85,32.35,64.23,1633276015854,"2021-10-03T21:16:55+05:30"
41,63,73,32.39,64.28,1633276046838,"2021-10-03T21:17:26+05:30"
44,67,78,32.37,64.07,1633276077002,"2021-10-03T21:17:57+05:30"
40,60,72,32.41,64.81,1633276107637,"2021-10-03T21:18:27+05:30"
41,60,72,32.45,64.86,1633276138276,"2021-10-03T21:18:58+05:30"
39,58,72,32.48,64.92,1633276168851,"2021-10-03T21:19:28+05:30"
38,56,70,32.47,64.62,1633276199440,"2021-10-03T21:19:59+05:30"
44,64,76,32.43,64.4,1633276230015,"2021-10-03T21:20:30+05:30"
42,60,72,32.41,64.7,1633276260579,"2021-10-03T21:21:00+05:30"
40,60,72,32.38,64.83,1633276291255,"2021-10-03T21:21:31+05:30"
40,62,75,32.42,64.96,1633276321803,"2021-10-03T21:22:01+05:30"
40,63,75,32.44,64.49,1633276352337,"2021-10-03T21:22:32+05:30"
39,58,71,32.39,63.6,1633276382919,"2021-10-03T21:23:02+05:30"
38,56,70,32.31,63.95,1633276413518,"2021-10-03T21:23:33+05:30"
45,67,77,32.3,64.29,1633276444106,"2021-10-03T21:24:04+05:30"
43,63,75,32.32,64.03,1633276474674,"2021-10-03T21:24:34+05:30"
37,55,68,32.24,64.45,1633276532645,"2021-10-03T21:25:32+05:30"
36,52,67,32.21,63.97,1633276563164,"2021-10-03T21:26:03+05:30"
36,52,67,32.19,64.34,1633276593763,"2021-10-03T21:26:33+05:30"
34,53,69,32.18,64.03,1633276624303,"2021-10-03T21:27:04+05:30"
34,51,64,32.12,63.87,1633276654904,"2021-10-03T21:27:34+05:30"
33,51,65,32.04,64.49,1633276685607,"2021-10-03T21:28:05+05:30"
35,52,67,31.99,64.21,1633276716065,"2021-10-03T21:28:36+05:30"
34,50,62,31.91,64.46,1633276746657,"2021-10-03T21:29:06+05:30"
34,51,64,31.98,64.78,1633276777409,"2021-10-03T21:29:37+05:30"
34,52,66,31.95,64.29,1633276807830,"2021-10-03T21:30:07+05:30"
33,50,64,31.88,64.43,1633276838405,"2021-10-03T21:30:38+05:30"
34,51,68,31.91,64.98,1633276868987,"2021-10-03T21:31:08+05:30"
35,53,68,31.93,63.98,1633276899564,"2021-10-03T21:31:39+05:30"
35,51,65,31.87,63.96,1633276930178,"2021-10-03T21:32:10+05:30"
34,51,65,31.85,64.75,1633276960743,"2021-10-03T21:32:40+05:30"
34,51,64,31.88,65.06,1633276991449,"2021-10-03T21:33:11+05:30"
34,51,66,31.94,64.53,1633277021995,"2021-10-03T21:33:41+05:30"
33,50,63,31.89,63.94,1633277052509,"2021-10-03T21:34:12+05:30"
33,50,64,31.84,64.01,1633277083077,"2021-10-03T21:34:43+05:30"
33,50,64,31.85,64.36,1633277113853,"2021-10-03T21:35:13+05:30"
33,50,65,31.93,64.25,1633277144269,"2021-10-03T21:35:44+05:30"
32,49,63,31.93,63.96,1633277174832,"2021-10-03T21:36:14+05:30"
33,49,64,31.95,64.03,1633277205493,"2021-10-03T21:36:45+05:30"
38,56,70,31.92,63.86,1633277236013,"2021-10-03T21:37:16+05:30"
35,54,68,31.9,63.63,1633277266618,"2021-10-03T21:37:46+05:30"
33,50,67,31.85,63.99,1633277297157,"2021-10-03T21:38:17+05:30"
35,52,69,31.88,63.65,1633277327757,"2021-10-03T21:38:47+05:30"
36,54,70,31.85,63.7,1633277358406,"2021-10-03T21:39:18+05:30"
38,56,70,31.81,63.73,1633277388883,"2021-10-03T21:39:48+05:30"
34,51,64,31.82,63.39,1633277412934,"2021-10-03T21:40:12+05:30"
45,66,76,31.77,64.04,1633277443497,"2021-10-03T21:40:43+05:30"
47,69,77,31.82,64.18,1633277474067,"2021-10-03T21:41:14+05:30"
47,68,75,31.86,64.01,1633277504652,"2021-10-03T21:41:44+05:30"
43,64,74,31.9,63.56,1633277535243,"2021-10-03T21:42:15+05:30"
43,66,76,31.87,63.35,1633277565832,"2021-10-03T21:42:45+05:30"
44,66,75,31.86,63.78,1633277596383,"2021-10-03T21:43:16+05:30"
48,70,77,31.89,64.02,1633277626973,"2021-10-03T21:43:46+05:30"
54,81,90,31.96,64.06,1633277657534,"2021-10-03T21:44:17+05:30"
55,81,89,31.89,63.68,1633277688136,"2021-10-03T21:44:48+05:30"
48,71,79,31.82,63.54,1633277718712,"2021-10-03T21:45:18+05:30"
56,84,89,31.81,64.31,1633277749307,"2021-10-03T21:45:49+05:30"
50,76,81,31.83,64.04,1633277779860,"2021-10-03T21:46:19+05:30"
45,68,76,31.86,63.99,1633277810520,"2021-10-03T21:46:50+05:30"
46,73,83,31.89,63.96,1633277841144,"2021-10-03T21:47:21+05:30"
44,65,75,31.93,63.67,1633277871729,"2021-10-03T21:47:51+05:30"
49,70,77,31.81,64.19,1633277902297,"2021-10-03T21:48:22+05:30"