"pm1_0","pm2_5","pm10","temp","humid","createdAt","localtime"
183,296,324,28.57,57.94,1634354150806,"2021-10-16T08:45:50+05:30"
185,300,326,28.66,57.6,1634354239855,"2021-10-16T08:47:19+05:30"
188,297,328,28.69,57.65,1634354249961,"2021-10-16T08:47:29+05:30"
184,295,329,28.64,56.87,1634354305536,"2021-10-16T08:48:25+05:30"
184,318,377,28.79,57.07,1634354545231,"2021-10-16T08:52:25+05:30"
183,315,378,28.77,57.29,1634354555204,"2021-10-16T08:52:35+05:30"
184,311,355,28.72,56.92,1634354618197,"2021-10-16T08:53:38+05:30"
184,302,335,28.74,57.04,1634354845295,"2021-10-16T08:57:25+05:30"
184,304,337,28.76,57.07,1634354855261,"2021-10-16T08:57:35+05:30"
192,311,339,28.79,57.01,1634354899349,"2021-10-16T08:58:19+05:30"
182,291,324,28.84,57.28,1634355145075,"2021-10-16T09:02:25+05:30"
197,326,353,28.88,58.02,1634355321695,"2021-10-16T09:05:21+05:30"
190,312,343,29.04,55.76,1634355445012,"2021-10-16T09:07:25+05:30"
192,311,344,29.05,55.63,1634355459662,"2021-10-16T09:07:39+05:30"
188,312,343,29.07,55.84,1634355551005,"2021-10-16T09:09:11+05:30"
195,323,356,29.07,56.02,1634355581494,"2021-10-16T09:09:41+05:30"
196,319,353,29.06,55.66,1634355612067,"2021-10-16T09:10:12+05:30"
189,309,341,29.04,55.63,1634355643445,"2021-10-16T09:10:43+05:30"
187,311,339,29.04,55.81,1634355673242,"2021-10-16T09:11:13+05:30"
188,312,338,29.08,55.9,1634355703804,"2021-10-16T09:11:43+05:30"
192,314,343,29.12,55.73,1634355734417,"2021-10-16T09:12:14+05:30"
193,320,356,29.14,55.9,1634355765029,"2021-10-16T09:12:45+05:30"
201,328,356,29.17,56.05,1634355795573,"2021-10-16T09:13:15+05:30"
203,336,364,29.17,56.34,1634355826266,"2021-10-16T09:13:46+05:30"
209,348,380,29.12,56.49,1634355856733,"2021-10-16T09:14:16+05:30"
197,333,363,29.15,56.49,1634355887353,"2021-10-16T09:14:47+05:30"
194,324,356,29.14,56.37,1634355917900,"2021-10-16T09:15:17+05:30"
183,304,338,29.16,56.17,1634355948468,"2021-10-16T09:15:48+05:30"
189,308,340,29.17,56.28,1634355979066,"2021-10-16T09:16:19+05:30"
187,307,333,29.17,56.73,1634356009682,"2021-10-16T09:16:49+05:30"
190,310,339,29.17,56.63,1634356040226,"2021-10-16T09:17:20+05:30"
191,310,337,29.18,56.74,1634356070798,"2021-10-16T09:17:50+05:30"
185,305,340,29.19,56.14,1634356101377,"2021-10-16T09:18:21+05:30"
182,299,326,29.21,55.66,1634356131958,"2021-10-16T09:18:51+05:30"
187,304,328,29.23,55.83,1634356162548,"2021-10-16T09:19:22+05:30"
186,302,327,29.23,55.85,1634356193108,"2021-10-16T09:19:53+05:30"
189,308,335,29.24,55.64,1634356223718,"2021-10-16T09:20:23+05:30"
182,298,327,29.27,55.43,1634356254292,"2021-10-16T09:20:54+05:30"
180,301,324,29.27,55.14,1634356284873,"2021-10-16T09:21:24+05:30"
184,298,328,29.27,54.61,1634356315729,"2021-10-16T09:21:55+05:30"
192,313,345,29.27,54.45,1634356346003,"2021-10-16T09:22:26+05:30"
204,337,372,29.28,54.4,1634356376607,"2021-10-16T09:22:56+05:30"
223,384,419,29.34,55.08,1634356407191,"2021-10-16T09:23:27+05:30"
220,383,418,29.37,54.59,1634356436017,"2021-10-16T09:23:56+05:30"
239,427,476,29.4,54.83,1634356466146,"2021-10-16T09:24:26+05:30"
205,345,383,29.37,55.35,1634356496712,"2021-10-16T09:24:56+05:30"
264,508,575,29.49,55.16,1634356527272,"2021-10-16T09:25:27+05:30"
221,395,447,29.5,55.38,1634356558035,"2021-10-16T09:25:58+05:30"
224,398,451,29.48,55.2,1634356588887,"2021-10-16T09:26:28+05:30"
213,365,406,29.51,54.65,1634356619210,"2021-10-16T09:26:59+05:30"
192,320,354,29.47,54.12,1634356649808,"2021-10-16T09:27:29+05:30"
190,315,343,29.46,53.92,1634356680449,"2021-10-16T09:28:00+05:30"
222,403,450,29.52,54.59,1634356710987,"2021-10-16T09:28:30+05:30"
209,377,425,29.55,54.48,1634356741590,"2021-10-16T09:29:01+05:30"
228,464,543,29.58,54.43,1634356772237,"2021-10-16T09:29:32+05:30"
237,499,594,29.58,54.55,1634356802764,"2021-10-16T09:30:02+05:30"
272,686,848,29.68,54.61,1634356833382,"2021-10-16T09:30:33+05:30"
244,508,598,29.69,54.55,1634356864760,"2021-10-16T09:31:04+05:30"
236,497,583,29.66,53.64,1634356894725,"2021-10-16T09:31:34+05:30"
266,640,787,29.69,54.23,1634356925203,"2021-10-16T09:32:05+05:30"
278,692,867,29.78,54.28,1634356955824,"2021-10-16T09:32:35+05:30"
281,801,1029,29.85,54.37,1634356986443,"2021-10-16T09:33:06+05:30"
280,821,1067,29.89,54.31,1634357017024,"2021-10-16T09:33:37+05:30"
278,901,1173,29.92,54.27,1634357047601,"2021-10-16T09:34:07+05:30"
281,812,1043,29.91,54.26,1634357078204,"2021-10-16T09:34:38+05:30"
278,827,1054,29.91,54.4,1634357108796,"2021-10-16T09:35:08+05:30"
234,475,560,29.85,54.63,1634357140173,"2021-10-16T09:35:40+05:30"
257,602,737,29.87,54.66,1634357170817,"2021-10-16T09:36:10+05:30"
272,703,884,29.86,54.68,1634357200580,"2021-10-16T09:36:40+05:30"
240,546,668,29.83,54.31,1634357231166,"2021-10-16T09:37:11+05:30"
268,745,964,29.86,55.15,1634357261753,"2021-10-16T09:37:41+05:30"
266,712,936,29.88,54.43,1634357292345,"2021-10-16T09:38:12+05:30"
243,549,670,29.81,54.51,1634357318281,"2021-10-16T09:38:38+05:30"
270,763,984,29.85,54.84,1634357347896,"2021-10-16T09:39:07+05:30"
275,967,1285,29.93,54.82,1634357378487,"2021-10-16T09:39:38+05:30"
273,846,1120,30,54.48,1634357409109,"2021-10-16T09:40:09+05:30"
258,917,1278,30,54.46,1634357439682,"2021-10-16T09:40:39+05:30"
260,912,1230,29.98,54.48,1634357470278,"2021-10-16T09:41:10+05:30"
263,755,988,29.96,54.69,1634357500880,"2021-10-16T09:41:40+05:30"
243,559,695,29.94,54.03,1634357531453,"2021-10-16T09:42:11+05:30"
255,632,805,29.89,54.19,1634357562210,"2021-10-16T09:42:42+05:30"
270,807,1042,29.93,54.44,1634357592640,"2021-10-16T09:43:12+05:30"
268,794,1027,29.97,54.03,1634357623494,"2021-10-16T09:43:43+05:30"
260,719,939,29.93,54.11,1634357654222,"2021-10-16T09:44:14+05:30"
244,730,966,29.94,54.29,1634357684414,"2021-10-16T09:44:44+05:30"
224,448,527,29.9,54.39,1634357715026,"2021-10-16T09:45:15+05:30"
270,784,1017,29.94,54.9,1634357745626,"2021-10-16T09:45:45+05:30"
271,789,1014,29.98,54.97,1634357776193,"2021-10-16T09:46:16+05:30"
272,872,1160,30.01,54.99,1634357806886,"2021-10-16T09:46:46+05:30"
269,972,1321,30.03,54.73,1634357837384,"2021-10-16T09:47:17+05:30"
263,949,1274,30.03,54.15,1634357868215,"2021-10-16T09:47:48+05:30"
266,1007,1394,30.08,53.83,1634357898582,"2021-10-16T09:48:18+05:30"
246,602,739,30.05,53.13,1634357929577,"2021-10-16T09:48:49+05:30"
269,993,1342,30.07,54.04,1634357960029,"2021-10-16T09:49:20+05:30"
271,728,927,30.08,54.35,1634357990624,"2021-10-16T09:49:50+05:30"
267,1060,1446,30.11,54.69,1634358021242,"2021-10-16T09:50:21+05:30"
256,1232,10,30.16,54.46,1634358051790,"2021-10-16T09:50:51+05:30"
262,1146,1628,30.16,54.6,1634358082394,"2021-10-16T09:51:22+05:30"
267,1191,1669,30.15,54.69,1634358112998,"2021-10-16T09:51:52+05:30"
259,1256,84,30.14,54.86,1634358144124,"2021-10-16T09:52:24+05:30"
273,1138,1557,30.13,55.07,1634358174208,"2021-10-16T09:52:54+05:30"
277,955,1299,30.09,55.41,1634358204777,"2021-10-16T09:53:24+05:30"
285,1040,1375,30.1,55.46,1634358236474,"2021-10-16T09:53:56+05:30"
287,1035,1357,30.15,55.44,1634358266692,"2021-10-16T09:54:26+05:30"
266,877,1157,30.15,54.95,1634358297106,"2021-10-16T09:54:57+05:30"
279,867,1112,30.18,54.55,1634358317328,"2021-10-16T09:55:17+05:30"
246,1288,213,30.26,54.84,1634358347897,"2021-10-16T09:55:47+05:30"
237,1385,308,30.29,54.33,1634358378489,"2021-10-16T09:56:18+05:30"
271,1071,1464,30.31,54.5,1634358409144,"2021-10-16T09:56:49+05:30"
287,1056,1407,30.25,54.73,1634358439719,"2021-10-16T09:57:19+05:30"
270,1146,1569,30.26,54.95,1634358470286,"2021-10-16T09:57:50+05:30"
276,1067,1422,30.28,54.85,1634358500851,"2021-10-16T09:58:20+05:30"
290,1019,1381,30.27,55.23,1634358531459,"2021-10-16T09:58:51+05:30"
297,878,1103,30.19,55.56,1634358562205,"2021-10-16T09:59:22+05:30"
283,878,1123,30.19,55.69,1634358592624,"2021-10-16T09:59:52+05:30"
258,552,650,30.1,55.1,1634358623240,"2021-10-16T10:00:23+05:30"
253,527,616,30.03,55.41,1634358653857,"2021-10-16T10:00:53+05:30"
260,570,674,30.06,55.18,1634358684404,"2021-10-16T10:01:24+05:30"
282,884,1119,30.13,54.76,1634358715012,"2021-10-16T10:01:55+05:30"
271,744,933,30.12,54.16,1634358746087,"2021-10-16T10:02:26+05:30"
284,952,1229,30.16,54.42,1634358776203,"2021-10-16T10:02:56+05:30"
265,669,827,30.17,55.49,1634358806815,"2021-10-16T10:03:26+05:30"
277,665,805,30.12,55.88,1634358837384,"2021-10-16T10:03:57+05:30"
260,687,842,30.1,56.01,1634358867974,"2021-10-16T10:04:27+05:30"
274,696,840,30.08,56.05,1634358898564,"2021-10-16T10:04:58+05:30"
292,914,1168,30.18,55.56,1634358929476,"2021-10-16T10:05:29+05:30"
289,929,1200,30.21,55.37,1634358960378,"2021-10-16T10:06:00+05:30"
287,887,1119,30.23,55.44,1634358990654,"2021-10-16T10:06:30+05:30"
278,728,883,30.22,55.72,1634359020932,"2021-10-16T10:07:00+05:30"
285,714,860,30.23,56.03,1634359051553,"2021-10-16T10:07:31+05:30"
276,666,803,30.25,55.19,1634359082116,"2021-10-16T10:08:02+05:30"
195,352,394,30.25,50.64,1634359115942,"2021-10-16T10:08:35+05:30"
228,453,516,30.29,51.34,1634359146043,"2021-10-16T10:09:06+05:30"
268,613,740,30.33,53.44,1634359176623,"2021-10-16T10:09:36+05:30"
283,721,883,30.39,53.9,1634359207379,"2021-10-16T10:10:07+05:30"
261,579,688,30.37,53.22,1634359228103,"2021-10-16T10:10:28+05:30"
245,505,587,30.34,53.2,1634359258700,"2021-10-16T10:10:58+05:30"
269,589,694,30.36,53.82,1634359289283,"2021-10-16T10:11:29+05:30"
266,596,694,30.39,53.86,1634359320157,"2021-10-16T10:12:00+05:30"
269,603,705,30.4,54,1634359350769,"2021-10-16T10:12:30+05:30"
260,554,649,30.4,54.14,1634359381490,"2021-10-16T10:13:01+05:30"
251,510,589,30.38,54.25,1634359412427,"2021-10-16T10:13:32+05:30"
217,408,465,30.35,53.05,1634359443283,"2021-10-16T10:14:03+05:30"
234,471,551,30.42,52.73,1634359473865,"2021-10-16T10:14:33+05:30"
190,328,373,30.44,51.55,1634359504439,"2021-10-16T10:15:04+05:30"
228,419,474,30.45,52.68,1634359535038,"2021-10-16T10:15:35+05:30"
265,524,593,30.45,53.57,1634359565631,"2021-10-16T10:16:05+05:30"
261,502,572,30.46,54.01,1634359596212,"2021-10-16T10:16:36+05:30"
247,458,530,30.45,54.16,1634359626819,"2021-10-16T10:17:06+05:30"
240,462,531,30.37,54.04,1634359657428,"2021-10-16T10:17:37+05:30"
220,414,477,30.28,54.6,1634359688016,"2021-10-16T10:18:08+05:30"
226,419,484,30.2,55.44,1634359718579,"2021-10-16T10:18:38+05:30"
213,388,431,30.12,56.03,1634359749182,"2021-10-16T10:19:09+05:30"
212,378,433,30.11,55.29,1634359779801,"2021-10-16T10:19:39+05:30"
202,355,393,30.18,52.96,1634359810410,"2021-10-16T10:20:10+05:30"
189,329,366,30.2,54.13,1634359840961,"2021-10-16T10:20:40+05:30"
194,340,388,30.17,55.2,1634359871660,"2021-10-16T10:21:11+05:30"
195,338,386,30.17,55.44,1634359902146,"2021-10-16T10:21:42+05:30"
191,326,368,30.19,54.92,1634359932751,"2021-10-16T10:22:12+05:30"
187,322,366,30.18,55.19,1634359963334,"2021-10-16T10:22:43+05:30"
186,319,352,30.15,55.32,1634359993914,"2021-10-16T10:23:13+05:30"
187,313,343,30.14,55.3,1634360019732,"2021-10-16T10:23:39+05:30"
182,309,344,30.13,55.53,1634360049894,"2021-10-16T10:24:09+05:30"
180,308,342,30.11,55.71,1634360080476,"2021-10-16T10:24:40+05:30"
178,303,337,30.03,55.48,1634360111055,"2021-10-16T10:25:11+05:30"
183,309,344,30.04,56,1634360141641,"2021-10-16T10:25:41+05:30"
177,303,342,30.02,56.28,1634360172233,"2021-10-16T10:26:12+05:30"
176,292,328,30,55.92,1634360202851,"2021-10-16T10:26:42+05:30"
173,286,327,29.98,54.97,1634360233411,"2021-10-16T10:27:13+05:30"
171,282,308,29.99,54.41,1634360264010,"2021-10-16T10:27:44+05:30"
169,284,310,30.04,54.6,1634360294598,"2021-10-16T10:28:14+05:30"
169,283,311,30.05,55.11,1634360325178,"2021-10-16T10:28:45+05:30"
170,277,306,30.05,55.46,1634360355754,"2021-10-16T10:29:15+05:30"
169,271,300,30.05,55.43,1634360386328,"2021-10-16T10:29:46+05:30"
166,271,297,29.99,54.23,1634360416926,"2021-10-16T10:30:16+05:30"
161,270,292,29.97,54.06,1634360447537,"2021-10-16T10:30:47+05:30"
160,264,289,29.97,54.19,1634360478144,"2021-10-16T10:31:18+05:30"
164,266,291,30,54.82,1634360508726,"2021-10-16T10:31:48+05:30"
161,261,292,29.99,54.46,1634360539301,"2021-10-16T10:32:19+05:30"
161,261,286,29.99,53.94,1634360569933,"2021-10-16T10:32:49+05:30"
163,265,299,30.02,54.72,1634360600490,"2021-10-16T10:33:20+05:30"
160,263,290,30,55.03,1634360631102,"2021-10-16T10:33:51+05:30"
162,269,296,29.98,55.32,1634360661679,"2021-10-16T10:34:21+05:30"
162,265,303,30,55.82,1634360692290,"2021-10-16T10:34:52+05:30"
164,268,297,30,56.24,1634360722869,"2021-10-16T10:35:22+05:30"
167,272,303,29.94,56.46,1634360753638,"2021-10-16T10:35:53+05:30"
166,280,325,29.94,56.44,1634360784053,"2021-10-16T10:36:24+05:30"
169,267,301,29.93,56.36,1634360814647,"2021-10-16T10:36:54+05:30"
170,282,316,29.91,56.39,1634360845242,"2021-10-16T10:37:25+05:30"
169,279,314,29.98,54.16,1634360876111,"2021-10-16T10:37:56+05:30"
159,260,288,30.11,52.06,1634360906427,"2021-10-16T10:38:26+05:30"
158,251,272,30.2,51.28,1634360936412,"2021-10-16T10:38:56+05:30"
161,265,286,30.2,51.88,1634360966495,"2021-10-16T10:39:26+05:30"
165,266,293,30.24,50.96,1634360997060,"2021-10-16T10:39:57+05:30"
159,260,287,30.3,50.55,1634361027899,"2021-10-16T10:40:27+05:30"
162,263,289,30.32,51.04,1634361058910,"2021-10-16T10:40:58+05:30"
160,256,281,30.39,50.32,1634361088945,"2021-10-16T10:41:28+05:30"
161,262,283,30.44,51.34,1634361119531,"2021-10-16T10:41:59+05:30"
158,253,274,30.47,51.47,1634361150619,"2021-10-16T10:42:30+05:30"
159,258,275,30.39,51.83,1634361180730,"2021-10-16T10:43:00+05:30"
161,254,280,30.34,52.18,1634361211311,"2021-10-16T10:43:31+05:30"
161,257,280,30.31,52.23,1634361242619,"2021-10-16T10:44:02+05:30"
159,244,264,30.32,50.71,1634361272983,"2021-10-16T10:44:32+05:30"
157,248,269,30.41,49.64,1634361303096,"2021-10-16T10:45:03+05:30"
159,256,273,30.45,48.98,1634361333701,"2021-10-16T10:45:33+05:30"
161,261,286,30.41,50.22,1634361364287,"2021-10-16T10:46:04+05:30"
160,252,277,30.32,51.74,1634361394867,"2021-10-16T10:46:34+05:30"
162,262,285,30.23,52.13,1634361425489,"2021-10-16T10:47:05+05:30"
161,261,283,30.18,52.51,1634361456337,"2021-10-16T10:47:36+05:30"
162,258,275,30.18,52.94,1634361476665,"2021-10-16T10:47:56+05:30"
160,254,279,30.17,51.39,1634361507263,"2021-10-16T10:48:27+05:30"
162,253,275,30.24,49.24,1634361537840,"2021-10-16T10:48:57+05:30"
161,257,280,30.34,49.24,1634361568417,"2021-10-16T10:49:28+05:30"
161,256,278,30.37,49.48,1634361599018,"2021-10-16T10:49:59+05:30"
161,255,285,30.34,50.12,1634361629613,"2021-10-16T10:50:29+05:30"
164,256,281,30.31,50.31,1634361660677,"2021-10-16T10:51:00+05:30"
170,270,295,30.23,50.44,1634361690881,"2021-10-16T10:51:30+05:30"
168,268,290,30.21,51.84,1634361721492,"2021-10-16T10:52:01+05:30"
168,272,291,30.22,52.29,1634361752077,"2021-10-16T10:52:32+05:30"
167,272,297,30.21,52.83,1634361782913,"2021-10-16T10:53:02+05:30"
168,268,298,30.21,53.43,1634361816458,"2021-10-16T10:53:36+05:30"
172,284,306,30.19,54.31,1634361846342,"2021-10-16T10:54:06+05:30"
175,282,310,30.2,54.74,1634361876939,"2021-10-16T10:54:36+05:30"
173,281,311,30.21,54.89,1634361907551,"2021-10-16T10:55:07+05:30"
178,293,324,30.21,55.18,1634361938578,"2021-10-16T10:55:38+05:30"
175,285,317,30.24,56.05,1634361968721,"2021-10-16T10:56:08+05:30"
176,292,332,30.25,56.13,1634361999320,"2021-10-16T10:56:39+05:30"
179,293,330,30.26,56.82,1634362029935,"2021-10-16T10:57:09+05:30"
172,290,323,30.28,57.26,1634362060623,"2021-10-16T10:57:40+05:30"
173,289,324,30.31,56.43,1634362091179,"2021-10-16T10:58:11+05:30"
197,335,369,30.28,56.01,1634362121787,"2021-10-16T10:58:41+05:30"
190,317,352,30.28,55.55,1634362152378,"2021-10-16T10:59:12+05:30"
188,317,345,30.39,52.97,1634362182967,"2021-10-16T10:59:42+05:30"
188,307,337,30.52,51.91,1634362213560,"2021-10-16T11:00:13+05:30"
182,301,331,30.6,50.98,1634362244150,"2021-10-16T11:00:44+05:30"
180,288,318,30.64,51.49,1634362274750,"2021-10-16T11:01:14+05:30"
185,307,338,30.63,51.44,1634362305473,"2021-10-16T11:01:45+05:30"
203,345,381,30.59,51.44,1634362336191,"2021-10-16T11:02:16+05:30"
215,363,405,30.55,52.33,1634362366829,"2021-10-16T11:02:46+05:30"
217,361,403,30.53,51.64,1634362397490,"2021-10-16T11:03:17+05:30"
220,365,400,30.47,52.41,1634362428201,"2021-10-16T11:03:48+05:30"
214,359,398,30.42,53.6,1634362448907,"2021-10-16T11:04:08+05:30"
209,352,389,30.39,53.96,1634362479703,"2021-10-16T11:04:39+05:30"
205,341,379,30.37,54.32,1634362510150,"2021-10-16T11:05:10+05:30"
199,324,365,30.35,54.6,1634362540742,"2021-10-16T11:05:40+05:30"
202,331,366,30.36,54.67,1634362571363,"2021-10-16T11:06:11+05:30"
196,324,355,30.38,54.7,1634362601912,"2021-10-16T11:06:41+05:30"
194,322,357,30.41,54.8,1634362632491,"2021-10-16T11:07:12+05:30"
196,324,357,30.44,54.85,1634362663680,"2021-10-16T11:07:43+05:30"
196,330,367,30.39,55.02,1634362693662,"2021-10-16T11:08:13+05:30"
197,328,367,30.3,54.94,1634362724147,"2021-10-16T11:08:44+05:30"
195,326,365,30.32,55.04,1634362754170,"2021-10-16T11:09:14+05:30"
191,315,353,30.3,54.97,1634362784786,"2021-10-16T11:09:44+05:30"
193,320,357,30.34,55.18,1634362815359,"2021-10-16T11:10:15+05:30"
188,311,347,30.35,54.97,1634362845949,"2021-10-16T11:10:45+05:30"
190,312,344,30.4,55.12,1634362876844,"2021-10-16T11:11:16+05:30"
188,305,336,30.4,54.77,1634362907139,"2021-10-16T11:11:47+05:30"
187,309,336,30.43,53.53,1634362938107,"2021-10-16T11:12:18+05:30"
190,320,356,30.57,51.78,1634362968337,"2021-10-16T11:12:48+05:30"
191,319,354,30.67,50.27,1634362998921,"2021-10-16T11:13:18+05:30"
199,329,360,30.68,50.85,1634363029612,"2021-10-16T11:13:49+05:30"
202,337,361,30.68,50.86,1634363060179,"2021-10-16T11:14:20+05:30"
198,331,360,30.77,49.45,1634363090745,"2021-10-16T11:14:50+05:30"
243,456,507,30.74,52.35,1634363121329,"2021-10-16T11:15:21+05:30"
248,450,504,30.63,53.26,1634363151929,"2021-10-16T11:15:51+05:30"
240,426,470,30.58,53.5,1634363182601,"2021-10-16T11:16:22+05:30"
233,418,471,30.54,53.69,1634363213073,"2021-10-16T11:16:53+05:30"
242,437,487,30.46,54.33,1634363243670,"2021-10-16T11:17:23+05:30"
244,445,486,30.4,54.14,1634363274284,"2021-10-16T11:17:54+05:30"
237,434,478,30.36,54.5,1634363304851,"2021-10-16T11:18:24+05:30"
231,410,452,30.36,54.56,1634363335451,"2021-10-16T11:18:55+05:30"
225,395,426,30.34,55,1634363366052,"2021-10-16T11:19:26+05:30"
213,372,404,30.32,54.64,1634363396654,"2021-10-16T11:19:56+05:30"
210,361,399,30.44,52.83,1634363427235,"2021-10-16T11:20:27+05:30"
242,448,500,30.5,53.1,1634363457805,"2021-10-16T11:20:57+05:30"
240,439,487,30.47,52.64,1634363488387,"2021-10-16T11:21:28+05:30"
231,419,466,30.49,52.92,1634363518987,"2021-10-16T11:21:58+05:30"
227,402,447,30.47,53.36,1634363549557,"2021-10-16T11:22:29+05:30"
223,399,440,30.44,53.65,1634363580149,"2021-10-16T11:23:00+05:30"
220,378,428,30.42,54.34,1634363616219,"2021-10-16T11:23:36+05:30"
213,371,408,30.42,54.61,1634363646564,"2021-10-16T11:24:06+05:30"
213,377,410,30.34,54.63,1634363676944,"2021-10-16T11:24:36+05:30"
223,393,448,30.33,54.92,1634363707523,"2021-10-16T11:25:07+05:30"
223,396,445,30.27,54.76,1634363738131,"2021-10-16T11:25:38+05:30"
219,374,419,30.24,55.06,1634363768740,"2021-10-16T11:26:08+05:30"
208,356,389,30.24,55.63,1634363799305,"2021-10-16T11:26:39+05:30"
201,351,392,30.18,55.51,1634363829909,"2021-10-16T11:27:09+05:30"
200,356,406,30.13,56.03,1634363860753,"2021-10-16T11:27:40+05:30"
205,360,415,30.12,56.08,1634363891177,"2021-10-16T11:28:11+05:30"
216,378,428,30.14,56.48,1634363921760,"2021-10-16T11:28:41+05:30"
226,416,477,30.13,56.65,1634363952358,"2021-10-16T11:29:12+05:30"
212,373,417,30.2,56.61,1634363982966,"2021-10-16T11:29:42+05:30"
210,368,416,30.29,56.16,1634364013552,"2021-10-16T11:30:13+05:30"
206,349,383,30.32,55.86,1634364044143,"2021-10-16T11:30:44+05:30"
220,390,438,30.29,56.12,1634364074730,"2021-10-16T11:31:14+05:30"
248,467,535,30.27,56.16,1634364105320,"2021-10-16T11:31:45+05:30"
227,403,453,30.32,56.46,1634364135958,"2021-10-16T11:32:15+05:30"
212,368,414,30.36,56.05,1634364166584,"2021-10-16T11:32:46+05:30"
208,360,399,30.38,55.99,1634364187080,"2021-10-16T11:33:07+05:30"
205,346,374,30.4,55.55,1634364217867,"2021-10-16T11:33:37+05:30"
194,324,352,30.3,54.73,1634364248379,"2021-10-16T11:34:08+05:30"
192,327,368,30.19,55.6,1634364279030,"2021-10-16T11:34:39+05:30"
222,388,435,30.16,55.26,1634364309563,"2021-10-16T11:35:09+05:30"
240,440,491,30.14,54.07,1634364340149,"2021-10-16T11:35:40+05:30"
216,385,428,30.15,55.56,1634364370743,"2021-10-16T11:36:10+05:30"
211,358,406,30.22,55.75,1634364401335,"2021-10-16T11:36:41+05:30"
199,337,370,30.22,55.46,1634364432024,"2021-10-16T11:37:12+05:30"
205,357,395,30.23,55.39,1634364462659,"2021-10-16T11:37:42+05:30"
200,345,381,30.24,55.34,1634364493207,"2021-10-16T11:38:13+05:30"
198,329,367,30.31,53.65,1634364521888,"2021-10-16T11:38:41+05:30"
193,326,358,30.38,52.95,1634364552483,"2021-10-16T11:39:12+05:30"
193,325,358,30.4,52.66,1634364583990,"2021-10-16T11:39:43+05:30"
211,368,405,30.42,53.45,1634364614173,"2021-10-16T11:40:14+05:30"
212,363,410,30.43,51.31,1634364645019,"2021-10-16T11:40:45+05:30"
206,354,385,30.44,52.36,1634364675468,"2021-10-16T11:41:15+05:30"
211,365,408,30.42,52.65,1634364706059,"2021-10-16T11:41:46+05:30"
233,421,472,30.39,52.16,1634364736653,"2021-10-16T11:42:16+05:30"
231,414,470,30.37,53.04,1634364767246,"2021-10-16T11:42:47+05:30"
218,384,428,30.36,53.89,1634364797825,"2021-10-16T11:43:17+05:30"
219,386,434,30.35,53.66,1634364828436,"2021-10-16T11:43:48+05:30"
222,399,442,30.33,53.53,1634364859054,"2021-10-16T11:44:19+05:30"
229,407,452,30.33,53.92,1634364889683,"2021-10-16T11:44:49+05:30"
225,401,443,30.37,54.28,1634364920224,"2021-10-16T11:45:20+05:30"
219,382,421,30.38,54.1,1634364950798,"2021-10-16T11:45:50+05:30"
211,363,399,30.44,51.76,1634364981387,"2021-10-16T11:46:21+05:30"
207,349,384,30.53,51.52,1634365012008,"2021-10-16T11:46:52+05:30"
209,357,394,30.56,53.15,1634365042586,"2021-10-16T11:47:22+05:30"
208,358,400,30.52,53.14,1634365073152,"2021-10-16T11:47:53+05:30"
208,355,400,30.52,53.68,1634365103729,"2021-10-16T11:48:23+05:30"
212,364,400,30.45,53.2,1634365134788,"2021-10-16T11:48:54+05:30"
208,353,391,30.44,54.14,1634365165187,"2021-10-16T11:49:25+05:30"
209,353,400,30.48,53.91,1634365195777,"2021-10-16T11:49:55+05:30"
208,361,398,30.53,53.28,1634365226360,"2021-10-16T11:50:26+05:30"
208,355,390,30.61,51.88,1634365256951,"2021-10-16T11:50:56+05:30"
203,345,372,30.65,52.39,1634365287515,"2021-10-16T11:51:27+05:30"
207,342,379,30.64,53.05,1634365318113,"2021-10-16T11:51:58+05:30"
200,336,368,30.6,53.43,1634365348696,"2021-10-16T11:52:28+05:30"
199,336,368,30.54,52.62,1634365379752,"2021-10-16T11:52:59+05:30"
197,337,369,30.48,52.79,1634365417798,"2021-10-16T11:53:37+05:30"
194,326,355,30.46,54.46,1634365438148,"2021-10-16T11:53:58+05:30"
192,325,356,30.43,54.85,1634365468605,"2021-10-16T11:54:28+05:30"
192,322,352,30.37,55.06,1634365499220,"2021-10-16T11:54:59+05:30"
194,320,355,30.36,54.92,1634365529826,"2021-10-16T11:55:29+05:30"
190,316,340,30.3,54.87,1634365560520,"2021-10-16T11:56:00+05:30"
185,305,332,30.33,54.05,1634365591087,"2021-10-16T11:56:31+05:30"
186,312,346,30.35,54.14,1634365621842,"2021-10-16T11:57:01+05:30"
193,317,352,30.35,53.39,1634365652320,"2021-10-16T11:57:32+05:30"
189,312,337,30.38,53.84,1634365682855,"2021-10-16T11:58:02+05:30"
188,311,344,30.44,54.5,1634365713443,"2021-10-16T11:58:33+05:30"
185,315,343,30.4,54.99,1634365744034,"2021-10-16T11:59:04+05:30"
189,317,341,30.35,54.52,1634365774652,"2021-10-16T11:59:34+05:30"
189,313,343,30.39,54.43,1634365805242,"2021-10-16T12:00:05+05:30"
190,315,343,30.42,54.32,1634365836130,"2021-10-16T12:00:36+05:30"
193,320,349,30.43,53.93,1634365866412,"2021-10-16T12:01:06+05:30"
190,320,350,30.45,53.28,1634365897228,"2021-10-16T12:01:37+05:30"
188,321,354,30.44,53,1634365927573,"2021-10-16T12:02:07+05:30"
189,317,352,30.46,54.62,1634365958159,"2021-10-16T12:02:38+05:30"
188,314,348,30.41,54.55,1634365988748,"2021-10-16T12:03:08+05:30"
190,312,346,30.41,54.46,1634366019342,"2021-10-16T12:03:39+05:30"
191,322,350,30.45,53.93,1634366049939,"2021-10-16T12:04:09+05:30"
194,333,361,30.52,51.42,1634366080556,"2021-10-16T12:04:40+05:30"
188,315,347,30.67,48.67,1634366111277,"2021-10-16T12:05:11+05:30"
185,306,336,30.91,48.23,1634366141724,"2021-10-16T12:05:41+05:30"
188,308,335,30.92,50.63,1634366172296,"2021-10-16T12:06:12+05:30"
190,317,351,30.87,51.72,1634366202944,"2021-10-16T12:06:42+05:30"
191,317,350,30.79,52.2,1634366233513,"2021-10-16T12:07:13+05:30"
190,308,342,30.75,52.63,1634366264093,"2021-10-16T12:07:44+05:30"
190,317,346,30.78,51.69,1634366294685,"2021-10-16T12:08:14+05:30"
188,309,349,30.76,52.75,1634366317882,"2021-10-16T12:08:37+05:30"
191,317,353,30.75,53.69,1634366348136,"2021-10-16T12:09:08+05:30"
184,310,339,30.71,54.19,1634366378724,"2021-10-16T12:09:38+05:30"
187,308,338,30.68,54.49,1634366409787,"2021-10-16T12:10:09+05:30"
187,311,342,30.63,54.36,1634366439949,"2021-10-16T12:10:39+05:30"
189,311,340,30.6,54.68,1634366470484,"2021-10-16T12:11:10+05:30"
183,301,334,30.59,54.75,1634366501096,"2021-10-16T12:11:41+05:30"
185,299,327,30.58,55.04,1634366531688,"2021-10-16T12:12:11+05:30"
186,307,340,30.56,54.99,1634366562262,"2021-10-16T12:12:42+05:30"
188,315,345,30.57,55.22,1634366592864,"2021-10-16T12:13:12+05:30"
192,323,357,30.57,55.05,1634366623490,"2021-10-16T12:13:43+05:30"
188,316,355,30.61,55.06,1634366654045,"2021-10-16T12:14:14+05:30"
194,322,357,30.62,54.76,1634366684658,"2021-10-16T12:14:44+05:30"
187,309,339,30.72,49.89,1634366715246,"2021-10-16T12:15:15+05:30"
184,301,332,30.84,51.63,1634366745834,"2021-10-16T12:15:45+05:30"
190,314,344,30.75,52.84,1634366776428,"2021-10-16T12:16:16+05:30"
187,312,344,30.7,53.08,1634366807029,"2021-10-16T12:16:47+05:30"
185,300,328,30.68,52.86,1634366837615,"2021-10-16T12:17:17+05:30"
185,304,328,30.65,54.02,1634366868209,"2021-10-16T12:17:48+05:30"
182,305,328,30.6,54.73,1634366898797,"2021-10-16T12:18:18+05:30"
185,309,338,30.56,53.59,1634366929392,"2021-10-16T12:18:49+05:30"
184,304,334,30.51,53.24,1634366959983,"2021-10-16T12:19:19+05:30"
184,308,335,30.46,53.98,1634366990581,"2021-10-16T12:19:50+05:30"
182,300,333,30.41,54.8,1634367021182,"2021-10-16T12:20:21+05:30"
185,309,331,30.38,54.92,1634367051780,"2021-10-16T12:20:51+05:30"
187,304,338,30.34,55.2,1634367082369,"2021-10-16T12:21:22+05:30"
189,316,344,30.38,54.57,1634367112949,"2021-10-16T12:21:52+05:30"
184,305,334,30.47,54.93,1634367143566,"2021-10-16T12:22:23+05:30"
192,319,344,30.54,55.26,1634367174142,"2021-10-16T12:22:54+05:30"
196,323,351,30.57,54.63,1634367204788,"2021-10-16T12:23:24+05:30"
198,329,366,30.55,54.65,1634367238614,"2021-10-16T12:23:58+05:30"
200,328,359,30.56,55.06,1634367268311,"2021-10-16T12:24:28+05:30"
207,344,379,30.62,55.17,1634367299033,"2021-10-16T12:24:59+05:30"
208,354,399,30.72,54.81,1634367329632,"2021-10-16T12:25:29+05:30"
208,354,386,30.78,53.93,1634367360245,"2021-10-16T12:26:00+05:30"
210,362,401,30.89,54.74,1634367390934,"2021-10-16T12:26:30+05:30"
212,363,401,30.97,54.99,1634367421811,"2021-10-16T12:27:01+05:30"
217,365,408,31.02,55.01,1634367452265,"2021-10-16T12:27:32+05:30"
222,393,443,31.06,55.38,1634367483082,"2021-10-16T12:28:03+05:30"
210,371,416,31.1,55.24,1634367513835,"2021-10-16T12:28:33+05:30"
212,371,411,31.14,52.66,1634367534210,"2021-10-16T12:28:54+05:30"
221,389,430,31.17,52.45,1634367564820,"2021-10-16T12:29:24+05:30"
220,380,427,31.2,53.46,1634367595425,"2021-10-16T12:29:55+05:30"
216,369,409,31.26,54.61,1634367626410,"2021-10-16T12:30:26+05:30"
238,440,498,31.28,55.11,1634367657035,"2021-10-16T12:30:57+05:30"
246,456,519,31.28,55.31,1634367687905,"2021-10-16T12:31:27+05:30"
246,452,521,31.31,55.6,1634367718859,"2021-10-16T12:31:58+05:30"
243,452,521,31.33,55.42,1634367749299,"2021-10-16T12:32:29+05:30"
259,512,590,31.19,53.88,1634367779938,"2021-10-16T12:32:59+05:30"
256,511,596,31.03,54.61,1634367810478,"2021-10-16T12:33:30+05:30"
282,620,753,30.92,54.53,1634367841122,"2021-10-16T12:34:01+05:30"
262,535,632,30.84,53.85,1634367871643,"2021-10-16T12:34:31+05:30"
270,556,641,30.78,54.28,1634367902241,"2021-10-16T12:35:02+05:30"
269,529,606,30.71,54.25,1634367932841,"2021-10-16T12:35:32+05:30"
269,536,622,30.73,55.41,1634367963999,"2021-10-16T12:36:03+05:30"
275,555,647,30.77,55.45,1634367994182,"2021-10-16T12:36:34+05:30"
279,562,666,30.8,55.51,1634368024787,"2021-10-16T12:37:04+05:30"
273,552,632,30.78,55.56,1634368055297,"2021-10-16T12:37:35+05:30"
283,563,650,30.81,55.64,1634368085880,"2021-10-16T12:38:05+05:30"
274,538,607,30.83,55.32,1634368116193,"2021-10-16T12:38:36+05:30"
270,525,587,30.84,54.93,1634368146476,"2021-10-16T12:39:06+05:30"
280,533,603,30.73,54.64,1634368177255,"2021-10-16T12:39:37+05:30"
272,508,564,30.69,55.65,1634368207850,"2021-10-16T12:40:07+05:30"
265,497,556,30.67,55.84,1634368239242,"2021-10-16T12:40:39+05:30"
291,562,636,30.65,56,1634368269046,"2021-10-16T12:41:09+05:30"
285,544,607,30.68,56.42,1634368299626,"2021-10-16T12:41:39+05:30"
293,558,622,30.68,56.05,1634368330247,"2021-10-16T12:42:10+05:30"
274,504,574,30.59,56.22,1634368360822,"2021-10-16T12:42:40+05:30"
245,436,485,30.51,56.21,1634368391438,"2021-10-16T12:43:11+05:30"
239,428,481,30.43,56.04,1634368422015,"2021-10-16T12:43:42+05:30"
242,430,482,30.44,56.65,1634368452597,"2021-10-16T12:44:12+05:30"
253,458,509,30.49,56.38,1634368483192,"2021-10-16T12:44:43+05:30"
287,548,619,30.42,56.05,1634368513925,"2021-10-16T12:45:13+05:30"
255,458,508,30.34,56.48,1634368544445,"2021-10-16T12:45:44+05:30"
235,414,466,30.36,57.15,1634368575053,"2021-10-16T12:46:15+05:30"
239,418,467,30.42,56.88,1634368605619,"2021-10-16T12:46:45+05:30"
236,409,462,30.48,56.99,1634368636487,"2021-10-16T12:47:16+05:30"
233,411,467,30.55,56.73,1634368667059,"2021-10-16T12:47:47+05:30"
236,412,464,30.62,56.43,1634368697646,"2021-10-16T12:48:17+05:30"
236,412,464,30.64,56.24,1634368728254,"2021-10-16T12:48:48+05:30"
238,424,478,30.7,56.53,1634368758844,"2021-10-16T12:49:18+05:30"
236,405,447,30.71,56.53,1634368789425,"2021-10-16T12:49:49+05:30"
233,405,454,30.71,56.42,1634368820021,"2021-10-16T12:50:20+05:30"
228,400,448,30.72,56.62,1634368850596,"2021-10-16T12:50:50+05:30"
228,401,445,30.76,56.56,1634368881463,"2021-10-16T12:51:21+05:30"
221,384,423,30.78,56.57,1634368911787,"2021-10-16T12:51:51+05:30"
221,377,424,30.8,56.58,1634368942347,"2021-10-16T12:52:22+05:30"
221,370,407,30.81,56.58,1634368973502,"2021-10-16T12:52:53+05:30"
218,370,408,30.79,56.47,1634369003544,"2021-10-16T12:53:23+05:30"
218,374,414,30.79,56.25,1634369036172,"2021-10-16T12:53:56+05:30"
214,365,401,30.82,55.96,1634369066238,"2021-10-16T12:54:26+05:30"
208,357,405,30.85,55.6,1634369096822,"2021-10-16T12:54:56+05:30"
202,348,389,30.85,55.58,1634369127746,"2021-10-16T12:55:27+05:30"
206,344,387,30.84,54.92,1634369157995,"2021-10-16T12:55:57+05:30"
198,339,372,30.99,52.02,1634369248351,"2021-10-16T12:57:28+05:30"
200,335,377,30.96,52.87,1634369278494,"2021-10-16T12:57:58+05:30"
195,327,368,30.91,53.47,1634369309077,"2021-10-16T12:58:29+05:30"
195,323,354,30.88,53.56,1634369339688,"2021-10-16T12:58:59+05:30"
195,330,364,30.86,53.54,1634369370296,"2021-10-16T12:59:30+05:30"
188,313,346,30.83,53.56,1634369400859,"2021-10-16T13:00:00+05:30"
185,307,338,30.77,53.06,1634369431835,"2021-10-16T13:00:31+05:30"
176,294,323,30.89,50.99,1634369462318,"2021-10-16T13:01:02+05:30"
173,287,318,30.98,48.79,1634369492635,"2021-10-16T13:01:32+05:30"
183,312,343,31.01,50.3,1634369523250,"2021-10-16T13:02:03+05:30"
179,303,334,30.98,51.29,1634369553832,"2021-10-16T13:02:33+05:30"
178,296,324,30.89,51.85,1634369584407,"2021-10-16T13:03:04+05:30"
181,296,328,30.84,52.73,1634369615014,"2021-10-16T13:03:35+05:30"
178,293,319,30.79,52.93,1634369645622,"2021-10-16T13:04:05+05:30"
175,289,314,30.73,52.99,1634369676215,"2021-10-16T13:04:36+05:30"
172,280,313,30.68,53.66,1634369706800,"2021-10-16T13:05:06+05:30"
171,273,293,30.66,53.88,1634369737449,"2021-10-16T13:05:37+05:30"
173,285,312,30.64,53.97,1634369767979,"2021-10-16T13:06:07+05:30"
184,311,337,30.6,54.05,1634369798564,"2021-10-16T13:06:38+05:30"
185,311,350,30.6,54.56,1634369829212,"2021-10-16T13:07:09+05:30"
181,293,326,30.59,54.97,1634369859728,"2021-10-16T13:07:39+05:30"
179,297,326,30.63,55.06,1634369890323,"2021-10-16T13:08:10+05:30"
169,279,304,30.6,55.07,1634369920916,"2021-10-16T13:08:40+05:30"
169,277,308,30.57,54.77,1634369951502,"2021-10-16T13:09:11+05:30"
163,267,298,30.61,53.07,1634369982087,"2021-10-16T13:09:42+05:30"
163,267,295,30.82,50.83,1634370012691,"2021-10-16T13:10:12+05:30"
167,276,308,30.81,52.63,1634370043281,"2021-10-16T13:10:43+05:30"
169,276,303,30.76,52.48,1634370073882,"2021-10-16T13:11:13+05:30"
166,266,290,30.74,53.15,1634370104538,"2021-10-16T13:11:44+05:30"
161,264,282,30.68,53.21,1634370135059,"2021-10-16T13:12:15+05:30"
166,273,301,30.69,52.56,1634370168750,"2021-10-16T13:12:48+05:30"
165,273,296,30.78,51.65,1634370199116,"2021-10-16T13:13:19+05:30"
164,259,287,30.89,50.42,1634370229610,"2021-10-16T13:13:49+05:30"
158,255,276,31.01,48.52,1634370260198,"2021-10-16T13:14:20+05:30"
159,256,279,31.11,48.6,1634370291283,"2021-10-16T13:14:51+05:30"
157,249,267,31.08,50.08,1634370311243,"2021-10-16T13:15:11+05:30"
158,256,281,30.98,50.9,1634370341832,"2021-10-16T13:15:41+05:30"
159,254,279,30.93,51.38,1634370372402,"2021-10-16T13:16:12+05:30"
159,252,275,30.91,52.02,1634370403012,"2021-10-16T13:16:43+05:30"
159,255,274,30.88,52.43,1634370433583,"2021-10-16T13:17:13+05:30"
155,247,269,30.84,52.42,1634370464257,"2021-10-16T13:17:44+05:30"
157,250,270,30.8,53.15,1634370494850,"2021-10-16T13:18:14+05:30"
160,251,272,30.75,53.77,1634370525518,"2021-10-16T13:18:45+05:30"
156,245,273,30.74,53.39,1634370556861,"2021-10-16T13:19:16+05:30"
146,228,259,30.99,47.75,1634370586635,"2021-10-16T13:19:46+05:30"
138,224,243,31.38,44.76,1634370617208,"2021-10-16T13:20:17+05:30"
141,222,239,31.69,43.99,1634370647827,"2021-10-16T13:20:47+05:30"
145,231,249,31.75,47.13,1634370678435,"2021-10-16T13:21:18+05:30"
145,226,244,31.56,49.09,1634370709000,"2021-10-16T13:21:49+05:30"
151,234,262,31.39,49.79,1634370739596,"2021-10-16T13:22:19+05:30"
149,233,262,31.27,50.56,1634370770217,"2021-10-16T13:22:50+05:30"
156,247,268,31.15,51.44,1634370800828,"2021-10-16T13:23:20+05:30"
154,241,257,31.06,51.67,1634370831378,"2021-10-16T13:23:51+05:30"
151,238,256,31.01,51.69,1634370861969,"2021-10-16T13:24:21+05:30"
149,236,253,30.97,52.16,1634370892568,"2021-10-16T13:24:52+05:30"
152,234,255,30.9,52.79,1634370923170,"2021-10-16T13:25:23+05:30"
150,235,255,30.87,53.4,1634370953751,"2021-10-16T13:25:53+05:30"
143,229,247,30.9,51.1,1634370984357,"2021-10-16T13:26:24+05:30"
144,228,248,31.04,51.27,1634371014947,"2021-10-16T13:26:54+05:30"
145,222,240,31,52.49,1634371049328,"2021-10-16T13:27:29+05:30"
147,230,249,30.95,52.97,1634371079602,"2021-10-16T13:27:59+05:30"
144,224,244,30.89,52.91,1634371110200,"2021-10-16T13:28:30+05:30"
142,221,240,30.86,52.9,1634371140784,"2021-10-16T13:29:00+05:30"
145,226,250,30.85,52.98,1634371172604,"2021-10-16T13:29:32+05:30"
145,226,250,30.85,52.98,1634371173166,"2021-10-16T13:29:33+05:30"
143,228,242,30.81,53.15,1634371202399,"2021-10-16T13:30:02+05:30"
142,229,248,30.81,52.83,1634371222675,"2021-10-16T13:30:22+05:30"
143,226,242,30.8,53.02,1634371253348,"2021-10-16T13:30:53+05:30"
144,231,247,30.78,53.39,1634371283925,"2021-10-16T13:31:23+05:30"
145,226,247,30.75,53.25,1634371314510,"2021-10-16T13:31:54+05:30"
142,226,241,30.74,53.35,1634371345261,"2021-10-16T13:32:25+05:30"
142,220,234,30.77,52.91,1634371376087,"2021-10-16T13:32:56+05:30"
145,226,246,30.81,53.12,1634371406656,"2021-10-16T13:33:26+05:30"
145,227,240,30.76,53.55,1634371437238,"2021-10-16T13:33:57+05:30"
148,229,254,30.75,53.8,1634371467916,"2021-10-16T13:34:27+05:30"
146,229,248,30.71,53.87,1634371498506,"2021-10-16T13:34:58+05:30"
145,230,246,30.68,53.97,1634371529119,"2021-10-16T13:35:29+05:30"
144,221,239,30.65,54.36,1634371560193,"2021-10-16T13:36:00+05:30"
143,229,248,30.65,54.34,1634371590273,"2021-10-16T13:36:30+05:30"
146,227,246,30.64,54.16,1634371620883,"2021-10-16T13:37:00+05:30"
143,224,248,30.61,54.24,1634371651488,"2021-10-16T13:37:31+05:30"
149,233,256,30.57,54.51,1634371682150,"2021-10-16T13:38:02+05:30"
145,224,247,30.59,54.38,1634371712765,"2021-10-16T13:38:32+05:30"
143,227,247,30.62,54.18,1634371743287,"2021-10-16T13:39:03+05:30"
144,224,240,30.66,54.26,1634371773913,"2021-10-16T13:39:33+05:30"
143,224,246,30.67,54.11,1634371804460,"2021-10-16T13:40:04+05:30"
145,226,246,30.67,54.36,1634371835462,"2021-10-16T13:40:35+05:30"
145,229,251,30.67,54.41,1634371865639,"2021-10-16T13:41:05+05:30"
145,228,250,30.62,54.27,1634371896229,"2021-10-16T13:41:36+05:30"
147,231,251,30.59,54.46,1634371926810,"2021-10-16T13:42:06+05:30"
145,231,251,30.57,54.57,1634371953108,"2021-10-16T13:42:33+05:30"
142,224,246,30.58,54.74,1634371983216,"2021-10-16T13:43:03+05:30"
142,221,245,30.76,51.22,1634372013794,"2021-10-16T13:43:33+05:30"
144,225,242,31.04,49.88,1634372044396,"2021-10-16T13:44:04+05:30"
146,228,244,31.11,50.39,1634372074982,"2021-10-16T13:44:34+05:30"
141,223,240,31.16,49.3,1634372105557,"2021-10-16T13:45:05+05:30"
142,221,248,31.14,50.08,1634372136282,"2021-10-16T13:45:36+05:30"
143,229,251,31.07,51.35,1634372166853,"2021-10-16T13:46:06+05:30"
145,229,247,31.01,51.73,1634372197441,"2021-10-16T13:46:37+05:30"
141,222,244,30.93,52.3,1634372228016,"2021-10-16T13:47:08+05:30"
143,225,247,30.97,52.77,1634372258621,"2021-10-16T13:47:38+05:30"
149,230,249,31.03,53.08,1634372289502,"2021-10-16T13:48:09+05:30"
204,304,323,31.1,53.11,1634372320142,"2021-10-16T13:48:40+05:30"
298,518,566,31.19,53.25,1634372350380,"2021-10-16T13:49:10+05:30"
328,637,710,31.14,53.31,1634372380971,"2021-10-16T13:49:40+05:30"
294,538,594,31.03,53.15,1634372411549,"2021-10-16T13:50:11+05:30"
270,474,523,30.91,53.35,1634372442295,"2021-10-16T13:50:42+05:30"
263,454,493,30.84,53.35,1634372472964,"2021-10-16T13:51:12+05:30"
247,425,459,30.85,53.21,1634372503321,"2021-10-16T13:51:43+05:30"
224,369,403,30.85,53.06,1634372533914,"2021-10-16T13:52:13+05:30"
231,375,411,30.86,53.5,1634372564539,"2021-10-16T13:52:44+05:30"
203,329,366,30.81,53.76,1634372595108,"2021-10-16T13:53:15+05:30"
191,311,332,30.77,54.18,1634372625686,"2021-10-16T13:53:45+05:30"
185,297,322,30.73,54.51,1634372656287,"2021-10-16T13:54:16+05:30"
178,284,312,30.64,54.57,1634372686886,"2021-10-16T13:54:46+05:30"
172,276,298,30.57,54.82,1634372717472,"2021-10-16T13:55:17+05:30"
171,271,301,30.55,54.89,1634372748107,"2021-10-16T13:55:48+05:30"
164,257,277,30.55,55.03,1634372778797,"2021-10-16T13:56:18+05:30"
159,254,275,30.58,55.36,1634372809483,"2021-10-16T13:56:49+05:30"
156,246,269,30.68,55.6,1634372839847,"2021-10-16T13:57:19+05:30"
155,246,271,30.7,55.05,1634372866908,"2021-10-16T13:57:46+05:30"
152,242,262,30.75,54.43,1634372923548,"2021-10-16T13:58:43+05:30"
153,238,260,30.83,52.56,1634372933710,"2021-10-16T13:58:53+05:30"
145,232,250,30.95,50.48,1634372963384,"2021-10-16T13:59:23+05:30"
143,227,250,31.08,50.17,1634372991962,"2021-10-16T13:59:51+05:30"
147,235,252,31.05,52.55,1634373101925,"2021-10-16T14:01:41+05:30"
145,227,245,30.99,52.86,1634373112580,"2021-10-16T14:01:52+05:30"
142,224,244,30.93,54.54,1634373247388,"2021-10-16T14:04:07+05:30"
142,225,245,30.9,54.61,1634373263733,"2021-10-16T14:04:23+05:30"
144,226,242,30.95,54.55,1634373294268,"2021-10-16T14:04:54+05:30"
143,224,245,31.02,52.75,1634373324857,"2021-10-16T14:05:24+05:30"
145,230,251,31.15,50.89,1634373355451,"2021-10-16T14:05:55+05:30"
144,228,247,31.21,51.58,1634373386055,"2021-10-16T14:06:26+05:30"
141,221,238,31.1,51.74,1634373416647,"2021-10-16T14:06:56+05:30"
142,224,245,31.01,52.39,1634373447257,"2021-10-16T14:07:27+05:30"
140,223,246,30.97,53.14,1634373477822,"2021-10-16T14:07:57+05:30"
141,223,246,30.93,53.74,1634373508418,"2021-10-16T14:08:28+05:30"
142,216,241,30.91,54.02,1634373539106,"2021-10-16T14:08:59+05:30"
141,225,238,30.87,54.38,1634373569698,"2021-10-16T14:09:29+05:30"
142,223,237,30.85,54.65,1634373600288,"2021-10-16T14:10:00+05:30"
141,223,243,30.91,55.68,1634373630896,"2021-10-16T14:10:30+05:30"
143,226,250,30.95,54.99,1634373661503,"2021-10-16T14:11:01+05:30"
142,225,249,30.92,54.94,1634373692086,"2021-10-16T14:11:32+05:30"
142,229,247,30.95,55.32,1634373722699,"2021-10-16T14:12:02+05:30"
142,225,243,31.01,54.09,1634373753258,"2021-10-16T14:12:33+05:30"
151,241,263,31.08,54.41,1634373783841,"2021-10-16T14:13:03+05:30"
152,241,257,31.07,54.37,1634373814437,"2021-10-16T14:13:34+05:30"
145,227,246,31.09,52.49,1634373845049,"2021-10-16T14:14:05+05:30"
149,236,253,31.13,52.09,1634373875626,"2021-10-16T14:14:35+05:30"
151,240,259,31.15,52.25,1634373906238,"2021-10-16T14:15:06+05:30"
150,237,256,31.11,53.3,1634374002629,"2021-10-16T14:16:42+05:30"
152,241,266,31.17,52.1,1634374032710,"2021-10-16T14:17:12+05:30"
150,237,256,31.01,53.63,1634374184466,"2021-10-16T14:19:44+05:30"
156,242,261,30.93,54.66,1634374267205,"2021-10-16T14:21:07+05:30"
160,256,272,30.95,53.65,1634374277385,"2021-10-16T14:21:17+05:30"
155,246,264,31.09,52.3,1634374307797,"2021-10-16T14:21:47+05:30"
157,252,274,31.18,54.3,1634374338513,"2021-10-16T14:22:18+05:30"
156,255,280,31.16,54.22,1634374369225,"2021-10-16T14:22:49+05:30"
153,245,266,31.1,54.38,1634374399896,"2021-10-16T14:23:19+05:30"
158,256,275,31.04,55.21,1634374430472,"2021-10-16T14:23:50+05:30"
157,247,270,31.06,55.41,1634374461236,"2021-10-16T14:24:21+05:30"
159,253,279,31.06,55.07,1634374481617,"2021-10-16T14:24:41+05:30"
167,271,299,31.05,55.2,1634374512185,"2021-10-16T14:25:12+05:30"
164,268,291,31,55.1,1634374543106,"2021-10-16T14:25:43+05:30"
157,252,272,30.96,55.75,1634374573520,"2021-10-16T14:26:13+05:30"
152,243,259,30.92,56.18,1634374604156,"2021-10-16T14:26:44+05:30"
157,249,276,30.92,56.24,1634374634709,"2021-10-16T14:27:14+05:30"
159,251,276,30.91,56.12,1634374665318,"2021-10-16T14:27:45+05:30"
160,257,277,30.9,56.44,1634374695885,"2021-10-16T14:28:15+05:30"
159,249,268,30.89,56.67,1634374726478,"2021-10-16T14:28:46+05:30"
151,244,267,30.86,56.64,1634374757410,"2021-10-16T14:29:17+05:30"
152,241,264,30.79,56.94,1634374787804,"2021-10-16T14:29:47+05:30"
149,236,256,30.78,57.08,1634374818271,"2021-10-16T14:30:18+05:30"
152,245,272,30.75,56.47,1634374848861,"2021-10-16T14:30:48+05:30"
150,239,262,30.69,55.93,1634374879448,"2021-10-16T14:31:19+05:30"
151,241,261,30.69,56.83,1634374910193,"2021-10-16T14:31:50+05:30"
149,239,262,30.71,56.83,1634374940670,"2021-10-16T14:32:20+05:30"
154,242,271,30.74,56.56,1634374971252,"2021-10-16T14:32:51+05:30"
152,244,272,30.75,56.27,1634375001814,"2021-10-16T14:33:21+05:30"
155,249,274,30.74,57.01,1634375032426,"2021-10-16T14:33:52+05:30"
161,267,283,30.78,56.96,1634375063007,"2021-10-16T14:34:23+05:30"
166,264,291,30.86,56.26,1634375093618,"2021-10-16T14:34:53+05:30"
163,256,276,30.9,56.8,1634375124204,"2021-10-16T14:35:24+05:30"
167,266,294,30.89,56.36,1634375154783,"2021-10-16T14:35:54+05:30"
164,261,284,30.93,55.97,1634375188943,"2021-10-16T14:36:28+05:30"
165,262,285,31.01,55.96,1634375219118,"2021-10-16T14:36:59+05:30"
165,262,292,31.08,56.17,1634375249840,"2021-10-16T14:37:29+05:30"
175,284,310,31.13,55.76,1634375280655,"2021-10-16T14:38:00+05:30"
173,283,312,31.16,56.42,1634375310849,"2021-10-16T14:38:30+05:30"
178,281,314,31.18,56.64,1634375341431,"2021-10-16T14:39:01+05:30"
180,285,314,31.18,56.13,1634375372194,"2021-10-16T14:39:32+05:30"
179,285,310,31.13,55.78,1634375402782,"2021-10-16T14:40:02+05:30"
167,263,285,31.09,54.21,1634375433223,"2021-10-16T14:40:33+05:30"
168,266,288,31.05,53.74,1634375463839,"2021-10-16T14:41:03+05:30"
169,274,302,31.03,52.94,1634375494408,"2021-10-16T14:41:34+05:30"
165,270,297,31.02,52.94,1634375525015,"2021-10-16T14:42:05+05:30"
162,262,283,31.02,52.6,1634375555980,"2021-10-16T14:42:35+05:30"
163,261,286,31.01,53.21,1634375586276,"2021-10-16T14:43:06+05:30"
163,260,283,30.96,53.69,1634375617010,"2021-10-16T14:43:37+05:30"
164,260,284,30.94,54.63,1634375637706,"2021-10-16T14:43:57+05:30"
162,259,283,30.89,54.71,1634375668387,"2021-10-16T14:44:28+05:30"
160,255,284,30.89,55.47,1634375699063,"2021-10-16T14:44:59+05:30"
159,257,280,30.9,55.65,1634375729594,"2021-10-16T14:45:29+05:30"
160,256,280,30.89,55.93,1634375760291,"2021-10-16T14:46:00+05:30"
158,252,277,30.87,56.01,1634375790770,"2021-10-16T14:46:30+05:30"
159,251,280,30.88,56.29,1634375821452,"2021-10-16T14:47:01+05:30"
162,259,283,30.81,56.46,1634375851959,"2021-10-16T14:47:31+05:30"
161,260,281,30.78,56.49,1634375882574,"2021-10-16T14:48:02+05:30"
159,258,279,30.82,55.84,1634375913240,"2021-10-16T14:48:33+05:30"
160,256,281,30.83,56.07,1634375943730,"2021-10-16T14:49:03+05:30"
158,251,271,30.82,55.84,1634375974328,"2021-10-16T14:49:34+05:30"
158,249,276,30.82,55.72,1634376004924,"2021-10-16T14:50:04+05:30"
167,268,291,30.81,55.91,1634376035799,"2021-10-16T14:50:35+05:30"
167,270,299,30.81,54.96,1634376067702,"2021-10-16T14:51:07+05:30"
165,262,285,30.83,55.12,1634376097881,"2021-10-16T14:51:37+05:30"
166,270,288,30.85,55,1634376128684,"2021-10-16T14:52:08+05:30"
167,260,281,30.81,54.78,1634376158989,"2021-10-16T14:52:38+05:30"
164,261,280,30.76,54.88,1634376189573,"2021-10-16T14:53:09+05:30"
161,258,281,30.75,55.33,1634376220265,"2021-10-16T14:53:40+05:30"
163,261,284,30.79,55.26,1634376250828,"2021-10-16T14:54:10+05:30"
161,260,285,30.8,55.15,1634376281419,"2021-10-16T14:54:41+05:30"
162,256,283,30.83,55.34,1634376311956,"2021-10-16T14:55:11+05:30"
160,259,276,30.89,54.95,1634376342709,"2021-10-16T14:55:42+05:30"
163,261,277,30.93,54.5,1634376373155,"2021-10-16T14:56:13+05:30"
159,254,278,30.94,54.23,1634376403732,"2021-10-16T14:56:43+05:30"
158,244,269,30.92,54.44,1634376434320,"2021-10-16T14:57:14+05:30"
161,252,273,30.86,54.61,1634376464915,"2021-10-16T14:57:44+05:30"
161,253,277,30.81,55.23,1634376495581,"2021-10-16T14:58:15+05:30"
160,248,268,30.76,55.44,1634376526095,"2021-10-16T14:58:46+05:30"
157,248,267,30.73,55.4,1634376556690,"2021-10-16T14:59:16+05:30"
157,253,267,30.71,55.37,1634376587292,"2021-10-16T14:59:47+05:30"
153,249,271,30.74,54.98,1634376617908,"2021-10-16T15:00:17+05:30"
156,251,276,30.81,54.03,1634376649020,"2021-10-16T15:00:49+05:30"
153,242,263,30.86,53.36,1634376679158,"2021-10-16T15:01:19+05:30"
156,246,269,30.85,53.81,1634376709834,"2021-10-16T15:01:49+05:30"
152,238,265,30.81,54.72,1634376730384,"2021-10-16T15:02:10+05:30"
147,236,259,30.76,54.98,1634376760943,"2021-10-16T15:02:40+05:30"
154,242,263,30.74,55.18,1634376791534,"2021-10-16T15:03:11+05:30"
153,245,265,30.71,55.46,1634376822289,"2021-10-16T15:03:42+05:30"
152,241,262,30.71,55.55,1634376852779,"2021-10-16T15:04:12+05:30"
149,245,260,30.74,55.49,1634376883306,"2021-10-16T15:04:43+05:30"
148,240,263,30.78,55.49,1634376913990,"2021-10-16T15:05:13+05:30"
150,240,260,30.8,55.74,1634376944488,"2021-10-16T15:05:44+05:30"
148,242,263,30.77,55.79,1634376973772,"2021-10-16T15:06:13+05:30"
148,235,258,30.76,55.92,1634377004212,"2021-10-16T15:06:44+05:30"
148,238,258,30.76,56,1634377034510,"2021-10-16T15:07:14+05:30"
150,239,256,30.78,56.01,1634377065090,"2021-10-16T15:07:45+05:30"
152,242,263,30.78,55.87,1634377095739,"2021-10-16T15:08:15+05:30"
152,239,262,30.85,53.75,1634377126277,"2021-10-16T15:08:46+05:30"
148,239,261,31.11,51.53,1634377156865,"2021-10-16T15:09:16+05:30"
150,240,263,31.19,51.51,1634377187460,"2021-10-16T15:09:47+05:30"
151,241,262,31.22,51.4,1634377218056,"2021-10-16T15:10:18+05:30"
155,242,268,31.16,52.12,1634377248657,"2021-10-16T15:10:48+05:30"
150,242,265,31.13,52.82,1634377279274,"2021-10-16T15:11:19+05:30"
151,240,262,31.11,52.77,1634377309834,"2021-10-16T15:11:49+05:30"
158,243,264,31.07,52.78,1634377340424,"2021-10-16T15:12:20+05:30"
158,250,270,31.01,53.27,1634377371482,"2021-10-16T15:12:51+05:30"
157,249,269,30.95,53.6,1634377401812,"2021-10-16T15:13:21+05:30"
155,248,264,30.92,54.22,1634377432333,"2021-10-16T15:13:52+05:30"
154,248,269,30.88,54.77,1634377462843,"2021-10-16T15:14:22+05:30"
156,246,266,30.89,55.25,1634377493428,"2021-10-16T15:14:53+05:30"
151,241,260,30.86,55.23,1634377524067,"2021-10-16T15:15:24+05:30"
155,250,272,30.81,55.53,1634377554621,"2021-10-16T15:15:54+05:30"
151,239,256,30.8,55.68,1634377585206,"2021-10-16T15:16:25+05:30"
148,239,260,30.78,55.82,1634377615810,"2021-10-16T15:16:55+05:30"
146,235,254,30.75,56.05,1634377646414,"2021-10-16T15:17:26+05:30"
147,242,268,30.71,55.66,1634377677004,"2021-10-16T15:17:57+05:30"
147,232,255,30.68,55.87,1634377707926,"2021-10-16T15:18:27+05:30"
149,236,251,30.65,56.12,1634377738196,"2021-10-16T15:18:58+05:30"
149,235,261,30.64,56.32,1634377768848,"2021-10-16T15:19:28+05:30"
148,238,258,30.66,56.43,1634377799379,"2021-10-16T15:19:59+05:30"
153,245,261,30.67,56.53,1634377830034,"2021-10-16T15:20:30+05:30"
155,246,272,30.67,56.47,1634377860547,"2021-10-16T15:21:00+05:30"
154,241,261,30.7,56.52,1634377889939,"2021-10-16T15:21:29+05:30"
149,237,260,30.75,56.53,1634377920214,"2021-10-16T15:22:00+05:30"
154,241,261,30.77,56.35,1634377950794,"2021-10-16T15:22:30+05:30"
156,247,269,30.8,56.25,1634377981403,"2021-10-16T15:23:01+05:30"
153,248,267,30.8,55.89,1634378011995,"2021-10-16T15:23:31+05:30"
155,251,273,30.79,55.99,1634378042576,"2021-10-16T15:24:02+05:30"
156,251,272,30.79,55.87,1634378073247,"2021-10-16T15:24:33+05:30"
151,241,265,30.81,56.01,1634378103806,"2021-10-16T15:25:03+05:30"
149,243,270,30.79,55.94,1634378134464,"2021-10-16T15:25:34+05:30"
154,244,265,30.79,55.91,1634378165000,"2021-10-16T15:26:05+05:30"
153,244,267,30.81,55.85,1634378195583,"2021-10-16T15:26:35+05:30"
151,244,262,30.77,55.84,1634378226197,"2021-10-16T15:27:06+05:30"
152,245,269,30.77,56.09,1634378256800,"2021-10-16T15:27:36+05:30"
151,237,256,30.77,56.18,1634378287371,"2021-10-16T15:28:07+05:30"
150,236,266,30.8,56.34,1634378317982,"2021-10-16T15:28:37+05:30"
152,240,261,30.8,56.06,1634378348635,"2021-10-16T15:29:08+05:30"
152,237,257,30.79,56.02,1634378379137,"2021-10-16T15:29:39+05:30"
155,248,265,30.79,55.97,1634378409757,"2021-10-16T15:30:09+05:30"
148,235,256,30.77,56.21,1634378440331,"2021-10-16T15:30:40+05:30"
150,242,262,30.77,56.69,1634378471014,"2021-10-16T15:31:11+05:30"
144,235,262,30.81,56.82,1634378501755,"2021-10-16T15:31:41+05:30"
148,232,257,30.92,53.58,1634378532228,"2021-10-16T15:32:12+05:30"
148,235,254,31.16,52.99,1634378562837,"2021-10-16T15:32:42+05:30"
150,236,258,31.11,55.16,1634378593377,"2021-10-16T15:33:13+05:30"
147,234,256,31.03,54.86,1634378623993,"2021-10-16T15:33:43+05:30"
151,238,263,30.98,54.85,1634378654575,"2021-10-16T15:34:14+05:30"
150,243,268,30.93,55.26,1634378685196,"2021-10-16T15:34:45+05:30"
148,238,264,30.87,55.7,1634378715771,"2021-10-16T15:35:15+05:30"
150,237,261,30.85,56.32,1634378746363,"2021-10-16T15:35:46+05:30"
149,232,250,30.82,56.26,1634378768829,"2021-10-16T15:36:08+05:30"
137,213,230,30.3,60.33,1634383836024,"2021-10-16T17:00:36+05:30"
141,218,237,30.26,60.63,1634383866013,"2021-10-16T17:01:06+05:30"
139,214,235,30.24,60.76,1634383896648,"2021-10-16T17:01:36+05:30"
140,214,230,30.22,60.85,1634383927271,"2021-10-16T17:02:07+05:30"
137,215,231,30.21,60.82,1634383957841,"2021-10-16T17:02:37+05:30"
137,211,228,30.22,60.95,1634383988401,"2021-10-16T17:03:08+05:30"
138,217,236,30.21,61.15,1634384018978,"2021-10-16T17:03:38+05:30"
134,209,228,30.2,61.15,1634384050370,"2021-10-16T17:04:10+05:30"
136,212,227,30.21,61,1634384082779,"2021-10-16T17:04:42+05:30"
133,208,228,30.2,61.14,1634384110853,"2021-10-16T17:05:10+05:30"
133,207,229,30.19,61.22,1634384141388,"2021-10-16T17:05:41+05:30"
138,215,232,30.18,61.31,1634384171955,"2021-10-16T17:06:11+05:30"
135,214,237,30.18,61.39,1634384202530,"2021-10-16T17:06:42+05:30"
135,208,225,30.21,61.39,1634384233230,"2021-10-16T17:07:13+05:30"
136,213,233,30.22,61.53,1634384263731,"2021-10-16T17:07:43+05:30"
134,209,225,30.23,61.39,1634384294298,"2021-10-16T17:08:14+05:30"
135,208,228,30.25,61.1,1634384324877,"2021-10-16T17:08:44+05:30"
135,216,234,30.25,61.2,1634384355546,"2021-10-16T17:09:15+05:30"
137,214,236,30.23,61.37,1634384386055,"2021-10-16T17:09:46+05:30"
137,212,228,30.23,61.21,1634384416627,"2021-10-16T17:10:16+05:30"
135,209,223,30.24,61.03,1634384447224,"2021-10-16T17:10:47+05:30"
134,204,227,30.27,61.06,1634384477786,"2021-10-16T17:11:17+05:30"
131,207,227,30.26,61.16,1634384508387,"2021-10-16T17:11:48+05:30"
133,210,231,30.27,61.29,1634384538983,"2021-10-16T17:12:18+05:30"
131,206,222,30.31,61.15,1634384569551,"2021-10-16T17:12:49+05:30"
131,201,219,30.34,61.09,1634384600155,"2021-10-16T17:13:20+05:30"
128,200,216,30.32,61.33,1634384630726,"2021-10-16T17:13:50+05:30"
134,210,228,30.29,61.52,1634384661300,"2021-10-16T17:14:21+05:30"
131,206,230,30.28,61.67,1634384691856,"2021-10-16T17:14:51+05:30"
131,208,230,30.25,61.69,1634384720931,"2021-10-16T17:15:20+05:30"
132,211,233,30.23,61.69,1634384751498,"2021-10-16T17:15:51+05:30"
133,205,220,30.23,61.7,1634384782095,"2021-10-16T17:16:22+05:30"
132,204,223,30.23,61.86,1634384813043,"2021-10-16T17:16:53+05:30"
129,200,217,30.22,62.12,1634384843493,"2021-10-16T17:17:23+05:30"
128,200,217,30.22,62.24,1634384874087,"2021-10-16T17:17:54+05:30"
129,202,220,30.22,62.22,1634384904699,"2021-10-16T17:18:24+05:30"
131,198,213,30.23,62.32,1634384935273,"2021-10-16T17:18:55+05:30"
131,206,223,30.22,62.45,1634384965899,"2021-10-16T17:19:25+05:30"
131,204,222,30.22,62.44,1634384996433,"2021-10-16T17:19:56+05:30"
129,204,223,30.24,62.31,1634385027023,"2021-10-16T17:20:27+05:30"
128,202,216,30.3,62.04,1634385057656,"2021-10-16T17:20:57+05:30"
128,203,220,30.34,61.92,1634385088197,"2021-10-16T17:21:28+05:30"
127,198,220,30.34,61.97,1634385118787,"2021-10-16T17:21:58+05:30"
130,205,223,30.36,62.07,1634385149389,"2021-10-16T17:22:29+05:30"
128,200,218,30.35,62.07,1634385179986,"2021-10-16T17:22:59+05:30"
131,200,222,30.38,61.99,1634385210579,"2021-10-16T17:23:30+05:30"
129,201,217,30.44,61.75,1634385241175,"2021-10-16T17:24:01+05:30"
130,204,221,30.47,61.69,1634385271764,"2021-10-16T17:24:31+05:30"
132,210,232,30.42,61.84,1634385302874,"2021-10-16T17:25:02+05:30"
134,209,228,30.41,61.92,1634385332943,"2021-10-16T17:25:32+05:30"
131,203,220,30.4,61.88,1634385363541,"2021-10-16T17:26:03+05:30"
131,203,225,30.4,61.84,1634385394607,"2021-10-16T17:26:34+05:30"
137,210,231,30.39,61.87,1634385424720,"2021-10-16T17:27:04+05:30"
137,206,224,30.37,61.97,1634385455311,"2021-10-16T17:27:35+05:30"
132,206,222,30.35,62.06,1634385485903,"2021-10-16T17:28:05+05:30"
132,205,224,30.36,61.99,1634385516514,"2021-10-16T17:28:36+05:30"
135,205,225,30.38,61.94,1634385547057,"2021-10-16T17:29:07+05:30"
132,207,224,30.38,62.09,1634385577652,"2021-10-16T17:29:37+05:30"
132,209,225,30.38,62.11,1634385608703,"2021-10-16T17:30:08+05:30"
132,205,220,30.35,62.22,1634385631400,"2021-10-16T17:30:31+05:30"
134,206,222,30.34,62.37,1634385661651,"2021-10-16T17:31:01+05:30"
130,202,216,30.31,62.53,1634385692367,"2021-10-16T17:31:32+05:30"
133,204,221,30.3,62.63,1634385722822,"2021-10-16T17:32:02+05:30"
132,210,226,30.3,62.63,1634385753431,"2021-10-16T17:32:33+05:30"
131,207,219,30.31,62.6,1634385784042,"2021-10-16T17:33:04+05:30"
133,207,225,30.35,62.39,1634385814609,"2021-10-16T17:33:34+05:30"
131,207,224,30.42,62.17,1634385845225,"2021-10-16T17:34:05+05:30"
136,212,233,30.45,62.18,1634385875797,"2021-10-16T17:34:35+05:30"
135,212,232,30.52,61.91,1634385906464,"2021-10-16T17:35:06+05:30"
132,207,229,30.52,61.93,1634385936985,"2021-10-16T17:35:36+05:30"
133,208,225,30.52,61.9,1634385967583,"2021-10-16T17:36:07+05:30"
133,212,231,30.54,61.8,1634385998171,"2021-10-16T17:36:38+05:30"
136,214,231,30.56,61.69,1634386028757,"2021-10-16T17:37:08+05:30"
135,211,229,30.58,61.47,1634386059373,"2021-10-16T17:37:39+05:30"
133,208,227,30.57,61.5,1634386090060,"2021-10-16T17:38:10+05:30"
134,213,236,30.48,61.84,1634386120550,"2021-10-16T17:38:40+05:30"
137,214,243,30.45,61.83,1634386151142,"2021-10-16T17:39:11+05:30"
137,216,237,30.39,61.91,1634386181737,"2021-10-16T17:39:41+05:30"
138,213,233,30.37,62.12,1634386212334,"2021-10-16T17:40:12+05:30"
139,219,241,30.34,62.46,1634386242924,"2021-10-16T17:40:42+05:30"
140,224,249,30.36,62.36,1634386273739,"2021-10-16T17:41:13+05:30"
144,230,249,30.38,62.31,1634386304107,"2021-10-16T17:41:44+05:30"
143,228,246,30.41,62.19,1634386334725,"2021-10-16T17:42:14+05:30"
139,218,241,30.41,62.16,1634386365287,"2021-10-16T17:42:45+05:30"
139,217,239,30.36,62.24,1634386395951,"2021-10-16T17:43:15+05:30"
142,223,242,30.35,62.42,1634386426549,"2021-10-16T17:43:46+05:30"
143,222,244,30.38,62.37,1634386457081,"2021-10-16T17:44:17+05:30"
146,234,256,30.4,62.33,1634386487693,"2021-10-16T17:44:47+05:30"
143,230,247,30.41,62.26,1634386523782,"2021-10-16T17:45:23+05:30"
145,229,253,30.41,62.33,1634386543774,"2021-10-16T17:45:43+05:30"
152,243,265,30.41,62.35,1634386574357,"2021-10-16T17:46:14+05:30"
150,238,261,30.44,62.3,1634386604927,"2021-10-16T17:46:44+05:30"
149,232,252,30.43,62.34,1634386635588,"2021-10-16T17:47:15+05:30"
147,237,259,30.42,62.38,1634386666412,"2021-10-16T17:47:46+05:30"
151,239,258,30.51,62.07,1634386696981,"2021-10-16T17:48:16+05:30"
150,241,261,30.55,61.95,1634386727283,"2021-10-16T17:48:47+05:30"
153,245,265,30.59,61.91,1634386757899,"2021-10-16T17:49:17+05:30"
155,245,273,30.58,61.97,1634386788499,"2021-10-16T17:49:48+05:30"
166,263,286,30.51,62.19,1634386819059,"2021-10-16T17:50:19+05:30"
178,281,310,30.48,62.32,1634386849671,"2021-10-16T17:50:49+05:30"
184,301,339,30.48,62.38,1634386880267,"2021-10-16T17:51:20+05:30"
190,308,339,30.5,62.34,1634386911187,"2021-10-16T17:51:51+05:30"
201,328,364,30.51,62.42,1634386941444,"2021-10-16T17:52:21+05:30"
211,346,381,30.51,62.51,1634386972027,"2021-10-16T17:52:52+05:30"
218,359,393,30.49,62.52,1634387002622,"2021-10-16T17:53:22+05:30"
209,346,379,30.49,62.61,1634387033276,"2021-10-16T17:53:53+05:30"
214,357,397,30.47,62.76,1634387063816,"2021-10-16T17:54:23+05:30"
222,371,406,30.5,62.71,1634387094395,"2021-10-16T17:54:54+05:30"
223,368,411,30.53,62.58,1634387125168,"2021-10-16T17:55:25+05:30"
221,370,419,30.54,62.45,1634387155595,"2021-10-16T17:55:55+05:30"
230,386,427,30.55,62.37,1634387186216,"2021-10-16T17:56:26+05:30"
233,391,429,30.6,62.23,1634387216776,"2021-10-16T17:56:56+05:30"
231,392,428,30.66,62.07,1634387247366,"2021-10-16T17:57:27+05:30"
234,398,436,30.71,61.93,1634387278397,"2021-10-16T17:57:58+05:30"
235,394,429,30.74,61.98,1634387308568,"2021-10-16T17:58:28+05:30"
239,399,437,30.78,62.13,1634387339146,"2021-10-16T17:58:59+05:30"
230,393,434,30.82,61.91,1634387369739,"2021-10-16T17:59:29+05:30"
229,374,413,30.85,61.91,1634387400341,"2021-10-16T18:00:00+05:30"
221,368,398,30.84,61.81,1634387427056,"2021-10-16T18:00:27+05:30"
220,362,393,30.84,61.77,1634387457171,"2021-10-16T18:00:57+05:30"
217,354,380,30.86,61.69,1634387487983,"2021-10-16T18:01:27+05:30"
213,352,384,30.85,61.68,1634387518724,"2021-10-16T18:01:58+05:30"
209,342,371,30.83,61.73,1634387549147,"2021-10-16T18:02:29+05:30"
204,340,372,30.77,61.78,1634387579764,"2021-10-16T18:02:59+05:30"
203,337,373,30.77,61.85,1634387610734,"2021-10-16T18:03:30+05:30"
209,349,382,30.81,61.71,1634387641472,"2021-10-16T18:04:01+05:30"
207,340,386,30.79,61.87,1634387671900,"2021-10-16T18:04:31+05:30"
204,342,384,30.74,61.99,1634387702522,"2021-10-16T18:05:02+05:30"
204,336,376,30.67,62.14,1634387733095,"2021-10-16T18:05:33+05:30"
201,334,375,30.63,62.48,1634387764016,"2021-10-16T18:06:04+05:30"
202,339,370,30.63,62.45,1634387794520,"2021-10-16T18:06:34+05:30"
201,346,395,30.57,62.72,1634387825244,"2021-10-16T18:07:05+05:30"
200,340,381,30.55,62.65,1634387856094,"2021-10-16T18:07:36+05:30"
199,334,373,30.55,62.7,1634387886664,"2021-10-16T18:08:06+05:30"
198,328,360,30.57,62.76,1634387917242,"2021-10-16T18:08:37+05:30"
189,321,362,30.56,62.8,1634387947825,"2021-10-16T18:09:07+05:30"
188,316,354,30.53,62.66,1634387978434,"2021-10-16T18:09:38+05:30"
192,316,357,30.52,62.75,1634388009029,"2021-10-16T18:10:09+05:30"
191,324,356,30.56,62.69,1634388039591,"2021-10-16T18:10:39+05:30"
199,330,363,30.56,62.72,1634388070165,"2021-10-16T18:11:10+05:30"
201,336,364,30.57,62.66,1634388100776,"2021-10-16T18:11:40+05:30"
200,337,375,30.55,62.84,1634388131387,"2021-10-16T18:12:11+05:30"
198,332,370,30.58,62.93,1634388162040,"2021-10-16T18:12:42+05:30"
198,336,371,30.57,62.97,1634388192556,"2021-10-16T18:13:12+05:30"
200,339,379,30.58,63.07,1634388223153,"2021-10-16T18:13:43+05:30"
202,337,378,30.59,63.03,1634388253786,"2021-10-16T18:14:13+05:30"
200,335,376,30.64,62.91,1634388284337,"2021-10-16T18:14:44+05:30"
204,341,378,30.7,62.72,1634388314938,"2021-10-16T18:15:14+05:30"
203,344,386,30.76,62.5,1634388343516,"2021-10-16T18:15:43+05:30"
202,341,375,30.79,62.5,1634388373872,"2021-10-16T18:16:13+05:30"
203,343,385,30.79,62.61,1634388404449,"2021-10-16T18:16:44+05:30"
206,352,388,30.81,63.23,1634388435022,"2021-10-16T18:17:15+05:30"
204,350,385,30.76,62.95,1634388465639,"2021-10-16T18:17:45+05:30"
209,351,389,30.7,63.3,1634388496300,"2021-10-16T18:18:16+05:30"
205,351,388,30.73,63.64,1634388526803,"2021-10-16T18:18:46+05:30"
207,364,418,30.73,63.44,1634388557412,"2021-10-16T18:19:17+05:30"
217,383,433,30.74,63.84,1634388588002,"2021-10-16T18:19:48+05:30"
213,367,410,30.84,63.98,1634388618587,"2021-10-16T18:20:18+05:30"
215,370,412,30.85,63.71,1634388649181,"2021-10-16T18:20:49+05:30"
210,367,412,30.84,63.62,1634388679769,"2021-10-16T18:21:19+05:30"
214,370,410,30.84,63.74,1634388710362,"2021-10-16T18:21:50+05:30"
213,370,410,30.83,63.7,1634388740960,"2021-10-16T18:22:20+05:30"
213,372,405,30.85,63.86,1634388771541,"2021-10-16T18:22:51+05:30"
218,380,432,30.85,63.52,1634388802132,"2021-10-16T18:23:22+05:30"
220,376,421,30.78,63.56,1634388832697,"2021-10-16T18:23:52+05:30"
222,385,433,30.76,63.59,1634388863349,"2021-10-16T18:24:23+05:30"
222,391,435,30.75,63.76,1634388893882,"2021-10-16T18:24:53+05:30"
222,388,429,30.74,63.68,1634388924472,"2021-10-16T18:25:24+05:30"
226,387,424,30.82,64.22,1634388955060,"2021-10-16T18:25:55+05:30"
229,394,434,30.98,64.82,1634388985653,"2021-10-16T18:26:25+05:30"
233,405,455,31.13,63.98,1634389016291,"2021-10-16T18:26:56+05:30"
252,423,465,31.22,63.76,1634389046840,"2021-10-16T18:27:26+05:30"
257,438,485,31.3,63.8,1634389077429,"2021-10-16T18:27:57+05:30"
249,435,490,31.35,63.64,1634389108082,"2021-10-16T18:28:28+05:30"
244,421,469,31.38,63.34,1634389138599,"2021-10-16T18:28:58+05:30"
236,402,439,31.36,63.54,1634389169184,"2021-10-16T18:29:29+05:30"
240,404,445,31.37,63.5,1634389199757,"2021-10-16T18:29:59+05:30"
236,396,442,31.36,63.66,1634389224860,"2021-10-16T18:30:24+05:30"
234,402,440,31.35,63.66,1634389255623,"2021-10-16T18:30:55+05:30"
235,405,463,31.25,62.78,1634389286304,"2021-10-16T18:31:26+05:30"
240,411,465,31.05,62.67,1634389317239,"2021-10-16T18:31:57+05:30"
239,407,456,30.9,63.19,1634389347659,"2021-10-16T18:32:27+05:30"
232,398,444,30.79,63.09,1634389378225,"2021-10-16T18:32:58+05:30"
234,392,436,30.75,63.73,1634389408820,"2021-10-16T18:33:28+05:30"
230,390,438,30.67,63.68,1634389439416,"2021-10-16T18:33:59+05:30"
229,386,433,30.58,63.66,1634389470002,"2021-10-16T18:34:30+05:30"
229,381,433,30.53,63.81,1634389500665,"2021-10-16T18:35:00+05:30"
225,383,427,30.53,63.99,1634389531203,"2021-10-16T18:35:31+05:30"
224,377,415,30.58,64.28,1634389561801,"2021-10-16T18:36:01+05:30"
229,383,433,30.58,64.19,1634389592440,"2021-10-16T18:36:32+05:30"
228,376,421,30.55,64.1,1634389623091,"2021-10-16T18:37:03+05:30"
227,373,414,30.55,64.45,1634389653942,"2021-10-16T18:37:33+05:30"
229,384,425,30.61,64.34,1634389684181,"2021-10-16T18:38:04+05:30"
235,398,441,30.63,64.13,1634389714782,"2021-10-16T18:38:34+05:30"
235,392,430,30.61,63.98,1634389745450,"2021-10-16T18:39:05+05:30"
232,395,435,30.62,63.85,1634389776316,"2021-10-16T18:39:36+05:30"
235,398,434,30.59,63.78,1634389806617,"2021-10-16T18:40:06+05:30"
235,401,443,30.57,63.77,1634389837219,"2021-10-16T18:40:37+05:30"
234,398,443,30.55,63.94,1634389867806,"2021-10-16T18:41:07+05:30"
235,395,436,30.57,63.95,1634389898406,"2021-10-16T18:41:38+05:30"
239,412,448,30.61,63.84,1634389928990,"2021-10-16T18:42:08+05:30"
242,410,457,30.59,63.76,1634389959740,"2021-10-16T18:42:39+05:30"
240,404,447,30.56,64.13,1634389990191,"2021-10-16T18:43:10+05:30"
238,403,450,30.54,64.06,1634390020779,"2021-10-16T18:43:40+05:30"
238,403,444,30.54,64.14,1634390051390,"2021-10-16T18:44:11+05:30"
234,399,446,30.52,63.97,1634390081952,"2021-10-16T18:44:41+05:30"
230,397,436,30.49,64.03,1634390112597,"2021-10-16T18:45:12+05:30"
227,383,428,30.48,64.17,1634390142883,"2021-10-16T18:45:42+05:30"
227,389,441,30.48,64.01,1634390173456,"2021-10-16T18:46:13+05:30"
235,394,441,30.47,64.2,1634390204017,"2021-10-16T18:46:44+05:30"
230,395,444,30.49,64.19,1634390234597,"2021-10-16T18:47:14+05:30"
231,392,440,30.46,64.17,1634390265205,"2021-10-16T18:47:45+05:30"
226,390,438,30.47,64.24,1634390295802,"2021-10-16T18:48:15+05:30"
234,396,439,30.48,64.21,1634390326417,"2021-10-16T18:48:46+05:30"
238,401,446,30.43,64.45,1634390356967,"2021-10-16T18:49:16+05:30"
238,398,444,30.44,64.87,1634390387612,"2021-10-16T18:49:47+05:30"
233,397,433,30.45,64.76,1634390418397,"2021-10-16T18:50:18+05:30"
233,394,429,30.48,64.71,1634390448743,"2021-10-16T18:50:48+05:30"
231,397,439,30.5,64.55,1634390479668,"2021-10-16T18:51:19+05:30"
235,404,447,30.51,64.47,1634390510412,"2021-10-16T18:51:50+05:30"
235,398,436,30.54,64.23,1634390540535,"2021-10-16T18:52:20+05:30"
239,410,458,30.51,64.24,1634390571130,"2021-10-16T18:52:51+05:30"
236,405,456,30.56,64.36,1634390601937,"2021-10-16T18:53:21+05:30"
229,389,426,30.53,64.11,1634390632321,"2021-10-16T18:53:52+05:30"
230,390,429,30.49,64.08,1634390662904,"2021-10-16T18:54:22+05:30"
233,394,435,30.54,64.08,1634390693495,"2021-10-16T18:54:53+05:30"
228,389,424,30.54,64.01,1634390724087,"2021-10-16T18:55:24+05:30"
227,384,430,30.53,64,1634390754679,"2021-10-16T18:55:54+05:30"
223,378,421,30.51,64.47,1634390785264,"2021-10-16T18:56:25+05:30"
227,381,417,30.51,64.66,1634390815873,"2021-10-16T18:56:55+05:30"
227,379,417,30.54,64.72,1634390846575,"2021-10-16T18:57:26+05:30"
232,394,437,30.55,64.52,1634390877137,"2021-10-16T18:57:57+05:30"
243,425,473,30.51,64.48,1634390907729,"2021-10-16T18:58:27+05:30"
239,414,460,30.49,64.37,1634390938592,"2021-10-16T18:58:58+05:30"
230,398,438,30.47,64.58,1634390968966,"2021-10-16T18:59:28+05:30"
229,384,429,30.46,64.76,1634390999521,"2021-10-16T18:59:59+05:30"
230,386,424,30.47,64.51,1634391028830,"2021-10-16T19:00:28+05:30"
218,368,405,30.45,64.34,1634391059957,"2021-10-16T19:00:59+05:30"
221,361,412,30.39,64.44,1634391090293,"2021-10-16T19:01:30+05:30"
222,368,410,30.4,64.68,1634391121034,"2021-10-16T19:02:01+05:30"
222,378,430,30.45,64.51,1634391151600,"2021-10-16T19:02:31+05:30"
222,380,423,30.49,64.27,1634391182180,"2021-10-16T19:03:02+05:30"
219,372,417,30.48,64.27,1634391213274,"2021-10-16T19:03:33+05:30"
220,376,416,30.48,64.39,1634391243403,"2021-10-16T19:04:03+05:30"
220,367,408,30.53,64.25,1634391273957,"2021-10-16T19:04:33+05:30"
217,365,404,30.51,64.16,1634391304552,"2021-10-16T19:05:04+05:30"
217,365,404,30.51,64.16,1634391307594,"2021-10-16T19:05:07+05:30"
219,362,403,30.49,64.28,1634391335189,"2021-10-16T19:05:35+05:30"
219,366,413,30.5,64.3,1634391366050,"2021-10-16T19:06:06+05:30"
222,374,415,30.45,64.36,1634391396338,"2021-10-16T19:06:36+05:30"
215,367,407,30.48,64.36,1634391426935,"2021-10-16T19:07:06+05:30"
217,369,412,30.48,64.07,1634391457553,"2021-10-16T19:07:37+05:30"
219,368,412,30.5,64.28,1634391488334,"2021-10-16T19:08:08+05:30"
218,375,412,30.54,64.53,1634391518731,"2021-10-16T19:08:38+05:30"
218,373,411,30.6,64.28,1634391549633,"2021-10-16T19:09:09+05:30"
215,364,404,30.57,63.88,1634391580208,"2021-10-16T19:09:40+05:30"
212,357,400,30.5,63.81,1634391610795,"2021-10-16T19:10:10+05:30"
215,363,407,30.39,63.88,1634391641392,"2021-10-16T19:10:41+05:30"
215,358,406,30.37,64.07,1634391672069,"2021-10-16T19:11:12+05:30"
214,367,402,30.39,64.09,1634391702586,"2021-10-16T19:11:42+05:30"
219,371,413,30.38,64.01,1634391733124,"2021-10-16T19:12:13+05:30"
225,382,424,30.33,64.02,1634391764014,"2021-10-16T19:12:44+05:30"
227,382,431,30.29,64.17,1634391794324,"2021-10-16T19:13:14+05:30"
226,385,431,30.28,64.23,1634391824905,"2021-10-16T19:13:44+05:30"
220,376,413,30.26,64.41,1634391855802,"2021-10-16T19:14:15+05:30"
226,381,414,30.24,64.19,1634391886155,"2021-10-16T19:14:46+05:30"
227,393,433,30.23,64.33,1634391916689,"2021-10-16T19:15:16+05:30"
221,376,420,30.21,64.33,1634391948042,"2021-10-16T19:15:48+05:30"
222,373,414,30.23,64.42,1634391978134,"2021-10-16T19:16:18+05:30"
219,372,415,30.27,64.19,1634392008723,"2021-10-16T19:16:48+05:30"
219,375,412,30.3,64.25,1634392039352,"2021-10-16T19:17:19+05:30"
218,372,411,30.31,64.21,1634392069924,"2021-10-16T19:17:49+05:30"
220,371,409,30.35,64.3,1634392100691,"2021-10-16T19:18:20+05:30"
221,375,418,30.4,64.02,1634392131114,"2021-10-16T19:18:51+05:30"
220,373,419,30.4,64.02,1634392161701,"2021-10-16T19:19:21+05:30"
216,371,419,30.37,64.18,1634392192306,"2021-10-16T19:19:52+05:30"
218,367,416,30.37,64.22,1634392222894,"2021-10-16T19:20:22+05:30"
226,387,425,30.32,64.26,1634392253454,"2021-10-16T19:20:53+05:30"
226,389,433,30.28,64.38,1634392284043,"2021-10-16T19:21:24+05:30"
228,398,445,30.26,64.33,1634392314655,"2021-10-16T19:21:54+05:30"
221,399,442,30.27,64.43,1634392345380,"2021-10-16T19:22:25+05:30"
221,399,442,30.27,64.43,1634392348613,"2021-10-16T19:22:28+05:30"
227,398,441,30.28,64.42,1634392375820,"2021-10-16T19:22:55+05:30"
224,389,432,30.29,64.26,1634392406416,"2021-10-16T19:23:26+05:30"
220,385,429,30.29,64.44,1634392437035,"2021-10-16T19:23:57+05:30"
220,369,407,30.31,64.2,1634392467590,"2021-10-16T19:24:27+05:30"
216,379,418,30.35,64.04,1634392498271,"2021-10-16T19:24:58+05:30"
221,383,430,30.36,63.89,1634392528780,"2021-10-16T19:25:28+05:30"
223,384,427,30.33,64.01,1634392559418,"2021-10-16T19:25:59+05:30"
223,379,426,30.34,64.03,1634392589999,"2021-10-16T19:26:29+05:30"
222,385,429,30.32,64.02,1634392620572,"2021-10-16T19:27:00+05:30"
223,390,434,30.31,64.1,1634392651151,"2021-10-16T19:27:31+05:30"
219,384,431,30.32,64.3,1634392681826,"2021-10-16T19:28:01+05:30"
230,394,439,30.34,64.12,1634392712339,"2021-10-16T19:28:32+05:30"
231,396,444,30.37,64.08,1634392742935,"2021-10-16T19:29:02+05:30"
228,398,437,30.38,64.08,1634392773524,"2021-10-16T19:29:33+05:30"
231,396,444,30.34,64.06,1634392804165,"2021-10-16T19:30:04+05:30"
229,407,455,30.32,64.09,1634392830910,"2021-10-16T19:30:30+05:30"
233,405,454,30.35,64.07,1634392861361,"2021-10-16T19:31:01+05:30"
233,409,462,30.36,63.94,1634392892044,"2021-10-16T19:31:32+05:30"
234,407,455,30.34,64.02,1634392922908,"2021-10-16T19:32:02+05:30"
235,417,461,30.32,64,1634392953761,"2021-10-16T19:32:33+05:30"
227,403,444,30.29,64.06,1634392984601,"2021-10-16T19:33:04+05:30"
227,406,454,30.34,63.96,1634393015282,"2021-10-16T19:33:35+05:30"
232,410,462,30.33,63.97,1634393045873,"2021-10-16T19:34:05+05:30"
227,398,448,30.32,63.91,1634393076474,"2021-10-16T19:34:36+05:30"
225,395,449,30.32,63.88,1634393107065,"2021-10-16T19:35:07+05:30"
228,388,439,30.32,64,1634393137636,"2021-10-16T19:35:37+05:30"
229,397,451,30.35,63.87,1634393168232,"2021-10-16T19:36:08+05:30"
229,399,452,30.34,63.9,1634393198813,"2021-10-16T19:36:38+05:30"
234,416,465,30.3,64.06,1634393229406,"2021-10-16T19:37:09+05:30"
236,410,464,30.27,64.28,1634393259984,"2021-10-16T19:37:39+05:30"
230,403,444,30.25,64.4,1634393290591,"2021-10-16T19:38:10+05:30"
228,398,439,30.25,64.4,1634393321177,"2021-10-16T19:38:41+05:30"
224,398,439,30.24,64.41,1634393353557,"2021-10-16T19:39:13+05:30"
231,409,452,30.24,64.46,1634393382371,"2021-10-16T19:39:42+05:30"
225,392,439,30.24,64.52,1634393412982,"2021-10-16T19:40:12+05:30"
228,401,447,30.23,64.38,1634393443554,"2021-10-16T19:40:43+05:30"
231,404,449,30.19,64.53,1634393474157,"2021-10-16T19:41:14+05:30"
230,412,459,30.18,64.61,1634393504748,"2021-10-16T19:41:44+05:30"
231,409,458,30.22,64.49,1634393535325,"2021-10-16T19:42:15+05:30"
233,419,468,30.25,64.5,1634393565923,"2021-10-16T19:42:45+05:30"
230,411,461,30.3,64.35,1634393596514,"2021-10-16T19:43:16+05:30"
233,403,454,30.3,64.26,1634393627109,"2021-10-16T19:43:47+05:30"
228,409,465,30.34,64.19,1634393657724,"2021-10-16T19:44:17+05:30"
232,415,466,30.36,64.02,1634393688323,"2021-10-16T19:44:48+05:30"
226,405,463,30.34,64.02,1634393749648,"2021-10-16T19:45:49+05:30"
222,388,430,30.33,63.9,1634393779935,"2021-10-16T19:46:19+05:30"
220,389,433,30.3,64.09,1634393810614,"2021-10-16T19:46:50+05:30"
218,379,419,30.27,64.12,1634393841369,"2021-10-16T19:47:21+05:30"
221,378,428,30.24,64.29,1634393871954,"2021-10-16T19:47:51+05:30"
221,380,422,30.21,64.44,1634393902536,"2021-10-16T19:48:22+05:30"
217,371,407,30.17,64.46,1634393933122,"2021-10-16T19:48:53+05:30"
215,371,410,30.14,64.57,1634393963708,"2021-10-16T19:49:23+05:30"
215,376,423,30.14,64.58,1634393994307,"2021-10-16T19:49:54+05:30"
217,376,422,30.12,64.72,1634394024904,"2021-10-16T19:50:24+05:30"
218,376,416,30.15,64.64,1634394055490,"2021-10-16T19:50:55+05:30"
216,374,419,30.15,64.61,1634394086099,"2021-10-16T19:51:26+05:30"
215,380,421,30.15,64.64,1634394116692,"2021-10-16T19:51:56+05:30"
221,389,423,30.18,64.58,1634394147289,"2021-10-16T19:52:27+05:30"
222,385,430,30.2,64.54,1634394178234,"2021-10-16T19:52:58+05:30"
218,379,424,30.26,64.32,1634394209070,"2021-10-16T19:53:29+05:30"
217,378,419,30.27,64.33,1634394239172,"2021-10-16T19:53:59+05:30"
224,388,435,30.29,64.22,1634394269875,"2021-10-16T19:54:29+05:30"
224,390,429,30.29,64.43,1634394300645,"2021-10-16T19:55:00+05:30"
228,395,434,30.34,64.32,1634394331486,"2021-10-16T19:55:31+05:30"
231,405,449,30.41,64,1634394362300,"2021-10-16T19:56:02+05:30"
240,427,478,30.42,63.81,1634394392734,"2021-10-16T19:56:32+05:30"
242,444,505,30.36,63.99,1634394423509,"2021-10-16T19:57:03+05:30"
244,437,484,30.37,64.11,1634394454151,"2021-10-16T19:57:34+05:30"
243,433,480,30.41,63.98,1634394484724,"2021-10-16T19:58:04+05:30"
244,439,500,30.45,64.03,1634394515432,"2021-10-16T19:58:35+05:30"
240,433,492,30.54,63.74,1634394545909,"2021-10-16T19:59:05+05:30"
240,441,501,30.51,63.72,1634394576532,"2021-10-16T19:59:36+05:30"
243,432,486,30.51,63.8,1634394607084,"2021-10-16T20:00:07+05:30"
243,436,490,30.5,63.78,1634394636964,"2021-10-16T20:00:36+05:30"
238,432,491,30.49,63.76,1634394667319,"2021-10-16T20:01:07+05:30"
237,437,490,30.45,63.86,1634394697897,"2021-10-16T20:01:37+05:30"
237,434,488,30.44,63.89,1634394728473,"2021-10-16T20:02:08+05:30"
237,435,494,30.39,64.02,1634394759461,"2021-10-16T20:02:39+05:30"
244,446,497,30.33,64.14,1634394789658,"2021-10-16T20:03:09+05:30"
241,431,485,30.31,64.14,1634394820354,"2021-10-16T20:03:40+05:30"
234,419,471,30.32,64.08,1634394850934,"2021-10-16T20:04:10+05:30"
232,417,470,30.31,64.08,1634394881608,"2021-10-16T20:04:41+05:30"
233,410,459,30.29,64.14,1634394912127,"2021-10-16T20:05:12+05:30"
228,404,442,30.3,64.09,1634394942705,"2021-10-16T20:05:42+05:30"
227,398,445,30.24,64.28,1634394973306,"2021-10-16T20:06:13+05:30"
226,385,425,30.27,64.34,1634395003929,"2021-10-16T20:06:43+05:30"
225,383,430,30.28,64.12,1634395034491,"2021-10-16T20:07:14+05:30"
216,367,408,30.21,64.29,1634395065342,"2021-10-16T20:07:45+05:30"
215,369,411,30.19,64.37,1634395095729,"2021-10-16T20:08:15+05:30"
217,372,415,30.2,64.42,1634395126569,"2021-10-16T20:08:46+05:30"
218,375,418,30.18,64.53,1634395156889,"2021-10-16T20:09:16+05:30"
220,375,414,30.14,64.64,1634395187607,"2021-10-16T20:09:47+05:30"
221,369,407,30.15,64.72,1634395218072,"2021-10-16T20:10:18+05:30"
219,378,426,30.14,64.64,1634395248696,"2021-10-16T20:10:48+05:30"
224,380,420,30.17,64.43,1634395279260,"2021-10-16T20:11:19+05:30"
230,391,434,30.2,64.41,1634395309817,"2021-10-16T20:11:49+05:30"
230,397,439,30.21,64.36,1634395340437,"2021-10-16T20:12:20+05:30"
235,397,435,30.2,64.4,1634395371174,"2021-10-16T20:12:51+05:30"
246,403,450,30.19,64.41,1634395401850,"2021-10-16T20:13:21+05:30"
246,429,473,30.17,64.48,1634395432524,"2021-10-16T20:13:52+05:30"
250,429,468,30.21,64.47,1634395463147,"2021-10-16T20:14:23+05:30"
253,437,479,30.23,64.31,1634395493820,"2021-10-16T20:14:53+05:30"
257,443,491,30.23,64.27,1634395526354,"2021-10-16T20:15:26+05:30"
258,438,483,30.25,64.31,1634395556450,"2021-10-16T20:15:56+05:30"
263,454,501,30.27,64.32,1634395587043,"2021-10-16T20:16:27+05:30"
275,485,531,30.27,64.31,1634395617630,"2021-10-16T20:16:57+05:30"
280,491,537,30.25,64.29,1634395648248,"2021-10-16T20:17:28+05:30"
280,491,540,30.22,64.54,1634395678807,"2021-10-16T20:17:58+05:30"
280,494,547,30.18,64.74,1634395709400,"2021-10-16T20:18:29+05:30"
289,497,541,30.16,64.9,1634395740006,"2021-10-16T20:19:00+05:30"
284,490,531,30.15,64.87,1634395770610,"2021-10-16T20:19:30+05:30"
274,482,522,30.13,64.9,1634395801230,"2021-10-16T20:20:01+05:30"
277,484,528,30.14,65,1634395831792,"2021-10-16T20:20:31+05:30"
274,469,509,30.14,64.83,1634395862465,"2021-10-16T20:21:02+05:30"
271,467,511,30.14,64.91,1634395893021,"2021-10-16T20:21:33+05:30"
267,455,492,30.2,64.68,1634395923560,"2021-10-16T20:22:03+05:30"
267,457,497,30.2,64.73,1634395954148,"2021-10-16T20:22:34+05:30"
264,455,493,30.2,64.8,1634395984958,"2021-10-16T20:23:04+05:30"
265,451,501,30.19,64.81,1634396015778,"2021-10-16T20:23:35+05:30"
262,445,487,30.17,64.88,1634396045892,"2021-10-16T20:24:05+05:30"
258,441,490,30.19,64.83,1634396076474,"2021-10-16T20:24:36+05:30"
264,446,484,30.21,64.75,1634396107162,"2021-10-16T20:25:07+05:30"
259,433,478,30.25,64.62,1634396138215,"2021-10-16T20:25:38+05:30"
253,425,467,30.27,64.5,1634396168453,"2021-10-16T20:26:08+05:30"
257,427,478,30.26,64.44,1634396198984,"2021-10-16T20:26:38+05:30"
259,433,472,30.24,64.38,1634396229460,"2021-10-16T20:27:09+05:30"
252,422,469,30.21,64.45,1634396260032,"2021-10-16T20:27:40+05:30"
250,422,458,30.15,64.9,1634396290637,"2021-10-16T20:28:10+05:30"
252,423,469,30.17,64.9,1634396321274,"2021-10-16T20:28:41+05:30"
245,406,453,30.15,64.89,1634396352126,"2021-10-16T20:29:12+05:30"
241,400,443,30.12,64.91,1634396382543,"2021-10-16T20:29:42+05:30"
237,394,440,30.09,64.9,1634396413164,"2021-10-16T20:30:13+05:30"
231,381,425,30,65.12,1634396447849,"2021-10-16T20:30:47+05:30"
235,394,433,30.07,65.4,1634396478127,"2021-10-16T20:31:18+05:30"
228,385,416,30.18,64.84,1634396508965,"2021-10-16T20:31:48+05:30"
231,384,422,30.28,64.9,1634396539294,"2021-10-16T20:32:19+05:30"
230,379,419,30.35,64.39,1634396569880,"2021-10-16T20:32:49+05:30"
224,371,404,30.36,64.04,1634396600498,"2021-10-16T20:33:20+05:30"
225,371,402,30.38,63.74,1634396631095,"2021-10-16T20:33:51+05:30"
221,364,398,30.38,63.51,1634396661676,"2021-10-16T20:34:21+05:30"
216,361,400,30.42,63.55,1634396692279,"2021-10-16T20:34:52+05:30"
215,355,388,30.47,63.28,1634396722856,"2021-10-16T20:35:22+05:30"
214,348,381,30.5,63.12,1634396753558,"2021-10-16T20:35:53+05:30"
216,348,376,30.54,62.83,1634396784155,"2021-10-16T20:36:24+05:30"
211,347,384,30.53,62.49,1634396814833,"2021-10-16T20:36:54+05:30"
210,341,373,30.54,62.28,1634396845317,"2021-10-16T20:37:25+05:30"
210,341,371,30.46,62.11,1634396876099,"2021-10-16T20:37:56+05:30"
208,339,369,30.45,62.16,1634396906512,"2021-10-16T20:38:26+05:30"
212,348,381,30.43,62.38,1634396937135,"2021-10-16T20:38:57+05:30"
217,352,381,30.44,62.42,1634396967672,"2021-10-16T20:39:27+05:30"
216,349,381,30.44,62.52,1634396998298,"2021-10-16T20:39:58+05:30"
215,353,385,30.42,62.32,1634397028879,"2021-10-16T20:40:28+05:30"
211,349,389,30.38,62.24,1634397059506,"2021-10-16T20:40:59+05:30"
211,342,380,30.41,62.61,1634397090085,"2021-10-16T20:41:30+05:30"
211,344,372,30.4,62.46,1634397120684,"2021-10-16T20:42:00+05:30"
207,343,377,30.38,61.99,1634397151554,"2021-10-16T20:42:31+05:30"
207,335,360,30.4,62.29,1634397181819,"2021-10-16T20:43:01+05:30"
208,337,366,30.37,61.93,1634397212406,"2021-10-16T20:43:32+05:30"
204,332,365,30.32,61.94,1634397243007,"2021-10-16T20:44:03+05:30"
205,331,366,30.36,62.48,1634397273581,"2021-10-16T20:44:33+05:30"
203,326,357,30.41,62.17,1634397304176,"2021-10-16T20:45:04+05:30"
201,322,353,30.45,61.71,1634397328225,"2021-10-16T20:45:28+05:30"
200,318,347,30.45,61.56,1634397358668,"2021-10-16T20:45:58+05:30"
195,321,356,30.47,61.5,1634397389220,"2021-10-16T20:46:29+05:30"
195,320,351,30.47,61.5,1634397419791,"2021-10-16T20:46:59+05:30"
190,309,334,30.47,61.12,1634397450371,"2021-10-16T20:47:30+05:30"
189,312,341,30.44,61.41,1634397480971,"2021-10-16T20:48:00+05:30"
192,316,352,30.45,61.51,1634397511578,"2021-10-16T20:48:31+05:30"
191,311,338,30.52,61.3,1634397542165,"2021-10-16T20:49:02+05:30"
195,323,354,30.58,61,1634397572762,"2021-10-16T20:49:32+05:30"
197,322,353,30.61,60.74,1634397603332,"2021-10-16T20:50:03+05:30"
194,320,352,30.63,60.58,1634397634170,"2021-10-16T20:50:34+05:30"
197,313,343,30.65,60.55,1634397664529,"2021-10-16T20:51:04+05:30"
193,310,335,30.69,60.34,1634397695132,"2021-10-16T20:51:35+05:30"
190,314,346,30.7,60.16,1634397725723,"2021-10-16T20:52:05+05:30"
198,322,351,30.7,60,1634397756675,"2021-10-16T20:52:36+05:30"
192,311,340,30.69,59.96,1634397786916,"2021-10-16T20:53:06+05:30"
193,319,355,30.61,60.05,1634397817502,"2021-10-16T20:53:37+05:30"
193,312,338,30.58,60.19,1634397848090,"2021-10-16T20:54:08+05:30"
188,311,339,30.59,60.45,1634397879000,"2021-10-16T20:54:39+05:30"
187,302,334,30.53,60.49,1634397909495,"2021-10-16T20:55:09+05:30"
183,299,329,30.52,60.81,1634397939985,"2021-10-16T20:55:39+05:30"
186,296,327,30.54,60.96,1634397970461,"2021-10-16T20:56:10+05:30"
188,299,325,30.54,60.76,1634398001101,"2021-10-16T20:56:41+05:30"
183,298,325,30.51,60.99,1634398031648,"2021-10-16T20:57:11+05:30"
183,297,323,30.54,61.28,1634398062274,"2021-10-16T20:57:42+05:30"
181,292,319,30.56,61.39,1634398092844,"2021-10-16T20:58:12+05:30"
180,299,326,30.58,61.47,1634398123496,"2021-10-16T20:58:43+05:30"
183,294,323,30.64,61.45,1634398154247,"2021-10-16T20:59:14+05:30"
181,288,311,30.59,60.7,1634398184856,"2021-10-16T20:59:44+05:30"
179,290,321,30.53,61.21,1634398205048,"2021-10-16T21:00:05+05:30"
182,295,320,30.6,61.59,1634398236295,"2021-10-16T21:00:36+05:30"
173,282,315,30.67,61.04,1634398266180,"2021-10-16T21:01:06+05:30"
173,277,295,30.66,60.91,1634398296822,"2021-10-16T21:01:36+05:30"
178,290,311,30.64,60.73,1634398327662,"2021-10-16T21:02:07+05:30"
177,286,310,30.65,60.77,1634398358236,"2021-10-16T21:02:38+05:30"
175,284,311,30.63,60.62,1634398388832,"2021-10-16T21:03:08+05:30"
176,284,309,30.57,60.64,1634398419424,"2021-10-16T21:03:39+05:30"
178,283,307,30.56,60.74,1634398450017,"2021-10-16T21:04:10+05:30"
178,284,307,30.51,60.72,1634398480618,"2021-10-16T21:04:40+05:30"
176,284,306,30.47,60.82,1634398511197,"2021-10-16T21:05:11+05:30"
180,279,297,30.44,60.86,1634398541791,"2021-10-16T21:05:41+05:30"
182,293,318,30.43,60.89,1634398572409,"2021-10-16T21:06:12+05:30"
195,322,347,30.39,61.03,1634398602985,"2021-10-16T21:06:42+05:30"
196,321,350,30.41,61.16,1634398633575,"2021-10-16T21:07:13+05:30"
194,314,347,30.43,60.84,1634398664159,"2021-10-16T21:07:44+05:30"
190,312,341,30.41,60.72,1634398694864,"2021-10-16T21:08:14+05:30"
190,304,334,30.37,60.7,1634398725351,"2021-10-16T21:08:45+05:30"
188,308,340,30.33,60.65,1634398755994,"2021-10-16T21:09:15+05:30"
186,301,332,30.31,60.59,1634398786697,"2021-10-16T21:09:46+05:30"
185,299,322,30.27,60.79,1634398817129,"2021-10-16T21:10:17+05:30"
182,301,327,30.24,60.91,1634398847730,"2021-10-16T21:10:47+05:30"
182,297,321,30.35,61.04,1634398878398,"2021-10-16T21:11:18+05:30"
185,297,322,30.43,60.61,1634398908926,"2021-10-16T21:11:48+05:30"
182,295,318,30.41,60.58,1634398939503,"2021-10-16T21:12:19+05:30"
186,300,332,30.47,60.68,1634398970136,"2021-10-16T21:12:50+05:30"
181,289,313,30.55,60.41,1634399000689,"2021-10-16T21:13:20+05:30"
183,293,312,30.56,60,1634399031280,"2021-10-16T21:13:51+05:30"
185,296,317,30.53,60.24,1634399061877,"2021-10-16T21:14:21+05:30"
179,287,315,30.53,60.36,1634399092475,"2021-10-16T21:14:52+05:30"
181,287,309,30.56,60.54,1634399128655,"2021-10-16T21:15:28+05:30"
177,290,317,30.64,60.43,1634399143709,"2021-10-16T21:15:43+05:30"
178,280,305,30.69,60.21,1634399174272,"2021-10-16T21:16:14+05:30"
179,289,309,30.73,60.23,1634399205014,"2021-10-16T21:16:45+05:30"
178,284,307,30.69,60.06,1634399235639,"2021-10-16T21:17:15+05:30"
180,285,309,30.66,60.23,1634399266239,"2021-10-16T21:17:46+05:30"
175,283,307,30.65,60.17,1634399296958,"2021-10-16T21:18:16+05:30"
173,278,309,30.6,60.06,1634399327421,"2021-10-16T21:18:47+05:30"
177,290,315,30.56,60.18,1634399358007,"2021-10-16T21:19:18+05:30"
179,290,311,30.49,60.43,1634399388622,"2021-10-16T21:19:48+05:30"
175,283,304,30.51,60.42,1634399419206,"2021-10-16T21:20:19+05:30"
179,291,328,30.53,60.39,1634399449881,"2021-10-16T21:20:49+05:30"
182,290,318,30.49,60.29,1634399480391,"2021-10-16T21:21:20+05:30"
177,285,304,30.5,60.32,1634399511036,"2021-10-16T21:21:51+05:30"
180,296,323,30.51,60.48,1634399541600,"2021-10-16T21:22:21+05:30"
180,287,314,30.52,60.45,1634399572175,"2021-10-16T21:22:52+05:30"
179,288,311,30.45,60.59,1634399602777,"2021-10-16T21:23:22+05:30"
177,288,311,30.43,60.66,1634399633471,"2021-10-16T21:23:53+05:30"
175,284,310,30.39,60.8,1634399663964,"2021-10-16T21:24:23+05:30"
176,279,304,30.39,61.01,1634399694552,"2021-10-16T21:24:54+05:30"
178,285,307,30.38,60.91,1634399725150,"2021-10-16T21:25:25+05:30"
174,281,309,30.35,60.76,1634399755822,"2021-10-16T21:25:55+05:30"
176,286,313,30.34,60.8,1634399786407,"2021-10-16T21:26:26+05:30"
175,287,313,30.34,60.88,1634399817009,"2021-10-16T21:26:57+05:30"
173,281,304,30.36,60.79,1634399847613,"2021-10-16T21:27:27+05:30"
176,285,307,30.42,60.8,1634399878266,"2021-10-16T21:27:58+05:30"
176,280,309,30.44,60.69,1634399908795,"2021-10-16T21:28:28+05:30"
174,281,313,30.41,60.55,1634399939398,"2021-10-16T21:28:59+05:30"
178,281,305,30.41,60.91,1634399970000,"2021-10-16T21:29:30+05:30"
174,278,303,30.44,61.05,1634400000583,"2021-10-16T21:30:00+05:30"
177,285,312,30.41,61.15,1634400030441,"2021-10-16T21:30:30+05:30"
175,285,315,30.36,61.34,1634400060711,"2021-10-16T21:31:00+05:30"
174,280,313,30.3,61.5,1634400091297,"2021-10-16T21:31:31+05:30"
176,283,311,30.31,61.65,1634400122025,"2021-10-16T21:32:02+05:30"
172,283,309,30.29,61.69,1634400152511,"2021-10-16T21:32:32+05:30"
179,277,303,30.28,61.81,1634400183079,"2021-10-16T21:33:03+05:30"
176,286,311,30.28,61.94,1634400213671,"2021-10-16T21:33:33+05:30"
175,287,312,30.28,62.07,1634400244294,"2021-10-16T21:34:04+05:30"
179,290,319,30.26,61.77,1634400274910,"2021-10-16T21:34:34+05:30"
176,281,309,30.27,61.8,1634400306355,"2021-10-16T21:35:06+05:30"
179,282,307,30.29,61.8,1634400336053,"2021-10-16T21:35:36+05:30"
180,285,310,30.27,61.66,1634400366636,"2021-10-16T21:36:06+05:30"
179,282,305,30.22,61.73,1634400397914,"2021-10-16T21:36:37+05:30"
177,284,306,30.22,62.03,1634400428077,"2021-10-16T21:37:08+05:30"
182,293,316,30.2,62.2,1634400458514,"2021-10-16T21:37:38+05:30"
177,286,312,30.22,62,1634400489239,"2021-10-16T21:38:09+05:30"
177,287,317,30.22,61.98,1634400509927,"2021-10-16T21:38:29+05:30"
178,287,318,30.3,61.92,1634400540317,"2021-10-16T21:39:00+05:30"
177,282,310,30.36,61.73,1634400570922,"2021-10-16T21:39:30+05:30"
177,285,311,30.44,61.54,1634400601540,"2021-10-16T21:40:01+05:30"
177,280,305,30.49,61.27,1634400632109,"2021-10-16T21:40:32+05:30"
178,278,302,30.41,61.09,1634400662725,"2021-10-16T21:41:02+05:30"
178,282,311,30.25,61.41,1634400693290,"2021-10-16T21:41:33+05:30"
179,286,311,30.12,61.81,1634400723899,"2021-10-16T21:42:03+05:30"