"pm1_0","pm2_5","pm10","temp","humid","createdAt","localtime"
335,838,979,31.23,70.37,1633063371806,"2021-10-01T10:12:51+05:30"
337,861,999,31.31,69.6,1633063402357,"2021-10-01T10:13:22+05:30"
297,683,778,31.38,69.13,1633063432974,"2021-10-01T10:13:52+05:30"
341,905,1059,31.49,68.97,1633063463557,"2021-10-01T10:14:23+05:30"
333,865,1029,31.6,69.05,1633063494139,"2021-10-01T10:14:54+05:30"
338,851,997,31.69,69.15,1633063524756,"2021-10-01T10:15:24+05:30"
337,808,934,31.76,69.11,1633063555293,"2021-10-01T10:15:55+05:30"
327,786,905,31.81,69.01,1633063585892,"2021-10-01T10:16:25+05:30"
314,737,842,31.83,69.2,1633063616454,"2021-10-01T10:16:56+05:30"
338,928,1090,31.87,69.19,1633063647033,"2021-10-01T10:17:27+05:30"
323,807,947,31.89,68.89,1633063677664,"2021-10-01T10:17:57+05:30"
343,905,1070,31.93,68.52,1633063708224,"2021-10-01T10:18:28+05:30"
317,794,922,31.95,68.76,1633063738785,"2021-10-01T10:18:58+05:30"
317,802,933,31.97,69.17,1633063769444,"2021-10-01T10:19:29+05:30"
337,871,1015,32.01,69.51,1633063800108,"2021-10-01T10:20:00+05:30"
329,809,933,31.99,69.09,1633063830698,"2021-10-01T10:20:30+05:30"
325,755,864,31.96,68.87,1633063861614,"2021-10-01T10:21:01+05:30"
310,718,833,31.93,68.87,1633063881712,"2021-10-01T10:21:21+05:30"
326,791,905,31.94,69.54,1633063912380,"2021-10-01T10:21:52+05:30"
317,736,838,31.92,69.66,1633063942860,"2021-10-01T10:22:22+05:30"
332,762,870,31.94,69.73,1633063973417,"2021-10-01T10:22:53+05:30"
306,686,779,31.93,69.73,1633064004010,"2021-10-01T10:23:24+05:30"
288,617,706,31.91,69.06,1633064034557,"2021-10-01T10:23:54+05:30"
293,638,739,31.9,69.04,1633064065198,"2021-10-01T10:24:25+05:30"
324,784,932,31.92,68.83,1633064095780,"2021-10-01T10:24:55+05:30"
300,693,813,31.92,68.08,1633064126317,"2021-10-01T10:25:26+05:30"
305,700,814,31.94,68.39,1633064156886,"2021-10-01T10:25:56+05:30"
289,647,745,31.97,68.06,1633064187637,"2021-10-01T10:26:27+05:30"
260,535,613,31.98,68.08,1633064218158,"2021-10-01T10:26:58+05:30"
275,570,642,31.95,68.84,1633064248682,"2021-10-01T10:27:28+05:30"
264,543,616,31.95,68.53,1633064277037,"2021-10-01T10:27:57+05:30"
242,485,551,31.97,67.55,1633064307253,"2021-10-01T10:28:27+05:30"
247,495,563,32,68.1,1633064337862,"2021-10-01T10:28:57+05:30"
207,387,441,32.01,67.69,1633064368511,"2021-10-01T10:29:28+05:30"
204,380,428,32.02,66.53,1633064399089,"2021-10-01T10:29:59+05:30"
205,372,419,32.02,67.28,1633064429672,"2021-10-01T10:30:29+05:30"
193,351,395,32.05,67.27,1633064460338,"2021-10-01T10:31:00+05:30"
180,315,350,32.07,67.26,1633064490866,"2021-10-01T10:31:30+05:30"
149,249,272,32.06,66.82,1633064521458,"2021-10-01T10:32:01+05:30"
147,246,271,32.05,67.79,1633064552051,"2021-10-01T10:32:32+05:30"
150,253,278,32.07,68.27,1633064582748,"2021-10-01T10:33:02+05:30"
142,240,265,32.08,66.82,1633064613244,"2021-10-01T10:33:33+05:30"
122,204,227,32.08,66.95,1633064643865,"2021-10-01T10:34:03+05:30"
150,249,273,32.08,66.67,1633064674436,"2021-10-01T10:34:34+05:30"
150,257,289,32.1,66.85,1633064705018,"2021-10-01T10:35:05+05:30"
143,237,263,32.09,66.53,1633064735600,"2021-10-01T10:35:35+05:30"
143,234,256,32.09,66.46,1633064766207,"2021-10-01T10:36:06+05:30"
117,189,206,32.09,66.47,1633064796860,"2021-10-01T10:36:36+05:30"
117,185,200,32.09,66.91,1633064827401,"2021-10-01T10:37:07+05:30"
119,190,209,32.07,67.48,1633064857988,"2021-10-01T10:37:37+05:30"
139,226,251,32.09,67.93,1633064888583,"2021-10-01T10:38:08+05:30"
136,222,243,32.08,67.38,1633064919191,"2021-10-01T10:38:39+05:30"
126,201,216,32.06,67.77,1633064949780,"2021-10-01T10:39:09+05:30"
130,212,226,32.07,68.06,1633064980360,"2021-10-01T10:39:40+05:30"
123,197,219,32.05,68.17,1633065010953,"2021-10-01T10:40:10+05:30"
135,216,234,32.04,68.45,1633065041558,"2021-10-01T10:40:41+05:30"
134,215,232,32.04,68.87,1633065072138,"2021-10-01T10:41:12+05:30"
140,228,246,32.08,68.68,1633065102748,"2021-10-01T10:41:42+05:30"
117,186,200,32.16,67.53,1633065133535,"2021-10-01T10:42:13+05:30"
113,176,192,32.23,67.98,1633065163915,"2021-10-01T10:42:43+05:30"
105,165,174,32.19,67.85,1633065194686,"2021-10-01T10:43:14+05:30"
104,165,173,32.19,68.1,1633065224818,"2021-10-01T10:43:44+05:30"
107,169,186,32.19,68.16,1633065255459,"2021-10-01T10:44:15+05:30"
113,181,197,32.19,68.47,1633065285998,"2021-10-01T10:44:45+05:30"
105,164,179,32.19,68.21,1633065316669,"2021-10-01T10:45:16+05:30"
109,174,186,32.2,68.32,1633065347378,"2021-10-01T10:45:47+05:30"
117,185,202,32.18,68.56,1633065377774,"2021-10-01T10:46:17+05:30"
129,202,219,32.13,68.47,1633065408395,"2021-10-01T10:46:48+05:30"
121,190,208,32.1,68.4,1633065439004,"2021-10-01T10:47:19+05:30"
122,186,204,32.09,68.43,1633065469597,"2021-10-01T10:47:49+05:30"
106,164,174,32.16,68.1,1633065500168,"2021-10-01T10:48:20+05:30"
95,148,158,32.17,67.21,1633065530752,"2021-10-01T10:48:50+05:30"
91,142,152,32.18,67.13,1633065561413,"2021-10-01T10:49:21+05:30"
89,136,148,32.16,66.42,1633065591887,"2021-10-01T10:49:51+05:30"
88,134,144,32.12,66.82,1633065622485,"2021-10-01T10:50:22+05:30"
89,136,146,32.13,67.18,1633065653076,"2021-10-01T10:50:53+05:30"
82,125,134,32.15,66.75,1633065683648,"2021-10-01T10:51:23+05:30"
82,121,130,32.14,66.43,1633065714232,"2021-10-01T10:51:54+05:30"
81,124,132,32.11,66.94,1633065744811,"2021-10-01T10:52:24+05:30"
81,125,132,32.13,67.12,1633065775843,"2021-10-01T10:52:55+05:30"
81,124,132,32.14,67.04,1633065806315,"2021-10-01T10:53:26+05:30"
76,117,124,32.1,66.65,1633065836896,"2021-10-01T10:53:56+05:30"
74,112,120,32.14,66.76,1633065867467,"2021-10-01T10:54:27+05:30"
75,117,123,32.18,66.77,1633065898075,"2021-10-01T10:54:58+05:30"
88,137,145,32.19,66.47,1633065928635,"2021-10-01T10:55:28+05:30"
114,180,194,32.16,66.96,1633065959247,"2021-10-01T10:55:59+05:30"
114,182,195,32.16,67.65,1633065989792,"2021-10-01T10:56:29+05:30"
115,180,198,32.14,67.28,1633066020390,"2021-10-01T10:57:00+05:30"
124,198,213,32.08,67.76,1633066050969,"2021-10-01T10:57:30+05:30"
111,177,192,32.07,68.26,1633066075409,"2021-10-01T10:57:55+05:30"
106,166,180,32.07,68.34,1633066106220,"2021-10-01T10:58:26+05:30"
119,183,198,32.08,67.7,1633066136612,"2021-10-01T10:58:56+05:30"
140,220,230,32.07,67.28,1633066167192,"2021-10-01T10:59:27+05:30"
148,233,248,32.05,67.77,1633066197802,"2021-10-01T10:59:57+05:30"
122,187,198,32.04,67.8,1633066228367,"2021-10-01T11:00:28+05:30"
131,210,229,32.03,67.76,1633066258957,"2021-10-01T11:00:58+05:30"
145,234,252,32.02,67.66,1633066290553,"2021-10-01T11:01:30+05:30"
147,241,264,31.97,67.7,1633066320170,"2021-10-01T11:02:00+05:30"
126,200,218,31.93,67.5,1633066350903,"2021-10-01T11:02:30+05:30"
133,203,221,31.91,67.76,1633066381335,"2021-10-01T11:03:01+05:30"
120,188,203,31.92,67.71,1633066411955,"2021-10-01T11:03:31+05:30"
115,180,193,31.94,67.68,1633066442640,"2021-10-01T11:04:02+05:30"
112,173,186,31.94,67.88,1633066473243,"2021-10-01T11:04:33+05:30"
119,184,201,31.97,68.16,1633066503823,"2021-10-01T11:05:03+05:30"
116,179,195,32,68.04,1633066534409,"2021-10-01T11:05:34+05:30"
116,178,190,31.99,67.46,1633066565000,"2021-10-01T11:06:05+05:30"
121,188,207,31.98,67.61,1633066595635,"2021-10-01T11:06:35+05:30"
115,180,193,31.99,67.89,1633066626361,"2021-10-01T11:07:06+05:30"
115,177,190,31.99,67.67,1633066656793,"2021-10-01T11:07:36+05:30"
113,178,190,31.99,67.88,1633066687373,"2021-10-01T11:08:07+05:30"
123,195,205,31.99,68.27,1633066717957,"2021-10-01T11:08:37+05:30"
115,182,197,31.99,68.21,1633066748590,"2021-10-01T11:09:08+05:30"
113,171,181,32,68.66,1633066779190,"2021-10-01T11:09:39+05:30"
103,164,173,31.98,69.03,1633066809732,"2021-10-01T11:10:09+05:30"
113,173,191,31.95,68.89,1633066840344,"2021-10-01T11:10:40+05:30"
120,190,203,31.98,69.32,1633066870922,"2021-10-01T11:11:10+05:30"
115,178,192,31.97,69.25,1633066901520,"2021-10-01T11:11:41+05:30"
111,172,186,31.96,69.61,1633066932122,"2021-10-01T11:12:12+05:30"
106,162,174,31.96,68.63,1633066962717,"2021-10-01T11:12:42+05:30"
116,184,196,31.96,68.96,1633066996630,"2021-10-01T11:13:16+05:30"
114,178,192,32,69.09,1633067026974,"2021-10-01T11:13:46+05:30"
127,203,221,32.07,69.15,1633067057585,"2021-10-01T11:14:17+05:30"
117,191,207,32.12,68.76,1633067088166,"2021-10-01T11:14:48+05:30"
121,190,204,32.11,68.5,1633067118793,"2021-10-01T11:15:18+05:30"
153,252,281,32.11,68.58,1633067149374,"2021-10-01T11:15:49+05:30"
156,263,293,32.14,68.46,1633067179981,"2021-10-01T11:16:19+05:30"
187,315,348,32.16,68.48,1633067210555,"2021-10-01T11:16:50+05:30"
170,290,316,32.15,68.43,1633067241145,"2021-10-01T11:17:21+05:30"
157,259,283,32.16,68.62,1633067271801,"2021-10-01T11:17:51+05:30"
153,256,289,32.19,68.66,1633067302404,"2021-10-01T11:18:22+05:30"
163,280,314,32.16,68.11,1633067333159,"2021-10-01T11:18:53+05:30"
176,309,346,32.15,67.94,1633067363597,"2021-10-01T11:19:23+05:30"
151,255,286,32.12,67.56,1633067394207,"2021-10-01T11:19:54+05:30"
181,324,366,32.12,67.95,1633067424895,"2021-10-01T11:20:24+05:30"
145,252,279,32.1,67.62,1633067455468,"2021-10-01T11:20:55+05:30"
147,256,290,32.09,67.67,1633067486138,"2021-10-01T11:21:26+05:30"
171,315,356,32.1,68.25,1633067506288,"2021-10-01T11:21:46+05:30"
167,298,344,32.11,68.63,1633067536818,"2021-10-01T11:22:16+05:30"
149,260,294,32.13,68.29,1633067567483,"2021-10-01T11:22:47+05:30"
146,263,300,32.2,67.35,1633067598078,"2021-10-01T11:23:18+05:30"
137,238,267,32.25,67.21,1633067628661,"2021-10-01T11:23:48+05:30"
154,284,326,32.27,67.12,1633067659258,"2021-10-01T11:24:19+05:30"
213,404,457,32.27,67.9,1633067689839,"2021-10-01T11:24:49+05:30"
157,282,313,32.31,66.93,1633067720440,"2021-10-01T11:25:20+05:30"
111,187,207,32.39,66.08,1633067751046,"2021-10-01T11:25:51+05:30"
96,158,175,32.41,65.89,1633067781628,"2021-10-01T11:26:21+05:30"
96,154,167,32.41,65.86,1633067812226,"2021-10-01T11:26:52+05:30"
78,125,135,32.37,64.88,1633067842804,"2021-10-01T11:27:22+05:30"
72,115,124,32.32,65.43,1633067878845,"2021-10-01T11:27:58+05:30"
65,101,111,32.27,65.37,1633067909021,"2021-10-01T11:28:29+05:30"
71,112,123,32.24,66.01,1633067939685,"2021-10-01T11:28:59+05:30"
78,124,135,32.26,66.23,1633067970166,"2021-10-01T11:29:30+05:30"
83,126,140,32.27,66.23,1633068000738,"2021-10-01T11:30:00+05:30"
81,127,139,32.28,67.02,1633068031420,"2021-10-01T11:30:31+05:30"
68,110,117,32.31,66.58,1633068062115,"2021-10-01T11:31:02+05:30"
55,87,91,32.34,65.14,1633068093067,"2021-10-01T11:31:33+05:30"
61,93,97,32.37,65.85,1633068123508,"2021-10-01T11:32:03+05:30"
59,90,96,32.35,65.6,1633068154180,"2021-10-01T11:32:34+05:30"
55,84,89,32.33,65.52,1633068174251,"2021-10-01T11:32:54+05:30"
55,83,87,32.36,65.45,1633068204900,"2021-10-01T11:33:24+05:30"
52,77,82,32.37,65.16,1633068235450,"2021-10-01T11:33:55+05:30"
53,79,83,32.39,65.18,1633068266010,"2021-10-01T11:34:26+05:30"
50,77,81,32.39,65.32,1633068296592,"2021-10-01T11:34:56+05:30"
48,72,79,32.37,65.21,1633068327265,"2021-10-01T11:35:27+05:30"
50,74,80,32.36,65.4,1633068357851,"2021-10-01T11:35:57+05:30"
49,71,77,32.37,65.14,1633068388478,"2021-10-01T11:36:28+05:30"
50,75,80,32.35,65.25,1633068419130,"2021-10-01T11:36:59+05:30"
49,73,79,32.36,65.11,1633068449737,"2021-10-01T11:37:29+05:30"
50,71,79,32.37,65.38,1633068480319,"2021-10-01T11:38:00+05:30"
54,81,85,32.36,65.55,1633068511110,"2021-10-01T11:38:31+05:30"
64,97,103,32.42,65.8,1633068541765,"2021-10-01T11:39:01+05:30"
73,115,123,32.39,66.09,1633068572278,"2021-10-01T11:39:32+05:30"
74,116,122,32.37,66.61,1633068602866,"2021-10-01T11:40:02+05:30"
69,105,112,32.36,66.81,1633068633431,"2021-10-01T11:40:33+05:30"
56,86,92,32.38,66.16,1633068664318,"2021-10-01T11:41:04+05:30"
53,82,86,32.41,65.45,1633068694587,"2021-10-01T11:41:34+05:30"
55,83,88,32.43,65.88,1633068725189,"2021-10-01T11:42:05+05:30"
57,88,94,32.44,65.22,1633068755759,"2021-10-01T11:42:35+05:30"
58,88,92,32.47,64.52,1633068785637,"2021-10-01T11:43:05+05:30"
64,100,110,32.46,65.15,1633068815729,"2021-10-01T11:43:35+05:30"
64,94,100,32.45,65.65,1633068846369,"2021-10-01T11:44:06+05:30"
70,105,115,32.47,66,1633068877017,"2021-10-01T11:44:37+05:30"
76,116,124,32.46,65.6,1633068907592,"2021-10-01T11:45:07+05:30"
78,120,131,32.41,65.35,1633068938169,"2021-10-01T11:45:38+05:30"
78,122,129,32.37,65.71,1633068968790,"2021-10-01T11:46:08+05:30"
74,113,120,32.36,65.98,1633068999343,"2021-10-01T11:46:39+05:30"
89,142,154,32.42,66.72,1633069029923,"2021-10-01T11:47:09+05:30"
74,117,124,32.45,66.63,1633069060495,"2021-10-01T11:47:40+05:30"
71,115,125,32.48,66.46,1633069091065,"2021-10-01T11:48:11+05:30"
67,103,109,32.5,66.15,1633069121674,"2021-10-01T11:48:41+05:30"
65,97,103,32.54,66.01,1633069152249,"2021-10-01T11:49:12+05:30"
71,109,119,32.53,66.13,1633069183138,"2021-10-01T11:49:43+05:30"
77,118,130,32.56,66.37,1633069213391,"2021-10-01T11:50:13+05:30"
76,119,130,32.51,66.39,1633069243994,"2021-10-01T11:50:43+05:30"
83,129,141,32.5,66.34,1633069274588,"2021-10-01T11:51:14+05:30"
85,131,142,32.48,66.32,1633069305147,"2021-10-01T11:51:45+05:30"
84,132,144,32.44,66.69,1633069335740,"2021-10-01T11:52:15+05:30"
90,142,158,32.41,67.2,1633069366321,"2021-10-01T11:52:46+05:30"
88,136,144,32.39,66.9,1633069396918,"2021-10-01T11:53:16+05:30"
81,129,143,32.41,66.93,1633069427513,"2021-10-01T11:53:47+05:30"
79,123,133,32.4,66.66,1633069458054,"2021-10-01T11:54:18+05:30"
80,125,136,32.41,66.79,1633069488651,"2021-10-01T11:54:48+05:30"
75,117,124,32.44,66.49,1633069519236,"2021-10-01T11:55:19+05:30"
71,109,114,32.42,66.23,1633069549812,"2021-10-01T11:55:49+05:30"
64,102,111,32.42,65.81,1633069580458,"2021-10-01T11:56:20+05:30"
63,98,106,32.47,65.75,1633069610979,"2021-10-01T11:56:50+05:30"
62,95,101,32.51,65.16,1633069641579,"2021-10-01T11:57:21+05:30"
45,69,77,32.46,62.83,1633069699098,"2021-10-01T11:58:19+05:30"
50,75,82,32.45,63.54,1633069729693,"2021-10-01T11:58:49+05:30"
45,67,75,32.47,63.04,1633069760272,"2021-10-01T11:59:20+05:30"
48,72,78,32.49,64.66,1633069790838,"2021-10-01T11:59:50+05:30"
65,104,112,32.45,65.48,1633069821436,"2021-10-01T12:00:21+05:30"
73,114,128,32.38,66.13,1633069852213,"2021-10-01T12:00:52+05:30"
69,110,121,32.36,66.43,1633069882600,"2021-10-01T12:01:22+05:30"
69,107,118,32.37,66.59,1633069913182,"2021-10-01T12:01:53+05:30"
65,104,112,32.34,66.55,1633069943765,"2021-10-01T12:02:23+05:30"
56,85,92,32.35,65.86,1633069974336,"2021-10-01T12:02:54+05:30"
55,82,89,32.37,65.8,1633070004947,"2021-10-01T12:03:24+05:30"
53,80,89,32.36,65.31,1633070035515,"2021-10-01T12:03:55+05:30"
46,69,75,32.37,64.77,1633070066084,"2021-10-01T12:04:26+05:30"
42,61,72,32.39,64.21,1633070096679,"2021-10-01T12:04:56+05:30"
43,65,73,32.41,64.5,1633070127243,"2021-10-01T12:05:27+05:30"
46,69,76,32.41,65.07,1633070157804,"2021-10-01T12:05:57+05:30"
44,64,73,32.37,64.73,1633070188417,"2021-10-01T12:06:28+05:30"
46,67,75,32.38,65.1,1633070218984,"2021-10-01T12:06:58+05:30"
46,70,77,32.43,64.86,1633070249553,"2021-10-01T12:07:29+05:30"
53,78,82,32.42,63.48,1633070280148,"2021-10-01T12:08:00+05:30"
48,71,77,32.4,64.04,1633070310708,"2021-10-01T12:08:30+05:30"
49,71,78,32.38,64.36,1633070341282,"2021-10-01T12:09:01+05:30"
50,74,78,32.38,64.96,1633070371895,"2021-10-01T12:09:31+05:30"
52,77,83,32.37,65.34,1633070402468,"2021-10-01T12:10:02+05:30"
51,75,81,32.36,65.31,1633070433059,"2021-10-01T12:10:33+05:30"
50,72,77,32.36,65.41,1633070463626,"2021-10-01T12:11:03+05:30"
47,70,78,32.35,65.62,1633070494207,"2021-10-01T12:11:34+05:30"
48,69,76,32.37,65.73,1633070524789,"2021-10-01T12:12:04+05:30"
52,75,79,32.37,65.69,1633070555397,"2021-10-01T12:12:35+05:30"
53,75,80,32.37,65.58,1633070583461,"2021-10-01T12:13:03+05:30"
51,75,81,32.37,65.59,1633070614008,"2021-10-01T12:13:34+05:30"
51,74,79,32.39,66.01,1633070644636,"2021-10-01T12:14:04+05:30"
49,73,80,32.42,66.46,1633070675506,"2021-10-01T12:14:35+05:30"
52,75,83,32.45,66.33,1633070706066,"2021-10-01T12:15:06+05:30"
52,76,83,32.46,66.21,1633070736426,"2021-10-01T12:15:36+05:30"
53,77,85,32.44,66.03,1633070767001,"2021-10-01T12:16:07+05:30"
55,84,91,32.43,66.32,1633070797810,"2021-10-01T12:16:37+05:30"
61,96,103,32.42,66.37,1633070828172,"2021-10-01T12:17:08+05:30"
68,108,116,32.38,66.36,1633070858985,"2021-10-01T12:17:38+05:30"
68,108,115,32.36,66.69,1633070889459,"2021-10-01T12:18:09+05:30"
65,102,112,32.37,66.97,1633070920031,"2021-10-01T12:18:40+05:30"
66,107,116,32.36,67.01,1633070950783,"2021-10-01T12:19:10+05:30"
65,103,110,32.36,67.13,1633070981248,"2021-10-01T12:19:41+05:30"
61,94,103,32.36,67.12,1633071011802,"2021-10-01T12:20:11+05:30"
62,93,100,32.38,66.12,1633071042376,"2021-10-01T12:20:42+05:30"
66,98,106,32.4,66.26,1633071072971,"2021-10-01T12:21:12+05:30"
59,86,92,32.4,66.09,1633071103573,"2021-10-01T12:21:43+05:30"
57,87,94,32.39,66.36,1633071134223,"2021-10-01T12:22:14+05:30"
64,98,105,32.41,66.9,1633071164698,"2021-10-01T12:22:44+05:30"
69,106,112,32.42,66.8,1633071195355,"2021-10-01T12:23:15+05:30"
70,111,120,32.4,66.93,1633071225945,"2021-10-01T12:23:45+05:30"
82,127,135,32.42,66.9,1633071256454,"2021-10-01T12:24:16+05:30"
77,118,129,32.44,66.57,1633071287034,"2021-10-01T12:24:47+05:30"
74,115,125,32.46,66.6,1633071317627,"2021-10-01T12:25:17+05:30"
67,101,109,32.48,66.04,1633071348488,"2021-10-01T12:25:48+05:30"
64,98,106,32.47,65.61,1633071378901,"2021-10-01T12:26:18+05:30"
66,100,107,32.48,65.77,1633071409472,"2021-10-01T12:26:49+05:30"
57,86,92,32.46,65.32,1633071440074,"2021-10-01T12:27:20+05:30"
55,84,91,32.43,65.86,1633071470636,"2021-10-01T12:27:50+05:30"
53,80,86,32.41,65.91,1633071501208,"2021-10-01T12:28:21+05:30"
50,75,81,32.42,65.46,1633071531306,"2021-10-01T12:28:51+05:30"
50,74,80,32.39,65.48,1633071561868,"2021-10-01T12:29:21+05:30"
56,85,91,32.37,65.21,1633071592469,"2021-10-01T12:29:52+05:30"
51,80,85,32.35,64.54,1633071623061,"2021-10-01T12:30:23+05:30"
41,59,71,32.36,62.76,1633071653634,"2021-10-01T12:30:53+05:30"
39,58,70,32.38,63.37,1633071684197,"2021-10-01T12:31:24+05:30"
44,66,74,32.37,64.75,1633071714808,"2021-10-01T12:31:54+05:30"
43,63,72,32.38,64.65,1633071745415,"2021-10-01T12:32:25+05:30"
43,61,71,32.38,64.66,1633071776057,"2021-10-01T12:32:56+05:30"
41,58,70,32.38,64.22,1633071806798,"2021-10-01T12:33:26+05:30"
41,61,72,32.38,64.06,1633071837214,"2021-10-01T12:33:57+05:30"
41,58,69,32.36,64.11,1633071867811,"2021-10-01T12:34:27+05:30"
41,57,68,32.35,64.94,1633071898391,"2021-10-01T12:34:58+05:30"
41,60,72,32.34,64.93,1633071928982,"2021-10-01T12:35:28+05:30"
37,56,68,32.32,64.39,1633071959697,"2021-10-01T12:35:59+05:30"
40,60,72,32.32,65.09,1633071990420,"2021-10-01T12:36:30+05:30"
42,63,73,32.29,65.65,1633072020868,"2021-10-01T12:37:00+05:30"
49,74,79,32.29,66.15,1633072051414,"2021-10-01T12:37:31+05:30"
49,73,77,32.28,66.38,1633072082107,"2021-10-01T12:38:02+05:30"
59,91,97,32.28,66.44,1633072112587,"2021-10-01T12:38:32+05:30"
61,93,98,32.27,66.63,1633072143177,"2021-10-01T12:39:03+05:30"
63,95,100,32.24,65.61,1633072173742,"2021-10-01T12:39:33+05:30"
58,84,91,32.25,65.23,1633072204316,"2021-10-01T12:40:04+05:30"
60,89,95,32.27,64.49,1633072234911,"2021-10-01T12:40:34+05:30"
66,97,105,32.27,64.88,1633072265521,"2021-10-01T12:41:05+05:30"
77,118,127,32.31,65.31,1633072296105,"2021-10-01T12:41:36+05:30"
103,166,183,32.31,64.71,1633072326659,"2021-10-01T12:42:06+05:30"
95,153,169,32.33,65.48,1633072357251,"2021-10-01T12:42:37+05:30"
91,145,160,32.32,65.56,1633072381580,"2021-10-01T12:43:01+05:30"
82,126,138,32.31,66.03,1633072412151,"2021-10-01T12:43:32+05:30"
76,120,129,32.32,65.69,1633072443080,"2021-10-01T12:44:03+05:30"
76,122,136,32.35,65.61,1633072473303,"2021-10-01T12:44:33+05:30"
77,121,134,32.38,65.25,1633072503899,"2021-10-01T12:45:03+05:30"
75,118,125,32.4,64.23,1633072534474,"2021-10-01T12:45:34+05:30"
80,127,138,32.41,64.37,1633072565046,"2021-10-01T12:46:05+05:30"
92,147,160,32.41,64.33,1633072595634,"2021-10-01T12:46:35+05:30"
88,140,153,32.41,64.63,1633072626216,"2021-10-01T12:47:06+05:30"
82,126,134,32.42,64.93,1633072656775,"2021-10-01T12:47:36+05:30"
107,168,181,32.42,64.71,1633072687380,"2021-10-01T12:48:07+05:30"
110,179,194,32.43,64.66,1633072717955,"2021-10-01T12:48:37+05:30"
109,177,189,32.41,64.8,1633072748568,"2021-10-01T12:49:08+05:30"
95,155,166,32.41,65.02,1633072779143,"2021-10-01T12:49:39+05:30"
116,190,205,32.4,64.87,1633072809712,"2021-10-01T12:50:09+05:30"
117,189,210,32.41,65.27,1633072840304,"2021-10-01T12:50:40+05:30"
81,131,141,32.41,65.05,1633072870882,"2021-10-01T12:51:10+05:30"
85,135,147,32.42,62.24,1633072901474,"2021-10-01T12:51:41+05:30"
82,134,143,32.47,60.01,1633072932038,"2021-10-01T12:52:12+05:30"
82,133,144,32.51,61.8,1633072962613,"2021-10-01T12:52:42+05:30"
72,115,123,32.52,61.99,1633072993283,"2021-10-01T12:53:13+05:30"
76,121,128,32.54,61.9,1633073023830,"2021-10-01T12:53:43+05:30"
86,136,146,32.54,62.45,1633073054383,"2021-10-01T12:54:14+05:30"
110,180,195,32.53,62.44,1633073084945,"2021-10-01T12:54:44+05:30"
107,175,191,32.5,62.98,1633073115547,"2021-10-01T12:55:15+05:30"
137,230,249,32.48,63.5,1633073146145,"2021-10-01T12:55:46+05:30"
104,173,189,32.44,64.33,1633073176783,"2021-10-01T12:56:16+05:30"
112,183,202,32.41,64.37,1633073207354,"2021-10-01T12:56:47+05:30"
120,190,210,32.39,64.49,1633073237955,"2021-10-01T12:57:17+05:30"
101,167,187,32.39,64.61,1633073268554,"2021-10-01T12:57:48+05:30"
96,152,165,32.41,64.23,1633073302861,"2021-10-01T12:58:22+05:30"
92,148,164,32.42,64.43,1633073333540,"2021-10-01T12:58:53+05:30"
101,168,183,32.41,64.61,1633073364067,"2021-10-01T12:59:24+05:30"
103,165,180,32.39,64.66,1633073394700,"2021-10-01T12:59:54+05:30"
94,149,159,32.37,64.26,1633073425269,"2021-10-01T13:00:25+05:30"
104,173,193,32.4,63.13,1633073455838,"2021-10-01T13:00:55+05:30"
113,188,212,32.44,62.63,1633073486414,"2021-10-01T13:01:26+05:30"
126,215,232,32.44,62.8,1633073517005,"2021-10-01T13:01:57+05:30"
108,177,190,32.45,63.24,1633073547610,"2021-10-01T13:02:27+05:30"
49,71,77,30.47,71.97,1633086678532,"2021-10-01T16:41:18+05:30"
43,64,72,30.62,71.91,1633086697124,"2021-10-01T16:41:37+05:30"
43,65,74,30.78,71.58,1633086727852,"2021-10-01T16:42:07+05:30"
45,68,75,30.93,71.26,1633086758417,"2021-10-01T16:42:38+05:30"
44,66,74,31.05,71,1633086788984,"2021-10-01T16:43:08+05:30"
45,67,75,31.15,70.85,1633086819604,"2021-10-01T16:43:39+05:30"
45,69,77,31.23,70.66,1633086850173,"2021-10-01T16:44:10+05:30"
45,69,77,31.31,70.42,1633086880742,"2021-10-01T16:44:40+05:30"
46,71,77,31.35,70.38,1633086911301,"2021-10-01T16:45:11+05:30"
48,74,80,31.39,70.52,1633086941874,"2021-10-01T16:45:41+05:30"
49,72,79,31.43,70.49,1633086972471,"2021-10-01T16:46:12+05:30"
48,72,78,31.46,70.42,1633087003080,"2021-10-01T16:46:43+05:30"
47,70,78,31.48,70.38,1633087033602,"2021-10-01T16:47:13+05:30"
49,75,82,31.47,70.72,1633087064183,"2021-10-01T16:47:44+05:30"
48,74,79,31.47,70.87,1633087094745,"2021-10-01T16:48:14+05:30"
50,76,82,31.49,71.07,1633087125367,"2021-10-01T16:48:45+05:30"
51,75,82,31.54,71.06,1633087155946,"2021-10-01T16:49:15+05:30"
51,77,82,31.58,71.09,1633087186515,"2021-10-01T16:49:46+05:30"
48,73,80,31.59,71.06,1633087217079,"2021-10-01T16:50:17+05:30"
51,75,79,31.62,71.37,1633087247686,"2021-10-01T16:50:47+05:30"
51,75,79,31.63,71.19,1633087278280,"2021-10-01T16:51:18+05:30"
50,77,82,31.64,70.99,1633087308859,"2021-10-01T16:51:48+05:30"
51,77,82,31.65,71.11,1633087339408,"2021-10-01T16:52:19+05:30"
50,76,81,31.65,70.65,1633087370043,"2021-10-01T16:52:50+05:30"
54,83,87,31.69,70.71,1633087400724,"2021-10-01T16:53:20+05:30"
58,87,93,31.7,70.76,1633087431271,"2021-10-01T16:53:51+05:30"
53,81,86,31.69,70.34,1633087461852,"2021-10-01T16:54:21+05:30"
65,100,104,31.66,70.01,1633087492452,"2021-10-01T16:54:52+05:30"
101,150,161,31.67,70.31,1633087523031,"2021-10-01T16:55:23+05:30"
101,147,158,31.67,70.46,1633087553639,"2021-10-01T16:55:53+05:30"
88,127,137,31.68,70.38,1633087580370,"2021-10-01T16:56:20+05:30"
83,123,129,31.68,70.57,1633087610920,"2021-10-01T16:56:50+05:30"
75,111,118,31.67,70.61,1633087641516,"2021-10-01T16:57:21+05:30"
70,106,111,31.67,70.68,1633087672113,"2021-10-01T16:57:52+05:30"
63,93,99,31.7,69.65,1633087702683,"2021-10-01T16:58:22+05:30"
60,88,92,31.74,69.88,1633087733247,"2021-10-01T16:58:53+05:30"
54,80,85,31.71,69.7,1633087763848,"2021-10-01T16:59:23+05:30"
56,81,86,31.7,70.08,1633087794441,"2021-10-01T16:59:54+05:30"
58,84,89,31.67,69.91,1633087825005,"2021-10-01T17:00:25+05:30"
55,83,89,31.68,69.49,1633087855577,"2021-10-01T17:00:55+05:30"
53,77,82,31.73,68.19,1633087886504,"2021-10-01T17:01:26+05:30"
53,75,81,31.76,68.07,1633087916783,"2021-10-01T17:01:56+05:30"
50,73,76,31.81,67.98,1633087947340,"2021-10-01T17:02:27+05:30"
49,72,77,31.81,68.02,1633087977902,"2021-10-01T17:02:57+05:30"
49,71,77,31.82,67.97,1633088008499,"2021-10-01T17:03:28+05:30"
47,69,76,31.86,68.21,1633088039090,"2021-10-01T17:03:59+05:30"
47,66,74,31.87,66.72,1633088069786,"2021-10-01T17:04:29+05:30"
45,64,73,31.84,66.41,1633088100320,"2021-10-01T17:05:00+05:30"
44,65,74,31.86,66.59,1633088130906,"2021-10-01T17:05:30+05:30"
46,66,74,31.86,66.62,1633088161467,"2021-10-01T17:06:01+05:30"
46,67,74,31.84,65.78,1633088192069,"2021-10-01T17:06:32+05:30"
46,70,77,31.85,66.85,1633088222649,"2021-10-01T17:07:02+05:30"
45,67,75,31.85,67.09,1633088253224,"2021-10-01T17:07:33+05:30"
46,66,74,31.86,67.87,1633088284199,"2021-10-01T17:08:04+05:30"
44,64,73,31.85,67.77,1633088314479,"2021-10-01T17:08:34+05:30"
47,66,74,31.81,68.23,1633088345077,"2021-10-01T17:09:05+05:30"
44,67,75,31.84,68.5,1633088375673,"2021-10-01T17:09:35+05:30"
48,71,78,31.84,68.83,1633088406232,"2021-10-01T17:10:06+05:30"
49,74,79,31.84,69.46,1633088436809,"2021-10-01T17:10:36+05:30"
53,79,84,31.87,69.84,1633088467418,"2021-10-01T17:11:07+05:30"
56,79,85,31.87,70.21,1633088498886,"2021-10-01T17:11:38+05:30"
56,82,87,31.85,70.86,1633088529428,"2021-10-01T17:12:09+05:30"
63,93,98,31.88,70.39,1633088560011,"2021-10-01T17:12:40+05:30"
85,127,134,31.89,70.18,1633088590625,"2021-10-01T17:13:10+05:30"
90,136,141,31.89,70.25,1633088621225,"2021-10-01T17:13:41+05:30"
90,137,144,31.87,70.54,1633088651793,"2021-10-01T17:14:11+05:30"
86,128,137,31.86,70.71,1633088682446,"2021-10-01T17:14:42+05:30"
80,119,126,31.86,70.74,1633088712979,"2021-10-01T17:15:12+05:30"
75,112,117,31.86,70.58,1633088743566,"2021-10-01T17:15:43+05:30"
73,110,117,31.85,70.59,1633088774168,"2021-10-01T17:16:14+05:30"
70,104,110,31.81,70.74,1633088804805,"2021-10-01T17:16:44+05:30"
65,96,102,31.8,70.51,1633088835326,"2021-10-01T17:17:15+05:30"
64,99,104,31.79,70.67,1633088865919,"2021-10-01T17:17:45+05:30"
64,95,101,31.78,70.93,1633088896510,"2021-10-01T17:18:16+05:30"
67,102,106,31.78,71.12,1633088927092,"2021-10-01T17:18:47+05:30"
64,99,103,31.82,70.85,1633088957666,"2021-10-01T17:19:17+05:30"
65,96,101,31.84,70.92,1633088988218,"2021-10-01T17:19:48+05:30"
66,97,101,31.89,70.76,1633089018826,"2021-10-01T17:20:18+05:30"
65,92,97,31.88,70.7,1633089049424,"2021-10-01T17:20:49+05:30"
63,93,103,31.88,70.85,1633089079989,"2021-10-01T17:21:19+05:30"
63,94,101,31.86,71.09,1633089110569,"2021-10-01T17:21:50+05:30"
73,107,116,31.86,71.34,1633089141304,"2021-10-01T17:22:21+05:30"
71,104,111,31.92,71.16,1633089171753,"2021-10-01T17:22:51+05:30"
72,106,112,31.93,71.11,1633089202317,"2021-10-01T17:23:22+05:30"
67,100,108,31.99,70.97,1633089232895,"2021-10-01T17:23:52+05:30"
68,102,106,31.97,70.68,1633089263512,"2021-10-01T17:24:23+05:30"
68,101,106,31.98,71.29,1633089294085,"2021-10-01T17:24:54+05:30"
67,100,107,31.94,71.02,1633089324648,"2021-10-01T17:25:24+05:30"
66,98,104,31.95,71.29,1633089355289,"2021-10-01T17:25:55+05:30"
73,108,117,31.94,71.46,1633089379096,"2021-10-01T17:26:19+05:30"
70,103,110,31.95,71.57,1633089409205,"2021-10-01T17:26:49+05:30"
66,101,106,31.93,71.57,1633089439777,"2021-10-01T17:27:19+05:30"
65,99,106,31.93,71.56,1633089470340,"2021-10-01T17:27:50+05:30"
71,104,111,31.91,71.7,1633089501016,"2021-10-01T17:28:21+05:30"
70,104,114,31.92,71.63,1633089531620,"2021-10-01T17:28:51+05:30"
66,99,107,31.96,71.52,1633089562197,"2021-10-01T17:29:22+05:30"
66,99,105,31.96,71.49,1633089592781,"2021-10-01T17:29:52+05:30"
65,99,104,31.95,71.54,1633089623376,"2021-10-01T17:30:23+05:30"
64,95,103,31.92,71.73,1633089653998,"2021-10-01T17:30:53+05:30"
64,96,104,31.92,71.71,1633089684523,"2021-10-01T17:31:24+05:30"
64,96,102,31.92,71.83,1633089715109,"2021-10-01T17:31:55+05:30"
70,99,105,31.96,71.7,1633089745675,"2021-10-01T17:32:25+05:30"
77,109,117,31.99,71.67,1633089776259,"2021-10-01T17:32:56+05:30"
71,100,107,32.01,71.06,1633089806852,"2021-10-01T17:33:26+05:30"
76,113,125,31.98,71.45,1633089837526,"2021-10-01T17:33:57+05:30"
90,141,159,32,71.21,1633089868043,"2021-10-01T17:34:28+05:30"
87,133,145,31.99,71.2,1633089898580,"2021-10-01T17:34:58+05:30"
87,133,147,31.98,71.12,1633089929189,"2021-10-01T17:35:29+05:30"
83,125,137,31.95,70.62,1633089959787,"2021-10-01T17:35:59+05:30"
85,133,146,31.92,70.55,1633089990353,"2021-10-01T17:36:30+05:30"
79,128,142,31.91,70.57,1633090020906,"2021-10-01T17:37:00+05:30"
82,126,138,31.92,70.37,1633090051797,"2021-10-01T17:37:31+05:30"
81,126,137,31.94,70.41,1633090082137,"2021-10-01T17:38:02+05:30"
70,108,120,31.92,70.12,1633090112699,"2021-10-01T17:38:32+05:30"
72,111,125,31.92,70.22,1633090143247,"2021-10-01T17:39:03+05:30"
65,100,109,31.9,70,1633090173852,"2021-10-01T17:39:33+05:30"
65,99,108,31.91,70.24,1633090204524,"2021-10-01T17:40:04+05:30"
62,95,104,31.9,69.89,1633090235127,"2021-10-01T17:40:35+05:30"
64,97,104,31.9,69.37,1633090265680,"2021-10-01T17:41:05+05:30"
59,90,98,31.9,69.56,1633090299068,"2021-10-01T17:41:39+05:30"
64,97,105,31.96,70,1633090329651,"2021-10-01T17:42:09+05:30"
65,97,103,31.99,69.48,1633090360249,"2021-10-01T17:42:40+05:30"
56,85,93,31.92,69.87,1633090390810,"2021-10-01T17:43:10+05:30"
56,87,94,31.89,70.1,1633090421372,"2021-10-01T17:43:41+05:30"
56,86,95,31.85,70.35,1633090452004,"2021-10-01T17:44:12+05:30"
55,85,92,31.83,70.6,1633090482597,"2021-10-01T17:44:42+05:30"
55,87,99,31.82,70.75,1633090513146,"2021-10-01T17:45:13+05:30"
55,89,100,31.84,70.69,1633090543703,"2021-10-01T17:45:43+05:30"
52,82,89,31.82,70.76,1633090574357,"2021-10-01T17:46:14+05:30"
54,82,89,31.79,70.83,1633090604914,"2021-10-01T17:46:44+05:30"
50,79,87,31.75,71.21,1633090635667,"2021-10-01T17:47:15+05:30"
50,80,87,31.76,71.05,1633090656130,"2021-10-01T17:47:36+05:30"
50,76,82,31.8,71.27,1633090686869,"2021-10-01T17:48:06+05:30"
61,87,94,31.85,71.05,1633090717446,"2021-10-01T17:48:37+05:30"
59,86,93,31.93,71.06,1633090748042,"2021-10-01T17:49:08+05:30"
55,81,91,31.94,70.95,1633090778645,"2021-10-01T17:49:38+05:30"
55,82,91,31.98,70.69,1633090809219,"2021-10-01T17:50:09+05:30"
52,77,82,31.97,70.3,1633090839827,"2021-10-01T17:50:39+05:30"
52,77,81,31.98,70.55,1633090870377,"2021-10-01T17:51:10+05:30"
50,72,79,32.03,70.51,1633090900946,"2021-10-01T17:51:40+05:30"
49,74,79,31.99,70.25,1633090931543,"2021-10-01T17:52:11+05:30"
49,73,79,31.97,70.16,1633090962442,"2021-10-01T17:52:42+05:30"
48,71,80,31.93,70.21,1633090995875,"2021-10-01T17:53:15+05:30"
48,71,80,31.93,70.21,1633090996228,"2021-10-01T17:53:16+05:30"
49,70,78,31.92,70.23,1633091023723,"2021-10-01T17:53:43+05:30"
49,72,78,31.9,70.31,1633091054315,"2021-10-01T17:54:14+05:30"
49,73,78,31.86,70.26,1633091084956,"2021-10-01T17:54:44+05:30"
50,74,80,31.89,70.65,1633091115447,"2021-10-01T17:55:15+05:30"
50,74,79,31.93,70.59,1633091146046,"2021-10-01T17:55:46+05:30"
51,76,82,31.9,70.69,1633091179536,"2021-10-01T17:56:19+05:30"
49,75,85,31.88,70.78,1633091210120,"2021-10-01T17:56:50+05:30"
48,72,78,31.85,70.84,1633091240715,"2021-10-01T17:57:20+05:30"
50,72,78,31.86,70.9,1633091271376,"2021-10-01T17:57:51+05:30"
48,71,81,31.86,71.01,1633091301940,"2021-10-01T17:58:21+05:30"
47,72,80,31.91,70.84,1633091332517,"2021-10-01T17:58:52+05:30"
49,73,80,31.92,70.65,1633091363075,"2021-10-01T17:59:23+05:30"
47,72,78,31.92,70.6,1633091393679,"2021-10-01T17:59:53+05:30"
46,67,77,31.89,70.56,1633091424274,"2021-10-01T18:00:24+05:30"
46,68,76,31.86,70.65,1633091454851,"2021-10-01T18:00:54+05:30"
48,70,77,31.88,70.73,1633091485424,"2021-10-01T18:01:25+05:30"
45,70,78,31.9,70.76,1633091516016,"2021-10-01T18:01:56+05:30"
45,70,77,31.91,70.58,1633091546596,"2021-10-01T18:02:26+05:30"
45,67,76,31.88,70.59,1633091577179,"2021-10-01T18:02:57+05:30"
45,69,77,31.89,70.69,1633091607740,"2021-10-01T18:03:27+05:30"
48,73,80,31.85,70.9,1633091638356,"2021-10-01T18:03:58+05:30"
48,73,78,31.89,70.86,1633091668929,"2021-10-01T18:04:28+05:30"
47,72,78,31.92,70.7,1633091699492,"2021-10-01T18:04:59+05:30"
47,71,79,31.92,70.88,1633091730077,"2021-10-01T18:05:30+05:30"
44,68,76,31.91,70.89,1633091760668,"2021-10-01T18:06:00+05:30"
52,76,84,31.93,70.87,1633091791290,"2021-10-01T18:06:31+05:30"
52,79,85,31.93,70.7,1633091821831,"2021-10-01T18:07:01+05:30"
47,71,77,31.94,70.1,1633091852418,"2021-10-01T18:07:32+05:30"
48,73,79,31.94,69.71,1633091882999,"2021-10-01T18:08:02+05:30"
47,70,77,31.99,69.82,1633091913595,"2021-10-01T18:08:33+05:30"
49,73,79,32.01,69.39,1633091944183,"2021-10-01T18:09:04+05:30"
47,70,76,32.01,68.93,1633091974772,"2021-10-01T18:09:34+05:30"
49,73,80,31.95,68.86,1633092005338,"2021-10-01T18:10:05+05:30"
49,71,77,31.93,69.04,1633092035915,"2021-10-01T18:10:35+05:30"
49,73,78,31.9,68.9,1633092066503,"2021-10-01T18:11:06+05:30"
49,73,78,31.87,69.07,1633092099264,"2021-10-01T18:11:39+05:30"
47,72,79,31.89,69.04,1633092129310,"2021-10-01T18:12:09+05:30"
48,71,78,31.93,68.95,1633092159911,"2021-10-01T18:12:39+05:30"
49,74,79,31.94,69.1,1633092190494,"2021-10-01T18:13:10+05:30"
48,72,78,31.94,69,1633092221046,"2021-10-01T18:13:41+05:30"
47,71,79,31.92,68.95,1633092251645,"2021-10-01T18:14:11+05:30"
47,71,77,31.9,68.78,1633092282233,"2021-10-01T18:14:42+05:30"
48,72,79,31.88,69.11,1633092313060,"2021-10-01T18:15:13+05:30"
46,72,79,31.9,69.16,1633092343390,"2021-10-01T18:15:43+05:30"
47,66,74,31.91,69.03,1633092373972,"2021-10-01T18:16:13+05:30"
48,72,78,31.93,68.76,1633092404580,"2021-10-01T18:16:44+05:30"
46,69,77,31.91,68.8,1633092435134,"2021-10-01T18:17:15+05:30"
47,71,78,31.91,68.84,1633092465715,"2021-10-01T18:17:45+05:30"
46,69,75,31.91,68.79,1633092496314,"2021-10-01T18:18:16+05:30"
45,67,76,31.9,68.87,1633092526899,"2021-10-01T18:18:46+05:30"
47,69,77,31.9,69.22,1633092557608,"2021-10-01T18:19:17+05:30"
49,72,77,31.91,69.39,1633092588046,"2021-10-01T18:19:48+05:30"
47,69,76,31.93,69.13,1633092618635,"2021-10-01T18:20:18+05:30"
46,68,76,31.91,69.1,1633092649225,"2021-10-01T18:20:49+05:30"
54,81,83,31.91,69.58,1633092680202,"2021-10-01T18:21:20+05:30"
56,82,85,31.94,69.8,1633092710391,"2021-10-01T18:21:50+05:30"
58,88,94,31.99,69.86,1633092740970,"2021-10-01T18:22:20+05:30"
52,78,82,31.96,69.72,1633092771562,"2021-10-01T18:22:51+05:30"
48,73,78,31.91,69.66,1633092802237,"2021-10-01T18:23:22+05:30"
48,72,77,31.9,69.74,1633092832802,"2021-10-01T18:23:52+05:30"
49,77,80,31.96,70.05,1633092863405,"2021-10-01T18:24:23+05:30"
50,73,77,31.99,69.89,1633092893977,"2021-10-01T18:24:53+05:30"
50,74,79,31.97,69.73,1633092924578,"2021-10-01T18:25:24+05:30"
54,82,87,31.97,69.93,1633092955169,"2021-10-01T18:25:55+05:30"
52,79,84,32.03,69.88,1633093009258,"2021-10-01T18:26:49+05:30"
53,82,87,32,69.88,1633093039485,"2021-10-01T18:27:19+05:30"
55,84,90,31.98,69.66,1633093069980,"2021-10-01T18:27:49+05:30"
59,93,100,31.96,70.04,1633093100448,"2021-10-01T18:28:20+05:30"
66,103,107,31.94,69.22,1633093131023,"2021-10-01T18:28:51+05:30"
66,98,101,31.9,69.45,1633093161649,"2021-10-01T18:29:21+05:30"
67,103,110,31.85,69.46,1633093192402,"2021-10-01T18:29:52+05:30"
67,104,109,31.81,69.62,1633093222792,"2021-10-01T18:30:22+05:30"
65,100,107,31.82,69.8,1633093253355,"2021-10-01T18:30:53+05:30"
70,109,116,31.87,69.65,1633093283975,"2021-10-01T18:31:23+05:30"
79,125,132,31.85,69.58,1633093314507,"2021-10-01T18:31:54+05:30"
76,117,126,31.8,69.6,1633093345250,"2021-10-01T18:32:25+05:30"
79,124,134,31.78,69.81,1633093375725,"2021-10-01T18:32:55+05:30"
89,146,158,31.74,70.06,1633093406229,"2021-10-01T18:33:26+05:30"
81,129,137,31.71,70.21,1633093436835,"2021-10-01T18:33:56+05:30"
99,159,177,31.71,70.16,1633093467421,"2021-10-01T18:34:27+05:30"
89,144,157,31.74,70.44,1633093498013,"2021-10-01T18:34:58+05:30"
79,126,138,31.72,70.5,1633093533121,"2021-10-01T18:35:33+05:30"
88,144,163,31.75,70.45,1633093559166,"2021-10-01T18:35:59+05:30"
87,140,149,31.76,70.44,1633093589757,"2021-10-01T18:36:29+05:30"
111,173,187,31.74,70.25,1633093620335,"2021-10-01T18:37:00+05:30"
133,197,211,31.69,70.39,1633093650894,"2021-10-01T18:37:30+05:30"
130,204,225,31.66,70.69,1633093681554,"2021-10-01T18:38:01+05:30"
121,186,200,31.66,70.77,1633093712188,"2021-10-01T18:38:32+05:30"
104,160,174,31.66,70.79,1633093742772,"2021-10-01T18:39:02+05:30"
105,163,177,31.63,70.92,1633093773340,"2021-10-01T18:39:33+05:30"
117,187,202,31.64,70.7,1633093804020,"2021-10-01T18:40:04+05:30"
143,236,255,31.65,70.63,1633093834549,"2021-10-01T18:40:34+05:30"
135,217,232,31.63,71.12,1633093865097,"2021-10-01T18:41:05+05:30"
124,202,219,31.63,71.13,1633093891649,"2021-10-01T18:41:31+05:30"
133,218,243,31.63,71.31,1633093922397,"2021-10-01T18:42:02+05:30"
131,218,237,31.61,71.19,1633093952773,"2021-10-01T18:42:32+05:30"
129,214,233,31.62,71.71,1633093983650,"2021-10-01T18:43:03+05:30"
111,178,196,31.67,71.7,1633094014227,"2021-10-01T18:43:34+05:30"
106,167,183,31.71,71.75,1633094044835,"2021-10-01T18:44:04+05:30"
150,245,267,31.71,71.86,1633094075409,"2021-10-01T18:44:35+05:30"
129,206,225,31.69,71.9,1633094106018,"2021-10-01T18:45:06+05:30"
108,170,192,31.67,72.04,1633094136608,"2021-10-01T18:45:36+05:30"
148,252,279,31.65,71.81,1633094167194,"2021-10-01T18:46:07+05:30"
115,187,199,31.66,72.23,1633094197852,"2021-10-01T18:46:37+05:30"
104,166,176,31.69,72.03,1633094228382,"2021-10-01T18:47:08+05:30"
94,147,159,31.65,71.88,1633094259128,"2021-10-01T18:47:39+05:30"
89,141,154,31.62,71.8,1633094289592,"2021-10-01T18:48:09+05:30"
93,146,157,31.58,71.85,1633094320156,"2021-10-01T18:48:40+05:30"
113,184,202,31.61,72.01,1633094350731,"2021-10-01T18:49:10+05:30"
105,170,184,31.65,71.89,1633094381306,"2021-10-01T18:49:41+05:30"
91,149,162,31.64,71.81,1633094412065,"2021-10-01T18:50:12+05:30"
85,134,147,31.63,72.01,1633094442520,"2021-10-01T18:50:42+05:30"
80,124,135,31.62,72,1633094473064,"2021-10-01T18:51:13+05:30"
89,139,153,31.67,71.93,1633094503634,"2021-10-01T18:51:43+05:30"
95,149,160,31.67,72,1633094534233,"2021-10-01T18:52:14+05:30"
95,151,166,31.63,71.67,1633094564836,"2021-10-01T18:52:44+05:30"
109,177,191,31.62,71.74,1633094595384,"2021-10-01T18:53:15+05:30"
125,206,223,31.61,71.78,1633094625970,"2021-10-01T18:53:45+05:30"
101,158,171,31.63,71.56,1633094656587,"2021-10-01T18:54:16+05:30"
95,147,158,31.61,71.73,1633094687146,"2021-10-01T18:54:47+05:30"
94,148,158,31.57,71.95,1633094717789,"2021-10-01T18:55:17+05:30"
90,145,157,31.56,71.85,1633094748296,"2021-10-01T18:55:48+05:30"
91,144,153,31.52,71.85,1633094779093,"2021-10-01T18:56:19+05:30"
96,159,170,31.49,71.96,1633094809238,"2021-10-01T18:56:49+05:30"
109,171,181,31.49,72.1,1633094839522,"2021-10-01T18:57:19+05:30"
98,158,173,31.53,71.87,1633094869966,"2021-10-01T18:57:49+05:30"
97,153,170,31.55,71.6,1633094900499,"2021-10-01T18:58:20+05:30"
94,148,161,31.58,71.5,1633094931097,"2021-10-01T18:58:51+05:30"
102,169,180,31.6,71.72,1633094961673,"2021-10-01T18:59:21+05:30"
104,176,190,31.64,71.42,1633094992250,"2021-10-01T18:59:52+05:30"
100,160,172,31.66,71.41,1633095022833,"2021-10-01T19:00:22+05:30"
111,179,194,31.66,71.39,1633095053433,"2021-10-01T19:00:53+05:30"
101,158,171,31.66,71.26,1633095084349,"2021-10-01T19:01:24+05:30"
102,169,183,31.65,71.26,1633095114874,"2021-10-01T19:01:54+05:30"
101,163,180,31.65,71.1,1633095145498,"2021-10-01T19:02:25+05:30"
89,140,151,31.64,70.79,1633095176054,"2021-10-01T19:02:56+05:30"
89,142,154,31.62,70.83,1633095206686,"2021-10-01T19:03:26+05:30"
103,167,180,31.6,71.17,1633095237250,"2021-10-01T19:03:57+05:30"
107,172,187,31.61,71.55,1633095267824,"2021-10-01T19:04:27+05:30"
113,181,194,31.64,71.31,1633095298692,"2021-10-01T19:04:58+05:30"
112,182,199,31.66,71.65,1633095328995,"2021-10-01T19:05:28+05:30"
102,168,181,31.71,71.72,1633095359585,"2021-10-01T19:05:59+05:30"
109,176,190,31.75,71.21,1633095390165,"2021-10-01T19:06:30+05:30"
143,239,263,31.76,71.08,1633095420778,"2021-10-01T19:07:00+05:30"
141,237,259,31.84,71.24,1633095451502,"2021-10-01T19:07:31+05:30"
125,204,225,31.88,71.26,1633095481978,"2021-10-01T19:08:01+05:30"
120,198,212,31.91,71.36,1633095512585,"2021-10-01T19:08:32+05:30"
121,197,215,31.93,71.1,1633095543141,"2021-10-01T19:09:03+05:30"
127,203,224,31.88,71.1,1633095573713,"2021-10-01T19:09:33+05:30"
114,186,205,31.87,71.47,1633095604284,"2021-10-01T19:10:04+05:30"
109,174,192,31.92,71.46,1633095634891,"2021-10-01T19:10:34+05:30"
107,171,185,31.93,71.36,1633095665471,"2021-10-01T19:11:05+05:30"
102,163,180,31.94,71.2,1633095692754,"2021-10-01T19:11:32+05:30"
98,156,167,31.91,71.24,1633095722989,"2021-10-01T19:12:02+05:30"
102,161,178,31.87,71.38,1633095753569,"2021-10-01T19:12:33+05:30"
97,153,167,31.88,71.46,1633095784264,"2021-10-01T19:13:04+05:30"
96,152,165,31.91,71.09,1633095814746,"2021-10-01T19:13:34+05:30"
93,146,159,31.89,71.2,1633095845304,"2021-10-01T19:14:05+05:30"
93,145,157,31.85,71.26,1633095875883,"2021-10-01T19:14:35+05:30"
101,161,175,31.74,71.6,1633095906448,"2021-10-01T19:15:06+05:30"
99,158,169,31.69,71.96,1633095937047,"2021-10-01T19:15:37+05:30"
96,155,170,31.67,72.21,1633095967647,"2021-10-01T19:16:07+05:30"
100,159,176,31.7,72.08,1633095998207,"2021-10-01T19:16:38+05:30"
105,169,183,31.63,72.18,1633096028797,"2021-10-01T19:17:08+05:30"
110,176,189,31.6,72.26,1633096059380,"2021-10-01T19:17:39+05:30"
111,181,196,31.64,72.35,1633096090077,"2021-10-01T19:18:10+05:30"
110,174,194,31.68,72.35,1633096120672,"2021-10-01T19:18:40+05:30"
107,176,188,31.7,72.47,1633096151667,"2021-10-01T19:19:11+05:30"
106,171,187,31.69,71.96,1633096181878,"2021-10-01T19:19:41+05:30"
105,171,185,31.64,72.25,1633096212537,"2021-10-01T19:20:12+05:30"
103,168,180,31.63,72.37,1633096243233,"2021-10-01T19:20:43+05:30"
100,159,175,31.64,72.17,1633096273695,"2021-10-01T19:21:13+05:30"
104,164,182,31.59,71.88,1633096304277,"2021-10-01T19:21:44+05:30"
107,169,183,31.64,72.31,1633096334869,"2021-10-01T19:22:14+05:30"
101,160,174,31.7,72.18,1633096365501,"2021-10-01T19:22:45+05:30"
102,163,173,31.74,71.74,1633096396083,"2021-10-01T19:23:16+05:30"
106,162,177,31.75,71.82,1633096426649,"2021-10-01T19:23:46+05:30"
107,165,181,31.75,71.83,1633096457242,"2021-10-01T19:24:17+05:30"
110,172,185,31.73,71.74,1633096487831,"2021-10-01T19:24:47+05:30"
110,171,186,31.71,72.12,1633096518440,"2021-10-01T19:25:18+05:30"
114,176,190,31.72,72.17,1633096549284,"2021-10-01T19:25:49+05:30"
116,182,198,31.71,72.06,1633096579591,"2021-10-01T19:26:19+05:30"
114,182,197,31.74,72.27,1633096609583,"2021-10-01T19:26:49+05:30"
110,171,184,31.74,71.98,1633096639667,"2021-10-01T19:27:19+05:30"
107,168,178,31.75,72.16,1633096670621,"2021-10-01T19:27:50+05:30"
104,159,168,31.78,71.98,1633096700851,"2021-10-01T19:28:20+05:30"
100,156,164,31.78,71.86,1633096731445,"2021-10-01T19:28:51+05:30"
95,147,162,31.74,71.56,1633096762036,"2021-10-01T19:29:22+05:30"
93,147,158,31.72,71.98,1633096792631,"2021-10-01T19:29:52+05:30"
91,140,153,31.72,71.66,1633096823212,"2021-10-01T19:30:23+05:30"
85,133,143,31.72,71.65,1633096853777,"2021-10-01T19:30:53+05:30"
85,133,144,31.72,71.49,1633096884371,"2021-10-01T19:31:24+05:30"
84,128,139,31.67,71.56,1633096915126,"2021-10-01T19:31:55+05:30"
83,124,135,31.7,71.68,1633096945505,"2021-10-01T19:32:25+05:30"
80,118,131,31.72,71.59,1633096976159,"2021-10-01T19:32:56+05:30"
83,128,140,31.73,71.45,1633097006687,"2021-10-01T19:33:26+05:30"
84,128,139,31.73,71.47,1633097037265,"2021-10-01T19:33:57+05:30"
84,130,140,31.71,71.62,1633097067843,"2021-10-01T19:34:27+05:30"
91,144,157,31.7,71.54,1633097098450,"2021-10-01T19:34:58+05:30"
98,157,177,31.66,71.14,1633097129001,"2021-10-01T19:35:29+05:30"
95,150,168,31.64,71.77,1633097159590,"2021-10-01T19:35:59+05:30"
89,140,154,31.62,71.54,1633097190183,"2021-10-01T19:36:30+05:30"
73,111,121,31.61,71.24,1633097220768,"2021-10-01T19:37:00+05:30"
82,126,138,31.63,71.69,1633097251335,"2021-10-01T19:37:31+05:30"
86,134,146,31.69,71.84,1633097281922,"2021-10-01T19:38:01+05:30"
83,131,142,31.7,71.78,1633097312584,"2021-10-01T19:38:32+05:30"
86,137,147,31.75,71.67,1633097343183,"2021-10-01T19:39:03+05:30"
92,148,158,31.83,71.71,1633097373792,"2021-10-01T19:39:33+05:30"
92,144,155,31.86,71.41,1633097404454,"2021-10-01T19:40:04+05:30"
91,144,153,31.87,71.46,1633097434930,"2021-10-01T19:40:34+05:30"
77,118,125,31.81,70.62,1633097466078,"2021-10-01T19:41:06+05:30"
76,116,122,31.8,71.02,1633097516979,"2021-10-01T19:41:56+05:30"
72,111,120,31.81,71.43,1633097547338,"2021-10-01T19:42:27+05:30"
72,113,124,31.83,71.01,1633097577954,"2021-10-01T19:42:57+05:30"
70,107,112,31.81,70.94,1633097608909,"2021-10-01T19:43:28+05:30"
67,100,107,31.8,71.12,1633097639276,"2021-10-01T19:43:59+05:30"
68,103,111,31.85,71.56,1633097669688,"2021-10-01T19:44:29+05:30"
69,104,111,31.89,71.54,1633097700282,"2021-10-01T19:45:00+05:30"
67,101,108,31.87,70.95,1633097730825,"2021-10-01T19:45:30+05:30"
66,99,107,31.85,71.09,1633097761408,"2021-10-01T19:46:01+05:30"
63,97,103,31.86,71.2,1633097792005,"2021-10-01T19:46:32+05:30"
65,98,105,31.82,71.07,1633097822545,"2021-10-01T19:47:02+05:30"
64,99,105,31.82,71.46,1633097853146,"2021-10-01T19:47:33+05:30"
63,96,103,31.8,71.54,1633097883801,"2021-10-01T19:48:03+05:30"
62,95,100,31.79,71.37,1633097914600,"2021-10-01T19:48:34+05:30"
62,92,97,31.77,71.32,1633097944980,"2021-10-01T19:49:04+05:30"
61,93,101,31.74,71.2,1633097975631,"2021-10-01T19:49:35+05:30"
59,85,92,31.75,71.42,1633098006107,"2021-10-01T19:50:06+05:30"
60,90,96,31.81,71.47,1633098036706,"2021-10-01T19:50:36+05:30"
58,86,92,31.82,70.76,1633098067300,"2021-10-01T19:51:07+05:30"
59,86,90,31.81,70.92,1633098098431,"2021-10-01T19:51:38+05:30"
61,91,95,31.81,70.74,1633098128456,"2021-10-01T19:52:08+05:30"
59,90,96,31.83,70.92,1633098159084,"2021-10-01T19:52:39+05:30"
60,90,95,31.81,70.79,1633098189669,"2021-10-01T19:53:09+05:30"
59,91,96,31.76,70.75,1633098220255,"2021-10-01T19:53:40+05:30"
60,88,95,31.79,71.03,1633098250780,"2021-10-01T19:54:10+05:30"
60,87,94,31.84,70.93,1633098281555,"2021-10-01T19:54:41+05:30"
62,91,95,31.8,70.83,1633098312024,"2021-10-01T19:55:12+05:30"
59,87,91,31.77,70.78,1633098342622,"2021-10-01T19:55:42+05:30"
59,91,96,31.75,70.78,1633098373198,"2021-10-01T19:56:13+05:30"
59,88,94,31.74,70.91,1633098402189,"2021-10-01T19:56:42+05:30"
56,85,88,31.76,70.91,1633098432775,"2021-10-01T19:57:12+05:30"
58,87,91,31.82,70.76,1633098463347,"2021-10-01T19:57:43+05:30"
58,86,93,31.83,70.67,1633098493949,"2021-10-01T19:58:13+05:30"
57,87,93,31.85,70.81,1633098524506,"2021-10-01T19:58:44+05:30"
58,88,95,31.92,70.81,1633098555077,"2021-10-01T19:59:15+05:30"
63,94,101,31.88,70.47,1633098585673,"2021-10-01T19:59:45+05:30"
60,89,94,31.93,70.93,1633098616309,"2021-10-01T20:00:16+05:30"
67,99,105,31.97,70.74,1633098646954,"2021-10-01T20:00:46+05:30"
73,106,114,31.97,70.54,1633098677497,"2021-10-01T20:01:17+05:30"
71,108,115,31.95,70.72,1633098708081,"2021-10-01T20:01:48+05:30"
70,103,109,31.94,70.95,1633098738661,"2021-10-01T20:02:18+05:30"
73,105,110,31.9,70.97,1633098769264,"2021-10-01T20:02:49+05:30"
71,106,113,31.89,70.75,1633098799841,"2021-10-01T20:03:19+05:30"
83,123,127,31.9,71.07,1633098830400,"2021-10-01T20:03:50+05:30"
88,126,134,31.95,70.91,1633098861015,"2021-10-01T20:04:21+05:30"
89,130,135,31.94,70.83,1633098891571,"2021-10-01T20:04:51+05:30"
85,124,132,31.9,71.19,1633098922155,"2021-10-01T20:05:22+05:30"
88,130,135,31.92,71.11,1633098952772,"2021-10-01T20:05:52+05:30"
91,138,144,31.92,71.23,1633098983301,"2021-10-01T20:06:23+05:30"
93,138,143,31.95,71.51,1633099013995,"2021-10-01T20:06:53+05:30"
89,132,140,32.01,71.61,1633099044567,"2021-10-01T20:07:24+05:30"
88,128,137,32.04,71.46,1633099075164,"2021-10-01T20:07:55+05:30"
81,121,129,32.01,71.34,1633099105733,"2021-10-01T20:08:25+05:30"
89,131,137,32,71.59,1633099136302,"2021-10-01T20:08:56+05:30"
85,130,139,32.04,71.56,1633099166921,"2021-10-01T20:09:26+05:30"
83,122,129,32.1,71.49,1633099197781,"2021-10-01T20:09:57+05:30"
80,117,125,32.1,71.36,1633099228136,"2021-10-01T20:10:28+05:30"
81,119,125,32.09,71.49,1633099258735,"2021-10-01T20:10:58+05:30"
78,118,126,32.11,71.35,1633099290546,"2021-10-01T20:11:30+05:30"
76,112,123,32.12,71.2,1633099321106,"2021-10-01T20:12:01+05:30"
77,112,117,32.13,71.18,1633099351750,"2021-10-01T20:12:31+05:30"
76,112,121,32.14,70.98,1633099382288,"2021-10-01T20:13:02+05:30"
71,106,113,32.13,70.79,1633099412991,"2021-10-01T20:13:32+05:30"
72,105,114,32.15,71,1633099443516,"2021-10-01T20:14:03+05:30"
69,100,106,32.15,70.66,1633099474118,"2021-10-01T20:14:34+05:30"
72,104,109,32.14,70.63,1633099504739,"2021-10-01T20:15:04+05:30"
73,105,112,32.13,70.48,1633099535286,"2021-10-01T20:15:35+05:30"
68,100,108,32.09,70.11,1633099565854,"2021-10-01T20:16:05+05:30"
65,96,105,32.08,70.24,1633099596446,"2021-10-01T20:16:36+05:30"
66,99,106,32.04,70.06,1633099627051,"2021-10-01T20:17:07+05:30"
67,98,107,32.03,70.19,1633099657621,"2021-10-01T20:17:37+05:30"
66,99,106,32.04,70.14,1633099688259,"2021-10-01T20:18:08+05:30"
66,98,104,32.02,70.22,1633099718784,"2021-10-01T20:18:38+05:30"
64,97,105,32.03,70.05,1633099749573,"2021-10-01T20:19:09+05:30"
66,96,103,32.02,69.85,1633099779948,"2021-10-01T20:19:39+05:30"
64,93,101,32.02,69.81,1633099810488,"2021-10-01T20:20:10+05:30"
61,91,96,32.03,69.55,1633099841055,"2021-10-01T20:20:41+05:30"
63,94,102,32.03,69.7,1633099871668,"2021-10-01T20:21:11+05:30"
62,93,97,32.01,69.43,1633099902247,"2021-10-01T20:21:42+05:30"
61,90,95,32.03,69.34,1633099932825,"2021-10-01T20:22:12+05:30"
61,89,96,32.05,69.36,1633099963471,"2021-10-01T20:22:43+05:30"
59,86,90,32.05,69.21,1633099993982,"2021-10-01T20:23:13+05:30"
58,82,88,32.04,69.22,1633100024578,"2021-10-01T20:23:44+05:30"
62,88,94,31.99,69.24,1633100055154,"2021-10-01T20:24:15+05:30"
58,88,94,31.97,69.4,1633100085711,"2021-10-01T20:24:45+05:30"
61,91,96,31.94,69.26,1633100116674,"2021-10-01T20:25:16+05:30"
62,90,95,31.97,69.49,1633100146965,"2021-10-01T20:25:46+05:30"
61,91,99,31.97,69.49,1633100177552,"2021-10-01T20:26:17+05:30"
60,86,91,31.96,69.52,1633100211733,"2021-10-01T20:26:51+05:30"
63,91,96,31.93,69.47,1633100242109,"2021-10-01T20:27:22+05:30"
65,97,105,31.96,69.53,1633100262902,"2021-10-01T20:27:42+05:30"
63,94,98,31.97,69.39,1633100293230,"2021-10-01T20:28:13+05:30"
64,95,99,31.94,69.26,1633100323829,"2021-10-01T20:28:43+05:30"
62,92,97,31.94,69.4,1633100354410,"2021-10-01T20:29:14+05:30"
68,99,103,31.93,69.15,1633100384977,"2021-10-01T20:29:44+05:30"
70,101,107,31.93,69.4,1633100415693,"2021-10-01T20:30:15+05:30"
71,101,106,31.94,69.35,1633100446302,"2021-10-01T20:30:46+05:30"
71,103,108,31.94,69.23,1633100477037,"2021-10-01T20:31:17+05:30"
67,102,106,31.9,69.1,1633100507420,"2021-10-01T20:31:47+05:30"
66,99,106,31.86,69.15,1633100537986,"2021-10-01T20:32:17+05:30"
63,95,100,31.86,69.1,1633100568548,"2021-10-01T20:32:48+05:30"
60,88,92,31.85,68.98,1633100599124,"2021-10-01T20:33:19+05:30"
60,86,92,31.85,68.91,1633100629737,"2021-10-01T20:33:49+05:30"
57,82,84,31.86,69.04,1633100660308,"2021-10-01T20:34:20+05:30"
55,83,88,31.89,68.85,1633100690882,"2021-10-01T20:34:50+05:30"
57,82,86,31.88,68.96,1633100721437,"2021-10-01T20:35:21+05:30"
54,77,83,31.89,69.08,1633100752037,"2021-10-01T20:35:52+05:30"
56,85,92,31.91,69.12,1633100782661,"2021-10-01T20:36:22+05:30"
55,82,89,31.88,69.29,1633100813221,"2021-10-01T20:36:53+05:30"
54,79,84,31.91,69.25,1633100843778,"2021-10-01T20:37:23+05:30"
55,80,85,31.88,69.29,1633100874370,"2021-10-01T20:37:54+05:30"
53,79,83,31.89,69.2,1633100904976,"2021-10-01T20:38:24+05:30"
54,80,85,31.86,69.34,1633100935553,"2021-10-01T20:38:55+05:30"
54,82,87,31.83,69.56,1633100966128,"2021-10-01T20:39:26+05:30"
53,80,88,31.83,69.69,1633100996865,"2021-10-01T20:39:56+05:30"
53,78,83,31.88,69.6,1633101027341,"2021-10-01T20:40:27+05:30"
52,76,81,31.89,69.52,1633101058017,"2021-10-01T20:40:58+05:30"
52,74,79,31.89,69.31,1633101093468,"2021-10-01T20:41:33+05:30"
52,74,80,31.83,69.11,1633101123669,"2021-10-01T20:42:03+05:30"
52,76,81,31.76,69.17,1633101154224,"2021-10-01T20:42:34+05:30"
56,83,87,31.75,69.64,1633101184821,"2021-10-01T20:43:04+05:30"
56,82,86,31.76,69.49,1633101215424,"2021-10-01T20:43:35+05:30"
54,80,85,31.82,69.61,1633101245994,"2021-10-01T20:44:05+05:30"
54,80,86,31.81,69.67,1633101276577,"2021-10-01T20:44:36+05:30"
51,79,85,31.8,69.61,1633101307153,"2021-10-01T20:45:07+05:30"
53,76,83,31.83,69.62,1633101337762,"2021-10-01T20:45:37+05:30"
51,77,80,31.88,69.5,1633101368328,"2021-10-01T20:46:08+05:30"
49,72,77,31.89,69.36,1633101398898,"2021-10-01T20:46:38+05:30"
52,76,82,31.88,69.32,1633101429557,"2021-10-01T20:47:09+05:30"
54,79,85,31.84,69.31,1633101460077,"2021-10-01T20:47:40+05:30"
55,85,89,31.76,69.59,1633101490676,"2021-10-01T20:48:10+05:30"
54,82,87,31.74,69.69,1633101521223,"2021-10-01T20:48:41+05:30"
54,77,84,31.72,69.66,1633101551814,"2021-10-01T20:49:11+05:30"
54,81,87,31.72,69.6,1633101582411,"2021-10-01T20:49:42+05:30"
57,83,89,31.76,69.71,1633101613116,"2021-10-01T20:50:13+05:30"
57,83,88,31.77,69.34,1633101643773,"2021-10-01T20:50:43+05:30"
55,81,87,31.79,69.13,1633101674477,"2021-10-01T20:51:14+05:30"
59,89,95,31.77,68.79,1633101705237,"2021-10-01T20:51:45+05:30"
69,107,115,31.74,68.86,1633101735908,"2021-10-01T20:52:15+05:30"
79,120,131,31.67,69.1,1633101756499,"2021-10-01T20:52:36+05:30"
79,118,126,31.59,69.43,1633101787215,"2021-10-01T20:53:07+05:30"
77,116,124,31.52,69.42,1633101817766,"2021-10-01T20:53:37+05:30"
80,118,124,31.51,69.84,1633101848367,"2021-10-01T20:54:08+05:30"
79,119,128,31.57,69.86,1633101878940,"2021-10-01T20:54:38+05:30"
82,121,127,31.58,69.82,1633101909529,"2021-10-01T20:55:09+05:30"
86,128,137,31.55,69.7,1633101940095,"2021-10-01T20:55:40+05:30"
76,112,117,31.53,69.89,1633101970690,"2021-10-01T20:56:10+05:30"
73,106,113,31.56,69.88,1633102000577,"2021-10-01T20:56:40+05:30"
74,112,117,31.57,69.87,1633102030842,"2021-10-01T20:57:10+05:30"
72,108,115,31.57,69.52,1633102061472,"2021-10-01T20:57:41+05:30"
69,104,109,31.55,70.22,1633102092007,"2021-10-01T20:58:12+05:30"
78,116,123,31.56,70.39,1633102122675,"2021-10-01T20:58:42+05:30"
80,115,121,31.61,70.8,1633102153434,"2021-10-01T20:59:13+05:30"
79,116,123,31.72,70.44,1633102184225,"2021-10-01T20:59:44+05:30"
73,106,112,31.8,70.43,1633102214821,"2021-10-01T21:00:14+05:30"
72,107,113,31.81,69.91,1633102245394,"2021-10-01T21:00:45+05:30"
69,99,103,31.78,69.7,1633102275998,"2021-10-01T21:01:15+05:30"
71,103,112,31.7,69.98,1633102306835,"2021-10-01T21:01:46+05:30"
71,104,111,31.67,70.4,1633102337353,"2021-10-01T21:02:17+05:30"
75,111,119,31.65,70.3,1633102367845,"2021-10-01T21:02:47+05:30"
82,121,129,31.57,70.23,1633102398328,"2021-10-01T21:03:18+05:30"
72,106,110,31.56,70.21,1633102428919,"2021-10-01T21:03:48+05:30"
75,109,115,31.63,70.69,1633102459577,"2021-10-01T21:04:19+05:30"
85,128,136,31.59,69.93,1633102490087,"2021-10-01T21:04:50+05:30"
75,111,117,31.56,70.3,1633102520922,"2021-10-01T21:05:20+05:30"
68,96,100,31.62,69.99,1633102551549,"2021-10-01T21:05:51+05:30"
68,97,101,31.59,69.44,1633102582086,"2021-10-01T21:06:22+05:30"
64,93,98,31.57,69.77,1633102612651,"2021-10-01T21:06:52+05:30"
62,90,94,31.58,69.39,1633102643261,"2021-10-01T21:07:23+05:30"
65,95,101,31.56,69.5,1633102673958,"2021-10-01T21:07:53+05:30"
67,98,103,31.59,69.88,1633102704403,"2021-10-01T21:08:24+05:30"
64,92,96,31.69,69.82,1633102734981,"2021-10-01T21:08:54+05:30"
64,90,94,31.76,69.4,1633102765578,"2021-10-01T21:09:25+05:30"
64,93,98,31.81,69.17,1633102796163,"2021-10-01T21:09:56+05:30"
65,95,101,31.75,68.96,1633102826747,"2021-10-01T21:10:26+05:30"
65,96,101,31.71,69.19,1633102857324,"2021-10-01T21:10:57+05:30"
64,91,96,31.73,69.44,1633102893076,"2021-10-01T21:11:33+05:30"
67,97,104,31.77,69.53,1633102922934,"2021-10-01T21:12:02+05:30"
76,111,116,31.73,69.57,1633102953491,"2021-10-01T21:12:33+05:30"
119,176,181,31.67,69.85,1633102984087,"2021-10-01T21:13:04+05:30"
117,172,184,31.65,70.1,1633103014749,"2021-10-01T21:13:34+05:30"
128,188,201,31.65,70.17,1633103045270,"2021-10-01T21:14:05+05:30"
133,195,205,31.65,70.23,1633103075860,"2021-10-01T21:14:35+05:30"
116,169,177,31.67,70.3,1633103106503,"2021-10-01T21:15:06+05:30"
104,153,163,31.74,70.03,1633103137036,"2021-10-01T21:15:37+05:30"
93,136,143,31.77,69.81,1633103167661,"2021-10-01T21:16:07+05:30"
89,130,140,31.76,69.53,1633103198213,"2021-10-01T21:16:38+05:30"
82,120,125,31.72,69.6,1633103228872,"2021-10-01T21:17:08+05:30"
82,119,126,31.71,69.96,1633103259410,"2021-10-01T21:17:39+05:30"
88,126,133,31.73,69.99,1633103290019,"2021-10-01T21:18:10+05:30"
79,115,119,31.75,69.9,1633103320605,"2021-10-01T21:18:40+05:30"
76,111,119,31.77,69.76,1633103351201,"2021-10-01T21:19:11+05:30"
79,113,121,31.77,69.47,1633103381787,"2021-10-01T21:19:41+05:30"
70,105,110,31.71,69.27,1633103412414,"2021-10-01T21:20:12+05:30"
69,101,108,31.72,69.84,1633103442968,"2021-10-01T21:20:42+05:30"
83,123,130,31.73,69.68,1633103473968,"2021-10-01T21:21:13+05:30"
93,134,142,31.71,69.92,1633103504387,"2021-10-01T21:21:44+05:30"
101,147,153,31.69,70.21,1633103534786,"2021-10-01T21:22:14+05:30"
87,127,135,31.69,70.11,1633103565390,"2021-10-01T21:22:45+05:30"
97,144,152,31.59,70.3,1633103595932,"2021-10-01T21:23:15+05:30"
96,137,144,31.56,70.36,1633103626524,"2021-10-01T21:23:46+05:30"
97,138,146,31.59,70.58,1633103657148,"2021-10-01T21:24:17+05:30"
105,154,163,31.58,70.73,1633103687719,"2021-10-01T21:24:47+05:30"
84,122,129,31.57,70.57,1633103718341,"2021-10-01T21:25:18+05:30"
90,126,133,31.54,70.85,1633103749048,"2021-10-01T21:25:49+05:30"
81,117,123,31.53,71.04,1633103779829,"2021-10-01T21:26:19+05:30"
82,121,128,31.5,71.29,1633103800571,"2021-10-01T21:26:40+05:30"
80,116,124,31.49,71.41,1633103830675,"2021-10-01T21:27:10+05:30"
83,119,128,31.47,71.4,1633103861313,"2021-10-01T21:27:41+05:30"
81,121,128,31.46,71.38,1633103891849,"2021-10-01T21:28:11+05:30"
83,120,129,31.45,71.52,1633103922494,"2021-10-01T21:28:42+05:30"
95,139,147,31.48,71.45,1633103953041,"2021-10-01T21:29:13+05:30"
89,131,140,31.46,71.47,1633103983634,"2021-10-01T21:29:43+05:30"
82,121,129,31.47,71.22,1633104014230,"2021-10-01T21:30:14+05:30"
80,115,124,31.44,71.54,1633104044860,"2021-10-01T21:30:44+05:30"
79,118,126,31.43,71.73,1633104075432,"2021-10-01T21:31:15+05:30"
77,113,120,31.43,71.65,1633104106005,"2021-10-01T21:31:46+05:30"
73,107,115,31.46,71.53,1633104136618,"2021-10-01T21:32:16+05:30"
72,106,112,31.46,71.42,1633104169345,"2021-10-01T21:32:49+05:30"
71,104,107,31.48,71.15,1633104198251,"2021-10-01T21:33:18+05:30"
67,98,103,31.5,70.97,1633104228379,"2021-10-01T21:33:48+05:30"
72,102,106,31.48,70.97,1633104259005,"2021-10-01T21:34:19+05:30"
70,102,107,31.46,70.95,1633104289638,"2021-10-01T21:34:49+05:30"
71,102,110,31.45,71.2,1633104320250,"2021-10-01T21:35:20+05:30"
72,106,107,31.42,71.39,1633104350850,"2021-10-01T21:35:50+05:30"
71,103,107,31.43,71.26,1633104381432,"2021-10-01T21:36:21+05:30"
66,95,101,31.41,71.31,1633104412039,"2021-10-01T21:36:52+05:30"
67,100,105,31.38,71.4,1633104442685,"2021-10-01T21:37:22+05:30"
69,102,108,31.41,71.64,1633104473230,"2021-10-01T21:37:53+05:30"
71,104,111,31.38,71.95,1633104503886,"2021-10-01T21:38:23+05:30"
76,115,121,31.36,72.28,1633104534438,"2021-10-01T21:38:54+05:30"
79,117,122,31.38,71.96,1633104565049,"2021-10-01T21:39:25+05:30"
84,123,130,31.34,72.06,1633104595652,"2021-10-01T21:39:55+05:30"
86,130,139,31.32,72.31,1633104626193,"2021-10-01T21:40:26+05:30"
97,146,157,31.32,72.25,1633104656781,"2021-10-01T21:40:56+05:30"
96,143,150,31.34,72,1633104691738,"2021-10-01T21:41:31+05:30"
86,131,137,31.33,71.94,1633104722299,"2021-10-01T21:42:02+05:30"
82,122,127,31.36,71.68,1633104752906,"2021-10-01T21:42:32+05:30"
82,118,127,31.33,71.89,1633104783552,"2021-10-01T21:43:03+05:30"
79,116,122,31.35,71.91,1633104814080,"2021-10-01T21:43:34+05:30"
79,115,121,31.35,71.55,1633104844703,"2021-10-01T21:44:04+05:30"
77,112,119,31.36,71.55,1633104875296,"2021-10-01T21:44:35+05:30"
75,111,120,31.37,71.64,1633104905889,"2021-10-01T21:45:05+05:30"
78,115,124,31.36,71.48,1633104936469,"2021-10-01T21:45:36+05:30"
75,111,119,31.27,71.78,1633104967179,"2021-10-01T21:46:07+05:30"