"pm1_0","pm2_5","pm10","temp","humid","createdAt","localtime"
86,216,778,27.4,50.06,1634268626728,"2021-10-15T09:00:26+05:30"
91,165,220,27.48,49.16,1634268656990,"2021-10-15T09:00:56+05:30"
101,168,200,27.44,48.86,1634268687557,"2021-10-15T09:01:27+05:30"
97,166,200,27.52,49.35,1634268718136,"2021-10-15T09:01:58+05:30"
92,170,232,27.79,49.73,1634268748706,"2021-10-15T09:02:28+05:30"
89,163,208,28,48.69,1634268779278,"2021-10-15T09:02:59+05:30"
87,148,183,28.11,48.08,1634268809838,"2021-10-15T09:03:29+05:30"
85,139,176,28.18,47.79,1634268840423,"2021-10-15T09:04:00+05:30"
82,138,168,28.23,47.53,1634268870979,"2021-10-15T09:04:30+05:30"
82,142,177,28.29,47.63,1634268901543,"2021-10-15T09:05:01+05:30"
85,141,164,28.24,46.55,1634268932109,"2021-10-15T09:05:32+05:30"
87,141,165,28.21,47.31,1634268962694,"2021-10-15T09:06:02+05:30"
87,144,174,28.24,47.55,1634268993274,"2021-10-15T09:06:33+05:30"
98,159,186,28.27,47.27,1634269023835,"2021-10-15T09:07:03+05:30"
88,142,165,28.3,47.55,1634269054461,"2021-10-15T09:07:34+05:30"
89,141,159,28.4,47.31,1634269084983,"2021-10-15T09:08:04+05:30"
90,145,163,28.43,47.47,1634269115527,"2021-10-15T09:08:35+05:30"
88,136,158,28.55,47.46,1634269146120,"2021-10-15T09:09:06+05:30"
84,134,156,28.62,46.9,1634269176671,"2021-10-15T09:09:36+05:30"
81,126,139,28.66,46.88,1634269207236,"2021-10-15T09:10:07+05:30"
81,127,144,28.66,46.88,1634269237821,"2021-10-15T09:10:37+05:30"
81,126,141,28.72,46.68,1634269268393,"2021-10-15T09:11:08+05:30"
84,123,137,28.74,46.62,1634269298980,"2021-10-15T09:11:38+05:30"
81,122,133,28.71,46.84,1634269329709,"2021-10-15T09:12:09+05:30"
81,124,136,28.78,46.91,1634269360130,"2021-10-15T09:12:40+05:30"
79,119,130,28.82,46.46,1634269390953,"2021-10-15T09:13:10+05:30"
76,116,128,28.78,46.37,1634269411609,"2021-10-15T09:13:31+05:30"
78,120,131,28.79,46.48,1634269442393,"2021-10-15T09:14:02+05:30"
77,122,134,28.77,46.46,1634269473108,"2021-10-15T09:14:33+05:30"
110,170,185,28.83,46.73,1634269503535,"2021-10-15T09:15:03+05:30"
99,152,164,28.85,46.49,1634269533429,"2021-10-15T09:15:33+05:30"
97,148,158,28.87,46.3,1634269563482,"2021-10-15T09:16:03+05:30"
95,142,155,28.87,46.11,1634269594060,"2021-10-15T09:16:34+05:30"
95,145,158,28.87,46.03,1634269624638,"2021-10-15T09:17:04+05:30"
89,138,147,28.85,45.69,1634269655224,"2021-10-15T09:17:35+05:30"
83,130,142,28.7,45.91,1634269685810,"2021-10-15T09:18:05+05:30"
83,126,135,28.79,45.93,1634269716412,"2021-10-15T09:18:36+05:30"
81,125,136,28.85,45.68,1634269746962,"2021-10-15T09:19:06+05:30"
77,117,129,28.88,45.67,1634269777563,"2021-10-15T09:19:37+05:30"
77,116,125,28.94,45.58,1634269808118,"2021-10-15T09:20:08+05:30"
76,118,128,28.95,45.39,1634269838720,"2021-10-15T09:20:38+05:30"
96,151,164,28.85,45.66,1634269869295,"2021-10-15T09:21:09+05:30"
87,133,147,28.87,46.01,1634269899873,"2021-10-15T09:21:39+05:30"
96,144,157,28.85,45.7,1634269931159,"2021-10-15T09:22:11+05:30"
95,145,161,28.8,46.4,1634269961015,"2021-10-15T09:22:41+05:30"
90,140,151,28.91,46.38,1634269991600,"2021-10-15T09:23:11+05:30"
85,133,148,28.88,45.94,1634270022261,"2021-10-15T09:23:42+05:30"
94,146,158,28.73,46.25,1634270052759,"2021-10-15T09:24:12+05:30"
88,134,144,28.85,46.9,1634270083336,"2021-10-15T09:24:43+05:30"
86,136,149,28.92,46.21,1634270113948,"2021-10-15T09:25:13+05:30"
86,133,143,28.93,46.53,1634270144497,"2021-10-15T09:25:44+05:30"
85,131,150,28.92,46.29,1634270175116,"2021-10-15T09:26:15+05:30"
86,133,147,29,46.23,1634270205648,"2021-10-15T09:26:45+05:30"
83,132,149,28.99,45.89,1634270236264,"2021-10-15T09:27:16+05:30"
86,133,145,28.84,45.85,1634270266837,"2021-10-15T09:27:46+05:30"
89,136,150,28.78,45.8,1634270297396,"2021-10-15T09:28:17+05:30"
86,131,146,28.82,46.63,1634270328182,"2021-10-15T09:28:48+05:30"
86,135,150,28.94,46.27,1634270358816,"2021-10-15T09:29:18+05:30"
91,140,153,28.93,46.42,1634270389549,"2021-10-15T09:29:49+05:30"
87,130,145,28.98,46.28,1634270425584,"2021-10-15T09:30:25+05:30"
86,133,149,28.99,45.9,1634270455454,"2021-10-15T09:30:55+05:30"
90,139,150,28.95,45.55,1634270486012,"2021-10-15T09:31:26+05:30"
94,146,158,28.94,46.29,1634270516685,"2021-10-15T09:31:56+05:30"
88,140,150,29.09,46.34,1634270547184,"2021-10-15T09:32:27+05:30"
84,132,145,29.18,45.81,1634270578171,"2021-10-15T09:32:58+05:30"
80,121,137,29.21,45.45,1634270608990,"2021-10-15T09:33:28+05:30"
80,123,132,29.08,45.02,1634270639780,"2021-10-15T09:33:59+05:30"
82,128,138,29.11,45.93,1634270660687,"2021-10-15T09:34:20+05:30"
77,122,135,29.19,45.26,1634270691019,"2021-10-15T09:34:51+05:30"
83,127,139,29.08,45.02,1634270721579,"2021-10-15T09:35:21+05:30"
82,126,138,29.16,45.73,1634270752170,"2021-10-15T09:35:52+05:30"
80,124,134,29.24,45.46,1634270782748,"2021-10-15T09:36:22+05:30"
80,123,131,29.07,44.43,1634270813332,"2021-10-15T09:36:53+05:30"
80,122,132,29.03,45.81,1634270843912,"2021-10-15T09:37:23+05:30"
79,124,133,29.09,45.22,1634270874478,"2021-10-15T09:37:54+05:30"
76,118,128,29.04,45.17,1634270905061,"2021-10-15T09:38:25+05:30"
78,117,128,29.14,46.36,1634270935667,"2021-10-15T09:38:55+05:30"
79,122,134,29.24,45.79,1634270966280,"2021-10-15T09:39:26+05:30"
81,126,139,29.21,45.23,1634270996817,"2021-10-15T09:39:56+05:30"
80,123,136,29.22,46.03,1634271027366,"2021-10-15T09:40:27+05:30"
80,126,137,29.24,45.21,1634271057946,"2021-10-15T09:40:57+05:30"
80,122,131,29.21,46.01,1634271088570,"2021-10-15T09:41:28+05:30"
83,127,138,29.13,45.41,1634271119110,"2021-10-15T09:41:59+05:30"
80,125,139,29.05,45.67,1634271149763,"2021-10-15T09:42:29+05:30"
78,120,135,29.2,45.63,1634271180370,"2021-10-15T09:43:00+05:30"
81,122,135,29.21,45.12,1634271210866,"2021-10-15T09:43:30+05:30"
84,128,138,29.16,45.21,1634271241447,"2021-10-15T09:44:01+05:30"
84,128,143,29.06,45.04,1634271272035,"2021-10-15T09:44:32+05:30"
81,124,132,29.1,45.61,1634271302671,"2021-10-15T09:45:02+05:30"
86,130,143,29.1,45.67,1634271331159,"2021-10-15T09:45:31+05:30"
142,236,268,29.18,45.68,1634271361123,"2021-10-15T09:46:01+05:30"
126,209,244,29.08,45.35,1634271392005,"2021-10-15T09:46:32+05:30"
147,245,282,29,45.57,1634271422609,"2021-10-15T09:47:02+05:30"
222,432,495,29.08,46.04,1634271453268,"2021-10-15T09:47:33+05:30"
162,305,378,28.99,45.86,1634271483777,"2021-10-15T09:48:03+05:30"
166,299,349,28.96,46.02,1634271514363,"2021-10-15T09:48:34+05:30"
132,219,249,28.91,46.19,1634271544908,"2021-10-15T09:49:04+05:30"
145,245,279,28.94,46.05,1634271575514,"2021-10-15T09:49:35+05:30"
128,222,256,28.88,45.77,1634271606103,"2021-10-15T09:50:06+05:30"
227,811,1099,28.96,46.61,1634271636714,"2021-10-15T09:50:36+05:30"
266,882,1189,29.11,46.27,1634271667477,"2021-10-15T09:51:07+05:30"
253,654,830,29.19,45.95,1634271697843,"2021-10-15T09:51:37+05:30"
184,375,448,29.12,45.69,1634271728741,"2021-10-15T09:52:08+05:30"
135,251,292,29.06,46.42,1634271759101,"2021-10-15T09:52:39+05:30"
199,407,487,29.16,46.46,1634271789681,"2021-10-15T09:53:09+05:30"
172,326,391,29.12,46.29,1634271820253,"2021-10-15T09:53:40+05:30"
202,420,490,29.13,46.71,1634271850835,"2021-10-15T09:54:10+05:30"
122,221,255,29.1,46.14,1634271881401,"2021-10-15T09:54:41+05:30"
157,309,384,29.05,46.5,1634271911995,"2021-10-15T09:55:11+05:30"
243,615,779,29.19,46.55,1634271942595,"2021-10-15T09:55:42+05:30"
184,388,470,29.21,46.81,1634271973211,"2021-10-15T09:56:13+05:30"
213,472,586,29.23,46.74,1634272003762,"2021-10-15T09:56:43+05:30"
201,474,581,29.23,46.54,1634272034307,"2021-10-15T09:57:14+05:30"
262,703,901,29.34,46.73,1634272064881,"2021-10-15T09:57:44+05:30"
266,790,1034,29.43,46.14,1634272095471,"2021-10-15T09:58:15+05:30"
273,862,1117,29.48,46.05,1634272126068,"2021-10-15T09:58:46+05:30"
265,876,1152,29.52,45.77,1634272156654,"2021-10-15T09:59:16+05:30"
266,871,1146,29.47,45.63,1634272187219,"2021-10-15T09:59:47+05:30"
263,1051,1460,29.47,46.05,1634272217795,"2021-10-15T10:00:17+05:30"
272,924,1220,29.49,45.88,1634272247802,"2021-10-15T10:00:47+05:30"
260,759,991,29.49,45.65,1634272277943,"2021-10-15T10:01:17+05:30"
268,922,1211,29.45,45.8,1634272308507,"2021-10-15T10:01:48+05:30"
248,746,989,29.48,45.7,1634272338971,"2021-10-15T10:02:18+05:30"
255,715,918,29.43,45.8,1634272369672,"2021-10-15T10:02:49+05:30"
259,773,992,29.43,46.03,1634272400306,"2021-10-15T10:03:20+05:30"
230,559,685,29.38,45.99,1634272430711,"2021-10-15T10:03:50+05:30"
269,846,1117,29.47,46.12,1634272461303,"2021-10-15T10:04:21+05:30"
261,905,1215,29.53,45.88,1634272491908,"2021-10-15T10:04:51+05:30"
268,999,1341,29.52,45.66,1634272522542,"2021-10-15T10:05:22+05:30"
222,687,891,29.52,45.57,1634272553277,"2021-10-15T10:05:53+05:30"
154,346,428,29.4,45.51,1634272583656,"2021-10-15T10:06:23+05:30"
177,373,439,29.33,46.27,1634272614203,"2021-10-15T10:06:54+05:30"
197,520,658,29.36,46.67,1634272644792,"2021-10-15T10:07:24+05:30"
253,806,1049,29.43,46.84,1634272675362,"2021-10-15T10:07:55+05:30"
271,937,1229,29.49,46.8,1634272705975,"2021-10-15T10:08:25+05:30"
251,1306,198,29.62,46.44,1634272736525,"2021-10-15T10:08:56+05:30"
260,1027,1422,29.64,46.21,1634272767097,"2021-10-15T10:09:27+05:30"
192,441,570,29.51,46.43,1634272797680,"2021-10-15T10:09:57+05:30"
262,731,949,29.6,47.16,1634272828461,"2021-10-15T10:10:28+05:30"
261,757,964,29.66,46.7,1634272858921,"2021-10-15T10:10:58+05:30"
255,798,1021,29.64,46.98,1634272889499,"2021-10-15T10:11:29+05:30"
260,1135,1602,29.72,46.76,1634272920084,"2021-10-15T10:12:00+05:30"
267,1094,1506,29.73,46.81,1634272950666,"2021-10-15T10:12:30+05:30"
272,979,1316,29.71,46.7,1634272981382,"2021-10-15T10:13:01+05:30"
266,968,1298,29.66,47.05,1634273011814,"2021-10-15T10:13:31+05:30"
245,798,1056,29.69,46.66,1634273042480,"2021-10-15T10:14:02+05:30"
275,796,1023,29.64,46.7,1634273073269,"2021-10-15T10:14:33+05:30"
272,1097,1466,29.69,46.84,1634273103592,"2021-10-15T10:15:03+05:30"
258,1094,1508,29.68,46.21,1634273129639,"2021-10-15T10:15:29+05:30"
267,1046,1414,29.61,46.42,1634273159829,"2021-10-15T10:15:59+05:30"
265,1140,1585,29.7,46.43,1634273190357,"2021-10-15T10:16:30+05:30"
197,478,600,29.6,45.61,1634273220907,"2021-10-15T10:17:00+05:30"
196,460,567,29.53,46.51,1634273251470,"2021-10-15T10:17:31+05:30"
275,770,963,29.57,47.56,1634273282209,"2021-10-15T10:18:02+05:30"
245,623,781,29.63,47.83,1634273312668,"2021-10-15T10:18:32+05:30"
192,501,624,29.61,47.8,1634273343260,"2021-10-15T10:19:03+05:30"
267,1006,1320,29.71,47.98,1634273373797,"2021-10-15T10:19:33+05:30"
266,1146,1571,29.81,47.43,1634273404378,"2021-10-15T10:20:04+05:30"
277,967,1298,29.86,47.51,1634273434977,"2021-10-15T10:20:34+05:30"
263,692,856,29.85,47.1,1634273465546,"2021-10-15T10:21:05+05:30"
285,881,1140,29.86,47.14,1634273496133,"2021-10-15T10:21:36+05:30"
259,1093,1505,29.89,46.79,1634273526702,"2021-10-15T10:22:06+05:30"
284,843,1064,29.81,46.21,1634273557374,"2021-10-15T10:22:37+05:30"
274,818,1049,29.8,46.49,1634273587858,"2021-10-15T10:23:07+05:30"
271,1076,1452,29.84,47.01,1634273618458,"2021-10-15T10:23:38+05:30"
264,1113,1545,29.81,46.49,1634273649013,"2021-10-15T10:24:09+05:30"
267,944,1253,29.73,46.57,1634273679620,"2021-10-15T10:24:39+05:30"
241,613,781,29.61,46.86,1634273710184,"2021-10-15T10:25:10+05:30"
163,419,535,29.54,47.09,1634273740754,"2021-10-15T10:25:40+05:30"
232,672,847,29.48,48.29,1634273771346,"2021-10-15T10:26:11+05:30"
282,903,1147,29.57,48.02,1634273801915,"2021-10-15T10:26:41+05:30"
257,662,808,29.64,47.12,1634273832504,"2021-10-15T10:27:12+05:30"
224,495,598,29.57,47.17,1634273863077,"2021-10-15T10:27:43+05:30"
234,535,645,29.57,47.81,1634273893673,"2021-10-15T10:28:13+05:30"
236,551,664,29.58,48.17,1634273924277,"2021-10-15T10:28:44+05:30"
276,740,918,29.63,48.28,1634273954817,"2021-10-15T10:29:14+05:30"
232,516,633,29.63,48.23,1634273985392,"2021-10-15T10:29:45+05:30"
286,752,926,29.7,48.2,1634274015976,"2021-10-15T10:30:15+05:30"
269,690,839,29.76,47.85,1634274047196,"2021-10-15T10:30:47+05:30"
268,658,806,29.76,47.88,1634274077311,"2021-10-15T10:31:17+05:30"
186,358,429,29.67,47.77,1634274107944,"2021-10-15T10:31:47+05:30"
207,416,488,29.61,48.23,1634274138469,"2021-10-15T10:32:18+05:30"
182,350,406,29.54,49.04,1634274169059,"2021-10-15T10:32:49+05:30"
240,526,627,29.6,48.98,1634274199648,"2021-10-15T10:33:19+05:30"
248,550,657,29.7,48.71,1634274230302,"2021-10-15T10:33:50+05:30"
255,572,667,29.79,48.34,1634274260895,"2021-10-15T10:34:20+05:30"
222,467,555,29.81,47.77,1634274291456,"2021-10-15T10:34:51+05:30"
214,431,496,29.8,47.6,1634274322104,"2021-10-15T10:35:22+05:30"
195,382,446,29.76,47.86,1634274352672,"2021-10-15T10:35:52+05:30"
140,251,292,29.66,47.39,1634274383207,"2021-10-15T10:36:23+05:30"
112,181,204,29.51,47.34,1634274413786,"2021-10-15T10:36:53+05:30"
185,373,427,29.54,48.57,1634274444361,"2021-10-15T10:37:24+05:30"
139,246,280,29.46,48.58,1634274474987,"2021-10-15T10:37:54+05:30"
119,203,229,29.38,47.4,1634274505541,"2021-10-15T10:38:25+05:30"
186,355,405,29.43,49.28,1634274536125,"2021-10-15T10:38:56+05:30"
224,443,521,29.59,48.94,1634274566685,"2021-10-15T10:39:26+05:30"
177,321,366,29.66,47.94,1634274597538,"2021-10-15T10:39:57+05:30"
141,247,285,29.62,47.58,1634274627945,"2021-10-15T10:40:27+05:30"
180,325,373,29.71,47.97,1634274658535,"2021-10-15T10:40:58+05:30"
151,263,297,29.76,47.16,1634274689097,"2021-10-15T10:41:29+05:30"
117,192,209,29.63,47.05,1634274719679,"2021-10-15T10:41:59+05:30"
132,223,248,29.59,47.61,1634274750279,"2021-10-15T10:42:30+05:30"
181,327,376,29.65,48.7,1634274780837,"2021-10-15T10:43:00+05:30"
155,270,302,29.75,47.88,1634274811613,"2021-10-15T10:43:31+05:30"
141,236,267,29.73,47.69,1634274842222,"2021-10-15T10:44:02+05:30"
122,205,230,29.69,48.03,1634274872911,"2021-10-15T10:44:32+05:30"
144,245,284,29.72,48.55,1634274903305,"2021-10-15T10:45:03+05:30"
152,264,306,29.72,49.04,1634274928402,"2021-10-15T10:45:28+05:30"
137,231,259,29.72,48.65,1634274958506,"2021-10-15T10:45:58+05:30"
108,176,197,29.62,47.94,1634274989078,"2021-10-15T10:46:29+05:30"
105,167,186,29.59,48.22,1634275019680,"2021-10-15T10:46:59+05:30"
132,224,253,29.7,49.13,1634275050292,"2021-10-15T10:47:30+05:30"
128,213,239,29.79,48.6,1634275080841,"2021-10-15T10:48:00+05:30"
117,193,219,29.84,48.03,1634275111395,"2021-10-15T10:48:31+05:30"
97,152,164,29.78,47.18,1634275141977,"2021-10-15T10:49:01+05:30"
107,166,183,29.81,48.44,1634275172604,"2021-10-15T10:49:32+05:30"
96,150,165,29.77,47.59,1634275203162,"2021-10-15T10:50:03+05:30"
108,172,192,29.76,48.31,1634275233718,"2021-10-15T10:50:33+05:30"
112,185,205,29.82,48.54,1634275264302,"2021-10-15T10:51:04+05:30"
102,162,179,29.79,48.39,1634275294913,"2021-10-15T10:51:34+05:30"
108,176,195,29.88,48.16,1634275325481,"2021-10-15T10:52:05+05:30"
110,177,197,29.88,48.03,1634275356036,"2021-10-15T10:52:36+05:30"
115,185,207,29.76,47.62,1634275386633,"2021-10-15T10:53:06+05:30"
118,196,221,29.83,49.6,1634275417270,"2021-10-15T10:53:37+05:30"
119,199,222,29.91,48.98,1634275447818,"2021-10-15T10:54:07+05:30"
125,208,236,29.97,49.13,1634275478359,"2021-10-15T10:54:38+05:30"
115,189,212,29.99,47.85,1634275508979,"2021-10-15T10:55:08+05:30"
116,187,211,30.03,48.91,1634275539520,"2021-10-15T10:55:39+05:30"
114,187,204,30.07,48.29,1634275570131,"2021-10-15T10:56:10+05:30"
112,177,202,30.07,48.17,1634275600674,"2021-10-15T10:56:40+05:30"
109,170,193,30.09,47.94,1634275631277,"2021-10-15T10:57:11+05:30"
103,163,177,30.06,47.37,1634275661844,"2021-10-15T10:57:41+05:30"
102,164,177,30.07,48.1,1634275694214,"2021-10-15T10:58:14+05:30"
98,159,178,30.11,47.71,1634275723016,"2021-10-15T10:58:43+05:30"
98,151,170,30.1,47.67,1634275753573,"2021-10-15T10:59:13+05:30"
106,168,192,30.15,48.23,1634275784159,"2021-10-15T10:59:44+05:30"
106,172,189,30.2,48.26,1634275814741,"2021-10-15T11:00:14+05:30"
107,172,186,30.22,48.83,1634275850315,"2021-10-15T11:00:50+05:30"
108,176,200,30.23,49.55,1634275880593,"2021-10-15T11:01:20+05:30"
110,179,198,30.28,50.7,1634275911141,"2021-10-15T11:01:51+05:30"
107,177,194,30.32,50.49,1634275941739,"2021-10-15T11:02:21+05:30"
106,175,194,30.39,49.88,1634275972330,"2021-10-15T11:02:52+05:30"
105,168,184,30.42,49.47,1634276003277,"2021-10-15T11:03:23+05:30"
103,164,177,30.4,49.57,1634276024058,"2021-10-15T11:03:44+05:30"
107,170,186,30.42,49.55,1634276054630,"2021-10-15T11:04:14+05:30"
107,171,191,30.44,49.55,1634276085213,"2021-10-15T11:04:45+05:30"
106,171,192,30.46,49.2,1634276115797,"2021-10-15T11:05:15+05:30"
102,167,185,30.46,48.91,1634276146400,"2021-10-15T11:05:46+05:30"
98,161,182,30.44,49.39,1634276177044,"2021-10-15T11:06:17+05:30"
94,145,158,30.45,48.49,1634276207555,"2021-10-15T11:06:47+05:30"
88,139,150,30.4,48.02,1634276238258,"2021-10-15T11:07:18+05:30"
91,143,158,30.34,48.25,1634276269274,"2021-10-15T11:07:49+05:30"
103,161,178,30.29,48.57,1634276299812,"2021-10-15T11:08:19+05:30"
99,156,167,30.34,48.37,1634276330386,"2021-10-15T11:08:50+05:30"
101,157,170,30.38,48.47,1634276360963,"2021-10-15T11:09:20+05:30"
94,147,160,30.41,48.68,1634276391551,"2021-10-15T11:09:51+05:30"
95,146,156,30.4,48.38,1634276422193,"2021-10-15T11:10:22+05:30"
93,150,164,30.41,48.46,1634276452710,"2021-10-15T11:10:52+05:30"
94,146,157,30.25,47.47,1634276483306,"2021-10-15T11:11:23+05:30"
103,161,172,30.27,49.41,1634276513856,"2021-10-15T11:11:53+05:30"
162,256,279,30.34,48.75,1634276544447,"2021-10-15T11:12:24+05:30"
187,298,314,30.35,47.61,1634276575103,"2021-10-15T11:12:55+05:30"
170,268,287,30.31,47.98,1634276605604,"2021-10-15T11:13:25+05:30"
148,231,255,30.39,48.62,1634276636187,"2021-10-15T11:13:56+05:30"
124,199,215,30.44,48.58,1634276666767,"2021-10-15T11:14:26+05:30"
108,165,182,30.45,48.41,1634276697379,"2021-10-15T11:14:57+05:30"
112,177,192,30.51,48.82,1634276728295,"2021-10-15T11:15:28+05:30"
117,186,203,30.54,48.68,1634276758387,"2021-10-15T11:15:58+05:30"
112,174,189,30.54,48.75,1634276788974,"2021-10-15T11:16:28+05:30"
114,179,203,30.53,48.77,1634276819551,"2021-10-15T11:16:59+05:30"
108,172,190,30.39,47.59,1634276850129,"2021-10-15T11:17:30+05:30"
117,179,197,30.4,49.28,1634276880696,"2021-10-15T11:18:00+05:30"
117,181,202,30.45,49.02,1634276911272,"2021-10-15T11:18:31+05:30"
115,183,200,30.49,48.89,1634276941974,"2021-10-15T11:19:01+05:30"
115,179,198,30.51,48.96,1634276972447,"2021-10-15T11:19:32+05:30"
111,176,194,30.52,48.71,1634277003038,"2021-10-15T11:20:03+05:30"
106,167,186,30.42,46.64,1634277034068,"2021-10-15T11:20:34+05:30"
112,178,194,30.44,48.23,1634277064598,"2021-10-15T11:21:04+05:30"
111,175,196,30.45,48.44,1634277095090,"2021-10-15T11:21:35+05:30"
105,164,178,30.44,48.38,1634277125692,"2021-10-15T11:22:05+05:30"
104,159,175,30.39,47.56,1634277156300,"2021-10-15T11:22:36+05:30"
105,163,178,30.33,46.63,1634277186858,"2021-10-15T11:23:06+05:30"
106,171,187,30.33,48.05,1634277217406,"2021-10-15T11:23:37+05:30"
108,169,185,30.35,47.18,1634277247995,"2021-10-15T11:24:07+05:30"
107,172,188,30.4,48.19,1634277278559,"2021-10-15T11:24:38+05:30"
110,176,191,30.42,48.33,1634277309135,"2021-10-15T11:25:09+05:30"
109,176,193,30.44,48.22,1634277339872,"2021-10-15T11:25:39+05:30"
107,176,195,30.48,48,1634277370307,"2021-10-15T11:26:10+05:30"
104,171,186,30.5,48.32,1634277409064,"2021-10-15T11:26:49+05:30"
101,163,180,30.55,48.39,1634277425789,"2021-10-15T11:27:05+05:30"
101,157,176,30.55,48.42,1634277456353,"2021-10-15T11:27:36+05:30"
100,160,182,30.51,47.61,1634277486935,"2021-10-15T11:28:06+05:30"
98,159,177,30.5,48.31,1634277517541,"2021-10-15T11:28:37+05:30"
100,160,174,30.46,47.13,1634277548121,"2021-10-15T11:29:08+05:30"
101,166,183,30.43,46.97,1634277578675,"2021-10-15T11:29:38+05:30"
99,156,172,30.44,47.71,1634277609255,"2021-10-15T11:30:09+05:30"
96,150,163,30.47,47.35,1634277639964,"2021-10-15T11:30:39+05:30"
95,146,164,30.48,47.9,1634277670619,"2021-10-15T11:31:10+05:30"
98,155,173,30.49,48.51,1634277700987,"2021-10-15T11:31:40+05:30"
103,168,185,30.47,48.4,1634277731685,"2021-10-15T11:32:11+05:30"
99,157,174,30.43,48.45,1634277762340,"2021-10-15T11:32:42+05:30"
101,158,173,30.49,49.53,1634277792916,"2021-10-15T11:33:12+05:30"
100,156,169,30.49,49.01,1634277823523,"2021-10-15T11:33:43+05:30"
102,160,180,30.52,50.12,1634277854065,"2021-10-15T11:34:14+05:30"
102,162,175,30.61,50.25,1634277884663,"2021-10-15T11:34:44+05:30"
102,160,175,30.66,50.22,1634277915290,"2021-10-15T11:35:15+05:30"
102,160,176,30.73,50.27,1634277948671,"2021-10-15T11:35:48+05:30"
98,146,158,30.67,47.92,1634277976407,"2021-10-15T11:36:16+05:30"
98,154,167,30.47,46.92,1634278006965,"2021-10-15T11:36:46+05:30"
99,153,167,30.33,47.41,1634278037599,"2021-10-15T11:37:17+05:30"
96,145,160,30.24,47.65,1634278068118,"2021-10-15T11:37:48+05:30"
96,149,161,30.19,48.43,1634278098719,"2021-10-15T11:38:18+05:30"
93,144,158,30.16,48.33,1634278129285,"2021-10-15T11:38:49+05:30"
93,145,164,30.14,48.58,1634278159896,"2021-10-15T11:39:19+05:30"
89,136,150,30.19,48.89,1634278190442,"2021-10-15T11:39:50+05:30"
88,137,151,30.21,48.62,1634278221079,"2021-10-15T11:40:21+05:30"
87,133,144,30.23,47.71,1634278251598,"2021-10-15T11:40:51+05:30"
88,134,148,30.2,47.2,1634278282184,"2021-10-15T11:41:22+05:30"
93,142,152,30.15,47.6,1634278317916,"2021-10-15T11:41:57+05:30"
86,130,140,30.1,47.21,1634278348041,"2021-10-15T11:42:28+05:30"
83,126,136,30.1,47.45,1634278378668,"2021-10-15T11:42:58+05:30"
82,120,128,30.09,46.84,1634278409176,"2021-10-15T11:43:29+05:30"
84,125,135,30.08,46.82,1634278439738,"2021-10-15T11:43:59+05:30"
81,127,136,30.08,46.92,1634278470317,"2021-10-15T11:44:30+05:30"
85,131,144,30.12,48.3,1634278500893,"2021-10-15T11:45:00+05:30"
89,135,146,30.1,47.99,1634278531590,"2021-10-15T11:45:31+05:30"
93,143,154,30.08,48.45,1634278562146,"2021-10-15T11:46:02+05:30"
99,153,169,30.07,48.62,1634278592752,"2021-10-15T11:46:32+05:30"
92,143,157,30.03,48.31,1634278623311,"2021-10-15T11:47:03+05:30"
102,159,176,29.99,48.56,1634278654064,"2021-10-15T11:47:34+05:30"
93,144,160,30.02,48.7,1634278684485,"2021-10-15T11:48:04+05:30"
99,148,162,30.06,48.01,1634278715085,"2021-10-15T11:48:35+05:30"
107,159,168,30.07,47.74,1634278745673,"2021-10-15T11:49:05+05:30"
109,158,168,30.07,48.32,1634278776475,"2021-10-15T11:49:36+05:30"
94,146,160,30.09,47.39,1634278806794,"2021-10-15T11:50:06+05:30"
91,139,150,30.06,47.61,1634278837888,"2021-10-15T11:50:37+05:30"
90,138,149,30.04,47.76,1634278858765,"2021-10-15T11:50:58+05:30"
93,143,157,30.04,46.72,1634278889149,"2021-10-15T11:51:29+05:30"
99,155,172,30.01,47.13,1634278919799,"2021-10-15T11:51:59+05:30"
87,135,146,30.03,47.06,1634278950798,"2021-10-15T11:52:30+05:30"
87,134,148,30.02,48.02,1634278981271,"2021-10-15T11:53:01+05:30"
84,128,140,30.06,47.27,1634279011869,"2021-10-15T11:53:31+05:30"
88,131,140,30.04,47,1634279042956,"2021-10-15T11:54:02+05:30"
96,149,157,29.95,46.9,1634279073337,"2021-10-15T11:54:33+05:30"
94,143,157,29.97,48.11,1634279103912,"2021-10-15T11:55:03+05:30"
93,143,159,30,48.42,1634279134494,"2021-10-15T11:55:34+05:30"
97,159,170,30,46.97,1634279165091,"2021-10-15T11:56:05+05:30"
95,151,164,30,48.53,1634279198482,"2021-10-15T11:56:38+05:30"
93,143,155,30.05,48.95,1634279228667,"2021-10-15T11:57:08+05:30"
91,141,152,30.02,49.28,1634279259149,"2021-10-15T11:57:39+05:30"
89,138,152,29.99,48.92,1634279289730,"2021-10-15T11:58:09+05:30"
89,137,148,30,49.44,1634279320310,"2021-10-15T11:58:40+05:30"
87,135,150,30.01,49.27,1634279350913,"2021-10-15T11:59:10+05:30"
88,134,148,30.05,48.86,1634279381481,"2021-10-15T11:59:41+05:30"
88,136,154,30.01,48.11,1634279412057,"2021-10-15T12:00:12+05:30"
88,137,149,30.01,48.19,1634279442637,"2021-10-15T12:00:42+05:30"
85,131,148,30,48.56,1634279473232,"2021-10-15T12:01:13+05:30"
90,137,146,29.98,47.55,1634279503813,"2021-10-15T12:01:43+05:30"
89,139,150,29.98,47.98,1634279534473,"2021-10-15T12:02:14+05:30"
98,158,173,29.99,47.16,1634279565117,"2021-10-15T12:02:45+05:30"
95,148,164,29.97,47.97,1634279595538,"2021-10-15T12:03:15+05:30"
97,154,169,29.94,47.65,1634279626225,"2021-10-15T12:03:46+05:30"
100,155,169,29.93,47.35,1634279656809,"2021-10-15T12:04:16+05:30"
102,156,170,29.94,47.64,1634279687278,"2021-10-15T12:04:47+05:30"
107,174,191,29.93,48.04,1634279717853,"2021-10-15T12:05:17+05:30"
98,155,171,29.98,48.87,1634279748472,"2021-10-15T12:05:48+05:30"
88,139,157,30.08,47.93,1634279779273,"2021-10-15T12:06:19+05:30"
91,144,161,30.15,47.45,1634279809599,"2021-10-15T12:06:49+05:30"
91,140,157,30.15,47.68,1634279840184,"2021-10-15T12:07:20+05:30"
95,147,159,30.14,47.66,1634279870808,"2021-10-15T12:07:50+05:30"
92,146,162,30.13,47.54,1634279901377,"2021-10-15T12:08:21+05:30"
92,145,159,30.14,47.53,1634279932012,"2021-10-15T12:08:52+05:30"
93,143,160,30.18,47.11,1634279962595,"2021-10-15T12:09:22+05:30"
94,151,167,30.15,47.37,1634279993172,"2021-10-15T12:09:53+05:30"
95,148,164,30.12,47.11,1634280023756,"2021-10-15T12:10:23+05:30"
93,148,162,30.07,47.76,1634280054380,"2021-10-15T12:10:54+05:30"
97,156,177,30.06,48.62,1634280084920,"2021-10-15T12:11:24+05:30"
100,163,185,30.07,48.98,1634280108053,"2021-10-15T12:11:48+05:30"
98,159,179,30.12,48.53,1634280138136,"2021-10-15T12:12:18+05:30"
97,156,173,30.09,47.23,1634280169009,"2021-10-15T12:12:49+05:30"
91,142,156,30.15,47.42,1634280199502,"2021-10-15T12:13:19+05:30"
95,147,164,30.15,47.55,1634280230119,"2021-10-15T12:13:50+05:30"
91,142,154,30.14,47.64,1634280260710,"2021-10-15T12:14:20+05:30"
89,140,151,30.12,47.59,1634280291252,"2021-10-15T12:14:51+05:30"
88,135,148,30.15,47.79,1634280321843,"2021-10-15T12:15:21+05:30"
88,139,153,30.11,47.95,1634280352406,"2021-10-15T12:15:52+05:30"
85,134,147,30.12,47.47,1634280383011,"2021-10-15T12:16:23+05:30"
84,128,137,30.15,47.03,1634280413603,"2021-10-15T12:16:53+05:30"
89,140,158,30.1,47.13,1634280444176,"2021-10-15T12:17:24+05:30"
84,129,140,30.08,46.89,1634280474721,"2021-10-15T12:17:54+05:30"
84,128,138,30.07,46.99,1634280505604,"2021-10-15T12:18:25+05:30"
84,129,143,30.1,47.37,1634280536125,"2021-10-15T12:18:56+05:30"
87,134,140,30.11,47.56,1634280566581,"2021-10-15T12:19:26+05:30"
101,162,179,30.14,47.63,1634280597175,"2021-10-15T12:19:57+05:30"
101,155,167,30.16,47.76,1634280627727,"2021-10-15T12:20:27+05:30"
93,145,162,30.21,47.78,1634280658322,"2021-10-15T12:20:58+05:30"
90,141,156,30.29,47.43,1634280688960,"2021-10-15T12:21:28+05:30"
87,135,148,30.34,46.97,1634280719475,"2021-10-15T12:21:59+05:30"
86,132,141,30.37,46.54,1634280750040,"2021-10-15T12:22:30+05:30"
86,138,151,30.44,46.62,1634280780621,"2021-10-15T12:23:00+05:30"
86,131,145,30.47,46.31,1634280811214,"2021-10-15T12:23:31+05:30"
87,133,144,30.48,45.97,1634280841808,"2021-10-15T12:24:01+05:30"
89,136,146,30.45,45.77,1634280872379,"2021-10-15T12:24:32+05:30"
92,142,153,30.45,46.27,1634280903027,"2021-10-15T12:25:03+05:30"
89,139,151,30.5,47.08,1634280933629,"2021-10-15T12:25:33+05:30"
91,141,155,30.53,47.31,1634280964205,"2021-10-15T12:26:04+05:30"
93,142,155,30.44,48.01,1634281000224,"2021-10-15T12:26:40+05:30"
91,142,159,30.48,48.31,1634281030528,"2021-10-15T12:27:10+05:30"
104,156,168,30.52,48.36,1634281061249,"2021-10-15T12:27:41+05:30"
112,168,184,30.46,47.89,1634281091668,"2021-10-15T12:28:11+05:30"
106,159,173,30.38,47.57,1634281122242,"2021-10-15T12:28:42+05:30"
101,154,168,30.3,48.74,1634281152865,"2021-10-15T12:29:12+05:30"
109,162,178,30.22,48.51,1634281183404,"2021-10-15T12:29:43+05:30"
110,168,181,30.18,49.35,1634281213984,"2021-10-15T12:30:13+05:30"
107,164,178,30.18,49.56,1634281244565,"2021-10-15T12:30:44+05:30"
114,175,191,30.22,49.31,1634281275149,"2021-10-15T12:31:15+05:30"
111,171,183,30.21,49.43,1634281305741,"2021-10-15T12:31:45+05:30"
109,166,186,30.17,49.71,1634281336952,"2021-10-15T12:32:16+05:30"
109,174,192,30.13,49.44,1634281367794,"2021-10-15T12:32:47+05:30"
111,174,189,30.1,49.52,1634281388397,"2021-10-15T12:33:08+05:30"
101,153,168,30.1,48.98,1634281418978,"2021-10-15T12:33:38+05:30"
103,163,178,30.16,48.13,1634281449536,"2021-10-15T12:34:09+05:30"
103,155,172,30.17,47.95,1634281480900,"2021-10-15T12:34:40+05:30"
96,150,164,30.25,47.86,1634281510683,"2021-10-15T12:35:10+05:30"
96,150,159,30.24,48,1634281541283,"2021-10-15T12:35:41+05:30"
96,147,163,30.22,48.15,1634281571859,"2021-10-15T12:36:11+05:30"
91,141,155,30.23,47.51,1634281602434,"2021-10-15T12:36:42+05:30"
98,152,165,30.21,48.26,1634281633010,"2021-10-15T12:37:13+05:30"
105,163,176,30.18,48.11,1634281663599,"2021-10-15T12:37:43+05:30"
104,164,178,30.15,48.1,1634281694194,"2021-10-15T12:38:14+05:30"
69,102,113,29.01,52.82,1634295438054,"2021-10-15T16:27:18+05:30"
69,103,116,29.24,49.32,1634295448633,"2021-10-15T16:27:28+05:30"
67,104,118,29.48,50.55,1634295479090,"2021-10-15T16:27:59+05:30"
74,109,119,29.62,50.11,1634295509724,"2021-10-15T16:28:29+05:30"
70,106,116,29.81,48.41,1634295540248,"2021-10-15T16:29:00+05:30"
73,111,121,29.93,49.34,1634295570838,"2021-10-15T16:29:30+05:30"
77,119,133,29.98,49.53,1634295601424,"2021-10-15T16:30:01+05:30"
76,114,121,30.03,49.04,1634295632002,"2021-10-15T16:30:32+05:30"
71,111,123,30.12,48.36,1634295662733,"2021-10-15T16:31:02+05:30"
73,110,119,30.15,48.99,1634295693153,"2021-10-15T16:31:33+05:30"
74,117,128,30.17,48.65,1634295723733,"2021-10-15T16:32:03+05:30"
74,114,125,30.23,48.7,1634295754304,"2021-10-15T16:32:34+05:30"
73,113,125,30.22,49.28,1634295784894,"2021-10-15T16:33:04+05:30"
82,125,137,30.18,49.51,1634295815498,"2021-10-15T16:33:35+05:30"
88,137,154,30.17,49.73,1634295846071,"2021-10-15T16:34:06+05:30"
87,133,149,30.16,50.01,1634295876636,"2021-10-15T16:34:36+05:30"
86,132,143,30.14,50.33,1634295907288,"2021-10-15T16:35:07+05:30"
84,131,148,30.13,50.32,1634295937919,"2021-10-15T16:35:37+05:30"
87,135,148,30.14,50.36,1634295968495,"2021-10-15T16:36:08+05:30"
93,141,153,30.16,50.13,1634295999077,"2021-10-15T16:36:39+05:30"
86,132,144,30.17,50.25,1634296029629,"2021-10-15T16:37:09+05:30"
83,126,140,30.14,50.56,1634296060235,"2021-10-15T16:37:40+05:30"
81,125,135,30.12,50.72,1634296090866,"2021-10-15T16:38:10+05:30"
76,118,130,30.11,50.84,1634296121408,"2021-10-15T16:38:41+05:30"
74,114,125,30.14,49.92,1634296152011,"2021-10-15T16:39:12+05:30"
85,131,147,30.19,49.5,1634296182585,"2021-10-15T16:39:42+05:30"
97,151,164,30.26,48.34,1634296213176,"2021-10-15T16:40:13+05:30"
100,150,163,30.31,48.45,1634296243748,"2021-10-15T16:40:43+05:30"
95,142,156,30.31,48.56,1634296274350,"2021-10-15T16:41:14+05:30"
89,131,143,30.34,47.72,1634296304913,"2021-10-15T16:41:44+05:30"
82,123,132,30.35,48.33,1634296339267,"2021-10-15T16:42:19+05:30"
84,123,135,30.35,48.83,1634296358737,"2021-10-15T16:42:38+05:30"
86,133,144,30.33,49.04,1634296389291,"2021-10-15T16:43:09+05:30"
95,145,156,30.33,49.47,1634296419911,"2021-10-15T16:43:39+05:30"
91,137,149,30.31,49.79,1634296450471,"2021-10-15T16:44:10+05:30"
91,136,144,30.29,50.12,1634296481053,"2021-10-15T16:44:41+05:30"
88,134,145,30.25,50.14,1634296511742,"2021-10-15T16:45:11+05:30"
85,124,132,30.23,50.17,1634296542331,"2021-10-15T16:45:42+05:30"
84,125,138,30.21,50.33,1634296573154,"2021-10-15T16:46:13+05:30"
81,120,133,30.2,49.95,1634296603473,"2021-10-15T16:46:43+05:30"
80,119,132,30.19,50.13,1634296634072,"2021-10-15T16:47:14+05:30"
78,122,131,30.19,50.28,1634296664639,"2021-10-15T16:47:44+05:30"
83,126,141,30.21,50.66,1634296695207,"2021-10-15T16:48:15+05:30"
79,119,131,30.2,50.79,1634296725850,"2021-10-15T16:48:45+05:30"
79,119,131,30.21,50.92,1634296756434,"2021-10-15T16:49:16+05:30"
79,119,132,30.18,50.71,1634296786963,"2021-10-15T16:49:46+05:30"
79,119,134,30.16,50.93,1634296817695,"2021-10-15T16:50:17+05:30"
79,121,132,30.15,51.25,1634296848175,"2021-10-15T16:50:48+05:30"
76,120,132,30.14,51.42,1634296878774,"2021-10-15T16:51:18+05:30"
83,123,135,30.17,51.37,1634296909313,"2021-10-15T16:51:49+05:30"
83,124,134,30.17,50.51,1634296939876,"2021-10-15T16:52:19+05:30"
79,119,135,30.18,50.45,1634296970734,"2021-10-15T16:52:50+05:30"
76,112,125,30.19,50.37,1634297001080,"2021-10-15T16:53:21+05:30"
74,113,120,30.19,50.6,1634297031661,"2021-10-15T16:53:51+05:30"
75,115,126,30.18,50.61,1634297062237,"2021-10-15T16:54:22+05:30"
73,111,124,30.16,50.63,1634297092798,"2021-10-15T16:54:52+05:30"
70,109,123,30.15,50.1,1634297123404,"2021-10-15T16:55:23+05:30"
68,109,119,30.14,50.38,1634297154030,"2021-10-15T16:55:54+05:30"
70,108,120,30.13,50.53,1634297184525,"2021-10-15T16:56:24+05:30"
70,106,120,30.14,50.31,1634297215124,"2021-10-15T16:56:55+05:30"
69,105,119,30.14,50.53,1634297241933,"2021-10-15T16:57:21+05:30"
70,109,122,30.12,50.7,1634297272255,"2021-10-15T16:57:52+05:30"
68,105,116,30.13,50.88,1634297302778,"2021-10-15T16:58:22+05:30"
67,104,117,30.16,51.09,1634297333378,"2021-10-15T16:58:53+05:30"
66,101,110,30.15,51.01,1634297364026,"2021-10-15T16:59:24+05:30"
68,104,114,30.14,51.15,1634297394552,"2021-10-15T16:59:54+05:30"
69,106,116,30.12,51.45,1634297425145,"2021-10-15T17:00:25+05:30"
68,105,120,30.08,51.93,1634297455718,"2021-10-15T17:00:55+05:30"
69,105,116,30.07,51.98,1634297486321,"2021-10-15T17:01:26+05:30"
68,106,121,30.07,52.09,1634297516905,"2021-10-15T17:01:56+05:30"
69,105,114,30.08,52.16,1634297547444,"2021-10-15T17:02:27+05:30"
67,103,117,30.1,52.28,1634297578038,"2021-10-15T17:02:58+05:30"
67,103,116,30.11,52.26,1634297608682,"2021-10-15T17:03:28+05:30"
66,105,119,30.11,52.32,1634297639328,"2021-10-15T17:03:59+05:30"
66,100,113,30.11,52.38,1634297669884,"2021-10-15T17:04:29+05:30"
68,105,118,30.12,52.47,1634297700449,"2021-10-15T17:05:00+05:30"
66,104,117,30.11,52.39,1634297731095,"2021-10-15T17:05:31+05:30"
66,99,113,30.08,52.35,1634297761660,"2021-10-15T17:06:01+05:30"
64,98,110,30.07,52.52,1634297792310,"2021-10-15T17:06:32+05:30"
66,100,111,30.08,52.72,1634297822821,"2021-10-15T17:07:02+05:30"
65,101,114,30.09,52.79,1634297853398,"2021-10-15T17:07:33+05:30"
66,102,112,30.09,52.69,1634297883992,"2021-10-15T17:08:03+05:30"
65,101,110,30.07,52.55,1634297914540,"2021-10-15T17:08:34+05:30"
65,101,108,30.04,52.56,1634297945115,"2021-10-15T17:09:05+05:30"
66,102,112,30.03,52.72,1634297975733,"2021-10-15T17:09:35+05:30"
66,103,114,30.03,52.9,1634298006303,"2021-10-15T17:10:06+05:30"
65,99,109,30.04,52.95,1634298036992,"2021-10-15T17:10:36+05:30"
65,101,111,30.04,52.81,1634298067444,"2021-10-15T17:11:07+05:30"
67,100,112,30.04,52.82,1634298098061,"2021-10-15T17:11:38+05:30"
67,98,109,30.03,53.03,1634298128648,"2021-10-15T17:12:08+05:30"
66,101,111,30.04,53.12,1634298159225,"2021-10-15T17:12:39+05:30"
66,99,110,30.06,53.19,1634298189313,"2021-10-15T17:13:09+05:30"
65,98,108,30.15,52.99,1634298219875,"2021-10-15T17:13:39+05:30"
65,98,105,30.25,52.73,1634298250645,"2021-10-15T17:14:10+05:30"
65,99,109,30.31,52.65,1634298280999,"2021-10-15T17:14:40+05:30"
66,99,109,30.35,52.57,1634298311660,"2021-10-15T17:15:11+05:30"
66,101,111,30.39,52.7,1634298342181,"2021-10-15T17:15:42+05:30"
65,98,107,30.42,52.6,1634298372736,"2021-10-15T17:16:12+05:30"
66,98,116,30.44,53.33,1634298403334,"2021-10-15T17:16:43+05:30"
66,101,113,30.46,53.22,1634298433952,"2021-10-15T17:17:13+05:30"
64,97,110,30.48,52.86,1634298464512,"2021-10-15T17:17:44+05:30"
69,103,113,30.48,53.11,1634298495053,"2021-10-15T17:18:15+05:30"
66,101,114,30.5,52.85,1634298525651,"2021-10-15T17:18:45+05:30"
66,99,112,30.54,52.49,1634298556294,"2021-10-15T17:19:16+05:30"
67,101,115,30.54,53.08,1634298586837,"2021-10-15T17:19:46+05:30"
65,99,110,30.52,53.17,1634298617395,"2021-10-15T17:20:17+05:30"
67,101,111,30.54,53.02,1634298647996,"2021-10-15T17:20:47+05:30"
66,101,114,30.56,52.77,1634298678580,"2021-10-15T17:21:18+05:30"
67,100,113,30.61,52.67,1634298709256,"2021-10-15T17:21:49+05:30"
69,104,116,30.6,52.53,1634298739719,"2021-10-15T17:22:19+05:30"
72,109,120,30.56,52.79,1634298770624,"2021-10-15T17:22:50+05:30"
73,110,123,30.52,52.85,1634298800920,"2021-10-15T17:23:20+05:30"
76,111,128,30.48,52.98,1634298831509,"2021-10-15T17:23:51+05:30"
73,109,120,30.51,52.76,1634298862037,"2021-10-15T17:24:22+05:30"
71,109,121,30.54,52.82,1634298892634,"2021-10-15T17:24:52+05:30"
74,112,123,30.56,52.55,1634298923246,"2021-10-15T17:25:23+05:30"
76,111,126,30.56,52.47,1634298953840,"2021-10-15T17:25:53+05:30"
76,113,125,30.51,52.67,1634298984380,"2021-10-15T17:26:24+05:30"
76,112,125,30.43,52.98,1634299015205,"2021-10-15T17:26:55+05:30"
75,111,124,30.38,53.34,1634299039612,"2021-10-15T17:27:19+05:30"
76,114,126,30.33,53.47,1634299069657,"2021-10-15T17:27:49+05:30"
82,122,133,30.28,53.88,1634299100306,"2021-10-15T17:28:20+05:30"
80,117,130,30.24,53.89,1634299130871,"2021-10-15T17:28:50+05:30"
79,121,136,30.17,53.58,1634299161418,"2021-10-15T17:29:21+05:30"
85,124,138,30.05,53.7,1634299192726,"2021-10-15T17:29:52+05:30"
84,126,143,29.99,53.96,1634299222581,"2021-10-15T17:30:22+05:30"
85,125,140,29.95,54.46,1634299253180,"2021-10-15T17:30:53+05:30"
86,125,141,29.91,54.59,1634299283794,"2021-10-15T17:31:23+05:30"
86,126,141,29.89,54.73,1634299314316,"2021-10-15T17:31:54+05:30"
82,123,137,29.87,54.32,1634299344944,"2021-10-15T17:32:24+05:30"
81,124,136,29.89,54.9,1634299375493,"2021-10-15T17:32:55+05:30"
81,125,137,29.95,55.15,1634299406083,"2021-10-15T17:33:26+05:30"
79,121,134,29.96,54.49,1634299436639,"2021-10-15T17:33:56+05:30"
77,117,132,29.98,54.56,1634299467232,"2021-10-15T17:34:27+05:30"
79,115,125,30.03,54.81,1634299497845,"2021-10-15T17:34:57+05:30"
81,117,127,30.05,54.6,1634299528398,"2021-10-15T17:35:28+05:30"
78,118,127,30.06,54.37,1634299558995,"2021-10-15T17:35:58+05:30"
76,114,129,30.05,54.5,1634299589567,"2021-10-15T17:36:29+05:30"
77,116,126,30.06,54.6,1634299620164,"2021-10-15T17:37:00+05:30"
78,116,127,30.06,54.5,1634299650786,"2021-10-15T17:37:30+05:30"
78,118,131,30.07,54.54,1634299681329,"2021-10-15T17:38:01+05:30"
77,114,127,30.06,54.37,1634299711958,"2021-10-15T17:38:31+05:30"
77,115,130,30.07,54.6,1634299742568,"2021-10-15T17:39:02+05:30"
75,115,129,30.07,54.72,1634299773184,"2021-10-15T17:39:33+05:30"
115,180,199,29.68,58.18,1634301478560,"2021-10-15T18:07:58+05:30"
117,183,209,29.68,57.74,1634301509125,"2021-10-15T18:08:29+05:30"
114,177,197,29.74,57.79,1634301539338,"2021-10-15T18:08:59+05:30"
112,176,203,29.89,57.83,1634301569922,"2021-10-15T18:09:29+05:30"
113,178,205,30.02,57.26,1634301600575,"2021-10-15T18:10:00+05:30"
122,196,227,30.06,56.96,1634301631097,"2021-10-15T18:10:31+05:30"
128,205,230,30.14,57.03,1634301661660,"2021-10-15T18:11:01+05:30"
133,214,245,30.2,56.85,1634301692269,"2021-10-15T18:11:32+05:30"
130,208,235,30.26,56.78,1634301722899,"2021-10-15T18:12:02+05:30"
136,211,238,30.33,56.97,1634301753438,"2021-10-15T18:12:33+05:30"
148,239,269,30.43,57.29,1634301783996,"2021-10-15T18:13:03+05:30"
134,219,246,30.53,57.15,1634301814599,"2021-10-15T18:13:34+05:30"
125,202,226,30.54,55.96,1634301845199,"2021-10-15T18:14:05+05:30"
122,192,217,30.56,55.47,1634301875755,"2021-10-15T18:14:35+05:30"
119,190,211,30.6,55.66,1634301906408,"2021-10-15T18:15:06+05:30"
124,200,225,30.64,55.68,1634301936961,"2021-10-15T18:15:36+05:30"
126,197,219,30.64,55.51,1634301967637,"2021-10-15T18:16:07+05:30"
127,201,228,30.65,54.83,1634301998323,"2021-10-15T18:16:38+05:30"
126,205,230,30.67,55.09,1634302028961,"2021-10-15T18:17:08+05:30"
124,197,223,30.64,54.67,1634302059617,"2021-10-15T18:17:39+05:30"
127,202,222,30.61,54.34,1634302090290,"2021-10-15T18:18:10+05:30"
130,202,226,30.58,54.36,1634302110510,"2021-10-15T18:18:30+05:30"
128,200,230,30.52,54.59,1634302141087,"2021-10-15T18:19:01+05:30"
124,196,217,30.53,54.59,1634302171618,"2021-10-15T18:19:31+05:30"
129,206,235,30.52,54.35,1634302202211,"2021-10-15T18:20:02+05:30"
134,210,240,30.53,54.66,1634302232814,"2021-10-15T18:20:32+05:30"
151,242,272,30.53,54.21,1634302263403,"2021-10-15T18:21:03+05:30"
161,267,298,30.48,53.92,1634302293947,"2021-10-15T18:21:33+05:30"
139,226,255,30.46,53.93,1634302324518,"2021-10-15T18:22:04+05:30"
140,225,255,30.45,53.86,1634302357484,"2021-10-15T18:22:37+05:30"
126,202,226,30.47,53.05,1634302387576,"2021-10-15T18:23:07+05:30"
123,195,214,30.47,53.27,1634302418180,"2021-10-15T18:23:38+05:30"
121,198,222,30.46,52.97,1634302448730,"2021-10-15T18:24:08+05:30"
133,218,247,30.47,53.47,1634302479312,"2021-10-15T18:24:39+05:30"
151,252,286,30.49,53.49,1634302509896,"2021-10-15T18:25:09+05:30"
175,296,334,30.49,53.79,1634302540503,"2021-10-15T18:25:40+05:30"
160,263,294,30.48,53.25,1634302571077,"2021-10-15T18:26:11+05:30"
159,257,290,30.52,53.77,1634302601683,"2021-10-15T18:26:41+05:30"
152,250,280,30.57,53.55,1634302632700,"2021-10-15T18:27:12+05:30"
142,228,254,30.56,52.79,1634302662868,"2021-10-15T18:27:42+05:30"
136,222,249,30.57,52.62,1634302693467,"2021-10-15T18:28:13+05:30"
144,235,268,30.54,52.96,1634302724074,"2021-10-15T18:28:44+05:30"
138,226,255,30.52,53.14,1634302754653,"2021-10-15T18:29:14+05:30"
146,242,276,30.63,53.49,1634302785281,"2021-10-15T18:29:45+05:30"
153,260,299,30.71,53.3,1634302815884,"2021-10-15T18:30:15+05:30"
165,275,316,30.69,53.4,1634302846578,"2021-10-15T18:30:46+05:30"
152,255,285,30.69,53.42,1634302877114,"2021-10-15T18:31:17+05:30"
153,262,293,30.69,53.46,1634302907835,"2021-10-15T18:31:47+05:30"
152,249,280,30.7,53.68,1634302938280,"2021-10-15T18:32:18+05:30"
149,241,271,30.68,53.38,1634302968859,"2021-10-15T18:32:48+05:30"
140,228,255,30.67,53.53,1634302999434,"2021-10-15T18:33:19+05:30"
132,216,244,30.67,53.23,1634303030033,"2021-10-15T18:33:50+05:30"
128,209,241,30.68,53.27,1634303060627,"2021-10-15T18:34:20+05:30"
119,190,218,30.66,52.7,1634303091212,"2021-10-15T18:34:51+05:30"
127,198,226,30.57,52.9,1634303122006,"2021-10-15T18:35:22+05:30"
140,219,247,30.53,53.79,1634303152403,"2021-10-15T18:35:52+05:30"
130,203,222,30.53,53.98,1634303183014,"2021-10-15T18:36:23+05:30"
122,191,214,30.54,54.05,1634303213607,"2021-10-15T18:36:53+05:30"
119,188,210,30.54,54.07,1634303244207,"2021-10-15T18:37:24+05:30"
122,190,210,30.55,54.48,1634303277437,"2021-10-15T18:37:57+05:30"
114,175,192,30.56,54.08,1634303307701,"2021-10-15T18:38:27+05:30"
115,180,196,30.6,54.23,1634303328070,"2021-10-15T18:38:48+05:30"
114,177,193,30.6,54,1634303358641,"2021-10-15T18:39:18+05:30"
110,175,196,30.61,54.26,1634303389252,"2021-10-15T18:39:49+05:30"
108,173,194,30.65,53.81,1634303419879,"2021-10-15T18:40:19+05:30"
110,173,194,30.66,54.07,1634303450436,"2021-10-15T18:40:50+05:30"
119,183,207,30.68,53.89,1634303480997,"2021-10-15T18:41:20+05:30"
112,168,191,30.66,53.81,1634303511583,"2021-10-15T18:41:51+05:30"
111,173,192,30.64,53.75,1634303542217,"2021-10-15T18:42:22+05:30"
108,167,181,30.59,53.76,1634303572755,"2021-10-15T18:42:52+05:30"
111,169,185,30.61,53.96,1634303603358,"2021-10-15T18:43:23+05:30"
106,161,183,30.66,53.49,1634303633944,"2021-10-15T18:43:53+05:30"
101,158,175,30.66,53.32,1634303664547,"2021-10-15T18:44:24+05:30"
100,154,171,30.65,53.46,1634303695118,"2021-10-15T18:44:55+05:30"
100,154,170,30.64,53.61,1634303725729,"2021-10-15T18:45:25+05:30"
98,147,165,30.62,53.06,1634303756329,"2021-10-15T18:45:56+05:30"
102,153,171,30.6,53.09,1634303787099,"2021-10-15T18:46:27+05:30"
99,149,166,30.6,53.16,1634303817470,"2021-10-15T18:46:57+05:30"
98,143,161,30.58,52.98,1634303848059,"2021-10-15T18:47:28+05:30"
102,153,168,30.56,53.49,1634303878769,"2021-10-15T18:47:58+05:30"
97,149,162,30.55,53.1,1634303909325,"2021-10-15T18:48:29+05:30"
99,151,167,30.52,52.43,1634303939915,"2021-10-15T18:48:59+05:30"
99,151,171,30.48,52.93,1634303970474,"2021-10-15T18:49:30+05:30"
97,149,160,30.46,52.85,1634304001168,"2021-10-15T18:50:01+05:30"
93,140,154,30.48,52.37,1634304031755,"2021-10-15T18:50:31+05:30"
94,140,158,30.53,52.68,1634304062497,"2021-10-15T18:51:02+05:30"
94,145,160,30.57,52.49,1634304093030,"2021-10-15T18:51:33+05:30"
95,146,162,30.53,52.2,1634304123603,"2021-10-15T18:52:03+05:30"
94,145,161,30.54,52.36,1634304158720,"2021-10-15T18:52:38+05:30"
93,143,157,30.55,52.55,1634304188824,"2021-10-15T18:53:08+05:30"
92,143,165,30.56,52.08,1634304219415,"2021-10-15T18:53:39+05:30"
94,143,156,30.58,51.9,1634304249999,"2021-10-15T18:54:09+05:30"
91,144,159,30.56,51.77,1634304280656,"2021-10-15T18:54:40+05:30"
90,139,156,30.56,51.93,1634304311255,"2021-10-15T18:55:11+05:30"
90,139,152,30.55,51.69,1634304341820,"2021-10-15T18:55:41+05:30"
89,137,154,30.52,51.72,1634304372374,"2021-10-15T18:56:12+05:30"
92,146,165,30.51,51.95,1634304403008,"2021-10-15T18:56:43+05:30"
92,142,160,30.54,52.01,1634304433565,"2021-10-15T18:57:13+05:30"
93,141,157,30.53,52.07,1634304464145,"2021-10-15T18:57:44+05:30"
91,141,159,30.61,51.95,1634304494708,"2021-10-15T18:58:14+05:30"
91,137,153,30.61,51.98,1634304525615,"2021-10-15T18:58:45+05:30"
92,141,158,30.62,51.76,1634304556167,"2021-10-15T18:59:16+05:30"
91,142,157,30.59,51.82,1634304586470,"2021-10-15T18:59:46+05:30"
92,143,160,30.55,51.81,1634304617055,"2021-10-15T19:00:17+05:30"
91,141,156,30.52,52.2,1634304647883,"2021-10-15T19:00:47+05:30"
92,141,158,30.54,52.38,1634304678596,"2021-10-15T19:01:18+05:30"
91,140,154,30.54,51.63,1634304709256,"2021-10-15T19:01:49+05:30"
90,137,154,30.5,51.47,1634304739943,"2021-10-15T19:02:19+05:30"
93,140,153,30.5,51.59,1634304760690,"2021-10-15T19:02:40+05:30"
94,145,162,30.45,51.39,1634304791570,"2021-10-15T19:03:11+05:30"
92,144,160,30.36,51.32,1634304821972,"2021-10-15T19:03:41+05:30"
101,152,166,30.26,51.56,1634304852924,"2021-10-15T19:04:12+05:30"
108,162,180,30.22,51.89,1634304883437,"2021-10-15T19:04:43+05:30"
108,164,181,30.23,52.35,1634304914008,"2021-10-15T19:05:14+05:30"
110,165,183,30.26,52.71,1634304944598,"2021-10-15T19:05:44+05:30"
111,166,183,30.3,52.07,1634304975191,"2021-10-15T19:06:15+05:30"
110,169,189,30.26,51.85,1634305005807,"2021-10-15T19:06:45+05:30"
107,169,191,30.26,51.98,1634305036399,"2021-10-15T19:07:16+05:30"
108,171,190,30.27,52.2,1634305065620,"2021-10-15T19:07:45+05:30"
107,164,186,30.28,52.53,1634305095957,"2021-10-15T19:08:15+05:30"
106,166,186,30.26,52.35,1634305126524,"2021-10-15T19:08:46+05:30"
110,167,186,30.26,52.71,1634305157119,"2021-10-15T19:09:17+05:30"
109,173,193,30.29,52.69,1634305187847,"2021-10-15T19:09:47+05:30"
113,177,195,30.33,52.75,1634305218406,"2021-10-15T19:10:18+05:30"
117,184,206,30.33,52.85,1634305248984,"2021-10-15T19:10:48+05:30"
115,181,203,30.34,52.72,1634305279668,"2021-10-15T19:11:19+05:30"
114,184,207,30.34,52.99,1634305310435,"2021-10-15T19:11:50+05:30"
116,180,198,30.34,52.75,1634305340895,"2021-10-15T19:12:20+05:30"
112,176,191,30.36,52.38,1634305371507,"2021-10-15T19:12:51+05:30"
107,165,184,30.35,51.82,1634305402050,"2021-10-15T19:13:22+05:30"
108,165,182,30.35,51.96,1634305432632,"2021-10-15T19:13:52+05:30"
108,166,182,30.33,52.19,1634305463360,"2021-10-15T19:14:23+05:30"
108,173,193,30.32,52.2,1634305493895,"2021-10-15T19:14:53+05:30"
105,167,189,30.35,52.19,1634305524465,"2021-10-15T19:15:24+05:30"
104,161,180,30.43,51.96,1634305555052,"2021-10-15T19:15:55+05:30"
100,159,172,30.43,51.57,1634305585881,"2021-10-15T19:16:25+05:30"
101,160,179,30.43,51.56,1634305616261,"2021-10-15T19:16:56+05:30"
106,167,182,30.45,51.78,1634305647083,"2021-10-15T19:17:27+05:30"
102,162,182,30.46,51.41,1634305677427,"2021-10-15T19:17:57+05:30"
101,160,177,30.49,51.61,1634305707985,"2021-10-15T19:18:27+05:30"
100,162,179,30.5,51.6,1634305738579,"2021-10-15T19:18:58+05:30"
102,159,177,30.49,51.35,1634305769217,"2021-10-15T19:19:29+05:30"
103,163,181,30.46,51.55,1634305799749,"2021-10-15T19:19:59+05:30"
103,164,181,30.48,51.69,1634305830358,"2021-10-15T19:20:30+05:30"
99,158,177,30.5,51,1634305860986,"2021-10-15T19:21:00+05:30"
101,158,171,30.51,50.72,1634305891536,"2021-10-15T19:21:31+05:30"
101,158,175,30.48,50.34,1634305922139,"2021-10-15T19:22:02+05:30"
104,163,180,30.48,50.55,1634305958806,"2021-10-15T19:22:38+05:30"
105,167,184,30.43,50.47,1634305989013,"2021-10-15T19:23:09+05:30"
102,160,180,30.43,50.78,1634306019604,"2021-10-15T19:23:39+05:30"
106,167,178,30.42,50.74,1634306050205,"2021-10-15T19:24:10+05:30"
105,166,185,30.41,50.82,1634306080929,"2021-10-15T19:24:40+05:30"
101,162,180,30.37,50.43,1634306111385,"2021-10-15T19:25:11+05:30"
102,159,177,30.33,50.44,1634306141990,"2021-10-15T19:25:41+05:30"
99,155,171,30.28,50.27,1634306172613,"2021-10-15T19:26:12+05:30"
102,161,182,30.28,50.37,1634306203167,"2021-10-15T19:26:43+05:30"
109,172,194,30.25,50.51,1634306233722,"2021-10-15T19:27:13+05:30"
110,179,202,30.23,50.66,1634306264340,"2021-10-15T19:27:44+05:30"
106,168,186,30.21,50.44,1634306294909,"2021-10-15T19:28:14+05:30"
106,168,190,30.17,50.6,1634306325506,"2021-10-15T19:28:45+05:30"
104,163,180,30.17,50.71,1634306356232,"2021-10-15T19:29:16+05:30"
101,158,177,30.23,50.79,1634306386720,"2021-10-15T19:29:46+05:30"
103,159,178,30.29,50.65,1634306417304,"2021-10-15T19:30:17+05:30"
95,155,177,30.36,50.56,1634306447937,"2021-10-15T19:30:47+05:30"
99,153,166,30.34,50.38,1634306478487,"2021-10-15T19:31:18+05:30"
100,157,176,30.33,50.61,1634306509067,"2021-10-15T19:31:49+05:30"
102,156,175,30.36,50.63,1634306539616,"2021-10-15T19:32:19+05:30"
100,153,166,30.34,50.19,1634306570219,"2021-10-15T19:32:50+05:30"
96,153,167,30.34,50.38,1634306600829,"2021-10-15T19:33:20+05:30"
98,157,177,30.33,50.15,1634306631368,"2021-10-15T19:33:51+05:30"
96,152,168,30.28,50.06,1634306661937,"2021-10-15T19:34:21+05:30"
98,152,172,30.35,50.72,1634306692536,"2021-10-15T19:34:52+05:30"
99,151,169,30.43,50.39,1634306723134,"2021-10-15T19:35:23+05:30"
100,157,176,30.39,50.41,1634306753772,"2021-10-15T19:35:53+05:30"
102,156,180,30.38,50.85,1634306784581,"2021-10-15T19:36:24+05:30"
102,160,179,30.41,50.97,1634306815128,"2021-10-15T19:36:55+05:30"
102,162,182,30.45,50.72,1634306845710,"2021-10-15T19:37:25+05:30"
106,166,186,30.47,50.73,1634306877647,"2021-10-15T19:37:57+05:30"
102,161,186,30.47,50.33,1634306908065,"2021-10-15T19:38:28+05:30"
101,160,194,30.43,50.5,1634306928266,"2021-10-15T19:38:48+05:30"
104,161,183,30.43,50.41,1634306958847,"2021-10-15T19:39:18+05:30"
108,170,195,30.4,50.39,1634306989851,"2021-10-15T19:39:49+05:30"
107,171,192,30.38,50.76,1634307020168,"2021-10-15T19:40:20+05:30"
107,172,189,30.35,50.65,1634307050777,"2021-10-15T19:40:50+05:30"
107,169,193,30.38,50.91,1634307081435,"2021-10-15T19:41:21+05:30"
110,179,205,30.42,51.08,1634307111981,"2021-10-15T19:41:51+05:30"
109,179,199,30.44,50.85,1634307142581,"2021-10-15T19:42:22+05:30"
110,180,200,30.4,50.82,1634307173181,"2021-10-15T19:42:53+05:30"
110,175,204,30.4,50.98,1634307203813,"2021-10-15T19:43:23+05:30"
109,170,190,30.42,50.59,1634307234362,"2021-10-15T19:43:54+05:30"
111,177,194,30.36,50.45,1634307264983,"2021-10-15T19:44:24+05:30"
108,172,189,30.33,50.76,1634307295546,"2021-10-15T19:44:55+05:30"
108,170,188,30.35,50.93,1634307326612,"2021-10-15T19:45:26+05:30"
110,173,192,30.39,51.14,1634307356753,"2021-10-15T19:45:56+05:30"
108,176,196,30.39,51.07,1634307387524,"2021-10-15T19:46:27+05:30"
109,171,189,30.35,50.93,1634307418037,"2021-10-15T19:46:58+05:30"
111,172,193,30.4,51.49,1634307448542,"2021-10-15T19:47:28+05:30"
106,168,185,30.46,51.12,1634307479114,"2021-10-15T19:47:59+05:30"
105,166,186,30.55,51.23,1634307509696,"2021-10-15T19:48:29+05:30"
106,165,185,30.61,50.99,1634307540299,"2021-10-15T19:49:00+05:30"
109,168,187,30.62,50.72,1634307571066,"2021-10-15T19:49:31+05:30"
108,167,189,30.63,50.74,1634307601868,"2021-10-15T19:50:01+05:30"
109,169,190,30.64,50.64,1634307632076,"2021-10-15T19:50:32+05:30"
106,167,180,30.67,50.93,1634307662684,"2021-10-15T19:51:02+05:30"
105,163,182,30.61,50.9,1634307693256,"2021-10-15T19:51:33+05:30"
105,164,183,30.55,50.74,1634307723852,"2021-10-15T19:52:03+05:30"
104,160,175,30.54,51.03,1634307757828,"2021-10-15T19:52:37+05:30"
102,160,188,30.5,51.03,1634307788725,"2021-10-15T19:53:08+05:30"
105,166,186,30.46,51.21,1634307818964,"2021-10-15T19:53:38+05:30"
103,159,174,30.49,51.39,1634307849646,"2021-10-15T19:54:09+05:30"
107,166,186,30.54,51.65,1634307880265,"2021-10-15T19:54:40+05:30"
101,159,176,30.58,51.47,1634307910841,"2021-10-15T19:55:10+05:30"
100,159,179,30.54,51.15,1634307941432,"2021-10-15T19:55:41+05:30"
99,153,171,30.51,51.57,1634307972127,"2021-10-15T19:56:12+05:30"
97,148,164,30.49,51.29,1634308002625,"2021-10-15T19:56:42+05:30"
96,148,163,30.46,51.48,1634308033184,"2021-10-15T19:57:13+05:30"
96,150,162,30.45,51.32,1634308063750,"2021-10-15T19:57:43+05:30"
94,147,163,30.46,51.62,1634308094319,"2021-10-15T19:58:14+05:30"
96,151,168,30.56,51.69,1634308124899,"2021-10-15T19:58:44+05:30"
98,153,170,30.57,51.31,1634308155552,"2021-10-15T19:59:15+05:30"
95,150,166,30.59,51.36,1634308186131,"2021-10-15T19:59:46+05:30"
97,150,166,30.62,51.23,1634308216727,"2021-10-15T20:00:16+05:30"
95,147,163,30.65,51.04,1634308247290,"2021-10-15T20:00:47+05:30"
96,146,162,30.64,50.85,1634308277874,"2021-10-15T20:01:17+05:30"
99,152,166,30.65,50.96,1634308308487,"2021-10-15T20:01:48+05:30"
99,149,164,30.66,51.04,1634308339054,"2021-10-15T20:02:19+05:30"
92,141,158,30.59,50.49,1634308369620,"2021-10-15T20:02:49+05:30"
94,147,170,30.49,51.02,1634308400203,"2021-10-15T20:03:20+05:30"
95,147,163,30.54,51.2,1634308430842,"2021-10-15T20:03:50+05:30"
93,145,161,30.59,51.08,1634308461338,"2021-10-15T20:04:21+05:30"
94,144,158,30.59,50.81,1634308492038,"2021-10-15T20:04:52+05:30"
98,144,160,30.54,50.83,1634308522503,"2021-10-15T20:05:22+05:30"
96,144,160,30.56,51.28,1634308553260,"2021-10-15T20:05:53+05:30"
96,144,154,30.6,51.22,1634308583769,"2021-10-15T20:06:23+05:30"
95,142,155,30.59,51.18,1634308614400,"2021-10-15T20:06:54+05:30"
97,147,165,30.56,51.47,1634308644953,"2021-10-15T20:07:24+05:30"
97,149,163,30.54,51.52,1634308667329,"2021-10-15T20:07:47+05:30"
96,148,172,30.58,51.7,1634308697741,"2021-10-15T20:08:17+05:30"
97,148,169,30.6,51.46,1634308728391,"2021-10-15T20:08:48+05:30"
98,153,169,30.62,51.13,1634308758974,"2021-10-15T20:09:18+05:30"
103,159,175,30.63,50.91,1634308789545,"2021-10-15T20:09:49+05:30"
103,155,170,30.62,50.61,1634308820109,"2021-10-15T20:10:20+05:30"
103,158,174,30.58,50.67,1634308850714,"2021-10-15T20:10:50+05:30"
102,154,170,30.55,50.72,1634308881384,"2021-10-15T20:11:21+05:30"
102,158,178,30.55,50.78,1634308911972,"2021-10-15T20:11:51+05:30"
102,154,173,30.54,51.04,1634308942571,"2021-10-15T20:12:22+05:30"
107,163,177,30.52,50.95,1634308973150,"2021-10-15T20:12:53+05:30"
108,165,184,30.52,51.17,1634309003773,"2021-10-15T20:13:23+05:30"
106,159,177,30.53,51.13,1634309034357,"2021-10-15T20:13:54+05:30"
104,161,179,30.54,51.16,1634309064957,"2021-10-15T20:14:24+05:30"
103,157,175,30.51,50.94,1634309095596,"2021-10-15T20:14:55+05:30"
99,155,169,30.52,51,1634309126116,"2021-10-15T20:15:26+05:30"
103,157,169,30.47,50.83,1634309156752,"2021-10-15T20:15:56+05:30"
102,153,172,30.44,50.85,1634309187276,"2021-10-15T20:16:27+05:30"
103,154,173,30.43,51.03,1634309217905,"2021-10-15T20:16:57+05:30"
100,152,165,30.4,51.01,1634309248445,"2021-10-15T20:17:28+05:30"
100,151,172,30.37,51.06,1634309279058,"2021-10-15T20:17:59+05:30"
101,155,173,30.33,51,1634309309656,"2021-10-15T20:18:29+05:30"
100,150,163,30.3,50.85,1634309340229,"2021-10-15T20:19:00+05:30"
101,153,171,30.28,50.49,1634309370818,"2021-10-15T20:19:30+05:30"
105,155,173,30.25,50.77,1634309401444,"2021-10-15T20:20:01+05:30"
107,155,172,30.26,50.87,1634309432073,"2021-10-15T20:20:32+05:30"
109,164,184,30.26,50.69,1634309462604,"2021-10-15T20:21:02+05:30"
110,167,181,30.26,50.64,1634309493156,"2021-10-15T20:21:33+05:30"
112,169,187,30.25,50.71,1634309523796,"2021-10-15T20:22:03+05:30"
109,168,190,30.24,50.83,1634309559545,"2021-10-15T20:22:39+05:30"
111,167,181,30.24,50.78,1634309589835,"2021-10-15T20:23:09+05:30"
111,166,184,30.27,50.67,1634309620444,"2021-10-15T20:23:40+05:30"
113,175,188,30.26,50.87,1634309651035,"2021-10-15T20:24:11+05:30"
114,178,195,30.26,51.43,1634309681613,"2021-10-15T20:24:41+05:30"
117,182,195,30.3,51.55,1634309713686,"2021-10-15T20:25:13+05:30"
119,181,196,30.32,51.61,1634309742862,"2021-10-15T20:25:42+05:30"
117,177,198,30.29,51.99,1634309773450,"2021-10-15T20:26:13+05:30"
116,183,203,30.29,51.9,1634309804068,"2021-10-15T20:26:44+05:30"
117,181,201,30.31,51.62,1634309834632,"2021-10-15T20:27:14+05:30"
114,176,192,30.3,51.61,1634309865145,"2021-10-15T20:27:45+05:30"
115,178,201,30.28,51.63,1634309896598,"2021-10-15T20:28:16+05:30"
115,178,201,30.28,51.63,1634309897978,"2021-10-15T20:28:17+05:30"
113,174,191,30.25,51.36,1634309926334,"2021-10-15T20:28:46+05:30"
112,173,190,30.25,51.54,1634309957266,"2021-10-15T20:29:17+05:30"
110,171,192,30.22,51.37,1634309987830,"2021-10-15T20:29:47+05:30"
112,173,189,30.22,51.46,1634310018585,"2021-10-15T20:30:18+05:30"
116,174,191,30.22,51.49,1634310049072,"2021-10-15T20:30:49+05:30"
115,175,190,30.21,51.47,1634310079777,"2021-10-15T20:31:19+05:30"
111,168,185,30.22,51.53,1634310110371,"2021-10-15T20:31:50+05:30"
108,165,179,30.25,51.5,1634310144489,"2021-10-15T20:32:24+05:30"
110,170,187,30.32,51.49,1634310263203,"2021-10-15T20:34:23+05:30"
108,169,191,30.32,51.26,1634310293362,"2021-10-15T20:34:53+05:30"
110,171,190,30.32,51.21,1634310323964,"2021-10-15T20:35:23+05:30"
109,169,190,30.3,51.13,1634310354459,"2021-10-15T20:35:54+05:30"
109,167,187,30.28,51.14,1634310385085,"2021-10-15T20:36:25+05:30"
106,168,188,30.28,51.19,1634310415688,"2021-10-15T20:36:55+05:30"
106,161,177,30.24,51.09,1634310446260,"2021-10-15T20:37:26+05:30"
105,162,180,30.24,51.14,1634310476842,"2021-10-15T20:37:56+05:30"
106,164,180,30.25,51.36,1634310507470,"2021-10-15T20:38:27+05:30"
106,168,186,30.3,51.19,1634310538062,"2021-10-15T20:38:58+05:30"
106,165,182,30.33,51.09,1634310569172,"2021-10-15T20:39:29+05:30"
106,167,182,30.34,51.15,1634310599417,"2021-10-15T20:39:59+05:30"
107,165,185,30.3,50.89,1634310630013,"2021-10-15T20:40:30+05:30"
105,162,184,30.21,50.99,1634310660605,"2021-10-15T20:41:00+05:30"
107,170,188,30.18,51.13,1634310691224,"2021-10-15T20:41:31+05:30"
110,171,190,30.16,51.34,1634310722078,"2021-10-15T20:42:02+05:30"
113,175,201,30.15,51.56,1634310742350,"2021-10-15T20:42:22+05:30"
112,169,187,30.12,51.5,1634310772937,"2021-10-15T20:42:52+05:30"
111,173,190,30.14,51.62,1634310803521,"2021-10-15T20:43:23+05:30"
113,171,190,30.14,51.6,1634310834124,"2021-10-15T20:43:54+05:30"
112,172,191,30.13,51.61,1634310864713,"2021-10-15T20:44:24+05:30"
112,172,194,30.15,51.61,1634310895555,"2021-10-15T20:44:55+05:30"
113,171,190,30.2,51.45,1634310925889,"2021-10-15T20:45:25+05:30"
113,173,187,30.22,51.31,1634310956517,"2021-10-15T20:45:56+05:30"
112,172,187,30.21,51.36,1634310987116,"2021-10-15T20:46:27+05:30"
114,171,187,30.21,51.54,1634311017668,"2021-10-15T20:46:57+05:30"
111,175,192,30.2,51.51,1634311048266,"2021-10-15T20:47:28+05:30"
112,169,187,30.14,51.45,1634311078860,"2021-10-15T20:47:58+05:30"
113,170,196,30.1,51.4,1634311109471,"2021-10-15T20:48:29+05:30"
109,167,186,30.03,51.62,1634311140066,"2021-10-15T20:49:00+05:30"
111,167,189,30.01,51.82,1634311170194,"2021-10-15T20:49:30+05:30"
108,169,185,30.01,51.8,1634311200488,"2021-10-15T20:50:00+05:30"
109,168,187,29.98,51.6,1634311231109,"2021-10-15T20:50:31+05:30"
109,168,186,30.01,52.45,1634311261699,"2021-10-15T20:51:01+05:30"
107,164,181,30.04,52.38,1634311292269,"2021-10-15T20:51:32+05:30"
111,166,181,30.01,52.55,1634311322868,"2021-10-15T20:52:02+05:30"
109,168,187,30.01,52.25,1634311353465,"2021-10-15T20:52:33+05:30"
110,170,187,30.01,52.31,1634311384216,"2021-10-15T20:53:04+05:30"
108,163,182,30.03,52.3,1634311414655,"2021-10-15T20:53:34+05:30"
108,163,182,30.07,52.04,1634311445239,"2021-10-15T20:54:05+05:30"
109,168,182,30.1,51.91,1634311475849,"2021-10-15T20:54:35+05:30"
106,164,184,30.05,51.75,1634311506430,"2021-10-15T20:55:06+05:30"
108,166,181,30.09,52.1,1634311537137,"2021-10-15T20:55:37+05:30"
109,165,182,30.12,52.02,1634311567604,"2021-10-15T20:56:07+05:30"
110,171,186,30.15,52.02,1634311598261,"2021-10-15T20:56:38+05:30"
107,162,177,30.12,51.84,1634311628839,"2021-10-15T20:57:08+05:30"
106,163,180,30.11,51.77,1634311659527,"2021-10-15T20:57:39+05:30"
106,163,180,30.11,51.77,1634311663559,"2021-10-15T20:57:43+05:30"
112,167,183,30.07,52.08,1634311690060,"2021-10-15T20:58:10+05:30"
109,165,181,30.02,52.34,1634311720591,"2021-10-15T20:58:40+05:30"
110,169,187,30,52.3,1634311751261,"2021-10-15T20:59:11+05:30"
108,168,184,30.02,52.46,1634311781770,"2021-10-15T20:59:41+05:30"
109,171,187,30.03,52.21,1634311812392,"2021-10-15T21:00:12+05:30"
111,170,182,30.01,52.26,1634311842966,"2021-10-15T21:00:42+05:30"
111,172,186,29.99,52.21,1634311873609,"2021-10-15T21:01:13+05:30"
113,174,190,30.01,52.46,1634311904149,"2021-10-15T21:01:44+05:30"
112,175,196,30.02,52.28,1634311934763,"2021-10-15T21:02:14+05:30"
113,170,187,30.06,52.24,1634311965339,"2021-10-15T21:02:45+05:30"
111,169,186,30.06,52.32,1634311995927,"2021-10-15T21:03:15+05:30"
115,176,195,30.06,52.48,1634312026539,"2021-10-15T21:03:46+05:30"
114,173,189,30.12,51.93,1634312085336,"2021-10-15T21:04:45+05:30"
113,172,190,30.1,52.35,1634312115656,"2021-10-15T21:05:15+05:30"
115,179,197,30.06,52.38,1634312146180,"2021-10-15T21:05:46+05:30"
122,184,205,30.04,52.42,1634312176755,"2021-10-15T21:06:16+05:30"
117,181,198,30.04,52.44,1634312207349,"2021-10-15T21:06:47+05:30"
118,179,194,30.05,52.6,1634312237960,"2021-10-15T21:07:17+05:30"
118,182,196,30.04,52.53,1634312268674,"2021-10-15T21:07:48+05:30"
118,180,194,30.08,52.75,1634312299276,"2021-10-15T21:08:19+05:30"
119,181,196,30.1,52.49,1634312329848,"2021-10-15T21:08:49+05:30"
117,180,196,30.09,52.65,1634312360479,"2021-10-15T21:09:20+05:30"
120,182,194,30.09,52.62,1634312391036,"2021-10-15T21:09:51+05:30"
119,186,204,30.06,52.65,1634312421637,"2021-10-15T21:10:21+05:30"
122,188,204,30.02,52.85,1634312452245,"2021-10-15T21:10:52+05:30"
122,191,214,29.99,52.87,1634312482807,"2021-10-15T21:11:22+05:30"
121,183,199,30.01,52.7,1634312513509,"2021-10-15T21:11:53+05:30"
124,189,208,29.99,52.93,1634312544005,"2021-10-15T21:12:24+05:30"
126,189,210,29.98,52.93,1634312574603,"2021-10-15T21:12:54+05:30"
123,192,212,30,53.05,1634312605171,"2021-10-15T21:13:25+05:30"
121,190,211,29.97,52.91,1634312635783,"2021-10-15T21:13:55+05:30"
125,195,222,29.92,53.09,1634312666363,"2021-10-15T21:14:26+05:30"
127,197,218,29.89,53.14,1634312696924,"2021-10-15T21:14:56+05:30"
125,195,215,29.91,53.45,1634312727578,"2021-10-15T21:15:27+05:30"
126,194,217,30.01,53.2,1634312758167,"2021-10-15T21:15:58+05:30"
122,188,210,30.05,53.09,1634312788716,"2021-10-15T21:16:28+05:30"
125,194,213,30.07,52.92,1634312819306,"2021-10-15T21:16:59+05:30"
123,190,216,30.07,52.85,1634312849890,"2021-10-15T21:17:29+05:30"
123,193,215,30.05,52.61,1634312880479,"2021-10-15T21:18:00+05:30"
124,193,215,30.03,52.74,1634312911100,"2021-10-15T21:18:31+05:30"
126,188,213,29.97,52.77,1634312941694,"2021-10-15T21:19:01+05:30"
128,195,215,29.9,52.75,1634312964552,"2021-10-15T21:19:24+05:30"