02/11/2021T06:59:12Z,153,272,296,58.03,25.07,993.26 
02/11/2021T06:59:37Z,172,306,358,57.10,25.16,993.45 
02/11/2021T07:00:08Z,198,370,457,57.00,25.34,993.44 
02/11/2021T07:00:38Z,186,342,408,57.07,25.56,993.33 
02/11/2021T07:01:08Z,188,350,411,56.62,25.78,993.38 
02/11/2021T07:01:39Z,183,329,385,56.13,25.97,993.45 
02/11/2021T07:02:09Z,183,332,392,55.60,26.11,993.54 
02/11/2021T07:02:40Z,181,317,370,54.72,26.24,993.73 
02/11/2021T07:03:10Z,167,286,330,54.23,26.34,993.82 
02/11/2021T07:03:41Z,163,290,332,54.30,26.43,993.75 
02/11/2021T07:04:11Z,163,286,335,54.21,26.50,993.77 
02/11/2021T07:04:42Z,162,295,346,54.53,26.54,993.63 
02/11/2021T07:05:12Z,161,283,330,54.01,26.60,993.75 
02/11/2021T07:05:43Z,166,292,337,53.67,26.61,993.85 
02/11/2021T07:06:14Z,164,289,333,53.13,26.62,993.99 
02/11/2021T07:06:44Z,169,294,337,53.67,26.63,993.78 
02/11/2021T07:07:14Z,174,310,371,53.22,26.70,993.90 
02/11/2021T07:07:45Z,178,313,368,53.28,26.66,993.91 
02/11/2021T07:08:15Z,182,324,378,53.73,26.60,993.74 
02/11/2021T07:08:45Z,210,399,469,53.70,26.70,993.68 
02/11/2021T07:09:16Z,184,319,365,53.38,26.76,993.78 
02/11/2021T07:09:47Z,168,288,327,53.60,26.83,993.65 
02/11/2021T07:10:17Z,163,278,318,53.40,26.84,993.72 
02/11/2021T07:10:48Z,164,287,331,53.28,26.87,993.72 
02/11/2021T07:11:19Z,147,247,281,53.26,26.87,993.72 
02/11/2021T07:11:49Z,166,286,324,52.98,26.90,993.82 
02/11/2021T07:12:19Z,152,261,297,52.79,26.85,993.89 
02/11/2021T07:12:50Z,157,274,307,52.96,26.87,993.78 
02/11/2021T07:13:20Z,148,250,293,52.11,26.90,994.07 
02/11/2021T07:13:51Z,153,264,310,53.24,26.91,993.64 
02/11/2021T07:14:21Z,152,259,309,53.57,26.92,993.45 
02/11/2021T07:14:52Z,151,260,300,53.32,26.92,993.56 
02/11/2021T07:15:23Z,151,262,302,53.82,26.89,993.37 
02/11/2021T07:15:53Z,145,247,298,53.31,26.84,993.54 
02/11/2021T07:16:24Z,140,231,272,53.52,26.76,993.53 
02/11/2021T07:16:54Z,138,232,268,53.60,26.79,993.45 
02/11/2021T07:17:24Z,138,236,275,53.20,26.81,993.60 
02/11/2021T07:17:55Z,142,241,284,52.95,26.81,993.68 
02/11/2021T07:18:26Z,140,232,265,51.97,26.80,993.98 
02/11/2021T07:18:56Z,144,227,256,52.34,26.72,993.90 
02/11/2021T07:19:27Z,139,232,265,53.73,26.76,993.32 
02/11/2021T07:19:57Z,139,229,267,53.66,26.79,993.27 
02/11/2021T07:20:27Z,133,215,244,52.61,26.80,993.68 
02/11/2021T07:20:58Z,131,215,243,52.72,26.83,993.62 
02/11/2021T07:21:29Z,127,211,243,52.03,26.82,993.85 
02/11/2021T07:21:59Z,130,210,242,52.80,26.84,993.54 
02/11/2021T07:22:29Z,125,200,229,52.28,26.84,993.69 
02/11/2021T07:23:00Z,126,206,234,52.54,26.82,993.61 
02/11/2021T07:23:30Z,122,198,226,51.97,26.87,993.75 
02/11/2021T07:24:00Z,118,191,217,50.98,26.88,994.06 
02/11/2021T07:24:30Z,105,171,192,50.02,26.78,994.47 
02/11/2021T07:25:00Z,109,177,196,50.67,26.82,994.16 
02/11/2021T07:25:31Z,109,180,204,50.88,26.84,994.03 
02/11/2021T07:26:01Z,104,168,184,50.44,26.81,994.19 
02/11/2021T07:26:31Z,111,180,201,51.26,26.82,993.83 
02/11/2021T07:27:01Z,104,170,189,50.77,26.80,994.00 
02/11/2021T07:27:32Z,103,165,186,50.63,26.80,994.06 
02/11/2021T07:28:02Z,106,170,189,51.08,26.78,993.86 
02/11/2021T07:28:33Z,102,160,176,49.89,26.77,994.29 
02/11/2021T07:29:03Z,103,163,182,50.52,26.78,994.06 
02/11/2021T07:29:34Z,100,156,174,50.53,26.81,993.98 
02/11/2021T07:30:05Z,101,161,180,50.74,26.78,993.90 
02/11/2021T07:30:35Z,101,163,181,50.84,26.82,993.84 
02/11/2021T07:31:05Z,101,163,185,49.96,26.85,994.11 
02/11/2021T07:31:36Z,101,162,186,48.80,26.88,994.50 
02/11/2021T07:32:06Z,102,164,181,49.92,26.88,994.16 
02/11/2021T07:32:37Z,100,165,187,50.52,26.90,993.85 
02/11/2021T07:33:07Z,99,159,182,50.37,26.92,993.86 
02/11/2021T07:33:38Z,95,154,177,50.36,26.92,993.87 
02/11/2021T07:34:09Z,98,157,178,50.21,26.91,993.93 
02/11/2021T07:34:40Z,98,156,179,49.60,26.90,994.15 
02/11/2021T07:35:10Z,96,152,170,49.72,26.87,994.13 
02/11/2021T07:35:40Z,96,158,175,50.50,26.79,993.85 
02/11/2021T07:36:11Z,94,151,167,50.74,26.80,993.68 
02/11/2021T07:36:41Z,90,145,161,49.78,26.73,994.05 
02/11/2021T07:37:12Z,90,143,160,50.37,26.76,993.82 
02/11/2021T07:37:42Z,88,143,164,50.53,26.79,993.70 
02/11/2021T07:38:12Z,85,139,154,49.46,26.84,994.04 
02/11/2021T07:38:43Z,83,131,140,48.58,26.82,994.44 
02/11/2021T07:39:13Z,81,134,149,48.29,26.90,994.49 
02/11/2021T07:39:43Z,85,134,152,48.13,26.97,994.48 
02/11/2021T07:40:14Z,87,136,159,49.41,27.08,993.95 
02/11/2021T07:40:45Z,86,134,150,48.47,27.07,994.29 
02/11/2021T07:41:15Z,85,130,144,48.93,27.06,994.13 
02/11/2021T07:41:46Z,81,125,138,49.36,27.07,993.92 
02/11/2021T07:42:16Z,82,131,144,49.20,27.02,993.96 
02/11/2021T07:42:47Z,85,135,157,50.02,26.99,993.67 
02/11/2021T07:43:17Z,85,135,155,50.32,27.01,993.49 
02/11/2021T07:43:47Z,82,135,155,49.21,27.00,993.91 
02/11/2021T07:44:18Z,84,133,150,50.08,27.03,993.60 
02/11/2021T07:44:48Z,85,141,168,50.16,26.95,993.54 
02/11/2021T07:45:19Z,81,135,157,49.96,26.92,993.59 
02/11/2021T07:45:49Z,84,136,155,50.10,26.90,993.57 
02/11/2021T07:46:19Z,82,132,154,49.60,26.88,993.71 
02/11/2021T07:46:49Z,79,128,146,49.15,26.85,993.93 
02/11/2021T07:47:19Z,81,130,148,48.98,26.80,994.03 
02/11/2021T07:47:50Z,80,130,148,49.54,26.78,993.77 
02/11/2021T07:48:20Z,78,128,143,49.56,26.76,993.77 
02/11/2021T07:48:51Z,78,123,137,49.49,26.77,993.78 
02/11/2021T07:49:21Z,76,120,137,49.14,26.76,993.91 
02/11/2021T07:49:51Z,77,125,145,49.19,26.74,993.91 
02/11/2021T07:50:22Z,78,127,142,49.05,26.72,993.91 
02/11/2021T07:50:53Z,77,123,141,48.24,26.75,994.23 
02/11/2021T07:51:23Z,79,126,146,48.77,26.77,994.00 
02/11/2021T07:51:53Z,77,125,142,49.03,26.80,993.90 
02/11/2021T07:52:23Z,78,121,137,47.36,26.78,994.48 
02/11/2021T07:52:54Z,77,123,141,48.05,26.76,994.26 
02/11/2021T07:53:25Z,76,120,139,48.40,26.78,994.08 
02/11/2021T07:53:55Z,75,121,137,48.09,26.83,994.14 
02/11/2021T07:54:26Z,75,116,132,46.63,26.85,994.63 
02/11/2021T07:54:57Z,74,118,135,46.95,26.89,994.53 
02/11/2021T07:55:27Z,72,114,131,46.04,26.89,994.84 
02/11/2021T07:55:58Z,71,112,129,46.05,26.92,994.81 
02/11/2021T07:56:28Z,68,109,122,44.98,26.96,995.14 
02/11/2021T07:56:58Z,70,113,129,45.67,26.99,994.88 
02/11/2021T07:57:28Z,70,114,130,45.83,27.01,994.78 
02/11/2021T07:57:58Z,74,115,134,46.34,26.98,994.59 
02/11/2021T07:58:29Z,72,113,129,46.32,26.94,994.54 
02/11/2021T07:59:00Z,68,110,133,44.79,26.94,995.08 
02/11/2021T07:59:30Z,69,119,146,45.72,26.92,994.79 
02/11/2021T08:00:01Z,70,115,131,46.46,26.93,994.43 
02/11/2021T08:00:32Z,71,113,130,46.79,26.91,994.31 
02/11/2021T08:01:02Z,72,114,133,47.03,26.85,994.19 
02/11/2021T08:01:33Z,74,114,127,47.73,26.81,993.95 
02/11/2021T08:02:03Z,74,110,122,47.77,26.78,993.89 
02/11/2021T08:02:34Z,72,113,131,47.92,26.73,993.85 
02/11/2021T08:03:04Z,75,118,126,48.34,26.71,993.66 
02/11/2021T08:03:35Z,73,116,127,48.27,26.68,993.70 
02/11/2021T08:04:05Z,74,116,131,48.76,26.64,993.52 
02/11/2021T08:04:35Z,75,118,128,49.24,26.62,993.30 
02/11/2021T08:05:05Z,75,119,130,49.20,26.61,993.29 
02/11/2021T08:05:35Z,75,112,126,49.19,26.61,993.28 
02/11/2021T08:06:06Z,73,114,127,49.46,26.60,993.21 
02/11/2021T08:06:36Z,71,113,130,50.12,26.54,992.93 
02/11/2021T08:07:07Z,73,114,131,50.12,26.55,992.94 
02/11/2021T08:07:38Z,72,115,127,49.80,26.53,993.03 
02/11/2021T08:08:09Z,74,118,132,50.43,26.51,992.82 
02/11/2021T08:08:39Z,74,113,128,50.39,26.50,992.81 
02/11/2021T08:09:10Z,72,112,130,50.54,26.48,992.74 
02/11/2021T08:09:41Z,71,111,124,50.88,26.47,992.64 
02/11/2021T08:10:11Z,71,116,129,50.92,26.47,992.60 
02/11/2021T08:10:41Z,70,112,128,51.18,26.44,992.50 
02/11/2021T08:11:11Z,72,115,130,51.28,26.42,992.46 
02/11/2021T08:11:41Z,71,113,129,51.57,26.39,992.36 
02/11/2021T08:12:12Z,73,118,138,52.36,26.40,992.11 
02/11/2021T08:12:43Z,74,117,133,52.62,26.40,992.00 
02/11/2021T08:13:13Z,73,119,131,52.35,26.39,992.07 
02/11/2021T08:13:44Z,73,116,134,52.75,26.38,992.04 
02/11/2021T08:14:15Z,74,117,132,52.91,26.37,991.93 
02/11/2021T08:14:46Z,75,119,132,52.81,26.40,992.02 
02/11/2021T08:15:16Z,72,115,127,52.81,26.41,991.99 
02/11/2021T08:15:47Z,73,115,132,52.46,26.42,992.13 
02/11/2021T08:16:17Z,72,116,130,52.23,26.42,992.23 
02/11/2021T08:16:47Z,73,116,128,52.40,26.41,992.20 
02/11/2021T08:17:17Z,72,116,128,52.70,26.45,992.08 
02/11/2021T08:17:48Z,72,114,126,52.26,26.47,992.19 
02/11/2021T08:18:19Z,71,114,130,51.11,26.50,992.60 
02/11/2021T08:18:49Z,73,110,125,51.18,26.50,992.65 
02/11/2021T08:19:20Z,71,115,128,51.52,26.49,992.50 
02/11/2021T08:19:50Z,69,109,123,51.80,26.49,992.41 
02/11/2021T08:20:21Z,70,115,129,51.97,26.48,992.34 
02/11/2021T08:20:52Z,71,113,129,52.10,26.47,992.29 
02/11/2021T08:21:22Z,73,117,138,52.18,26.46,992.25 
02/11/2021T08:21:52Z,73,129,169,52.39,26.44,992.16 
02/11/2021T08:22:23Z,74,123,153,52.28,26.46,992.19 
02/11/2021T08:22:54Z,70,115,138,52.37,26.45,992.16 
02/11/2021T08:23:24Z,71,117,135,52.62,26.48,992.09 
02/11/2021T08:23:54Z,72,116,136,52.76,26.43,992.03 
02/11/2021T08:24:25Z,70,114,133,52.51,26.36,992.11 
02/11/2021T08:24:55Z,70,114,134,52.44,26.40,992.13 
02/11/2021T08:25:25Z,70,117,135,51.41,26.43,992.50 
02/11/2021T08:25:55Z,69,111,128,50.85,26.48,992.77 
02/11/2021T08:26:25Z,69,110,123,50.61,26.54,992.80 
02/11/2021T08:26:55Z,71,120,139,49.67,26.56,993.12 
02/11/2021T08:27:26Z,67,113,136,49.51,26.62,993.27 
02/11/2021T08:27:56Z,71,114,137,51.05,26.66,992.63 
02/11/2021T08:28:27Z,69,110,128,51.78,26.72,992.28 
02/11/2021T08:28:57Z,69,113,126,51.36,26.72,992.39 
02/11/2021T08:29:28Z,67,112,131,51.14,26.71,992.46 
02/11/2021T08:29:59Z,69,110,127,51.12,26.69,992.49 
02/11/2021T08:30:29Z,71,114,131,50.55,26.69,992.71 
02/11/2021T08:30:59Z,69,111,130,50.55,26.65,992.76 
02/11/2021T08:31:30Z,72,116,132,51.14,26.63,992.54 
02/11/2021T08:32:00Z,85,134,147,50.81,26.60,992.65 
02/11/2021T08:32:31Z,81,129,149,51.56,26.60,992.35 
02/11/2021T08:33:02Z,76,120,133,51.69,26.62,992.30 
02/11/2021T08:33:32Z,76,123,138,51.90,26.62,992.20 
02/11/2021T08:34:02Z,74,118,128,51.80,26.64,992.23 
02/11/2021T08:34:32Z,75,120,135,50.87,26.66,992.54 
02/11/2021T08:35:02Z,77,122,143,50.98,26.69,992.56 
02/11/2021T08:35:33Z,75,121,137,51.35,26.70,992.35 
02/11/2021T08:36:03Z,77,127,145,51.15,26.71,992.41 
02/11/2021T08:36:34Z,81,135,154,51.37,26.70,992.36 
02/11/2021T08:37:05Z,81,130,150,51.29,26.69,992.38 
02/11/2021T08:37:35Z,84,135,152,51.56,26.68,992.28 
02/11/2021T08:38:06Z,84,135,151,51.77,26.66,992.20 
02/11/2021T08:38:37Z,85,136,154,52.17,26.62,992.04 
02/11/2021T08:39:08Z,83,138,159,52.48,26.60,991.92 
02/11/2021T08:39:38Z,84,136,155,52.66,26.58,991.83 
02/11/2021T08:40:08Z,85,138,156,52.65,26.61,991.85 
02/11/2021T08:40:38Z,84,137,158,52.79,26.63,991.79 
02/11/2021T08:41:09Z,84,135,151,52.67,26.64,991.82 
02/11/2021T08:41:39Z,84,138,155,52.56,26.64,991.88 
02/11/2021T08:42:09Z,88,142,157,52.78,26.67,991.81 
02/11/2021T08:42:40Z,88,144,161,52.90,26.67,991.77 
02/11/2021T08:43:11Z,93,148,167,52.84,26.67,991.79 
02/11/2021T08:43:42Z,86,140,157,53.08,26.69,991.69 
02/11/2021T08:44:12Z,85,138,156,53.14,26.70,991.66 
02/11/2021T08:44:42Z,80,132,148,51.35,26.70,992.21 
02/11/2021T08:45:13Z,75,121,138,49.60,26.74,992.99 
02/11/2021T08:45:43Z,77,126,143,52.19,26.78,992.03 
02/11/2021T08:46:14Z,78,124,141,51.80,26.80,992.13 
02/11/2021T08:46:44Z,83,134,153,52.45,26.83,991.87 
02/11/2021T08:47:15Z,82,131,147,51.00,26.79,992.37 
02/11/2021T08:47:46Z,81,132,152,51.55,26.74,992.22 
02/11/2021T08:48:16Z,84,132,147,51.93,26.72,992.09 
02/11/2021T08:48:47Z,80,126,142,51.13,26.70,992.38 
02/11/2021T08:49:17Z,80,129,144,51.44,26.71,992.27 
02/11/2021T08:49:48Z,81,127,146,51.93,26.73,992.08 
02/11/2021T08:50:18Z,78,125,143,52.04,26.68,992.07 
02/11/2021T08:50:48Z,78,124,143,51.28,26.71,992.29 
02/11/2021T08:51:18Z,78,123,138,50.95,26.70,992.47 
02/11/2021T08:51:49Z,77,121,134,50.93,26.70,992.47 
02/11/2021T08:52:19Z,80,126,142,51.18,26.68,992.39 
02/11/2021T08:52:49Z,80,127,145,51.25,26.67,992.34 
02/11/2021T08:53:20Z,78,122,136,51.26,26.68,992.32 
02/11/2021T08:53:50Z,76,120,134,51.23,26.68,992.33 
02/11/2021T08:54:21Z,77,126,139,51.29,26.65,992.31 
02/11/2021T08:54:52Z,78,124,141,51.40,26.61,992.27 
02/11/2021T08:55:22Z,77,127,138,51.89,26.63,992.07 
02/11/2021T08:55:52Z,76,123,137,52.22,26.67,991.92 
02/11/2021T08:56:23Z,77,121,136,51.31,26.67,992.24 
02/11/2021T08:56:53Z,72,120,129,50.62,26.70,992.48 
02/11/2021T08:57:23Z,72,113,125,48.52,26.70,993.22 
02/11/2021T08:57:54Z,73,115,128,50.12,26.72,992.77 
02/11/2021T08:58:25Z,74,117,126,50.73,26.81,992.40 
02/11/2021T08:58:55Z,76,116,130,50.31,26.83,992.54 
02/11/2021T08:59:25Z,72,114,127,50.55,26.84,992.46 
02/11/2021T08:59:55Z,71,112,126,51.13,26.88,992.21 
02/11/2021T09:00:26Z,70,111,123,50.71,26.86,992.34 
02/11/2021T09:00:57Z,69,111,123,51.47,26.82,992.08 
02/11/2021T09:01:27Z,71,114,132,51.61,26.84,992.00 
02/11/2021T09:01:58Z,73,118,133,51.55,26.83,992.03 
02/11/2021T09:02:28Z,72,117,137,51.63,26.84,991.99 
02/11/2021T09:02:58Z,71,113,127,51.83,26.83,991.90 
02/11/2021T09:03:29Z,69,111,123,51.92,26.81,991.87 
02/11/2021T09:04:00Z,71,114,127,51.90,26.85,991.85 
02/11/2021T09:04:31Z,75,118,132,52.42,26.89,991.65 
02/11/2021T09:05:01Z,79,127,139,52.45,26.93,991.61 
02/11/2021T09:05:32Z,76,119,129,52.56,26.95,991.55 
02/11/2021T09:06:03Z,80,128,143,52.38,26.93,991.66 
02/11/2021T09:06:33Z,82,126,141,52.89,26.94,991.43 
02/11/2021T09:07:04Z,83,132,148,53.01,26.96,991.40 
02/11/2021T09:07:34Z,82,129,143,52.86,26.95,991.43 
02/11/2021T09:08:04Z,79,124,141,52.52,26.94,991.57 
02/11/2021T09:08:34Z,76,121,134,52.88,26.89,991.49 
02/11/2021T09:09:05Z,77,122,139,52.83,26.86,991.49 
02/11/2021T09:09:35Z,77,121,138,52.75,26.82,991.54 
02/11/2021T09:10:06Z,76,119,133,53.09,26.80,991.43 
02/11/2021T09:10:37Z,76,119,131,53.20,26.82,991.39 
02/11/2021T09:11:07Z,75,116,126,52.99,26.79,991.48 
02/11/2021T09:11:37Z,74,118,134,52.78,26.77,991.57 
02/11/2021T09:12:07Z,75,117,130,52.97,26.75,991.52 
02/11/2021T09:12:37Z,72,116,130,53.38,26.71,991.37 
02/11/2021T09:13:07Z,77,121,131,53.45,26.68,991.33 
02/11/2021T09:13:38Z,77,119,131,52.48,26.72,991.67 
02/11/2021T09:14:08Z,77,117,132,52.50,26.75,991.74 
02/11/2021T09:14:39Z,73,112,126,52.81,26.80,991.56 
02/11/2021T09:15:09Z,75,115,130,53.01,26.82,991.46 
02/11/2021T09:15:40Z,75,119,127,52.67,26.77,991.63 
02/11/2021T09:16:10Z,73,120,134,52.85,26.75,991.54 
02/11/2021T09:16:40Z,75,120,135,52.58,26.74,991.66 
02/11/2021T09:17:11Z,74,115,130,52.50,26.71,991.69 
02/11/2021T09:17:41Z,74,119,131,52.69,26.68,991.65 
02/11/2021T09:18:12Z,76,118,131,52.59,26.68,991.66 
02/11/2021T09:18:42Z,76,118,127,52.53,26.68,991.69 
02/11/2021T09:19:13Z,74,117,128,52.60,26.71,991.65 
02/11/2021T09:19:43Z,71,114,125,52.45,26.69,991.70 
02/11/2021T09:20:14Z,75,119,135,52.67,26.65,991.64 
02/11/2021T09:20:44Z,72,114,124,52.59,26.64,991.66 
02/11/2021T09:21:15Z,74,116,129,52.64,26.64,991.65 
02/11/2021T09:21:45Z,74,113,124,52.60,26.59,991.67 
02/11/2021T09:22:16Z,72,113,126,52.43,26.58,991.73 
02/11/2021T09:22:46Z,73,117,130,52.77,26.58,991.63 
02/11/2021T09:23:17Z,76,118,131,52.52,26.59,991.72 
02/11/2021T09:23:47Z,75,115,126,52.18,26.61,991.81 
02/11/2021T09:24:18Z,70,113,124,52.02,26.65,991.89 
02/11/2021T09:24:48Z,72,112,122,51.68,26.65,992.01 
02/11/2021T09:25:18Z,71,111,126,52.24,26.62,991.82 
02/11/2021T09:25:49Z,71,109,125,51.76,26.59,991.96 
02/11/2021T09:26:19Z,71,110,119,52.16,26.61,991.85 
02/11/2021T09:26:50Z,71,112,124,51.56,26.59,992.02 
02/11/2021T09:27:20Z,69,109,123,51.49,26.59,992.10 
02/11/2021T09:27:51Z,70,111,124,51.81,26.64,991.94 
02/11/2021T09:28:21Z,71,107,118,52.11,26.70,991.83 
02/11/2021T09:28:52Z,70,109,120,52.08,26.72,991.82 
02/11/2021T09:29:22Z,69,110,122,52.05,26.78,991.80 
02/11/2021T09:29:53Z,71,111,123,51.37,26.81,992.01 
02/11/2021T09:30:23Z,71,109,119,51.15,26.84,992.09 
02/11/2021T09:30:53Z,68,108,119,50.67,26.83,992.33 
02/11/2021T09:31:24Z,69,108,119,51.26,26.86,992.09 
02/11/2021T09:31:54Z,69,110,125,51.62,26.87,991.94 
02/11/2021T09:32:25Z,70,110,122,51.62,26.85,991.92 
02/11/2021T09:32:55Z,68,115,130,51.28,26.81,992.07 
02/11/2021T09:33:25Z,71,112,129,51.38,26.76,992.06 
02/11/2021T09:33:55Z,69,110,128,51.45,26.73,992.03 
02/11/2021T09:34:26Z,69,110,124,51.79,26.72,991.90 
02/11/2021T09:34:56Z,68,110,123,52.01,26.73,991.79 
02/11/2021T09:35:27Z,72,114,129,51.98,26.73,991.78 
02/11/2021T09:35:58Z,71,112,125,52.07,26.70,991.75 
02/11/2021T09:36:28Z,72,113,128,52.22,26.70,991.71 
02/11/2021T09:36:59Z,73,116,128,52.37,26.69,991.64 
02/11/2021T09:37:29Z,75,119,131,52.31,26.69,991.67 
02/11/2021T09:37:59Z,71,113,127,52.36,26.70,991.64 
02/11/2021T09:38:29Z,73,112,125,52.33,26.69,991.66 
02/11/2021T09:38:59Z,71,113,128,52.66,26.62,991.54 
02/11/2021T09:39:30Z,71,120,138,52.30,26.64,991.64 
02/11/2021T09:40:00Z,71,115,129,52.45,26.60,991.65 
02/11/2021T09:40:30Z,72,114,131,52.88,26.63,991.46 
02/11/2021T09:41:01Z,71,114,130,52.69,26.68,991.50 
02/11/2021T09:41:32Z,71,112,126,52.44,26.70,991.57 
02/11/2021T09:42:02Z,73,116,134,52.23,26.67,991.68 
02/11/2021T09:42:32Z,74,116,135,52.13,26.64,991.73 
02/11/2021T09:43:03Z,74,117,134,52.73,26.67,991.50 
02/11/2021T09:43:33Z,73,114,130,52.62,26.68,991.52 
02/11/2021T09:44:04Z,74,113,124,52.56,26.66,991.54 
02/11/2021T09:44:34Z,72,112,123,52.57,26.67,991.54 
02/11/2021T09:45:04Z,72,111,124,52.43,26.66,991.60 
02/11/2021T09:45:34Z,72,114,127,52.44,26.67,991.60 
02/11/2021T09:46:05Z,70,111,126,52.42,26.62,991.61 
02/11/2021T09:46:35Z,71,115,127,52.66,26.63,991.52 
02/11/2021T09:47:05Z,69,109,118,50.69,26.62,992.20 
02/11/2021T09:47:35Z,71,112,123,51.28,26.70,992.07 
02/11/2021T09:48:05Z,70,111,122,49.97,26.77,992.38 
02/11/2021T09:48:36Z,81,126,143,50.49,26.82,992.34 
02/11/2021T09:49:07Z,82,128,142,51.73,26.86,991.79 
02/11/2021T09:49:37Z,76,119,130,51.29,26.89,991.88 
02/11/2021T09:50:07Z,81,128,139,50.46,26.83,992.24 
02/11/2021T09:50:38Z,91,143,158,50.78,26.72,992.17 
02/11/2021T09:51:08Z,83,130,147,51.53,26.65,991.90 
02/11/2021T09:51:38Z,85,136,153,51.61,26.67,991.83 
02/11/2021T09:52:08Z,83,132,146,51.55,26.65,991.86 
02/11/2021T09:52:38Z,80,127,145,52.13,26.60,991.67 
02/11/2021T09:53:09Z,82,128,149,51.99,26.63,991.68 
02/11/2021T09:53:39Z,80,126,141,51.20,26.67,991.95 
02/11/2021T09:54:10Z,80,124,140,51.26,26.68,991.97 
02/11/2021T09:54:40Z,79,124,138,51.31,26.68,991.95 
02/11/2021T09:55:11Z,79,121,133,49.85,26.68,992.37 
02/11/2021T09:55:41Z,80,120,134,50.41,26.76,992.30 
02/11/2021T09:56:11Z,78,122,138,51.20,26.80,991.93 
02/11/2021T09:56:42Z,78,124,138,51.14,26.81,991.93 
02/11/2021T09:57:12Z,77,124,137,51.20,26.79,991.92 
02/11/2021T09:57:42Z,78,125,141,50.78,26.74,992.09 
02/11/2021T09:58:13Z,81,127,137,51.21,26.76,991.94 
02/11/2021T09:58:43Z,78,123,137,51.46,26.80,991.82 
02/11/2021T09:59:14Z,76,120,135,51.65,26.81,991.73 
02/11/2021T09:59:44Z,77,119,134,51.61,26.80,991.74 
02/11/2021T10:00:15Z,74,120,137,52.15,26.78,991.53 
02/11/2021T10:00:46Z,77,122,139,52.48,26.77,991.38 
02/11/2021T10:01:17Z,77,121,138,52.33,26.77,991.43 
02/11/2021T10:01:48Z,79,125,136,52.19,26.75,991.50 
02/11/2021T10:02:18Z,82,128,143,52.31,26.73,991.48 
02/11/2021T10:02:48Z,78,122,135,52.29,26.77,991.46 
02/11/2021T10:03:18Z,79,125,139,51.97,26.76,991.59 
02/11/2021T10:03:49Z,80,126,140,51.65,26.76,991.73 
02/11/2021T10:04:19Z,77,121,134,52.24,26.77,991.50 
02/11/2021T10:04:49Z,78,123,139,52.43,26.80,991.40 
02/11/2021T10:05:19Z,77,119,134,52.58,26.82,991.32 
02/11/2021T10:05:49Z,77,121,137,52.48,26.83,991.34 
02/11/2021T10:06:20Z,76,120,136,52.17,26.82,991.48 
02/11/2021T10:06:51Z,75,116,129,52.11,26.83,991.51 
02/11/2021T10:07:21Z,76,118,131,52.28,26.79,991.48 
02/11/2021T10:07:51Z,77,120,130,52.31,26.80,991.46 
02/11/2021T10:08:21Z,75,118,130,52.29,26.80,991.48 
02/11/2021T10:08:52Z,74,120,133,52.25,26.80,991.50 
02/11/2021T10:09:23Z,77,117,130,52.44,26.78,991.44 
02/11/2021T10:09:53Z,75,118,131,52.45,26.77,991.43 
02/11/2021T10:10:24Z,74,117,128,52.47,26.74,991.44 
02/11/2021T10:10:55Z,75,118,131,52.50,26.72,991.42 
02/11/2021T10:11:26Z,75,117,128,52.66,26.74,991.34 
02/11/2021T10:11:56Z,73,118,131,53.73,26.73,990.97 
02/11/2021T10:12:26Z,75,116,128,53.94,26.73,990.86 
02/11/2021T10:12:57Z,77,123,136,54.12,26.76,990.82 
02/11/2021T10:13:27Z,77,121,135,54.47,26.74,990.71 
02/11/2021T10:13:58Z,73,114,127,54.75,26.73,990.66 
02/11/2021T10:14:29Z,73,116,126,55.07,26.72,990.57 
02/11/2021T10:14:59Z,75,116,130,53.84,26.71,991.00 
02/11/2021T10:15:29Z,75,116,127,53.45,26.68,991.19 
02/11/2021T10:15:59Z,75,115,127,53.32,26.70,991.25 
02/11/2021T10:16:30Z,76,121,134,53.34,26.69,991.24 
02/11/2021T10:17:00Z,75,118,129,53.28,26.70,991.26 
02/11/2021T10:17:31Z,75,118,132,53.05,26.68,991.35 
02/11/2021T10:18:01Z,73,117,126,53.08,26.67,991.36 
02/11/2021T10:18:31Z,75,120,132,53.16,26.65,991.33 
02/11/2021T10:19:02Z,75,119,133,53.32,26.66,991.28 
02/11/2021T10:19:32Z,73,117,130,53.42,26.68,991.22 
02/11/2021T10:20:02Z,73,116,127,52.90,26.68,991.40 
02/11/2021T10:20:32Z,74,118,131,52.66,26.71,991.50 
02/11/2021T10:21:03Z,74,117,128,52.82,26.74,991.45 
02/11/2021T10:21:33Z,74,114,127,52.86,26.74,991.39 
02/11/2021T10:22:04Z,74,116,127,52.87,26.69,991.41 
02/11/2021T10:22:34Z,72,116,129,53.04,26.67,991.38 
02/11/2021T10:23:05Z,70,115,131,53.27,26.68,991.27 
02/11/2021T10:23:36Z,73,111,126,53.53,26.66,991.16 
02/11/2021T10:24:06Z,76,118,129,53.43,26.63,991.22 
02/11/2021T10:24:37Z,73,114,126,53.89,26.57,991.07 
02/11/2021T10:25:08Z,73,118,132,53.81,26.59,991.08 
02/11/2021T10:25:38Z,73,119,131,53.75,26.61,991.10 
02/11/2021T10:26:09Z,72,114,128,53.76,26.64,991.09 
02/11/2021T10:26:39Z,72,114,125,53.75,26.65,991.10 
02/11/2021T10:27:10Z,71,114,127,53.65,26.65,991.12 
02/11/2021T10:27:41Z,73,115,125,53.65,26.64,991.14 
02/11/2021T10:28:12Z,73,114,125,53.75,26.69,991.08 
02/11/2021T10:28:43Z,83,132,145,53.85,26.61,991.06 
02/11/2021T10:29:13Z,78,123,136,54.03,26.62,990.99 
02/11/2021T10:29:44Z,78,118,128,53.48,26.63,991.20 
02/11/2021T10:30:14Z,81,127,143,53.01,26.54,991.42 
02/11/2021T10:30:44Z,78,123,137,53.46,26.53,991.28 
02/11/2021T10:31:14Z,78,118,134,53.51,26.52,991.26 
02/11/2021T10:31:44Z,79,124,140,53.60,26.55,991.20 
02/11/2021T10:32:15Z,81,130,145,53.70,26.53,991.18 
02/11/2021T10:32:45Z,80,128,147,53.98,26.54,991.07 
02/11/2021T10:33:16Z,80,130,147,53.95,26.58,991.06 
02/11/2021T10:33:46Z,79,126,137,53.97,26.60,991.06 
02/11/2021T10:34:17Z,77,124,135,54.05,26.62,991.03 
02/11/2021T10:34:47Z,74,119,134,53.98,26.62,991.06 
02/11/2021T10:35:17Z,76,118,136,54.02,26.61,991.06 
02/11/2021T10:35:48Z,74,113,129,54.03,26.61,991.06 
02/11/2021T10:36:18Z,75,118,126,54.03,26.60,991.08 
02/11/2021T10:36:49Z,73,116,130,53.95,26.58,991.09 
02/11/2021T10:37:19Z,75,118,129,54.07,26.58,991.06 
02/11/2021T10:37:50Z,75,115,128,53.98,26.59,991.09 
02/11/2021T10:38:20Z,72,114,127,53.86,26.57,991.14 
02/11/2021T10:38:51Z,73,112,125,53.96,26.55,991.11 
02/11/2021T10:39:21Z,74,115,125,53.89,26.54,991.14 
02/11/2021T10:39:52Z,73,114,127,53.38,26.55,991.32 
02/11/2021T10:40:22Z,73,117,130,52.97,26.47,991.56 
02/11/2021T10:40:53Z,73,113,128,53.35,26.50,991.40 
02/11/2021T10:41:24Z,75,117,132,53.25,26.52,991.42 
02/11/2021T10:41:54Z,73,116,132,53.47,26.56,991.33 
02/11/2021T10:42:24Z,73,113,126,53.35,26.52,991.36 
02/11/2021T10:42:54Z,74,115,129,53.42,26.48,991.36 
02/11/2021T10:43:25Z,74,116,128,53.73,26.49,991.25 
02/11/2021T10:43:55Z,74,120,134,53.77,26.51,991.23 
02/11/2021T10:44:25Z,75,117,129,53.77,26.52,991.23 
02/11/2021T10:44:55Z,74,112,127,53.78,26.54,991.22 
02/11/2021T10:45:26Z,73,114,125,53.60,26.55,991.30 
02/11/2021T10:45:56Z,71,114,129,53.66,26.55,991.30 
02/11/2021T10:46:26Z,73,114,125,53.61,26.54,991.31 
02/11/2021T10:46:57Z,79,124,136,53.79,26.49,991.27 
02/11/2021T10:47:28Z,88,140,153,54.12,26.44,991.16 
02/11/2021T10:47:58Z,82,129,147,54.20,26.46,991.11 
02/11/2021T10:48:29Z,79,129,144,54.20,26.47,991.09 
02/11/2021T10:49:00Z,84,133,145,54.23,26.49,991.07 
02/11/2021T10:49:30Z,88,141,158,54.25,26.48,991.07 
02/11/2021T10:50:00Z,95,150,165,54.31,26.48,991.05 
02/11/2021T10:50:30Z,105,164,184,54.28,26.50,991.05 
02/11/2021T10:51:01Z,103,163,183,54.23,26.53,991.06 
02/11/2021T10:51:31Z,100,157,174,54.18,26.52,991.08 
02/11/2021T10:52:02Z,95,149,167,54.25,26.51,991.07 
02/11/2021T10:52:32Z,100,155,165,54.25,26.52,991.07 
02/11/2021T10:53:03Z,95,146,160,54.29,26.49,991.09 
02/11/2021T10:53:33Z,100,152,168,54.45,26.47,991.02 
02/11/2021T10:54:03Z,93,143,158,54.69,26.47,990.92 
02/11/2021T10:54:34Z,93,146,159,54.59,26.47,990.96 
02/11/2021T10:55:05Z,90,143,156,54.64,26.45,990.96 
02/11/2021T10:55:36Z,86,137,151,54.75,26.44,990.92 
02/11/2021T10:56:06Z,93,143,161,54.96,26.42,990.87 
02/11/2021T10:56:37Z,98,155,171,55.24,26.35,990.79 
02/11/2021T10:57:07Z,96,155,178,55.12,26.41,990.83 
02/11/2021T10:57:38Z,103,165,185,55.22,26.44,990.80 
02/11/2021T10:58:08Z,101,160,182,55.17,26.48,990.81 
02/11/2021T10:58:39Z,97,155,174,55.14,26.52,990.82 
02/11/2021T10:59:10Z,96,147,161,54.98,26.53,990.88 
02/11/2021T10:59:40Z,91,141,158,55.31,26.43,990.82 
02/11/2021T11:00:10Z,86,136,153,55.46,26.45,990.77 
02/11/2021T11:00:41Z,88,137,151,55.35,26.46,990.82 
02/11/2021T11:01:11Z,89,137,153,55.35,26.46,990.85 
02/11/2021T11:01:42Z,88,143,164,55.36,26.45,990.84 
02/11/2021T11:02:13Z,90,140,159,55.46,26.46,990.82 
02/11/2021T11:02:43Z,90,148,162,55.49,26.45,990.83 
02/11/2021T11:03:14Z,91,147,164,55.52,26.46,990.83 
02/11/2021T11:03:44Z,88,146,162,55.53,26.46,990.84 
02/11/2021T11:04:15Z,89,145,166,55.63,26.44,990.84 
02/11/2021T11:04:45Z,89,142,163,55.89,26.47,990.75 
02/11/2021T11:05:15Z,86,142,167,56.15,26.50,990.67 
02/11/2021T11:05:46Z,86,140,159,55.91,26.53,990.77 
02/11/2021T11:06:17Z,81,131,154,56.24,26.53,990.68 
02/11/2021T11:06:47Z,85,135,154,55.94,26.54,990.78 
02/11/2021T11:07:18Z,88,143,167,56.04,26.54,990.78 
02/11/2021T11:07:48Z,90,146,163,56.04,26.56,990.78 
02/11/2021T11:08:19Z,92,146,165,56.04,26.58,990.78 
02/11/2021T11:08:50Z,90,146,167,56.01,26.58,990.80 
02/11/2021T11:09:20Z,91,143,159,55.87,26.63,990.84 
02/11/2021T11:09:50Z,89,145,157,55.62,26.64,990.94 
02/11/2021T11:10:21Z,91,147,164,55.57,26.65,990.95 
02/11/2021T11:10:52Z,90,144,166,55.43,26.63,991.01 
02/11/2021T11:11:22Z,89,143,160,55.42,26.62,991.04 
02/11/2021T11:11:52Z,90,140,158,55.48,26.60,991.02 
02/11/2021T11:12:23Z,90,145,165,55.50,26.58,991.01 
02/11/2021T11:12:54Z,89,141,157,55.58,26.56,991.00 
02/11/2021T11:13:24Z,89,142,158,55.52,26.55,991.02 
02/11/2021T11:13:54Z,88,136,154,55.62,26.50,991.00 
02/11/2021T11:14:25Z,86,140,159,55.84,26.49,990.94 
02/11/2021T11:14:56Z,84,134,151,55.57,26.50,991.02 
02/11/2021T11:15:26Z,86,137,155,55.49,26.47,991.08 
02/11/2021T11:15:56Z,85,133,148,55.68,26.47,991.01 
02/11/2021T11:16:27Z,83,133,151,55.63,26.48,991.00 
02/11/2021T11:16:57Z,84,130,150,55.39,26.47,991.08 
02/11/2021T11:17:28Z,86,131,146,55.48,26.47,991.05 
02/11/2021T11:17:58Z,82,135,155,55.19,26.45,991.18 
02/11/2021T11:18:29Z,83,132,148,55.42,26.44,991.12 
02/11/2021T11:18:59Z,84,133,150,55.42,26.45,991.09 
02/11/2021T11:19:30Z,82,126,144,55.43,26.43,991.11 
02/11/2021T11:20:00Z,89,142,158,55.88,26.34,990.98 
02/11/2021T11:20:31Z,87,137,152,56.04,26.34,990.90 
02/11/2021T11:21:01Z,88,140,153,55.92,26.36,990.95 
02/11/2021T11:21:31Z,85,138,155,55.91,26.36,990.97 
02/11/2021T11:22:02Z,84,134,149,55.97,26.38,990.93 
02/11/2021T11:22:32Z,82,136,152,55.90,26.39,990.96 
02/11/2021T11:23:02Z,83,135,147,55.88,26.39,990.97 
02/11/2021T11:23:33Z,83,133,150,55.92,26.38,990.96 
02/11/2021T11:24:04Z,87,136,151,55.99,26.38,990.94 
02/11/2021T11:24:34Z,85,138,153,55.98,26.36,990.96 
02/11/2021T11:25:04Z,85,131,147,56.08,26.35,990.94 
02/11/2021T11:25:35Z,84,131,146,56.16,26.35,990.92 
02/11/2021T11:26:05Z,83,132,151,56.20,26.30,990.92 
02/11/2021T11:26:36Z,83,134,148,56.22,26.32,990.93 
02/11/2021T11:27:06Z,83,138,156,56.16,26.36,990.92 
02/11/2021T11:27:36Z,84,133,149,55.98,26.38,991.00 
02/11/2021T11:28:07Z,85,134,149,56.01,26.39,990.98 
02/11/2021T11:28:38Z,84,135,152,55.91,26.39,991.02 
02/11/2021T11:29:08Z,86,138,152,55.95,26.40,991.01 
02/11/2021T11:29:38Z,83,134,154,56.05,26.38,990.98 
02/11/2021T11:30:09Z,87,140,154,56.18,26.38,990.93 
02/11/2021T11:30:40Z,88,137,151,56.14,26.40,990.92 
02/11/2021T11:31:10Z,87,138,155,56.14,26.42,990.92 
02/11/2021T11:31:41Z,86,135,150,56.28,26.42,990.88 
02/11/2021T11:32:11Z,89,137,153,56.18,26.45,990.91 
02/11/2021T11:32:41Z,86,141,161,56.11,26.48,990.93 
02/11/2021T11:33:12Z,85,138,159,56.24,26.48,990.89 
02/11/2021T11:33:42Z,85,135,152,56.25,26.51,990.88 
02/11/2021T11:34:13Z,87,141,156,56.44,26.53,990.80 
02/11/2021T11:34:43Z,86,138,158,56.25,26.59,990.86 
02/11/2021T11:35:14Z,95,147,167,56.12,26.62,990.91 
02/11/2021T11:35:45Z,92,144,158,56.04,26.65,990.93 
02/11/2021T11:36:15Z,96,150,164,56.14,26.64,990.90 
02/11/2021T11:36:45Z,93,147,166,56.14,26.63,990.91 
02/11/2021T11:37:16Z,93,147,169,56.27,26.62,990.87 
02/11/2021T11:37:46Z,94,146,162,56.28,26.60,990.86 
02/11/2021T11:38:16Z,94,148,164,56.24,26.62,990.88 
02/11/2021T11:38:47Z,93,147,163,56.12,26.62,990.93 
02/11/2021T11:39:17Z,92,147,161,56.08,26.62,990.94 
02/11/2021T11:39:47Z,93,148,169,56.15,26.60,990.92 
02/11/2021T11:40:18Z,92,145,161,56.24,26.60,990.89 
02/11/2021T11:40:49Z,92,148,168,56.23,26.58,990.89 
02/11/2021T11:41:19Z,94,152,171,56.45,26.54,990.83 
02/11/2021T11:41:50Z,93,149,173,56.50,26.59,990.81 
02/11/2021T11:42:20Z,89,143,160,56.26,26.64,990.88 
02/11/2021T11:42:51Z,91,146,163,56.38,26.66,990.86 
02/11/2021T11:43:22Z,92,146,161,57.03,26.64,990.68 
02/11/2021T11:43:52Z,92,144,162,57.54,26.63,990.57 
02/11/2021T11:44:23Z,93,146,163,57.39,26.60,990.65 
02/11/2021T11:44:54Z,90,143,159,57.22,26.62,990.74 
02/11/2021T11:45:24Z,90,140,154,57.17,26.61,990.76 
02/11/2021T11:45:55Z,88,144,167,56.89,26.64,990.85 
02/11/2021T11:46:25Z,90,142,160,56.87,26.66,990.86 
02/11/2021T11:46:55Z,89,143,159,56.77,26.67,990.89 
02/11/2021T11:47:26Z,91,146,165,57.11,26.67,990.78 
02/11/2021T11:47:57Z,92,150,172,57.11,26.65,990.79 
02/11/2021T11:48:27Z,90,143,159,57.14,26.63,990.80 
02/11/2021T11:48:58Z,91,150,169,57.03,26.65,990.84 
02/11/2021T11:49:28Z,93,152,173,56.80,26.65,990.92 
02/11/2021T11:49:58Z,92,144,161,56.82,26.66,990.91 
02/11/2021T11:50:29Z,91,144,165,57.09,26.67,990.83 
02/11/2021T11:50:59Z,92,149,167,57.29,26.70,990.79 
02/11/2021T11:51:30Z,91,147,164,57.40,26.73,990.75 
02/11/2021T11:52:00Z,91,145,162,57.38,26.75,990.78 
02/11/2021T11:52:30Z,93,148,164,57.52,26.77,990.75 
02/11/2021T11:53:01Z,93,149,166,57.40,26.81,990.78 
02/11/2021T11:53:31Z,91,142,161,57.14,26.80,990.87 
02/11/2021T11:54:01Z,94,149,167,57.51,26.81,990.77 
02/11/2021T11:54:32Z,89,142,161,57.40,26.82,990.81 
02/11/2021T11:55:02Z,89,141,164,57.56,26.83,990.77 
02/11/2021T11:55:33Z,90,146,164,57.67,26.87,990.75 
02/11/2021T11:56:03Z,89,142,158,57.65,26.90,990.76 
02/11/2021T11:56:34Z,92,145,164,57.32,26.91,990.86 
02/11/2021T11:57:04Z,90,146,166,57.44,26.92,990.83 
02/11/2021T11:57:34Z,91,147,168,57.18,26.93,990.90 
02/11/2021T11:58:05Z,94,151,172,57.07,26.94,990.94 
02/11/2021T11:58:35Z,93,152,174,57.03,26.92,990.94 
02/11/2021T11:59:06Z,97,154,172,57.25,26.92,990.88 
02/11/2021T11:59:36Z,98,158,180,57.20,26.93,990.88 
02/11/2021T12:00:06Z,98,161,180,57.19,26.91,990.88 
02/11/2021T12:00:36Z,100,163,183,56.96,26.92,990.94 
02/11/2021T12:01:06Z,101,163,181,57.07,26.94,990.91 
02/11/2021T12:01:37Z,98,159,180,57.43,26.96,990.79 
02/11/2021T12:02:07Z,103,163,184,57.37,26.96,990.81 
02/11/2021T12:02:38Z,100,164,184,57.55,26.97,990.78 
02/11/2021T12:03:08Z,99,159,186,57.45,26.98,990.79 
02/11/2021T12:03:38Z,99,162,181,57.25,26.98,990.85 
02/11/2021T12:04:09Z,100,159,179,56.94,26.99,990.95 
02/11/2021T12:04:40Z,100,164,187,57.35,27.00,990.83 
02/11/2021T12:05:10Z,100,159,183,57.32,27.04,990.81 
02/11/2021T12:05:40Z,99,160,184,57.43,27.05,990.78 
02/11/2021T12:06:11Z,99,163,186,57.44,27.08,990.77 
02/11/2021T12:06:41Z,99,160,184,57.36,27.08,990.80 
02/11/2021T12:07:11Z,98,158,183,57.18,27.09,990.86 
02/11/2021T12:07:42Z,101,162,187,57.24,27.11,990.84 
02/11/2021T12:08:12Z,106,170,187,57.41,27.11,990.80 
02/11/2021T12:08:43Z,101,163,184,57.56,27.13,990.75 
02/11/2021T12:09:14Z,100,159,174,57.68,27.16,990.72 
02/11/2021T12:09:44Z,104,166,190,57.35,27.12,990.84 
02/11/2021T12:10:15Z,102,162,187,57.70,27.07,990.76 
02/11/2021T12:10:45Z,101,159,181,57.95,27.11,990.70 
02/11/2021T12:11:15Z,106,163,184,57.51,27.15,990.83 
02/11/2021T12:11:46Z,100,162,188,57.50,27.14,990.84 
02/11/2021T12:12:16Z,102,165,184,57.48,27.12,990.85 
02/11/2021T12:12:47Z,104,167,189,57.40,27.12,990.89 
02/11/2021T12:13:17Z,105,171,195,57.20,27.07,990.95 
02/11/2021T12:13:48Z,108,172,193,57.37,27.06,990.91 
02/11/2021T12:14:18Z,112,176,202,57.24,27.02,990.95 
02/11/2021T12:14:49Z,110,177,204,57.33,27.00,990.95 
02/11/2021T12:15:19Z,115,183,209,56.97,26.98,991.04 
02/11/2021T12:15:50Z,115,181,201,57.05,26.93,991.02 
02/11/2021T12:16:20Z,112,178,199,57.66,26.92,990.85 
02/11/2021T12:16:51Z,116,182,208,57.28,26.91,990.96 
02/11/2021T12:17:21Z,113,182,208,57.50,26.92,990.89 
02/11/2021T12:17:52Z,115,185,208,57.36,26.94,990.93 
02/11/2021T12:18:22Z,116,186,205,57.22,26.94,990.97 
02/11/2021T12:18:52Z,117,188,208,57.23,26.93,990.99 
02/11/2021T12:19:23Z,116,187,210,57.33,26.95,990.95 
02/11/2021T12:19:53Z,117,185,211,57.32,26.91,990.96 
02/11/2021T12:20:23Z,116,185,211,57.36,26.90,990.95 
02/11/2021T12:20:54Z,117,187,212,57.00,26.88,991.06 
02/11/2021T12:21:24Z,115,188,212,56.93,26.85,991.09 
02/11/2021T12:21:55Z,115,181,202,56.91,26.82,991.09 
02/11/2021T12:22:25Z,117,187,205,57.42,26.83,990.94 
02/11/2021T12:22:55Z,118,192,211,57.36,26.84,990.95 
02/11/2021T12:23:26Z,121,194,214,57.18,26.83,991.00 
02/11/2021T12:23:57Z,119,195,221,57.30,26.82,990.98 
02/11/2021T12:24:27Z,129,205,234,57.26,26.77,991.02 
02/11/2021T12:24:58Z,133,210,236,57.62,26.79,990.89 
02/11/2021T12:25:29Z,148,237,271,57.50,26.81,990.93 
02/11/2021T12:25:59Z,153,245,279,57.38,26.82,990.97 
02/11/2021T12:26:29Z,154,245,280,57.54,26.83,990.93 
02/11/2021T12:26:59Z,157,257,286,57.33,26.83,990.99 
02/11/2021T12:27:29Z,175,292,342,57.14,26.82,991.06 
02/11/2021T12:27:59Z,184,305,355,57.07,26.82,991.10 
02/11/2021T12:28:29Z,185,313,360,57.01,26.81,991.12 
02/11/2021T12:28:59Z,183,303,347,57.21,26.84,991.05 
02/11/2021T12:29:30Z,180,305,351,57.32,26.86,991.02 
02/11/2021T12:30:00Z,173,288,329,57.66,26.87,990.94 
02/11/2021T12:30:31Z,167,283,325,57.75,26.89,990.92 
02/11/2021T12:31:01Z,168,286,338,57.52,26.90,990.98 
02/11/2021T12:31:31Z,169,294,336,57.35,26.90,991.05 
02/11/2021T12:32:02Z,167,292,336,57.26,26.89,991.09 
02/11/2021T12:32:32Z,169,290,327,57.66,26.91,990.97 
02/11/2021T12:33:03Z,167,284,333,57.87,26.92,990.91 
02/11/2021T12:33:33Z,169,290,333,57.72,26.94,990.96 
02/11/2021T12:34:03Z,170,293,345,57.38,26.97,991.05 
02/11/2021T12:34:34Z,169,290,335,57.43,26.99,991.03 
02/11/2021T12:35:05Z,175,306,360,57.39,27.00,991.07 
02/11/2021T12:35:35Z,182,325,380,57.54,27.02,991.02 
02/11/2021T12:36:06Z,184,328,382,57.46,27.04,991.03 
02/11/2021T12:36:36Z,190,337,397,57.73,27.08,990.95 
02/11/2021T12:37:07Z,190,331,394,57.47,27.09,991.02 
02/11/2021T12:37:38Z,188,327,387,56.67,27.09,991.26 
02/11/2021T12:38:08Z,181,320,380,56.40,27.06,991.36 
02/11/2021T12:38:39Z,177,308,364,56.52,27.02,991.31 
02/11/2021T12:39:09Z,177,316,376,56.55,27.01,991.31 
02/11/2021T12:39:39Z,180,321,383,56.54,26.97,991.33 
02/11/2021T12:40:09Z,177,309,372,56.68,26.92,991.29 
02/11/2021T12:40:39Z,177,317,373,56.79,26.89,991.27 
02/11/2021T12:41:10Z,179,313,370,56.77,26.85,991.27 
02/11/2021T12:41:40Z,175,302,364,57.02,26.80,991.21 
02/11/2021T12:42:11Z,170,295,346,57.79,26.75,991.02 
02/11/2021T12:42:41Z,165,296,352,57.82,26.78,991.01 
02/11/2021T12:43:12Z,168,295,351,57.77,26.80,991.03 
02/11/2021T12:43:42Z,176,305,352,57.90,26.82,991.01 
02/11/2021T12:44:12Z,176,303,350,57.59,26.88,991.10 
02/11/2021T12:44:43Z,182,316,371,57.35,26.85,991.18 
02/11/2021T12:45:14Z,187,326,387,57.16,26.80,991.26 
02/11/2021T12:45:45Z,189,340,405,57.29,26.72,991.25 
02/11/2021T12:46:16Z,185,335,401,57.48,26.69,991.20 
02/11/2021T12:46:46Z,192,347,406,57.59,26.66,991.19 
02/11/2021T12:47:17Z,188,344,402,57.69,26.65,991.16 
02/11/2021T12:47:47Z,194,346,405,57.64,26.62,991.19 
02/11/2021T12:48:17Z,187,333,396,57.75,26.61,991.17 
02/11/2021T12:48:48Z,186,333,395,57.69,26.61,991.19 
02/11/2021T12:49:19Z,184,330,394,57.70,26.56,991.19 
02/11/2021T12:49:49Z,188,330,389,57.91,26.52,991.14 
02/11/2021T12:50:19Z,179,319,375,57.94,26.51,991.14 
02/11/2021T12:50:50Z,184,329,396,58.15,26.51,991.08 
02/11/2021T12:51:20Z,176,316,375,58.40,26.53,991.02 
02/11/2021T12:51:51Z,187,331,389,58.77,26.56,990.96 
02/11/2021T12:52:22Z,182,314,372,58.47,26.58,991.05 
02/11/2021T12:52:53Z,180,318,373,58.30,26.60,991.12 
02/11/2021T12:53:23Z,181,328,387,57.93,26.61,991.22 
02/11/2021T12:53:53Z,183,327,383,57.89,26.63,991.23 
02/11/2021T12:54:24Z,185,324,382,57.93,26.65,991.22 
02/11/2021T12:54:54Z,177,314,381,57.83,26.67,991.24 
02/11/2021T12:55:25Z,185,332,388,57.98,26.67,991.19 
02/11/2021T12:55:55Z,193,340,401,58.32,26.65,991.12 
02/11/2021T12:56:26Z,181,321,374,58.19,26.63,991.17 
02/11/2021T12:56:56Z,177,311,372,58.05,26.63,991.24 
02/11/2021T12:57:26Z,177,314,372,57.88,26.63,991.28 
02/11/2021T12:57:57Z,182,325,388,58.01,26.64,991.27 
02/11/2021T12:58:27Z,186,338,402,58.26,26.65,991.19 
02/11/2021T12:58:57Z,194,360,432,58.02,26.66,991.26 
02/11/2021T12:59:28Z,188,333,396,57.89,26.68,991.29 
02/11/2021T12:59:59Z,184,335,398,57.95,26.71,991.27 
02/11/2021T13:00:29Z,187,337,402,58.04,26.72,991.24 
02/11/2021T13:01:00Z,200,368,438,57.79,26.74,991.31 
02/11/2021T13:01:31Z,197,361,420,58.10,26.74,991.23 
02/11/2021T13:02:02Z,183,336,402,57.93,26.75,991.28 
02/11/2021T13:02:32Z,193,359,424,57.53,26.73,991.41 
02/11/2021T13:03:02Z,203,368,440,57.59,26.69,991.42 
02/11/2021T13:03:32Z,198,364,436,57.83,26.66,991.37 
02/11/2021T13:04:02Z,201,372,446,58.22,26.66,991.23 
02/11/2021T13:04:33Z,197,362,432,57.86,26.68,991.33 
02/11/2021T13:05:03Z,196,358,422,58.25,26.66,991.24 
02/11/2021T13:05:34Z,194,355,423,57.80,26.65,991.36 
02/11/2021T13:06:05Z,193,348,413,57.85,26.63,991.37 
02/11/2021T13:06:35Z,183,326,390,57.71,26.60,991.42 
02/11/2021T13:07:06Z,177,326,397,57.66,26.58,991.44 
02/11/2021T13:07:36Z,178,312,370,58.00,26.54,991.35 
02/11/2021T13:08:06Z,177,306,361,57.96,26.50,991.36 
02/11/2021T13:08:37Z,174,305,366,57.96,26.53,991.37 
02/11/2021T13:09:07Z,168,293,347,58.11,26.55,991.33 
02/11/2021T13:09:38Z,164,288,338,57.96,26.53,991.37 
02/11/2021T13:10:09Z,168,294,344,57.88,26.50,991.41 
02/11/2021T13:10:40Z,167,296,348,57.84,26.51,991.44 
02/11/2021T13:11:10Z,156,272,319,57.74,26.52,991.46 
02/11/2021T13:11:41Z,158,276,326,57.66,26.52,991.49 
02/11/2021T13:12:11Z,158,283,340,57.98,26.55,991.39 
02/11/2021T13:12:42Z,159,280,328,57.86,26.59,991.43 
02/11/2021T13:13:12Z,159,286,347,57.85,26.66,991.42 
02/11/2021T13:13:43Z,158,281,330,57.82,26.71,991.41 
02/11/2021T13:14:13Z,157,267,318,57.62,26.73,991.49 
02/11/2021T13:14:44Z,156,272,326,57.70,26.76,991.44 
02/11/2021T13:15:14Z,157,278,323,57.50,26.79,991.51 
02/11/2021T13:15:44Z,157,276,322,57.21,26.76,991.61 
02/11/2021T13:16:14Z,157,271,328,57.53,26.75,991.52 
02/11/2021T13:16:45Z,155,269,316,57.57,26.76,991.48 
02/11/2021T13:17:15Z,154,271,315,57.62,26.78,991.46 
02/11/2021T13:17:45Z,153,260,302,58.10,26.82,991.31 
02/11/2021T13:18:15Z,153,266,311,57.82,26.85,991.38 
02/11/2021T13:18:45Z,163,283,339,58.22,26.88,991.29 
02/11/2021T13:19:15Z,198,350,410,57.92,26.87,991.38 
02/11/2021T13:19:46Z,201,357,411,58.28,26.87,991.30 
02/11/2021T13:20:17Z,203,355,418,59.05,26.88,991.15 
02/11/2021T13:20:47Z,208,370,438,58.21,26.86,991.39 
02/11/2021T13:21:18Z,206,358,417,58.21,26.87,991.38 
02/11/2021T13:21:49Z,197,348,403,58.15,26.89,991.41 
02/11/2021T13:22:20Z,191,331,387,57.94,26.90,991.47 
02/11/2021T13:22:51Z,183,325,392,57.60,26.89,991.58 
02/11/2021T13:23:21Z,178,313,369,57.91,26.90,991.49 
02/11/2021T13:23:51Z,176,305,358,58.07,26.91,991.43 
02/11/2021T13:24:21Z,181,312,360,58.49,26.96,991.33 
02/11/2021T13:24:52Z,177,309,359,57.97,26.97,991.47 
02/11/2021T13:25:22Z,170,302,348,58.21,26.98,991.42 
02/11/2021T13:25:52Z,175,296,342,57.72,26.98,991.56 
02/11/2021T13:26:23Z,167,276,322,57.46,26.94,991.65 
02/11/2021T13:26:54Z,170,288,336,57.81,26.95,991.54 
02/11/2021T13:27:24Z,163,274,319,57.42,26.97,991.65 
02/11/2021T13:27:55Z,160,272,317,57.29,26.98,991.70 
02/11/2021T13:28:25Z,165,276,325,57.52,27.00,991.62 
02/11/2021T13:28:55Z,162,274,317,57.50,27.00,991.64 
02/11/2021T13:29:26Z,162,272,313,57.65,27.03,991.57 
02/11/2021T13:29:56Z,165,277,320,57.36,27.04,991.67 
02/11/2021T13:30:26Z,172,288,334,56.88,27.03,991.81 
02/11/2021T13:30:57Z,180,302,356,56.48,27.01,991.96 
02/11/2021T13:31:27Z,189,315,356,56.70,27.02,991.87 
02/11/2021T13:31:57Z,223,378,425,56.19,26.97,992.05 
02/11/2021T13:32:28Z,222,381,431,56.70,26.99,991.87 
02/11/2021T13:32:58Z,241,427,488,56.22,27.00,992.03 
02/11/2021T13:33:29Z,268,485,544,56.27,26.98,992.02 
02/11/2021T13:33:59Z,256,463,516,56.73,27.00,991.83 
02/11/2021T13:34:29Z,255,459,532,56.99,26.97,991.76 
02/11/2021T13:35:00Z,241,434,502,57.20,27.01,991.68 
02/11/2021T13:35:30Z,234,414,486,56.60,27.04,991.86 
02/11/2021T13:36:01Z,223,390,445,56.32,27.02,991.98 
02/11/2021T13:36:31Z,222,378,428,56.23,27.03,992.00 
02/11/2021T13:37:02Z,212,366,424,55.45,27.00,992.24 
02/11/2021T13:37:32Z,207,351,401,55.37,26.97,992.26 
02/11/2021T13:38:02Z,199,340,384,55.25,26.95,992.28 
02/11/2021T13:38:32Z,192,322,371,55.05,26.94,992.34 
02/11/2021T13:39:03Z,181,310,353,55.09,26.94,992.31 
02/11/2021T13:39:33Z,178,302,349,55.23,26.95,992.26 
02/11/2021T13:40:03Z,189,319,361,55.45,26.94,992.18 
02/11/2021T13:40:33Z,193,333,387,55.68,26.93,992.10 
02/11/2021T13:41:04Z,192,334,388,55.83,26.90,992.05 
02/11/2021T13:41:35Z,194,339,390,55.93,26.89,992.04 
02/11/2021T13:42:05Z,193,331,384,56.16,26.88,991.97 
02/11/2021T13:42:35Z,189,324,367,56.35,26.85,991.90 
02/11/2021T13:43:05Z,180,307,352,56.24,26.83,991.95 
02/11/2021T13:43:36Z,171,296,340,56.27,26.78,991.96 
02/11/2021T13:44:06Z,174,290,330,57.12,26.82,991.70 
02/11/2021T13:44:36Z,173,289,338,56.68,26.89,991.81 
02/11/2021T13:45:07Z,175,297,340,56.52,26.94,991.86 
02/11/2021T13:45:37Z,173,297,331,56.19,26.94,991.98 
02/11/2021T13:46:07Z,172,292,335,56.19,26.94,991.98 
02/11/2021T13:46:38Z,171,296,338,56.27,26.96,991.95 
02/11/2021T13:47:08Z,177,294,340,56.25,26.98,991.96 
02/11/2021T13:47:38Z,174,285,337,56.57,27.02,991.85 
02/11/2021T13:48:09Z,164,283,332,55.97,27.03,992.05 
02/11/2021T13:48:39Z,161,272,315,56.25,27.03,991.98 
02/11/2021T13:49:09Z,166,285,323,56.46,27.05,991.88 
02/11/2021T13:49:39Z,162,272,316,56.36,27.06,991.90 
02/11/2021T13:50:10Z,164,277,320,56.46,27.07,991.87 
02/11/2021T13:50:40Z,161,270,308,56.27,27.07,991.95 
02/11/2021T13:51:10Z,159,267,307,56.15,27.07,992.02 
02/11/2021T13:51:41Z,158,267,314,56.51,27.09,991.86 
02/11/2021T13:52:11Z,159,271,303,56.34,27.10,991.92 
02/11/2021T13:52:41Z,162,275,323,56.55,27.10,991.87 
02/11/2021T13:53:12Z,162,277,312,56.39,27.10,991.92 
02/11/2021T13:53:42Z,158,263,298,56.25,27.07,991.99 
02/11/2021T13:54:13Z,154,258,300,56.51,27.05,991.92 
02/11/2021T13:54:43Z,157,266,299,56.63,27.05,991.88 
02/11/2021T13:55:14Z,158,267,305,56.93,27.06,991.78 
02/11/2021T13:55:44Z,153,258,290,56.37,27.05,991.97 
02/11/2021T13:56:15Z,151,255,287,56.05,27.03,992.10 
02/11/2021T13:56:45Z,149,253,286,55.80,27.02,992.19 
02/11/2021T13:57:16Z,154,260,300,55.79,27.02,992.18 
02/11/2021T13:57:46Z,154,252,290,56.05,27.06,992.09 
02/11/2021T13:58:17Z,151,251,284,56.11,27.06,992.05 
02/11/2021T13:58:47Z,152,257,293,56.29,27.06,992.00 
02/11/2021T13:59:18Z,148,251,281,56.37,27.05,991.97 
02/11/2021T13:59:48Z,148,249,292,56.85,27.03,991.82 
02/11/2021T14:00:19Z,152,249,283,56.76,27.04,991.83 
02/11/2021T14:00:49Z,152,255,292,56.51,27.06,991.93 
02/11/2021T14:01:20Z,150,253,289,56.48,27.06,991.95 
02/11/2021T14:01:50Z,153,251,281,56.39,27.08,991.97 
02/11/2021T14:02:20Z,151,249,284,56.35,27.09,991.97 
02/11/2021T14:02:51Z,147,244,278,56.41,27.11,991.96 
02/11/2021T14:03:21Z,147,241,276,56.38,27.12,991.98 
02/11/2021T14:03:51Z,147,241,271,56.39,27.15,991.94 
02/11/2021T14:04:22Z,148,245,277,56.50,27.18,991.92 
02/11/2021T14:04:52Z,151,250,286,56.63,27.19,991.87 
02/11/2021T14:05:23Z,157,262,297,56.59,27.21,991.88 
02/11/2021T14:05:53Z,156,262,298,56.56,27.22,991.91 
02/11/2021T14:06:23Z,161,263,306,56.65,27.23,991.89 
02/11/2021T14:06:54Z,156,259,297,56.46,27.24,991.96 
02/11/2021T14:07:24Z,153,250,286,55.01,27.23,992.47 
02/11/2021T14:07:55Z,151,248,283,55.55,27.25,992.30 
02/11/2021T14:08:25Z,154,251,290,55.43,27.30,992.31 
02/11/2021T14:08:56Z,155,254,294,55.57,27.33,992.25 
02/11/2021T14:09:26Z,160,265,302,55.98,27.35,992.09 
02/11/2021T14:09:57Z,159,267,305,55.87,27.36,992.12 
02/11/2021T14:10:28Z,156,267,307,55.76,27.34,992.17 
02/11/2021T14:10:58Z,171,287,327,55.91,27.35,992.12 
02/11/2021T14:11:28Z,209,341,380,55.74,27.36,992.18 
02/11/2021T14:11:58Z,223,372,418,55.83,27.37,992.15 
02/11/2021T14:12:29Z,217,361,406,55.39,27.37,992.29 
02/11/2021T14:13:00Z,205,341,387,55.74,27.38,992.18 
02/11/2021T14:13:31Z,201,329,375,55.66,27.35,992.19 
02/11/2021T14:14:01Z,199,333,381,55.94,27.37,992.11 
02/11/2021T14:14:32Z,195,332,380,55.64,27.37,992.19 
02/11/2021T14:15:02Z,192,318,367,55.93,27.37,992.11 
02/11/2021T14:15:32Z,189,326,365,55.63,27.37,992.22 
02/11/2021T14:16:02Z,189,316,360,55.59,27.36,992.22 
02/11/2021T14:16:33Z,181,305,345,55.57,27.36,992.23 
02/11/2021T14:17:03Z,174,298,341,54.91,27.33,992.50 
02/11/2021T14:17:33Z,175,285,327,55.12,27.30,992.44 
02/11/2021T14:18:04Z,174,288,331,54.92,27.28,992.49 
02/11/2021T14:18:34Z,171,289,328,54.93,27.27,992.51 
02/11/2021T14:19:04Z,176,291,334,54.72,27.26,992.57 
02/11/2021T14:19:35Z,198,328,365,54.90,27.23,992.50 
02/11/2021T14:20:05Z,220,371,421,55.23,27.26,992.39 
02/11/2021T14:20:36Z,229,376,417,55.32,27.27,992.34 
02/11/2021T14:21:06Z,237,396,448,55.13,27.23,992.41 
02/11/2021T14:21:37Z,239,395,449,55.06,27.21,992.44 
02/11/2021T14:22:08Z,234,386,443,54.98,27.21,992.47 
02/11/2021T14:22:38Z,230,382,433,54.73,27.17,992.56 
02/11/2021T14:23:09Z,226,379,421,55.05,27.16,992.45 
02/11/2021T14:23:40Z,218,357,409,54.99,27.15,992.47 
02/11/2021T14:24:11Z,218,361,409,54.95,27.09,992.51 
02/11/2021T14:24:41Z,212,344,392,55.05,27.06,992.47 
02/11/2021T14:25:12Z,200,334,384,55.12,27.03,992.47 
02/11/2021T14:25:42Z,195,319,367,54.98,27.00,992.52 
02/11/2021T14:26:13Z,194,315,359,55.19,26.98,992.46 
02/11/2021T14:26:43Z,189,308,362,55.50,26.98,992.35 
02/11/2021T14:27:13Z,182,294,331,54.67,26.94,992.62 
02/11/2021T14:27:44Z,174,292,332,54.81,26.89,992.63 
02/11/2021T14:28:14Z,180,301,339,55.54,26.87,992.37 
02/11/2021T14:28:44Z,186,314,357,55.40,26.87,992.39 
02/11/2021T14:29:15Z,182,303,351,55.47,26.90,992.38 
02/11/2021T14:29:45Z,179,297,346,55.61,26.91,992.33 
02/11/2021T14:30:16Z,175,297,341,55.50,26.93,992.37 
02/11/2021T14:30:46Z,172,285,322,55.25,26.92,992.46 
02/11/2021T14:31:17Z,170,283,321,55.32,26.90,992.46 
02/11/2021T14:31:47Z,167,272,320,55.36,26.89,992.42 
02/11/2021T14:32:18Z,164,271,318,55.39,26.91,992.40 
02/11/2021T14:32:48Z,163,271,314,55.61,26.92,992.35 
02/11/2021T14:33:19Z,168,280,324,55.61,26.94,992.34 
02/11/2021T14:33:49Z,166,273,314,55.16,26.93,992.50 
02/11/2021T14:34:19Z,167,280,321,55.57,26.94,992.39 
02/11/2021T14:34:50Z,169,281,316,56.26,26.99,992.14 
02/11/2021T14:35:20Z,168,279,324,56.17,27.01,992.14 
02/11/2021T14:35:50Z,168,281,328,55.77,27.01,992.27 
02/11/2021T14:36:20Z,174,297,351,55.42,26.98,992.44 
02/11/2021T14:36:50Z,174,303,349,55.13,26.97,992.51 
02/11/2021T14:37:20Z,175,303,351,55.51,26.93,992.44 
02/11/2021T14:37:51Z,178,303,352,55.63,26.94,992.37 
02/11/2021T14:38:22Z,175,303,349,55.76,26.94,992.35 
02/11/2021T14:38:52Z,173,300,345,56.09,26.96,992.22 
02/11/2021T14:39:22Z,171,294,343,55.53,26.97,992.40 
02/11/2021T14:39:53Z,176,299,349,55.08,26.97,992.60 
02/11/2021T14:40:23Z,177,302,355,55.26,26.99,992.54 
02/11/2021T14:40:54Z,173,302,353,55.01,27.00,992.61 
02/11/2021T14:41:24Z,171,296,342,55.33,27.02,992.50 
02/11/2021T14:41:54Z,169,291,338,55.55,27.04,992.42 
02/11/2021T14:42:25Z,168,287,334,55.42,27.04,992.46 
02/11/2021T14:42:55Z,170,290,338,54.97,27.03,992.63 
02/11/2021T14:43:25Z,163,280,331,54.89,27.01,992.67 
02/11/2021T14:43:56Z,164,280,323,55.12,27.00,992.60 
02/11/2021T14:44:26Z,163,272,316,55.13,26.99,992.60 
02/11/2021T14:44:56Z,163,268,312,55.28,27.00,992.55 
02/11/2021T14:45:27Z,158,268,312,55.10,27.03,992.59 
02/11/2021T14:45:58Z,151,256,300,55.11,27.06,992.59 
02/11/2021T14:46:28Z,156,257,303,55.18,27.08,992.56 
02/11/2021T14:46:58Z,159,261,305,55.38,27.09,992.48 
02/11/2021T14:47:28Z,153,251,293,55.25,27.10,992.52 
02/11/2021T14:47:59Z,152,258,302,55.28,27.12,992.52 
02/11/2021T14:48:29Z,150,253,287,55.24,27.13,992.54 
02/11/2021T14:49:00Z,152,257,296,55.28,27.16,992.50 
02/11/2021T14:49:30Z,149,262,303,55.55,27.20,992.40 
02/11/2021T14:50:00Z,148,260,296,55.61,27.24,992.37 
02/11/2021T14:50:31Z,146,247,286,55.58,27.25,992.37 
02/11/2021T14:51:02Z,146,247,287,55.29,27.25,992.49 
02/11/2021T14:51:32Z,148,250,294,55.18,27.24,992.53 
02/11/2021T14:52:02Z,146,243,290,55.24,27.23,992.52 
02/11/2021T14:52:33Z,144,250,294,54.84,27.20,992.65 
02/11/2021T14:53:04Z,147,249,288,54.76,27.20,992.69 
02/11/2021T14:53:34Z,145,243,280,54.66,27.19,992.71 
02/11/2021T14:54:04Z,142,242,279,54.39,27.17,992.80 
02/11/2021T14:54:35Z,145,238,275,54.78,27.16,992.68 
02/11/2021T14:55:05Z,143,245,280,54.82,27.12,992.67 
02/11/2021T14:55:35Z,144,246,281,55.21,27.08,992.55 
02/11/2021T14:56:05Z,142,241,279,55.38,27.05,992.49 
02/11/2021T14:56:36Z,152,248,283,55.51,27.06,992.44 
02/11/2021T14:57:06Z,153,250,285,55.42,27.06,992.48 
02/11/2021T14:57:37Z,146,241,273,55.07,27.06,992.59 
02/11/2021T14:58:07Z,145,239,274,54.75,27.02,992.71 
02/11/2021T14:58:38Z,141,230,262,54.61,26.97,992.78 
02/11/2021T14:59:08Z,141,231,262,55.05,26.94,992.67 
02/11/2021T14:59:38Z,140,231,267,54.73,26.90,992.75 
02/11/2021T15:00:08Z,138,229,264,54.84,26.87,992.72 
02/11/2021T15:00:39Z,139,227,257,55.16,26.81,992.62 
02/11/2021T15:01:09Z,134,221,249,55.31,26.75,992.57 
02/11/2021T15:01:40Z,138,223,262,55.23,26.70,992.61 
02/11/2021T15:02:11Z,134,219,248,55.53,26.70,992.51 
02/11/2021T15:02:41Z,137,219,251,55.51,26.69,992.51 
02/11/2021T15:03:12Z,140,228,260,55.68,26.68,992.46 
02/11/2021T15:03:42Z,136,225,259,55.85,26.69,992.40 
02/11/2021T15:04:13Z,135,220,261,56.11,26.70,992.31 
02/11/2021T15:04:44Z,135,225,260,55.87,26.70,992.40 
02/11/2021T15:05:14Z,135,229,268,56.12,26.67,992.33 
02/11/2021T15:05:45Z,137,229,261,56.32,26.70,992.26 
02/11/2021T15:06:15Z,136,222,251,56.24,26.75,992.27 
02/11/2021T15:06:46Z,136,221,254,56.08,26.80,992.32 
02/11/2021T15:07:16Z,140,224,263,55.92,26.81,992.38 
02/11/2021T15:07:46Z,136,224,255,55.55,26.80,992.54 
02/11/2021T15:08:17Z,138,224,267,55.58,26.78,992.53 
02/11/2021T15:08:48Z,139,230,274,55.44,26.77,992.59 
02/11/2021T15:09:18Z,138,225,259,55.34,26.76,992.63 
02/11/2021T15:09:48Z,139,225,255,55.17,26.71,992.72 
02/11/2021T15:10:19Z,137,223,258,55.55,26.69,992.58 
02/11/2021T15:10:50Z,139,226,260,55.67,26.71,992.52 
02/11/2021T15:11:20Z,137,225,261,55.64,26.71,992.53 
02/11/2021T15:11:50Z,139,229,262,55.72,26.70,992.53 
02/11/2021T15:12:21Z,141,230,261,55.69,26.68,992.55 
02/11/2021T15:12:52Z,137,224,256,55.72,26.66,992.56 
02/11/2021T15:13:23Z,133,218,256,56.15,26.64,992.41 
02/11/2021T15:13:54Z,134,218,254,56.12,26.68,992.43 
02/11/2021T15:14:24Z,131,219,254,56.26,26.74,992.35 
02/11/2021T15:14:54Z,132,217,252,55.99,26.76,992.47 
02/11/2021T15:15:24Z,131,218,253,55.95,26.76,992.49 
02/11/2021T15:15:55Z,133,213,248,56.06,26.77,992.45 
02/11/2021T15:16:26Z,136,226,262,56.16,26.74,992.43 
02/11/2021T15:16:56Z,135,221,255,55.90,26.77,992.52 
02/11/2021T15:17:27Z,134,220,249,55.72,26.76,992.59 
02/11/2021T15:17:57Z,136,222,256,55.70,26.75,992.62 
02/11/2021T15:18:27Z,143,233,269,55.83,26.74,992.58 
02/11/2021T15:18:57Z,141,227,267,55.68,26.74,992.62 
02/11/2021T15:19:27Z,138,226,261,55.63,26.74,992.64 
02/11/2021T15:19:58Z,138,229,252,55.85,26.75,992.58 
02/11/2021T15:20:28Z,140,229,258,55.97,26.79,992.51 
02/11/2021T15:20:59Z,139,227,257,56.03,26.80,992.48 
02/11/2021T15:21:29Z,138,226,254,56.05,26.81,992.47 
02/11/2021T15:21:59Z,135,221,249,56.10,26.82,992.45 
02/11/2021T15:22:30Z,138,223,256,55.91,26.84,992.49 
02/11/2021T15:23:00Z,138,221,261,55.81,26.82,992.56 
02/11/2021T15:23:30Z,139,225,256,55.65,26.81,992.60 
02/11/2021T15:24:00Z,136,219,253,55.71,26.79,992.61 
02/11/2021T15:24:30Z,137,219,261,55.68,26.77,992.62 
02/11/2021T15:25:00Z,136,220,260,55.75,26.78,992.60 
02/11/2021T15:25:31Z,135,220,253,55.80,26.78,992.57 
02/11/2021T15:26:02Z,142,231,267,55.95,26.81,992.50 
02/11/2021T15:26:32Z,149,244,281,55.58,26.82,992.64 
02/11/2021T15:27:02Z,165,273,312,55.18,26.78,992.79 
02/11/2021T15:27:33Z,165,274,318,55.48,26.75,992.71 
02/11/2021T15:28:03Z,159,259,294,55.72,26.76,992.63 
02/11/2021T15:28:33Z,159,266,309,55.90,26.80,992.54 
02/11/2021T15:29:03Z,165,267,302,55.76,26.83,992.57 
02/11/2021T15:29:33Z,156,263,298,55.55,26.85,992.64 
02/11/2021T15:30:03Z,153,249,281,55.49,26.87,992.66 
02/11/2021T15:30:34Z,151,251,285,55.49,26.91,992.66 
02/11/2021T15:31:05Z,154,257,290,55.56,26.92,992.63 
02/11/2021T15:31:36Z,152,252,287,55.72,26.91,992.57 
02/11/2021T15:32:06Z,155,255,289,55.71,26.91,992.59 
02/11/2021T15:32:36Z,154,249,293,55.71,26.91,992.60 
02/11/2021T15:33:06Z,150,248,282,55.72,26.90,992.60 
02/11/2021T15:33:37Z,149,247,277,55.46,26.89,992.69 
02/11/2021T15:34:08Z,145,237,264,55.28,26.86,992.77 
02/11/2021T15:34:38Z,143,237,276,55.29,26.83,992.79 
02/11/2021T15:35:08Z,145,246,286,55.49,26.83,992.71 
02/11/2021T15:35:38Z,141,239,270,55.26,26.83,992.80 
02/11/2021T15:36:09Z,145,237,271,55.27,26.81,992.81 
02/11/2021T15:36:39Z,154,249,287,55.29,26.79,992.82 
02/11/2021T15:37:10Z,198,340,392,55.43,26.79,992.78 
02/11/2021T15:37:40Z,159,254,300,55.41,26.81,992.77 
02/11/2021T15:38:10Z,148,242,275,55.50,26.80,992.75 
02/11/2021T15:38:41Z,146,233,273,55.51,26.78,992.74 
02/11/2021T15:39:11Z,145,236,275,55.52,26.78,992.75 
02/11/2021T15:39:42Z,145,236,268,55.48,26.81,992.76 
02/11/2021T15:40:12Z,148,242,274,55.49,26.83,992.76 
02/11/2021T15:40:42Z,148,238,275,55.61,26.82,992.72 
02/11/2021T15:41:12Z,146,239,276,55.51,26.83,992.74 
02/11/2021T15:41:42Z,150,245,290,55.74,26.82,992.69 
02/11/2021T15:42:13Z,147,247,295,55.58,26.82,992.71 
02/11/2021T15:42:43Z,149,242,280,55.58,26.82,992.72 
02/11/2021T15:43:14Z,148,243,278,55.52,26.82,992.74 
02/11/2021T15:43:44Z,149,237,268,55.69,26.83,992.69 
02/11/2021T15:44:14Z,148,236,265,55.86,26.85,992.62 
02/11/2021T15:44:44Z,143,238,264,56.12,26.84,992.53 
02/11/2021T15:45:15Z,141,225,260,56.10,26.79,992.54 
02/11/2021T15:45:46Z,141,225,263,56.22,26.78,992.51 
02/11/2021T15:46:16Z,141,233,267,56.31,26.71,992.51 
02/11/2021T15:46:47Z,140,233,270,56.45,26.74,992.44 
02/11/2021T15:47:17Z,143,232,265,56.80,26.77,992.33 
02/11/2021T15:47:47Z,142,233,265,56.67,26.75,992.38 
02/11/2021T15:48:18Z,139,224,262,57.01,26.74,992.29 
02/11/2021T15:48:48Z,136,226,265,57.32,26.79,992.19 
02/11/2021T15:49:18Z,143,232,262,57.04,26.84,992.28 
02/11/2021T15:49:48Z,149,245,287,57.14,26.86,992.26 
02/11/2021T15:50:18Z,142,234,270,56.61,26.89,992.43 
02/11/2021T15:50:49Z,147,240,279,56.30,26.85,992.55 
02/11/2021T15:51:20Z,148,245,292,56.07,26.86,992.63 
02/11/2021T15:51:51Z,145,237,274,55.60,26.87,992.78 
02/11/2021T15:52:21Z,139,237,272,55.82,26.84,992.72 
02/11/2021T15:52:51Z,139,226,258,55.93,26.78,992.69 
02/11/2021T15:53:22Z,135,219,253,55.55,26.76,992.84 
02/11/2021T15:53:52Z,136,218,254,55.73,26.73,992.78 
02/11/2021T15:54:23Z,135,222,257,55.72,26.67,992.78 
02/11/2021T15:54:54Z,139,226,261,55.92,26.59,992.75 
02/11/2021T15:55:24Z,139,229,266,56.23,26.55,992.64 
02/11/2021T15:55:54Z,135,223,254,56.12,26.56,992.66 
02/11/2021T15:56:24Z,135,218,248,55.99,26.53,992.73 
02/11/2021T15:56:55Z,132,217,247,56.00,26.47,992.74 
02/11/2021T15:57:25Z,137,220,251,56.29,26.47,992.64 
02/11/2021T15:57:56Z,135,219,248,56.22,26.47,992.65 
02/11/2021T15:58:26Z,136,216,242,56.37,26.47,992.60 
02/11/2021T15:58:56Z,135,215,240,56.58,26.47,992.53 
02/11/2021T15:59:27Z,133,216,242,56.05,26.48,992.71 
02/11/2021T15:59:57Z,137,220,246,55.92,26.48,992.77 
02/11/2021T16:00:28Z,132,210,245,56.05,26.47,992.75 
02/11/2021T16:00:59Z,128,208,238,56.18,26.45,992.70 
02/11/2021T16:01:29Z,129,209,237,55.98,26.46,992.75 
02/11/2021T16:02:00Z,129,204,233,56.18,26.45,992.70 
02/11/2021T16:02:30Z,128,207,235,56.10,26.43,992.73 
02/11/2021T16:03:01Z,134,226,273,56.22,26.43,992.70 
02/11/2021T16:03:32Z,136,225,266,56.24,26.41,992.69 
02/11/2021T16:04:02Z,134,221,255,56.36,26.39,992.65 
02/11/2021T16:04:32Z,130,214,249,56.18,26.39,992.72 
02/11/2021T16:05:02Z,132,220,252,56.11,26.41,992.76 
02/11/2021T16:05:33Z,131,212,254,55.96,26.42,992.79 
02/11/2021T16:06:03Z,131,214,249,55.78,26.46,992.85 
02/11/2021T16:06:34Z,128,210,247,55.55,26.50,992.92 
02/11/2021T16:07:05Z,129,215,256,55.84,26.45,992.85 
02/11/2021T16:07:35Z,129,216,252,55.90,26.48,992.81 
02/11/2021T16:08:06Z,127,207,244,55.81,26.49,992.83 
02/11/2021T16:08:36Z,129,208,243,55.83,26.45,992.84 
02/11/2021T16:09:06Z,125,202,238,55.91,26.49,992.78 
02/11/2021T16:09:36Z,123,203,237,55.88,26.57,992.77 
02/11/2021T16:10:06Z,124,199,230,56.54,26.62,992.54 
02/11/2021T16:10:37Z,125,203,239,56.27,26.67,992.60 
02/11/2021T16:11:08Z,135,216,249,56.11,26.64,992.66 
02/11/2021T16:11:38Z,131,215,252,55.65,26.64,992.83 
02/11/2021T16:12:09Z,133,211,244,55.65,26.63,992.85 
02/11/2021T16:12:39Z,138,218,252,55.62,26.65,992.86 
02/11/2021T16:13:10Z,141,218,248,56.12,26.68,992.67 
02/11/2021T16:13:40Z,134,210,246,55.94,26.70,992.67 
02/11/2021T16:14:11Z,131,217,245,55.35,26.71,992.90 
02/11/2021T16:14:41Z,131,211,240,55.35,26.70,992.93 
02/11/2021T16:15:11Z,125,200,235,55.86,26.67,992.74 
02/11/2021T16:15:42Z,127,206,232,56.15,26.63,992.64 
02/11/2021T16:16:12Z,126,204,228,55.52,26.62,992.87 
02/11/2021T16:16:43Z,127,204,232,55.45,26.63,992.90 
02/11/2021T16:17:13Z,127,208,230,55.19,26.65,992.98 
02/11/2021T16:17:44Z,129,203,229,54.71,26.63,993.15 
02/11/2021T16:18:14Z,128,204,229,54.56,26.59,993.22 
02/11/2021T16:18:44Z,127,208,244,55.19,26.62,992.99 
02/11/2021T16:19:14Z,139,227,257,54.84,26.65,993.06 
02/11/2021T16:19:45Z,154,242,282,54.45,26.65,993.23 
02/11/2021T16:20:15Z,149,232,266,54.34,26.64,993.28 
02/11/2021T16:20:45Z,142,227,257,54.40,26.62,993.27 
02/11/2021T16:21:16Z,136,216,250,53.90,26.61,993.46 
02/11/2021T16:21:46Z,134,214,253,54.33,26.57,993.30 
02/11/2021T16:22:16Z,135,209,237,54.62,26.57,993.17 
02/11/2021T16:22:47Z,131,209,244,54.41,26.56,993.24 
02/11/2021T16:23:17Z,130,208,236,54.35,26.52,993.29 
02/11/2021T16:23:48Z,131,207,235,54.66,26.48,993.19 
02/11/2021T16:24:18Z,133,209,240,54.94,26.49,993.05 
02/11/2021T16:24:49Z,130,208,238,54.68,26.49,993.17 
02/11/2021T16:25:20Z,131,211,243,54.80,26.52,993.10 
02/11/2021T16:25:50Z,133,213,246,54.58,26.52,993.19 
02/11/2021T16:26:21Z,132,214,244,54.36,26.52,993.28 
02/11/2021T16:26:51Z,135,216,247,54.55,26.53,993.21 
02/11/2021T16:27:21Z,137,219,250,54.45,26.50,993.25 
02/11/2021T16:27:52Z,137,217,248,54.64,26.49,993.20 
02/11/2021T16:28:23Z,134,220,254,54.47,26.49,993.25 
02/11/2021T16:28:53Z,133,215,252,54.34,26.49,993.29 
02/11/2021T16:29:23Z,134,223,255,54.33,26.50,993.30 
02/11/2021T16:29:53Z,141,224,255,54.74,26.45,993.16 
02/11/2021T16:30:24Z,137,217,260,54.59,26.44,993.19 
02/11/2021T16:30:55Z,137,223,261,54.57,26.43,993.21 
02/11/2021T16:31:26Z,133,216,247,54.74,26.45,993.14 
02/11/2021T16:31:56Z,131,211,247,54.35,26.42,993.27 
02/11/2021T16:32:27Z,133,213,244,54.29,26.41,993.32 
02/11/2021T16:32:57Z,137,220,246,54.38,26.42,993.26 
02/11/2021T16:33:27Z,132,213,243,54.33,26.42,993.27 
02/11/2021T16:33:57Z,129,209,242,54.32,26.42,993.27 
02/11/2021T16:34:27Z,125,204,235,53.84,26.41,993.46 
02/11/2021T16:34:58Z,126,203,230,53.97,26.41,993.41 
02/11/2021T16:35:28Z,129,207,240,54.36,26.42,993.26 
02/11/2021T16:35:59Z,126,201,228,54.00,26.41,993.36 
02/11/2021T16:36:29Z,123,196,223,53.93,26.41,993.41 
02/11/2021T16:37:00Z,120,193,219,54.15,26.49,993.29 
02/11/2021T16:37:31Z,123,196,232,54.13,26.55,993.26 
02/11/2021T16:38:01Z,122,193,218,53.80,26.55,993.37 
02/11/2021T16:38:32Z,119,195,219,53.63,26.54,993.47 
02/11/2021T16:39:03Z,121,198,223,53.41,26.51,993.55 
02/11/2021T16:39:33Z,118,192,220,53.57,26.48,993.51 
02/11/2021T16:40:04Z,119,188,216,53.70,26.52,993.45 
02/11/2021T16:40:34Z,121,193,219,53.56,26.55,993.47 
02/11/2021T16:41:05Z,118,188,217,53.58,26.53,993.47 
02/11/2021T16:41:36Z,119,188,213,53.72,26.59,993.38 
02/11/2021T16:42:07Z,120,192,211,53.44,26.65,993.47 
02/11/2021T16:42:37Z,115,189,211,52.96,26.69,993.63 
02/11/2021T16:43:08Z,114,187,209,52.92,26.69,993.66 
02/11/2021T16:43:38Z,116,187,206,52.98,26.68,993.62 
02/11/2021T16:44:08Z,118,196,219,52.93,26.63,993.66 
02/11/2021T16:44:39Z,117,194,219,53.14,26.58,993.58 
02/11/2021T16:45:09Z,115,190,216,53.51,26.55,993.43 
02/11/2021T16:45:40Z,115,185,210,53.54,26.49,993.44 
02/11/2021T16:46:10Z,118,193,226,53.62,26.49,993.39 
02/11/2021T16:46:40Z,118,194,224,54.07,26.49,993.19 
02/11/2021T16:47:10Z,123,195,219,54.03,26.42,993.22 
02/11/2021T16:47:41Z,122,193,225,54.06,26.37,993.24 
02/11/2021T16:48:11Z,121,201,228,54.17,26.33,993.21 
02/11/2021T16:48:42Z,124,203,231,54.18,26.29,993.20 
02/11/2021T16:49:12Z,119,197,221,54.30,26.27,993.20 
02/11/2021T16:49:42Z,124,195,219,54.12,26.26,993.25 
02/11/2021T16:50:13Z,119,196,225,54.37,26.24,993.18 
02/11/2021T16:50:44Z,123,201,229,54.32,26.20,993.18 
02/11/2021T16:51:15Z,126,199,224,54.84,26.09,993.04 
02/11/2021T16:51:45Z,122,195,223,54.76,26.17,993.03 
02/11/2021T16:52:15Z,122,199,223,54.01,26.18,993.30 
02/11/2021T16:52:46Z,119,191,227,54.18,26.19,993.25 
02/11/2021T16:53:16Z,118,195,219,53.92,26.22,993.33 
02/11/2021T16:53:47Z,120,196,223,53.86,26.24,993.34 
02/11/2021T16:54:18Z,121,202,230,53.88,26.27,993.34 
02/11/2021T16:54:48Z,121,195,223,53.77,26.29,993.36 
02/11/2021T16:55:18Z,123,201,229,53.54,26.27,993.45 
02/11/2021T16:55:48Z,122,198,225,53.63,26.29,993.43 
02/11/2021T16:56:19Z,120,197,222,53.44,26.31,993.48 
02/11/2021T16:56:49Z,119,190,215,53.46,26.33,993.44 
02/11/2021T16:57:19Z,120,195,221,53.30,26.34,993.50 
02/11/2021T16:57:50Z,126,204,230,53.00,26.31,993.62 
02/11/2021T16:58:20Z,122,197,227,53.02,26.26,993.64 
02/11/2021T16:58:50Z,119,191,219,53.09,26.29,993.61 
02/11/2021T16:59:20Z,123,198,228,52.83,26.27,993.69 
02/11/2021T16:59:51Z,120,196,218,52.64,26.25,993.78 
02/11/2021T17:00:21Z,120,196,224,53.05,26.30,993.59 
02/11/2021T17:00:52Z,127,207,232,53.00,26.26,993.60 
02/11/2021T17:01:22Z,126,201,224,53.13,26.25,993.55 
02/11/2021T17:01:52Z,123,200,228,53.20,26.27,993.49 
02/11/2021T17:02:23Z,124,196,219,52.83,26.26,993.63 
02/11/2021T17:02:53Z,122,198,220,52.85,26.21,993.63 
02/11/2021T17:03:23Z,125,196,219,53.14,26.23,993.49 
02/11/2021T17:03:54Z,125,198,224,53.10,26.19,993.50 
02/11/2021T17:04:25Z,123,198,229,53.23,26.16,993.45 
02/11/2021T17:04:55Z,123,201,233,53.23,26.18,993.43 
02/11/2021T17:05:25Z,124,202,229,53.17,26.19,993.44 
02/11/2021T17:05:55Z,124,200,233,53.13,26.22,993.44 
02/11/2021T17:06:26Z,123,202,232,53.11,26.25,993.42 
02/11/2021T17:06:56Z,123,195,234,53.03,26.29,993.43 
02/11/2021T17:07:26Z,121,199,226,52.99,26.32,993.44 
02/11/2021T17:07:57Z,123,198,224,52.98,26.34,993.43 
02/11/2021T17:08:28Z,122,198,224,52.96,26.36,993.43 
02/11/2021T17:08:58Z,119,194,222,52.97,26.38,993.43 
02/11/2021T17:09:28Z,121,193,220,52.97,26.39,993.42 
02/11/2021T17:09:59Z,123,198,219,52.98,26.40,993.41 
02/11/2021T17:10:30Z,122,193,218,53.03,26.41,993.40 
02/11/2021T17:11:00Z,120,194,215,53.05,26.42,993.39 
02/11/2021T17:11:30Z,123,194,216,53.05,26.43,993.38 
02/11/2021T17:12:00Z,120,196,216,53.10,26.43,993.36 
02/11/2021T17:12:30Z,121,187,212,53.16,26.43,993.33 
02/11/2021T17:13:01Z,120,193,219,53.19,26.43,993.33 
02/11/2021T17:13:31Z,120,193,217,53.23,26.42,993.30 
02/11/2021T17:14:02Z,121,190,210,53.25,26.42,993.30 
02/11/2021T17:14:32Z,120,198,219,53.32,26.41,993.26 
02/11/2021T17:15:03Z,120,197,226,53.35,26.41,993.26 
02/11/2021T17:15:33Z,120,194,215,53.35,26.40,993.25 
02/11/2021T17:16:04Z,119,189,211,53.34,26.41,993.25 
02/11/2021T17:16:34Z,120,186,204,53.37,26.41,993.23 
02/11/2021T17:17:05Z,121,192,216,53.42,26.39,993.21 
02/11/2021T17:17:35Z,119,188,215,53.45,26.39,993.18 
02/11/2021T17:18:06Z,120,191,218,53.43,26.39,993.19 
02/11/2021T17:18:36Z,120,192,216,53.40,26.39,993.17 
02/11/2021T17:19:07Z,122,195,218,53.42,26.39,993.16 
02/11/2021T17:19:37Z,121,191,217,53.43,26.39,993.15 
02/11/2021T17:20:08Z,119,191,211,53.47,26.38,993.13 
02/11/2021T17:20:38Z,122,199,222,53.50,26.37,993.13 
02/11/2021T17:21:09Z,122,195,218,53.53,26.36,993.13 
02/11/2021T17:21:39Z,119,193,223,53.59,26.35,993.10 
02/11/2021T17:22:10Z,121,192,214,53.59,26.35,993.09 
02/11/2021T17:22:40Z,118,189,211,53.61,26.34,993.10 
02/11/2021T17:23:10Z,121,191,216,53.58,26.35,993.10 
02/11/2021T17:23:41Z,119,188,218,53.63,26.34,993.07 
02/11/2021T17:24:12Z,117,189,215,53.67,26.33,993.05 
02/11/2021T17:24:42Z,120,191,219,53.65,26.34,993.06 
02/11/2021T17:25:12Z,118,189,209,53.69,26.33,993.05 
02/11/2021T17:25:43Z,120,190,218,53.72,26.32,993.03 
02/11/2021T17:26:13Z,118,189,218,53.81,26.31,993.01 
02/11/2021T17:26:43Z,117,189,214,53.81,26.30,993.01 
02/11/2021T17:27:14Z,119,194,218,53.85,26.29,993.01 
02/11/2021T17:27:44Z,116,188,211,53.93,26.27,992.96 
02/11/2021T17:28:15Z,117,185,206,53.89,26.27,992.97 
02/11/2021T17:28:45Z,117,189,218,53.95,26.27,992.96 
02/11/2021T17:29:15Z,118,189,210,53.91,26.27,992.96 
02/11/2021T17:29:45Z,118,187,213,53.94,26.27,992.95 
02/11/2021T17:30:16Z,115,189,216,54.02,26.25,992.91 
02/11/2021T17:30:47Z,117,190,210,53.99,26.25,992.95 
02/11/2021T17:31:18Z,117,189,213,54.01,26.25,992.94 
02/11/2021T17:31:48Z,114,183,206,54.11,26.24,992.88 
02/11/2021T17:32:19Z,116,189,213,54.15,26.22,992.86 
02/11/2021T17:32:49Z,118,187,211,54.17,26.22,992.84 
02/11/2021T17:33:20Z,118,185,208,54.17,26.22,992.86 
02/11/2021T17:33:50Z,118,188,211,54.17,26.21,992.85 
02/11/2021T17:34:21Z,116,188,211,54.22,26.21,992.83 
02/11/2021T17:34:51Z,118,189,211,54.24,26.20,992.82 
02/11/2021T17:35:21Z,117,190,216,54.30,26.19,992.80 
02/11/2021T17:35:51Z,116,187,210,54.31,26.19,992.80 
02/11/2021T17:36:21Z,119,194,218,54.26,26.20,992.81 
02/11/2021T17:36:52Z,116,190,213,54.32,26.19,992.80 
02/11/2021T17:37:22Z,117,183,205,54.37,26.18,992.78 
02/11/2021T17:37:52Z,118,187,209,54.32,26.18,992.80 
02/11/2021T17:38:23Z,117,183,208,54.27,26.18,992.83 
02/11/2021T17:38:53Z,118,186,208,54.24,26.18,992.85 
02/11/2021T17:39:24Z,117,187,212,54.35,26.17,992.81 
02/11/2021T17:39:54Z,118,191,214,54.24,26.17,992.87 
02/11/2021T17:40:25Z,117,189,208,54.34,26.17,992.84 
02/11/2021T17:40:55Z,116,187,206,54.35,26.16,992.83 
02/11/2021T17:41:26Z,117,187,207,54.40,26.16,992.81 
02/11/2021T17:41:56Z,115,185,210,54.45,26.15,992.80 
02/11/2021T17:42:27Z,115,186,210,54.45,26.14,992.80 
02/11/2021T17:42:58Z,117,189,213,54.45,26.12,992.79 
02/11/2021T17:43:28Z,117,185,209,54.51,26.11,992.78 
02/11/2021T17:43:58Z,117,182,203,54.49,26.12,992.78 
02/11/2021T17:44:28Z,120,188,208,54.46,26.12,992.81 
02/11/2021T17:44:58Z,120,190,208,54.51,26.12,992.77 
02/11/2021T17:45:29Z,117,186,200,54.54,26.11,992.77 
02/11/2021T17:45:59Z,117,188,209,54.52,26.10,992.79 
02/11/2021T17:46:30Z,116,183,206,54.61,26.09,992.75 
02/11/2021T17:47:00Z,117,187,212,54.62,26.08,992.74 
02/11/2021T17:47:31Z,116,186,209,54.56,26.09,992.76 
02/11/2021T17:48:02Z,118,188,211,54.53,26.09,992.78 
02/11/2021T17:48:32Z,116,184,206,54.59,26.08,992.75 
02/11/2021T17:49:03Z,115,184,210,54.53,26.08,992.77 
02/11/2021T17:49:33Z,119,188,212,54.49,26.08,992.80 
02/11/2021T17:50:04Z,118,187,209,54.57,26.08,992.75 
02/11/2021T17:50:34Z,117,188,208,54.59,26.09,992.73 
02/11/2021T17:51:05Z,118,187,211,54.70,26.07,992.68 
02/11/2021T17:51:35Z,117,186,212,54.63,26.07,992.73 
02/11/2021T17:52:06Z,118,188,213,54.60,26.07,992.74 
02/11/2021T17:52:36Z,119,192,211,54.51,26.07,992.75 
02/11/2021T17:53:06Z,120,195,222,54.54,26.06,992.74 
02/11/2021T17:53:37Z,118,191,212,54.65,26.07,992.71 
02/11/2021T17:54:08Z,118,191,216,54.76,26.06,992.65 
02/11/2021T17:54:38Z,118,184,205,54.79,26.05,992.63 
02/11/2021T17:55:09Z,119,189,214,54.85,26.03,992.61 
02/11/2021T17:55:39Z,118,187,211,54.85,26.02,992.63 
02/11/2021T17:56:10Z,119,190,214,54.94,26.01,992.59 
02/11/2021T17:56:40Z,116,186,206,54.87,26.00,992.63 
02/11/2021T17:57:10Z,117,189,212,54.92,26.00,992.63 
02/11/2021T17:57:41Z,118,187,207,54.96,26.00,992.60 
02/11/2021T17:58:11Z,118,187,208,54.89,26.00,992.63 
02/11/2021T17:58:41Z,119,190,211,54.78,26.02,992.67 
02/11/2021T17:59:12Z,119,190,214,54.80,26.03,992.67 
02/11/2021T17:59:42Z,118,192,222,54.85,26.03,992.65 
02/11/2021T18:00:13Z,118,192,216,54.81,26.02,992.69 
02/11/2021T18:01:19Z,118,189,229,54.91,26.02,992.65 
02/11/2021T18:01:49Z,122,188,208,55.04,26.00,992.60 
