03/10/2021T03:13:19Z,71,103,110,74.83,30.03,984.55 
03/10/2021T03:13:50Z,81,125,138,75.49,30.09,984.57 
03/10/2021T03:14:20Z,81,126,137,75.03,30.21,984.58 
03/10/2021T03:15:08Z,80,122,129,74.50,30.38,984.54 
03/10/2021T03:15:39Z,83,130,139,74.22,30.49,984.53 
03/10/2021T03:16:10Z,84,127,136,74.10,30.57,984.52 
03/10/2021T03:16:40Z,90,140,151,73.60,30.65,984.53 
03/10/2021T03:17:10Z,83,129,139,73.10,30.70,984.50 
03/10/2021T03:17:41Z,78,124,133,73.03,30.74,984.47 
03/10/2021T03:18:11Z,84,129,136,73.02,30.76,984.47 
03/10/2021T03:18:41Z,81,126,138,72.70,30.82,984.46 
03/10/2021T03:19:12Z,84,133,144,72.56,30.82,984.46 
03/10/2021T03:19:42Z,78,121,130,72.65,30.83,984.46 
03/10/2021T03:20:12Z,83,129,138,72.68,30.84,984.46 
03/10/2021T03:20:42Z,85,131,139,72.45,30.89,984.47 
03/10/2021T03:21:13Z,79,123,131,72.20,30.90,984.47 
03/10/2021T03:21:44Z,80,123,130,72.21,30.94,984.47 
03/10/2021T03:22:15Z,78,118,125,72.24,30.95,984.46 
03/10/2021T03:22:45Z,80,123,134,72.48,30.95,984.46 
03/10/2021T03:23:15Z,76,120,127,72.11,30.98,984.46 
03/10/2021T03:23:46Z,75,117,122,71.87,31.01,984.46 
03/10/2021T03:24:17Z,73,115,124,71.80,31.03,984.46 
03/10/2021T03:24:47Z,68,107,111,71.48,31.04,984.46 
03/10/2021T03:25:18Z,67,101,108,71.34,31.04,984.46 
03/10/2021T03:25:49Z,68,103,111,71.71,31.02,984.45 
03/10/2021T03:26:19Z,70,109,116,71.81,31.04,984.45 
03/10/2021T03:26:50Z,71,109,115,71.84,31.06,984.44 
03/10/2021T03:27:20Z,74,113,121,71.77,31.04,984.44 
03/10/2021T03:27:50Z,70,109,116,71.82,31.04,984.45 
03/10/2021T03:28:21Z,73,112,121,71.80,31.07,984.45 
03/10/2021T03:28:52Z,71,114,124,71.61,31.11,984.45 
03/10/2021T03:29:22Z,70,112,122,71.54,31.16,984.45 
03/10/2021T03:29:53Z,67,100,105,71.47,31.17,984.46 
03/10/2021T03:30:23Z,71,124,153,71.32,31.27,984.45 
03/10/2021T03:30:54Z,65,114,149,70.31,31.28,984.45 
03/10/2021T03:31:25Z,65,123,179,70.56,31.28,984.45 
03/10/2021T03:31:55Z,65,113,142,70.56,31.30,984.44 
03/10/2021T03:32:25Z,62,99,117,70.25,31.29,984.43 
03/10/2021T03:32:55Z,60,98,112,70.36,31.29,984.44 
03/10/2021T03:33:25Z,59,94,106,70.12,31.29,984.45 
03/10/2021T03:33:56Z,57,90,99,69.92,31.27,984.45 
03/10/2021T03:34:27Z,60,94,105,70.06,31.27,984.43 
03/10/2021T03:34:57Z,58,93,102,69.93,31.29,984.45 
03/10/2021T03:35:28Z,64,100,111,69.75,31.32,984.45 
03/10/2021T03:35:58Z,69,105,113,69.70,31.30,984.43 
03/10/2021T03:36:29Z,68,106,113,69.94,31.31,984.42 
03/10/2021T03:37:00Z,76,115,123,69.72,31.34,984.41 
03/10/2021T03:37:30Z,87,138,150,69.42,31.36,984.42 
03/10/2021T03:38:01Z,89,140,150,69.54,31.36,984.42 
03/10/2021T03:38:31Z,84,128,139,69.15,31.36,984.41 
03/10/2021T03:39:02Z,86,135,144,68.97,31.36,984.41 
03/10/2021T03:39:32Z,93,144,156,69.35,31.36,984.40 
03/10/2021T03:40:03Z,94,146,154,69.20,31.38,984.40 
03/10/2021T03:40:34Z,98,155,169,69.16,31.42,984.41 
03/10/2021T03:41:04Z,89,138,149,69.15,31.43,984.42 
03/10/2021T03:41:35Z,87,139,148,69.28,31.42,984.41 
03/10/2021T03:42:05Z,85,131,141,69.35,31.45,984.42 
03/10/2021T03:42:36Z,89,140,152,69.48,31.44,984.43 
03/10/2021T03:43:06Z,91,149,162,69.36,31.44,984.45 
03/10/2021T03:43:36Z,93,146,157,69.55,31.44,984.45 
03/10/2021T03:44:07Z,102,160,176,69.53,31.48,984.47 
03/10/2021T03:44:37Z,112,176,190,69.64,31.48,984.45 
03/10/2021T03:45:07Z,119,186,198,69.82,31.50,984.47 
03/10/2021T03:45:37Z,117,180,193,69.63,31.49,984.46 
03/10/2021T03:46:08Z,110,171,182,69.86,31.48,984.45 
03/10/2021T03:46:39Z,97,149,161,69.89,31.51,984.46 
03/10/2021T03:47:09Z,86,136,144,69.64,31.52,984.46 
03/10/2021T03:47:39Z,92,151,161,69.80,31.51,984.44 
03/10/2021T03:48:10Z,111,177,194,69.76,31.49,984.44 
03/10/2021T03:48:40Z,105,164,180,69.91,31.48,984.45 
03/10/2021T03:49:10Z,93,144,156,69.78,31.49,984.45 
03/10/2021T03:49:41Z,95,149,158,69.68,31.47,984.47 
03/10/2021T03:50:11Z,79,122,131,69.55,31.48,984.46 
03/10/2021T03:50:42Z,85,134,147,69.43,31.51,984.47 
03/10/2021T03:51:12Z,88,139,149,69.12,31.49,984.47 
03/10/2021T03:51:43Z,70,109,116,69.00,31.49,984.47 
03/10/2021T03:52:14Z,71,111,119,68.95,31.52,984.48 
03/10/2021T03:52:44Z,101,164,176,68.63,31.55,984.49 
03/10/2021T03:53:15Z,101,164,179,68.87,31.54,984.48 
03/10/2021T03:53:46Z,84,133,142,68.61,31.53,984.47 
03/10/2021T03:54:16Z,83,134,147,68.91,31.53,984.47 
03/10/2021T03:54:46Z,72,118,127,68.39,31.56,984.47 
03/10/2021T03:55:17Z,70,113,122,68.22,31.55,984.47 
03/10/2021T03:55:47Z,66,101,110,68.26,31.58,984.45 
03/10/2021T03:56:17Z,64,104,110,68.29,31.61,984.44 
03/10/2021T03:56:48Z,65,101,108,68.31,31.66,984.45 
03/10/2021T03:57:18Z,57,87,95,67.75,31.69,984.44 
03/10/2021T03:57:49Z,61,91,97,67.61,31.71,984.42 
03/10/2021T03:58:19Z,57,89,92,67.69,31.72,984.41 
03/10/2021T03:58:50Z,59,87,95,67.30,31.70,984.41 
03/10/2021T03:59:20Z,68,105,113,67.56,31.67,984.44 
03/10/2021T03:59:51Z,71,114,122,67.87,31.63,984.46 
03/10/2021T04:00:21Z,81,129,139,68.26,31.66,984.45 
03/10/2021T04:00:52Z,74,119,125,68.57,31.70,984.43 
03/10/2021T04:01:22Z,65,100,108,68.11,31.75,984.44 
03/10/2021T04:01:53Z,76,119,128,67.80,31.76,984.46 
03/10/2021T04:02:23Z,61,96,103,67.80,31.77,984.46 
03/10/2021T04:02:54Z,59,93,100,67.69,31.80,984.45 
03/10/2021T04:03:24Z,55,87,93,67.56,31.81,984.45 
03/10/2021T04:03:54Z,54,81,85,67.36,31.82,984.46 
03/10/2021T04:04:25Z,53,79,85,67.41,31.83,984.44 
03/10/2021T04:04:55Z,49,75,81,67.26,31.80,984.42 
03/10/2021T04:05:25Z,51,77,82,67.84,31.83,984.43 
03/10/2021T04:05:56Z,50,77,83,67.30,31.88,984.40 
03/10/2021T04:06:27Z,48,73,79,67.01,31.90,984.41 
03/10/2021T04:06:57Z,51,76,80,67.40,31.89,984.39 
03/10/2021T04:07:28Z,51,73,80,67.32,31.90,984.38 
03/10/2021T04:07:58Z,50,78,83,67.08,31.87,984.38 
03/10/2021T04:08:28Z,52,82,89,67.28,31.83,984.38 
03/10/2021T04:08:59Z,66,96,102,67.41,31.85,984.37 
03/10/2021T04:09:30Z,82,119,127,67.50,31.87,984.36 
03/10/2021T04:10:00Z,137,200,214,67.77,31.88,984.35 
03/10/2021T04:10:31Z,120,176,186,68.04,31.88,984.35 
03/10/2021T04:11:02Z,103,153,163,68.12,31.85,984.35 
03/10/2021T04:11:32Z,88,128,134,68.04,31.84,984.35 
03/10/2021T04:12:03Z,81,118,126,67.94,31.83,984.36 
03/10/2021T04:12:34Z,77,112,120,67.58,31.88,984.35 
03/10/2021T04:13:05Z,64,93,99,66.82,31.90,984.34 
03/10/2021T04:13:35Z,58,87,96,66.70,31.91,984.35 
03/10/2021T04:14:06Z,54,80,83,66.68,31.93,984.35 
03/10/2021T04:14:36Z,69,104,110,66.77,31.89,984.35 
03/10/2021T04:15:06Z,84,128,135,67.24,31.85,984.35 
03/10/2021T04:15:37Z,91,139,148,67.20,31.82,984.37 
03/10/2021T04:16:08Z,74,115,120,67.35,31.81,984.37 
03/10/2021T04:16:38Z,60,91,97,67.30,31.84,984.37 
03/10/2021T04:17:09Z,57,86,89,66.86,31.87,984.36 
03/10/2021T04:17:40Z,49,73,80,66.47,31.89,984.36 
03/10/2021T04:18:11Z,52,77,83,66.70,31.88,984.35 
03/10/2021T04:18:41Z,50,74,81,66.50,31.88,984.36 
03/10/2021T04:19:12Z,46,67,74,66.51,31.87,984.38 
03/10/2021T04:19:42Z,43,63,73,66.38,31.86,984.38 
03/10/2021T04:20:13Z,44,65,75,66.70,31.89,984.38 
03/10/2021T04:20:43Z,42,63,73,66.27,31.90,984.39 
03/10/2021T04:21:13Z,39,58,71,66.02,31.90,984.40 
03/10/2021T04:21:44Z,38,57,69,65.80,31.89,984.39 
03/10/2021T04:22:14Z,37,57,69,65.57,31.89,984.40 
03/10/2021T04:22:44Z,36,54,68,65.33,31.88,984.40 
03/10/2021T04:23:14Z,40,59,71,65.44,31.88,984.39 
03/10/2021T04:23:45Z,43,64,73,65.65,31.89,984.39 
03/10/2021T04:24:16Z,44,66,74,65.72,31.86,984.39 
03/10/2021T04:24:47Z,46,70,76,65.94,31.85,984.37 
03/10/2021T04:25:17Z,45,67,75,66.06,31.86,984.38 
03/10/2021T04:25:47Z,45,68,75,66.07,31.85,984.37 
03/10/2021T04:26:18Z,41,62,72,66.08,31.87,984.35 
03/10/2021T04:26:48Z,47,70,78,66.29,31.91,984.35 
03/10/2021T04:27:19Z,54,82,87,66.33,31.93,984.38 
03/10/2021T04:27:50Z,45,65,74,66.08,31.98,984.37 
03/10/2021T04:28:20Z,40,61,72,65.45,31.99,984.37 
03/10/2021T04:28:51Z,39,60,70,65.47,31.98,984.37 
03/10/2021T04:29:22Z,38,56,69,65.66,31.97,984.36 
03/10/2021T04:29:53Z,38,56,68,65.37,31.99,984.36 
03/10/2021T04:30:23Z,40,58,70,65.46,32.00,984.34 
03/10/2021T04:30:53Z,39,58,70,65.73,32.04,984.36 
03/10/2021T04:31:24Z,40,59,70,65.48,32.05,984.36 
03/10/2021T04:31:55Z,38,58,69,65.55,32.06,984.36 
03/10/2021T04:32:26Z,37,54,66,64.59,32.08,984.34 
03/10/2021T04:32:56Z,37,53,66,64.68,32.10,984.34 
03/10/2021T04:33:27Z,34,51,64,64.15,32.10,984.34 
03/10/2021T04:33:58Z,37,54,68,63.93,32.07,984.32 
03/10/2021T04:34:28Z,37,56,69,64.35,32.10,984.33 
03/10/2021T04:34:58Z,36,54,66,63.93,32.10,984.32 
03/10/2021T04:35:29Z,36,54,68,63.87,32.08,984.31 
03/10/2021T04:35:59Z,41,63,77,63.98,32.04,984.33 
03/10/2021T04:36:29Z,51,76,82,65.20,32.05,984.31 
03/10/2021T04:37:00Z,54,82,91,64.95,32.08,984.32 
03/10/2021T04:37:30Z,46,68,77,64.86,32.12,984.31 
03/10/2021T04:38:00Z,44,67,76,64.92,32.12,984.32 
03/10/2021T04:38:31Z,50,76,81,64.93,32.10,984.34 
03/10/2021T04:39:01Z,57,87,91,65.11,32.10,984.33 
03/10/2021T04:39:31Z,71,109,116,64.80,32.10,984.34 
03/10/2021T04:40:01Z,70,109,114,64.24,32.11,984.34 
03/10/2021T04:40:32Z,56,84,88,64.91,32.08,984.32 
03/10/2021T04:41:02Z,51,79,85,64.91,32.07,984.34 
03/10/2021T04:41:33Z,43,65,74,64.25,32.06,984.35 
03/10/2021T04:42:03Z,61,98,107,64.47,32.06,984.35 
03/10/2021T04:42:34Z,53,80,87,64.23,32.09,984.36 
03/10/2021T04:43:04Z,69,107,117,63.81,32.08,984.34 
03/10/2021T04:43:34Z,75,120,131,63.62,32.11,984.31 
03/10/2021T04:44:04Z,54,82,88,63.19,32.12,984.31 
03/10/2021T04:44:35Z,43,66,74,63.29,32.12,984.30 
03/10/2021T04:45:06Z,62,102,117,63.53,32.11,984.28 
03/10/2021T04:45:36Z,95,164,180,63.29,32.09,984.28 
03/10/2021T04:46:06Z,60,96,105,63.97,32.05,984.26 
03/10/2021T04:46:36Z,89,141,156,63.81,32.06,984.26 
03/10/2021T04:47:07Z,78,120,131,63.40,32.09,984.27 
03/10/2021T04:47:38Z,97,163,183,63.03,32.12,984.26 
03/10/2021T04:48:08Z,81,129,143,63.32,32.10,984.24 
03/10/2021T04:48:39Z,71,114,121,63.21,32.10,984.25 
03/10/2021T04:49:09Z,79,127,140,63.22,32.11,984.23 
03/10/2021T04:49:39Z,83,134,147,62.68,32.13,984.24 
03/10/2021T04:50:10Z,74,120,133,63.10,32.12,984.23 
03/10/2021T04:50:40Z,54,87,98,63.44,32.10,984.23 
03/10/2021T04:51:11Z,90,151,168,63.90,32.03,984.23 
03/10/2021T04:51:41Z,77,125,137,63.96,32.07,984.21 
03/10/2021T04:52:11Z,65,106,120,63.74,32.12,984.20 
03/10/2021T04:52:42Z,59,92,103,63.52,32.12,984.20 
03/10/2021T04:53:12Z,55,92,105,63.08,32.11,984.20 
03/10/2021T04:53:42Z,62,101,111,63.69,32.15,984.20 
03/10/2021T04:54:12Z,63,101,111,63.54,32.19,984.20 
03/10/2021T04:54:43Z,46,72,80,63.09,32.15,984.20 
03/10/2021T04:55:14Z,38,58,70,62.64,32.12,984.18 
03/10/2021T04:55:44Z,48,76,89,62.91,32.11,984.19 
03/10/2021T04:56:15Z,51,80,89,63.41,32.10,984.20 
03/10/2021T04:56:45Z,53,81,86,63.50,32.12,984.21 
03/10/2021T04:57:16Z,45,70,78,63.37,32.11,984.20 
03/10/2021T04:57:46Z,45,70,77,63.49,32.14,984.20 
03/10/2021T04:58:16Z,44,69,77,63.31,32.16,984.20 
03/10/2021T04:58:46Z,44,67,75,63.16,32.16,984.20 
03/10/2021T04:59:30Z,41,62,74,63.34,32.14,984.17 
03/10/2021T05:00:01Z,39,59,70,63.59,32.12,984.17 
03/10/2021T05:00:31Z,40,62,72,63.44,32.12,984.17 
03/10/2021T05:01:01Z,45,70,78,63.54,32.17,984.18 
03/10/2021T05:01:32Z,37,56,70,62.78,32.24,984.17 
03/10/2021T05:02:02Z,34,52,64,62.32,32.27,984.17 
03/10/2021T05:02:33Z,33,51,63,62.21,32.29,984.16 
03/10/2021T05:03:03Z,33,51,66,62.16,32.31,984.14 
03/10/2021T05:03:34Z,33,50,65,62.23,32.32,984.13 
03/10/2021T05:04:04Z,33,49,61,62.12,32.32,984.15 
03/10/2021T05:04:34Z,31,49,60,61.88,32.31,984.16 
03/10/2021T05:05:05Z,32,50,63,62.03,32.33,984.15 
03/10/2021T05:05:36Z,31,45,55,61.57,32.31,984.17 
03/10/2021T05:06:06Z,37,55,69,61.96,32.27,984.15 
03/10/2021T05:06:36Z,33,49,61,62.60,32.28,984.13 
03/10/2021T05:07:06Z,33,48,60,62.52,32.26,984.14 
03/10/2021T05:07:37Z,32,48,62,62.36,32.27,984.15 
03/10/2021T05:08:08Z,33,51,63,62.15,32.26,984.15 
03/10/2021T05:08:39Z,32,48,61,62.43,32.28,984.15 
03/10/2021T05:09:10Z,32,48,61,62.15,32.29,984.13 
03/10/2021T05:09:40Z,32,49,61,62.37,32.28,984.11 
03/10/2021T05:10:10Z,30,46,59,62.01,32.30,984.10 
03/10/2021T05:10:41Z,31,47,59,61.76,32.27,984.09 
03/10/2021T05:11:11Z,31,46,56,61.95,32.28,984.08 
03/10/2021T05:11:41Z,30,46,57,61.96,32.33,984.08 
03/10/2021T05:12:12Z,30,47,58,61.87,32.33,984.09 
03/10/2021T05:12:42Z,31,46,56,61.62,32.34,984.08 
03/10/2021T05:13:13Z,29,43,55,61.47,32.36,984.06 
03/10/2021T05:13:44Z,30,46,58,61.34,32.36,984.06 
03/10/2021T05:14:15Z,35,55,67,61.76,32.32,984.04 
03/10/2021T05:14:46Z,40,63,74,61.98,32.30,984.00 
03/10/2021T05:15:16Z,48,74,83,62.02,32.27,984.00 
03/10/2021T05:15:46Z,50,79,87,62.49,32.25,984.02 
03/10/2021T05:16:16Z,40,61,74,62.89,32.26,984.01 
03/10/2021T05:16:47Z,34,52,66,62.27,32.31,984.00 
03/10/2021T05:17:17Z,33,52,66,62.68,32.34,983.98 
03/10/2021T05:17:47Z,44,68,77,62.72,32.31,983.99 
03/10/2021T05:18:18Z,51,79,87,62.72,32.27,983.99 
03/10/2021T05:18:49Z,57,95,104,63.13,32.22,983.98 
03/10/2021T05:19:19Z,52,83,92,63.60,32.17,983.98 
03/10/2021T05:19:50Z,53,88,101,63.88,32.20,983.97 
03/10/2021T05:20:20Z,48,75,81,62.85,32.20,983.97 
03/10/2021T05:20:50Z,42,68,80,62.55,32.19,983.97 
03/10/2021T05:21:21Z,43,73,81,63.19,32.21,983.94 
03/10/2021T05:21:51Z,42,67,77,63.11,32.24,983.95 
03/10/2021T05:22:22Z,45,70,79,62.60,32.24,983.96 
03/10/2021T05:22:52Z,47,72,79,63.03,32.21,983.95 
03/10/2021T05:23:22Z,39,61,72,62.93,32.23,983.95 
03/10/2021T05:23:53Z,36,54,69,62.90,32.25,983.96 
03/10/2021T05:24:23Z,39,61,72,63.31,32.27,983.96 
03/10/2021T05:24:54Z,40,60,72,63.29,32.28,983.96 
03/10/2021T05:25:25Z,43,67,76,62.93,32.28,983.96 
03/10/2021T05:25:55Z,40,62,74,62.84,32.29,983.98 
03/10/2021T05:26:25Z,40,62,72,62.36,32.26,983.97 
03/10/2021T05:26:55Z,37,58,71,62.72,32.28,983.96 
03/10/2021T05:27:26Z,40,62,73,62.44,32.33,983.95 
03/10/2021T05:27:57Z,45,72,79,62.70,32.33,983.94 
03/10/2021T05:28:27Z,41,64,73,63.10,32.33,983.94 
03/10/2021T05:28:57Z,42,64,74,62.87,32.34,983.95 
03/10/2021T05:29:27Z,41,63,74,62.66,32.35,983.93 
03/10/2021T05:29:58Z,40,60,72,61.25,32.38,983.93 
03/10/2021T05:30:29Z,35,53,67,61.17,32.39,983.92 
03/10/2021T05:30:59Z,33,51,64,61.21,32.42,983.93 
03/10/2021T05:31:29Z,37,56,69,61.06,32.44,983.94 
03/10/2021T05:31:59Z,42,63,73,61.06,32.41,983.94 
03/10/2021T05:32:30Z,35,52,66,61.30,32.44,983.93 
03/10/2021T05:33:00Z,45,69,76,60.84,32.45,983.94 
03/10/2021T05:33:31Z,48,75,84,61.43,32.46,983.93 
03/10/2021T05:34:02Z,55,86,94,61.54,32.47,983.92 
03/10/2021T05:34:32Z,59,91,98,61.38,32.43,983.93 
03/10/2021T05:35:02Z,47,74,82,62.00,32.43,983.92 
03/10/2021T05:35:32Z,50,79,88,62.38,32.48,983.90 
03/10/2021T05:36:03Z,67,102,112,62.61,32.50,983.90 
03/10/2021T05:36:33Z,59,92,100,62.49,32.51,983.91 
03/10/2021T05:37:03Z,50,79,85,62.25,32.55,983.91 
03/10/2021T05:37:33Z,41,65,74,61.70,32.56,983.91 
03/10/2021T05:38:03Z,49,81,90,60.80,32.58,983.89 
03/10/2021T05:38:34Z,60,95,101,61.97,32.53,983.89 
03/10/2021T05:39:04Z,85,141,157,61.73,32.51,983.88 
03/10/2021T05:39:34Z,113,195,214,61.37,32.46,983.86 
03/10/2021T05:40:05Z,129,228,263,61.41,32.43,983.86 
03/10/2021T05:40:35Z,129,227,251,62.65,32.42,983.85 
03/10/2021T05:41:06Z,100,172,192,63.12,32.44,983.83 
03/10/2021T05:41:36Z,91,159,179,62.60,32.49,983.88 
03/10/2021T05:42:07Z,67,109,122,62.23,32.54,983.86 
03/10/2021T05:42:37Z,70,116,128,62.21,32.57,983.87 
03/10/2021T05:43:07Z,74,122,135,61.39,32.57,983.89 
03/10/2021T05:43:37Z,75,130,145,61.39,32.60,983.89 
03/10/2021T05:44:08Z,59,95,102,61.32,32.61,983.90 
03/10/2021T05:44:38Z,46,77,84,61.44,32.61,983.89 
03/10/2021T05:45:08Z,71,127,145,61.57,32.58,983.90 
03/10/2021T05:45:39Z,62,103,118,60.91,32.57,983.91 
03/10/2021T05:46:09Z,40,64,74,60.47,32.58,983.90 
03/10/2021T05:46:40Z,50,83,95,61.11,32.59,983.88 
03/10/2021T05:47:11Z,55,93,104,62.03,32.59,983.88 
03/10/2021T05:47:42Z,84,143,164,61.39,32.54,983.84 
03/10/2021T05:48:12Z,102,175,196,61.84,32.45,983.83 
03/10/2021T05:48:43Z,91,153,167,62.18,32.38,983.85 
03/10/2021T05:49:13Z,80,131,151,62.56,32.34,983.81 
03/10/2021T05:49:43Z,69,112,125,61.97,32.36,983.79 
03/10/2021T05:50:14Z,60,97,105,62.11,32.35,983.80 
03/10/2021T05:50:45Z,59,93,103,61.44,32.37,983.80 
03/10/2021T05:51:16Z,59,93,101,61.05,32.39,983.78 
03/10/2021T05:51:47Z,53,83,90,61.52,32.42,983.76 
03/10/2021T05:52:17Z,48,73,79,61.67,32.44,983.75 
03/10/2021T05:52:47Z,47,74,82,61.73,32.50,983.73 
03/10/2021T05:53:17Z,44,71,78,61.66,32.55,983.72 
03/10/2021T05:53:47Z,41,63,72,61.28,32.57,983.70 
03/10/2021T05:54:17Z,40,60,73,60.79,32.55,983.73 
03/10/2021T05:54:47Z,40,62,73,61.25,32.59,983.70 
03/10/2021T05:55:18Z,38,58,71,61.40,32.58,983.71 
03/10/2021T05:55:48Z,40,60,72,61.91,32.57,983.66 
03/10/2021T05:56:19Z,34,52,65,61.39,32.59,983.65 
03/10/2021T05:56:49Z,32,50,63,61.12,32.61,983.65 
03/10/2021T05:57:19Z,31,48,61,60.99,32.62,983.66 
03/10/2021T05:57:49Z,30,46,58,60.61,32.60,983.64 
03/10/2021T05:58:19Z,30,46,57,61.06,32.57,983.60 
03/10/2021T05:58:50Z,30,45,55,61.28,32.57,983.61 
03/10/2021T05:59:21Z,29,43,52,61.26,32.57,983.61 
03/10/2021T05:59:51Z,29,43,52,61.34,32.57,983.59 
03/10/2021T06:00:22Z,28,43,54,61.38,32.57,983.58 
03/10/2021T06:00:52Z,28,43,53,61.29,32.56,983.58 
03/10/2021T06:01:23Z,28,42,52,61.23,32.61,983.56 
03/10/2021T06:01:54Z,27,40,48,60.84,32.63,983.58 
03/10/2021T06:02:24Z,37,53,62,61.01,32.66,983.56 
03/10/2021T06:02:55Z,58,82,86,60.91,32.66,983.56 
03/10/2021T06:03:25Z,42,59,70,61.18,32.63,983.55 
03/10/2021T06:03:55Z,36,52,63,61.33,32.63,983.54 
03/10/2021T06:04:26Z,33,49,61,60.93,32.66,983.54 
03/10/2021T06:04:57Z,30,44,54,61.13,32.67,983.51 
03/10/2021T06:05:28Z,31,45,56,61.17,32.69,983.51 
03/10/2021T06:05:58Z,29,43,53,61.23,32.70,983.49 
03/10/2021T06:06:29Z,29,43,53,61.40,32.68,983.47 
03/10/2021T06:06:59Z,29,43,51,61.43,32.70,983.46 
03/10/2021T06:07:30Z,28,41,50,61.63,32.71,983.47 
03/10/2021T06:08:01Z,28,42,52,61.40,32.73,983.46 
03/10/2021T06:08:31Z,32,46,57,60.81,32.76,983.47 
03/10/2021T06:09:02Z,29,43,55,61.34,32.75,983.45 
03/10/2021T06:09:32Z,29,42,51,61.52,32.74,983.45 
03/10/2021T06:10:03Z,28,41,50,61.66,32.75,983.45 
03/10/2021T06:10:33Z,27,38,46,61.24,32.76,983.43 
03/10/2021T06:11:04Z,27,40,49,61.12,32.75,983.42 
03/10/2021T06:11:34Z,27,39,46,61.84,32.73,983.39 
03/10/2021T06:12:04Z,27,38,45,61.49,32.74,983.37 
03/10/2021T06:12:35Z,26,39,48,61.93,32.71,983.37 
03/10/2021T06:13:05Z,27,40,49,61.10,32.68,983.38 
03/10/2021T06:13:36Z,29,43,54,60.88,32.64,983.37 
03/10/2021T06:14:07Z,31,47,57,61.33,32.62,983.37 
03/10/2021T06:14:37Z,30,47,59,61.48,32.64,983.36 
03/10/2021T06:15:08Z,27,40,49,60.84,32.67,983.37 
03/10/2021T06:15:38Z,27,39,49,61.14,32.70,983.36 
03/10/2021T06:16:09Z,26,36,45,61.20,32.73,983.35 
03/10/2021T06:16:39Z,24,35,43,61.27,32.73,983.34 
03/10/2021T06:17:10Z,25,36,42,59.82,32.70,983.36 
03/10/2021T06:17:40Z,25,37,45,61.13,32.67,983.32 
03/10/2021T06:18:11Z,25,37,45,60.05,32.69,983.33 
03/10/2021T06:18:41Z,24,36,46,59.91,32.70,983.31 
03/10/2021T06:19:12Z,25,38,46,60.63,32.69,983.29 
03/10/2021T06:19:43Z,25,37,46,60.69,32.70,983.28 
03/10/2021T06:20:13Z,25,36,43,60.72,32.70,983.28 
03/10/2021T06:20:44Z,25,38,45,60.91,32.68,983.28 
03/10/2021T06:21:14Z,25,38,46,61.30,32.65,983.26 
03/10/2021T06:21:44Z,27,40,50,61.33,32.63,983.25 
03/10/2021T06:22:15Z,25,38,49,61.35,32.62,983.25 
03/10/2021T06:22:45Z,25,37,47,60.92,32.63,983.24 
03/10/2021T06:23:16Z,23,36,46,60.44,32.66,983.23 
03/10/2021T06:23:47Z,22,34,41,60.13,32.67,983.22 
03/10/2021T06:24:18Z,23,34,40,60.23,32.69,983.21 
03/10/2021T06:24:48Z,22,33,37,60.27,32.69,983.20 
03/10/2021T06:25:19Z,23,34,41,60.37,32.67,983.18 
03/10/2021T06:25:49Z,23,34,42,59.70,32.66,983.17 
03/10/2021T06:26:20Z,23,34,41,60.23,32.66,983.14 
03/10/2021T06:26:50Z,24,33,38,59.28,32.66,983.16 
03/10/2021T06:27:20Z,25,35,40,59.86,32.66,983.16 
03/10/2021T06:27:50Z,23,32,36,60.51,32.65,983.14 
03/10/2021T06:28:21Z,22,34,40,60.61,32.66,983.13 
03/10/2021T06:28:51Z,23,35,39,60.27,32.67,983.13 
03/10/2021T06:29:22Z,24,34,40,60.43,32.67,983.11 
03/10/2021T06:29:52Z,25,36,43,60.01,32.65,983.10 
03/10/2021T06:30:23Z,24,35,41,60.00,32.67,983.10 
03/10/2021T06:30:53Z,25,36,43,59.92,32.69,983.09 
03/10/2021T06:31:24Z,26,39,50,60.15,32.67,983.05 
03/10/2021T06:31:54Z,30,46,56,60.38,32.63,983.05 
03/10/2021T06:32:24Z,26,39,46,60.75,32.63,983.04 
03/10/2021T06:32:55Z,25,37,47,60.52,32.65,983.06 
03/10/2021T06:33:25Z,26,37,47,60.53,32.68,983.07 
03/10/2021T06:33:56Z,24,35,43,60.40,32.72,983.06 
03/10/2021T06:34:26Z,24,37,44,60.54,32.73,983.05 
03/10/2021T06:34:57Z,24,35,44,60.42,32.73,983.04 
03/10/2021T06:35:27Z,23,34,41,60.33,32.75,983.02 
03/10/2021T06:35:57Z,23,34,44,60.28,32.77,983.02 
03/10/2021T06:36:28Z,22,33,38,60.17,32.79,983.00 
03/10/2021T06:36:59Z,22,33,39,60.40,32.79,983.00 
03/10/2021T06:37:30Z,22,32,38,60.40,32.79,982.99 
03/10/2021T06:38:00Z,22,31,36,60.14,32.79,982.96 
03/10/2021T06:38:31Z,21,32,37,60.04,32.80,982.97 
03/10/2021T06:39:01Z,21,31,34,59.78,32.79,982.96 
03/10/2021T06:39:32Z,25,36,42,60.15,32.80,982.96 
03/10/2021T06:40:02Z,28,43,53,60.73,32.76,982.93 
03/10/2021T06:40:33Z,24,35,41,60.47,32.79,982.92 
03/10/2021T06:41:03Z,22,33,40,60.06,32.80,982.93 
03/10/2021T06:41:34Z,23,33,40,60.24,32.82,982.93 
03/10/2021T06:42:04Z,23,33,38,60.42,32.83,982.93 
03/10/2021T06:42:35Z,23,32,35,60.16,32.84,982.94 
03/10/2021T06:43:05Z,23,34,41,59.91,32.86,982.93 
03/10/2021T06:43:36Z,26,39,47,60.11,32.83,982.93 
03/10/2021T06:44:06Z,24,37,47,60.59,32.81,982.93 
03/10/2021T06:44:37Z,24,34,41,60.20,32.83,982.92 
03/10/2021T06:45:07Z,23,32,38,59.79,32.85,982.92 
03/10/2021T06:45:38Z,23,34,41,59.91,32.85,982.91 
03/10/2021T06:46:08Z,26,39,47,58.92,32.87,982.93 
03/10/2021T06:46:39Z,27,39,47,58.92,32.88,982.92 
03/10/2021T06:47:09Z,24,35,42,60.01,32.85,982.90 
03/10/2021T06:47:40Z,24,36,45,60.02,32.85,982.90 
03/10/2021T06:48:10Z,23,34,42,60.22,32.86,982.92 
03/10/2021T06:48:41Z,23,34,40,60.13,32.89,982.92 
03/10/2021T06:49:11Z,23,34,42,59.91,32.88,982.90 
03/10/2021T06:49:42Z,22,33,40,60.05,32.85,982.89 
03/10/2021T06:50:12Z,22,33,36,60.21,32.85,982.88 
03/10/2021T06:50:43Z,22,31,36,60.05,32.85,982.86 
03/10/2021T06:51:14Z,22,33,38,60.00,32.85,982.88 
03/10/2021T06:51:45Z,22,33,38,59.77,32.83,982.88 
03/10/2021T06:52:15Z,22,33,39,59.95,32.82,982.85 
03/10/2021T06:52:46Z,25,36,44,60.01,32.80,982.82 
03/10/2021T06:53:17Z,25,37,43,60.47,32.77,982.79 
03/10/2021T06:53:47Z,25,36,42,60.86,32.76,982.79 
03/10/2021T06:54:18Z,25,38,46,61.18,32.72,982.79 
03/10/2021T06:54:48Z,27,42,51,61.43,32.67,982.80 
03/10/2021T06:55:19Z,30,45,56,61.60,32.59,982.80 
03/10/2021T06:55:49Z,32,48,62,62.06,32.52,982.77 
03/10/2021T06:56:19Z,31,47,59,62.36,32.51,982.78 
03/10/2021T06:56:49Z,30,47,57,62.37,32.52,982.78 
03/10/2021T06:57:20Z,30,45,57,62.26,32.53,982.78 
03/10/2021T06:57:51Z,28,45,55,61.89,32.57,982.76 
03/10/2021T06:58:21Z,27,42,51,61.36,32.64,982.75 
03/10/2021T06:58:52Z,27,40,48,61.04,32.69,982.74 
03/10/2021T06:59:22Z,27,40,48,60.93,32.71,982.72 
03/10/2021T06:59:52Z,26,40,51,60.66,32.74,982.72 
03/10/2021T07:00:23Z,27,41,50,61.05,32.74,982.72 
03/10/2021T07:00:54Z,24,37,47,60.29,32.78,982.76 
03/10/2021T07:01:24Z,24,36,45,59.96,32.84,982.76 
03/10/2021T07:01:55Z,24,37,45,59.40,32.86,982.77 
03/10/2021T07:02:26Z,23,35,42,59.48,32.88,982.76 
03/10/2021T07:02:56Z,24,35,43,59.08,32.88,982.76 
03/10/2021T07:03:27Z,27,42,57,59.13,32.85,982.77 
03/10/2021T07:03:57Z,28,42,52,59.63,32.87,982.75 
03/10/2021T07:04:27Z,26,40,50,59.13,32.87,982.72 
03/10/2021T07:04:57Z,30,45,57,59.12,32.87,982.72 
03/10/2021T07:05:28Z,33,49,61,59.54,32.85,982.69 
03/10/2021T07:05:58Z,30,45,54,59.27,32.86,982.69 
03/10/2021T07:06:29Z,29,42,52,59.42,32.86,982.66 
03/10/2021T07:07:00Z,28,43,52,59.40,32.86,982.64 
03/10/2021T07:07:31Z,29,44,55,59.44,32.84,982.62 
03/10/2021T07:08:01Z,31,48,60,60.08,32.81,982.61 
03/10/2021T07:08:31Z,55,86,95,60.03,32.78,982.59 
03/10/2021T07:09:01Z,52,83,91,60.40,32.76,982.58 
03/10/2021T07:09:32Z,47,75,84,60.45,32.76,982.59 
03/10/2021T07:10:03Z,32,49,62,59.64,32.81,982.59 
03/10/2021T07:10:33Z,33,51,63,59.91,32.85,982.57 
03/10/2021T07:11:03Z,33,51,64,59.63,32.86,982.55 
03/10/2021T07:11:34Z,35,55,69,59.51,32.87,982.54 
03/10/2021T07:12:04Z,31,47,60,59.51,32.89,982.51 
03/10/2021T07:12:35Z,39,63,73,59.28,32.88,982.49 
03/10/2021T07:13:06Z,48,75,86,59.61,32.81,982.50 
03/10/2021T07:13:36Z,43,68,77,60.03,32.79,982.49 
03/10/2021T07:14:07Z,43,70,79,59.90,32.79,982.49 
03/10/2021T07:14:38Z,35,53,65,60.01,32.83,982.45 
03/10/2021T07:15:08Z,37,55,68,60.01,32.85,982.45 
03/10/2021T07:15:38Z,36,54,66,59.74,32.86,982.42 
03/10/2021T07:16:08Z,32,47,59,59.22,32.90,982.41 
03/10/2021T07:16:38Z,31,46,57,59.37,32.94,982.38 
03/10/2021T07:17:08Z,36,56,67,58.94,32.96,982.38 
03/10/2021T07:17:39Z,32,49,62,59.39,32.94,982.41 
03/10/2021T07:18:09Z,30,46,58,59.11,32.96,982.39 
03/10/2021T07:18:39Z,29,45,55,58.96,32.97,982.36 
03/10/2021T07:19:09Z,27,42,50,59.13,32.97,982.35 
03/10/2021T07:19:39Z,27,40,51,59.29,32.97,982.36 
03/10/2021T07:20:10Z,25,38,47,58.88,32.99,982.33 
03/10/2021T07:20:40Z,25,37,45,59.01,32.99,982.32 
03/10/2021T07:21:11Z,24,35,41,58.96,32.99,982.31 
03/10/2021T07:21:42Z,24,35,42,58.89,33.01,982.34 
03/10/2021T07:22:12Z,23,33,38,58.61,33.03,982.35 
03/10/2021T07:22:43Z,24,35,42,58.33,33.03,982.33 
03/10/2021T07:23:13Z,22,33,38,58.64,33.02,982.32 
03/10/2021T07:23:44Z,25,37,44,58.96,32.99,982.32 
03/10/2021T07:24:14Z,29,44,55,59.09,32.97,982.30 
03/10/2021T07:24:45Z,31,48,60,59.38,32.95,982.28 
03/10/2021T07:25:15Z,33,52,65,59.47,32.93,982.28 
03/10/2021T07:25:46Z,31,48,61,59.95,32.89,982.30 
03/10/2021T07:26:16Z,30,46,57,59.86,32.89,982.30 
03/10/2021T07:26:47Z,27,40,51,59.13,32.94,982.28 
03/10/2021T07:27:17Z,26,38,45,58.88,32.97,982.28 
03/10/2021T07:27:47Z,26,40,50,59.18,32.97,982.31 
03/10/2021T07:28:18Z,25,40,48,59.16,32.98,982.29 
03/10/2021T07:28:49Z,25,37,46,58.93,33.01,982.29 
03/10/2021T07:29:19Z,24,36,44,59.12,33.02,982.26 
03/10/2021T07:29:50Z,23,35,44,59.15,33.01,982.24 
03/10/2021T07:30:20Z,25,37,45,59.29,32.98,982.26 
03/10/2021T07:30:51Z,27,42,50,59.71,32.95,982.23 
03/10/2021T07:31:22Z,27,40,49,59.97,32.92,982.23 
03/10/2021T07:31:53Z,25,37,45,60.03,32.93,982.23 
03/10/2021T07:32:24Z,24,36,44,59.92,32.94,982.23 
03/10/2021T07:32:55Z,23,37,47,59.98,32.95,982.22 
03/10/2021T07:33:25Z,23,36,44,59.89,32.97,982.23 
03/10/2021T07:33:55Z,30,46,57,59.72,32.96,982.21 
03/10/2021T07:34:25Z,32,49,63,60.08,32.90,982.22 
03/10/2021T07:34:55Z,33,50,65,60.49,32.87,982.19 
03/10/2021T07:35:26Z,29,45,57,60.29,32.88,982.18 
03/10/2021T07:35:57Z,29,43,57,60.85,32.87,982.19 
03/10/2021T07:36:27Z,28,43,54,60.88,32.88,982.17 
03/10/2021T07:36:58Z,26,40,51,60.60,32.89,982.18 
03/10/2021T07:37:28Z,26,37,49,60.61,32.90,982.19 
03/10/2021T07:37:58Z,26,39,50,60.86,32.89,982.16 
03/10/2021T07:38:29Z,25,39,49,61.03,32.88,982.16 
03/10/2021T07:38:59Z,26,38,48,60.73,32.87,982.17 
03/10/2021T07:39:30Z,26,40,49,59.86,32.90,982.15 
03/10/2021T07:40:00Z,25,38,48,60.32,32.90,982.14 
03/10/2021T07:40:31Z,24,36,44,59.94,32.93,982.14 
03/10/2021T07:41:02Z,23,34,41,59.14,32.97,982.12 
03/10/2021T07:41:32Z,22,32,36,59.53,32.98,982.11 
03/10/2021T07:42:03Z,22,32,37,58.54,32.99,982.11 
03/10/2021T07:42:34Z,22,32,38,58.28,33.03,982.09 
03/10/2021T07:43:05Z,23,34,42,59.21,33.02,982.09 
03/10/2021T07:43:35Z,23,35,41,58.98,33.04,982.11 
03/10/2021T07:44:05Z,23,32,38,57.66,33.08,982.11 
03/10/2021T07:44:35Z,21,31,35,57.79,33.13,982.09 
03/10/2021T07:45:06Z,20,30,36,57.66,33.15,982.10 
03/10/2021T07:45:36Z,19,30,35,57.70,33.13,982.09 
03/10/2021T07:46:07Z,21,31,37,57.49,33.13,982.08 
03/10/2021T07:46:37Z,21,30,35,57.81,33.11,982.09 
03/10/2021T07:47:08Z,20,28,32,57.93,33.10,982.10 
03/10/2021T07:47:38Z,25,38,47,57.95,33.10,982.05 
03/10/2021T07:48:09Z,23,34,39,58.14,33.07,982.03 
03/10/2021T07:48:40Z,22,30,33,57.89,33.05,982.04 
03/10/2021T07:49:10Z,21,33,39,58.85,33.05,982.01 
03/10/2021T07:49:40Z,21,31,36,58.33,33.02,982.01 
03/10/2021T07:50:11Z,20,30,35,58.03,33.00,982.02 
03/10/2021T07:50:42Z,19,28,32,57.40,33.04,982.01 
03/10/2021T07:51:12Z,20,30,37,57.68,33.02,981.99 
03/10/2021T07:51:43Z,20,30,33,58.19,33.00,981.98 
03/10/2021T07:52:13Z,19,29,33,58.29,32.97,981.99 
03/10/2021T07:52:44Z,19,30,35,56.81,33.01,981.97 
03/10/2021T07:53:15Z,19,29,34,57.47,33.01,981.94 
03/10/2021T07:53:45Z,18,30,33,57.45,32.99,981.92 
03/10/2021T07:54:16Z,19,30,39,57.52,32.98,981.93 
03/10/2021T07:54:46Z,19,29,34,57.51,33.00,981.89 
03/10/2021T07:55:17Z,19,28,35,56.79,33.04,981.89 
03/10/2021T07:55:48Z,19,28,31,56.92,33.06,981.87 
03/10/2021T07:56:18Z,19,28,32,56.78,33.05,981.86 
03/10/2021T07:56:49Z,18,24,26,56.33,33.06,981.88 
03/10/2021T07:57:20Z,18,25,26,55.18,33.11,981.88 
03/10/2021T07:57:50Z,19,24,24,56.59,33.09,981.85 
03/10/2021T07:58:21Z,21,31,36,56.78,33.04,981.85 
03/10/2021T07:58:52Z,21,30,33,57.30,33.00,981.84 
03/10/2021T07:59:22Z,22,34,39,57.06,33.03,981.84 
03/10/2021T07:59:52Z,35,54,65,56.68,33.06,981.84 
03/10/2021T08:00:23Z,39,60,71,57.15,33.03,981.82 
03/10/2021T08:00:53Z,40,58,70,57.91,32.99,981.79 
03/10/2021T08:01:24Z,36,54,65,58.30,32.97,981.79 
03/10/2021T08:01:54Z,32,47,59,57.52,33.00,981.81 
03/10/2021T08:02:25Z,29,42,51,57.21,33.05,981.79 
03/10/2021T08:02:56Z,28,42,50,57.30,33.06,981.78 
03/10/2021T08:03:26Z,28,41,50,57.02,33.09,981.78 
03/10/2021T08:03:57Z,26,38,46,56.97,33.12,981.75 
03/10/2021T08:04:27Z,27,40,49,57.42,33.09,981.74 
03/10/2021T08:04:57Z,26,38,48,57.32,33.10,981.74 
03/10/2021T08:05:28Z,25,38,46,57.32,33.11,981.73 
03/10/2021T08:05:58Z,25,37,47,56.67,33.13,981.72 
03/10/2021T08:06:29Z,25,37,45,57.05,33.10,981.76 
03/10/2021T08:06:59Z,24,35,43,57.04,33.09,981.76 
03/10/2021T08:07:30Z,22,34,39,56.68,33.10,981.75 
03/10/2021T08:08:01Z,22,32,36,56.86,33.10,981.75 
03/10/2021T08:08:31Z,22,31,35,56.82,33.09,981.76 
03/10/2021T08:09:01Z,21,29,32,55.81,33.12,981.75 
03/10/2021T08:09:32Z,19,27,29,55.22,33.17,981.75 
03/10/2021T08:10:03Z,19,27,30,56.01,33.18,981.73 
03/10/2021T08:10:33Z,18,26,30,55.87,33.19,981.73 
03/10/2021T08:11:03Z,18,25,27,55.99,33.19,981.70 
03/10/2021T08:11:34Z,18,26,28,56.35,33.19,981.69 
03/10/2021T08:12:04Z,16,23,24,56.10,33.23,981.68 
03/10/2021T08:12:35Z,16,21,22,55.71,33.26,981.69 
03/10/2021T08:13:06Z,16,24,25,56.06,33.24,981.68 
03/10/2021T08:13:36Z,15,21,24,55.51,33.24,981.68 
03/10/2021T08:14:07Z,16,23,26,55.74,33.26,981.64 
03/10/2021T08:14:37Z,16,22,24,55.69,33.25,981.62 
03/10/2021T08:15:07Z,17,23,24,55.11,33.27,981.61 
03/10/2021T08:15:38Z,16,20,20,55.39,33.29,981.59 
03/10/2021T08:16:09Z,15,19,21,54.77,33.34,981.57 
03/10/2021T08:16:39Z,14,21,23,54.71,33.36,981.54 
03/10/2021T08:17:10Z,16,23,24,55.83,33.33,981.49 
03/10/2021T08:17:41Z,15,22,23,56.01,33.28,981.49 
03/10/2021T08:18:11Z,15,22,23,56.29,33.26,981.51 
03/10/2021T08:18:41Z,15,21,23,56.04,33.27,981.49 
03/10/2021T08:19:12Z,16,24,26,56.39,33.24,981.48 
03/10/2021T08:19:43Z,15,23,26,56.33,33.24,981.48 
03/10/2021T08:20:13Z,17,23,27,56.29,33.21,981.47 
03/10/2021T08:20:44Z,16,21,24,55.88,33.23,981.44 
03/10/2021T08:21:15Z,14,20,22,56.38,33.19,981.45 
03/10/2021T08:21:46Z,14,19,24,56.61,33.15,981.45 
03/10/2021T08:22:16Z,15,20,22,55.72,33.16,981.44 
03/10/2021T08:22:46Z,14,19,21,55.59,33.22,981.43 
03/10/2021T08:23:16Z,15,22,27,55.98,33.20,981.41 
03/10/2021T08:23:47Z,16,20,23,56.40,33.18,981.40 
03/10/2021T08:24:18Z,17,22,26,56.55,33.16,981.41 
03/10/2021T08:24:49Z,17,21,25,56.92,33.17,981.40 
03/10/2021T08:25:19Z,16,21,23,56.87,33.17,981.42 
03/10/2021T08:25:50Z,16,23,25,56.33,33.22,981.39 
03/10/2021T08:26:20Z,15,20,23,56.44,33.23,981.37 
03/10/2021T08:26:51Z,16,23,27,56.64,33.23,981.35 
03/10/2021T08:27:22Z,16,21,25,57.15,33.22,981.32 
03/10/2021T08:27:52Z,15,20,22,57.21,33.19,981.33 
03/10/2021T08:28:23Z,16,23,25,57.53,33.16,981.32 
03/10/2021T08:28:54Z,16,25,27,57.73,33.13,981.32 
03/10/2021T08:29:25Z,16,24,27,57.85,33.10,981.32 
03/10/2021T08:29:55Z,17,26,30,57.21,33.15,981.31 
03/10/2021T08:30:25Z,18,27,33,57.14,33.17,981.31 
03/10/2021T08:30:56Z,17,24,26,57.19,33.23,981.29 
03/10/2021T08:31:26Z,17,23,26,57.23,33.23,981.28 
03/10/2021T08:31:57Z,19,26,28,56.65,33.25,981.28 
03/10/2021T08:32:27Z,26,42,51,56.02,33.30,981.26 
03/10/2021T08:32:58Z,25,38,48,56.62,33.29,981.23 
03/10/2021T08:33:28Z,25,39,48,57.03,33.24,981.22 
03/10/2021T08:33:59Z,25,38,48,57.33,33.20,981.22 
03/10/2021T08:34:29Z,23,35,42,56.98,33.19,981.26 
03/10/2021T08:35:00Z,21,33,40,56.22,33.26,981.22 
03/10/2021T08:35:30Z,22,34,41,57.43,33.20,981.24 
03/10/2021T08:36:00Z,23,33,41,57.74,33.15,981.27 
03/10/2021T08:36:31Z,22,32,36,57.06,33.18,981.30 
03/10/2021T08:37:01Z,20,30,32,55.78,33.29,981.28 
03/10/2021T08:37:32Z,19,28,30,55.86,33.37,981.24 
03/10/2021T08:38:02Z,19,28,32,56.37,33.34,981.21 
03/10/2021T08:38:32Z,19,27,32,55.94,33.32,981.20 
03/10/2021T08:39:03Z,19,26,30,56.38,33.32,981.19 
03/10/2021T08:39:34Z,19,29,32,56.73,33.26,981.19 
03/10/2021T08:40:04Z,18,26,29,55.90,33.28,981.20 
03/10/2021T08:40:34Z,19,29,35,56.50,33.25,981.20 
03/10/2021T08:41:05Z,17,24,26,55.95,33.27,981.18 
03/10/2021T08:41:35Z,19,29,33,56.88,33.21,981.16 
03/10/2021T08:42:06Z,19,27,30,57.07,33.16,981.22 
03/10/2021T08:42:36Z,19,28,32,57.34,33.11,981.25 
03/10/2021T08:43:07Z,19,29,33,57.46,33.08,981.24 
03/10/2021T08:43:38Z,17,24,27,56.78,33.06,981.25 
03/10/2021T08:44:09Z,18,25,26,57.21,33.06,981.22 
03/10/2021T08:44:40Z,17,25,31,57.14,33.04,981.22 
03/10/2021T08:45:10Z,17,26,30,57.35,33.02,981.22 
03/10/2021T08:45:40Z,18,26,32,57.69,33.00,981.21 
03/10/2021T08:46:11Z,18,28,30,57.78,32.98,981.24 
03/10/2021T08:46:42Z,16,25,28,57.92,32.96,981.26 
03/10/2021T08:47:13Z,18,26,31,58.10,32.95,981.24 
03/10/2021T08:47:43Z,17,26,26,58.19,32.94,981.26 
03/10/2021T08:48:14Z,17,23,24,57.98,32.93,981.26 
03/10/2021T08:48:45Z,16,23,24,57.28,32.92,981.23 
03/10/2021T08:49:15Z,17,23,25,57.47,32.92,981.22 
03/10/2021T08:49:45Z,16,21,23,58.08,32.92,981.20 
03/10/2021T08:50:16Z,18,26,30,58.08,32.90,981.23 
03/10/2021T08:50:46Z,19,28,31,58.37,32.89,981.21 
03/10/2021T08:51:17Z,18,27,29,57.98,32.89,981.16 
03/10/2021T08:51:48Z,18,26,30,58.25,32.91,981.16 
03/10/2021T08:52:18Z,19,28,30,57.88,32.91,981.20 
03/10/2021T08:52:49Z,19,26,29,58.11,32.91,981.19 
03/10/2021T08:53:19Z,19,26,30,57.58,32.93,981.19 
03/10/2021T08:53:49Z,18,27,29,56.96,32.95,981.19 
03/10/2021T08:54:20Z,17,23,24,57.34,32.97,981.17 
03/10/2021T08:54:50Z,18,26,28,57.57,32.95,981.14 
03/10/2021T08:55:20Z,17,25,28,57.61,32.94,981.16 
03/10/2021T08:55:51Z,18,25,29,57.80,32.93,981.16 
03/10/2021T08:56:22Z,18,24,27,58.12,32.92,981.18 
03/10/2021T08:56:52Z,18,26,29,57.42,32.93,981.16 
03/10/2021T08:57:23Z,17,22,25,57.01,32.97,981.15 
03/10/2021T08:57:54Z,18,24,26,56.57,32.98,981.17 
03/10/2021T08:58:24Z,17,22,23,57.15,32.98,981.17 
03/10/2021T08:58:54Z,17,23,25,57.87,32.95,981.18 
03/10/2021T08:59:25Z,16,21,24,57.94,32.94,981.17 
03/10/2021T08:59:56Z,18,24,25,57.43,32.94,981.19 
03/10/2021T09:00:27Z,17,25,28,57.33,32.95,981.19 
03/10/2021T09:00:57Z,18,26,28,57.58,32.94,981.16 
03/10/2021T09:01:28Z,17,23,26,57.95,32.93,981.15 
03/10/2021T09:01:58Z,17,23,25,58.03,32.92,981.15 
03/10/2021T09:02:29Z,16,23,28,57.79,32.91,981.13 
03/10/2021T09:03:00Z,16,21,24,57.58,32.91,981.13 
03/10/2021T09:03:31Z,18,22,24,58.19,32.91,981.10 
03/10/2021T09:04:01Z,17,21,24,58.34,32.89,981.07 
03/10/2021T09:04:32Z,18,27,31,58.40,32.86,981.07 
03/10/2021T09:05:02Z,18,27,32,58.41,32.86,981.05 
03/10/2021T09:05:33Z,17,27,29,57.90,32.88,981.05 
03/10/2021T09:06:03Z,18,25,27,57.72,32.88,981.02 
03/10/2021T09:06:33Z,16,23,26,57.94,32.90,981.00 
03/10/2021T09:07:04Z,17,25,28,58.28,32.88,981.01 
03/10/2021T09:07:34Z,18,25,27,58.33,32.86,981.02 
03/10/2021T09:08:05Z,16,24,28,58.53,32.86,981.01 
03/10/2021T09:08:36Z,19,25,28,58.59,32.85,981.01 
03/10/2021T09:09:06Z,19,28,32,58.33,32.84,981.00 
03/10/2021T09:09:36Z,19,27,29,58.67,32.84,981.01 
03/10/2021T09:10:07Z,18,28,30,58.77,32.83,980.99 
03/10/2021T09:10:37Z,18,24,25,58.85,32.82,981.00 
03/10/2021T09:11:08Z,16,23,25,57.98,32.83,980.98 
03/10/2021T09:11:38Z,17,24,27,58.59,32.83,980.97 
03/10/2021T09:12:09Z,17,25,27,58.37,32.82,980.96 
03/10/2021T09:12:39Z,18,24,26,58.37,32.83,980.98 
03/10/2021T09:13:09Z,18,24,27,58.71,32.82,980.96 
03/10/2021T09:13:40Z,18,27,29,57.96,32.81,980.92 
03/10/2021T09:14:11Z,18,26,27,57.81,32.86,980.95 
03/10/2021T09:14:41Z,18,25,25,58.81,32.84,980.96 
03/10/2021T09:15:12Z,17,23,26,58.94,32.82,980.95 
03/10/2021T09:15:43Z,18,25,28,59.04,32.79,980.94 
03/10/2021T09:16:14Z,18,26,28,58.53,32.80,980.94 
03/10/2021T09:16:44Z,19,26,28,58.13,32.85,980.96 
03/10/2021T09:17:14Z,19,26,28,57.19,32.89,980.95 
03/10/2021T09:17:44Z,18,24,30,56.07,33.06,980.93 
03/10/2021T09:18:15Z,17,25,27,57.84,33.02,980.89 
03/10/2021T09:18:46Z,18,24,27,56.88,33.05,980.91 
03/10/2021T09:19:17Z,16,24,26,57.44,33.05,980.91 
03/10/2021T09:19:47Z,17,24,27,56.73,33.04,980.92 
03/10/2021T09:20:17Z,16,22,26,55.88,33.10,980.91 
03/10/2021T09:20:48Z,17,22,23,55.87,33.14,980.91 
03/10/2021T09:21:18Z,17,23,27,56.31,33.14,980.89 
03/10/2021T09:21:49Z,14,20,23,56.25,33.11,980.90 
03/10/2021T09:22:20Z,15,20,21,56.63,33.07,980.91 
03/10/2021T09:22:50Z,17,22,26,55.64,33.11,980.93 
03/10/2021T09:23:21Z,15,20,21,56.18,33.09,980.92 
03/10/2021T09:23:52Z,16,21,23,55.80,33.12,980.90 
03/10/2021T09:24:23Z,16,22,24,56.33,33.11,980.91 
03/10/2021T09:24:54Z,16,20,22,56.29,33.09,980.91 
03/10/2021T09:25:24Z,15,20,21,56.08,33.11,980.91 
03/10/2021T09:25:54Z,18,22,24,56.08,33.11,980.91 
03/10/2021T09:26:25Z,16,22,25,56.49,33.12,980.91 
03/10/2021T09:26:55Z,17,23,25,56.77,33.09,980.92 
03/10/2021T09:27:26Z,16,22,23,56.50,33.10,980.91 
03/10/2021T09:27:57Z,18,24,25,56.99,33.08,980.88 
03/10/2021T09:28:28Z,16,24,25,57.01,33.03,980.87 
03/10/2021T09:28:59Z,17,23,26,56.78,33.02,980.87 
03/10/2021T09:29:29Z,15,19,23,56.40,33.02,980.85 
03/10/2021T09:30:00Z,15,21,23,56.23,33.04,980.86 
03/10/2021T09:30:30Z,17,23,26,56.37,33.04,980.84 
03/10/2021T09:31:00Z,15,19,21,56.65,33.03,980.84 
03/10/2021T09:31:31Z,17,25,26,56.48,33.04,980.85 
03/10/2021T09:32:02Z,15,22,24,56.68,33.03,980.85 
03/10/2021T09:32:32Z,16,22,24,56.69,33.04,980.86 
03/10/2021T09:33:03Z,16,25,29,56.29,33.05,980.87 
03/10/2021T09:33:33Z,18,27,32,56.15,33.08,980.89 
03/10/2021T09:34:03Z,17,23,27,56.82,33.06,980.88 
03/10/2021T09:34:34Z,15,21,23,57.08,33.02,980.88 
03/10/2021T09:35:04Z,15,21,21,56.91,33.01,980.88 
03/10/2021T09:35:35Z,16,21,22,56.76,33.00,980.87 
03/10/2021T09:36:05Z,18,23,25,56.77,33.00,980.86 
03/10/2021T09:36:36Z,17,23,25,56.69,32.98,980.86 
03/10/2021T09:37:07Z,17,23,26,57.16,32.96,980.84 
03/10/2021T09:37:38Z,17,23,26,57.32,32.93,980.84 
03/10/2021T09:38:08Z,17,24,27,57.46,32.91,980.81 
03/10/2021T09:38:39Z,17,25,28,57.76,32.87,980.79 
03/10/2021T09:39:10Z,18,23,24,57.75,32.87,980.78 
03/10/2021T09:39:41Z,17,23,27,57.99,32.86,980.76 
03/10/2021T09:40:11Z,18,25,27,58.19,32.85,980.75 
03/10/2021T09:40:41Z,18,25,27,57.58,32.89,980.75 
03/10/2021T09:41:12Z,19,25,28,57.88,32.93,980.72 
03/10/2021T09:41:43Z,18,25,28,57.30,32.96,980.71 
03/10/2021T09:42:13Z,16,21,25,57.24,32.98,980.72 
03/10/2021T09:42:44Z,17,24,26,57.15,33.00,980.70 
03/10/2021T09:43:14Z,17,23,27,57.31,32.98,980.69 
03/10/2021T09:43:45Z,16,23,27,57.35,32.96,980.69 
03/10/2021T09:44:15Z,16,22,23,57.05,32.96,980.70 
03/10/2021T09:44:46Z,16,22,23,57.68,32.93,980.70 
03/10/2021T09:45:16Z,15,23,23,57.08,32.97,980.68 
03/10/2021T09:45:47Z,17,22,25,57.53,32.95,980.68 
03/10/2021T09:46:17Z,17,24,28,57.63,32.93,980.68 
03/10/2021T09:46:48Z,17,22,24,57.58,32.91,980.70 
03/10/2021T09:47:18Z,17,23,25,57.96,32.88,980.69 
03/10/2021T09:47:49Z,16,22,23,57.98,32.86,980.70 
03/10/2021T09:48:19Z,17,24,27,58.07,32.84,980.73 
03/10/2021T09:48:50Z,18,27,30,57.64,32.86,980.72 
03/10/2021T09:49:20Z,18,24,28,57.47,32.89,980.73 
03/10/2021T09:49:51Z,16,22,24,56.62,32.95,980.71 
03/10/2021T09:50:22Z,17,22,25,56.75,32.97,980.71 
03/10/2021T09:50:53Z,17,21,22,56.46,32.99,980.73 
03/10/2021T09:51:24Z,16,23,26,56.89,32.97,980.73 
03/10/2021T09:51:54Z,16,23,26,56.74,32.97,980.74 
03/10/2021T09:52:25Z,16,22,25,57.14,32.96,980.75 
03/10/2021T09:52:56Z,16,22,25,56.81,32.97,980.73 
03/10/2021T09:53:26Z,16,21,25,56.65,32.96,980.73 
03/10/2021T09:53:57Z,16,23,24,55.94,32.97,980.76 
03/10/2021T09:54:28Z,15,23,26,55.93,33.00,980.78 
03/10/2021T09:54:58Z,15,21,21,55.13,33.06,980.78 
03/10/2021T09:55:29Z,17,26,28,55.74,33.04,980.76 
03/10/2021T09:55:59Z,56,85,93,55.56,33.03,980.77 
03/10/2021T09:56:29Z,182,274,298,54.88,33.14,980.76 
03/10/2021T09:57:00Z,120,177,188,55.69,33.13,980.78 
03/10/2021T09:57:30Z,131,188,200,56.05,33.08,980.77 
03/10/2021T09:58:01Z,136,199,218,56.16,33.05,980.76 
03/10/2021T09:58:31Z,128,187,196,56.12,33.04,980.76 
03/10/2021T09:59:01Z,125,177,188,56.21,33.04,980.74 
03/10/2021T09:59:32Z,111,163,173,56.52,33.01,980.73 
03/10/2021T10:00:02Z,96,135,143,56.53,33.00,980.73 
03/10/2021T10:00:32Z,59,82,90,56.21,33.02,980.75 
03/10/2021T10:01:03Z,89,126,133,56.83,32.99,980.74 
03/10/2021T10:01:33Z,125,175,185,56.78,32.99,980.74 
03/10/2021T10:02:04Z,118,169,175,56.73,32.99,980.76 
03/10/2021T10:02:34Z,133,191,200,56.53,33.03,980.76 
03/10/2021T10:03:05Z,158,227,236,56.64,33.03,980.75 
03/10/2021T10:03:35Z,175,255,267,56.85,33.02,980.77 
03/10/2021T10:04:06Z,189,286,304,56.63,33.05,980.76 
03/10/2021T10:04:36Z,171,255,268,56.85,33.11,980.75 
03/10/2021T10:05:06Z,118,171,179,56.71,33.10,980.74 
03/10/2021T10:05:36Z,119,170,181,56.58,33.12,980.73 
03/10/2021T10:06:06Z,142,207,221,56.89,33.12,980.72 
03/10/2021T10:06:37Z,164,239,257,56.67,33.10,980.72 
03/10/2021T10:07:08Z,167,241,254,56.50,33.11,980.71 
03/10/2021T10:07:39Z,170,245,259,56.30,33.14,980.71 
03/10/2021T10:08:09Z,184,266,281,56.48,33.13,980.70 
03/10/2021T10:08:40Z,183,263,283,56.32,33.14,980.70 
03/10/2021T10:09:11Z,156,223,232,56.73,33.15,980.69 
03/10/2021T10:09:41Z,130,187,197,56.59,33.21,980.67 
03/10/2021T10:10:11Z,134,188,200,56.65,33.21,980.68 
03/10/2021T10:10:42Z,140,200,214,56.97,33.13,980.68 
03/10/2021T10:11:12Z,145,208,225,57.19,33.06,980.68 
03/10/2021T10:11:42Z,152,226,246,57.31,33.02,980.67 
03/10/2021T10:12:13Z,159,243,258,57.25,33.00,980.67 
03/10/2021T10:12:43Z,160,235,250,57.46,32.99,980.68 
03/10/2021T10:13:13Z,158,230,244,57.38,32.98,980.68 
03/10/2021T10:13:43Z,139,210,226,57.42,32.99,980.68 
03/10/2021T10:14:13Z,152,224,238,57.64,32.96,980.68 
03/10/2021T10:14:44Z,151,220,231,57.77,32.95,980.68 
03/10/2021T10:15:14Z,131,190,202,57.65,32.95,980.68 
03/10/2021T10:15:45Z,146,217,236,57.85,32.94,980.68 
03/10/2021T10:16:15Z,132,193,208,57.90,32.93,980.69 
03/10/2021T10:16:46Z,131,191,202,57.97,32.92,980.70 
03/10/2021T10:17:17Z,130,188,198,57.85,32.92,980.71 
03/10/2021T10:17:47Z,121,175,185,58.00,32.92,980.77 
03/10/2021T10:18:17Z,114,166,178,57.92,32.91,980.73 
03/10/2021T10:18:47Z,119,172,184,58.12,32.91,980.74 
03/10/2021T10:19:17Z,112,161,170,58.08,32.90,980.76 
03/10/2021T10:19:48Z,101,143,152,58.00,32.89,980.74 
03/10/2021T10:20:19Z,94,133,138,57.97,32.90,980.73 
03/10/2021T10:20:49Z,105,150,161,58.17,32.89,980.74 
03/10/2021T10:21:19Z,93,135,144,58.06,32.90,980.73 
03/10/2021T10:21:50Z,99,140,150,58.12,32.88,980.74 
03/10/2021T10:22:21Z,96,138,146,58.23,32.89,980.70 
03/10/2021T10:22:52Z,109,157,166,58.32,32.86,980.73 
03/10/2021T10:23:22Z,102,147,157,58.35,32.85,980.71 
03/10/2021T10:23:53Z,78,112,120,58.25,32.87,980.68 
03/10/2021T10:24:23Z,105,151,158,58.35,32.87,980.69 
03/10/2021T10:24:54Z,104,147,154,58.38,32.87,980.71 
03/10/2021T10:25:25Z,87,121,128,58.34,32.88,980.70 
03/10/2021T10:25:55Z,113,163,173,58.44,32.87,980.71 
03/10/2021T10:26:25Z,93,135,143,58.58,32.85,980.73 
03/10/2021T10:26:55Z,103,144,153,58.64,32.82,980.73 
03/10/2021T10:27:25Z,104,147,158,58.72,32.81,980.76 
03/10/2021T10:27:56Z,94,136,144,58.78,32.80,980.76 
03/10/2021T10:28:26Z,53,79,85,58.56,32.81,980.75 
03/10/2021T10:28:56Z,83,121,128,58.76,32.81,980.77 
03/10/2021T10:29:26Z,105,149,157,58.85,32.80,980.80 
03/10/2021T10:29:57Z,98,140,148,58.84,32.81,980.80 
03/10/2021T10:30:27Z,81,118,125,58.78,32.80,980.81 
03/10/2021T10:30:57Z,69,99,103,58.75,32.80,980.80 
03/10/2021T10:31:27Z,83,119,127,58.83,32.81,980.79 
03/10/2021T10:31:57Z,66,93,98,58.90,32.79,980.82 
03/10/2021T10:32:28Z,84,123,133,58.96,32.77,980.79 
03/10/2021T10:32:59Z,80,112,118,58.89,32.76,980.78 
03/10/2021T10:33:29Z,75,109,118,58.93,32.76,980.78 
03/10/2021T10:34:00Z,58,80,86,58.64,32.76,980.76 
03/10/2021T10:34:30Z,79,112,119,58.98,32.76,980.75 
03/10/2021T10:35:01Z,90,125,131,59.21,32.73,980.75 
03/10/2021T10:35:31Z,84,117,124,59.19,32.72,980.73 
03/10/2021T10:36:01Z,86,121,128,59.15,32.71,980.73 
03/10/2021T10:36:32Z,76,107,112,59.26,32.72,980.73 
03/10/2021T10:37:03Z,67,95,104,59.22,32.72,980.71 
03/10/2021T10:37:33Z,76,109,116,59.30,32.71,980.70 
03/10/2021T10:38:03Z,87,126,131,59.33,32.72,980.70 
03/10/2021T10:38:33Z,86,123,131,59.39,32.71,980.71 
03/10/2021T10:39:03Z,92,131,138,59.46,32.70,980.71 
03/10/2021T10:39:33Z,93,130,139,59.50,32.69,980.72 
03/10/2021T10:40:04Z,91,130,141,59.57,32.69,980.72 
03/10/2021T10:40:35Z,80,113,121,59.64,32.68,980.70 
03/10/2021T10:41:05Z,81,117,122,59.70,32.68,980.70 
03/10/2021T10:41:36Z,83,118,124,59.73,32.66,980.69 
03/10/2021T10:42:07Z,88,123,128,59.76,32.65,980.69 
03/10/2021T10:42:37Z,81,115,122,59.79,32.64,980.70 
03/10/2021T10:43:07Z,83,119,126,59.81,32.63,980.68 
03/10/2021T10:43:37Z,77,108,114,59.81,32.64,980.67 
03/10/2021T10:44:08Z,63,92,102,59.72,32.67,980.68 
03/10/2021T10:44:38Z,80,115,122,59.73,32.65,980.66 
03/10/2021T10:45:09Z,73,105,111,59.88,32.64,980.65 
03/10/2021T10:45:39Z,69,97,103,59.80,32.64,980.66 
03/10/2021T10:46:10Z,68,94,100,59.77,32.63,980.63 
03/10/2021T10:46:41Z,63,91,96,59.85,32.62,980.62 
03/10/2021T10:47:11Z,63,92,97,59.65,32.61,980.64 
03/10/2021T10:47:42Z,64,91,98,59.77,32.62,980.63 
03/10/2021T10:48:12Z,58,82,89,59.68,32.61,980.63 
03/10/2021T10:48:43Z,44,64,72,59.51,32.61,980.62 
03/10/2021T10:49:13Z,59,84,93,59.61,32.60,980.64 
03/10/2021T10:49:43Z,69,99,105,59.86,32.60,980.64 
03/10/2021T10:50:13Z,74,106,112,59.97,32.60,980.64 
03/10/2021T10:50:44Z,73,104,108,59.99,32.60,980.65 
03/10/2021T10:51:14Z,67,96,101,59.92,32.61,980.67 
03/10/2021T10:51:44Z,70,98,103,60.00,32.61,980.68 
03/10/2021T10:52:14Z,66,92,97,59.97,32.60,980.67 
03/10/2021T10:52:45Z,65,91,96,60.05,32.61,980.67 
03/10/2021T10:53:15Z,73,104,110,60.19,32.60,980.69 
03/10/2021T10:53:45Z,66,94,100,60.16,32.59,980.69 
03/10/2021T10:54:16Z,63,88,93,60.13,32.59,980.68 
03/10/2021T10:54:46Z,62,89,96,60.10,32.57,980.70 
03/10/2021T10:55:17Z,62,84,89,60.16,32.57,980.70 
03/10/2021T10:55:47Z,61,86,92,60.11,32.57,980.68 
03/10/2021T10:56:17Z,57,80,83,59.91,32.56,980.69 
03/10/2021T10:56:48Z,59,85,89,59.99,32.57,980.71 
03/10/2021T10:57:19Z,59,85,91,59.98,32.57,980.72 
03/10/2021T10:57:49Z,58,81,86,59.92,32.56,980.74 
03/10/2021T10:58:20Z,56,81,86,59.98,32.56,980.74 
03/10/2021T10:58:51Z,60,86,90,60.09,32.57,980.76 
03/10/2021T10:59:22Z,58,84,91,60.18,32.57,980.77 
03/10/2021T10:59:52Z,58,82,88,59.91,32.58,980.78 
03/10/2021T11:00:23Z,61,86,91,60.05,32.58,980.81 
03/10/2021T11:00:54Z,59,85,88,60.13,32.56,980.82 
03/10/2021T11:01:24Z,48,67,75,59.97,32.56,980.81 
03/10/2021T11:01:54Z,46,66,74,60.13,32.56,980.81 
03/10/2021T11:02:25Z,58,83,88,60.08,32.56,980.84 
03/10/2021T11:02:55Z,38,54,68,59.74,32.55,980.85 
03/10/2021T11:03:25Z,48,69,78,59.99,32.56,980.85 
03/10/2021T11:03:55Z,62,87,93,60.27,32.54,980.85 
03/10/2021T11:04:26Z,56,78,85,60.38,32.52,980.84 
03/10/2021T11:04:56Z,61,83,87,60.42,32.52,980.83 
03/10/2021T11:05:27Z,53,74,79,60.31,32.52,980.82 
03/10/2021T11:05:57Z,57,81,85,60.46,32.51,980.81 
03/10/2021T11:06:27Z,59,82,86,60.54,32.51,980.81 
03/10/2021T11:06:57Z,60,86,90,60.53,32.50,980.82 
03/10/2021T11:07:28Z,57,82,85,60.56,32.49,980.80 
03/10/2021T11:07:58Z,50,71,77,60.42,32.49,980.81 
03/10/2021T11:08:29Z,51,69,76,60.39,32.50,980.79 
03/10/2021T11:08:59Z,52,74,80,60.46,32.49,980.79 
03/10/2021T11:09:29Z,57,79,83,60.54,32.48,980.78 
03/10/2021T11:10:00Z,46,65,73,60.30,32.47,980.77 
03/10/2021T11:10:31Z,43,60,70,60.06,32.48,980.77 
03/10/2021T11:11:02Z,46,65,74,60.15,32.48,980.76 
03/10/2021T11:11:32Z,54,73,79,60.39,32.47,980.75 
03/10/2021T11:12:02Z,46,67,73,59.93,32.47,980.75 
03/10/2021T11:12:32Z,39,57,69,59.91,32.47,980.75 
03/10/2021T11:13:03Z,50,71,79,60.22,32.47,980.74 
03/10/2021T11:13:33Z,52,73,79,60.43,32.46,980.73 
03/10/2021T11:14:04Z,54,76,81,60.52,32.45,980.72 
03/10/2021T11:14:34Z,36,52,63,59.76,32.45,980.74 
03/10/2021T11:15:05Z,39,56,68,60.26,32.45,980.74 
03/10/2021T11:15:36Z,47,67,75,60.38,32.44,980.73 
03/10/2021T11:16:06Z,36,53,63,59.87,32.44,980.73 
03/10/2021T11:16:36Z,43,61,71,60.29,32.43,980.73 
03/10/2021T11:17:07Z,40,57,69,60.26,32.43,980.74 
03/10/2021T11:17:37Z,41,59,70,60.05,32.42,980.75 
03/10/2021T11:18:07Z,39,55,67,59.70,32.44,980.75 
03/10/2021T11:18:38Z,45,63,72,60.18,32.42,980.76 
03/10/2021T11:19:09Z,49,67,76,60.26,32.42,980.76 
03/10/2021T11:19:40Z,47,66,73,60.34,32.42,980.77 
03/10/2021T11:20:11Z,52,73,80,60.34,32.41,980.77 
03/10/2021T11:20:42Z,40,58,68,59.88,32.38,980.78 
03/10/2021T11:21:12Z,32,47,60,59.27,32.37,980.78 
03/10/2021T11:21:43Z,34,55,74,59.63,32.36,980.78 
03/10/2021T11:22:13Z,30,49,68,59.27,32.35,980.79 
03/10/2021T11:22:44Z,28,45,61,58.95,32.36,980.79 
03/10/2021T11:23:15Z,24,36,49,58.72,32.36,980.77 
03/10/2021T11:23:45Z,23,37,48,58.64,32.36,980.78 
03/10/2021T11:24:15Z,24,35,46,58.62,32.35,980.77 
03/10/2021T11:24:45Z,25,37,47,58.93,32.35,980.75 
03/10/2021T11:25:16Z,22,34,42,58.29,32.35,980.77 
03/10/2021T11:25:47Z,21,32,38,58.38,32.37,980.75 
03/10/2021T11:26:17Z,20,29,35,58.40,32.38,980.74 
03/10/2021T11:26:48Z,19,30,36,58.26,32.37,980.73 
03/10/2021T11:27:18Z,21,31,39,58.66,32.39,980.74 
03/10/2021T11:27:49Z,21,32,40,58.70,32.39,980.70 
03/10/2021T11:28:19Z,19,28,31,58.35,32.40,980.71 
03/10/2021T11:28:49Z,19,27,31,58.02,32.40,980.72 
03/10/2021T11:29:20Z,17,24,29,57.73,32.42,980.73 
03/10/2021T11:29:51Z,18,27,32,58.09,32.43,980.72 
03/10/2021T11:30:21Z,21,29,32,58.04,32.44,980.72 
03/10/2021T11:30:52Z,19,28,31,58.02,32.44,980.73 
03/10/2021T11:31:23Z,18,27,31,58.19,32.43,980.74 
03/10/2021T11:31:53Z,17,23,25,58.36,32.44,980.75 
03/10/2021T11:32:24Z,21,31,36,58.20,32.46,980.74 
03/10/2021T11:32:54Z,24,37,46,57.81,32.45,980.76 
03/10/2021T11:33:24Z,20,29,34,58.33,32.45,980.76 
03/10/2021T11:33:55Z,20,29,31,58.28,32.45,980.77 
03/10/2021T11:34:25Z,18,26,29,57.97,32.43,980.78 
03/10/2021T11:34:56Z,17,23,26,58.28,32.41,980.77 
03/10/2021T11:35:26Z,19,27,29,57.92,32.41,980.78 
03/10/2021T11:35:57Z,17,25,26,58.30,32.41,980.78 
03/10/2021T11:36:27Z,17,24,27,58.52,32.42,980.78 
03/10/2021T11:36:57Z,16,23,26,58.35,32.42,980.78 
03/10/2021T11:37:28Z,17,26,29,58.61,32.44,980.80 
03/10/2021T11:37:59Z,19,29,34,58.15,32.45,980.79 
03/10/2021T11:38:29Z,23,33,40,58.44,32.44,980.78 
03/10/2021T11:38:59Z,21,32,38,58.86,32.45,980.78 
03/10/2021T11:39:29Z,23,34,41,58.83,32.46,980.79 
03/10/2021T11:40:00Z,27,41,53,58.69,32.47,980.81 
03/10/2021T11:40:31Z,21,33,39,58.84,32.48,980.81 
03/10/2021T11:41:01Z,20,31,35,58.91,32.48,980.83 
03/10/2021T11:41:32Z,23,35,42,58.71,32.48,980.82 
03/10/2021T11:42:02Z,21,31,35,57.77,32.46,980.84 
03/10/2021T11:42:32Z,21,29,33,58.46,32.46,980.83 
03/10/2021T11:43:03Z,20,30,34,58.74,32.46,980.83 
03/10/2021T11:43:34Z,19,30,33,58.80,32.48,980.84 
03/10/2021T11:44:04Z,19,29,32,58.77,32.50,980.84 
03/10/2021T11:44:35Z,19,27,30,58.11,32.50,980.84 
03/10/2021T11:45:06Z,22,35,40,58.16,32.49,980.84 
03/10/2021T11:45:36Z,26,40,50,58.53,32.49,980.84 
03/10/2021T11:46:06Z,23,33,40,58.73,32.50,980.83 
03/10/2021T11:46:36Z,22,32,37,58.63,32.51,980.82 
03/10/2021T11:47:07Z,22,32,38,58.11,32.50,980.84 
03/10/2021T11:47:37Z,26,40,49,58.54,32.47,980.84 
03/10/2021T11:48:08Z,23,33,39,59.19,32.48,980.83 
03/10/2021T11:48:39Z,23,34,42,58.99,32.50,980.84 
03/10/2021T11:49:09Z,21,33,38,59.40,32.51,980.82 
03/10/2021T11:49:40Z,21,31,34,59.62,32.53,980.81 
03/10/2021T11:50:11Z,22,30,35,58.71,32.53,980.83 
03/10/2021T11:50:42Z,22,31,37,59.38,32.50,980.83 
03/10/2021T11:51:12Z,23,34,39,58.80,32.49,980.84 
03/10/2021T11:51:42Z,22,32,38,59.21,32.50,980.84 
03/10/2021T11:52:13Z,20,28,32,59.00,32.52,980.84 
03/10/2021T11:52:44Z,20,28,31,59.11,32.52,980.85 
03/10/2021T11:53:14Z,19,26,29,58.71,32.49,980.87 
03/10/2021T11:53:45Z,18,26,27,58.71,32.50,980.87 
03/10/2021T11:54:15Z,17,25,27,58.78,32.48,980.87 
03/10/2021T11:54:45Z,19,27,31,58.94,32.48,980.87 
03/10/2021T11:55:16Z,18,23,24,58.92,32.49,980.87 
03/10/2021T11:55:47Z,34,46,55,58.97,32.49,980.87 
03/10/2021T11:56:18Z,24,35,42,59.21,32.49,980.86 
03/10/2021T11:56:48Z,22,30,33,58.62,32.46,980.88 
03/10/2021T11:57:18Z,20,27,29,58.84,32.46,980.87 
03/10/2021T11:57:49Z,20,30,37,59.09,32.46,980.87 
03/10/2021T11:58:19Z,20,29,34,58.94,32.45,980.87 
03/10/2021T11:58:50Z,20,30,36,59.17,32.46,980.86 
03/10/2021T11:59:21Z,19,27,32,59.26,32.46,980.87 
03/10/2021T11:59:51Z,19,27,31,59.26,32.46,980.86 
03/10/2021T12:00:22Z,19,27,30,59.27,32.47,980.87 
03/10/2021T12:00:52Z,17,24,26,58.96,32.46,980.89 
03/10/2021T12:01:23Z,19,25,28,59.33,32.48,980.88 
03/10/2021T12:01:53Z,19,24,29,59.07,32.49,980.89 
03/10/2021T12:02:23Z,18,27,30,59.44,32.50,980.87 
03/10/2021T12:02:54Z,19,24,25,59.36,32.50,980.88 
03/10/2021T12:03:25Z,19,28,32,59.18,32.51,980.86 
03/10/2021T12:03:55Z,21,32,37,59.19,32.48,980.88 
03/10/2021T12:04:26Z,19,27,32,59.34,32.46,980.86 
03/10/2021T12:04:56Z,18,25,32,59.38,32.48,980.86 
03/10/2021T12:05:26Z,18,27,31,59.30,32.49,980.86 
03/10/2021T12:05:57Z,17,23,27,59.32,32.48,980.87 
03/10/2021T12:06:28Z,19,25,29,59.40,32.48,980.88 
03/10/2021T12:06:59Z,19,26,29,58.54,32.47,980.89 
03/10/2021T12:07:30Z,17,23,25,58.89,32.42,980.89 
03/10/2021T12:08:01Z,17,22,25,59.39,32.46,980.90 
03/10/2021T12:08:32Z,16,23,26,59.27,32.45,980.91 
03/10/2021T12:09:02Z,18,26,29,59.58,32.44,980.90 
03/10/2021T12:09:33Z,18,26,29,59.80,32.45,980.92 
03/10/2021T12:10:22Z,18,28,31,60.08,32.46,980.93 
03/10/2021T12:10:54Z,19,26,29,59.93,32.48,980.92 
03/10/2021T12:11:24Z,19,27,30,59.53,32.49,980.94 
03/10/2021T12:11:54Z,19,27,32,58.89,32.44,980.95 
03/10/2021T12:12:25Z,18,25,28,58.67,32.40,980.94 
03/10/2021T12:12:56Z,18,28,32,59.51,32.40,980.93 
03/10/2021T12:13:26Z,18,26,30,60.02,32.45,980.93 
03/10/2021T12:13:56Z,18,25,28,59.93,32.51,980.94 
03/10/2021T12:14:27Z,18,24,28,59.72,32.54,980.94 
03/10/2021T12:14:58Z,20,30,36,59.49,32.55,980.96 
03/10/2021T12:15:29Z,19,29,34,59.30,32.51,980.97 
03/10/2021T12:15:59Z,19,26,28,59.58,32.47,980.96 
03/10/2021T12:16:30Z,17,23,26,58.89,32.42,980.98 
03/10/2021T12:17:00Z,16,21,27,60.06,32.44,980.96 
03/10/2021T12:17:30Z,17,24,27,59.00,32.43,980.99 
03/10/2021T12:18:01Z,17,22,27,59.13,32.37,980.98 
03/10/2021T12:18:32Z,18,25,27,60.26,32.43,980.97 
03/10/2021T12:19:02Z,17,24,26,58.37,32.39,981.01 
03/10/2021T12:19:33Z,15,20,24,59.19,32.33,980.99 
03/10/2021T12:20:04Z,16,23,28,59.66,32.36,980.98 
03/10/2021T12:20:34Z,16,23,27,59.89,32.39,980.98 
03/10/2021T12:21:05Z,18,29,34,60.34,32.43,980.99 
03/10/2021T12:21:36Z,19,30,36,60.35,32.45,980.98 
03/10/2021T12:22:07Z,20,29,33,61.31,32.49,980.96 
03/10/2021T12:22:37Z,18,28,34,60.90,32.53,980.98 
03/10/2021T12:23:07Z,18,26,30,61.03,32.58,980.97 
03/10/2021T12:23:38Z,19,27,31,61.08,32.63,980.97 
03/10/2021T12:24:08Z,20,30,38,60.85,32.67,980.96 
03/10/2021T12:24:38Z,21,34,41,60.89,32.68,980.97 
03/10/2021T12:25:09Z,21,31,35,61.16,32.68,980.96 
03/10/2021T12:25:40Z,21,31,36,60.62,32.68,980.98 
03/10/2021T12:26:11Z,23,36,47,59.78,32.59,980.99 
03/10/2021T12:26:41Z,21,31,38,61.28,32.52,980.99 
03/10/2021T12:27:11Z,19,29,33,61.39,32.54,980.99 
03/10/2021T12:27:42Z,20,29,37,60.77,32.54,981.01 
03/10/2021T12:28:12Z,22,33,40,61.48,32.52,981.01 
03/10/2021T12:28:43Z,21,32,39,61.83,32.56,981.02 
03/10/2021T12:29:14Z,21,32,40,61.14,32.55,981.03 
03/10/2021T12:29:44Z,21,31,37,60.95,32.58,981.06 
03/10/2021T12:30:14Z,22,32,36,60.42,32.55,981.07 
03/10/2021T12:30:45Z,21,31,39,60.80,32.55,981.08 
03/10/2021T12:31:16Z,21,32,42,59.56,32.52,981.09 
03/10/2021T12:31:46Z,20,29,33,59.87,32.45,981.10 
03/10/2021T12:32:17Z,21,32,40,61.19,32.50,981.09 
03/10/2021T12:32:47Z,20,31,37,61.28,32.52,981.10 
03/10/2021T12:33:17Z,19,30,35,61.27,32.51,981.10 
03/10/2021T12:33:48Z,20,29,35,60.69,32.53,981.12 
03/10/2021T12:34:18Z,21,31,36,60.66,32.50,981.12 
03/10/2021T12:34:49Z,21,32,38,61.00,32.48,981.11 
03/10/2021T12:35:19Z,21,31,35,60.95,32.47,981.13 
03/10/2021T12:35:50Z,21,32,39,60.95,32.49,981.12 
03/10/2021T12:36:20Z,20,32,36,60.60,32.44,981.13 
03/10/2021T12:36:51Z,21,32,40,60.91,32.45,981.13 
03/10/2021T12:37:21Z,20,30,35,60.89,32.46,981.14 
03/10/2021T12:37:52Z,21,29,37,60.70,32.44,981.16 
03/10/2021T12:38:23Z,19,29,33,60.80,32.46,981.15 
03/10/2021T12:38:53Z,21,31,38,60.92,32.47,981.16 
03/10/2021T12:39:24Z,20,32,38,60.31,32.49,981.17 
03/10/2021T12:39:55Z,21,32,38,60.23,32.44,981.19 
03/10/2021T12:40:25Z,20,30,35,60.63,32.43,981.19 
03/10/2021T12:40:56Z,20,30,38,60.75,32.44,981.20 
03/10/2021T12:41:26Z,20,31,38,59.93,32.43,981.22 
03/10/2021T12:41:57Z,21,31,35,59.96,32.42,981.24 
03/10/2021T12:42:27Z,19,30,34,60.66,32.42,981.22 
03/10/2021T12:42:58Z,20,32,36,60.77,32.44,981.21 
03/10/2021T12:43:28Z,20,30,35,60.66,32.46,981.21 
03/10/2021T12:43:59Z,20,28,32,60.03,32.44,981.22 
03/10/2021T12:44:30Z,20,31,39,60.92,32.49,981.21 
03/10/2021T12:45:00Z,20,31,37,60.16,32.47,981.23 
03/10/2021T12:45:30Z,21,32,41,60.58,32.45,981.22 
03/10/2021T12:46:01Z,20,30,38,61.39,32.46,981.22 
03/10/2021T12:46:31Z,21,31,36,61.69,32.51,981.22 
03/10/2021T12:47:01Z,22,34,41,61.14,32.52,981.23 
03/10/2021T12:47:32Z,24,36,47,60.67,32.47,981.26 
03/10/2021T12:48:02Z,21,32,39,61.39,32.49,981.25 
03/10/2021T12:48:33Z,22,32,39,61.22,32.50,981.26 
03/10/2021T12:49:04Z,23,33,43,61.39,32.52,981.27 
03/10/2021T12:49:35Z,23,34,41,61.62,32.54,981.25 
03/10/2021T12:50:06Z,22,33,43,61.21,32.49,981.29 
03/10/2021T12:50:37Z,21,32,36,61.35,32.47,981.29 
03/10/2021T12:51:08Z,22,32,39,61.38,32.45,981.30 
03/10/2021T12:51:38Z,22,33,41,61.59,32.42,981.29 
03/10/2021T12:52:09Z,34,50,61,61.52,32.43,981.28 
03/10/2021T12:52:39Z,30,44,55,61.97,32.42,981.26 
03/10/2021T12:53:09Z,27,41,53,61.18,32.42,981.28 
03/10/2021T12:53:40Z,25,38,46,61.74,32.40,981.28 
03/10/2021T12:54:11Z,26,38,47,61.79,32.39,981.28 
03/10/2021T12:54:41Z,26,37,46,61.53,32.45,981.29 
03/10/2021T12:55:12Z,25,37,45,61.46,32.46,981.28 
03/10/2021T12:55:42Z,25,36,47,61.78,32.50,981.29 
03/10/2021T12:56:12Z,57,82,91,61.73,32.54,981.29 
03/10/2021T12:56:42Z,82,112,119,61.81,32.49,981.29 
03/10/2021T12:57:13Z,57,79,85,61.99,32.48,981.30 
03/10/2021T12:57:43Z,52,75,81,62.51,32.50,981.29 
03/10/2021T12:58:14Z,44,63,74,62.25,32.50,981.30 
03/10/2021T12:58:44Z,36,53,71,61.99,32.49,981.31 
03/10/2021T12:59:15Z,45,64,75,62.02,32.52,981.30 
03/10/2021T12:59:45Z,61,94,105,61.43,32.48,981.33 
03/10/2021T13:00:15Z,36,54,68,62.04,32.44,981.33 
03/10/2021T13:00:45Z,76,127,145,61.87,32.44,981.34 
03/10/2021T13:01:15Z,61,100,113,62.04,32.46,981.35 
03/10/2021T13:01:45Z,45,71,82,62.58,32.51,981.34 
03/10/2021T13:02:16Z,40,64,75,62.49,32.55,981.36 
03/10/2021T13:02:46Z,47,73,81,61.81,32.57,981.39 
03/10/2021T13:03:16Z,42,68,77,62.33,32.56,981.39 
03/10/2021T13:03:46Z,38,58,71,62.39,32.60,981.40 
03/10/2021T13:04:17Z,34,52,66,61.91,32.60,981.42 
03/10/2021T13:04:48Z,32,49,64,61.77,32.55,981.41 
03/10/2021T13:05:18Z,35,53,69,62.45,32.55,981.41 
03/10/2021T13:05:48Z,33,49,64,62.35,32.52,981.42 
03/10/2021T13:06:19Z,32,49,61,62.73,32.50,981.41 
03/10/2021T13:06:50Z,30,45,56,62.50,32.48,981.42 
03/10/2021T13:07:20Z,29,43,54,61.85,32.39,981.45 
03/10/2021T13:07:50Z,29,45,59,62.61,32.37,981.44 
03/10/2021T13:08:21Z,30,46,58,62.14,32.40,981.46 
03/10/2021T13:08:52Z,29,45,58,61.78,32.39,981.47 
03/10/2021T13:09:22Z,29,44,58,61.71,32.35,981.49 
03/10/2021T13:09:53Z,29,46,58,62.01,32.37,981.49 
03/10/2021T13:10:23Z,29,46,58,62.16,32.36,981.50 
03/10/2021T13:10:53Z,30,46,58,61.96,32.38,981.52 
03/10/2021T13:11:24Z,31,48,61,62.32,32.40,981.53 
03/10/2021T13:11:55Z,32,50,63,62.09,32.46,981.54 
03/10/2021T13:12:26Z,33,49,63,61.78,32.49,981.55 
03/10/2021T13:12:56Z,35,52,66,61.78,32.48,981.54 
03/10/2021T13:13:26Z,37,54,68,61.30,32.42,981.56 
03/10/2021T13:13:56Z,37,57,70,62.25,32.43,981.56 
03/10/2021T13:14:26Z,38,59,72,62.09,32.44,981.58 
03/10/2021T13:14:57Z,38,61,74,62.59,32.46,981.60 
03/10/2021T13:15:28Z,43,67,76,62.91,32.47,981.58 
03/10/2021T13:15:58Z,44,69,77,62.93,32.44,981.59 
03/10/2021T13:16:29Z,44,69,77,63.15,32.43,981.60 
03/10/2021T13:16:59Z,44,65,77,63.33,32.51,981.59 
03/10/2021T13:17:30Z,42,62,74,62.66,32.54,981.60 
03/10/2021T13:18:00Z,36,54,67,61.60,32.52,981.60 
03/10/2021T13:18:30Z,37,56,70,62.00,32.49,981.59 
03/10/2021T13:19:00Z,37,56,69,62.23,32.49,981.59 
03/10/2021T13:19:31Z,42,63,74,61.87,32.49,981.61 
03/10/2021T13:20:01Z,40,65,78,62.41,32.52,981.58 
03/10/2021T13:20:32Z,41,67,78,62.57,32.55,981.57 
03/10/2021T13:21:02Z,47,78,85,62.33,32.56,981.56 
03/10/2021T13:21:32Z,47,78,85,62.31,32.55,981.57 
03/10/2021T13:22:03Z,52,82,89,62.22,32.58,981.57 
03/10/2021T13:22:33Z,52,85,94,62.06,32.53,981.58 
03/10/2021T13:23:04Z,53,81,92,61.31,32.45,981.59 
03/10/2021T13:23:34Z,54,86,95,61.83,32.41,981.59 
03/10/2021T13:24:04Z,53,84,98,62.30,32.41,981.58 
03/10/2021T13:24:35Z,51,76,86,62.48,32.44,981.58 
03/10/2021T13:25:05Z,51,80,89,62.26,32.45,981.60 
03/10/2021T13:25:35Z,46,71,79,62.24,32.41,981.61 
03/10/2021T13:26:06Z,46,71,79,62.10,32.41,981.63 
03/10/2021T13:26:37Z,60,94,102,61.30,32.36,981.65 
03/10/2021T13:27:07Z,55,86,95,62.43,32.40,981.64 
03/10/2021T13:27:38Z,50,81,88,61.92,32.45,981.67 
03/10/2021T13:28:08Z,63,103,112,61.45,32.48,981.69 
03/10/2021T13:28:39Z,52,80,89,61.04,32.44,981.70 
03/10/2021T13:29:10Z,54,86,95,61.34,32.42,981.70 
03/10/2021T13:29:40Z,58,92,101,61.25,32.38,981.72 
03/10/2021T13:30:11Z,52,85,94,61.53,32.37,981.72 
03/10/2021T13:30:42Z,51,79,89,61.70,32.37,981.74 
03/10/2021T13:31:12Z,49,76,86,61.03,32.34,981.77 
03/10/2021T13:31:43Z,43,65,75,61.14,32.34,981.77 
03/10/2021T13:32:13Z,40,62,74,61.36,32.34,981.77 
03/10/2021T13:32:44Z,40,61,74,60.96,32.36,981.77 
03/10/2021T13:33:14Z,52,82,91,61.15,32.32,981.78 
03/10/2021T13:33:44Z,54,86,96,61.51,32.30,981.78 
03/10/2021T13:34:15Z,50,75,84,61.26,32.26,981.80 
03/10/2021T13:34:45Z,49,76,83,61.41,32.26,981.77 
03/10/2021T13:35:16Z,51,80,86,61.35,32.26,981.77 
03/10/2021T13:35:46Z,53,82,90,61.56,32.29,981.77 
03/10/2021T13:36:17Z,56,89,98,61.85,32.33,981.73 
03/10/2021T13:36:48Z,55,87,96,61.49,32.34,981.74 
03/10/2021T13:37:19Z,58,90,98,61.62,32.34,981.74 
03/10/2021T13:37:50Z,62,96,102,61.78,32.32,981.74 
03/10/2021T13:38:20Z,62,98,111,61.06,32.31,981.75 
03/10/2021T13:38:50Z,44,70,78,61.14,32.28,981.77 
03/10/2021T13:39:20Z,44,69,78,61.43,32.29,981.75 
03/10/2021T13:39:50Z,50,78,85,61.00,32.28,981.79 
03/10/2021T13:40:21Z,54,88,98,61.01,32.29,981.78 
03/10/2021T13:40:52Z,50,81,91,60.89,32.30,981.77 
03/10/2021T13:41:22Z,52,85,95,61.10,32.32,981.76 
03/10/2021T13:41:53Z,53,86,96,61.31,32.37,981.76 
03/10/2021T13:42:23Z,49,79,88,60.74,32.36,981.79 
03/10/2021T13:42:54Z,45,72,79,60.43,32.34,981.79 
03/10/2021T13:43:24Z,43,69,77,60.41,32.30,981.83 
03/10/2021T13:43:54Z,43,68,77,60.69,32.29,981.83 
03/10/2021T13:44:25Z,39,64,75,60.62,32.27,981.86 
03/10/2021T13:44:55Z,43,66,76,61.00,32.30,981.86 
03/10/2021T13:45:25Z,50,80,87,60.97,32.32,981.87 
03/10/2021T13:45:56Z,159,235,250,60.43,32.28,981.89 
03/10/2021T13:46:27Z,92,139,153,60.41,32.28,981.90 
03/10/2021T13:46:57Z,75,111,119,60.85,32.26,981.89 
03/10/2021T13:47:27Z,69,108,116,60.92,32.26,981.89 
03/10/2021T13:47:57Z,63,96,103,60.76,32.28,981.91 
03/10/2021T13:48:28Z,53,83,92,60.59,32.26,981.92 
03/10/2021T13:48:59Z,59,90,95,61.23,32.23,981.92 
03/10/2021T13:49:30Z,51,78,88,60.82,32.24,981.93 
03/10/2021T13:50:00Z,43,67,78,60.75,32.26,981.94 
03/10/2021T13:50:31Z,45,71,82,61.17,32.31,981.94 
03/10/2021T13:51:02Z,44,69,80,61.04,32.36,981.95 
03/10/2021T13:51:33Z,43,68,77,60.96,32.41,981.96 
03/10/2021T13:52:04Z,41,62,74,60.89,32.43,981.97 
03/10/2021T13:52:34Z,38,59,71,60.51,32.43,982.00 
03/10/2021T13:53:05Z,37,59,72,60.76,32.43,982.00 
03/10/2021T13:53:35Z,34,52,67,60.45,32.43,981.99 
03/10/2021T13:54:06Z,33,52,69,60.61,32.42,982.00 
03/10/2021T13:54:36Z,37,57,70,60.68,32.41,982.01 
03/10/2021T13:55:08Z,35,54,68,60.66,32.40,982.02 
03/10/2021T13:55:39Z,36,55,70,60.68,32.37,982.02 
03/10/2021T13:56:10Z,40,63,76,60.82,32.35,982.02 
03/10/2021T13:56:41Z,35,53,68,60.73,32.36,982.02 
03/10/2021T13:57:11Z,36,59,73,60.68,32.37,982.02 
03/10/2021T13:57:41Z,41,63,74,60.88,32.40,982.01 
03/10/2021T13:58:11Z,43,69,78,60.92,32.42,982.02 
03/10/2021T13:58:42Z,45,71,82,60.72,32.43,982.01 
03/10/2021T13:59:12Z,46,74,84,60.93,32.44,982.01 
03/10/2021T13:59:43Z,62,98,110,61.09,32.43,982.01 
03/10/2021T14:00:14Z,60,95,110,61.29,32.41,982.00 
03/10/2021T14:00:45Z,56,91,101,61.32,32.44,982.01 
03/10/2021T14:01:15Z,56,89,103,61.62,32.47,981.99 
03/10/2021T14:01:46Z,57,90,99,61.67,32.49,981.99 
03/10/2021T14:02:16Z,53,83,93,61.63,32.47,982.00 
03/10/2021T14:02:46Z,52,82,96,61.64,32.43,982.02 
03/10/2021T14:03:17Z,48,76,87,61.85,32.47,982.01 
03/10/2021T14:03:47Z,49,77,86,61.50,32.48,982.01 
03/10/2021T14:04:18Z,46,73,82,61.64,32.47,982.03 
03/10/2021T14:04:48Z,45,70,78,61.56,32.45,982.05 
03/10/2021T14:05:18Z,46,73,83,61.67,32.45,982.07 
03/10/2021T14:05:48Z,46,73,83,61.68,32.47,982.07 
03/10/2021T14:06:19Z,49,78,88,61.76,32.47,982.08 
03/10/2021T14:06:50Z,49,79,92,61.76,32.46,982.08 
03/10/2021T14:07:20Z,51,82,93,61.98,32.45,982.08 
03/10/2021T14:07:51Z,53,82,91,61.97,32.45,982.09 
03/10/2021T14:08:21Z,50,77,86,61.85,32.45,982.10 
03/10/2021T14:08:51Z,48,76,83,62.07,32.48,982.10 
03/10/2021T14:09:22Z,46,72,80,61.47,32.46,982.12 
03/10/2021T14:09:53Z,42,62,75,61.39,32.37,982.13 
03/10/2021T14:10:23Z,38,58,71,61.48,32.34,982.12 
03/10/2021T14:10:53Z,40,63,75,61.96,32.38,982.12 
03/10/2021T14:11:24Z,38,57,70,61.34,32.35,982.14 
03/10/2021T14:11:54Z,38,58,72,61.53,32.35,982.13 
03/10/2021T14:12:25Z,39,60,73,62.02,32.35,982.14 
03/10/2021T14:12:56Z,42,63,74,62.41,32.36,982.14 
03/10/2021T14:13:26Z,52,77,86,62.36,32.34,982.15 
03/10/2021T14:13:57Z,52,78,83,62.63,32.34,982.16 
03/10/2021T14:14:28Z,52,78,84,62.88,32.35,982.17 
03/10/2021T14:14:58Z,50,75,81,62.72,32.35,982.18 
03/10/2021T14:15:28Z,48,73,80,62.41,32.39,982.18 
03/10/2021T14:15:59Z,48,73,82,62.09,32.41,982.19 
03/10/2021T14:16:29Z,63,94,102,61.43,32.39,982.20 
03/10/2021T14:16:59Z,48,72,80,61.63,32.39,982.20 
03/10/2021T14:17:29Z,53,80,86,62.34,32.38,982.20 
03/10/2021T14:18:00Z,54,82,92,62.74,32.35,982.20 
03/10/2021T14:18:31Z,57,85,95,62.31,32.29,982.21 
03/10/2021T14:19:02Z,45,70,79,62.41,32.25,982.22 
03/10/2021T14:19:32Z,44,66,75,63.17,32.28,982.22 
03/10/2021T14:20:02Z,45,69,77,62.54,32.28,982.22 
03/10/2021T14:20:32Z,43,65,75,62.71,32.25,982.22 
03/10/2021T14:21:03Z,45,70,78,62.86,32.21,982.23 
03/10/2021T14:21:34Z,47,69,80,63.12,32.23,982.21 
03/10/2021T14:22:05Z,46,70,80,62.78,32.17,982.23 
03/10/2021T14:22:35Z,42,61,73,62.96,32.16,982.22 
03/10/2021T14:23:05Z,42,64,75,62.80,32.15,982.23 
03/10/2021T14:23:36Z,38,59,72,63.01,32.21,982.22 
03/10/2021T14:24:07Z,38,57,70,62.70,32.26,982.21 
03/10/2021T14:24:38Z,40,58,71,62.56,32.30,982.22 
03/10/2021T14:25:08Z,41,63,75,62.58,32.32,982.22 
03/10/2021T14:25:39Z,41,61,72,62.19,32.30,982.23 
03/10/2021T14:26:10Z,41,60,72,62.51,32.30,982.23 
03/10/2021T14:26:40Z,42,62,75,62.61,32.36,982.23 
03/10/2021T14:27:10Z,37,54,69,62.40,32.41,982.23 
03/10/2021T14:27:40Z,39,59,72,61.32,32.37,982.25 
03/10/2021T14:28:11Z,35,54,68,61.24,32.29,982.25 
03/10/2021T14:28:41Z,34,54,68,61.38,32.27,982.26 
03/10/2021T14:29:11Z,35,52,68,61.29,32.22,982.27 
03/10/2021T14:29:42Z,35,55,70,61.92,32.26,982.27 
03/10/2021T14:30:12Z,35,54,70,61.53,32.27,982.28 
03/10/2021T14:30:42Z,37,57,72,61.75,32.25,982.27 
03/10/2021T14:31:13Z,40,61,74,61.84,32.25,982.27 
03/10/2021T14:31:44Z,42,65,74,62.08,32.24,982.27 
03/10/2021T14:32:14Z,40,60,72,61.77,32.24,982.28 
03/10/2021T14:32:44Z,42,62,74,61.80,32.24,982.28 
03/10/2021T14:33:15Z,44,65,75,62.25,32.23,982.28 
03/10/2021T14:33:45Z,44,67,75,61.95,32.25,982.29 
03/10/2021T14:34:16Z,44,64,74,61.88,32.27,982.30 
03/10/2021T14:34:46Z,44,67,76,60.99,32.24,982.32 
03/10/2021T14:35:16Z,44,65,74,61.29,32.22,982.31 
03/10/2021T14:35:47Z,48,73,81,61.37,32.23,982.33 
03/10/2021T14:36:18Z,49,73,82,61.07,32.22,982.33 
03/10/2021T14:36:48Z,46,70,78,61.34,32.19,982.34 
03/10/2021T14:37:18Z,45,69,79,61.58,32.20,982.36 
03/10/2021T14:37:48Z,78,115,125,62.00,32.18,982.36 
03/10/2021T14:38:19Z,91,130,145,62.19,32.19,982.36 
03/10/2021T14:38:49Z,66,93,103,61.82,32.15,982.37 
03/10/2021T14:39:20Z,56,80,90,62.23,32.21,982.36 
03/10/2021T14:39:51Z,52,80,87,62.27,32.22,982.37 
03/10/2021T14:40:22Z,50,74,84,62.54,32.26,982.37 
03/10/2021T14:40:52Z,46,67,76,61.88,32.21,982.39 
03/10/2021T14:41:22Z,44,67,77,62.42,32.26,982.39 
03/10/2021T14:41:53Z,41,63,75,62.01,32.23,982.40 
03/10/2021T14:42:23Z,44,64,76,62.79,32.22,982.38 
03/10/2021T14:42:52Z,41,63,75,62.47,32.23,982.41 
03/10/2021T14:43:22Z,37,57,71,62.08,32.23,982.42 
03/10/2021T14:43:52Z,46,69,78,61.97,32.17,982.42 
03/10/2021T14:44:22Z,44,66,76,62.33,32.18,982.43 
03/10/2021T14:44:53Z,40,60,72,62.05,32.16,982.42 
03/10/2021T14:45:23Z,35,55,70,62.17,32.17,982.45 
03/10/2021T14:45:53Z,34,51,67,62.00,32.16,982.45 
03/10/2021T14:46:24Z,34,51,66,61.90,32.20,982.46 
03/10/2021T14:46:54Z,32,48,62,61.40,32.19,982.47 
03/10/2021T14:47:25Z,33,49,63,61.63,32.18,982.48 
03/10/2021T14:47:55Z,32,49,62,61.58,32.16,982.49 
03/10/2021T14:48:25Z,32,47,61,61.57,32.15,982.49 
03/10/2021T14:48:56Z,32,48,61,61.73,32.16,982.51 
03/10/2021T14:49:26Z,33,49,63,61.85,32.16,982.51 
03/10/2021T14:49:57Z,32,48,64,61.62,32.15,982.53 
03/10/2021T14:50:28Z,30,47,59,61.69,32.22,982.53 
03/10/2021T14:50:58Z,31,46,61,61.38,32.20,982.54 
03/10/2021T14:51:29Z,32,48,61,61.51,32.24,982.55 
03/10/2021T14:51:59Z,33,49,62,61.57,32.25,982.55 
03/10/2021T14:52:30Z,32,48,61,61.22,32.25,982.56 
03/10/2021T14:53:00Z,32,47,61,61.33,32.23,982.59 
03/10/2021T14:53:30Z,31,47,58,61.22,32.26,982.58 
03/10/2021T14:54:01Z,31,47,61,61.19,32.23,982.58 
03/10/2021T14:54:31Z,33,52,67,61.63,32.17,982.58 
03/10/2021T14:55:02Z,34,51,65,62.05,32.15,982.58 
03/10/2021T14:55:33Z,34,51,66,61.93,32.15,982.60 
03/10/2021T14:56:03Z,33,50,65,61.99,32.20,982.59 
03/10/2021T14:56:34Z,31,48,63,61.82,32.22,982.61 
03/10/2021T14:57:05Z,31,47,59,61.66,32.22,982.60 
03/10/2021T14:57:35Z,31,46,58,61.80,32.25,982.60 
03/10/2021T14:58:06Z,29,44,55,61.68,32.23,982.59 
03/10/2021T14:58:36Z,31,48,61,61.89,32.27,982.60 
03/10/2021T14:59:06Z,30,46,59,61.56,32.27,982.60 
03/10/2021T14:59:36Z,30,47,59,61.58,32.26,982.60 
03/10/2021T15:00:07Z,31,47,61,61.98,32.25,982.59 
03/10/2021T15:00:37Z,31,46,60,62.23,32.29,982.59 
03/10/2021T15:01:07Z,31,47,61,61.92,32.27,982.58 
03/10/2021T15:01:38Z,31,47,60,61.98,32.25,982.60 
03/10/2021T15:02:08Z,31,47,62,61.82,32.25,982.61 
03/10/2021T15:02:39Z,32,49,61,62.33,32.33,982.62 
03/10/2021T15:03:09Z,54,81,91,62.20,32.37,982.62 
03/10/2021T15:03:40Z,48,71,79,62.01,32.37,982.64 
03/10/2021T15:04:10Z,68,102,109,62.21,32.35,982.63 
03/10/2021T15:04:40Z,52,78,87,62.22,32.33,982.62 
03/10/2021T15:05:10Z,42,64,75,62.09,32.31,982.63 
03/10/2021T15:05:41Z,41,61,74,62.26,32.28,982.61 
03/10/2021T15:06:11Z,40,61,73,62.09,32.28,982.61 
03/10/2021T15:06:42Z,40,60,71,62.14,32.27,982.61 
03/10/2021T15:07:12Z,38,55,68,62.41,32.27,982.61 
03/10/2021T15:07:43Z,38,56,70,62.08,32.21,982.61 
03/10/2021T15:08:14Z,37,56,69,62.73,32.20,982.60 
03/10/2021T15:08:44Z,37,57,69,62.79,32.16,982.60 
03/10/2021T15:09:14Z,39,58,71,62.94,32.12,982.61 
03/10/2021T15:09:45Z,42,63,75,63.34,32.08,982.62 
03/10/2021T15:10:16Z,40,59,72,63.19,32.11,982.65 
03/10/2021T15:10:46Z,37,55,68,62.71,32.12,982.67 
03/10/2021T15:11:16Z,34,52,68,62.69,32.10,982.68 
03/10/2021T15:11:47Z,39,60,72,63.58,32.09,982.69 
03/10/2021T15:12:17Z,38,57,71,63.82,32.09,982.72 
03/10/2021T15:12:48Z,39,57,71,64.11,32.13,982.72 
03/10/2021T15:13:19Z,44,63,75,63.95,32.15,982.76 
03/10/2021T15:13:49Z,41,63,75,63.27,32.13,982.77 
03/10/2021T15:14:19Z,39,61,74,63.43,32.15,982.76 
03/10/2021T15:14:49Z,41,65,75,63.47,32.18,982.77 
03/10/2021T15:15:20Z,44,65,77,63.49,32.22,982.79 
03/10/2021T15:15:50Z,43,67,75,62.80,32.19,982.81 
03/10/2021T15:16:21Z,42,64,75,62.53,32.15,982.81 
03/10/2021T15:16:51Z,42,65,76,62.78,32.11,982.82 
03/10/2021T15:17:22Z,39,62,76,62.72,32.07,982.84 
03/10/2021T15:17:53Z,41,63,75,63.39,32.12,982.81 
03/10/2021T15:18:23Z,37,58,72,63.38,32.10,982.83 
03/10/2021T15:18:54Z,37,56,71,63.27,32.06,982.83 
03/10/2021T15:19:25Z,38,58,71,63.74,32.06,982.83 
03/10/2021T15:19:55Z,40,60,72,63.57,32.04,982.82 
03/10/2021T15:20:26Z,40,60,72,63.71,32.05,982.84 
03/10/2021T15:20:56Z,38,59,71,63.43,32.02,982.85 
03/10/2021T15:21:26Z,38,57,70,63.59,32.04,982.84 
03/10/2021T15:21:56Z,37,55,69,63.39,32.07,982.85 
03/10/2021T15:22:27Z,35,54,70,63.11,32.07,982.85 
03/10/2021T15:22:57Z,34,52,67,62.85,32.07,982.85 
03/10/2021T15:23:27Z,35,55,70,63.04,32.06,982.84 
03/10/2021T15:23:58Z,35,52,66,63.35,32.07,982.84 
03/10/2021T15:24:28Z,36,53,68,63.33,32.15,982.81 
03/10/2021T15:24:58Z,46,69,80,63.25,32.13,982.82 
03/10/2021T15:25:29Z,66,97,107,63.48,32.14,982.81 
03/10/2021T15:25:59Z,67,99,107,63.39,32.14,982.80 
03/10/2021T15:26:29Z,60,88,94,64.01,32.15,982.80 
03/10/2021T15:27:00Z,54,83,95,63.82,32.16,982.80 
03/10/2021T15:27:30Z,52,77,86,63.65,32.18,982.81 
03/10/2021T15:28:01Z,48,71,79,63.28,32.26,982.81 
03/10/2021T15:28:32Z,44,68,76,63.07,32.24,982.83 
03/10/2021T15:29:03Z,43,64,74,63.10,32.19,982.84 
03/10/2021T15:29:34Z,42,63,74,63.42,32.17,982.85 
03/10/2021T15:30:04Z,40,60,72,63.25,32.17,982.86 
03/10/2021T15:30:35Z,40,59,71,63.23,32.21,982.87 
03/10/2021T15:31:06Z,39,57,69,62.90,32.19,982.90 
03/10/2021T15:31:37Z,40,57,70,63.28,32.24,982.89 
03/10/2021T15:32:07Z,39,59,72,63.34,32.29,982.91 
03/10/2021T15:32:38Z,38,56,71,63.38,32.29,982.94 
03/10/2021T15:33:08Z,38,55,71,63.65,32.35,982.93 
03/10/2021T15:33:39Z,40,55,70,63.66,32.37,982.93 
03/10/2021T15:34:10Z,38,57,71,63.15,32.32,982.94 
03/10/2021T15:34:40Z,36,54,69,63.11,32.23,982.96 
03/10/2021T15:35:11Z,37,55,67,63.27,32.21,982.96 
03/10/2021T15:35:42Z,36,56,69,62.64,32.11,983.00 
03/10/2021T15:36:12Z,34,52,68,63.09,32.04,982.99 
03/10/2021T15:36:42Z,35,52,65,63.11,31.96,983.01 
03/10/2021T15:37:13Z,36,55,70,63.75,31.91,983.01 
03/10/2021T15:37:43Z,35,54,70,64.11,31.90,983.02 
03/10/2021T15:38:13Z,34,52,67,63.47,31.88,983.03 
03/10/2021T15:38:44Z,34,50,64,63.77,31.89,983.03 
03/10/2021T15:39:14Z,35,52,66,64.59,31.94,983.01 
03/10/2021T15:39:45Z,34,51,67,64.59,32.01,983.00 
03/10/2021T15:40:15Z,33,51,65,64.42,32.06,983.00 
03/10/2021T15:40:46Z,35,53,66,64.36,32.05,983.00 
03/10/2021T15:41:16Z,34,51,65,64.57,32.08,983.00 
03/10/2021T15:41:47Z,34,51,66,64.62,32.09,982.99 
03/10/2021T15:42:17Z,34,50,65,64.73,32.15,983.00 
03/10/2021T15:42:48Z,35,52,66,64.99,32.28,982.99 
03/10/2021T15:43:18Z,38,56,69,63.47,32.27,983.00 
03/10/2021T15:43:49Z,37,54,69,64.21,32.22,983.00 
03/10/2021T15:44:19Z,34,55,70,64.90,32.26,983.00 
03/10/2021T15:44:49Z,35,53,67,64.61,32.25,983.02 
03/10/2021T15:45:19Z,38,56,69,64.66,32.19,983.02 
03/10/2021T15:45:49Z,37,55,69,65.13,32.24,983.01 
03/10/2021T15:46:20Z,40,61,73,65.02,32.30,983.01 
03/10/2021T15:46:50Z,49,75,85,64.23,32.35,983.03 
03/10/2021T15:47:20Z,41,63,73,64.28,32.39,983.04 
03/10/2021T15:47:50Z,44,67,78,64.07,32.37,983.04 
03/10/2021T15:48:21Z,40,60,72,64.81,32.41,983.02 
03/10/2021T15:48:51Z,41,60,72,64.86,32.45,983.02 
03/10/2021T15:49:21Z,39,58,72,64.92,32.48,983.02 
03/10/2021T15:49:52Z,38,56,70,64.62,32.47,983.01 
03/10/2021T15:50:22Z,44,64,76,64.40,32.43,983.02 
03/10/2021T15:50:53Z,42,60,72,64.70,32.41,983.00 
03/10/2021T15:51:23Z,40,60,72,64.83,32.38,983.01 
03/10/2021T15:51:53Z,40,62,75,64.96,32.42,983.00 
03/10/2021T15:52:24Z,40,63,75,64.49,32.44,983.02 
03/10/2021T15:52:54Z,39,58,71,63.60,32.39,983.02 
03/10/2021T15:53:25Z,38,56,70,63.95,32.31,983.03 
03/10/2021T15:53:55Z,45,67,77,64.29,32.30,983.03 
03/10/2021T15:54:25Z,43,63,75,64.03,32.32,983.05 
03/10/2021T15:54:55Z,39,57,71,63.82,32.22,983.05 
03/10/2021T15:55:26Z,37,55,68,64.45,32.24,983.03 
03/10/2021T15:55:56Z,36,52,67,63.97,32.21,983.06 
03/10/2021T15:56:27Z,36,52,67,64.34,32.19,983.06 
03/10/2021T15:56:57Z,34,53,69,64.03,32.18,983.06 
03/10/2021T15:57:27Z,34,51,64,63.87,32.12,983.07 
03/10/2021T15:57:58Z,33,51,65,64.49,32.04,983.05 
03/10/2021T15:58:28Z,35,52,67,64.21,31.99,983.08 
03/10/2021T15:58:59Z,34,50,62,64.46,31.91,983.07 
03/10/2021T15:59:29Z,34,51,64,64.78,31.98,983.05 
03/10/2021T16:00:00Z,34,52,66,64.29,31.95,983.06 
03/10/2021T16:00:30Z,33,50,64,64.43,31.88,983.07 
03/10/2021T16:01:01Z,34,51,68,64.98,31.91,983.07 
03/10/2021T16:01:32Z,35,53,68,63.98,31.93,983.08 
03/10/2021T16:02:02Z,35,51,65,63.96,31.87,983.08 
03/10/2021T16:02:32Z,34,51,65,64.75,31.85,983.07 
03/10/2021T16:03:03Z,34,51,64,65.06,31.88,983.07 
03/10/2021T16:03:34Z,34,51,66,64.53,31.94,983.08 
03/10/2021T16:04:04Z,33,50,63,63.94,31.89,983.08 
03/10/2021T16:04:34Z,33,50,64,64.01,31.84,983.07 
03/10/2021T16:05:05Z,33,50,64,64.36,31.85,983.07 
03/10/2021T16:05:35Z,33,50,65,64.25,31.93,983.07 
03/10/2021T16:06:06Z,32,49,63,63.96,31.93,983.08 
03/10/2021T16:06:37Z,33,49,64,64.03,31.95,983.07 
03/10/2021T16:07:07Z,38,56,70,63.86,31.92,983.08 
03/10/2021T16:07:38Z,35,54,68,63.63,31.90,983.08 
03/10/2021T16:08:08Z,33,50,67,63.99,31.85,983.07 
03/10/2021T16:08:38Z,35,52,69,63.65,31.88,983.06 
03/10/2021T16:09:09Z,36,54,70,63.70,31.85,983.07 
03/10/2021T16:09:39Z,38,56,70,63.73,31.81,983.08 
03/10/2021T16:10:10Z,34,51,64,63.39,31.82,983.06 
03/10/2021T16:10:40Z,45,66,76,64.04,31.77,983.05 
03/10/2021T16:11:11Z,47,69,77,64.18,31.82,983.05 
03/10/2021T16:11:41Z,47,68,75,64.01,31.86,983.05 
03/10/2021T16:12:12Z,43,64,74,63.56,31.90,983.04 
03/10/2021T16:12:42Z,43,66,76,63.35,31.87,983.07 
03/10/2021T16:13:13Z,44,66,75,63.78,31.86,983.05 
03/10/2021T16:13:44Z,48,70,77,64.02,31.89,983.05 
03/10/2021T16:14:14Z,54,81,90,64.06,31.96,983.05 
03/10/2021T16:14:44Z,55,81,89,63.68,31.89,983.08 
03/10/2021T16:15:15Z,48,71,79,63.54,31.82,983.09 
03/10/2021T16:15:45Z,56,84,89,64.31,31.81,983.09 
03/10/2021T16:16:16Z,50,76,81,64.04,31.83,983.09 
03/10/2021T16:16:47Z,45,68,76,63.99,31.86,983.11 
03/10/2021T16:17:18Z,46,73,83,63.96,31.89,983.10 
03/10/2021T16:17:48Z,44,65,75,63.67,31.93,983.11 
03/10/2021T16:18:19Z,49,70,77,64.19,31.81,983.10 
