03/11/2021T03:00:43Z,163,282,317,62.27,22.96,994.05 
03/11/2021T03:01:13Z,185,324,373,62.36,22.89,994.14 
03/11/2021T03:01:44Z,179,302,343,62.72,22.91,994.13 
03/11/2021T03:02:13Z,192,323,362,62.18,22.92,994.20 
03/11/2021T03:02:43Z,190,326,373,62.49,23.05,994.14 
03/11/2021T03:03:14Z,190,329,366,61.75,23.13,994.22 
03/11/2021T03:03:45Z,191,333,392,61.82,23.19,994.21 
03/11/2021T03:04:15Z,191,378,514,61.61,23.22,994.25 
03/11/2021T03:04:46Z,189,368,473,61.55,23.27,994.25 
03/11/2021T03:05:16Z,185,376,493,61.26,23.34,994.30 
03/11/2021T03:05:47Z,186,343,426,60.41,23.32,994.43 
03/11/2021T03:06:17Z,186,370,506,61.11,23.42,994.30 
03/11/2021T03:06:48Z,189,361,461,60.20,23.47,994.44 
03/11/2021T03:07:19Z,192,337,399,59.77,23.45,994.52 
03/11/2021T03:07:49Z,184,363,495,60.62,23.59,994.35 
03/11/2021T03:08:20Z,185,352,438,59.36,23.65,994.58 
03/11/2021T03:08:50Z,185,324,376,58.79,23.58,994.69 
03/11/2021T03:09:20Z,182,321,375,59.48,23.59,994.52 
03/11/2021T03:09:51Z,179,313,368,58.90,23.66,994.64 
03/11/2021T03:10:22Z,178,322,393,59.05,23.72,994.61 
03/11/2021T03:10:52Z,180,314,364,58.48,23.75,994.73 
03/11/2021T03:11:22Z,176,320,383,58.85,23.84,994.62 
03/11/2021T03:11:53Z,182,313,359,58.24,23.90,994.75 
03/11/2021T03:12:23Z,179,312,360,58.47,24.01,994.67 
03/11/2021T03:12:54Z,176,312,364,57.95,24.03,994.78 
03/11/2021T03:13:24Z,175,297,338,57.96,23.99,994.77 
03/11/2021T03:13:55Z,175,304,349,57.95,24.07,994.75 
03/11/2021T03:14:25Z,173,294,334,58.02,24.13,994.72 
03/11/2021T03:14:56Z,174,308,376,57.50,24.24,994.84 
03/11/2021T03:15:27Z,179,343,440,57.38,24.23,994.88 
03/11/2021T03:15:57Z,180,319,377,57.20,24.12,994.93 
03/11/2021T03:16:28Z,177,321,382,57.96,24.16,994.70 
03/11/2021T03:16:58Z,180,317,373,57.53,24.13,994.84 
03/11/2021T03:17:28Z,177,302,348,57.47,23.98,994.88 
03/11/2021T03:17:59Z,175,303,348,58.47,24.06,994.58 
03/11/2021T03:18:29Z,171,307,372,57.91,24.13,994.73 
03/11/2021T03:18:59Z,175,310,370,58.09,24.25,994.66 
03/11/2021T03:19:30Z,175,306,353,57.32,24.32,994.86 
03/11/2021T03:20:00Z,173,301,349,57.12,24.32,994.92 
03/11/2021T03:20:30Z,173,308,359,57.34,24.23,994.89 
03/11/2021T03:21:00Z,174,308,360,57.74,24.27,994.75 
03/11/2021T03:21:31Z,183,312,361,57.31,24.19,994.93 
03/11/2021T03:22:01Z,189,323,369,57.86,24.10,994.79 
03/11/2021T03:22:32Z,186,320,360,58.07,24.04,994.76 
03/11/2021T03:23:02Z,178,306,344,58.48,24.09,994.63 
03/11/2021T03:23:33Z,175,309,347,57.67,24.25,994.81 
03/11/2021T03:24:03Z,174,302,341,57.34,24.17,994.96 
03/11/2021T03:24:33Z,176,298,337,57.74,24.23,994.84 
03/11/2021T03:25:04Z,176,300,335,57.73,24.31,994.80 
03/11/2021T03:25:34Z,173,300,343,57.51,24.40,994.86 
03/11/2021T03:26:04Z,176,305,350,57.35,24.50,994.88 
03/11/2021T03:26:34Z,176,299,339,56.58,24.38,995.11 
03/11/2021T03:27:04Z,171,294,335,57.06,24.21,995.01 
03/11/2021T03:27:34Z,170,292,334,57.50,24.21,994.88 
03/11/2021T03:28:05Z,175,301,343,57.34,24.31,994.88 
03/11/2021T03:28:35Z,181,313,358,57.53,24.23,994.87 
03/11/2021T03:29:05Z,177,303,339,57.72,24.34,994.75 
03/11/2021T03:29:35Z,172,294,333,57.11,24.35,994.95 
03/11/2021T03:30:05Z,173,295,330,56.87,24.22,995.07 
03/11/2021T03:30:35Z,171,289,331,57.87,24.24,994.75 
03/11/2021T03:31:05Z,171,292,329,57.65,24.39,994.75 
03/11/2021T03:31:36Z,170,295,331,57.16,24.51,994.88 
03/11/2021T03:32:07Z,173,296,338,56.64,24.48,995.05 
03/11/2021T03:32:37Z,173,302,335,56.88,24.49,995.00 
03/11/2021T03:33:07Z,168,284,309,56.84,24.62,994.96 
03/11/2021T03:33:38Z,174,297,328,56.61,24.69,995.02 
03/11/2021T03:34:08Z,172,288,324,56.28,24.69,995.11 
03/11/2021T03:34:39Z,169,286,330,56.36,24.75,995.08 
03/11/2021T03:35:09Z,168,290,333,55.96,24.81,995.20 
03/11/2021T03:35:40Z,172,287,318,55.66,24.80,995.28 
03/11/2021T03:36:10Z,167,280,319,55.62,24.81,995.30 
03/11/2021T03:36:40Z,166,279,312,54.49,24.63,995.68 
03/11/2021T03:37:11Z,166,284,321,56.13,24.61,995.16 
03/11/2021T03:37:41Z,167,281,313,55.95,24.68,995.17 
03/11/2021T03:38:11Z,167,275,301,55.57,24.77,995.28 
03/11/2021T03:38:41Z,168,288,325,55.27,24.80,995.36 
03/11/2021T03:39:12Z,164,279,321,54.82,24.69,995.53 
03/11/2021T03:39:42Z,167,283,318,55.08,24.76,995.39 
03/11/2021T03:40:12Z,167,282,318,55.01,24.80,995.43 
03/11/2021T03:40:42Z,164,273,303,54.79,24.79,995.51 
03/11/2021T03:41:13Z,165,273,306,54.98,24.83,995.43 
03/11/2021T03:41:43Z,165,275,319,54.99,24.86,995.41 
03/11/2021T03:42:13Z,165,279,320,54.91,24.90,995.45 
03/11/2021T03:42:43Z,166,281,320,54.76,24.92,995.48 
03/11/2021T03:43:14Z,163,277,313,54.86,24.93,995.45 
03/11/2021T03:43:44Z,162,272,311,55.10,24.94,995.37 
03/11/2021T03:44:15Z,168,284,318,55.16,24.97,995.35 
03/11/2021T03:44:45Z,166,278,311,54.96,24.99,995.42 
03/11/2021T03:45:15Z,172,290,326,55.09,24.95,995.40 
03/11/2021T03:45:45Z,171,284,317,55.21,24.95,995.35 
03/11/2021T03:46:16Z,163,281,315,55.04,24.86,995.43 
03/11/2021T03:46:46Z,164,276,307,55.40,24.89,995.29 
03/11/2021T03:47:16Z,166,281,314,55.16,24.88,995.36 
03/11/2021T03:47:46Z,164,283,317,55.37,24.88,995.31 
03/11/2021T03:48:17Z,163,277,310,55.34,24.90,995.33 
03/11/2021T03:48:47Z,166,280,318,55.36,24.93,995.30 
03/11/2021T03:49:18Z,161,275,305,55.46,24.97,995.27 
03/11/2021T03:49:48Z,164,273,301,55.52,25.01,995.25 
03/11/2021T03:50:19Z,166,280,308,55.50,25.07,995.24 
03/11/2021T03:50:49Z,165,276,312,55.44,25.15,995.24 
03/11/2021T03:51:20Z,170,285,319,55.16,25.16,995.34 
03/11/2021T03:51:50Z,167,284,315,55.17,25.13,995.34 
03/11/2021T03:52:20Z,167,285,319,55.34,25.10,995.30 
03/11/2021T03:52:51Z,167,279,312,55.44,25.10,995.27 
03/11/2021T03:53:21Z,169,281,313,55.51,25.07,995.26 
03/11/2021T03:53:51Z,169,276,304,55.58,25.06,995.24 
03/11/2021T03:54:22Z,166,284,318,55.73,25.08,995.18 
03/11/2021T03:54:52Z,167,282,316,55.72,25.08,995.19 
03/11/2021T03:55:23Z,169,287,315,55.70,25.12,995.18 
03/11/2021T03:55:53Z,168,283,323,55.52,25.11,995.24 
03/11/2021T03:56:24Z,169,285,319,55.96,24.91,995.14 
03/11/2021T03:56:54Z,168,281,319,56.45,24.90,994.99 
03/11/2021T03:57:24Z,168,286,321,56.28,24.96,995.03 
03/11/2021T03:57:54Z,169,287,323,56.27,25.00,995.04 
03/11/2021T03:58:25Z,167,283,320,56.51,25.02,994.97 
03/11/2021T03:58:55Z,174,294,327,56.84,24.94,994.86 
03/11/2021T03:59:25Z,173,296,325,56.82,24.94,994.90 
03/11/2021T03:59:55Z,169,288,324,56.62,25.00,994.97 
03/11/2021T04:00:26Z,169,293,330,56.65,25.04,994.95 
03/11/2021T04:00:57Z,176,301,335,56.80,25.00,994.90 
03/11/2021T04:01:27Z,170,286,323,57.17,24.98,994.81 
03/11/2021T04:01:57Z,165,282,321,57.22,25.03,994.79 
03/11/2021T04:02:28Z,169,287,325,56.76,25.08,994.94 
03/11/2021T04:02:58Z,170,284,315,57.11,25.10,994.83 
03/11/2021T04:03:28Z,170,291,328,57.25,25.09,994.77 
03/11/2021T04:03:59Z,171,297,328,57.18,25.12,994.81 
03/11/2021T04:04:29Z,169,288,328,57.23,25.18,994.79 
03/11/2021T04:05:00Z,175,302,346,57.13,25.16,994.83 
03/11/2021T04:05:30Z,177,301,341,57.08,25.11,994.87 
03/11/2021T04:06:00Z,177,297,333,56.97,25.10,994.91 
03/11/2021T04:06:31Z,175,301,341,56.99,25.07,994.93 
03/11/2021T04:07:02Z,174,296,336,57.22,25.10,994.84 
03/11/2021T04:07:32Z,170,293,331,56.91,25.08,994.94 
03/11/2021T04:08:03Z,171,289,326,56.74,25.09,995.00 
03/11/2021T04:08:33Z,168,279,321,56.68,25.14,995.01 
03/11/2021T04:09:03Z,165,282,315,55.81,25.09,995.29 
03/11/2021T04:09:33Z,165,281,319,56.33,25.10,995.12 
03/11/2021T04:10:04Z,175,291,325,56.33,25.08,995.12 
03/11/2021T04:10:34Z,177,292,324,56.37,25.15,995.10 
03/11/2021T04:11:04Z,184,299,334,55.95,25.15,995.22 
03/11/2021T04:11:34Z,174,292,332,56.39,25.05,995.13 
03/11/2021T04:12:04Z,171,288,320,56.47,25.13,995.08 
03/11/2021T04:12:35Z,173,287,320,56.14,25.22,995.16 
03/11/2021T04:13:05Z,172,289,316,55.86,25.26,995.24 
03/11/2021T04:13:36Z,168,285,313,55.83,25.28,995.25 
03/11/2021T04:14:06Z,166,278,313,54.88,25.17,995.55 
03/11/2021T04:14:37Z,163,277,313,55.52,24.98,995.41 
03/11/2021T04:15:07Z,164,275,304,55.77,24.98,995.29 
03/11/2021T04:15:37Z,162,272,307,55.56,24.84,995.40 
03/11/2021T04:16:07Z,162,270,305,56.22,24.94,995.16 
03/11/2021T04:16:38Z,164,280,312,55.80,25.04,995.25 
03/11/2021T04:17:08Z,178,299,333,54.81,24.90,995.60 
03/11/2021T04:17:38Z,175,282,318,55.82,24.97,995.25 
03/11/2021T04:18:09Z,166,282,308,55.28,25.05,995.42 
03/11/2021T04:18:39Z,168,279,312,54.87,25.03,995.55 
03/11/2021T04:19:10Z,166,278,314,55.05,25.04,995.48 
03/11/2021T04:19:40Z,165,282,318,55.36,25.05,995.37 
03/11/2021T04:20:10Z,168,276,305,55.41,25.14,995.32 
03/11/2021T04:20:40Z,164,280,309,55.87,25.12,995.18 
03/11/2021T04:21:10Z,166,278,310,56.02,25.19,995.10 
03/11/2021T04:21:40Z,170,287,317,56.25,25.21,995.03 
03/11/2021T04:22:10Z,172,284,311,56.58,25.18,994.94 
03/11/2021T04:22:41Z,167,281,312,56.23,25.22,995.05 
03/11/2021T04:23:11Z,166,279,309,56.08,25.24,995.11 
03/11/2021T04:23:42Z,166,279,313,56.47,25.24,994.98 
03/11/2021T04:24:12Z,168,285,322,56.70,25.27,994.89 
03/11/2021T04:24:43Z,174,290,325,56.83,25.27,994.86 
03/11/2021T04:25:13Z,175,292,332,56.56,25.26,994.94 
03/11/2021T04:25:43Z,170,291,326,56.69,25.26,994.93 
03/11/2021T04:26:14Z,174,289,323,56.61,25.29,994.94 
03/11/2021T04:26:44Z,175,301,335,56.65,25.29,994.94 
03/11/2021T04:27:14Z,173,291,322,56.36,25.27,995.03 
03/11/2021T04:27:44Z,168,284,319,56.06,25.24,995.14 
03/11/2021T04:28:15Z,179,294,322,55.70,25.13,995.30 
03/11/2021T04:28:45Z,172,292,322,55.92,25.13,995.22 
03/11/2021T04:29:15Z,169,293,328,56.18,25.16,995.14 
03/11/2021T04:29:45Z,174,289,323,56.40,25.22,995.03 
03/11/2021T04:30:16Z,177,299,335,56.50,25.18,995.01 
03/11/2021T04:30:46Z,251,437,488,56.67,25.24,994.92 
03/11/2021T04:31:16Z,275,614,727,55.21,25.21,995.41 
03/11/2021T04:31:47Z,263,498,560,55.88,25.28,995.18 
03/11/2021T04:32:17Z,243,440,493,55.23,25.32,995.38 
03/11/2021T04:32:47Z,208,370,422,54.91,25.27,995.49 
03/11/2021T04:33:18Z,222,407,457,55.12,25.31,995.41 
03/11/2021T04:33:48Z,214,380,435,55.12,25.32,995.42 
03/11/2021T04:34:18Z,253,598,742,55.60,25.38,995.23 
03/11/2021T04:34:48Z,243,493,573,55.34,25.45,995.27 
03/11/2021T04:35:19Z,260,580,698,54.92,25.48,995.41 
03/11/2021T04:35:50Z,257,618,769,54.91,25.47,995.43 
03/11/2021T04:36:20Z,240,519,636,55.20,25.42,995.32 
03/11/2021T04:36:50Z,260,700,898,55.81,25.39,995.10 
03/11/2021T04:37:21Z,266,744,973,55.39,25.46,995.22 
03/11/2021T04:37:51Z,262,797,1049,55.17,25.48,995.30 
03/11/2021T04:38:22Z,269,825,1101,55.42,25.51,995.20 
03/11/2021T04:38:52Z,268,685,896,55.16,25.57,995.27 
03/11/2021T04:39:22Z,270,762,1007,54.99,25.57,995.34 
03/11/2021T04:39:52Z,259,709,926,55.17,25.57,995.29 
03/11/2021T04:40:22Z,266,808,1049,55.54,25.55,995.17 
03/11/2021T04:40:52Z,237,525,645,55.98,25.47,995.04 
03/11/2021T04:41:23Z,262,690,873,55.83,25.47,995.08 
03/11/2021T04:41:53Z,259,863,1179,55.80,25.53,995.09 
03/11/2021T04:42:23Z,246,1066,1531,55.73,25.60,995.10 
03/11/2021T04:42:54Z,264,884,1214,55.58,25.62,995.15 
03/11/2021T04:43:24Z,249,595,746,55.23,25.63,995.27 
03/11/2021T04:43:55Z,254,703,910,55.45,25.58,995.23 
03/11/2021T04:44:25Z,259,749,1004,55.79,25.58,995.13 
03/11/2021T04:44:55Z,265,802,1080,55.89,25.58,995.08 
03/11/2021T04:45:25Z,259,993,1390,56.07,25.55,995.03 
03/11/2021T04:45:55Z,268,928,1282,56.36,25.57,994.93 
03/11/2021T04:46:26Z,261,805,1079,56.48,25.53,994.91 
03/11/2021T04:46:57Z,256,817,1115,56.39,25.53,994.94 
03/11/2021T04:47:27Z,253,741,996,56.66,25.49,994.86 
03/11/2021T04:47:58Z,271,875,1176,56.40,25.54,994.93 
03/11/2021T04:48:28Z,265,819,1106,56.36,25.58,994.94 
03/11/2021T04:48:59Z,266,1043,1489,55.73,25.62,995.13 
03/11/2021T04:49:30Z,259,880,1191,53.90,25.59,995.74 
03/11/2021T04:50:00Z,243,739,1009,53.88,25.59,995.77 
03/11/2021T04:50:30Z,255,1067,1523,54.45,25.64,995.53 
03/11/2021T04:51:01Z,256,1101,1566,54.39,25.70,995.53 
03/11/2021T04:51:31Z,233,1251,172,54.53,25.74,995.46 
03/11/2021T04:52:02Z,245,1073,1548,54.20,25.72,995.59 
03/11/2021T04:52:32Z,251,1127,1625,54.26,25.70,995.57 
03/11/2021T04:53:03Z,250,1106,1567,54.42,25.72,995.51 
03/11/2021T04:53:33Z,251,1185,1687,54.60,25.75,995.44 
03/11/2021T04:54:04Z,216,1429,516,54.83,25.80,995.32 
03/11/2021T04:54:34Z,256,1087,1530,54.83,25.79,995.32 
03/11/2021T04:55:04Z,266,879,1191,54.83,25.76,995.33 
03/11/2021T04:55:35Z,255,1096,1568,55.18,25.73,995.21 
03/11/2021T04:56:06Z,267,797,1052,55.24,25.72,995.18 
03/11/2021T04:56:36Z,279,892,1178,55.31,25.74,995.15 
03/11/2021T04:57:07Z,276,932,1276,55.43,25.77,995.09 
03/11/2021T04:57:37Z,263,998,1365,54.77,25.78,995.31 
03/11/2021T04:58:08Z,275,877,1187,54.52,25.75,995.42 
03/11/2021T04:58:39Z,269,810,1048,54.91,25.76,995.30 
03/11/2021T04:59:09Z,269,1050,1466,54.84,25.80,995.29 
03/11/2021T04:59:39Z,244,1126,1601,54.99,25.82,995.25 
03/11/2021T05:00:09Z,241,753,999,56.07,25.70,994.88 
03/11/2021T05:00:40Z,263,849,1131,56.64,25.64,994.70 
03/11/2021T05:01:10Z,262,1112,1543,56.87,25.72,994.66 
03/11/2021T05:01:41Z,257,1147,1646,57.04,25.76,994.60 
03/11/2021T05:02:11Z,257,1154,1618,57.05,25.76,994.61 
03/11/2021T05:02:42Z,226,1382,393,56.86,25.78,994.67 
03/11/2021T05:03:12Z,249,1285,129,56.80,25.82,994.70 
03/11/2021T05:03:43Z,244,1277,108,56.60,25.87,994.75 
03/11/2021T05:04:14Z,260,1139,1597,56.63,25.86,994.75 
03/11/2021T05:04:44Z,276,935,1233,57.04,25.87,994.65 
03/11/2021T05:05:14Z,253,1229,95,57.21,25.88,994.60 
03/11/2021T05:05:44Z,217,1460,583,57.13,25.91,994.60 
03/11/2021T05:06:15Z,256,1085,1535,57.52,25.90,994.51 
03/11/2021T05:06:45Z,224,1438,511,57.32,25.90,994.59 
03/11/2021T05:07:15Z,214,1483,587,57.08,25.89,994.68 
03/11/2021T05:07:45Z,219,1357,358,57.27,25.86,994.63 
03/11/2021T05:08:16Z,264,1238,55,57.33,25.84,994.61 
03/11/2021T05:08:46Z,266,1128,1542,57.21,25.88,994.64 
03/11/2021T05:09:16Z,273,986,1322,57.11,25.88,994.67 
03/11/2021T05:09:46Z,264,1093,1507,57.07,25.89,994.68 
03/11/2021T05:10:16Z,267,831,1099,57.40,25.80,994.58 
03/11/2021T05:10:47Z,224,1472,528,57.45,25.83,994.57 
03/11/2021T05:11:17Z,281,884,1142,57.09,25.85,994.67 
03/11/2021T05:11:48Z,282,826,1069,56.75,25.85,994.75 
03/11/2021T05:12:18Z,286,1014,1340,56.78,25.89,994.75 
03/11/2021T05:12:48Z,279,1037,1376,57.17,25.92,994.62 
03/11/2021T05:13:19Z,283,1035,1351,57.43,25.96,994.53 
03/11/2021T05:13:49Z,282,808,1036,57.16,25.98,994.61 
03/11/2021T05:14:19Z,281,745,945,57.26,25.99,994.56 
03/11/2021T05:14:49Z,283,762,940,57.30,26.01,994.53 
03/11/2021T05:15:20Z,282,703,862,57.17,26.04,994.57 
03/11/2021T05:15:50Z,282,762,982,57.45,26.06,994.48 
03/11/2021T05:16:20Z,279,712,900,57.12,26.08,994.56 
03/11/2021T05:16:51Z,275,661,806,57.05,26.12,994.57 
03/11/2021T05:17:22Z,267,591,704,56.45,26.14,994.74 
03/11/2021T05:17:52Z,266,579,699,56.12,26.14,994.82 
03/11/2021T05:18:23Z,256,566,676,56.08,26.10,994.83 
03/11/2021T05:18:53Z,274,632,773,56.51,26.14,994.65 
03/11/2021T05:19:24Z,245,528,615,55.94,26.13,994.84 
03/11/2021T05:19:54Z,256,569,680,56.13,26.17,994.77 
03/11/2021T05:20:24Z,247,536,643,55.98,26.20,994.80 
03/11/2021T05:20:55Z,234,474,561,56.10,26.18,994.77 
03/11/2021T05:21:25Z,242,513,606,56.34,26.20,994.66 
03/11/2021T05:21:56Z,247,513,605,56.55,26.25,994.56 
03/11/2021T05:22:26Z,245,517,612,56.68,26.28,994.52 
03/11/2021T05:22:57Z,230,462,552,56.37,26.30,994.62 
03/11/2021T05:23:28Z,224,444,514,56.05,26.30,994.72 
03/11/2021T05:23:59Z,230,461,539,55.97,26.29,994.74 
03/11/2021T05:24:29Z,231,475,573,55.94,26.29,994.74 
03/11/2021T05:24:59Z,227,452,531,55.68,26.27,994.82 
03/11/2021T05:25:30Z,223,436,514,55.76,26.25,994.79 
03/11/2021T05:26:00Z,223,437,511,55.76,26.25,994.78 
03/11/2021T05:26:31Z,220,424,493,55.87,26.25,994.73 
03/11/2021T05:27:02Z,215,414,468,55.98,26.26,994.67 
03/11/2021T05:27:32Z,213,413,472,56.10,26.27,994.62 
03/11/2021T05:28:03Z,223,432,502,56.16,26.27,994.59 
03/11/2021T05:28:33Z,220,433,503,56.37,26.27,994.53 
03/11/2021T05:29:04Z,214,411,479,56.53,26.27,994.46 
03/11/2021T05:29:35Z,213,404,477,56.79,26.29,994.37 
03/11/2021T05:30:06Z,220,422,493,56.75,26.28,994.39 
03/11/2021T05:30:36Z,233,467,550,56.73,26.28,994.40 
03/11/2021T05:31:07Z,234,473,557,57.12,26.27,994.24 
03/11/2021T05:31:37Z,230,458,536,57.24,26.29,994.20 
03/11/2021T05:32:08Z,221,422,492,57.39,26.30,994.15 
03/11/2021T05:32:39Z,220,420,494,57.44,26.30,994.16 
03/11/2021T05:33:09Z,226,442,521,57.62,26.28,994.12 
03/11/2021T05:33:40Z,230,440,513,57.49,26.28,994.18 
03/11/2021T05:34:10Z,234,459,535,57.68,26.27,994.13 
03/11/2021T05:34:41Z,224,430,499,57.81,26.28,994.08 
03/11/2021T05:35:11Z,222,419,483,58.17,26.29,994.00 
03/11/2021T05:35:42Z,218,405,470,58.29,26.37,993.98 
03/11/2021T05:36:13Z,221,412,482,57.71,26.45,994.14 
03/11/2021T05:36:43Z,222,413,482,56.94,26.47,994.34 
03/11/2021T05:37:14Z,217,408,464,57.15,26.49,994.28 
03/11/2021T05:37:45Z,218,410,470,56.99,26.52,994.30 
03/11/2021T05:38:16Z,214,407,469,56.98,26.52,994.29 
03/11/2021T05:38:46Z,206,390,444,56.58,26.51,994.40 
03/11/2021T05:39:16Z,203,374,437,56.47,26.51,994.43 
03/11/2021T05:39:47Z,200,360,416,56.47,26.52,994.41 
03/11/2021T05:40:17Z,195,348,397,56.69,26.51,994.34 
03/11/2021T05:40:48Z,190,339,385,57.03,26.55,994.20 
03/11/2021T05:41:19Z,195,341,397,56.65,26.56,994.30 
03/11/2021T05:41:49Z,193,337,391,56.46,26.55,994.35 
03/11/2021T05:42:20Z,192,344,394,56.33,26.53,994.39 
03/11/2021T05:42:51Z,190,339,392,56.48,26.51,994.33 
03/11/2021T05:43:21Z,194,347,404,56.84,26.50,994.20 
03/11/2021T05:43:52Z,191,345,397,56.72,26.51,994.23 
03/11/2021T05:44:22Z,193,350,405,57.03,26.51,994.13 
03/11/2021T05:44:53Z,189,346,405,57.14,26.52,994.07 
03/11/2021T05:45:23Z,193,345,403,57.02,26.52,994.12 
03/11/2021T05:45:54Z,192,341,398,57.31,26.52,994.02 
03/11/2021T05:46:25Z,190,343,393,57.50,26.51,993.96 
03/11/2021T05:46:56Z,189,335,380,57.43,26.52,993.98 
03/11/2021T05:47:26Z,188,336,382,56.84,26.52,994.16 
03/11/2021T05:47:57Z,183,325,371,56.52,26.53,994.24 
03/11/2021T05:48:27Z,192,339,382,55.98,26.53,994.41 
03/11/2021T05:48:58Z,198,345,392,55.64,26.51,994.50 
03/11/2021T05:49:28Z,203,350,396,56.21,26.51,994.30 
03/11/2021T05:49:59Z,205,361,409,56.12,26.54,994.29 
03/11/2021T05:50:30Z,207,363,405,56.12,26.57,994.27 
03/11/2021T05:51:00Z,207,370,419,56.02,26.59,994.31 
03/11/2021T05:51:30Z,199,354,402,56.19,26.61,994.23 
03/11/2021T05:52:01Z,196,351,394,56.54,26.62,994.12 
03/11/2021T05:52:32Z,193,346,397,56.44,26.61,994.13 
03/11/2021T05:53:02Z,189,326,373,56.18,26.60,994.21 
03/11/2021T05:53:32Z,183,319,372,55.97,26.59,994.29 
03/11/2021T05:54:02Z,183,323,366,55.92,26.60,994.30 
03/11/2021T05:54:32Z,184,317,361,56.06,26.61,994.25 
03/11/2021T05:55:02Z,183,320,357,55.96,26.59,994.27 
03/11/2021T05:55:33Z,181,308,347,56.04,26.58,994.22 
03/11/2021T05:56:03Z,183,321,368,55.75,26.57,994.31 
03/11/2021T05:56:33Z,182,321,362,55.04,26.56,994.53 
03/11/2021T05:57:03Z,182,323,365,55.17,26.57,994.46 
03/11/2021T05:57:33Z,183,323,362,55.35,26.57,994.38 
03/11/2021T05:58:04Z,179,306,350,54.44,26.58,994.65 
03/11/2021T05:58:34Z,178,300,344,53.98,26.59,994.82 
03/11/2021T05:59:05Z,175,299,336,54.29,26.63,994.66 
03/11/2021T05:59:35Z,182,313,362,54.06,26.62,994.73 
03/11/2021T06:00:06Z,187,332,372,54.88,26.61,994.44 
03/11/2021T06:00:36Z,191,341,388,54.85,26.60,994.41 
03/11/2021T06:01:06Z,184,328,372,54.56,26.59,994.50 
03/11/2021T06:01:36Z,182,325,368,54.27,26.59,994.59 
03/11/2021T06:02:07Z,182,319,364,54.57,26.55,994.50 
03/11/2021T06:02:37Z,185,324,370,54.90,26.55,994.36 
03/11/2021T06:03:07Z,191,344,403,55.32,26.55,994.19 
03/11/2021T06:03:38Z,190,342,393,54.47,26.56,994.46 
03/11/2021T06:04:08Z,188,329,364,53.81,26.57,994.70 
03/11/2021T06:04:39Z,190,341,378,54.31,26.56,994.53 
03/11/2021T06:05:09Z,199,362,410,54.25,26.48,994.53 
03/11/2021T06:05:40Z,208,391,453,54.71,26.46,994.38 
03/11/2021T06:06:10Z,203,371,430,55.09,26.51,994.20 
03/11/2021T06:06:41Z,216,397,456,55.14,26.52,994.14 
03/11/2021T06:07:12Z,209,386,445,55.29,26.49,994.11 
03/11/2021T06:07:42Z,215,401,460,55.83,26.44,993.94 
03/11/2021T06:08:13Z,209,385,438,56.27,26.50,993.79 
03/11/2021T06:08:43Z,197,354,406,57.42,26.51,993.47 
03/11/2021T06:09:14Z,200,369,416,56.92,26.51,993.64 
03/11/2021T06:09:44Z,193,351,395,57.46,26.55,993.48 
03/11/2021T06:10:15Z,201,360,415,57.56,26.56,993.45 
03/11/2021T06:10:45Z,203,364,415,56.98,26.59,993.63 
03/11/2021T06:11:16Z,212,372,424,57.07,26.61,993.60 
03/11/2021T06:11:46Z,202,363,414,56.97,26.64,993.63 
03/11/2021T06:12:16Z,189,323,365,56.35,26.64,993.81 
03/11/2021T06:12:46Z,182,311,354,56.30,26.61,993.84 
03/11/2021T06:13:17Z,187,325,368,56.26,26.58,993.84 
03/11/2021T06:13:48Z,189,335,377,56.57,26.61,993.73 
03/11/2021T06:14:18Z,196,351,402,56.18,26.62,993.83 
03/11/2021T06:14:48Z,195,350,394,56.08,26.57,993.86 
03/11/2021T06:15:19Z,202,361,411,56.38,26.58,993.77 
03/11/2021T06:15:49Z,199,365,415,56.66,26.59,993.66 
03/11/2021T06:16:20Z,204,361,415,56.84,26.64,993.59 
03/11/2021T06:16:50Z,203,374,434,56.62,26.68,993.65 
03/11/2021T06:17:21Z,202,371,415,56.28,26.66,993.74 
03/11/2021T06:17:52Z,205,364,414,56.56,26.65,993.65 
03/11/2021T06:18:22Z,211,365,409,56.45,26.61,993.67 
03/11/2021T06:18:53Z,208,363,410,56.39,26.57,993.69 
03/11/2021T06:19:23Z,204,347,391,56.47,26.54,993.66 
03/11/2021T06:19:54Z,196,329,366,56.97,26.48,993.51 
03/11/2021T06:20:24Z,185,313,348,56.78,26.48,993.55 
03/11/2021T06:20:54Z,186,316,345,56.84,26.47,993.53 
03/11/2021T06:21:25Z,191,322,362,56.98,26.44,993.48 
03/11/2021T06:21:55Z,185,319,349,56.81,26.44,993.53 
03/11/2021T06:22:25Z,194,337,383,57.32,26.43,993.37 
03/11/2021T06:22:55Z,193,334,384,57.69,26.42,993.26 
03/11/2021T06:23:26Z,198,337,384,57.16,26.42,993.41 
03/11/2021T06:23:57Z,199,348,390,57.64,26.42,993.28 
03/11/2021T06:24:27Z,195,349,399,57.99,26.40,993.20 
03/11/2021T06:24:58Z,201,354,405,57.62,26.39,993.30 
03/11/2021T06:25:29Z,214,390,455,57.43,26.42,993.35 
03/11/2021T06:25:59Z,229,439,513,57.38,26.43,993.34 
03/11/2021T06:26:30Z,232,449,522,57.25,26.47,993.36 
03/11/2021T06:27:01Z,232,454,532,56.85,26.54,993.44 
03/11/2021T06:27:31Z,209,396,449,55.75,26.61,993.72 
03/11/2021T06:28:01Z,193,347,403,54.80,26.65,993.99 
03/11/2021T06:28:31Z,237,509,614,54.89,26.63,993.94 
03/11/2021T06:29:01Z,260,551,671,55.18,26.62,993.83 
03/11/2021T06:29:32Z,271,619,750,55.46,26.56,993.73 
03/11/2021T06:30:02Z,263,582,700,55.90,26.53,993.56 
03/11/2021T06:30:32Z,260,545,647,56.23,26.52,993.46 
03/11/2021T06:31:02Z,264,561,668,56.35,26.53,993.39 
03/11/2021T06:31:33Z,267,576,685,56.54,26.55,993.31 
03/11/2021T06:32:03Z,284,652,804,56.85,26.52,993.21 
03/11/2021T06:32:34Z,277,612,730,56.19,26.55,993.42 
03/11/2021T06:33:04Z,289,613,731,55.84,26.54,993.53 
03/11/2021T06:33:35Z,277,576,684,56.34,26.55,993.34 
03/11/2021T06:34:05Z,270,561,662,56.33,26.56,993.34 
03/11/2021T06:34:35Z,260,558,666,56.63,26.49,993.27 
03/11/2021T06:35:05Z,261,543,634,56.73,26.53,993.21 
03/11/2021T06:35:36Z,256,526,608,56.68,26.55,993.23 
03/11/2021T06:36:06Z,252,513,608,56.31,26.57,993.31 
03/11/2021T06:36:37Z,243,474,545,55.29,26.60,993.64 
03/11/2021T06:37:08Z,229,413,481,53.55,26.59,994.20 
03/11/2021T06:37:38Z,224,418,482,54.25,26.64,993.95 
03/11/2021T06:38:08Z,220,414,485,54.23,26.67,993.90 
03/11/2021T06:38:38Z,220,406,471,54.41,26.66,993.83 
03/11/2021T06:39:09Z,211,383,439,54.19,26.64,993.89 
03/11/2021T06:39:40Z,207,375,425,54.01,26.64,993.92 
03/11/2021T06:40:10Z,219,404,457,54.33,26.56,993.80 
03/11/2021T06:40:40Z,219,408,460,55.15,26.48,993.51 
03/11/2021T06:41:11Z,222,404,459,55.26,26.53,993.44 
03/11/2021T06:41:41Z,219,409,477,55.12,26.56,993.47 
03/11/2021T06:42:12Z,218,396,456,54.76,26.56,993.57 
03/11/2021T06:42:42Z,207,375,420,54.68,26.57,993.58 
03/11/2021T06:43:13Z,199,352,397,53.98,26.58,993.82 
03/11/2021T06:43:43Z,198,350,399,54.15,26.53,993.78 
03/11/2021T06:44:14Z,202,353,407,55.01,26.52,993.47 
03/11/2021T06:44:44Z,201,352,399,54.79,26.56,993.48 
03/11/2021T06:45:14Z,189,314,356,52.81,26.59,994.15 
03/11/2021T06:45:44Z,187,316,356,53.00,26.63,994.09 
03/11/2021T06:46:15Z,198,342,384,53.30,26.64,993.95 
03/11/2021T06:46:45Z,235,412,458,53.95,26.51,993.72 
03/11/2021T06:47:16Z,226,401,453,54.97,26.44,993.36 
03/11/2021T06:47:46Z,218,378,425,55.08,26.50,993.27 
03/11/2021T06:48:17Z,217,383,435,55.06,26.52,993.28 
03/11/2021T06:48:47Z,213,372,419,55.34,26.56,993.13 
03/11/2021T06:49:17Z,209,360,398,55.32,26.60,993.11 
03/11/2021T06:49:48Z,208,363,400,55.85,26.55,992.96 
03/11/2021T06:50:18Z,204,351,397,55.88,26.55,992.93 
03/11/2021T06:50:49Z,193,331,364,54.56,26.58,993.37 
03/11/2021T06:51:20Z,190,318,356,53.40,26.65,993.72 
03/11/2021T06:51:50Z,200,349,395,53.26,26.60,993.85 
03/11/2021T06:52:21Z,212,380,429,54.32,26.54,993.44 
03/11/2021T06:52:51Z,235,429,479,55.21,26.54,993.09 
03/11/2021T06:53:22Z,219,387,440,55.48,26.61,992.95 
03/11/2021T06:53:53Z,217,386,440,55.57,26.68,992.92 
03/11/2021T06:54:23Z,209,368,412,55.51,26.72,992.93 
03/11/2021T06:54:54Z,207,367,409,55.39,26.74,992.98 
03/11/2021T06:55:24Z,203,359,406,55.57,26.74,992.92 
03/11/2021T06:55:55Z,201,353,395,55.71,26.75,992.88 
03/11/2021T06:56:25Z,195,341,381,55.37,26.77,992.96 
03/11/2021T06:56:56Z,192,331,373,55.14,26.82,993.03 
03/11/2021T06:57:26Z,191,325,371,55.68,26.83,992.83 
03/11/2021T06:57:56Z,178,301,336,56.31,26.82,992.65 
03/11/2021T06:58:27Z,181,315,353,56.64,26.82,992.55 
03/11/2021T06:58:57Z,185,320,359,56.15,26.87,992.68 
03/11/2021T06:59:28Z,188,329,368,55.52,26.94,992.88 
03/11/2021T06:59:58Z,182,310,347,54.94,26.97,993.05 
03/11/2021T07:00:29Z,169,285,317,54.57,26.98,993.18 
03/11/2021T07:00:59Z,175,295,329,54.82,27.01,993.09 
03/11/2021T07:01:29Z,172,285,317,54.45,27.00,993.19 
03/11/2021T07:02:00Z,168,286,321,54.04,27.01,993.33 
03/11/2021T07:02:30Z,168,286,325,54.20,27.05,993.23 
03/11/2021T07:03:01Z,169,288,321,53.74,27.08,993.36 
03/11/2021T07:03:32Z,152,256,287,51.74,27.06,994.02 
03/11/2021T07:04:02Z,151,253,286,51.35,27.03,994.20 
03/11/2021T07:04:32Z,157,256,289,52.74,27.05,993.63 
03/11/2021T07:05:03Z,166,277,304,53.24,27.08,993.40 
03/11/2021T07:05:33Z,165,271,302,53.19,27.10,993.37 
03/11/2021T07:06:03Z,166,275,311,52.82,27.12,993.48 
03/11/2021T07:06:34Z,170,276,304,53.30,27.09,993.36 
03/11/2021T07:07:04Z,170,288,321,53.48,27.07,993.25 
03/11/2021T07:07:34Z,167,282,321,53.56,27.05,993.22 
03/11/2021T07:08:04Z,168,281,305,53.39,27.02,993.27 
03/11/2021T07:08:35Z,164,278,311,53.27,27.00,993.31 
03/11/2021T07:09:05Z,163,279,322,53.64,26.97,993.17 
03/11/2021T07:09:35Z,157,275,318,53.96,26.93,993.06 
03/11/2021T07:10:06Z,160,271,314,54.11,26.91,992.97 
03/11/2021T07:10:37Z,155,262,297,53.75,26.91,993.09 
03/11/2021T07:11:07Z,169,289,328,53.27,26.84,993.29 
03/11/2021T07:11:38Z,198,361,413,53.91,26.66,993.12 
03/11/2021T07:12:09Z,175,302,342,54.98,26.63,992.73 
03/11/2021T07:12:39Z,187,311,351,55.10,26.70,992.64 
03/11/2021T07:13:10Z,236,374,415,55.02,26.76,992.64 
03/11/2021T07:13:41Z,213,355,405,54.81,26.79,992.71 
03/11/2021T07:14:11Z,197,336,380,54.92,26.80,992.66 
03/11/2021T07:14:41Z,186,320,361,54.74,26.79,992.73 
03/11/2021T07:15:11Z,185,312,349,54.95,26.74,992.66 
03/11/2021T07:15:42Z,196,330,371,55.30,26.76,992.53 
03/11/2021T07:16:13Z,184,324,363,55.37,26.76,992.49 
03/11/2021T07:16:43Z,184,315,357,55.42,26.76,992.46 
03/11/2021T07:17:14Z,177,303,339,54.83,26.74,992.65 
03/11/2021T07:17:44Z,164,269,293,54.79,26.70,992.72 
03/11/2021T07:18:15Z,170,283,317,55.31,26.71,992.50 
03/11/2021T07:18:45Z,168,278,307,55.73,26.74,992.36 
03/11/2021T07:19:16Z,164,276,309,55.85,26.73,992.32 
03/11/2021T07:19:46Z,162,276,316,55.93,26.73,992.28 
03/11/2021T07:20:16Z,169,285,321,55.74,26.72,992.36 
03/11/2021T07:20:47Z,169,282,315,56.00,26.65,992.29 
03/11/2021T07:21:17Z,170,289,327,56.30,26.66,992.20 
03/11/2021T07:21:47Z,166,284,319,56.45,26.72,992.14 
03/11/2021T07:22:18Z,164,280,312,56.08,26.76,992.26 
03/11/2021T07:22:48Z,165,278,305,56.03,26.78,992.27 
03/11/2021T07:23:18Z,156,266,306,55.57,26.81,992.38 
03/11/2021T07:23:48Z,160,269,306,55.15,26.83,992.51 
03/11/2021T07:24:19Z,162,267,302,55.36,26.89,992.43 
03/11/2021T07:24:49Z,156,266,299,54.89,26.91,992.57 
03/11/2021T07:25:19Z,156,260,291,54.96,26.91,992.56 
03/11/2021T07:25:49Z,153,254,280,55.18,26.93,992.45 
03/11/2021T07:26:20Z,157,260,288,54.72,26.94,992.59 
03/11/2021T07:26:50Z,162,273,307,54.88,26.95,992.52 
03/11/2021T07:27:21Z,167,278,310,54.61,26.93,992.59 
03/11/2021T07:27:51Z,166,275,305,54.89,26.93,992.49 
03/11/2021T07:28:21Z,158,261,288,54.40,26.89,992.64 
03/11/2021T07:28:52Z,156,259,296,54.93,26.84,992.47 
03/11/2021T07:29:22Z,162,270,304,55.10,26.77,992.40 
03/11/2021T07:29:53Z,160,268,296,55.66,26.70,992.22 
03/11/2021T07:30:24Z,158,265,293,55.29,26.76,992.29 
03/11/2021T07:30:54Z,154,254,284,55.09,26.80,992.34 
03/11/2021T07:31:24Z,149,247,275,54.69,26.81,992.48 
03/11/2021T07:31:54Z,148,243,267,53.89,26.84,992.72 
03/11/2021T07:32:25Z,142,235,261,53.62,26.82,992.83 
03/11/2021T07:32:55Z,144,240,275,54.15,26.82,992.63 
03/11/2021T07:33:25Z,146,241,267,54.02,26.81,992.66 
03/11/2021T07:33:56Z,144,241,262,54.33,26.79,992.56 
03/11/2021T07:34:26Z,148,245,267,54.52,26.79,992.46 
03/11/2021T07:34:57Z,144,241,266,54.22,26.79,992.55 
03/11/2021T07:35:27Z,146,233,254,54.30,26.76,992.51 
03/11/2021T07:35:57Z,140,232,254,54.63,26.72,992.39 
03/11/2021T07:36:27Z,142,242,259,55.04,26.69,992.23 
03/11/2021T07:36:57Z,141,230,254,54.95,26.69,992.24 
03/11/2021T07:37:28Z,143,237,265,54.75,26.73,992.31 
03/11/2021T07:37:59Z,140,230,256,54.18,26.72,992.51 
03/11/2021T07:38:29Z,138,230,255,54.37,26.67,992.45 
03/11/2021T07:38:59Z,140,229,253,54.78,26.66,992.27 
03/11/2021T07:39:29Z,140,229,252,54.54,26.69,992.34 
03/11/2021T07:40:00Z,141,232,254,54.57,26.66,992.34 
03/11/2021T07:40:30Z,143,231,256,54.96,26.64,992.18 
03/11/2021T07:41:01Z,139,229,250,54.98,26.65,992.14 
03/11/2021T07:41:31Z,139,227,252,55.05,26.56,992.13 
03/11/2021T07:42:02Z,140,229,252,55.37,26.55,992.00 
03/11/2021T07:42:33Z,140,232,257,55.18,26.60,992.06 
03/11/2021T07:43:04Z,145,236,265,54.76,26.58,992.21 
03/11/2021T07:43:34Z,146,239,269,55.17,26.54,992.09 
03/11/2021T07:44:05Z,142,236,269,55.48,26.54,991.98 
03/11/2021T07:44:35Z,148,252,292,55.29,26.55,992.00 
03/11/2021T07:45:06Z,143,246,286,55.33,26.62,991.94 
03/11/2021T07:45:36Z,141,238,274,54.27,26.64,992.31 
03/11/2021T07:46:06Z,142,242,275,54.65,26.58,992.21 
03/11/2021T07:46:37Z,142,242,273,54.88,26.59,992.11 
03/11/2021T07:47:07Z,146,242,271,55.17,26.60,992.00 
03/11/2021T07:47:37Z,145,237,272,55.17,26.59,991.96 
03/11/2021T07:48:07Z,141,235,271,54.97,26.57,992.03 
03/11/2021T07:48:37Z,148,238,269,54.81,26.56,992.08 
03/11/2021T07:49:08Z,144,237,261,54.99,26.55,992.01 
03/11/2021T07:49:39Z,148,238,265,55.24,26.50,991.94 
03/11/2021T07:50:09Z,148,246,270,55.36,26.48,991.89 
03/11/2021T07:50:39Z,146,242,264,55.52,26.45,991.82 
03/11/2021T07:51:10Z,148,243,267,55.28,26.48,991.88 
03/11/2021T07:51:40Z,146,242,266,55.35,26.49,991.86 
03/11/2021T07:52:11Z,149,245,264,55.39,26.50,991.81 
03/11/2021T07:52:41Z,148,249,275,56.19,26.41,991.57 
03/11/2021T07:53:11Z,147,244,272,56.08,26.43,991.58 
03/11/2021T07:53:41Z,147,241,273,55.96,26.48,991.60 
03/11/2021T07:54:12Z,148,241,270,55.99,26.47,991.58 
03/11/2021T07:54:43Z,147,240,266,56.15,26.44,991.53 
03/11/2021T07:55:13Z,148,242,266,56.41,26.39,991.47 
03/11/2021T07:55:43Z,147,243,271,56.20,26.36,991.53 
03/11/2021T07:56:13Z,146,239,265,55.45,26.34,991.79 
03/11/2021T07:56:43Z,150,240,264,55.57,26.43,991.73 
03/11/2021T07:57:14Z,155,250,276,55.63,26.42,991.72 
03/11/2021T07:57:45Z,150,243,268,55.85,26.43,991.62 
03/11/2021T07:58:15Z,148,245,267,55.90,26.43,991.60 
03/11/2021T07:58:45Z,148,241,268,55.78,26.44,991.62 
03/11/2021T07:59:16Z,146,242,274,55.65,26.49,991.65 
03/11/2021T07:59:46Z,141,230,255,55.51,26.51,991.67 
03/11/2021T08:00:17Z,143,229,258,55.33,26.59,991.71 
03/11/2021T08:00:47Z,135,219,241,53.77,26.63,992.22 
03/11/2021T08:01:17Z,141,239,264,53.36,26.57,992.39 
03/11/2021T08:01:47Z,143,237,261,54.68,26.59,991.91 
03/11/2021T08:02:18Z,146,240,265,54.89,26.65,991.81 
03/11/2021T08:02:48Z,144,242,273,54.95,26.68,991.76 
03/11/2021T08:03:19Z,142,229,259,54.79,26.70,991.79 
03/11/2021T08:03:49Z,139,229,254,54.13,26.68,992.03 
03/11/2021T08:04:20Z,139,227,251,53.84,26.69,992.14 
03/11/2021T08:04:50Z,140,226,248,53.99,26.74,992.07 
03/11/2021T08:05:20Z,135,219,238,53.29,26.75,992.25 
03/11/2021T08:05:50Z,135,219,239,53.02,26.72,992.41 
03/11/2021T08:06:20Z,130,217,241,53.28,26.72,992.28 
03/11/2021T08:06:50Z,133,213,234,53.22,26.73,992.29 
03/11/2021T08:07:21Z,136,221,246,53.41,26.69,992.21 
03/11/2021T08:07:51Z,144,241,276,54.45,26.61,991.86 
03/11/2021T08:08:22Z,139,227,250,54.97,26.63,991.63 
03/11/2021T08:08:52Z,143,232,253,55.01,26.60,991.63 
03/11/2021T08:09:22Z,145,233,256,55.39,26.53,991.51 
03/11/2021T08:09:52Z,146,238,261,55.51,26.53,991.46 
03/11/2021T08:10:23Z,147,237,262,55.65,26.51,991.41 
03/11/2021T08:10:53Z,145,238,261,55.88,26.50,991.34 
03/11/2021T08:11:23Z,160,257,291,56.73,26.39,991.08 
03/11/2021T08:11:53Z,150,246,269,56.87,26.40,991.06 
03/11/2021T08:12:24Z,151,254,277,56.47,26.43,991.19 
03/11/2021T08:12:54Z,154,246,277,56.41,26.43,991.21 
03/11/2021T08:13:25Z,168,271,301,56.49,26.46,991.19 
03/11/2021T08:13:55Z,159,257,287,57.00,26.48,990.98 
03/11/2021T08:14:25Z,158,258,282,56.95,26.52,990.99 
03/11/2021T08:14:56Z,161,264,294,56.39,26.54,991.18 
03/11/2021T08:15:27Z,162,270,297,56.74,26.53,991.06 
03/11/2021T08:15:57Z,164,281,311,57.51,26.56,990.84 
03/11/2021T08:16:28Z,168,279,314,56.96,26.58,990.99 
03/11/2021T08:16:58Z,164,277,313,56.76,26.60,991.06 
03/11/2021T08:17:29Z,164,270,300,56.71,26.64,991.06 
03/11/2021T08:17:59Z,160,262,287,56.10,26.68,991.23 
03/11/2021T08:18:30Z,154,261,298,55.54,26.68,991.43 
03/11/2021T08:19:01Z,153,255,287,55.76,26.71,991.31 
03/11/2021T08:19:32Z,155,256,291,56.01,26.73,991.21 
03/11/2021T08:20:02Z,152,253,288,55.98,26.75,991.18 
03/11/2021T08:20:33Z,149,247,281,56.13,26.76,991.14 
03/11/2021T08:21:03Z,149,247,276,56.01,26.72,991.19 
03/11/2021T08:21:34Z,148,247,278,56.46,26.70,991.04 
03/11/2021T08:22:04Z,146,241,269,56.02,26.69,991.15 
03/11/2021T08:22:35Z,144,241,268,55.80,26.65,991.25 
03/11/2021T08:23:05Z,143,232,259,55.30,26.69,991.40 
03/11/2021T08:23:35Z,143,230,256,53.90,26.73,991.81 
03/11/2021T08:24:06Z,137,226,251,53.75,26.64,991.91 
03/11/2021T08:24:36Z,139,232,258,55.07,26.63,991.44 
03/11/2021T08:25:06Z,139,227,252,54.04,26.68,991.71 
03/11/2021T08:25:36Z,128,206,226,51.17,26.70,992.63 
03/11/2021T08:26:07Z,130,213,233,52.76,26.77,992.08 
03/11/2021T08:26:38Z,129,210,234,51.46,26.82,992.44 
03/11/2021T08:27:08Z,126,206,229,51.73,26.84,992.34 
03/11/2021T08:27:38Z,127,205,224,51.43,26.83,992.42 
03/11/2021T08:28:09Z,130,213,235,52.65,26.79,992.00 
03/11/2021T08:28:39Z,141,232,255,53.35,26.71,991.72 
03/11/2021T08:29:10Z,135,228,253,53.58,26.69,991.64 
03/11/2021T08:29:41Z,139,228,254,54.13,26.64,991.48 
03/11/2021T08:30:11Z,151,254,281,55.16,26.56,991.09 
03/11/2021T08:30:41Z,149,247,282,55.07,26.56,991.10 
03/11/2021T08:31:11Z,139,233,259,54.64,26.65,991.24 
03/11/2021T08:31:42Z,139,229,254,54.45,26.69,991.30 
03/11/2021T08:32:12Z,136,224,246,54.49,26.72,991.27 
03/11/2021T08:32:43Z,136,229,250,54.46,26.77,991.26 
03/11/2021T08:33:13Z,139,226,246,53.96,26.72,991.46 
03/11/2021T08:33:44Z,139,225,251,54.42,26.67,991.27 
03/11/2021T08:34:14Z,131,214,239,53.51,26.64,991.64 
03/11/2021T08:34:45Z,124,204,225,51.59,26.63,992.27 
03/11/2021T08:35:15Z,124,202,221,51.24,26.64,992.44 
03/11/2021T08:35:45Z,128,209,230,52.59,26.66,991.95 
03/11/2021T08:36:16Z,134,220,249,53.98,26.67,991.40 
03/11/2021T08:36:46Z,132,218,239,53.94,26.67,991.36 
03/11/2021T08:37:16Z,131,213,232,53.98,26.67,991.36 
03/11/2021T08:37:46Z,132,216,244,54.26,26.67,991.26 
03/11/2021T08:38:17Z,130,216,239,54.44,26.66,991.18 
03/11/2021T08:38:47Z,131,216,246,54.32,26.67,991.21 
03/11/2021T08:39:18Z,130,215,236,54.13,26.65,991.28 
03/11/2021T08:39:48Z,129,213,234,54.42,26.62,991.21 
03/11/2021T08:40:18Z,130,216,243,54.18,26.56,991.28 
03/11/2021T08:40:49Z,130,214,239,54.72,26.55,991.08 
03/11/2021T08:41:19Z,132,216,237,54.86,26.56,991.00 
03/11/2021T08:41:50Z,131,218,243,54.84,26.54,991.01 
03/11/2021T08:42:20Z,138,224,246,55.08,26.54,990.91 
03/11/2021T08:42:51Z,138,221,251,55.27,26.53,990.84 
03/11/2021T08:43:22Z,135,227,257,55.29,26.53,990.83 
03/11/2021T08:43:52Z,139,230,259,55.21,26.56,990.84 
03/11/2021T08:44:22Z,135,218,244,54.92,26.60,990.93 
03/11/2021T08:44:52Z,134,219,247,53.94,26.59,991.31 
03/11/2021T08:45:23Z,131,216,239,54.28,26.60,991.20 
03/11/2021T08:45:53Z,135,216,243,54.92,26.62,990.96 
03/11/2021T08:46:24Z,142,233,263,55.42,26.63,990.77 
03/11/2021T08:46:55Z,156,263,295,55.28,26.60,990.81 
03/11/2021T08:47:25Z,143,237,260,55.97,26.63,990.60 
03/11/2021T08:47:55Z,144,242,271,56.36,26.66,990.48 
03/11/2021T08:48:26Z,142,235,264,56.09,26.73,990.56 
03/11/2021T08:48:57Z,136,232,260,55.86,26.78,990.64 
03/11/2021T08:49:27Z,139,229,253,55.86,26.80,990.65 
03/11/2021T08:49:57Z,145,238,269,55.71,26.77,990.70 
03/11/2021T08:50:27Z,141,235,261,55.99,26.77,990.61 
03/11/2021T08:50:58Z,139,230,259,55.99,26.80,990.60 
03/11/2021T08:51:28Z,142,235,256,55.90,26.82,990.61 
03/11/2021T08:51:59Z,144,237,263,56.18,26.81,990.54 
03/11/2021T08:52:30Z,145,245,275,56.84,26.81,990.34 
03/11/2021T08:53:01Z,151,252,283,57.25,26.86,990.23 
03/11/2021T08:53:31Z,143,236,264,57.07,26.95,990.28 
03/11/2021T08:54:01Z,149,248,273,56.49,26.97,990.46 
03/11/2021T08:54:31Z,174,298,333,55.64,26.88,990.77 
03/11/2021T08:55:02Z,158,261,292,55.85,26.88,990.69 
03/11/2021T08:55:32Z,158,266,297,55.71,26.87,990.75 
03/11/2021T08:56:03Z,150,254,285,56.15,26.92,990.58 
03/11/2021T08:56:34Z,147,247,273,56.10,26.97,990.58 
03/11/2021T08:57:05Z,145,237,265,56.23,27.02,990.52 
03/11/2021T08:57:35Z,144,236,264,56.32,27.07,990.47 
03/11/2021T08:58:05Z,141,236,264,56.21,27.06,990.48 
03/11/2021T08:58:36Z,143,238,261,56.04,27.00,990.60 
03/11/2021T08:59:06Z,147,242,266,56.16,26.98,990.56 
03/11/2021T08:59:37Z,145,248,276,56.34,26.97,990.50 
03/11/2021T09:00:07Z,152,253,282,56.45,26.97,990.45 
03/11/2021T09:00:37Z,150,245,275,56.30,26.99,990.47 
03/11/2021T09:01:08Z,141,236,266,56.13,26.91,990.57 
03/11/2021T09:01:39Z,140,235,261,56.45,26.94,990.45 
03/11/2021T09:02:10Z,138,236,267,56.22,26.96,990.50 
03/11/2021T09:02:40Z,137,231,260,55.62,26.94,990.71 
03/11/2021T09:03:11Z,135,226,251,55.84,26.92,990.65 
03/11/2021T09:03:41Z,142,241,271,55.77,26.82,990.70 
03/11/2021T09:04:11Z,141,237,272,56.29,26.84,990.52 
03/11/2021T09:04:42Z,135,228,258,55.80,26.84,990.67 
03/11/2021T09:05:13Z,130,219,242,55.60,26.86,990.76 
03/11/2021T09:05:43Z,132,220,244,55.58,26.86,990.75 
03/11/2021T09:06:13Z,130,214,233,55.34,26.87,990.79 
03/11/2021T09:06:43Z,125,208,236,55.08,26.90,990.87 
03/11/2021T09:07:14Z,128,213,233,54.69,26.95,990.98 
03/11/2021T09:07:45Z,125,206,228,54.15,26.96,991.14 
03/11/2021T09:08:15Z,124,201,229,53.94,26.97,991.19 
03/11/2021T09:08:46Z,123,200,220,54.41,26.99,991.03 
03/11/2021T09:09:17Z,118,194,218,54.37,26.99,991.04 
03/11/2021T09:09:47Z,126,208,230,54.86,26.98,990.86 
03/11/2021T09:10:18Z,121,198,224,54.98,26.95,990.81 
03/11/2021T09:10:48Z,123,198,221,54.84,26.92,990.87 
03/11/2021T09:11:19Z,124,207,231,54.50,26.96,990.95 
03/11/2021T09:11:49Z,118,202,224,53.14,27.02,991.40 
03/11/2021T09:12:19Z,122,204,228,53.10,27.08,991.38 
03/11/2021T09:12:49Z,119,196,216,52.61,27.09,991.53 
03/11/2021T09:13:19Z,121,202,230,53.06,27.11,991.38 
03/11/2021T09:13:50Z,128,213,244,53.26,27.11,991.27 
03/11/2021T09:14:20Z,121,208,234,52.72,27.12,991.45 
03/11/2021T09:14:50Z,122,208,241,52.52,27.12,991.52 
03/11/2021T09:15:20Z,124,210,242,53.26,27.09,991.28 
03/11/2021T09:15:51Z,129,225,264,53.96,27.03,990.99 
03/11/2021T09:16:21Z,134,226,256,54.01,26.99,990.96 
03/11/2021T09:16:52Z,128,216,241,53.80,26.92,991.05 
03/11/2021T09:17:22Z,129,219,248,54.34,26.91,990.85 
03/11/2021T09:17:53Z,126,210,241,54.26,26.86,990.90 
03/11/2021T09:18:23Z,130,215,248,54.91,26.80,990.68 
03/11/2021T09:18:53Z,129,221,257,55.08,26.81,990.59 
03/11/2021T09:19:24Z,131,225,253,54.90,26.80,990.67 
03/11/2021T09:19:54Z,131,223,255,55.19,26.79,990.56 
03/11/2021T09:20:25Z,133,220,247,54.29,26.80,990.85 
03/11/2021T09:20:55Z,126,212,236,54.55,26.84,990.76 
03/11/2021T09:21:26Z,129,215,248,54.55,26.91,990.74 
03/11/2021T09:21:56Z,127,211,245,54.34,26.94,990.79 
03/11/2021T09:22:27Z,123,202,228,52.03,26.89,991.60 
03/11/2021T09:22:57Z,126,211,240,53.35,26.88,991.18 
03/11/2021T09:23:28Z,125,211,239,53.87,26.93,990.95 
03/11/2021T09:23:59Z,127,212,233,54.17,26.94,990.82 
03/11/2021T09:24:29Z,127,212,234,54.04,26.89,990.86 
03/11/2021T09:25:00Z,125,207,230,54.33,26.93,990.73 
03/11/2021T09:25:30Z,125,205,228,53.95,26.99,990.85 
03/11/2021T09:26:01Z,119,197,218,53.61,27.06,990.93 
03/11/2021T09:26:31Z,120,202,221,53.10,27.02,991.14 
03/11/2021T09:27:02Z,125,208,235,53.81,26.96,990.92 
03/11/2021T09:27:32Z,121,205,224,55.03,27.01,990.47 
03/11/2021T09:28:03Z,119,195,221,53.60,27.14,990.85 
03/11/2021T09:28:33Z,113,186,205,53.72,27.24,990.85 
03/11/2021T09:29:03Z,117,195,222,54.44,27.35,990.52 
03/11/2021T09:29:34Z,117,195,222,53.35,27.37,990.90 
03/11/2021T09:30:05Z,115,195,217,52.89,27.34,991.11 
03/11/2021T09:30:35Z,118,195,214,53.30,27.32,990.96 
03/11/2021T09:31:06Z,116,190,208,53.23,27.31,990.98 
03/11/2021T09:31:36Z,114,188,209,53.50,27.28,990.88 
03/11/2021T09:32:07Z,120,198,217,53.69,27.28,990.81 
03/11/2021T09:32:37Z,118,194,218,53.73,27.26,990.79 
03/11/2021T09:33:07Z,119,193,223,53.90,27.23,990.74 
03/11/2021T09:33:37Z,128,213,239,54.04,27.17,990.67 
03/11/2021T09:34:08Z,142,238,266,54.60,27.07,990.53 
03/11/2021T09:34:38Z,128,217,243,54.86,27.09,990.39 
03/11/2021T09:35:08Z,144,244,267,54.49,27.04,990.53 
03/11/2021T09:35:39Z,133,233,264,55.40,27.01,990.26 
03/11/2021T09:36:10Z,143,239,263,54.57,27.03,990.50 
03/11/2021T09:36:40Z,142,237,260,54.94,27.06,990.39 
03/11/2021T09:37:11Z,149,243,277,54.92,27.08,990.39 
03/11/2021T09:37:41Z,146,249,280,55.04,27.07,990.34 
03/11/2021T09:38:11Z,146,237,271,55.01,27.06,990.35 
03/11/2021T09:38:42Z,144,234,265,55.08,27.00,990.34 
03/11/2021T09:39:13Z,140,230,255,55.22,26.98,990.29 
03/11/2021T09:39:43Z,144,249,281,55.56,26.99,990.17 
03/11/2021T09:40:13Z,151,256,292,55.55,27.02,990.17 
03/11/2021T09:40:44Z,158,260,289,55.70,27.01,990.12 
03/11/2021T09:41:14Z,160,268,302,55.66,26.99,990.14 
03/11/2021T09:41:45Z,156,253,282,55.72,26.97,990.12 
03/11/2021T09:42:15Z,151,246,275,55.81,26.95,990.11 
03/11/2021T09:42:45Z,149,246,282,56.01,26.94,990.05 
03/11/2021T09:43:16Z,149,247,277,56.30,26.96,989.96 
03/11/2021T09:43:47Z,149,246,271,55.28,26.95,990.28 
03/11/2021T09:44:17Z,149,248,273,55.14,26.97,990.35 
03/11/2021T09:44:47Z,150,248,279,55.55,27.00,990.21 
03/11/2021T09:45:18Z,150,254,286,55.34,27.00,990.26 
03/11/2021T09:45:48Z,156,263,293,55.09,26.89,990.38 
03/11/2021T09:46:19Z,149,256,281,55.85,26.89,990.10 
03/11/2021T09:46:49Z,151,253,284,55.60,26.92,990.15 
03/11/2021T09:47:19Z,141,231,254,53.44,26.96,990.92 
03/11/2021T09:47:49Z,138,232,252,53.62,27.04,990.85 
03/11/2021T09:48:20Z,134,217,245,52.46,27.06,991.15 
03/11/2021T09:48:51Z,132,223,247,52.71,27.07,991.10 
03/11/2021T09:49:21Z,146,235,260,53.10,27.04,990.95 
03/11/2021T09:49:51Z,140,231,257,54.07,27.07,990.56 
03/11/2021T09:50:21Z,139,230,255,53.90,27.09,990.60 
03/11/2021T09:50:52Z,138,231,258,54.20,27.10,990.47 
03/11/2021T09:51:22Z,133,221,253,54.20,27.09,990.45 
03/11/2021T09:51:52Z,132,225,251,54.75,27.06,990.29 
03/11/2021T09:52:22Z,131,220,244,54.74,27.03,990.25 
03/11/2021T09:52:52Z,128,215,236,54.46,26.98,990.38 
03/11/2021T09:53:23Z,125,208,227,54.49,26.96,990.37 
03/11/2021T09:53:53Z,126,212,228,54.92,26.94,990.23 
03/11/2021T09:54:24Z,124,211,237,54.92,26.93,990.21 
03/11/2021T09:54:54Z,125,204,224,55.16,26.92,990.14 
03/11/2021T09:55:25Z,127,207,230,55.08,26.90,990.16 
03/11/2021T09:55:56Z,129,215,232,55.56,26.78,990.05 
03/11/2021T09:56:26Z,130,208,233,55.78,26.79,989.95 
03/11/2021T09:56:57Z,130,211,234,55.73,26.82,989.97 
03/11/2021T09:57:28Z,134,227,246,55.43,26.76,990.11 
03/11/2021T09:57:58Z,138,228,253,55.77,26.67,990.02 
03/11/2021T09:58:29Z,133,225,250,55.89,26.74,989.94 
03/11/2021T09:58:59Z,132,219,244,55.32,26.78,990.13 
03/11/2021T09:59:30Z,130,223,253,55.79,26.83,989.95 
03/11/2021T10:00:00Z,135,223,254,55.56,26.86,990.00 
03/11/2021T10:00:31Z,145,240,268,55.22,26.86,990.14 
03/11/2021T10:01:01Z,147,243,270,55.32,26.85,990.11 
03/11/2021T10:01:31Z,142,232,258,55.37,26.85,990.09 
03/11/2021T10:02:01Z,141,228,246,55.41,26.84,990.05 
03/11/2021T10:02:32Z,138,230,253,55.57,26.83,990.00 
03/11/2021T10:03:02Z,135,223,245,55.72,26.79,989.97 
03/11/2021T10:03:33Z,136,224,253,55.10,26.79,990.16 
03/11/2021T10:04:03Z,130,215,234,54.40,26.84,990.40 
03/11/2021T10:04:34Z,128,219,246,54.26,26.75,990.49 
03/11/2021T10:05:04Z,151,260,294,54.89,26.64,990.28 
03/11/2021T10:05:34Z,144,239,267,55.59,26.62,990.04 
03/11/2021T10:06:05Z,145,244,269,55.25,26.66,990.12 
03/11/2021T10:06:35Z,144,241,266,55.75,26.66,989.97 
03/11/2021T10:07:06Z,140,236,268,55.09,26.73,990.15 
03/11/2021T10:07:36Z,141,237,267,54.95,26.73,990.23 
03/11/2021T10:08:06Z,139,235,262,55.76,26.76,989.92 
03/11/2021T10:08:36Z,135,231,252,55.66,26.84,989.91 
03/11/2021T10:09:06Z,132,219,253,55.05,26.88,990.09 
03/11/2021T10:09:37Z,130,213,242,55.37,26.89,990.00 
03/11/2021T10:10:07Z,131,218,243,55.45,26.96,989.94 
03/11/2021T10:10:37Z,128,211,237,55.40,26.97,989.96 
03/11/2021T10:11:08Z,123,203,233,55.32,26.94,989.99 
03/11/2021T10:11:39Z,124,209,231,55.57,26.90,989.91 
03/11/2021T10:12:09Z,125,208,236,55.59,26.88,989.91 
03/11/2021T10:12:39Z,135,223,247,54.71,26.86,990.21 
03/11/2021T10:13:10Z,144,232,260,55.10,26.81,990.12 
03/11/2021T10:13:41Z,135,222,244,55.19,26.86,990.06 
03/11/2021T10:14:11Z,141,226,250,55.17,26.86,990.06 
03/11/2021T10:14:41Z,140,228,252,55.21,26.85,990.02 
03/11/2021T10:15:12Z,144,231,249,55.21,26.83,990.03 
03/11/2021T10:15:42Z,142,227,247,55.45,26.83,989.94 
03/11/2021T10:16:12Z,138,230,254,55.43,26.75,989.97 
03/11/2021T10:16:43Z,139,226,252,55.95,26.72,989.81 
03/11/2021T10:17:13Z,136,221,238,55.97,26.75,989.80 
03/11/2021T10:17:44Z,133,217,241,55.94,26.79,989.78 
03/11/2021T10:18:15Z,134,215,237,55.81,26.76,989.83 
03/11/2021T10:18:45Z,129,213,234,55.40,26.73,990.00 
03/11/2021T10:19:15Z,131,214,236,55.16,26.74,990.06 
03/11/2021T10:19:46Z,138,220,242,55.33,26.70,990.03 
03/11/2021T10:20:17Z,137,217,248,55.92,26.72,989.83 
03/11/2021T10:20:47Z,138,226,255,55.79,26.72,989.85 
03/11/2021T10:21:18Z,134,220,244,55.74,26.71,989.88 
03/11/2021T10:21:49Z,134,217,239,55.85,26.70,989.83 
03/11/2021T10:22:19Z,131,216,237,55.85,26.67,989.83 
03/11/2021T10:22:49Z,128,207,224,55.86,26.70,989.82 
03/11/2021T10:23:20Z,126,200,225,55.82,26.76,989.82 
03/11/2021T10:23:50Z,122,199,220,55.18,26.78,990.00 
03/11/2021T10:24:21Z,119,194,215,54.91,26.84,990.11 
03/11/2021T10:24:52Z,123,199,217,55.41,26.81,989.96 
03/11/2021T10:25:22Z,119,195,213,55.35,26.87,989.93 
03/11/2021T10:25:52Z,120,190,210,55.42,27.04,989.86 
03/11/2021T10:26:23Z,118,188,207,55.35,27.16,989.82 
03/11/2021T10:26:53Z,115,187,205,55.18,27.28,989.85 
03/11/2021T10:27:24Z,113,186,204,55.20,27.35,989.86 
03/11/2021T10:27:54Z,114,185,211,54.50,27.33,990.07 
03/11/2021T10:28:25Z,114,181,200,54.51,27.28,990.11 
03/11/2021T10:28:56Z,113,183,206,54.70,27.21,990.05 
03/11/2021T10:29:26Z,111,177,198,54.81,27.19,990.02 
03/11/2021T10:29:56Z,110,181,203,54.96,27.14,989.96 
03/11/2021T10:30:27Z,112,181,203,54.76,27.06,990.06 
03/11/2021T10:30:57Z,111,181,205,54.74,26.97,990.10 
03/11/2021T10:31:28Z,114,183,204,55.35,26.93,989.90 
03/11/2021T10:31:58Z,114,188,209,55.45,26.90,989.84 
03/11/2021T10:32:29Z,113,185,206,55.49,26.85,989.81 
03/11/2021T10:32:59Z,114,179,202,55.43,26.83,989.85 
03/11/2021T10:33:29Z,113,179,196,55.76,26.78,989.75 
03/11/2021T10:33:59Z,112,181,202,56.41,26.78,989.53 
03/11/2021T10:34:30Z,113,186,209,56.54,26.80,989.46 
03/11/2021T10:35:00Z,110,183,202,56.19,26.84,989.59 
03/11/2021T10:35:31Z,114,185,210,56.28,26.83,989.56 
03/11/2021T10:36:01Z,112,181,201,55.70,26.83,989.73 
03/11/2021T10:36:32Z,111,183,200,55.53,26.92,989.81 
03/11/2021T10:37:02Z,112,183,201,55.44,26.97,989.84 
03/11/2021T10:37:32Z,111,186,204,55.17,26.97,989.92 
03/11/2021T10:38:03Z,112,185,208,55.30,27.00,989.87 
03/11/2021T10:38:34Z,115,184,206,55.39,26.99,989.83 
03/11/2021T10:39:05Z,114,185,208,54.64,27.01,990.09 
03/11/2021T10:39:35Z,117,190,214,54.10,27.01,990.26 
03/11/2021T10:40:05Z,114,191,223,54.80,27.03,990.03 
03/11/2021T10:40:35Z,116,193,212,54.93,27.08,989.95 
03/11/2021T10:41:06Z,116,190,211,55.00,27.10,989.91 
03/11/2021T10:41:37Z,119,196,219,54.82,27.11,989.96 
03/11/2021T10:42:07Z,114,189,210,54.65,27.03,990.04 
03/11/2021T10:42:38Z,115,188,210,55.21,27.00,989.87 
03/11/2021T10:43:08Z,116,190,205,55.17,27.06,989.84 
03/11/2021T10:43:38Z,112,184,210,54.45,27.06,990.08 
03/11/2021T10:44:08Z,115,187,217,54.86,27.08,989.95 
03/11/2021T10:44:39Z,113,187,213,54.88,27.08,989.92 
03/11/2021T10:45:09Z,112,182,200,55.06,27.07,989.85 
03/11/2021T10:45:40Z,112,184,205,55.18,27.05,989.81 
03/11/2021T10:46:10Z,114,181,208,55.43,27.06,989.73 
03/11/2021T10:46:40Z,110,180,203,55.50,27.06,989.70 
03/11/2021T10:47:10Z,109,176,195,55.24,27.07,989.79 
03/11/2021T10:47:41Z,109,177,196,55.67,27.06,989.65 
03/11/2021T10:48:12Z,109,176,202,55.61,26.99,989.69 
03/11/2021T10:48:42Z,109,179,204,55.97,26.93,989.60 
03/11/2021T10:49:12Z,108,175,196,55.99,26.96,989.56 
03/11/2021T10:49:42Z,108,179,196,55.89,26.92,989.60 
03/11/2021T10:50:13Z,111,180,199,55.88,26.92,989.63 
03/11/2021T10:50:43Z,109,178,196,56.19,26.90,989.51 
03/11/2021T10:51:13Z,110,179,204,56.10,26.93,989.54 
03/11/2021T10:51:43Z,113,178,195,56.46,26.93,989.43 
03/11/2021T10:52:14Z,113,184,202,56.24,26.94,989.49 
03/11/2021T10:52:45Z,110,179,196,56.19,26.94,989.53 
03/11/2021T10:53:15Z,111,177,198,56.38,26.95,989.47 
03/11/2021T10:53:46Z,111,183,206,56.31,26.97,989.49 
03/11/2021T10:54:17Z,114,188,215,56.46,26.93,989.44 
03/11/2021T10:54:47Z,114,182,203,56.58,27.01,989.39 
03/11/2021T10:55:18Z,114,185,206,56.47,27.01,989.43 
03/11/2021T10:55:48Z,113,184,206,56.12,27.02,989.54 
03/11/2021T10:56:18Z,117,193,216,55.79,26.99,989.66 
03/11/2021T10:56:48Z,118,193,213,56.44,26.94,989.47 
03/11/2021T10:57:19Z,117,188,209,57.23,27.02,989.24 
03/11/2021T10:57:50Z,118,186,206,57.88,27.07,989.12 
03/11/2021T10:58:20Z,118,191,209,57.86,27.08,989.18 
03/11/2021T10:58:50Z,114,186,205,58.11,27.07,989.17 
03/11/2021T10:59:20Z,115,184,206,57.59,27.01,989.32 
03/11/2021T10:59:51Z,115,191,210,57.92,27.04,989.26 
03/11/2021T11:00:21Z,112,184,202,57.60,27.06,989.34 
03/11/2021T11:00:52Z,112,183,205,57.36,27.05,989.40 
03/11/2021T11:01:22Z,114,182,203,57.21,27.01,989.45 
03/11/2021T11:01:53Z,115,190,206,57.59,27.02,989.35 
03/11/2021T11:02:23Z,114,185,205,57.90,27.08,989.28 
03/11/2021T11:02:54Z,117,190,209,57.05,27.07,989.49 
03/11/2021T11:03:24Z,115,190,207,56.73,27.01,989.57 
03/11/2021T11:03:54Z,115,188,210,56.41,26.95,989.71 
03/11/2021T11:04:24Z,115,185,211,56.41,26.91,989.71 
03/11/2021T11:04:55Z,120,198,225,56.38,26.87,989.71 
03/11/2021T11:05:26Z,114,190,216,56.13,26.84,989.78 
03/11/2021T11:05:56Z,113,189,204,56.16,26.81,989.77 
03/11/2021T11:06:26Z,114,186,210,56.23,26.79,989.75 
03/11/2021T11:06:57Z,114,186,210,56.14,26.78,989.77 
03/11/2021T11:07:27Z,111,181,200,56.37,26.74,989.71 
03/11/2021T11:07:58Z,112,185,206,56.61,26.69,989.64 
03/11/2021T11:08:29Z,111,184,205,56.92,26.67,989.54 
03/11/2021T11:08:59Z,111,178,203,56.75,26.66,989.57 
03/11/2021T11:09:29Z,111,179,199,56.72,26.66,989.59 
03/11/2021T11:10:00Z,109,177,197,56.67,26.67,989.60 
03/11/2021T11:10:31Z,112,185,203,56.79,26.65,989.55 
03/11/2021T11:11:01Z,124,203,227,56.79,26.64,989.54 
03/11/2021T11:11:31Z,128,208,231,56.84,26.62,989.53 
03/11/2021T11:12:02Z,124,202,222,57.32,26.58,989.39 
03/11/2021T11:12:33Z,127,208,230,57.67,26.62,989.30 
03/11/2021T11:13:03Z,123,200,223,57.44,26.60,989.37 
03/11/2021T11:13:34Z,124,200,214,57.81,26.60,989.28 
03/11/2021T11:14:04Z,123,195,221,57.53,26.57,989.37 
03/11/2021T11:14:35Z,119,189,213,57.57,26.55,989.36 
03/11/2021T11:15:05Z,119,190,211,57.75,26.53,989.32 
03/11/2021T11:15:36Z,117,190,210,57.79,26.53,989.30 
03/11/2021T11:16:06Z,117,191,216,57.77,26.53,989.31 
03/11/2021T11:16:36Z,117,184,207,57.85,26.52,989.31 
03/11/2021T11:17:06Z,120,188,213,57.94,26.51,989.30 
03/11/2021T11:17:37Z,116,190,215,57.95,26.51,989.28 
03/11/2021T11:18:08Z,116,184,206,57.90,26.53,989.29 
03/11/2021T11:18:38Z,114,186,208,57.79,26.52,989.33 
03/11/2021T11:19:08Z,114,186,210,57.87,26.50,989.32 
03/11/2021T11:19:39Z,114,184,208,58.10,26.46,989.27 
03/11/2021T11:20:10Z,113,182,204,57.99,26.47,989.29 
03/11/2021T11:20:40Z,111,186,201,58.12,26.49,989.25 
03/11/2021T11:21:11Z,113,180,204,58.07,26.54,989.26 
03/11/2021T11:21:41Z,111,181,202,58.34,26.52,989.21 
03/11/2021T11:22:11Z,111,180,196,58.51,26.46,989.18 
03/11/2021T11:22:42Z,111,180,201,58.36,26.49,989.23 
03/11/2021T11:23:13Z,111,179,202,58.53,26.50,989.20 
03/11/2021T11:23:44Z,112,181,197,58.18,26.48,989.29 
03/11/2021T11:24:14Z,111,181,204,58.04,26.53,989.32 
03/11/2021T11:24:45Z,112,179,203,58.10,26.57,989.29 
03/11/2021T11:25:15Z,111,179,200,57.93,26.59,989.34 
03/11/2021T11:25:46Z,108,178,200,57.85,26.57,989.35 
03/11/2021T11:26:16Z,109,172,194,57.74,26.59,989.38 
03/11/2021T11:26:46Z,107,172,188,57.63,26.59,989.39 
03/11/2021T11:27:16Z,110,175,202,57.73,26.59,989.37 
03/11/2021T11:27:47Z,108,176,202,57.74,26.58,989.37 
03/11/2021T11:28:17Z,108,171,195,57.55,26.61,989.44 
03/11/2021T11:28:47Z,108,175,194,57.51,26.65,989.44 
03/11/2021T11:29:17Z,105,171,194,57.36,26.65,989.47 
03/11/2021T11:29:48Z,106,175,198,57.36,26.68,989.47 
03/11/2021T11:30:18Z,107,179,200,57.40,26.65,989.48 
03/11/2021T11:30:48Z,107,170,187,57.51,26.66,989.43 
03/11/2021T11:31:19Z,106,174,193,57.44,26.68,989.45 
03/11/2021T11:31:49Z,105,174,196,57.48,26.67,989.44 
03/11/2021T11:32:19Z,105,173,195,57.57,26.65,989.42 
03/11/2021T11:32:50Z,110,178,198,57.57,26.65,989.42 
03/11/2021T11:33:21Z,108,174,192,57.54,26.65,989.43 
03/11/2021T11:33:51Z,107,174,193,57.51,26.65,989.44 
03/11/2021T11:34:22Z,108,173,193,57.45,26.67,989.47 
03/11/2021T11:34:53Z,107,174,196,57.42,26.68,989.46 
03/11/2021T11:35:23Z,105,174,194,57.48,26.71,989.43 
03/11/2021T11:35:54Z,105,172,193,57.52,26.72,989.42 
03/11/2021T11:36:25Z,106,174,195,57.57,26.73,989.41 
03/11/2021T11:36:56Z,108,177,201,57.53,26.76,989.41 
03/11/2021T11:37:26Z,109,175,194,57.43,26.80,989.43 
03/11/2021T11:37:57Z,106,171,198,57.38,26.83,989.44 
03/11/2021T11:38:27Z,106,175,193,57.23,26.82,989.48 
03/11/2021T11:38:58Z,106,178,194,57.11,26.85,989.53 
03/11/2021T11:39:29Z,104,172,194,56.93,26.79,989.61 
03/11/2021T11:39:59Z,103,168,190,57.19,26.74,989.54 
03/11/2021T11:40:29Z,105,170,190,57.44,26.70,989.46 
03/11/2021T11:40:59Z,105,170,190,57.78,26.66,989.38 
03/11/2021T11:41:29Z,101,170,188,58.48,26.67,989.21 
03/11/2021T11:42:00Z,105,170,192,58.36,26.72,989.24 
03/11/2021T11:42:30Z,107,170,189,58.48,26.73,989.21 
03/11/2021T11:43:00Z,105,168,187,58.55,26.71,989.22 
03/11/2021T11:43:31Z,105,175,199,58.52,26.68,989.26 
03/11/2021T11:44:01Z,103,169,189,58.06,26.65,989.39 
03/11/2021T11:44:32Z,106,172,190,57.99,26.63,989.41 
03/11/2021T11:45:02Z,107,173,198,57.93,26.61,989.42 
03/11/2021T11:45:33Z,105,173,190,57.98,26.63,989.40 
03/11/2021T11:46:03Z,105,170,188,57.98,26.61,989.40 
03/11/2021T11:46:34Z,105,170,190,58.29,26.57,989.33 
03/11/2021T11:47:04Z,105,172,190,58.32,26.60,989.32 
03/11/2021T11:47:35Z,112,183,199,58.18,26.65,989.36 
03/11/2021T11:48:05Z,109,177,198,58.16,26.66,989.36 
03/11/2021T11:48:36Z,110,183,204,58.33,26.70,989.29 
03/11/2021T11:49:06Z,111,181,201,58.48,26.72,989.26 
03/11/2021T11:49:36Z,114,183,204,58.53,26.70,989.25 
03/11/2021T11:50:07Z,116,183,209,58.69,26.70,989.23 
03/11/2021T11:50:37Z,112,181,200,58.57,26.74,989.26 
03/11/2021T11:51:07Z,107,175,199,58.30,26.79,989.30 
03/11/2021T11:51:37Z,109,175,196,58.44,26.80,989.29 
03/11/2021T11:52:07Z,106,178,200,58.61,26.85,989.24 
03/11/2021T11:52:38Z,108,172,187,58.62,26.92,989.24 
03/11/2021T11:53:09Z,109,174,196,58.28,26.96,989.32 
03/11/2021T11:53:39Z,107,174,192,58.32,26.99,989.31 
03/11/2021T11:54:10Z,109,177,194,58.37,26.97,989.29 
03/11/2021T11:54:41Z,107,170,187,58.29,27.02,989.33 
03/11/2021T11:55:11Z,109,174,192,58.45,27.04,989.29 
03/11/2021T11:55:42Z,106,169,191,58.27,27.01,989.33 
03/11/2021T11:56:12Z,107,172,192,58.27,27.02,989.34 
03/11/2021T11:56:43Z,104,174,190,58.26,27.05,989.34 
03/11/2021T11:57:13Z,102,166,183,58.17,27.03,989.36 
03/11/2021T11:57:43Z,107,171,195,58.18,27.01,989.35 
03/11/2021T11:58:13Z,105,172,196,58.21,27.04,989.36 
03/11/2021T11:58:44Z,108,175,200,57.78,27.07,989.43 
03/11/2021T11:59:14Z,108,172,201,57.16,26.97,989.58 
03/11/2021T11:59:45Z,107,174,194,58.16,26.87,989.35 
03/11/2021T12:00:16Z,109,179,198,58.16,26.93,989.32 
03/11/2021T12:00:46Z,105,174,194,58.12,26.97,989.31 
03/11/2021T12:01:16Z,105,172,194,58.16,27.00,989.30 
03/11/2021T12:01:47Z,109,176,194,58.22,27.06,989.28 
03/11/2021T12:02:17Z,109,174,195,57.87,27.08,989.36 
03/11/2021T12:02:48Z,108,178,200,57.73,27.07,989.40 
03/11/2021T12:03:18Z,106,181,213,57.86,27.07,989.38 
03/11/2021T12:03:49Z,108,178,204,57.73,27.07,989.40 
03/11/2021T12:04:19Z,105,177,198,58.06,27.05,989.34 
03/11/2021T12:04:50Z,105,167,191,57.82,27.02,989.39 
03/11/2021T12:05:20Z,107,172,192,58.18,27.00,989.32 
03/11/2021T12:05:50Z,105,168,187,58.03,26.98,989.35 
03/11/2021T12:06:21Z,104,169,186,58.00,26.98,989.36 
03/11/2021T12:06:51Z,103,168,185,57.84,26.92,989.41 
03/11/2021T12:07:22Z,105,173,192,57.86,26.87,989.43 
03/11/2021T12:07:52Z,105,167,181,58.10,26.81,989.37 
03/11/2021T12:08:23Z,102,166,188,58.61,26.81,989.23 
03/11/2021T12:08:54Z,106,173,193,59.36,26.81,989.12 
03/11/2021T12:09:24Z,105,172,189,59.20,26.84,989.18 
03/11/2021T12:09:54Z,105,170,189,58.86,26.87,989.27 
03/11/2021T12:10:25Z,106,175,200,58.44,26.90,989.36 
03/11/2021T12:10:56Z,106,171,189,58.56,26.92,989.33 
03/11/2021T12:11:26Z,108,178,199,58.71,26.91,989.30 
03/11/2021T12:11:56Z,109,175,202,58.78,26.92,989.28 
03/11/2021T12:12:27Z,108,171,192,58.80,26.84,989.30 
03/11/2021T12:12:58Z,109,174,193,58.92,26.91,989.28 
03/11/2021T12:13:28Z,109,179,198,58.59,26.94,989.36 
03/11/2021T12:13:59Z,113,183,204,58.56,26.97,989.36 
03/11/2021T12:14:29Z,118,188,208,58.62,27.00,989.34 
03/11/2021T12:14:59Z,116,182,208,58.29,26.99,989.42 
03/11/2021T12:15:30Z,115,184,212,58.24,26.96,989.45 
03/11/2021T12:16:01Z,119,188,213,58.43,26.87,989.41 
03/11/2021T12:16:31Z,116,189,216,58.52,26.86,989.41 
03/11/2021T12:17:02Z,118,187,214,58.71,26.87,989.37 
03/11/2021T12:17:32Z,115,193,215,58.76,26.90,989.36 
03/11/2021T12:18:03Z,115,192,215,58.38,26.90,989.45 
03/11/2021T12:18:33Z,114,187,211,58.41,26.89,989.45 
03/11/2021T12:19:04Z,113,189,206,58.36,26.87,989.47 
03/11/2021T12:19:35Z,114,185,210,58.62,26.84,989.43 
03/11/2021T12:20:06Z,117,188,207,58.46,26.85,989.46 
03/11/2021T12:20:36Z,114,184,205,58.36,26.85,989.50 
03/11/2021T12:21:07Z,112,181,201,58.22,26.86,989.54 
03/11/2021T12:21:38Z,110,178,202,58.19,26.86,989.56 
03/11/2021T12:22:08Z,116,184,208,58.35,26.86,989.50 
03/11/2021T12:22:39Z,112,185,209,58.42,26.84,989.49 
03/11/2021T12:23:10Z,115,185,208,58.59,26.83,989.45 
03/11/2021T12:23:40Z,112,184,203,58.63,26.84,989.43 
03/11/2021T12:24:11Z,111,185,206,58.63,26.85,989.43 
03/11/2021T12:24:41Z,116,187,210,58.69,26.86,989.41 
03/11/2021T12:25:11Z,114,185,206,58.42,26.89,989.48 
03/11/2021T12:25:42Z,115,184,211,58.55,26.88,989.45 
03/11/2021T12:26:12Z,116,191,212,58.71,26.86,989.41 
03/11/2021T12:26:42Z,120,193,212,58.85,26.83,989.41 
03/11/2021T12:27:13Z,122,195,220,58.92,26.80,989.40 
03/11/2021T12:27:43Z,130,214,240,59.12,26.80,989.36 
03/11/2021T12:28:14Z,126,204,234,58.99,26.88,989.41 
03/11/2021T12:28:45Z,126,208,237,58.81,26.93,989.43 
03/11/2021T12:29:15Z,126,207,238,58.58,26.94,989.49 
03/11/2021T12:29:46Z,124,208,237,58.55,26.95,989.51 
03/11/2021T12:30:17Z,127,213,236,58.57,26.93,989.51 
03/11/2021T12:30:47Z,131,216,239,58.71,26.91,989.48 
03/11/2021T12:31:17Z,137,222,246,58.45,26.91,989.56 
03/11/2021T12:31:48Z,138,224,252,58.64,26.91,989.52 
03/11/2021T12:32:18Z,146,242,265,58.84,26.89,989.47 
03/11/2021T12:32:48Z,156,250,286,58.87,26.89,989.46 
03/11/2021T12:33:19Z,157,253,294,58.48,26.88,989.56 
03/11/2021T12:33:49Z,156,259,288,58.72,26.84,989.51 
03/11/2021T12:34:20Z,162,273,309,58.75,26.86,989.50 
03/11/2021T12:34:50Z,171,284,312,59.04,26.88,989.43 
03/11/2021T12:35:20Z,168,275,308,59.10,26.90,989.42 
03/11/2021T12:35:50Z,165,276,315,58.91,26.95,989.46 
03/11/2021T12:36:21Z,173,287,323,58.63,27.00,989.52 
03/11/2021T12:36:51Z,175,291,327,58.54,26.98,989.56 
03/11/2021T12:37:21Z,176,294,332,58.79,26.96,989.50 
03/11/2021T12:37:52Z,173,295,336,58.69,26.96,989.54 
03/11/2021T12:38:22Z,177,298,335,58.73,26.96,989.54 
03/11/2021T12:38:52Z,177,296,336,59.11,26.95,989.45 
03/11/2021T12:39:22Z,179,298,350,59.23,26.92,989.46 
03/11/2021T12:39:52Z,179,299,341,59.22,26.92,989.46 
03/11/2021T12:40:23Z,180,298,339,59.14,26.91,989.51 
03/11/2021T12:40:53Z,177,309,363,59.56,26.91,989.44 
03/11/2021T12:41:24Z,180,315,353,60.19,26.92,989.43 
03/11/2021T12:41:54Z,185,323,372,60.28,26.90,989.44 
03/11/2021T12:42:24Z,185,317,362,60.02,26.87,989.50 
03/11/2021T12:42:54Z,179,304,349,59.65,26.83,989.59 
03/11/2021T12:43:25Z,181,304,357,59.60,26.82,989.62 
03/11/2021T12:43:55Z,188,332,377,59.57,26.87,989.60 
03/11/2021T12:44:26Z,210,374,430,59.49,26.85,989.61 
03/11/2021T12:44:56Z,216,403,464,59.31,26.85,989.65 
03/11/2021T12:45:27Z,211,394,457,59.53,26.88,989.60 
03/11/2021T12:45:58Z,208,395,456,59.65,26.87,989.58 
03/11/2021T12:46:28Z,219,413,482,59.49,26.85,989.61 
03/11/2021T12:46:59Z,234,454,529,60.05,26.81,989.53 
03/11/2021T12:47:29Z,226,428,495,60.12,26.76,989.56 
03/11/2021T12:48:00Z,218,407,475,59.81,26.76,989.62 
03/11/2021T12:48:31Z,216,420,490,59.89,26.75,989.60 
03/11/2021T12:49:01Z,221,434,517,59.82,26.72,989.62 
03/11/2021T12:49:32Z,219,415,485,60.09,26.72,989.59 
03/11/2021T12:50:02Z,217,412,483,59.72,26.73,989.67 
03/11/2021T12:50:32Z,206,389,465,60.13,26.73,989.58 
03/11/2021T12:51:02Z,221,428,505,60.18,26.72,989.59 
03/11/2021T12:51:33Z,221,433,512,60.42,26.69,989.58 
03/11/2021T12:52:03Z,216,416,488,60.48,26.69,989.59 
03/11/2021T12:52:34Z,216,412,483,60.32,26.69,989.62 
03/11/2021T12:53:04Z,225,433,513,60.24,26.67,989.64 
03/11/2021T12:53:34Z,215,419,514,60.11,26.69,989.65 
03/11/2021T12:54:05Z,221,428,507,59.76,26.69,989.70 
03/11/2021T12:54:35Z,221,442,519,60.01,26.68,989.66 
03/11/2021T12:55:06Z,242,512,619,60.04,26.65,989.67 
03/11/2021T12:55:37Z,225,437,516,59.50,26.67,989.76 
03/11/2021T12:56:07Z,226,430,521,59.32,26.69,989.78 
03/11/2021T12:56:37Z,226,444,519,59.19,26.73,989.79 
03/11/2021T12:57:08Z,237,465,550,59.00,26.72,989.82 
03/11/2021T12:57:39Z,245,490,584,59.07,26.69,989.81 
03/11/2021T12:58:09Z,244,490,579,59.08,26.69,989.80 
03/11/2021T12:58:40Z,238,479,570,59.05,26.74,989.81 
03/11/2021T12:59:10Z,242,486,566,58.72,26.78,989.86 
03/11/2021T12:59:40Z,246,513,613,58.77,26.81,989.84 
03/11/2021T13:00:10Z,240,479,570,58.91,26.83,989.80 
03/11/2021T13:00:41Z,250,514,622,59.18,26.83,989.75 
03/11/2021T13:01:11Z,250,516,612,59.04,26.85,989.79 
03/11/2021T13:01:42Z,248,518,621,58.85,26.87,989.82 
03/11/2021T13:02:12Z,250,522,612,59.03,26.90,989.78 
03/11/2021T13:02:43Z,245,483,587,58.98,26.95,989.81 
03/11/2021T13:03:13Z,238,469,561,58.91,26.97,989.82 
03/11/2021T13:03:44Z,241,478,564,59.01,27.01,989.79 
03/11/2021T13:04:14Z,247,506,599,58.81,27.05,989.83 
03/11/2021T13:04:45Z,247,505,591,58.65,27.08,989.86 
03/11/2021T13:05:15Z,254,518,601,58.43,27.10,989.93 
03/11/2021T13:05:46Z,262,534,627,58.31,27.10,989.96 
03/11/2021T13:06:16Z,259,532,644,58.67,27.10,989.87 
03/11/2021T13:06:46Z,256,529,624,58.85,27.11,989.85 
03/11/2021T13:07:17Z,264,554,657,58.89,27.12,989.84 
03/11/2021T13:07:47Z,273,603,718,58.43,27.09,989.96 
03/11/2021T13:08:18Z,275,619,741,58.59,27.07,989.93 
03/11/2021T13:08:48Z,276,603,731,58.90,27.08,989.86 
03/11/2021T13:09:19Z,273,576,684,58.83,27.07,989.91 
03/11/2021T13:09:49Z,257,546,645,59.05,27.06,989.85 
03/11/2021T13:10:20Z,253,516,606,59.01,27.05,989.88 
03/11/2021T13:10:50Z,247,492,575,59.04,27.05,989.88 
03/11/2021T13:11:21Z,247,485,565,58.92,27.05,989.92 
03/11/2021T13:11:51Z,245,477,562,59.07,27.06,989.90 
03/11/2021T13:12:22Z,254,509,600,58.92,27.07,989.93 
03/11/2021T13:12:52Z,252,503,588,58.78,27.07,989.97 
03/11/2021T13:13:23Z,243,474,568,58.67,27.05,990.00 
03/11/2021T13:13:53Z,248,491,572,58.87,27.07,989.95 
03/11/2021T13:14:24Z,257,515,614,58.49,27.07,990.04 
03/11/2021T13:14:54Z,250,509,599,58.50,27.08,990.03 
03/11/2021T13:15:25Z,254,509,600,58.98,27.09,989.90 
03/11/2021T13:15:55Z,254,514,609,58.87,27.08,989.96 
03/11/2021T13:16:26Z,255,504,593,58.90,27.08,989.95 
03/11/2021T13:16:56Z,253,494,580,58.80,27.09,989.97 
03/11/2021T13:17:27Z,251,495,580,58.74,27.10,989.98 
03/11/2021T13:17:57Z,243,484,573,59.10,27.11,989.91 
03/11/2021T13:18:27Z,247,478,565,58.93,27.11,989.95 
03/11/2021T13:18:58Z,251,503,583,58.68,27.11,990.02 
03/11/2021T13:19:28Z,254,511,607,58.94,27.11,989.95 
03/11/2021T13:19:58Z,260,522,597,58.70,27.10,990.01 
03/11/2021T13:20:28Z,269,523,610,58.84,27.10,989.99 
03/11/2021T13:20:59Z,268,529,635,58.92,27.10,989.99 
03/11/2021T13:21:29Z,264,527,605,58.97,27.09,989.97 
03/11/2021T13:21:59Z,264,518,593,58.85,27.09,990.00 
03/11/2021T13:22:30Z,262,504,586,58.86,27.09,989.99 
03/11/2021T13:23:00Z,260,509,594,58.93,27.08,989.99 
03/11/2021T13:23:30Z,263,505,588,58.96,27.05,989.98 
03/11/2021T13:24:01Z,259,497,584,59.16,27.05,989.94 
03/11/2021T13:24:31Z,260,487,567,58.96,27.04,989.98 
03/11/2021T13:25:02Z,254,482,565,58.92,27.03,989.99 
03/11/2021T13:25:33Z,248,464,535,58.98,27.04,989.97 
03/11/2021T13:26:03Z,248,462,528,58.90,27.04,989.99 
03/11/2021T13:26:34Z,245,445,513,59.06,27.06,989.94 
03/11/2021T13:27:04Z,245,451,518,59.19,27.06,989.92 
03/11/2021T13:27:35Z,239,437,504,58.84,27.06,990.01 
03/11/2021T13:28:05Z,233,422,488,58.60,27.05,990.06 
03/11/2021T13:28:36Z,232,427,490,58.50,27.03,990.10 
03/11/2021T13:29:07Z,236,423,482,58.97,26.98,989.99 
03/11/2021T13:29:38Z,235,418,486,58.90,26.97,990.01 
03/11/2021T13:30:08Z,232,416,481,58.86,26.96,990.03 
03/11/2021T13:30:39Z,233,409,473,58.97,26.96,990.01 
03/11/2021T13:31:10Z,227,403,456,59.13,26.97,989.97 
03/11/2021T13:31:40Z,223,392,449,59.22,26.99,989.96 
03/11/2021T13:32:11Z,224,389,448,59.42,27.03,989.92 
03/11/2021T13:32:41Z,222,386,442,59.34,27.06,989.93 
03/11/2021T13:33:12Z,218,387,440,59.32,27.07,989.94 
03/11/2021T13:33:43Z,219,374,431,58.87,27.06,990.07 
03/11/2021T13:34:14Z,217,367,416,58.75,27.01,990.12 
03/11/2021T13:34:44Z,216,374,430,58.95,26.97,990.07 
03/11/2021T13:35:15Z,215,370,424,59.13,26.92,990.04 
03/11/2021T13:35:45Z,217,365,432,59.43,26.89,990.00 
03/11/2021T13:36:16Z,247,451,522,59.61,26.91,989.97 
03/11/2021T13:36:46Z,242,431,504,59.55,26.93,989.97 
03/11/2021T13:37:17Z,284,537,613,59.64,26.94,989.97 
03/11/2021T13:37:47Z,269,491,562,59.63,26.97,989.98 
03/11/2021T13:38:18Z,246,435,500,59.64,26.97,989.98 
03/11/2021T13:38:48Z,228,400,451,59.56,26.99,990.00 
03/11/2021T13:39:19Z,227,393,454,59.66,27.01,989.98 
03/11/2021T13:39:50Z,227,388,448,59.69,27.04,989.98 
03/11/2021T13:40:20Z,223,386,445,59.69,27.05,989.97 
03/11/2021T13:40:51Z,217,378,428,59.52,27.06,990.01 
03/11/2021T13:41:22Z,211,372,421,59.24,27.04,990.08 
03/11/2021T13:41:52Z,216,370,422,59.44,27.02,990.04 
03/11/2021T13:42:23Z,217,368,415,59.17,26.99,990.10 
03/11/2021T13:42:53Z,212,357,407,59.33,26.97,990.07 
03/11/2021T13:43:24Z,213,362,419,59.73,26.97,989.99 
03/11/2021T13:43:54Z,211,363,416,59.76,26.96,990.00 
03/11/2021T13:44:25Z,211,356,403,59.58,26.95,990.05 
03/11/2021T13:44:56Z,209,346,404,59.13,26.91,990.16 
03/11/2021T13:45:26Z,209,354,407,59.42,26.89,990.10 
03/11/2021T13:45:57Z,209,356,398,59.58,26.90,990.06 
03/11/2021T13:46:27Z,210,354,416,59.85,26.91,990.01 
03/11/2021T13:46:58Z,210,354,410,60.02,26.93,990.01 
03/11/2021T13:47:28Z,207,357,425,59.74,26.94,990.07 
03/11/2021T13:47:59Z,209,356,404,59.57,26.94,990.10 
03/11/2021T13:48:29Z,208,348,399,59.85,26.94,990.05 
03/11/2021T13:49:00Z,206,350,408,59.83,26.94,990.07 
03/11/2021T13:49:30Z,205,340,388,59.88,26.95,990.06 
03/11/2021T13:50:01Z,202,341,398,59.84,26.97,990.08 
03/11/2021T13:50:31Z,203,338,391,59.95,26.96,990.06 
03/11/2021T13:51:02Z,200,341,388,59.70,26.97,990.11 
03/11/2021T13:51:33Z,201,336,388,59.39,26.97,990.18 
03/11/2021T13:52:04Z,197,336,385,59.52,26.96,990.15 
03/11/2021T13:52:35Z,197,341,388,59.35,26.93,990.20 
03/11/2021T13:53:05Z,203,337,388,59.42,26.90,990.18 
03/11/2021T13:53:36Z,201,339,386,59.52,26.88,990.17 
03/11/2021T13:54:06Z,199,333,385,59.63,26.87,990.14 
03/11/2021T13:54:36Z,202,339,392,59.68,26.87,990.14 
03/11/2021T13:55:07Z,201,334,373,59.34,26.85,990.21 
03/11/2021T13:55:37Z,201,334,373,59.57,26.83,990.19 
03/11/2021T13:56:08Z,204,334,383,59.40,26.79,990.24 
03/11/2021T13:56:39Z,200,325,370,59.56,26.74,990.23 
03/11/2021T13:57:10Z,207,338,378,59.60,26.73,990.22 
03/11/2021T13:57:41Z,202,335,375,59.71,26.74,990.19 
03/11/2021T13:58:11Z,206,344,395,59.55,26.75,990.25 
03/11/2021T13:58:42Z,208,347,394,59.63,26.77,990.24 
03/11/2021T13:59:13Z,207,336,380,59.46,26.77,990.26 
03/11/2021T13:59:44Z,207,339,386,59.40,26.78,990.28 
03/11/2021T14:00:14Z,206,332,376,59.44,26.80,990.27 
03/11/2021T14:00:44Z,203,326,375,59.62,26.83,990.20 
03/11/2021T14:01:15Z,201,327,372,59.35,26.86,990.26 
03/11/2021T14:01:46Z,199,329,382,59.09,26.88,990.32 
03/11/2021T14:02:16Z,196,328,377,58.97,26.87,990.34 
03/11/2021T14:02:47Z,193,322,376,58.84,26.84,990.39 
03/11/2021T14:03:18Z,199,329,374,59.02,26.80,990.36 
03/11/2021T14:03:48Z,196,322,361,59.08,26.78,990.36 
03/11/2021T14:04:19Z,199,336,383,59.10,26.78,990.36 
03/11/2021T14:04:49Z,197,324,366,59.09,26.80,990.36 
03/11/2021T14:05:20Z,196,324,369,59.04,26.80,990.38 
03/11/2021T14:05:50Z,199,324,371,59.03,26.80,990.36 
03/11/2021T14:06:20Z,193,324,370,58.96,26.81,990.38 
03/11/2021T14:06:51Z,198,321,360,59.04,26.80,990.35 
03/11/2021T14:07:22Z,193,320,367,59.27,26.75,990.32 
03/11/2021T14:07:52Z,191,321,369,59.29,26.76,990.34 
03/11/2021T14:08:22Z,191,311,362,59.48,26.77,990.30 
03/11/2021T14:08:53Z,194,323,365,59.56,26.79,990.27 
03/11/2021T14:09:23Z,193,323,371,59.42,26.83,990.31 
03/11/2021T14:09:53Z,186,315,365,59.45,26.85,990.30 
03/11/2021T14:10:23Z,195,324,372,59.33,26.86,990.33 
03/11/2021T14:10:54Z,197,333,391,59.37,26.87,990.33 
03/11/2021T14:11:24Z,194,329,387,59.44,26.88,990.32 
03/11/2021T14:11:55Z,196,324,373,59.45,26.91,990.32 
03/11/2021T14:12:25Z,200,329,368,59.24,26.93,990.37 
03/11/2021T14:12:56Z,201,329,373,58.88,26.90,990.47 
03/11/2021T14:13:26Z,202,329,376,58.97,26.86,990.46 
03/11/2021T14:13:57Z,202,337,390,59.13,26.84,990.42 
03/11/2021T14:14:27Z,197,341,395,59.33,26.81,990.38 
03/11/2021T14:14:57Z,201,342,391,59.44,26.80,990.37 
03/11/2021T14:15:27Z,202,324,374,59.36,26.77,990.40 
03/11/2021T14:15:58Z,201,329,370,59.29,26.73,990.44 
03/11/2021T14:16:29Z,200,328,375,59.37,26.67,990.41 
03/11/2021T14:16:59Z,200,327,375,59.66,26.64,990.36 
03/11/2021T14:17:30Z,202,335,377,59.76,26.63,990.36 
03/11/2021T14:18:01Z,199,332,374,59.79,26.62,990.36 
03/11/2021T14:18:31Z,204,345,387,60.01,26.60,990.32 
03/11/2021T14:19:02Z,201,334,379,60.03,26.60,990.33 
03/11/2021T14:19:33Z,199,334,380,60.16,26.57,990.32 
03/11/2021T14:20:04Z,202,335,379,60.40,26.60,990.30 
03/11/2021T14:20:34Z,201,331,376,60.39,26.62,990.31 
03/11/2021T14:21:05Z,200,329,372,60.27,26.63,990.34 
03/11/2021T14:21:35Z,199,336,378,60.07,26.65,990.37 
03/11/2021T14:22:06Z,201,332,376,60.19,26.65,990.36 
03/11/2021T14:22:36Z,200,328,368,60.13,26.65,990.37 
03/11/2021T14:23:06Z,197,328,377,60.06,26.66,990.39 
03/11/2021T14:23:36Z,195,324,372,60.07,26.64,990.40 
03/11/2021T14:24:07Z,199,339,387,60.18,26.61,990.38 
03/11/2021T14:24:37Z,196,324,365,60.17,26.65,990.39 
03/11/2021T14:25:08Z,200,328,373,60.27,26.63,990.38 
03/11/2021T14:25:39Z,197,333,379,60.42,26.59,990.37 
03/11/2021T14:26:09Z,201,330,382,60.35,26.56,990.40 
03/11/2021T14:26:40Z,198,333,383,60.55,26.53,990.38 
03/11/2021T14:27:10Z,200,327,362,60.70,26.53,990.37 
03/11/2021T14:27:41Z,197,326,370,60.48,26.53,990.42 
03/11/2021T14:28:12Z,193,325,375,60.54,26.52,990.42 
03/11/2021T14:28:42Z,194,324,371,60.66,26.48,990.41 
03/11/2021T14:29:12Z,193,320,365,60.69,26.54,990.41 
03/11/2021T14:29:43Z,194,323,362,60.65,26.51,990.42 
03/11/2021T14:30:13Z,193,321,365,60.50,26.53,990.44 
03/11/2021T14:30:44Z,197,324,370,60.53,26.48,990.46 
03/11/2021T14:31:15Z,194,318,367,60.79,26.43,990.44 
03/11/2021T14:31:45Z,190,318,368,60.74,26.39,990.47 
03/11/2021T14:32:16Z,194,314,366,60.91,26.30,990.47 
03/11/2021T14:32:46Z,193,321,375,61.30,26.25,990.43 
03/11/2021T14:33:17Z,192,308,356,61.44,26.26,990.44 
03/11/2021T14:33:47Z,192,310,358,61.06,26.30,990.51 
03/11/2021T14:34:17Z,191,314,363,61.01,26.32,990.52 
03/11/2021T14:34:48Z,190,309,358,60.92,26.38,990.53 
03/11/2021T14:35:18Z,192,311,358,60.95,26.41,990.52 
03/11/2021T14:35:49Z,191,313,360,61.11,26.42,990.50 
03/11/2021T14:36:19Z,192,314,361,60.97,26.41,990.54 
03/11/2021T14:36:50Z,189,309,357,60.76,26.47,990.58 
03/11/2021T14:37:20Z,191,316,365,60.85,26.47,990.57 
03/11/2021T14:37:50Z,190,312,356,60.85,26.45,990.56 
03/11/2021T14:38:20Z,192,308,363,61.05,26.47,990.54 
03/11/2021T14:38:50Z,191,311,368,60.87,26.49,990.56 
03/11/2021T14:39:20Z,190,309,348,60.64,26.52,990.59 
03/11/2021T14:39:50Z,193,311,357,60.61,26.55,990.59 
03/11/2021T14:40:20Z,190,311,352,60.37,26.58,990.61 
03/11/2021T14:40:51Z,192,309,356,60.25,26.60,990.63 
03/11/2021T14:41:21Z,191,312,352,60.09,26.63,990.63 
03/11/2021T14:41:52Z,187,307,344,59.89,26.63,990.65 
03/11/2021T14:42:22Z,188,303,340,59.70,26.67,990.68 
03/11/2021T14:42:52Z,190,316,362,59.98,26.69,990.63 
03/11/2021T14:43:22Z,192,313,358,59.84,26.70,990.66 
03/11/2021T14:43:53Z,193,314,362,59.72,26.67,990.68 
03/11/2021T14:44:23Z,189,307,345,59.72,26.63,990.69 
03/11/2021T14:44:54Z,192,307,348,59.94,26.63,990.65 
03/11/2021T14:45:24Z,187,296,336,59.95,26.64,990.64 
03/11/2021T14:45:54Z,189,302,336,59.90,26.64,990.67 
03/11/2021T14:46:24Z,192,307,347,60.01,26.61,990.64 
03/11/2021T14:46:55Z,199,324,362,60.19,26.58,990.61 
03/11/2021T14:47:25Z,205,331,380,60.23,26.53,990.62 
03/11/2021T14:47:56Z,204,332,371,60.18,26.48,990.63 
03/11/2021T14:48:27Z,205,335,375,60.33,26.39,990.62 
03/11/2021T14:48:57Z,207,334,371,60.53,26.38,990.60 
03/11/2021T14:49:28Z,215,340,381,60.44,26.37,990.60 
03/11/2021T14:49:59Z,223,354,388,60.48,26.33,990.62 
03/11/2021T14:50:30Z,227,371,412,60.56,26.30,990.61 
03/11/2021T14:51:00Z,228,363,404,60.53,26.27,990.62 
03/11/2021T14:51:31Z,226,367,417,60.60,26.26,990.61 
03/11/2021T14:52:02Z,227,369,414,60.68,26.24,990.61 
03/11/2021T14:52:32Z,232,372,424,60.76,26.22,990.61 
03/11/2021T14:53:02Z,223,362,409,61.06,26.18,990.58 
03/11/2021T14:53:33Z,221,364,405,61.20,26.20,990.56 
03/11/2021T14:54:03Z,220,361,406,61.07,26.23,990.59 
03/11/2021T14:54:34Z,220,358,399,60.99,26.25,990.60 
03/11/2021T14:55:04Z,217,360,408,61.01,26.19,990.60 
03/11/2021T14:55:35Z,219,360,410,61.07,26.14,990.61 
03/11/2021T14:56:06Z,216,354,393,61.26,26.10,990.60 
03/11/2021T14:56:36Z,214,345,387,61.20,26.14,990.61 
03/11/2021T14:57:07Z,213,343,396,61.06,26.19,990.61 
03/11/2021T14:57:37Z,210,344,392,60.98,26.23,990.60 
03/11/2021T14:58:08Z,207,347,391,60.88,26.28,990.61 
03/11/2021T14:58:38Z,206,336,376,60.49,26.28,990.68 
03/11/2021T14:59:09Z,202,329,374,60.65,26.27,990.65 
03/11/2021T14:59:40Z,205,336,377,60.52,26.29,990.67 
03/11/2021T15:00:11Z,202,332,368,60.45,26.30,990.68 
03/11/2021T15:00:41Z,201,325,368,60.31,26.27,990.71 
03/11/2021T15:01:11Z,199,326,364,60.57,26.28,990.66 
03/11/2021T15:01:42Z,200,328,374,60.39,26.28,990.71 
03/11/2021T15:02:12Z,196,324,366,60.55,26.27,990.69 
03/11/2021T15:02:42Z,202,326,360,60.52,26.31,990.69 
03/11/2021T15:03:12Z,196,319,357,60.23,26.33,990.75 
03/11/2021T15:03:42Z,195,317,359,60.02,26.33,990.78 
03/11/2021T15:04:13Z,194,325,369,60.12,26.33,990.75 
03/11/2021T15:04:43Z,193,323,360,60.01,26.35,990.78 
03/11/2021T15:05:14Z,197,327,365,59.70,26.35,990.83 
03/11/2021T15:05:45Z,193,316,354,59.73,26.32,990.83 
03/11/2021T15:06:15Z,195,320,359,59.90,26.32,990.80 
03/11/2021T15:06:45Z,195,313,353,59.73,26.34,990.83 
03/11/2021T15:07:16Z,192,315,356,59.75,26.36,990.82 
03/11/2021T15:07:47Z,196,319,356,59.74,26.37,990.82 
03/11/2021T15:08:17Z,191,314,350,59.97,26.38,990.78 
03/11/2021T15:08:47Z,192,312,351,59.90,26.38,990.78 
03/11/2021T15:09:18Z,190,312,351,59.93,26.37,990.79 
03/11/2021T15:09:48Z,188,303,338,59.57,26.39,990.87 
03/11/2021T15:10:18Z,187,304,340,59.56,26.40,990.86 
03/11/2021T15:10:49Z,187,305,348,59.72,26.38,990.82 
03/11/2021T15:11:20Z,187,305,341,59.73,26.39,990.84 
03/11/2021T15:11:51Z,189,311,349,59.61,26.42,990.87 
03/11/2021T15:12:21Z,189,312,347,59.52,26.45,990.91 
03/11/2021T15:12:52Z,185,306,343,59.35,26.49,990.93 
03/11/2021T15:13:22Z,183,302,341,58.99,26.51,991.00 
03/11/2021T15:13:52Z,187,304,344,59.27,26.54,990.93 
03/11/2021T15:14:22Z,182,296,326,59.41,26.64,990.89 
03/11/2021T15:14:52Z,182,295,329,59.09,26.64,990.96 
03/11/2021T15:15:23Z,181,296,339,59.12,26.70,990.95 
03/11/2021T15:15:53Z,179,298,333,58.75,26.70,991.02 
03/11/2021T15:16:24Z,180,297,339,58.87,26.73,990.99 
03/11/2021T15:16:54Z,179,300,346,58.58,26.76,991.04 
03/11/2021T15:17:25Z,178,295,327,58.38,26.81,991.07 
03/11/2021T15:17:55Z,181,302,329,58.42,26.83,991.05 
03/11/2021T15:18:25Z,180,298,332,57.84,26.80,991.18 
03/11/2021T15:18:56Z,177,294,332,58.12,26.79,991.11 
03/11/2021T15:19:26Z,178,301,338,57.90,26.81,991.13 
03/11/2021T15:19:57Z,183,292,330,57.77,26.81,991.16 
03/11/2021T15:20:27Z,188,310,351,57.41,26.76,991.26 
03/11/2021T15:20:57Z,189,312,354,57.78,26.75,991.16 
03/11/2021T15:21:27Z,187,310,352,57.81,26.78,991.13 
03/11/2021T15:21:57Z,187,307,346,57.92,26.81,991.10 
03/11/2021T15:22:28Z,186,306,345,57.86,26.84,991.11 
03/11/2021T15:22:58Z,183,304,344,57.67,26.84,991.16 
03/11/2021T15:23:28Z,178,295,331,57.73,26.87,991.12 
03/11/2021T15:23:58Z,183,301,339,57.54,26.85,991.17 
03/11/2021T15:24:28Z,184,303,346,57.45,26.82,991.21 
03/11/2021T15:24:59Z,181,306,352,57.58,26.82,991.16 
03/11/2021T15:25:30Z,184,304,344,57.11,26.79,991.28 
03/11/2021T15:26:00Z,188,307,342,57.21,26.74,991.26 
03/11/2021T15:26:30Z,188,304,337,57.25,26.68,991.25 
03/11/2021T15:27:01Z,189,309,347,57.54,26.65,991.18 
03/11/2021T15:27:31Z,192,316,359,57.42,26.66,991.22 
03/11/2021T15:28:01Z,187,311,355,57.70,26.68,991.14 
03/11/2021T15:28:31Z,188,313,348,57.54,26.70,991.18 
03/11/2021T15:29:01Z,193,317,353,57.66,26.71,991.14 
03/11/2021T15:29:31Z,192,318,356,57.71,26.71,991.14 
03/11/2021T15:30:02Z,196,316,351,57.58,26.72,991.17 
03/11/2021T15:30:33Z,202,327,366,57.77,26.71,991.14 
03/11/2021T15:31:03Z,199,323,365,57.77,26.75,991.13 
03/11/2021T15:31:34Z,200,331,362,57.63,26.78,991.18 
03/11/2021T15:32:05Z,197,325,368,57.74,26.78,991.16 
03/11/2021T15:32:36Z,201,333,376,57.70,26.74,991.17 
03/11/2021T15:33:07Z,196,330,372,57.88,26.73,991.13 
03/11/2021T15:33:37Z,203,340,382,57.89,26.68,991.14 
03/11/2021T15:34:08Z,213,344,386,58.05,26.64,991.11 
03/11/2021T15:34:38Z,221,364,407,58.37,26.60,991.05 
03/11/2021T15:35:09Z,222,361,399,58.48,26.59,991.04 
03/11/2021T15:35:39Z,227,378,419,58.65,26.60,991.00 
03/11/2021T15:36:10Z,224,373,416,58.68,26.61,991.01 
03/11/2021T15:36:40Z,236,392,438,58.76,26.62,991.01 
03/11/2021T15:37:11Z,222,370,410,58.71,26.63,991.04 
03/11/2021T15:37:42Z,227,381,428,58.60,26.66,991.05 
03/11/2021T15:38:13Z,235,392,434,58.48,26.71,991.07 
03/11/2021T15:38:43Z,230,377,421,58.48,26.73,991.07 
03/11/2021T15:39:14Z,218,360,404,58.26,26.77,991.12 
03/11/2021T15:39:45Z,212,346,382,58.17,26.78,991.15 
03/11/2021T15:40:15Z,213,344,389,58.39,26.78,991.11 
03/11/2021T15:40:46Z,209,345,391,58.32,26.77,991.13 
03/11/2021T15:41:17Z,201,328,370,58.20,26.76,991.17 
03/11/2021T15:41:48Z,201,326,364,58.41,26.75,991.11 
03/11/2021T15:42:19Z,204,336,378,58.41,26.73,991.12 
03/11/2021T15:42:50Z,203,327,374,58.39,26.70,991.13 
03/11/2021T15:43:21Z,196,323,365,58.28,26.67,991.17 
03/11/2021T15:43:52Z,195,318,358,58.32,26.60,991.18 
03/11/2021T15:44:22Z,193,317,357,58.45,26.52,991.15 
03/11/2021T15:44:52Z,198,329,370,58.68,26.41,991.14 
03/11/2021T15:45:23Z,200,331,366,59.13,26.35,991.04 
03/11/2021T15:45:53Z,197,318,369,59.43,26.31,991.01 
03/11/2021T15:46:23Z,195,322,358,59.47,26.28,991.03 
03/11/2021T15:46:53Z,194,317,364,59.71,26.22,991.00 
03/11/2021T15:47:24Z,197,331,380,59.78,26.19,991.00 
03/11/2021T15:47:54Z,196,320,364,59.91,26.17,990.99 
03/11/2021T15:48:24Z,195,317,357,59.90,26.19,991.02 
03/11/2021T15:48:55Z,197,323,359,59.80,26.15,991.06 
03/11/2021T15:49:26Z,200,322,366,60.14,26.18,991.00 
03/11/2021T15:49:56Z,200,328,372,60.09,26.19,991.02 
03/11/2021T15:50:26Z,200,332,379,60.04,26.16,991.04 
03/11/2021T15:50:57Z,201,328,375,60.02,26.15,991.04 
03/11/2021T15:51:28Z,199,326,370,59.89,26.13,991.06 
03/11/2021T15:51:58Z,200,328,366,59.93,26.14,991.05 
03/11/2021T15:52:28Z,201,326,369,59.72,26.16,991.12 
03/11/2021T15:52:59Z,200,327,360,59.57,26.09,991.14 
03/11/2021T15:53:29Z,203,336,377,59.95,26.06,991.08 
03/11/2021T15:54:00Z,200,329,368,59.90,26.09,991.08 
03/11/2021T15:54:31Z,206,328,377,59.89,26.12,991.09 
03/11/2021T15:55:02Z,203,329,370,59.65,26.14,991.12 
03/11/2021T15:55:32Z,203,336,373,59.57,26.14,991.13 
03/11/2021T15:56:03Z,200,335,378,59.69,26.10,991.12 
03/11/2021T15:56:33Z,203,333,380,59.91,26.05,991.08 
03/11/2021T15:57:04Z,202,333,369,60.10,26.05,991.04 
03/11/2021T15:57:34Z,203,337,376,60.28,26.03,991.02 
03/11/2021T15:58:04Z,201,334,377,60.46,26.04,991.00 
03/11/2021T15:58:34Z,206,339,375,60.64,26.03,991.00 
03/11/2021T15:59:05Z,207,346,387,60.64,26.05,991.03 
03/11/2021T15:59:36Z,205,340,385,60.65,26.04,991.04 
03/11/2021T16:00:06Z,207,339,376,60.61,26.06,991.04 
03/11/2021T16:00:37Z,218,366,413,60.47,26.05,991.08 
03/11/2021T16:01:07Z,220,375,421,60.55,26.02,991.08 
03/11/2021T16:01:37Z,222,375,419,60.90,25.95,991.05 
03/11/2021T16:02:08Z,224,376,412,60.88,25.93,991.05 
03/11/2021T16:02:39Z,227,384,431,61.06,25.93,991.05 
03/11/2021T16:03:09Z,225,384,437,61.02,25.99,991.07 
03/11/2021T16:03:39Z,223,380,435,60.98,26.02,991.07 
03/11/2021T16:04:10Z,237,407,457,60.83,26.06,991.10 
03/11/2021T16:04:40Z,233,389,445,60.68,26.07,991.12 
03/11/2021T16:05:10Z,224,385,433,60.59,26.02,991.14 
03/11/2021T16:05:41Z,223,383,434,60.95,25.98,991.09 
03/11/2021T16:06:12Z,222,374,419,60.56,25.96,991.17 
03/11/2021T16:06:42Z,225,370,425,60.75,25.93,991.12 
03/11/2021T16:07:12Z,223,369,421,60.92,25.93,991.08 
03/11/2021T16:07:43Z,225,371,420,60.76,25.96,991.11 
03/11/2021T16:08:13Z,221,374,423,60.84,25.96,991.10 
03/11/2021T16:08:44Z,220,368,417,61.09,25.95,991.06 
03/11/2021T16:09:14Z,221,370,423,61.12,25.94,991.05 
03/11/2021T16:09:44Z,220,370,411,61.20,25.93,991.05 
03/11/2021T16:10:15Z,222,365,412,61.20,25.96,991.05 
03/11/2021T16:10:46Z,221,371,426,61.26,25.95,991.03 
03/11/2021T16:11:16Z,221,371,423,61.49,25.94,991.01 
03/11/2021T16:11:47Z,220,373,420,61.30,25.96,991.05 
03/11/2021T16:12:18Z,224,380,434,61.19,26.00,991.06 
03/11/2021T16:12:48Z,223,375,425,61.13,26.02,991.08 
03/11/2021T16:13:19Z,222,378,426,61.14,26.04,991.07 
03/11/2021T16:13:50Z,221,360,407,60.94,26.06,991.09 
03/11/2021T16:14:21Z,225,377,425,60.53,26.08,991.15 
03/11/2021T16:14:51Z,226,372,416,60.19,26.06,991.20 
03/11/2021T16:15:22Z,227,366,413,60.24,26.06,991.18 
03/11/2021T16:15:52Z,224,369,410,60.55,26.10,991.13 
03/11/2021T16:16:23Z,225,373,417,60.45,26.13,991.13 
03/11/2021T16:16:54Z,225,378,423,60.46,26.17,991.14 
03/11/2021T16:17:25Z,227,384,434,60.69,26.17,991.11 
03/11/2021T16:17:55Z,229,386,436,60.58,26.21,991.13 
03/11/2021T16:18:25Z,231,382,429,60.40,26.24,991.17 
03/11/2021T16:18:55Z,230,383,433,60.40,26.24,991.15 
03/11/2021T16:19:25Z,230,382,429,60.31,26.29,991.17 
03/11/2021T16:19:56Z,231,386,432,60.10,26.33,991.19 
03/11/2021T16:20:26Z,234,405,455,59.92,26.35,991.21 
03/11/2021T16:20:56Z,237,400,452,59.94,26.32,991.22 
03/11/2021T16:21:27Z,235,395,439,59.89,26.28,991.23 
03/11/2021T16:21:58Z,234,389,430,60.16,26.23,991.18 
03/11/2021T16:22:29Z,235,399,447,60.26,26.17,991.16 
03/11/2021T16:22:59Z,233,396,436,60.60,26.10,991.11 
03/11/2021T16:23:30Z,233,395,449,60.64,26.14,991.12 
03/11/2021T16:24:01Z,236,399,448,60.47,26.15,991.15 
03/11/2021T16:24:31Z,237,402,455,60.39,26.12,991.16 
03/11/2021T16:25:02Z,236,402,448,60.39,26.12,991.17 
03/11/2021T16:25:32Z,236,399,450,60.54,26.07,991.14 
03/11/2021T16:26:03Z,238,403,455,60.55,26.08,991.15 
03/11/2021T16:26:34Z,234,398,447,60.50,26.09,991.16 
03/11/2021T16:27:04Z,237,398,454,60.42,26.08,991.18 
03/11/2021T16:27:35Z,236,401,459,60.54,26.02,991.16 
03/11/2021T16:28:06Z,242,404,462,60.74,25.96,991.14 
03/11/2021T16:28:37Z,238,402,449,60.94,25.89,991.13 
03/11/2021T16:29:07Z,241,395,455,61.07,25.87,991.12 
03/11/2021T16:29:38Z,238,402,455,60.95,25.89,991.14 
03/11/2021T16:30:08Z,251,416,475,61.13,25.85,991.12 
03/11/2021T16:30:39Z,275,472,519,61.45,25.82,991.10 
03/11/2021T16:31:09Z,269,451,507,61.64,25.79,991.09 
03/11/2021T16:31:40Z,249,419,469,61.68,25.82,991.10 
03/11/2021T16:32:11Z,238,401,452,61.55,25.84,991.13 
03/11/2021T16:32:42Z,243,416,469,61.64,25.79,991.12 
03/11/2021T16:33:12Z,244,413,467,61.58,25.81,991.14 
03/11/2021T16:33:42Z,245,409,471,61.32,25.87,991.15 
03/11/2021T16:34:12Z,245,403,453,61.02,25.92,991.18 
03/11/2021T16:34:43Z,239,400,445,60.66,25.92,991.22 
03/11/2021T16:35:13Z,236,401,454,60.60,25.88,991.21 
03/11/2021T16:35:44Z,239,403,453,60.72,25.88,991.20 
03/11/2021T16:36:14Z,236,402,443,60.41,25.93,991.24 
03/11/2021T16:36:45Z,237,393,437,60.31,25.96,991.24 
03/11/2021T16:37:16Z,237,394,444,60.17,26.02,991.26 
03/11/2021T16:37:46Z,235,391,437,59.95,26.07,991.28 
03/11/2021T16:38:17Z,233,394,441,59.80,26.11,991.28 
03/11/2021T16:38:48Z,238,393,448,59.66,26.15,991.29 
03/11/2021T16:39:18Z,236,399,445,59.62,26.16,991.29 
03/11/2021T16:39:49Z,234,394,437,59.55,26.19,991.29 
03/11/2021T16:40:20Z,237,395,450,59.50,26.21,991.29 
03/11/2021T16:40:50Z,236,396,448,59.45,26.22,991.29 
03/11/2021T16:41:21Z,229,396,443,59.41,26.23,991.30 
03/11/2021T16:41:52Z,235,394,444,59.34,26.25,991.30 
03/11/2021T16:42:23Z,239,391,433,59.27,26.27,991.32 
03/11/2021T16:42:53Z,235,394,430,59.24,26.27,991.31 
03/11/2021T16:43:24Z,237,392,443,59.21,26.28,991.31 
03/11/2021T16:43:54Z,236,394,436,59.19,26.29,991.31 
03/11/2021T16:44:24Z,231,387,433,59.18,26.29,991.30 
03/11/2021T16:44:55Z,233,384,430,59.17,26.29,991.29 
03/11/2021T16:45:26Z,230,379,420,59.17,26.29,991.29 
03/11/2021T16:45:56Z,234,383,432,59.17,26.28,991.29 
03/11/2021T16:46:27Z,229,384,432,59.13,26.29,991.30 
03/11/2021T16:46:58Z,229,390,442,59.18,26.29,991.29 
03/11/2021T16:47:29Z,230,383,420,59.14,26.29,991.31 
03/11/2021T16:47:59Z,230,381,416,59.13,26.29,991.31 
03/11/2021T16:48:30Z,234,384,426,59.15,26.29,991.29 
03/11/2021T16:49:01Z,230,381,426,59.19,26.28,991.27 
03/11/2021T16:49:32Z,230,380,421,59.19,26.27,991.29 
03/11/2021T16:50:02Z,234,385,428,59.21,26.27,991.29 
03/11/2021T16:50:33Z,231,383,418,59.21,26.26,991.28 
03/11/2021T16:51:04Z,235,386,432,59.21,26.27,991.29 
03/11/2021T16:51:34Z,235,386,438,59.23,26.26,991.27 
03/11/2021T16:52:05Z,231,384,434,59.26,26.25,991.29 
03/11/2021T16:52:36Z,229,374,418,59.25,26.26,991.28 
03/11/2021T16:53:07Z,233,378,424,59.28,26.25,991.26 
03/11/2021T16:53:37Z,228,377,419,59.32,26.24,991.26 
03/11/2021T16:54:08Z,230,387,421,59.28,26.24,991.26 
03/11/2021T16:54:38Z,229,371,419,59.32,26.23,991.25 
03/11/2021T16:55:09Z,228,379,423,59.33,26.24,991.24 
03/11/2021T16:55:39Z,232,379,421,59.31,26.24,991.25 
03/11/2021T16:56:09Z,232,382,423,59.29,26.24,991.24 
03/11/2021T16:56:40Z,227,376,420,59.27,26.24,991.25 
03/11/2021T16:57:10Z,225,376,421,59.26,26.24,991.25 
03/11/2021T16:57:41Z,227,374,417,59.26,26.25,991.26 
03/11/2021T16:58:11Z,224,370,414,59.26,26.24,991.25 
03/11/2021T16:58:42Z,226,379,428,59.25,26.24,991.24 
03/11/2021T16:59:13Z,227,371,422,59.23,26.24,991.27 
03/11/2021T16:59:44Z,225,366,405,59.26,26.23,991.24 
03/11/2021T17:00:14Z,221,367,412,59.28,26.22,991.23 
03/11/2021T17:00:44Z,225,367,412,59.26,26.22,991.22 
03/11/2021T17:01:15Z,221,367,412,59.22,26.22,991.23 
03/11/2021T17:01:46Z,223,366,413,59.24,26.22,991.21 
03/11/2021T17:02:16Z,219,367,406,59.18,26.22,991.20 
03/11/2021T17:02:46Z,218,364,407,59.18,26.21,991.20 
03/11/2021T17:03:16Z,216,362,407,59.21,26.20,991.19 
03/11/2021T17:03:47Z,218,361,399,59.17,26.19,991.19 
03/11/2021T17:04:18Z,217,360,404,59.26,26.19,991.17 
03/11/2021T17:04:48Z,215,355,398,59.18,26.18,991.19 
03/11/2021T17:05:19Z,219,357,402,59.18,26.18,991.18 
03/11/2021T17:05:50Z,214,359,410,59.15,26.18,991.18 
03/11/2021T17:06:21Z,215,361,399,59.23,26.17,991.16 
03/11/2021T17:06:51Z,211,347,388,59.14,26.18,991.19 
03/11/2021T17:07:22Z,213,357,400,59.12,26.18,991.19 
03/11/2021T17:07:53Z,215,357,402,59.10,26.18,991.20 
03/11/2021T17:08:23Z,214,349,387,59.16,26.17,991.19 
03/11/2021T17:08:54Z,214,347,381,59.19,26.16,991.16 
03/11/2021T17:09:24Z,212,354,389,59.18,26.16,991.17 
03/11/2021T17:09:55Z,213,349,390,59.20,26.16,991.16 
03/11/2021T17:10:26Z,210,348,395,59.23,26.15,991.15 
03/11/2021T17:10:56Z,212,348,390,59.26,26.14,991.16 
03/11/2021T17:11:26Z,212,348,388,59.22,26.14,991.17 
03/11/2021T17:11:57Z,209,344,383,59.25,26.14,991.15 
03/11/2021T17:12:28Z,211,343,382,59.18,26.15,991.17 
03/11/2021T17:12:58Z,211,352,394,59.20,26.14,991.17 
03/11/2021T17:13:29Z,213,345,388,59.22,26.14,991.16 
03/11/2021T17:13:59Z,215,351,385,59.15,26.15,991.18 
03/11/2021T17:14:30Z,212,341,377,59.15,26.14,991.18 
03/11/2021T17:15:00Z,212,345,381,59.17,26.13,991.19 
03/11/2021T17:15:31Z,212,345,382,59.20,26.12,991.17 
03/11/2021T17:16:02Z,213,344,382,59.22,26.12,991.18 
03/11/2021T17:16:33Z,213,349,389,59.20,26.12,991.18 
03/11/2021T17:17:03Z,212,345,381,59.17,26.11,991.19 
03/11/2021T17:17:34Z,206,337,370,59.19,26.11,991.18 
03/11/2021T17:18:04Z,205,337,374,59.23,26.10,991.18 
03/11/2021T17:18:35Z,208,338,372,59.16,26.10,991.20 
03/11/2021T17:19:05Z,207,338,374,59.14,26.11,991.21 
03/11/2021T17:19:35Z,208,337,374,59.23,26.10,991.18 
03/11/2021T17:20:06Z,205,333,367,59.21,26.09,991.18 
03/11/2021T17:20:36Z,205,342,379,59.21,26.09,991.19 
03/11/2021T17:21:07Z,206,334,366,59.15,26.09,991.20 
03/11/2021T17:21:37Z,209,335,371,59.15,26.09,991.19 
03/11/2021T17:22:07Z,205,336,375,59.14,26.08,991.20 
03/11/2021T17:22:38Z,208,329,370,59.18,26.08,991.19 
03/11/2021T17:23:09Z,202,330,371,59.20,26.08,991.18 
03/11/2021T17:23:40Z,203,328,372,59.15,26.07,991.19 
03/11/2021T17:24:10Z,208,337,367,59.24,26.06,991.17 
03/11/2021T17:24:40Z,204,334,365,59.13,26.06,991.19 
03/11/2021T17:25:11Z,202,331,368,59.10,26.07,991.21 
03/11/2021T17:25:42Z,203,330,366,59.07,26.06,991.22 
03/11/2021T17:26:13Z,202,335,370,59.14,26.06,991.22 
03/11/2021T17:26:43Z,203,334,364,59.17,26.05,991.20 
03/11/2021T17:27:13Z,204,332,362,59.28,26.04,991.17 
03/11/2021T17:27:44Z,207,337,373,59.25,26.03,991.19 
03/11/2021T17:28:15Z,201,330,360,59.28,26.02,991.18 
03/11/2021T17:28:45Z,201,333,373,59.20,26.02,991.20 
03/11/2021T17:29:16Z,201,328,358,59.18,26.03,991.20 
03/11/2021T17:29:47Z,204,335,372,59.23,26.03,991.18 
03/11/2021T17:30:17Z,204,332,372,59.30,26.02,991.16 
03/11/2021T17:30:48Z,204,333,361,59.23,26.01,991.21 
03/11/2021T17:31:19Z,205,333,377,59.24,26.01,991.19 
03/11/2021T17:31:49Z,202,331,365,59.27,26.01,991.16 
03/11/2021T17:32:23Z,201,330,371,59.14,26.01,991.20 
03/11/2021T17:32:53Z,198,327,365,59.14,26.02,991.19 
