04/10/2021T06:23:52Z,26,38,50,58.14,31.79,983.75 
04/10/2021T06:24:21Z,25,40,48,57.33,31.96,983.75 
04/10/2021T06:24:52Z,26,38,48,57.86,32.06,983.75 
04/10/2021T06:25:22Z,27,42,52,58.00,32.13,983.75 
04/10/2021T06:25:52Z,26,40,50,58.06,32.22,983.71 
04/10/2021T06:26:23Z,25,38,47,57.37,32.31,983.70 
04/10/2021T06:26:54Z,24,38,46,56.36,32.38,983.69 
04/10/2021T06:27:24Z,24,36,43,57.06,32.41,983.67 
04/10/2021T06:27:55Z,25,38,46,57.55,32.40,983.67 
04/10/2021T06:28:25Z,35,56,67,57.81,32.42,983.67 
04/10/2021T06:28:56Z,49,80,90,57.16,32.44,983.67 
04/10/2021T06:29:26Z,34,52,65,57.36,32.49,983.66 
04/10/2021T06:29:56Z,32,48,61,57.71,32.53,983.64 
04/10/2021T06:30:26Z,29,46,59,57.31,32.56,983.67 
04/10/2021T06:30:57Z,28,41,51,56.51,32.62,983.68 
04/10/2021T06:31:28Z,27,41,51,56.93,32.67,983.65 
04/10/2021T06:31:58Z,27,40,49,57.38,32.68,983.66 
04/10/2021T06:32:29Z,26,39,46,57.51,32.68,983.64 
04/10/2021T06:33:00Z,25,37,44,57.13,32.68,983.64 
04/10/2021T06:33:31Z,24,37,44,57.14,32.69,983.64 
04/10/2021T06:34:01Z,25,36,46,57.35,32.68,983.62 
04/10/2021T06:34:31Z,26,40,49,57.96,32.66,983.63 
04/10/2021T06:35:01Z,30,44,54,57.87,32.65,983.62 
04/10/2021T06:35:32Z,30,45,56,58.18,32.61,983.64 
04/10/2021T06:36:03Z,31,45,56,58.48,32.59,983.65 
04/10/2021T06:36:33Z,29,43,51,58.34,32.58,983.63 
04/10/2021T06:37:04Z,30,45,56,58.64,32.57,983.61 
04/10/2021T06:37:34Z,32,47,59,58.78,32.54,983.61 
04/10/2021T06:38:05Z,33,48,61,59.14,32.52,983.61 
04/10/2021T06:38:36Z,33,48,58,58.98,32.52,983.60 
04/10/2021T06:39:06Z,32,47,59,59.18,32.51,983.60 
04/10/2021T06:39:37Z,34,49,62,59.10,32.48,983.59 
04/10/2021T06:40:08Z,30,44,55,59.10,32.51,983.60 
04/10/2021T06:40:39Z,31,46,57,58.40,32.54,983.60 
04/10/2021T06:41:09Z,36,55,68,58.50,32.50,983.61 
04/10/2021T06:41:39Z,35,52,66,58.83,32.49,983.59 
04/10/2021T06:42:10Z,32,50,61,57.50,32.51,983.60 
04/10/2021T06:42:40Z,33,49,62,58.33,32.50,983.58 
04/10/2021T06:43:11Z,34,51,63,58.42,32.48,983.56 
04/10/2021T06:43:41Z,31,45,56,57.72,32.51,983.57 
04/10/2021T06:44:11Z,29,42,51,57.91,32.55,983.57 
04/10/2021T06:44:42Z,28,41,50,57.72,32.53,983.56 
04/10/2021T06:45:12Z,28,42,52,57.08,32.53,983.56 
04/10/2021T06:45:42Z,30,44,53,56.93,32.56,983.53 
04/10/2021T06:46:13Z,29,43,53,57.91,32.53,983.52 
04/10/2021T06:46:43Z,32,48,61,58.87,32.51,983.51 
04/10/2021T06:47:14Z,30,44,54,58.39,32.52,983.51 
04/10/2021T06:47:44Z,30,42,52,58.46,32.52,983.50 
04/10/2021T06:48:15Z,31,45,56,58.99,32.52,983.48 
04/10/2021T06:48:45Z,31,46,58,59.05,32.48,983.48 
04/10/2021T06:49:15Z,33,48,61,59.22,32.47,983.48 
04/10/2021T06:49:45Z,33,47,61,59.14,32.48,983.47 
04/10/2021T06:50:15Z,30,44,55,58.10,32.49,983.50 
04/10/2021T06:50:46Z,35,53,64,57.70,32.49,983.51 
04/10/2021T06:51:17Z,40,61,72,58.07,32.49,983.48 
04/10/2021T06:51:47Z,30,47,59,56.69,32.49,983.51 
04/10/2021T06:52:17Z,38,58,69,56.55,32.51,983.51 
04/10/2021T06:52:47Z,29,43,53,56.78,32.53,983.50 
04/10/2021T06:53:18Z,28,41,50,57.51,32.50,983.47 
04/10/2021T06:53:48Z,31,46,58,57.59,32.49,983.47 
04/10/2021T06:54:18Z,30,45,57,57.54,32.49,983.46 
04/10/2021T06:54:49Z,27,43,53,57.42,32.50,983.45 
04/10/2021T06:55:20Z,24,37,45,56.95,32.49,983.46 
04/10/2021T06:55:50Z,24,36,41,56.51,32.53,983.45 
04/10/2021T06:56:20Z,25,35,42,56.95,32.52,983.43 
04/10/2021T06:56:51Z,25,38,46,57.21,32.49,983.42 
04/10/2021T06:57:22Z,24,37,45,57.29,32.48,983.42 
04/10/2021T06:57:53Z,25,38,46,57.52,32.49,983.40 
04/10/2021T06:58:23Z,24,34,41,57.11,32.51,983.41 
04/10/2021T06:58:54Z,23,35,42,56.99,32.53,983.39 
04/10/2021T06:59:25Z,23,35,41,57.26,32.54,983.35 
04/10/2021T06:59:55Z,23,34,40,57.53,32.55,983.35 
04/10/2021T07:00:26Z,23,34,38,57.47,32.55,983.34 
04/10/2021T07:00:57Z,22,31,36,56.51,32.53,983.34 
04/10/2021T07:01:28Z,23,36,44,57.44,32.51,983.31 
04/10/2021T07:01:58Z,25,39,48,57.66,32.49,983.31 
04/10/2021T07:02:29Z,25,38,48,57.65,32.48,983.29 
04/10/2021T07:03:00Z,27,42,51,57.54,32.48,983.27 
04/10/2021T07:03:31Z,29,45,56,57.95,32.45,983.27 
04/10/2021T07:04:01Z,26,39,49,58.15,32.46,983.24 
04/10/2021T07:04:32Z,24,36,45,57.13,32.54,983.24 
04/10/2021T07:05:02Z,23,34,42,56.42,32.60,983.25 
04/10/2021T07:05:33Z,21,32,39,55.91,32.63,983.24 
04/10/2021T07:06:04Z,22,33,42,56.67,32.62,983.23 
04/10/2021T07:06:34Z,23,35,41,56.79,32.59,983.22 
04/10/2021T07:07:05Z,22,33,38,56.57,32.63,983.23 
04/10/2021T07:07:36Z,22,34,40,56.14,32.65,983.19 
04/10/2021T07:08:07Z,22,33,38,56.84,32.62,983.19 
04/10/2021T07:08:37Z,21,32,41,56.52,32.62,983.18 
04/10/2021T07:09:07Z,23,33,40,57.28,32.58,983.17 
04/10/2021T07:09:38Z,22,34,43,58.06,32.58,983.14 
04/10/2021T07:10:08Z,22,32,39,57.04,32.57,983.17 
04/10/2021T07:10:39Z,23,35,44,58.44,32.55,983.14 
04/10/2021T07:11:09Z,25,37,46,58.67,32.52,983.13 
04/10/2021T07:11:40Z,24,37,45,57.31,32.51,983.13 
04/10/2021T07:12:10Z,24,36,43,57.93,32.50,983.11 
04/10/2021T07:12:41Z,24,36,45,58.96,32.46,983.10 
04/10/2021T07:13:11Z,24,37,45,59.56,32.41,983.11 
04/10/2021T07:13:42Z,25,39,48,59.82,32.39,983.09 
04/10/2021T07:14:13Z,25,39,49,60.20,32.33,983.08 
04/10/2021T07:14:44Z,26,40,49,60.26,32.33,983.08 
04/10/2021T07:15:15Z,27,41,49,60.15,32.37,983.07 
04/10/2021T07:15:46Z,27,42,51,59.08,32.44,983.09 
04/10/2021T07:16:17Z,28,41,50,58.72,32.51,983.08 
04/10/2021T07:16:47Z,26,40,50,58.92,32.53,983.08 
04/10/2021T07:17:17Z,26,40,47,56.65,32.63,983.12 
04/10/2021T07:17:48Z,26,39,47,57.23,32.67,983.10 
04/10/2021T07:18:19Z,26,38,47,57.04,32.64,983.09 
04/10/2021T07:18:49Z,27,39,48,57.46,32.63,983.08 
04/10/2021T07:19:20Z,26,40,49,56.86,32.66,983.09 
04/10/2021T07:19:51Z,25,38,47,56.98,32.69,983.08 
04/10/2021T07:20:21Z,25,37,44,57.26,32.71,983.06 
04/10/2021T07:20:52Z,27,41,49,56.64,32.71,983.05 
04/10/2021T07:21:22Z,26,37,46,56.74,32.70,983.02 
04/10/2021T07:21:53Z,25,37,45,57.20,32.67,983.01 
04/10/2021T07:22:24Z,25,37,45,57.66,32.66,982.99 
04/10/2021T07:22:54Z,24,38,47,57.52,32.69,982.99 
04/10/2021T07:23:25Z,25,37,45,57.23,32.72,982.95 
04/10/2021T07:23:55Z,25,35,41,58.05,32.70,982.94 
04/10/2021T07:24:26Z,26,38,46,58.15,32.69,982.93 
04/10/2021T07:24:56Z,25,36,46,58.40,32.69,982.91 
04/10/2021T07:25:26Z,24,36,44,57.73,32.73,982.93 
04/10/2021T07:25:57Z,24,36,43,57.43,32.75,982.92 
04/10/2021T07:26:27Z,23,33,38,57.16,32.78,982.93 
04/10/2021T07:26:58Z,23,35,41,57.22,32.79,982.92 
04/10/2021T07:27:29Z,23,33,39,57.28,32.81,982.90 
04/10/2021T07:27:59Z,22,33,40,57.48,32.80,982.90 
04/10/2021T07:28:30Z,26,40,49,57.50,32.79,982.92 
04/10/2021T07:29:01Z,26,38,47,58.45,32.76,982.90 
04/10/2021T07:29:32Z,25,35,41,58.15,32.77,982.90 
04/10/2021T07:30:02Z,25,36,44,57.90,32.78,982.88 
04/10/2021T07:30:33Z,26,37,46,57.76,32.77,982.87 
04/10/2021T07:31:03Z,27,41,50,58.34,32.71,982.83 
04/10/2021T07:31:33Z,26,39,47,59.16,32.67,982.81 
04/10/2021T07:32:04Z,29,45,55,58.72,32.68,982.81 
04/10/2021T07:32:34Z,29,44,55,58.52,32.70,982.80 
04/10/2021T07:33:05Z,32,47,59,58.11,32.72,982.81 
04/10/2021T07:33:35Z,43,63,73,58.40,32.73,982.79 
04/10/2021T07:34:06Z,35,52,66,57.56,32.74,982.80 
04/10/2021T07:34:36Z,39,58,70,58.13,32.70,982.80 
04/10/2021T07:35:07Z,35,52,65,58.53,32.70,982.80 
04/10/2021T07:35:37Z,29,43,51,56.45,32.76,982.82 
04/10/2021T07:36:07Z,28,41,51,55.64,32.79,982.82 
04/10/2021T07:36:38Z,27,38,46,55.71,32.81,982.79 
04/10/2021T07:37:08Z,26,38,45,55.52,32.82,982.79 
04/10/2021T07:37:39Z,23,34,41,53.89,32.94,982.81 
04/10/2021T07:38:09Z,22,31,38,54.39,32.93,982.78 
04/10/2021T07:38:39Z,23,34,42,54.93,32.92,982.77 
04/10/2021T07:39:10Z,21,30,33,54.19,32.91,982.77 
04/10/2021T07:39:40Z,20,30,33,54.73,32.87,982.76 
04/10/2021T07:40:11Z,21,31,36,54.94,32.89,982.74 
04/10/2021T07:40:42Z,21,31,34,54.32,32.94,982.74 
04/10/2021T07:41:12Z,23,33,39,54.50,32.94,982.74 
04/10/2021T07:41:43Z,21,32,37,55.03,32.89,982.73 
04/10/2021T07:42:13Z,22,33,41,55.61,32.85,982.72 
04/10/2021T07:42:44Z,23,34,42,55.97,32.76,982.71 
04/10/2021T07:43:14Z,23,35,43,56.47,32.69,982.67 
04/10/2021T07:43:44Z,23,34,40,56.88,32.67,982.66 
04/10/2021T07:44:15Z,24,36,43,57.40,32.65,982.64 
04/10/2021T07:44:45Z,23,35,43,57.19,32.64,982.65 
04/10/2021T07:45:16Z,27,41,51,56.68,32.62,982.65 
04/10/2021T07:45:47Z,26,40,49,56.91,32.63,982.64 
04/10/2021T07:46:18Z,24,36,43,57.20,32.64,982.64 
04/10/2021T07:46:48Z,23,32,37,56.39,32.70,982.65 
04/10/2021T07:47:18Z,24,36,44,56.25,32.71,982.64 
04/10/2021T07:47:49Z,34,51,63,55.89,32.72,982.64 
04/10/2021T07:48:20Z,38,60,70,56.31,32.73,982.62 
04/10/2021T07:48:50Z,89,150,166,54.88,32.74,982.65 
04/10/2021T07:49:20Z,88,145,164,53.00,32.80,982.65 
04/10/2021T07:49:51Z,63,105,113,52.88,32.83,982.64 
04/10/2021T07:50:21Z,53,88,97,53.88,32.80,982.63 
04/10/2021T07:50:51Z,61,102,118,54.45,32.76,982.62 
04/10/2021T07:51:21Z,76,130,145,55.46,32.73,982.60 
04/10/2021T07:51:52Z,55,91,101,56.04,32.69,982.60 
04/10/2021T07:52:22Z,72,125,141,55.71,32.65,982.57 
04/10/2021T07:52:52Z,98,170,191,55.79,32.64,982.56 
04/10/2021T07:53:23Z,66,108,128,55.87,32.68,982.54 
04/10/2021T07:53:54Z,156,290,341,54.70,32.71,982.58 
04/10/2021T07:54:25Z,113,198,230,55.88,32.72,982.55 
04/10/2021T07:54:55Z,99,175,200,55.73,32.71,982.54 
04/10/2021T07:55:25Z,119,213,245,54.41,32.72,982.55 
04/10/2021T07:55:55Z,170,321,372,55.53,32.73,982.55 
04/10/2021T07:56:25Z,101,176,206,54.78,32.77,982.56 
04/10/2021T07:56:56Z,131,249,288,54.19,32.79,982.56 
04/10/2021T07:57:27Z,179,341,398,55.14,32.78,982.53 
04/10/2021T07:57:57Z,188,369,443,55.44,32.76,982.51 
04/10/2021T07:58:28Z,173,323,383,55.80,32.70,982.52 
04/10/2021T07:58:59Z,164,309,360,56.24,32.66,982.50 
04/10/2021T07:59:29Z,173,330,390,56.36,32.64,982.51 
04/10/2021T08:00:00Z,179,351,404,56.80,32.65,982.49 
04/10/2021T08:00:30Z,144,266,305,55.06,32.69,982.51 
04/10/2021T08:01:00Z,110,187,211,54.72,32.73,982.52 
04/10/2021T08:01:30Z,127,222,254,56.22,32.73,982.49 
04/10/2021T08:02:01Z,122,216,245,56.02,32.73,982.50 
04/10/2021T08:02:32Z,122,209,238,56.32,32.74,982.47 
04/10/2021T08:03:02Z,122,205,230,56.30,32.70,982.47 
04/10/2021T08:03:33Z,106,178,197,57.01,32.68,982.46 
04/10/2021T08:04:04Z,100,165,183,57.57,32.63,982.44 
04/10/2021T08:04:35Z,97,162,179,57.50,32.63,982.43 
04/10/2021T08:05:05Z,73,119,130,56.71,32.62,982.42 
04/10/2021T08:05:35Z,52,83,92,56.84,32.59,982.42 
04/10/2021T08:06:05Z,63,103,111,57.35,32.59,982.42 
04/10/2021T08:06:35Z,57,92,103,57.07,32.60,982.42 
04/10/2021T08:07:06Z,53,85,95,57.22,32.60,982.42 
04/10/2021T08:07:36Z,38,57,69,56.95,32.60,982.42 
04/10/2021T08:08:07Z,44,69,77,56.08,32.66,982.42 
04/10/2021T08:08:37Z,30,47,59,54.44,32.77,982.41 
04/10/2021T08:09:07Z,30,46,59,54.42,32.82,982.40 
04/10/2021T08:09:38Z,31,49,63,54.43,32.84,982.39 
04/10/2021T08:10:08Z,28,46,57,54.25,32.85,982.39 
04/10/2021T08:10:39Z,29,45,57,55.01,32.80,982.38 
04/10/2021T08:11:10Z,29,43,55,55.53,32.73,982.39 
04/10/2021T08:11:40Z,30,46,58,56.21,32.69,982.40 
04/10/2021T08:12:11Z,30,45,57,56.48,32.66,982.36 
04/10/2021T08:12:42Z,28,44,55,56.51,32.63,982.36 
04/10/2021T08:13:12Z,27,42,53,56.37,32.63,982.38 
04/10/2021T08:13:42Z,28,43,55,56.58,32.64,982.35 
04/10/2021T08:14:13Z,25,40,49,56.11,32.67,982.34 
04/10/2021T08:14:43Z,26,40,48,56.06,32.66,982.34 
04/10/2021T08:15:14Z,26,39,49,56.04,32.66,982.33 
04/10/2021T08:15:44Z,26,40,50,56.41,32.67,982.30 
04/10/2021T08:16:15Z,24,36,47,55.79,32.67,982.30 
04/10/2021T08:16:46Z,24,38,48,56.90,32.66,982.27 
04/10/2021T08:17:16Z,27,42,51,57.13,32.66,982.26 
04/10/2021T08:17:46Z,25,39,50,56.50,32.66,982.28 
04/10/2021T08:18:17Z,25,38,49,56.63,32.65,982.22 
04/10/2021T08:18:47Z,26,40,49,57.12,32.61,982.24 
04/10/2021T08:19:17Z,26,40,51,57.23,32.59,982.24 
04/10/2021T08:19:48Z,26,41,51,57.21,32.64,982.22 
04/10/2021T08:20:19Z,26,39,50,57.20,32.66,982.20 
04/10/2021T08:20:49Z,26,38,47,57.10,32.66,982.20 
04/10/2021T08:21:20Z,25,38,46,57.17,32.65,982.20 
04/10/2021T08:21:51Z,26,40,48,57.20,32.65,982.22 
04/10/2021T08:22:22Z,26,39,50,57.15,32.64,982.22 
04/10/2021T08:22:52Z,26,39,47,57.26,32.64,982.21 
04/10/2021T08:23:22Z,27,38,47,57.33,32.63,982.21 
04/10/2021T08:23:53Z,26,39,48,57.44,32.62,982.21 
04/10/2021T08:24:23Z,26,37,46,57.20,32.62,982.20 
04/10/2021T08:24:54Z,25,38,46,56.98,32.63,982.20 
04/10/2021T08:25:24Z,24,37,44,56.94,32.64,982.20 
04/10/2021T08:25:54Z,24,37,45,57.18,32.63,982.19 
04/10/2021T08:26:25Z,26,39,47,57.12,32.64,982.20 
04/10/2021T08:26:56Z,25,37,47,57.07,32.63,982.18 
04/10/2021T08:27:26Z,23,36,44,57.26,32.63,982.17 
04/10/2021T08:27:57Z,24,37,45,57.28,32.64,982.17 
04/10/2021T08:28:27Z,24,36,43,56.92,32.64,982.17 
04/10/2021T08:28:58Z,21,32,39,56.96,32.64,982.14 
04/10/2021T08:29:29Z,22,36,44,56.94,32.63,982.16 
04/10/2021T08:29:59Z,24,35,45,57.21,32.64,982.15 
04/10/2021T08:30:29Z,24,37,45,57.19,32.63,982.17 
04/10/2021T08:30:59Z,25,37,44,57.39,32.62,982.16 
04/10/2021T08:31:30Z,24,36,44,57.26,32.61,982.19 
04/10/2021T08:32:01Z,23,35,44,57.12,32.61,982.16 
04/10/2021T08:32:31Z,22,33,38,56.18,32.60,982.17 
04/10/2021T08:33:02Z,21,32,38,57.00,32.59,982.16 
04/10/2021T08:33:32Z,23,35,42,57.22,32.60,982.17 
04/10/2021T08:34:03Z,23,35,42,57.31,32.60,982.15 
04/10/2021T08:34:34Z,23,35,40,57.41,32.59,982.16 
04/10/2021T08:35:04Z,23,35,42,57.42,32.58,982.15 
04/10/2021T08:35:34Z,24,35,42,57.62,32.58,982.14 
04/10/2021T08:36:05Z,25,37,46,57.56,32.57,982.12 
04/10/2021T08:36:35Z,24,36,44,57.87,32.57,982.12 
04/10/2021T08:37:06Z,24,36,45,57.67,32.57,982.09 
04/10/2021T08:37:36Z,23,34,43,57.84,32.56,982.07 
04/10/2021T08:38:07Z,25,37,45,57.79,32.56,982.05 
04/10/2021T08:38:37Z,24,37,45,58.18,32.55,982.10 
04/10/2021T08:39:08Z,25,36,45,58.14,32.54,982.10 
04/10/2021T08:39:39Z,26,39,49,58.18,32.52,982.12 
04/10/2021T08:40:09Z,27,41,51,58.26,32.53,982.10 
04/10/2021T08:40:40Z,26,39,51,58.36,32.52,982.08 
04/10/2021T08:41:11Z,27,41,51,58.47,32.52,982.08 
04/10/2021T08:41:41Z,26,38,47,58.55,32.53,982.07 
04/10/2021T08:42:12Z,25,39,47,58.61,32.52,982.04 
04/10/2021T08:42:42Z,26,38,45,58.68,32.51,982.04 
04/10/2021T08:43:13Z,25,37,44,58.71,32.50,982.02 
04/10/2021T08:43:43Z,25,37,45,58.59,32.50,982.00 
04/10/2021T08:44:13Z,24,39,47,58.54,32.50,982.01 
04/10/2021T08:44:44Z,26,39,48,58.45,32.51,982.00 
04/10/2021T08:45:14Z,23,33,41,57.39,32.52,982.00 
04/10/2021T08:45:45Z,24,34,40,57.74,32.53,981.98 
04/10/2021T08:46:16Z,23,34,41,56.87,32.54,982.00 
04/10/2021T08:46:46Z,23,33,43,57.20,32.54,982.00 
04/10/2021T08:47:17Z,24,34,42,56.47,32.54,982.00 
04/10/2021T08:47:47Z,23,33,37,56.36,32.54,982.00 
04/10/2021T08:48:17Z,23,34,39,56.13,32.54,981.99 
04/10/2021T08:48:48Z,22,32,39,56.52,32.55,981.96 
04/10/2021T08:49:18Z,23,34,41,57.29,32.55,981.93 
04/10/2021T08:49:49Z,23,35,42,57.12,32.54,981.95 
04/10/2021T08:50:19Z,22,33,39,55.45,32.55,981.99 
04/10/2021T08:50:49Z,22,31,37,56.36,32.58,981.95 
04/10/2021T08:51:20Z,23,34,40,57.08,32.56,981.92 
04/10/2021T08:51:51Z,22,32,38,56.25,32.58,981.93 
04/10/2021T08:52:21Z,23,35,42,56.03,32.58,981.93 
04/10/2021T08:52:52Z,22,33,39,56.38,32.58,981.92 
04/10/2021T08:53:22Z,23,35,42,56.11,32.57,981.91 
04/10/2021T08:53:53Z,25,37,44,56.92,32.55,981.87 
04/10/2021T08:54:23Z,23,34,41,57.22,32.54,981.86 
04/10/2021T08:54:54Z,23,36,44,57.90,32.52,981.84 
04/10/2021T08:55:24Z,24,37,45,57.86,32.51,981.84 
04/10/2021T08:55:55Z,24,36,43,57.96,32.51,981.82 
04/10/2021T08:56:26Z,24,37,44,58.02,32.50,981.81 
04/10/2021T08:56:56Z,24,36,43,57.95,32.50,981.80 
04/10/2021T08:57:26Z,23,35,43,57.99,32.50,981.78 
04/10/2021T08:57:57Z,25,36,43,58.13,32.50,981.75 
04/10/2021T08:58:28Z,24,35,43,58.22,32.50,981.75 
04/10/2021T08:58:58Z,23,35,44,58.16,32.49,981.76 
04/10/2021T08:59:29Z,25,36,46,58.34,32.48,981.74 
04/10/2021T08:59:59Z,22,33,40,58.36,32.47,981.73 
04/10/2021T09:00:30Z,24,35,42,58.48,32.47,981.73 
04/10/2021T09:01:00Z,23,36,45,58.48,32.47,981.71 
04/10/2021T09:01:31Z,24,34,43,58.36,32.47,981.72 
04/10/2021T09:02:01Z,23,35,42,58.16,32.48,981.71 
04/10/2021T09:02:32Z,24,34,41,58.37,32.48,981.71 
04/10/2021T09:03:02Z,24,36,47,58.31,32.48,981.70 
04/10/2021T09:03:33Z,24,37,46,58.22,32.48,981.70 
04/10/2021T09:04:03Z,23,36,45,58.09,32.48,981.69 
04/10/2021T09:04:34Z,23,34,42,57.89,32.47,981.68 
04/10/2021T09:05:05Z,24,34,40,58.11,32.46,981.68 
04/10/2021T09:05:35Z,23,34,42,58.38,32.46,981.68 
04/10/2021T09:06:06Z,23,34,43,58.54,32.45,981.67 
04/10/2021T09:06:36Z,23,35,42,58.62,32.45,981.67 
04/10/2021T09:07:07Z,23,35,42,58.41,32.46,981.66 
04/10/2021T09:07:37Z,23,35,43,58.54,32.45,981.65 
04/10/2021T09:08:07Z,24,35,41,58.63,32.44,981.64 
04/10/2021T09:08:38Z,23,35,41,58.69,32.44,981.62 
04/10/2021T09:09:09Z,24,36,43,58.44,32.45,981.63 
04/10/2021T09:09:40Z,23,34,41,58.49,32.45,981.60 
04/10/2021T09:10:10Z,23,34,40,58.66,32.45,981.62 
04/10/2021T09:10:41Z,22,31,35,58.77,32.43,981.58 
04/10/2021T09:11:11Z,23,35,43,58.79,32.43,981.58 
04/10/2021T09:11:42Z,23,35,43,58.53,32.43,981.58 
04/10/2021T09:12:13Z,23,34,41,58.48,32.44,981.57 
04/10/2021T09:12:43Z,22,32,37,57.11,32.46,981.58 
04/10/2021T09:13:14Z,23,32,34,58.23,32.45,981.56 
04/10/2021T09:13:45Z,22,32,37,58.18,32.45,981.55 
04/10/2021T09:14:15Z,22,33,39,58.25,32.44,981.55 
04/10/2021T09:14:46Z,23,34,41,58.44,32.43,981.56 
04/10/2021T09:15:16Z,23,33,39,58.54,32.42,981.55 
04/10/2021T09:15:47Z,23,33,40,57.76,32.42,981.57 
04/10/2021T09:16:17Z,23,33,40,58.15,32.43,981.54 
04/10/2021T09:16:47Z,23,33,39,58.37,32.43,981.56 
04/10/2021T09:17:18Z,22,32,38,58.34,32.43,981.54 
04/10/2021T09:17:49Z,23,33,37,58.60,32.42,981.53 
04/10/2021T09:18:19Z,22,33,38,58.34,32.42,981.51 
04/10/2021T09:18:50Z,22,31,35,58.12,32.42,981.50 
04/10/2021T09:19:20Z,21,31,34,56.45,32.43,981.52 
04/10/2021T09:19:51Z,22,31,36,57.55,32.44,981.49 
04/10/2021T09:20:21Z,21,31,35,57.88,32.44,981.47 
04/10/2021T09:20:52Z,22,32,39,58.11,32.42,981.48 
04/10/2021T09:21:22Z,23,33,36,58.41,32.42,981.46 
04/10/2021T09:21:52Z,23,33,38,58.29,32.41,981.46 
04/10/2021T09:22:23Z,22,33,38,58.47,32.40,981.46 
04/10/2021T09:22:54Z,22,33,40,58.50,32.41,981.44 
04/10/2021T09:23:25Z,23,35,44,58.73,32.40,981.43 
04/10/2021T09:23:55Z,22,34,42,58.78,32.40,981.43 
04/10/2021T09:24:26Z,22,33,41,58.82,32.40,981.45 
04/10/2021T09:24:57Z,23,34,39,59.03,32.39,981.43 
04/10/2021T09:25:27Z,24,34,39,59.10,32.38,981.42 
04/10/2021T09:25:58Z,23,33,38,59.13,32.38,981.41 
04/10/2021T09:26:28Z,22,33,41,59.12,32.37,981.41 
04/10/2021T09:26:59Z,22,32,41,59.25,32.36,981.39 
04/10/2021T09:27:30Z,22,32,38,59.18,32.36,981.38 
04/10/2021T09:28:00Z,22,33,39,58.68,32.37,981.36 
04/10/2021T09:28:31Z,22,32,40,58.79,32.37,981.34 
04/10/2021T09:29:02Z,22,32,35,59.14,32.37,981.35 
04/10/2021T09:29:32Z,22,32,39,59.11,32.37,981.35 
04/10/2021T09:30:02Z,22,33,40,59.20,32.36,981.34 
04/10/2021T09:30:33Z,22,32,39,59.22,32.36,981.33 
04/10/2021T09:31:04Z,22,34,41,59.02,32.35,981.33 
04/10/2021T09:31:35Z,23,33,38,59.21,32.34,981.33 
04/10/2021T09:32:05Z,23,33,41,59.36,32.33,981.31 
04/10/2021T09:32:36Z,23,34,42,59.08,32.33,981.32 
04/10/2021T09:33:06Z,23,34,44,59.09,32.34,981.32 
04/10/2021T09:33:36Z,23,33,38,58.14,32.35,981.32 
04/10/2021T09:34:07Z,22,31,36,56.64,32.38,981.34 
04/10/2021T09:34:37Z,21,29,32,56.80,32.41,981.32 
04/10/2021T09:35:07Z,22,32,35,58.58,32.38,981.28 
04/10/2021T09:35:38Z,22,33,41,58.70,32.38,981.28 
04/10/2021T09:36:08Z,21,32,37,58.79,32.37,981.29 
04/10/2021T09:36:39Z,21,30,33,55.75,32.40,981.34 
04/10/2021T09:37:10Z,21,32,34,55.91,32.43,981.35 
04/10/2021T09:37:41Z,22,34,41,57.25,32.43,981.33 
04/10/2021T09:38:11Z,22,32,37,58.37,32.41,981.30 
04/10/2021T09:38:41Z,22,34,39,58.61,32.39,981.31 
04/10/2021T09:39:11Z,22,31,34,58.72,32.37,981.31 
04/10/2021T09:39:42Z,22,32,39,58.90,32.37,981.29 
04/10/2021T09:40:13Z,22,30,35,58.92,32.35,981.27 
04/10/2021T09:40:43Z,21,29,31,58.89,32.34,981.25 
04/10/2021T09:41:14Z,22,33,40,59.05,32.33,981.24 
04/10/2021T09:41:44Z,22,32,37,58.98,32.32,981.22 
04/10/2021T09:42:15Z,22,33,38,59.00,32.32,981.23 
04/10/2021T09:42:45Z,22,32,37,59.10,32.32,981.24 
04/10/2021T09:43:15Z,22,31,34,59.10,32.31,981.22 
04/10/2021T09:43:46Z,22,31,35,59.10,32.31,981.20 
04/10/2021T09:44:16Z,22,33,38,59.27,32.30,981.19 
04/10/2021T09:44:46Z,22,32,35,59.18,32.30,981.20 
04/10/2021T09:45:17Z,21,31,35,59.30,32.31,981.19 
04/10/2021T09:45:48Z,22,33,40,59.43,32.29,981.19 
04/10/2021T09:46:18Z,22,32,37,59.46,32.30,981.19 
04/10/2021T09:46:49Z,22,32,38,59.54,32.27,981.19 
04/10/2021T09:47:19Z,22,31,37,59.47,32.27,981.17 
04/10/2021T09:47:50Z,20,31,36,58.56,32.29,981.17 
04/10/2021T09:48:20Z,21,30,34,58.97,32.29,981.16 
04/10/2021T09:48:51Z,22,33,37,59.37,32.29,981.15 
04/10/2021T09:49:21Z,22,32,36,59.23,32.29,981.15 
04/10/2021T09:49:52Z,22,32,36,59.26,32.29,981.15 
04/10/2021T09:50:22Z,22,30,35,59.38,32.27,981.14 
04/10/2021T09:50:53Z,22,33,36,59.35,32.28,981.15 
04/10/2021T09:51:23Z,23,34,38,59.38,32.27,981.12 
04/10/2021T09:51:54Z,22,33,38,59.39,32.27,981.10 
04/10/2021T09:52:25Z,23,33,38,59.48,32.27,981.10 
04/10/2021T09:52:55Z,22,33,39,59.61,32.25,981.10 
04/10/2021T09:53:26Z,22,32,36,59.70,32.24,981.12 
04/10/2021T09:53:56Z,22,32,39,59.29,32.24,981.12 
04/10/2021T09:54:27Z,22,32,37,58.22,32.29,981.11 
04/10/2021T09:54:57Z,22,33,39,58.14,32.31,981.10 
04/10/2021T09:55:27Z,22,30,35,59.25,32.30,981.09 
04/10/2021T09:55:58Z,22,32,37,59.51,32.28,981.08 
04/10/2021T09:56:28Z,21,31,34,59.44,32.27,981.08 
04/10/2021T09:56:59Z,22,32,36,59.48,32.27,981.08 
04/10/2021T09:57:29Z,22,31,38,59.58,32.26,981.06 
04/10/2021T09:58:00Z,22,33,40,59.12,32.26,981.07 
04/10/2021T09:58:30Z,21,32,36,59.03,32.27,981.06 
04/10/2021T09:59:01Z,22,32,37,59.37,32.28,981.06 
04/10/2021T09:59:31Z,22,32,36,59.14,32.28,981.06 
04/10/2021T10:00:02Z,22,30,33,58.77,32.29,981.05 
04/10/2021T10:00:32Z,22,32,36,58.95,32.29,981.05 
04/10/2021T10:01:03Z,21,30,32,58.92,32.30,981.04 
04/10/2021T10:01:34Z,22,33,39,59.04,32.30,981.03 
04/10/2021T10:02:04Z,21,31,35,58.44,32.30,981.05 
04/10/2021T10:02:35Z,22,32,36,58.87,32.29,981.03 
04/10/2021T10:03:05Z,22,31,34,59.37,32.28,981.02 
04/10/2021T10:03:36Z,22,31,35,59.47,32.27,981.03 
04/10/2021T10:04:06Z,21,32,38,59.57,32.26,981.02 
04/10/2021T10:04:36Z,22,30,35,59.60,32.24,981.03 
04/10/2021T10:05:07Z,21,31,33,59.57,32.24,981.01 
04/10/2021T10:05:38Z,22,33,39,59.47,32.25,981.01 
04/10/2021T10:06:08Z,22,31,35,59.45,32.25,981.01 
04/10/2021T10:06:38Z,22,31,36,59.43,32.25,981.00 
04/10/2021T10:07:09Z,21,30,32,59.37,32.25,980.99 
04/10/2021T10:07:39Z,22,32,37,59.27,32.24,980.98 
04/10/2021T10:08:10Z,22,31,33,59.45,32.24,980.97 
04/10/2021T10:08:40Z,22,30,32,59.53,32.24,980.96 
04/10/2021T10:09:11Z,22,32,38,59.59,32.22,980.97 
04/10/2021T10:09:41Z,22,32,36,59.67,32.22,980.97 
04/10/2021T10:10:12Z,23,34,40,59.66,32.23,980.97 
04/10/2021T10:10:43Z,22,32,37,59.67,32.23,980.96 
04/10/2021T10:11:13Z,22,33,38,59.77,32.22,980.96 
04/10/2021T10:11:44Z,22,32,38,59.77,32.21,980.96 
04/10/2021T10:12:15Z,22,33,39,59.83,32.19,980.98 
04/10/2021T10:12:46Z,22,32,38,59.96,32.18,980.97 
04/10/2021T10:13:16Z,22,32,38,59.94,32.19,980.98 
04/10/2021T10:13:47Z,21,29,33,59.45,32.22,980.97 
04/10/2021T10:14:17Z,21,31,34,59.69,32.22,980.96 
04/10/2021T10:14:48Z,21,30,34,59.61,32.22,980.97 
04/10/2021T10:15:19Z,22,30,34,59.54,32.21,980.97 
04/10/2021T10:15:49Z,21,30,32,59.24,32.23,980.97 
04/10/2021T10:16:20Z,22,32,38,59.59,32.22,980.96 
04/10/2021T10:16:51Z,20,28,31,59.58,32.22,980.94 
04/10/2021T10:17:21Z,22,31,35,59.62,32.22,980.95 
04/10/2021T10:17:51Z,21,29,35,59.49,32.23,980.96 
04/10/2021T10:18:22Z,22,30,32,59.39,32.22,980.95 
04/10/2021T10:18:53Z,21,30,34,59.03,32.23,980.94 
04/10/2021T10:19:23Z,21,31,36,59.39,32.24,980.93 
04/10/2021T10:19:54Z,22,33,39,59.50,32.23,980.93 
04/10/2021T10:20:25Z,22,32,38,59.59,32.22,980.92 
04/10/2021T10:20:56Z,22,32,36,59.61,32.23,980.91 
04/10/2021T10:21:26Z,21,29,32,59.50,32.21,980.91 
04/10/2021T10:21:57Z,22,32,37,59.52,32.22,980.92 
04/10/2021T10:22:28Z,21,30,32,59.41,32.23,980.92 
04/10/2021T10:22:58Z,23,34,42,58.60,32.24,980.92 
04/10/2021T10:23:29Z,21,31,37,56.63,32.34,980.93 
04/10/2021T10:23:59Z,20,27,30,56.91,32.39,980.91 
04/10/2021T10:24:29Z,21,29,30,58.12,32.36,980.89 
04/10/2021T10:25:00Z,21,30,36,58.51,32.32,980.89 
04/10/2021T10:25:31Z,21,31,37,58.64,32.29,980.88 
04/10/2021T10:26:01Z,19,28,29,58.34,32.28,980.88 
04/10/2021T10:26:32Z,21,31,35,57.53,32.31,980.89 
04/10/2021T10:27:02Z,20,28,30,57.88,32.31,980.89 
04/10/2021T10:27:32Z,21,30,33,57.96,32.32,980.89 
04/10/2021T10:28:03Z,22,30,33,58.15,32.33,980.89 
04/10/2021T10:28:33Z,21,31,36,58.39,32.32,980.90 
04/10/2021T10:29:04Z,22,32,36,58.71,32.32,980.90 
04/10/2021T10:29:34Z,22,33,43,58.86,32.31,980.89 
04/10/2021T10:30:04Z,22,33,39,58.82,32.31,980.91 
04/10/2021T10:30:35Z,22,32,37,58.80,32.30,980.92 
04/10/2021T10:31:05Z,21,32,37,58.84,32.29,980.92 
04/10/2021T10:31:36Z,22,29,33,58.85,32.30,980.92 
04/10/2021T10:32:06Z,22,31,37,58.82,32.30,980.93 
04/10/2021T10:32:37Z,23,34,42,58.99,32.31,980.93 
04/10/2021T10:33:08Z,24,35,46,59.09,32.31,980.92 
04/10/2021T10:33:38Z,24,35,42,59.19,32.32,980.93 
04/10/2021T10:34:09Z,28,42,52,59.18,32.33,980.93 
04/10/2021T10:34:40Z,25,36,45,59.26,32.34,980.94 
04/10/2021T10:35:10Z,24,35,42,58.73,32.35,980.95 
04/10/2021T10:35:41Z,23,33,42,57.29,32.41,980.97 
04/10/2021T10:36:12Z,23,34,42,58.27,32.43,980.95 
04/10/2021T10:36:42Z,23,34,39,57.75,32.43,980.96 
04/10/2021T10:37:13Z,22,33,39,58.28,32.42,980.95 
04/10/2021T10:37:44Z,22,33,40,58.27,32.39,980.93 
04/10/2021T10:38:14Z,21,30,34,57.88,32.38,980.93 
04/10/2021T10:38:44Z,22,32,39,58.30,32.40,980.92 
04/10/2021T10:39:15Z,21,31,36,58.71,32.39,980.91 
04/10/2021T10:39:45Z,23,34,42,59.09,32.39,980.90 
04/10/2021T10:40:16Z,23,34,43,59.23,32.39,980.89 
04/10/2021T10:40:46Z,22,32,41,59.26,32.38,980.89 
04/10/2021T10:41:16Z,23,35,42,59.50,32.37,980.89 
04/10/2021T10:41:46Z,22,32,36,59.69,32.37,980.89 
04/10/2021T10:42:17Z,23,33,40,59.72,32.36,980.89 
04/10/2021T10:42:48Z,23,34,42,59.73,32.35,980.86 
04/10/2021T10:43:19Z,22,32,37,59.47,32.37,980.85 
04/10/2021T10:43:49Z,23,33,38,58.97,32.39,980.87 
04/10/2021T10:44:19Z,22,33,38,59.26,32.40,980.86 
04/10/2021T10:44:49Z,22,32,36,59.41,32.41,980.86 
04/10/2021T10:45:20Z,47,66,74,58.78,32.44,980.86 
04/10/2021T10:45:51Z,34,49,62,58.21,32.47,980.86 
04/10/2021T10:46:22Z,31,45,56,57.39,32.50,980.87 
04/10/2021T10:46:53Z,32,47,59,57.85,32.50,980.84 
04/10/2021T10:47:23Z,32,48,60,58.11,32.50,980.84 
04/10/2021T10:47:54Z,32,47,59,57.86,32.52,980.83 
04/10/2021T10:48:25Z,32,48,60,58.01,32.53,980.83 
04/10/2021T10:48:55Z,33,48,60,58.07,32.53,980.83 
04/10/2021T10:49:25Z,32,47,59,58.27,32.52,980.82 
04/10/2021T10:49:56Z,32,47,59,58.45,32.52,980.80 
04/10/2021T10:50:26Z,33,48,61,58.58,32.52,980.80 
04/10/2021T10:50:57Z,32,48,60,59.01,32.50,980.80 
04/10/2021T10:51:27Z,33,48,59,59.33,32.49,980.79 
04/10/2021T10:51:57Z,32,47,59,59.53,32.47,980.79 
04/10/2021T10:52:28Z,31,46,59,59.53,32.46,980.79 
04/10/2021T10:52:59Z,31,46,57,59.75,32.46,980.79 
04/10/2021T10:53:29Z,31,46,58,59.97,32.45,980.79 
04/10/2021T10:53:59Z,31,47,59,60.14,32.46,980.79 
04/10/2021T10:54:30Z,31,46,59,60.40,32.46,980.78 
04/10/2021T10:55:00Z,30,45,56,60.39,32.46,980.77 
04/10/2021T10:55:31Z,31,46,58,60.47,32.46,980.78 
04/10/2021T10:56:02Z,30,46,58,60.76,32.44,980.77 
04/10/2021T10:56:32Z,30,45,56,61.00,32.44,980.76 
04/10/2021T10:57:02Z,29,43,54,61.08,32.46,980.74 
04/10/2021T10:57:32Z,29,43,54,60.76,32.48,980.73 
04/10/2021T10:58:03Z,28,41,51,61.20,32.51,980.73 
04/10/2021T10:58:34Z,28,42,54,60.96,32.50,980.72 
04/10/2021T10:59:04Z,29,43,53,61.49,32.50,980.69 
04/10/2021T10:59:35Z,30,44,55,61.09,32.53,980.66 
04/10/2021T11:00:06Z,30,44,54,60.13,32.54,980.67 
04/10/2021T11:00:36Z,30,45,56,60.40,32.53,980.66 
04/10/2021T11:01:07Z,28,43,56,60.50,32.54,980.64 
04/10/2021T11:01:38Z,28,42,53,61.16,32.56,980.63 
04/10/2021T11:02:09Z,28,41,53,60.93,32.57,980.63 
04/10/2021T11:02:39Z,27,41,51,61.08,32.56,980.63 
04/10/2021T11:03:09Z,28,41,51,61.02,32.57,980.62 
04/10/2021T11:03:40Z,27,40,50,61.29,32.57,980.61 
04/10/2021T11:04:10Z,27,40,51,61.26,32.57,980.60 
04/10/2021T11:04:41Z,27,40,53,61.41,32.58,980.60 
04/10/2021T11:52:25Z,32,47,59,65.44,31.67,980.66 
04/10/2021T11:52:55Z,31,48,60,65.30,31.77,980.65 
04/10/2021T11:53:25Z,32,49,62,64.83,31.91,980.66 
04/10/2021T11:53:56Z,31,48,59,64.43,32.02,980.64 
04/10/2021T11:54:27Z,31,48,59,64.29,32.12,980.64 
04/10/2021T11:54:57Z,30,47,59,63.95,32.22,980.66 
04/10/2021T11:55:28Z,30,45,58,63.77,32.30,980.65 
04/10/2021T11:55:59Z,30,45,58,63.59,32.37,980.67 
04/10/2021T11:56:29Z,31,46,60,63.38,32.41,980.68 
04/10/2021T11:57:00Z,30,46,60,63.14,32.43,980.69 
04/10/2021T11:57:31Z,29,46,59,62.84,32.48,980.71 
04/10/2021T11:58:01Z,29,47,60,62.98,32.53,980.71 
04/10/2021T11:58:32Z,30,45,58,62.57,32.55,980.73 
04/10/2021T11:59:03Z,30,46,60,62.44,32.57,980.75 
04/10/2021T11:59:33Z,30,46,59,62.48,32.58,980.76 
04/10/2021T12:00:03Z,30,46,56,62.57,32.59,980.76 
04/10/2021T12:00:34Z,30,47,60,62.33,32.60,980.77 
04/10/2021T12:01:04Z,30,45,59,62.36,32.61,980.76 
04/10/2021T12:01:34Z,30,47,60,62.32,32.61,980.74 
04/10/2021T12:02:05Z,45,64,73,62.45,32.62,980.75 
04/10/2021T12:02:36Z,43,58,70,62.56,32.61,980.75 
04/10/2021T12:03:06Z,40,58,71,62.55,32.62,980.76 
04/10/2021T12:03:37Z,37,53,68,62.56,32.63,980.77 
04/10/2021T12:04:07Z,37,53,67,62.61,32.63,980.76 
04/10/2021T12:04:38Z,35,51,66,62.66,32.63,980.76 
04/10/2021T12:05:09Z,33,50,66,62.73,32.60,980.79 
04/10/2021T12:05:39Z,33,50,64,62.84,32.61,980.79 
04/10/2021T12:06:09Z,33,51,64,63.03,32.61,980.79 
04/10/2021T12:06:40Z,34,50,63,63.11,32.60,980.79 
04/10/2021T12:07:10Z,34,52,67,63.10,32.60,980.81 
04/10/2021T12:07:41Z,36,53,70,63.51,32.56,980.81 
04/10/2021T12:08:11Z,36,52,69,63.74,32.58,980.81 
04/10/2021T12:08:42Z,34,50,66,63.67,32.61,980.80 
04/10/2021T12:09:13Z,34,51,65,63.73,32.59,980.80 
04/10/2021T12:09:43Z,34,51,66,63.71,32.61,980.80 
04/10/2021T12:10:13Z,35,53,67,63.56,32.61,980.81 
04/10/2021T12:10:44Z,35,52,67,63.48,32.62,980.80 
04/10/2021T12:11:15Z,37,55,71,63.44,32.61,980.80 
04/10/2021T12:11:45Z,39,57,72,63.55,32.60,980.80 
04/10/2021T12:12:15Z,39,57,72,63.69,32.61,980.79 
04/10/2021T12:12:46Z,37,56,73,63.72,32.62,980.78 
04/10/2021T12:13:17Z,36,55,70,63.54,32.64,980.77 
04/10/2021T12:13:47Z,35,52,67,63.48,32.63,980.76 
04/10/2021T12:14:18Z,34,52,69,63.69,32.64,980.77 
04/10/2021T12:14:48Z,36,54,69,63.69,32.62,980.77 
04/10/2021T12:15:18Z,36,53,67,63.72,32.62,980.79 
04/10/2021T12:15:48Z,34,53,68,63.66,32.62,980.80 
04/10/2021T12:16:18Z,34,50,66,63.74,32.60,980.82 
04/10/2021T12:16:49Z,34,51,67,63.79,32.62,980.85 
04/10/2021T12:17:20Z,33,50,66,63.63,32.62,980.86 
04/10/2021T12:17:50Z,33,51,66,63.48,32.62,980.87 
04/10/2021T12:18:20Z,34,50,65,63.57,32.60,980.88 
04/10/2021T12:18:51Z,33,50,66,63.60,32.60,980.89 
04/10/2021T12:19:22Z,32,49,65,63.68,32.62,980.88 
04/10/2021T12:19:52Z,33,50,66,63.72,32.64,980.89 
04/10/2021T12:20:22Z,32,50,65,63.74,32.65,980.89 
04/10/2021T12:20:53Z,33,50,66,63.74,32.66,980.88 
04/10/2021T12:21:24Z,33,49,65,63.76,32.67,980.86 
04/10/2021T12:21:54Z,33,51,66,63.81,32.67,980.86 
04/10/2021T12:22:25Z,33,50,65,63.63,32.68,980.86 
04/10/2021T12:22:55Z,33,49,63,63.64,32.68,980.85 
04/10/2021T12:23:25Z,33,50,64,63.52,32.68,980.84 
04/10/2021T12:23:56Z,32,50,65,63.48,32.66,980.86 
04/10/2021T12:24:26Z,32,49,64,63.69,32.66,980.84 
04/10/2021T12:24:57Z,32,50,65,63.68,32.66,980.83 
04/10/2021T12:25:27Z,32,49,63,63.76,32.66,980.84 
04/10/2021T12:25:57Z,31,47,60,63.90,32.65,980.84 
04/10/2021T12:26:27Z,32,47,61,63.90,32.66,980.83 
04/10/2021T12:26:57Z,30,47,60,64.04,32.63,980.83 
04/10/2021T12:27:27Z,32,48,61,64.20,32.63,980.81 
04/10/2021T12:27:57Z,30,47,59,64.21,32.64,980.80 
04/10/2021T12:28:27Z,31,47,60,64.22,32.63,980.79 
04/10/2021T12:28:58Z,31,48,62,64.19,32.63,980.77 
04/10/2021T12:29:28Z,30,46,56,64.13,32.63,980.76 
04/10/2021T12:29:59Z,31,46,60,63.89,32.64,980.76 
04/10/2021T12:30:29Z,31,47,59,63.88,32.62,980.75 
04/10/2021T12:31:00Z,30,44,55,63.97,32.62,980.75 
04/10/2021T12:31:30Z,30,45,58,64.02,32.63,980.74 
04/10/2021T12:32:01Z,30,45,57,64.01,32.63,980.73 
04/10/2021T12:32:31Z,30,44,56,64.06,32.61,980.73 
04/10/2021T12:33:02Z,29,44,55,64.04,32.61,980.74 
04/10/2021T12:33:33Z,29,44,56,64.13,32.62,980.74 
04/10/2021T12:34:03Z,29,43,55,64.22,32.63,980.74 
04/10/2021T12:34:34Z,30,44,54,64.30,32.63,980.74 
04/10/2021T12:35:04Z,29,43,53,64.32,32.64,980.75 
04/10/2021T12:35:35Z,29,44,58,64.49,32.63,980.76 
04/10/2021T12:36:06Z,29,44,55,64.54,32.65,980.76 
04/10/2021T12:36:36Z,29,45,57,64.62,32.66,980.77 
04/10/2021T12:37:06Z,29,44,56,64.68,32.64,980.77 
04/10/2021T12:37:37Z,33,50,62,64.80,32.64,980.77 
04/10/2021T12:38:07Z,32,48,59,65.01,32.65,980.76 
04/10/2021T12:38:38Z,33,48,62,65.16,32.66,980.77 
04/10/2021T12:39:08Z,33,49,64,64.99,32.68,980.76 
04/10/2021T12:39:38Z,33,48,60,64.93,32.69,980.77 
04/10/2021T12:40:09Z,32,48,60,64.52,32.69,980.78 
04/10/2021T12:40:39Z,34,50,64,64.65,32.68,980.77 
04/10/2021T12:41:10Z,36,53,67,64.88,32.70,980.78 
04/10/2021T12:41:40Z,50,73,80,64.58,32.71,980.80 
04/10/2021T12:42:11Z,59,91,97,64.54,32.70,980.81 
04/10/2021T12:42:42Z,53,78,86,64.77,32.73,980.81 
04/10/2021T12:43:12Z,48,71,78,64.41,32.76,980.83 
04/10/2021T12:43:42Z,49,73,81,63.99,32.78,980.83 
04/10/2021T12:44:13Z,48,70,77,63.48,32.78,980.85 
04/10/2021T12:44:43Z,57,84,91,63.43,32.75,980.86 
04/10/2021T12:45:13Z,47,71,79,63.31,32.73,980.87 
04/10/2021T12:45:44Z,37,55,70,62.04,32.73,980.89 
04/10/2021T12:46:15Z,42,61,72,62.60,32.73,980.90 
04/10/2021T12:46:45Z,51,76,81,62.54,32.73,980.91 
04/10/2021T12:47:16Z,49,74,80,62.68,32.72,980.90 
04/10/2021T12:47:47Z,58,87,96,62.60,32.73,980.90 
04/10/2021T12:48:17Z,63,91,99,63.10,32.71,980.89 
04/10/2021T12:48:48Z,56,83,92,63.18,32.70,980.91 
04/10/2021T12:49:18Z,57,84,93,63.13,32.69,980.91 
04/10/2021T12:49:48Z,58,87,95,63.38,32.67,980.91 
04/10/2021T12:50:19Z,63,93,101,63.26,32.66,980.91 
04/10/2021T12:50:49Z,53,78,86,63.47,32.67,980.92 
04/10/2021T12:51:19Z,49,72,80,63.19,32.68,980.92 
04/10/2021T12:51:50Z,47,70,77,63.36,32.68,980.91 
04/10/2021T12:52:20Z,51,77,83,63.13,32.66,980.92 
04/10/2021T12:52:51Z,48,74,83,63.76,32.68,980.90 
04/10/2021T12:53:21Z,48,70,77,63.56,32.70,980.90 
04/10/2021T12:53:52Z,43,64,74,62.86,32.69,980.89 
04/10/2021T12:54:22Z,48,70,78,62.46,32.67,980.90 
04/10/2021T12:54:53Z,56,82,88,63.14,32.65,980.91 
04/10/2021T12:55:24Z,89,134,148,63.37,32.65,980.88 
04/10/2021T12:55:54Z,96,143,155,63.75,32.66,980.88 
04/10/2021T12:56:25Z,89,136,147,63.77,32.67,980.89 
04/10/2021T12:56:55Z,93,141,152,63.95,32.66,980.90 
04/10/2021T12:57:25Z,92,135,149,64.02,32.64,980.91 
04/10/2021T12:57:56Z,91,137,147,64.04,32.62,980.92 
04/10/2021T12:58:26Z,85,127,141,64.20,32.63,980.93 
04/10/2021T12:58:57Z,79,118,126,63.81,32.65,980.94 
04/10/2021T12:59:28Z,68,103,111,63.66,32.66,980.95 
04/10/2021T12:59:58Z,67,101,110,63.28,32.68,980.96 
04/10/2021T13:00:28Z,66,98,107,63.38,32.69,980.98 
04/10/2021T13:00:59Z,57,84,88,62.92,32.70,981.01 
04/10/2021T13:01:30Z,52,80,87,62.69,32.71,981.01 
04/10/2021T13:02:00Z,46,68,76,61.14,32.69,981.04 
04/10/2021T13:02:30Z,41,63,73,61.61,32.67,981.01 
04/10/2021T13:03:01Z,46,69,78,62.14,32.69,981.02 
04/10/2021T13:03:31Z,50,73,81,61.98,32.69,981.05 
04/10/2021T13:04:01Z,47,70,78,62.13,32.69,981.06 
04/10/2021T13:04:32Z,43,65,75,61.81,32.71,981.07 
04/10/2021T13:05:02Z,43,64,75,61.85,32.74,981.07 
04/10/2021T13:05:33Z,37,56,71,61.33,32.72,981.07 
04/10/2021T13:06:04Z,38,58,72,61.53,32.70,981.07 
04/10/2021T13:06:34Z,39,58,71,61.30,32.68,981.08 
04/10/2021T13:07:05Z,40,60,74,61.26,32.69,981.09 
04/10/2021T13:07:35Z,45,68,78,61.02,32.69,981.11 
04/10/2021T13:08:06Z,71,114,128,61.44,32.68,981.11 
04/10/2021T13:08:36Z,89,140,156,61.76,32.65,981.12 
04/10/2021T13:09:07Z,71,109,118,62.13,32.64,981.12 
04/10/2021T13:09:38Z,64,98,108,62.07,32.66,981.12 
04/10/2021T13:10:09Z,65,100,107,61.87,32.66,981.13 
04/10/2021T13:10:39Z,70,108,121,61.89,32.64,981.14 
04/10/2021T13:11:09Z,83,137,154,61.52,32.62,981.14 
04/10/2021T13:11:40Z,113,185,208,61.47,32.60,981.15 
04/10/2021T13:12:11Z,96,158,175,61.70,32.60,981.14 
04/10/2021T13:12:42Z,90,145,158,61.21,32.57,981.16 
04/10/2021T13:13:12Z,103,170,189,61.11,32.54,981.16 
04/10/2021T13:13:42Z,138,245,279,61.75,32.54,981.15 
04/10/2021T13:14:13Z,87,143,164,61.38,32.54,981.16 
04/10/2021T13:14:43Z,81,132,142,61.94,32.53,981.16 
04/10/2021T13:15:14Z,80,128,142,62.28,32.58,981.15 
04/10/2021T13:15:44Z,75,121,134,62.00,32.62,981.17 
04/10/2021T13:16:15Z,66,108,120,61.26,32.61,981.17 
04/10/2021T13:16:45Z,61,95,107,61.09,32.61,981.18 
04/10/2021T13:17:16Z,53,85,96,60.97,32.59,981.21 
04/10/2021T13:17:46Z,56,91,99,61.67,32.56,981.19 
04/10/2021T13:18:17Z,68,112,127,61.74,32.55,981.21 
04/10/2021T13:18:48Z,63,101,113,61.93,32.58,981.22 
04/10/2021T13:19:18Z,61,95,106,61.61,32.60,981.22 
04/10/2021T13:19:48Z,57,92,101,60.85,32.59,981.24 
04/10/2021T13:20:18Z,91,158,177,60.61,32.58,981.25 
04/10/2021T13:20:49Z,73,119,136,61.31,32.59,981.25 
04/10/2021T13:21:19Z,66,109,125,61.32,32.59,981.26 
04/10/2021T13:21:50Z,60,98,109,61.01,32.59,981.27 
04/10/2021T13:22:21Z,60,97,110,61.30,32.57,981.27 
04/10/2021T13:22:52Z,57,93,103,61.34,32.56,981.27 
04/10/2021T13:23:23Z,52,83,92,61.45,32.56,981.29 
04/10/2021T13:23:54Z,53,85,94,61.30,32.55,981.27 
04/10/2021T13:24:24Z,57,91,103,61.51,32.55,981.27 
04/10/2021T13:24:54Z,53,84,94,61.12,32.56,981.27 
04/10/2021T13:25:25Z,62,99,110,61.80,32.60,981.26 
04/10/2021T13:25:56Z,70,116,129,61.28,32.62,981.27 
04/10/2021T13:26:26Z,67,107,119,61.49,32.61,981.27 
04/10/2021T13:26:57Z,62,95,105,60.84,32.58,981.29 
04/10/2021T13:27:27Z,63,98,114,61.14,32.55,981.30 
04/10/2021T13:27:58Z,63,103,113,61.25,32.55,981.31 
04/10/2021T13:28:28Z,64,102,114,61.47,32.56,981.32 
04/10/2021T13:28:59Z,67,103,111,61.51,32.57,981.34 
04/10/2021T13:29:30Z,65,102,114,61.65,32.56,981.35 
04/10/2021T13:30:01Z,64,98,109,61.38,32.56,981.37 
04/10/2021T13:30:31Z,58,93,104,61.19,32.56,981.38 
04/10/2021T13:31:02Z,58,91,103,61.39,32.56,981.41 
04/10/2021T13:31:32Z,58,89,101,61.52,32.56,981.41 
04/10/2021T13:32:03Z,62,98,110,61.41,32.55,981.42 
04/10/2021T13:32:33Z,65,100,117,61.65,32.55,981.42 
04/10/2021T13:33:03Z,65,99,111,61.79,32.55,981.44 
04/10/2021T13:33:34Z,64,103,116,62.00,32.57,981.44 
04/10/2021T13:34:04Z,70,111,125,62.26,32.60,981.46 
04/10/2021T13:34:35Z,68,111,125,61.88,32.61,981.47 
04/10/2021T13:35:06Z,68,111,125,61.91,32.62,981.48 
04/10/2021T13:35:36Z,75,119,131,61.84,32.64,981.51 
04/10/2021T13:36:06Z,66,106,117,60.89,32.66,981.53 
04/10/2021T13:36:36Z,66,107,117,61.39,32.67,981.53 
04/10/2021T13:37:07Z,65,103,115,61.10,32.70,981.57 
04/10/2021T13:37:37Z,66,106,120,60.80,32.70,981.60 
04/10/2021T13:38:07Z,69,112,126,61.26,32.70,981.61 
04/10/2021T13:38:37Z,72,115,129,60.41,32.66,981.63 
04/10/2021T13:39:08Z,71,115,130,60.53,32.64,981.65 
04/10/2021T13:39:38Z,69,108,117,59.92,32.64,981.69 
04/10/2021T13:40:09Z,68,110,122,60.39,32.61,981.70 
04/10/2021T13:40:40Z,74,119,130,60.76,32.61,981.72 
04/10/2021T13:41:10Z,69,108,119,60.74,32.62,981.73 
04/10/2021T13:41:41Z,68,110,123,60.31,32.62,981.75 
04/10/2021T13:42:11Z,66,106,120,60.56,32.62,981.75 
04/10/2021T13:42:42Z,68,109,123,60.96,32.62,981.76 
04/10/2021T13:43:12Z,66,105,119,60.70,32.62,981.76 
04/10/2021T13:43:42Z,64,102,113,60.54,32.62,981.78 
04/10/2021T13:44:12Z,64,104,113,60.72,32.62,981.79 
04/10/2021T13:44:43Z,69,112,124,60.68,32.61,981.79 
04/10/2021T13:45:14Z,69,111,121,60.74,32.63,981.79 
04/10/2021T13:45:44Z,67,105,115,60.30,32.63,981.80 
04/10/2021T13:46:14Z,60,97,107,60.09,32.64,981.80 
04/10/2021T13:46:45Z,60,97,107,59.93,32.64,981.82 
04/10/2021T13:47:16Z,64,103,115,60.61,32.65,981.81 
04/10/2021T13:47:46Z,64,104,118,60.89,32.66,981.81 
04/10/2021T13:48:16Z,65,103,116,60.67,32.67,981.81 
04/10/2021T13:48:46Z,67,108,121,60.54,32.67,981.81 
04/10/2021T13:49:17Z,70,113,127,60.39,32.66,981.81 
04/10/2021T13:49:47Z,67,107,121,60.82,32.69,981.81 
04/10/2021T13:50:17Z,68,107,119,60.65,32.70,981.83 
04/10/2021T13:50:48Z,69,111,122,60.80,32.67,981.84 
04/10/2021T13:51:19Z,71,115,128,60.72,32.66,981.85 
04/10/2021T13:51:49Z,70,114,127,60.31,32.70,981.85 
04/10/2021T13:52:19Z,67,107,121,60.09,32.71,981.86 
04/10/2021T13:52:50Z,64,102,112,59.81,32.70,981.85 
04/10/2021T13:53:21Z,63,102,112,58.71,32.67,981.87 
04/10/2021T13:53:51Z,60,96,108,58.25,32.65,981.87 
04/10/2021T13:54:22Z,61,99,109,59.26,32.63,981.86 
04/10/2021T13:54:52Z,62,99,112,59.64,32.62,981.88 
04/10/2021T13:55:22Z,65,105,118,59.80,32.61,981.88 
04/10/2021T13:55:53Z,64,100,111,60.03,32.61,981.88 
04/10/2021T13:56:24Z,67,107,121,59.89,32.59,981.90 
04/10/2021T13:56:54Z,66,105,114,59.62,32.58,981.92 
04/10/2021T13:57:24Z,64,105,115,60.24,32.61,981.92 
04/10/2021T13:57:54Z,65,106,117,59.95,32.62,981.91 
04/10/2021T13:58:25Z,67,108,123,59.85,32.59,981.93 
04/10/2021T13:58:55Z,64,104,116,60.07,32.60,981.94 
04/10/2021T13:59:25Z,63,102,113,59.68,32.61,981.98 
04/10/2021T13:59:56Z,64,104,112,59.72,32.60,981.98 
04/10/2021T14:00:26Z,65,108,120,59.69,32.60,981.99 
04/10/2021T14:00:57Z,67,109,120,59.34,32.61,982.02 
04/10/2021T14:01:28Z,62,100,110,59.31,32.63,982.02 
04/10/2021T14:01:59Z,62,100,112,59.40,32.62,982.03 
04/10/2021T14:02:29Z,63,104,114,59.21,32.61,982.04 
04/10/2021T14:02:59Z,73,109,121,59.26,32.59,982.03 
04/10/2021T14:03:29Z,69,110,118,59.43,32.60,982.05 
04/10/2021T14:04:00Z,64,102,113,58.20,32.60,982.07 
04/10/2021T14:04:30Z,63,99,109,59.49,32.61,982.06 
04/10/2021T14:05:00Z,61,98,111,58.83,32.62,982.07 
04/10/2021T14:05:31Z,62,100,110,58.79,32.61,982.07 
04/10/2021T14:06:02Z,61,96,105,59.02,32.59,982.08 
04/10/2021T14:06:33Z,61,99,110,59.81,32.59,982.09 
04/10/2021T14:07:03Z,61,97,106,60.14,32.58,982.10 
04/10/2021T14:07:34Z,62,99,109,60.22,32.56,982.12 
04/10/2021T14:08:04Z,63,101,115,60.13,32.53,982.15 
04/10/2021T14:08:34Z,65,102,113,59.96,32.52,982.16 
04/10/2021T14:09:05Z,63,101,114,60.36,32.55,982.16 
04/10/2021T14:09:35Z,61,97,106,60.01,32.56,982.18 
04/10/2021T14:10:05Z,62,100,111,60.33,32.56,982.17 
04/10/2021T14:10:35Z,61,99,112,60.27,32.56,982.17 
04/10/2021T14:11:06Z,62,98,108,60.36,32.59,982.16 
04/10/2021T14:11:37Z,57,90,103,59.80,32.59,982.19 
04/10/2021T14:12:08Z,58,93,103,59.62,32.60,982.18 
04/10/2021T14:12:38Z,54,85,98,58.77,32.61,982.21 
04/10/2021T14:13:09Z,53,85,93,58.55,32.59,982.23 
04/10/2021T14:13:39Z,54,87,101,59.09,32.57,982.22 
04/10/2021T14:14:10Z,60,93,104,59.22,32.55,982.23 
04/10/2021T14:14:40Z,56,89,99,59.26,32.56,982.23 
04/10/2021T14:15:11Z,58,87,99,59.32,32.55,982.23 
04/10/2021T14:15:41Z,61,93,106,59.75,32.56,982.23 
04/10/2021T14:16:12Z,59,94,105,59.46,32.54,982.23 
04/10/2021T14:16:43Z,58,91,102,59.35,32.54,982.23 
04/10/2021T14:17:13Z,60,95,104,59.89,32.55,982.23 
04/10/2021T14:17:44Z,60,95,107,59.92,32.55,982.23 
04/10/2021T14:18:15Z,60,95,106,59.83,32.58,982.25 
04/10/2021T14:18:45Z,62,94,104,60.19,32.54,982.24 
04/10/2021T14:19:16Z,62,97,109,60.65,32.54,982.24 
04/10/2021T14:19:46Z,68,107,120,60.46,32.53,982.26 
04/10/2021T14:20:16Z,70,110,119,60.65,32.52,982.26 
04/10/2021T14:20:46Z,73,117,133,60.61,32.52,982.27 
04/10/2021T14:21:17Z,78,123,141,60.88,32.50,982.27 
04/10/2021T14:21:48Z,81,127,141,61.32,32.48,982.29 
04/10/2021T14:22:18Z,80,126,140,61.78,32.48,982.30 
04/10/2021T14:22:49Z,86,137,158,61.83,32.47,982.31 
04/10/2021T14:23:19Z,88,140,157,61.81,32.44,982.32 
04/10/2021T14:23:49Z,90,142,155,62.03,32.43,982.33 
04/10/2021T14:24:19Z,95,153,169,62.46,32.43,982.34 
04/10/2021T14:24:50Z,94,146,161,62.73,32.44,982.34 
04/10/2021T14:25:21Z,94,144,167,62.69,32.44,982.35 
04/10/2021T14:25:51Z,97,153,169,62.93,32.45,982.36 
04/10/2021T14:26:21Z,94,148,164,63.07,32.48,982.38 
04/10/2021T14:26:52Z,93,148,163,62.87,32.47,982.38 
04/10/2021T14:27:22Z,89,141,164,62.57,32.46,982.40 
04/10/2021T14:27:52Z,95,151,175,62.50,32.43,982.40 
04/10/2021T14:28:22Z,94,152,173,62.75,32.42,982.41 
04/10/2021T14:28:53Z,93,148,168,62.97,32.45,982.42 
04/10/2021T14:29:23Z,94,151,166,63.23,32.45,982.44 
04/10/2021T14:29:53Z,94,150,167,63.23,32.46,982.45 
04/10/2021T14:30:24Z,91,145,165,63.24,32.45,982.46 
04/10/2021T14:30:54Z,89,143,163,62.96,32.45,982.49 
04/10/2021T14:31:24Z,90,145,161,63.01,32.47,982.51 
04/10/2021T14:31:55Z,86,141,155,63.14,32.48,982.52 
04/10/2021T14:32:25Z,86,140,157,63.13,32.48,982.54 
04/10/2021T14:32:56Z,86,136,156,63.04,32.50,982.55 
04/10/2021T14:33:27Z,85,136,148,63.02,32.49,982.56 
04/10/2021T14:33:57Z,87,143,159,63.46,32.47,982.58 
04/10/2021T14:34:28Z,91,143,160,63.51,32.45,982.58 
04/10/2021T14:34:58Z,93,145,163,63.37,32.43,982.59 
04/10/2021T14:35:28Z,89,143,162,63.14,32.41,982.60 
04/10/2021T14:35:59Z,87,144,157,63.15,32.39,982.62 
04/10/2021T14:36:30Z,87,144,165,63.38,32.40,982.61 
04/10/2021T14:37:00Z,88,138,161,63.26,32.40,982.61 
04/10/2021T14:37:30Z,87,138,160,63.19,32.39,982.61 
04/10/2021T14:38:00Z,86,140,157,63.17,32.38,982.61 
04/10/2021T14:38:30Z,89,145,160,63.31,32.38,982.60 
04/10/2021T14:39:01Z,88,142,165,63.54,32.40,982.61 
04/10/2021T14:39:32Z,85,138,155,63.43,32.39,982.61 
04/10/2021T14:40:03Z,85,138,158,63.50,32.39,982.61 
04/10/2021T14:40:33Z,88,142,155,63.57,32.38,982.61 
04/10/2021T14:41:03Z,87,138,149,63.56,32.40,982.61 
04/10/2021T14:41:34Z,87,139,153,63.38,32.40,982.62 
04/10/2021T14:42:04Z,87,142,163,63.54,32.41,982.64 
04/10/2021T14:42:35Z,88,138,161,63.47,32.41,982.64 
04/10/2021T14:43:06Z,87,142,166,63.39,32.40,982.67 
04/10/2021T14:43:37Z,87,140,162,63.65,32.40,982.68 
04/10/2021T14:44:07Z,87,143,163,63.70,32.42,982.69 
04/10/2021T14:44:38Z,88,142,162,63.83,32.39,982.69 
04/10/2021T14:45:09Z,86,142,162,63.95,32.39,982.69 
04/10/2021T14:45:39Z,87,143,164,63.85,32.38,982.71 
04/10/2021T14:46:09Z,89,143,162,63.73,32.37,982.72 
04/10/2021T14:46:40Z,86,138,154,63.61,32.36,982.73 
04/10/2021T14:47:10Z,86,139,159,63.66,32.35,982.74 
04/10/2021T14:47:40Z,84,137,154,63.78,32.33,982.75 
04/10/2021T14:48:11Z,82,134,150,63.86,32.32,982.77 
04/10/2021T14:48:41Z,80,128,143,63.98,32.32,982.76 
04/10/2021T14:49:11Z,80,131,147,64.11,32.33,982.78 
04/10/2021T14:49:42Z,83,133,150,63.86,32.37,982.79 
04/10/2021T14:50:13Z,80,128,139,63.49,32.39,982.81 
04/10/2021T14:50:43Z,78,124,137,63.18,32.42,982.83 
04/10/2021T14:51:13Z,73,114,128,62.12,32.45,982.84 
04/10/2021T14:51:44Z,70,111,127,62.21,32.48,982.86 
04/10/2021T14:52:14Z,75,124,135,62.29,32.47,982.86 
04/10/2021T14:52:45Z,78,123,138,62.46,32.45,982.86 
04/10/2021T14:53:16Z,73,116,129,62.80,32.44,982.86 
04/10/2021T14:53:46Z,73,114,126,62.90,32.48,982.87 
04/10/2021T14:54:16Z,73,114,129,62.87,32.51,982.88 
04/10/2021T14:54:47Z,70,109,120,62.57,32.54,982.89 
04/10/2021T14:55:17Z,67,104,120,62.38,32.54,982.90 
04/10/2021T14:55:48Z,69,109,124,62.57,32.52,982.89 
04/10/2021T14:56:18Z,70,107,127,62.63,32.54,982.88 
04/10/2021T14:56:49Z,70,109,121,62.32,32.53,982.90 
04/10/2021T14:57:19Z,69,108,121,62.38,32.54,982.89 
04/10/2021T14:57:49Z,70,110,126,62.30,32.53,982.89 
04/10/2021T14:58:19Z,74,117,132,62.93,32.51,982.89 
04/10/2021T14:58:50Z,80,129,147,63.23,32.51,982.89 
04/10/2021T14:59:20Z,79,127,143,63.16,32.50,982.90 
04/10/2021T14:59:51Z,77,120,139,62.96,32.53,982.92 
04/10/2021T15:00:21Z,74,118,131,62.48,32.54,982.93 
04/10/2021T15:00:51Z,74,120,135,62.73,32.55,982.94 
04/10/2021T15:01:22Z,74,117,136,62.06,32.56,982.94 
04/10/2021T15:01:52Z,74,121,138,62.06,32.57,982.94 
04/10/2021T15:02:22Z,71,113,125,61.31,32.55,982.95 
04/10/2021T15:02:53Z,67,107,120,61.20,32.55,982.95 
04/10/2021T15:03:24Z,68,111,127,61.62,32.55,982.95 
04/10/2021T15:03:55Z,66,104,120,62.13,32.57,982.94 
04/10/2021T15:04:25Z,67,108,120,62.14,32.60,982.94 
04/10/2021T15:04:55Z,68,108,122,61.77,32.61,982.94 
04/10/2021T15:05:26Z,65,102,120,61.64,32.59,982.96 
04/10/2021T15:05:56Z,67,103,118,61.68,32.57,982.95 
04/10/2021T15:06:26Z,64,104,118,62.01,32.54,982.94 
04/10/2021T15:06:57Z,72,114,125,61.88,32.53,982.94 
04/10/2021T15:07:28Z,72,113,125,61.96,32.52,982.94 
04/10/2021T15:07:58Z,70,106,119,61.66,32.48,982.94 
04/10/2021T15:08:29Z,71,109,122,61.76,32.50,982.96 
04/10/2021T15:08:59Z,70,110,121,61.80,32.49,982.96 
04/10/2021T15:09:30Z,69,107,123,61.72,32.49,982.96 
04/10/2021T15:10:00Z,70,111,121,62.01,32.46,982.96 
04/10/2021T15:10:31Z,70,108,120,62.39,32.42,982.97 
04/10/2021T15:11:02Z,68,109,124,62.37,32.42,982.97 
04/10/2021T15:11:32Z,72,114,128,62.73,32.40,982.97 
04/10/2021T15:12:02Z,72,118,138,62.73,32.40,982.97 
04/10/2021T15:12:33Z,79,124,142,62.72,32.37,982.96 
04/10/2021T15:13:03Z,80,128,148,63.20,32.35,982.95 
04/10/2021T15:13:34Z,82,128,148,63.28,32.34,982.97 
04/10/2021T15:14:04Z,80,124,145,63.41,32.35,982.96 
04/10/2021T15:14:35Z,80,130,148,63.57,32.36,982.96 
04/10/2021T15:15:06Z,85,137,158,63.43,32.35,982.97 
04/10/2021T15:15:37Z,89,141,162,63.59,32.38,982.96 
04/10/2021T15:16:06Z,90,148,166,63.59,32.39,982.97 
04/10/2021T15:16:37Z,95,156,180,63.69,32.40,982.98 
04/10/2021T15:17:08Z,94,156,187,63.78,32.40,982.99 
04/10/2021T15:17:38Z,99,163,184,63.77,32.40,982.99 
04/10/2021T15:18:09Z,99,166,188,63.86,32.43,983.01 
04/10/2021T15:18:39Z,104,179,204,63.70,32.42,983.01 
04/10/2021T15:19:10Z,98,167,187,63.41,32.43,983.02 
04/10/2021T15:19:41Z,99,164,183,63.63,32.45,983.02 
04/10/2021T15:20:11Z,104,174,198,63.49,32.47,983.02 
04/10/2021T15:20:42Z,109,188,226,63.62,32.42,983.02 
04/10/2021T15:21:13Z,113,190,227,63.76,32.41,983.03 
04/10/2021T15:21:43Z,116,203,236,63.70,32.40,983.04 
04/10/2021T15:22:14Z,113,191,226,63.81,32.40,983.04 
04/10/2021T15:22:44Z,111,193,227,63.78,32.44,983.06 
04/10/2021T15:23:15Z,119,209,250,63.89,32.45,983.07 
04/10/2021T15:23:45Z,112,196,233,63.92,32.48,983.06 
04/10/2021T15:24:16Z,111,194,231,63.76,32.49,983.06 
04/10/2021T15:24:47Z,115,201,242,63.75,32.47,983.09 
04/10/2021T15:25:17Z,113,202,236,63.81,32.44,983.09 
04/10/2021T15:25:48Z,110,192,225,64.05,32.41,983.09 
04/10/2021T15:26:19Z,107,189,224,64.23,32.41,983.08 
04/10/2021T15:26:49Z,111,195,239,64.15,32.39,983.09 
04/10/2021T15:27:20Z,110,197,236,63.99,32.48,983.08 
04/10/2021T15:27:51Z,106,193,233,64.14,32.46,983.09 
04/10/2021T15:28:21Z,120,216,253,64.23,32.41,983.09 
04/10/2021T15:28:52Z,119,209,239,64.34,32.45,983.10 
04/10/2021T15:29:23Z,118,203,240,64.44,32.47,983.09 
04/10/2021T15:29:53Z,115,203,245,64.37,32.44,983.10 
04/10/2021T15:30:24Z,119,209,247,64.28,32.41,983.11 
04/10/2021T15:30:54Z,120,214,258,64.24,32.39,983.11 
04/10/2021T15:31:24Z,122,214,254,64.22,32.40,983.12 
04/10/2021T15:31:54Z,116,203,244,64.19,32.39,983.12 
04/10/2021T15:32:25Z,116,205,253,64.07,32.39,983.13 
04/10/2021T15:32:56Z,114,201,242,64.04,32.39,983.15 
04/10/2021T15:33:27Z,106,190,230,64.16,32.37,983.16 
04/10/2021T15:33:57Z,105,186,226,64.11,32.41,983.16 
04/10/2021T15:34:28Z,102,182,217,63.78,32.41,983.17 
04/10/2021T15:34:59Z,105,189,219,63.67,32.37,983.18 
04/10/2021T15:35:29Z,101,179,224,63.86,32.36,983.19 
04/10/2021T15:36:00Z,100,181,215,63.98,32.31,983.21 
04/10/2021T15:36:30Z,99,178,212,64.19,32.29,983.22 
04/10/2021T15:37:00Z,104,186,218,64.08,32.29,983.24 
04/10/2021T15:37:31Z,98,174,206,63.85,32.26,983.25 
04/10/2021T15:38:01Z,97,175,208,63.93,32.26,983.26 
04/10/2021T15:38:31Z,94,163,195,64.26,32.25,983.26 
04/10/2021T15:39:02Z,90,155,180,63.77,32.27,983.28 
04/10/2021T15:39:32Z,89,155,179,64.29,32.23,983.26 
04/10/2021T15:40:02Z,95,166,194,64.26,32.23,983.28 
04/10/2021T15:40:32Z,95,168,201,64.23,32.22,983.29 
04/10/2021T15:41:03Z,94,167,197,64.55,32.21,983.31 
04/10/2021T15:41:33Z,93,166,195,64.69,32.21,983.31 
04/10/2021T15:42:04Z,91,156,185,64.99,32.24,983.32 
04/10/2021T15:42:35Z,90,152,173,64.57,32.27,983.34 
04/10/2021T15:43:05Z,94,154,175,65.07,32.33,983.33 
04/10/2021T15:43:36Z,94,160,188,64.96,32.34,983.35 
04/10/2021T15:44:07Z,96,161,186,65.09,32.33,983.38 
04/10/2021T15:44:37Z,94,157,181,65.15,32.36,983.37 
04/10/2021T15:45:07Z,91,154,175,65.06,32.41,983.37 
04/10/2021T15:45:38Z,94,160,188,64.74,32.40,983.39 
04/10/2021T15:46:08Z,93,155,178,64.84,32.38,983.39 
04/10/2021T15:46:38Z,89,143,168,65.13,32.39,983.39 
04/10/2021T15:47:08Z,88,149,178,64.78,32.38,983.38 
04/10/2021T15:47:39Z,86,145,174,64.72,32.33,983.39 
04/10/2021T15:48:09Z,84,141,164,65.18,32.39,983.37 
04/10/2021T15:48:40Z,83,133,153,65.03,32.45,983.37 
04/10/2021T15:49:10Z,80,131,151,64.80,32.49,983.35 
04/10/2021T15:49:40Z,77,125,146,64.49,32.48,983.34 
04/10/2021T15:50:11Z,75,122,145,64.82,32.47,983.31 
04/10/2021T15:50:41Z,77,122,135,64.71,32.48,983.30 
04/10/2021T15:51:12Z,80,126,144,64.56,32.47,983.27 
04/10/2021T15:51:43Z,76,119,134,64.54,32.48,983.26 
04/10/2021T15:52:13Z,72,114,131,64.49,32.46,983.26 
04/10/2021T15:52:43Z,73,116,132,64.57,32.47,983.28 
04/10/2021T15:53:14Z,70,110,124,64.44,32.46,983.25 
04/10/2021T15:53:44Z,72,112,126,64.50,32.45,983.23 
04/10/2021T15:54:14Z,71,109,123,64.73,32.47,983.23 
04/10/2021T15:54:44Z,72,114,128,64.80,32.49,983.23 
04/10/2021T15:55:15Z,71,110,125,64.72,32.47,983.24 
04/10/2021T15:55:45Z,68,106,121,64.69,32.47,983.24 
04/10/2021T15:56:15Z,67,105,120,64.46,32.48,983.24 
04/10/2021T15:56:46Z,64,99,116,64.58,32.47,983.24 
04/10/2021T15:57:16Z,63,100,115,64.68,32.46,983.26 
04/10/2021T15:57:46Z,63,94,107,64.46,32.44,983.26 
04/10/2021T15:58:17Z,62,96,110,64.67,32.44,983.27 
04/10/2021T15:58:48Z,62,91,101,64.65,32.42,983.28 
04/10/2021T15:59:18Z,60,92,104,64.84,32.44,983.28 
04/10/2021T15:59:48Z,61,90,99,64.62,32.44,983.28 
04/10/2021T16:00:19Z,57,86,99,64.35,32.46,983.29 
04/10/2021T16:00:49Z,58,92,102,64.33,32.47,983.29 
04/10/2021T16:01:19Z,56,87,95,64.31,32.46,983.30 
04/10/2021T16:01:50Z,57,86,96,64.38,32.46,983.30 
04/10/2021T16:02:21Z,56,82,95,64.62,32.47,983.31 
04/10/2021T16:02:51Z,54,87,102,64.06,32.45,983.31 
04/10/2021T16:03:21Z,54,87,98,64.31,32.42,983.30 
04/10/2021T16:03:52Z,53,81,91,64.08,32.39,983.31 
04/10/2021T16:04:23Z,54,86,97,64.12,32.32,983.32 
04/10/2021T16:04:53Z,54,83,92,64.43,32.31,983.30 
04/10/2021T16:05:24Z,54,83,93,64.80,32.30,983.27 
04/10/2021T16:05:55Z,54,84,93,64.80,32.32,983.26 
04/10/2021T16:06:26Z,54,80,90,64.74,32.37,983.24 
04/10/2021T16:06:56Z,55,83,96,64.60,32.39,983.22 
04/10/2021T16:07:26Z,52,81,94,64.46,32.42,983.21 
04/10/2021T16:07:57Z,52,78,87,64.38,32.42,983.21 
04/10/2021T16:08:28Z,52,80,90,64.34,32.41,983.19 
04/10/2021T16:08:58Z,50,78,89,64.32,32.41,983.18 
04/10/2021T16:09:29Z,53,81,94,64.56,32.43,983.18 
04/10/2021T16:09:59Z,52,79,92,64.64,32.45,983.17 
04/10/2021T16:10:30Z,53,79,86,64.37,32.47,983.17 
04/10/2021T16:11:00Z,51,78,86,64.43,32.40,983.17 
04/10/2021T16:11:31Z,52,79,89,64.47,32.38,983.17 
04/10/2021T16:12:01Z,62,91,101,64.69,32.36,983.18 
04/10/2021T16:12:32Z,60,88,101,64.72,32.37,983.19 
04/10/2021T16:13:03Z,59,87,98,64.85,32.40,983.19 
04/10/2021T16:13:33Z,57,90,100,64.58,32.41,983.20 
04/10/2021T16:14:03Z,59,87,97,64.87,32.39,983.21 
04/10/2021T16:14:34Z,58,88,100,64.68,32.44,983.24 
04/10/2021T16:15:04Z,60,92,104,64.45,32.43,983.24 
04/10/2021T16:15:34Z,57,86,93,64.57,32.43,983.23 
04/10/2021T16:16:05Z,56,85,95,64.45,32.45,983.25 
04/10/2021T16:16:35Z,55,81,93,64.31,32.43,983.24 
04/10/2021T16:17:06Z,51,78,95,64.36,32.39,983.23 
