05/11/2021T03:48:39Z,219,452,520,67.80,23.03,993.19 
05/11/2021T03:49:10Z,230,472,560,67.84,23.11,993.21 
05/11/2021T03:49:40Z,223,465,527,66.29,23.35,993.34 
05/11/2021T03:50:09Z,221,454,524,65.13,23.55,993.36 
05/11/2021T03:50:40Z,223,454,521,64.55,23.71,993.38 
05/11/2021T03:51:20Z,216,436,508,64.03,23.86,993.41 
05/11/2021T03:51:50Z,226,453,529,63.57,23.97,993.42 
05/11/2021T03:52:20Z,225,453,522,63.36,24.08,993.42 
05/11/2021T03:52:51Z,223,449,520,63.16,24.17,993.42 
05/11/2021T03:53:21Z,222,449,525,62.71,24.23,993.45 
05/11/2021T03:53:52Z,219,442,512,62.40,24.30,993.45 
05/11/2021T03:54:23Z,224,449,524,62.07,24.35,993.47 
05/11/2021T03:54:54Z,224,446,515,61.97,24.38,993.46 
05/11/2021T03:55:24Z,220,438,520,62.28,24.40,993.42 
05/11/2021T03:55:54Z,220,445,519,62.02,24.40,993.46 
05/11/2021T03:56:25Z,217,437,512,61.90,24.44,993.47 
05/11/2021T03:56:56Z,217,441,526,61.64,24.45,993.50 
05/11/2021T03:57:26Z,218,448,515,61.64,24.48,993.48 
05/11/2021T03:57:57Z,225,444,502,61.66,24.53,993.45 
05/11/2021T03:58:27Z,220,436,500,61.50,24.58,993.47 
05/11/2021T03:58:58Z,220,435,500,61.25,24.60,993.49 
05/11/2021T03:59:29Z,223,445,504,61.03,24.60,993.51 
05/11/2021T03:59:59Z,218,440,504,61.07,24.63,993.50 
05/11/2021T04:00:30Z,220,444,518,60.81,24.63,993.52 
05/11/2021T04:01:00Z,222,450,515,60.68,24.59,993.53 
05/11/2021T04:01:30Z,218,443,495,60.71,24.61,993.51 
05/11/2021T04:02:00Z,222,443,521,60.33,24.60,993.56 
05/11/2021T04:02:31Z,217,430,493,60.52,24.63,993.52 
05/11/2021T04:03:02Z,220,437,500,60.41,24.65,993.51 
05/11/2021T04:03:32Z,218,438,513,60.34,24.66,993.51 
05/11/2021T04:04:03Z,218,433,500,60.40,24.66,993.49 
05/11/2021T04:04:33Z,219,432,500,60.23,24.65,993.52 
05/11/2021T04:05:04Z,220,429,504,60.15,24.69,993.53 
05/11/2021T04:05:35Z,218,429,491,59.78,24.69,993.56 
05/11/2021T04:06:06Z,217,426,486,59.73,24.69,993.56 
05/11/2021T04:06:36Z,214,420,485,59.66,24.69,993.56 
05/11/2021T04:07:07Z,213,423,485,59.74,24.71,993.52 
05/11/2021T04:07:38Z,219,433,504,59.41,24.72,993.56 
05/11/2021T04:08:08Z,217,435,501,59.30,24.71,993.57 
05/11/2021T04:08:39Z,214,423,484,59.47,24.68,993.52 
05/11/2021T04:09:10Z,214,431,490,59.74,24.73,993.46 
05/11/2021T04:09:41Z,222,427,483,59.35,24.75,993.54 
05/11/2021T04:10:11Z,219,425,488,59.52,24.79,993.49 
05/11/2021T04:10:42Z,220,419,491,59.40,24.85,993.50 
05/11/2021T04:11:12Z,214,425,486,59.25,24.88,993.51 
05/11/2021T04:11:43Z,218,427,479,59.22,24.87,993.52 
05/11/2021T04:12:13Z,211,421,488,59.52,24.91,993.44 
05/11/2021T04:12:43Z,212,419,490,59.35,24.91,993.49 
05/11/2021T04:13:14Z,214,422,492,59.28,24.92,993.51 
05/11/2021T04:13:45Z,214,424,482,59.36,24.92,993.48 
05/11/2021T04:14:16Z,216,425,487,59.33,24.94,993.47 
05/11/2021T04:14:46Z,219,425,490,59.47,24.93,993.42 
05/11/2021T04:15:17Z,217,427,488,59.46,24.96,993.43 
05/11/2021T04:15:47Z,212,424,496,59.60,24.97,993.40 
05/11/2021T04:16:18Z,216,426,490,59.77,24.94,993.37 
05/11/2021T04:16:49Z,215,435,494,59.83,24.96,993.35 
05/11/2021T04:17:19Z,212,431,495,59.68,25.00,993.39 
05/11/2021T04:17:50Z,214,417,485,59.66,25.01,993.40 
05/11/2021T04:18:21Z,217,425,500,59.80,25.03,993.36 
05/11/2021T04:18:52Z,210,420,489,59.78,25.06,993.36 
05/11/2021T04:19:22Z,219,424,487,59.82,25.06,993.35 
05/11/2021T04:19:52Z,218,432,497,59.65,25.06,993.39 
05/11/2021T04:20:23Z,218,433,498,59.78,25.06,993.36 
05/11/2021T04:20:53Z,212,421,487,59.60,25.07,993.41 
05/11/2021T04:21:24Z,217,431,497,59.68,25.07,993.39 
05/11/2021T04:21:55Z,218,433,499,59.61,25.08,993.41 
05/11/2021T04:22:26Z,217,436,502,59.77,25.06,993.37 
05/11/2021T04:22:56Z,218,430,493,59.53,25.12,993.41 
05/11/2021T04:23:27Z,215,426,490,59.51,25.09,993.42 
05/11/2021T04:23:58Z,216,427,491,59.53,25.12,993.39 
05/11/2021T04:24:28Z,219,435,495,59.42,25.18,993.40 
05/11/2021T04:24:59Z,217,422,488,59.25,25.23,993.42 
05/11/2021T04:25:30Z,214,418,485,58.99,25.26,993.46 
05/11/2021T04:26:01Z,215,422,494,59.02,25.27,993.43 
05/11/2021T04:26:31Z,213,420,484,58.78,25.25,993.46 
05/11/2021T04:27:01Z,211,415,472,59.03,25.25,993.40 
05/11/2021T04:27:31Z,213,427,491,58.89,25.30,993.41 
05/11/2021T04:28:02Z,216,423,481,58.73,25.30,993.45 
05/11/2021T04:28:33Z,212,415,473,58.67,25.24,993.47 
05/11/2021T04:29:04Z,211,418,478,58.72,25.19,993.45 
05/11/2021T04:29:34Z,213,422,489,59.17,25.19,993.33 
05/11/2021T04:30:05Z,211,422,485,59.54,25.24,993.23 
05/11/2021T04:30:36Z,217,418,474,59.30,25.31,993.30 
05/11/2021T04:31:06Z,218,421,477,59.39,25.35,993.28 
05/11/2021T04:31:37Z,211,419,482,58.93,25.42,993.37 
05/11/2021T04:32:07Z,215,425,486,58.74,25.46,993.40 
05/11/2021T04:32:38Z,217,420,478,58.44,25.42,993.46 
05/11/2021T04:33:09Z,212,419,486,58.51,25.38,993.45 
05/11/2021T04:33:39Z,209,419,490,58.77,25.34,993.38 
05/11/2021T04:34:10Z,210,431,527,58.74,25.31,993.38 
05/11/2021T04:34:40Z,208,438,575,58.69,25.28,993.40 
05/11/2021T04:35:11Z,208,435,585,58.69,25.27,993.40 
05/11/2021T04:35:41Z,206,437,548,58.86,25.28,993.35 
05/11/2021T04:36:12Z,207,423,508,58.67,25.27,993.38 
05/11/2021T04:36:43Z,212,425,514,59.14,25.24,993.25 
05/11/2021T04:37:14Z,211,417,498,59.04,25.24,993.27 
05/11/2021T04:37:44Z,207,411,475,59.06,25.21,993.28 
05/11/2021T04:38:15Z,213,417,489,59.13,25.17,993.27 
05/11/2021T04:38:46Z,214,416,483,59.15,25.13,993.27 
05/11/2021T04:39:16Z,213,419,485,59.07,25.10,993.28 
05/11/2021T04:39:47Z,222,456,532,59.09,25.06,993.27 
05/11/2021T04:40:17Z,320,737,866,59.24,25.03,993.22 
05/11/2021T04:40:48Z,297,669,774,59.54,25.02,993.13 
05/11/2021T04:41:19Z,274,572,669,59.42,25.07,993.15 
05/11/2021T04:41:49Z,243,486,559,59.32,25.11,993.18 
05/11/2021T04:42:19Z,250,517,596,59.25,25.10,993.19 
05/11/2021T04:42:50Z,245,500,582,59.03,25.06,993.22 
05/11/2021T04:43:21Z,230,474,550,59.67,24.83,993.08 
05/11/2021T04:43:52Z,268,822,1066,60.16,24.88,992.98 
05/11/2021T04:44:22Z,245,533,637,60.04,24.87,993.02 
05/11/2021T04:44:52Z,236,501,595,60.16,24.88,992.99 
05/11/2021T04:45:23Z,242,505,586,59.99,24.96,993.02 
05/11/2021T04:45:54Z,245,525,621,59.85,24.95,993.05 
05/11/2021T04:46:24Z,248,568,694,59.94,24.97,993.03 
05/11/2021T04:46:54Z,257,624,773,59.85,24.97,993.04 
05/11/2021T04:47:25Z,251,558,672,60.08,24.90,993.01 
05/11/2021T04:47:55Z,251,594,725,60.08,24.93,993.00 
05/11/2021T04:48:26Z,264,681,842,60.05,24.96,993.01 
05/11/2021T04:48:57Z,262,677,844,59.78,25.02,993.07 
05/11/2021T04:49:27Z,255,623,776,59.51,25.05,993.14 
05/11/2021T04:49:57Z,249,603,742,59.34,25.08,993.15 
05/11/2021T04:50:28Z,245,570,685,59.29,25.05,993.14 
05/11/2021T04:50:58Z,263,663,828,59.45,25.03,993.09 
05/11/2021T04:51:28Z,241,548,662,59.72,24.98,993.05 
05/11/2021T04:51:59Z,247,564,670,59.89,24.98,993.02 
05/11/2021T04:52:29Z,256,650,792,59.77,25.03,993.05 
05/11/2021T04:52:59Z,266,973,1309,59.78,25.03,993.04 
05/11/2021T04:53:29Z,263,1046,1459,59.80,25.07,993.03 
05/11/2021T04:54:00Z,259,686,868,59.86,25.09,993.02 
05/11/2021T04:54:30Z,269,829,1067,59.74,25.07,993.04 
05/11/2021T04:55:00Z,274,747,953,59.88,25.02,993.01 
05/11/2021T04:55:31Z,278,864,1145,59.99,25.05,992.98 
05/11/2021T04:56:01Z,275,774,987,60.07,25.07,992.96 
05/11/2021T04:56:32Z,281,885,1166,60.21,25.09,992.93 
05/11/2021T04:57:02Z,274,885,1157,60.31,25.10,992.91 
05/11/2021T04:57:32Z,280,814,1039,60.05,25.16,992.97 
05/11/2021T04:58:03Z,282,862,1115,59.57,25.16,993.05 
05/11/2021T04:58:33Z,273,1018,1351,59.58,25.17,993.03 
05/11/2021T04:59:03Z,283,896,1174,59.57,25.19,993.03 
05/11/2021T04:59:34Z,283,896,1167,59.10,25.21,993.12 
05/11/2021T05:00:04Z,276,993,1304,59.20,25.25,993.07 
05/11/2021T05:00:34Z,272,1017,1355,59.12,25.23,993.07 
05/11/2021T05:01:05Z,187,117,1184,59.59,25.28,992.94 
05/11/2021T05:01:35Z,183,142,1350,59.32,25.28,993.00 
05/11/2021T05:02:06Z,227,1479,523,59.43,25.26,992.96 
05/11/2021T05:02:36Z,258,1243,84,59.37,25.26,992.97 
05/11/2021T05:03:06Z,284,1055,1356,59.39,25.28,992.95 
05/11/2021T05:03:36Z,287,994,1297,59.23,25.30,993.00 
05/11/2021T05:04:07Z,233,1507,698,59.46,25.31,992.89 
05/11/2021T05:04:37Z,176,292,13,59.45,25.32,992.88 
05/11/2021T05:05:08Z,286,1043,1367,59.40,25.30,992.88 
05/11/2021T05:05:38Z,285,1138,1516,59.25,25.31,992.91 
05/11/2021T05:06:08Z,266,1296,46,59.43,25.35,992.85 
05/11/2021T05:06:39Z,285,1061,1386,59.19,25.36,992.90 
05/11/2021T05:07:10Z,292,898,1138,58.96,25.35,992.94 
05/11/2021T05:07:40Z,292,867,1072,58.99,25.33,992.92 
05/11/2021T05:08:10Z,272,1274,66,59.21,25.33,992.83 
05/11/2021T05:08:41Z,286,731,875,58.78,25.35,992.94 
05/11/2021T05:09:12Z,280,685,810,58.66,25.36,992.96 
05/11/2021T05:09:42Z,283,749,910,58.85,25.34,992.89 
05/11/2021T05:10:13Z,284,707,865,58.84,25.34,992.89 
05/11/2021T05:10:43Z,247,540,639,58.69,25.13,992.97 
05/11/2021T05:11:13Z,295,1024,1321,59.83,25.09,992.68 
05/11/2021T05:11:43Z,252,1466,393,59.81,25.18,992.67 
05/11/2021T05:12:14Z,255,727,938,59.19,25.11,992.88 
05/11/2021T05:12:44Z,236,493,584,59.22,24.94,992.88 
05/11/2021T05:13:14Z,289,899,1126,60.16,24.99,992.65 
05/11/2021T05:13:45Z,271,1073,1400,59.95,25.05,992.71 
05/11/2021T05:14:15Z,289,917,1173,59.98,25.14,992.68 
05/11/2021T05:14:45Z,296,910,1126,59.82,25.22,992.70 
05/11/2021T05:15:16Z,297,914,1153,59.60,25.29,992.73 
05/11/2021T05:15:46Z,291,866,1083,59.28,25.34,992.83 
05/11/2021T05:16:16Z,261,603,709,58.64,25.29,992.99 
05/11/2021T05:16:47Z,277,671,792,59.64,25.28,992.71 
05/11/2021T05:17:17Z,288,706,844,59.53,25.32,992.75 
05/11/2021T05:17:47Z,263,594,695,59.13,25.34,992.85 
05/11/2021T05:18:18Z,243,519,608,58.68,25.35,992.96 
05/11/2021T05:18:48Z,249,553,645,59.04,25.36,992.84 
05/11/2021T05:19:19Z,267,625,747,59.23,25.41,992.76 
05/11/2021T05:19:49Z,269,605,710,58.80,25.44,992.87 
05/11/2021T05:20:19Z,255,546,639,58.01,25.40,993.07 
05/11/2021T05:20:50Z,235,459,529,56.89,25.19,993.39 
05/11/2021T05:21:20Z,258,536,609,59.29,25.25,992.70 
05/11/2021T05:21:51Z,250,516,593,58.89,25.28,992.80 
05/11/2021T05:22:21Z,249,505,576,57.72,25.20,993.11 
05/11/2021T05:22:52Z,247,500,583,58.98,25.20,992.77 
05/11/2021T05:23:23Z,246,514,591,59.11,25.29,992.72 
05/11/2021T05:23:53Z,249,501,570,58.49,25.34,992.88 
05/11/2021T05:24:24Z,247,505,578,58.92,25.40,992.75 
05/11/2021T05:24:54Z,245,502,576,58.94,25.45,992.74 
05/11/2021T05:25:25Z,242,502,571,58.69,25.48,992.80 
05/11/2021T05:25:55Z,236,478,548,58.53,25.48,992.84 
05/11/2021T05:26:26Z,228,460,531,58.24,25.47,992.94 
05/11/2021T05:26:56Z,224,450,512,58.37,25.49,992.90 
05/11/2021T05:27:27Z,227,458,524,58.30,25.51,992.90 
05/11/2021T05:27:57Z,223,441,510,58.24,25.51,992.91 
05/11/2021T05:28:28Z,226,454,525,58.51,25.55,992.82 
05/11/2021T05:28:59Z,229,454,529,57.93,25.52,992.99 
05/11/2021T05:29:29Z,226,443,515,57.99,25.39,992.99 
05/11/2021T05:30:00Z,228,445,523,59.07,25.43,992.67 
05/11/2021T05:30:30Z,225,443,510,58.50,25.49,992.82 
05/11/2021T05:31:00Z,225,445,504,58.65,25.55,992.76 
05/11/2021T05:31:31Z,222,445,510,58.13,25.60,992.89 
05/11/2021T05:32:01Z,225,448,510,57.64,25.56,993.00 
05/11/2021T05:32:32Z,227,445,512,57.90,25.47,992.93 
05/11/2021T05:33:03Z,220,439,502,57.85,25.46,992.92 
05/11/2021T05:33:33Z,220,432,502,58.51,25.50,992.72 
05/11/2021T05:34:03Z,224,440,497,58.36,25.58,992.72 
05/11/2021T05:34:34Z,225,446,514,56.77,25.45,993.21 
05/11/2021T05:35:05Z,219,430,498,58.67,25.45,992.64 
05/11/2021T05:35:36Z,221,435,495,57.96,25.47,992.80 
05/11/2021T05:36:06Z,216,419,472,57.84,25.45,992.84 
05/11/2021T05:36:37Z,212,412,476,57.47,25.48,992.92 
05/11/2021T05:37:08Z,217,422,474,57.96,25.51,992.75 
05/11/2021T05:37:38Z,208,410,473,57.06,25.53,993.00 
05/11/2021T05:38:09Z,212,413,477,57.08,25.57,992.96 
05/11/2021T05:38:39Z,211,408,464,57.05,25.59,992.93 
05/11/2021T05:39:10Z,211,407,470,57.29,25.59,992.82 
05/11/2021T05:39:41Z,218,414,473,57.47,25.61,992.75 
05/11/2021T05:40:11Z,211,408,470,57.70,25.65,992.66 
05/11/2021T05:40:42Z,213,414,473,57.61,25.67,992.68 
05/11/2021T05:41:13Z,216,407,479,57.46,25.69,992.73 
05/11/2021T05:41:44Z,210,407,462,57.32,25.69,992.76 
05/11/2021T05:42:14Z,208,403,466,56.92,25.66,992.87 
05/11/2021T05:42:44Z,210,416,488,57.06,25.58,992.81 
05/11/2021T05:43:15Z,210,405,471,57.87,25.63,992.55 
05/11/2021T05:43:45Z,211,411,475,58.01,25.72,992.47 
05/11/2021T05:44:16Z,210,403,465,57.84,25.77,992.52 
05/11/2021T05:44:47Z,212,411,471,57.80,25.68,992.53 
05/11/2021T05:45:17Z,210,404,458,58.39,25.73,992.36 
05/11/2021T05:45:47Z,207,397,452,58.32,25.73,992.38 
05/11/2021T05:46:17Z,211,403,454,58.32,25.74,992.39 
05/11/2021T05:46:48Z,213,407,460,58.38,25.78,992.35 
05/11/2021T05:47:18Z,213,415,467,58.21,25.79,992.40 
05/11/2021T05:47:48Z,213,412,470,57.94,25.80,992.45 
05/11/2021T05:48:19Z,212,406,460,57.07,25.79,992.69 
05/11/2021T05:48:50Z,213,412,467,57.33,25.81,992.58 
05/11/2021T05:49:20Z,216,407,476,57.58,25.82,992.48 
05/11/2021T05:49:51Z,213,407,469,57.30,25.81,992.56 
05/11/2021T05:50:21Z,209,407,472,56.54,25.77,992.77 
05/11/2021T05:50:52Z,217,416,484,56.82,25.77,992.69 
05/11/2021T05:51:23Z,215,409,477,56.13,25.72,992.86 
05/11/2021T05:51:54Z,218,434,500,56.55,25.61,992.77 
05/11/2021T05:52:24Z,216,405,456,57.34,25.69,992.46 
05/11/2021T05:52:55Z,214,415,478,57.31,25.73,992.45 
05/11/2021T05:53:26Z,208,408,468,57.17,25.77,992.49 
05/11/2021T05:53:56Z,211,412,470,57.16,25.79,992.49 
05/11/2021T05:54:27Z,214,405,464,57.10,25.77,992.51 
05/11/2021T05:54:57Z,217,415,474,56.90,25.70,992.59 
05/11/2021T05:55:28Z,212,419,485,57.76,25.73,992.33 
05/11/2021T05:55:59Z,213,420,485,57.42,25.75,992.45 
05/11/2021T05:56:29Z,209,416,483,57.52,25.79,992.43 
05/11/2021T05:57:00Z,213,412,475,57.38,25.81,992.48 
05/11/2021T05:57:30Z,214,409,467,57.35,25.82,992.50 
05/11/2021T05:58:01Z,211,406,471,57.06,25.85,992.60 
05/11/2021T05:58:32Z,214,412,472,56.69,25.81,992.73 
05/11/2021T05:59:03Z,214,418,472,57.27,25.80,992.57 
05/11/2021T05:59:33Z,216,413,467,57.21,25.83,992.58 
05/11/2021T06:00:04Z,212,410,474,56.91,25.83,992.69 
05/11/2021T06:00:35Z,212,410,462,57.36,25.85,992.56 
05/11/2021T06:01:05Z,213,405,456,57.01,25.86,992.65 
05/11/2021T06:01:36Z,210,401,461,57.31,25.90,992.57 
05/11/2021T06:02:07Z,209,404,460,56.95,25.92,992.67 
05/11/2021T06:02:37Z,208,404,470,56.38,25.89,992.85 
05/11/2021T06:03:08Z,209,398,457,55.90,25.77,993.06 
05/11/2021T06:03:39Z,207,400,454,56.49,25.80,992.84 
05/11/2021T06:04:09Z,206,400,456,56.65,25.83,992.78 
05/11/2021T06:04:39Z,206,401,452,56.34,25.84,992.89 
05/11/2021T06:05:10Z,207,397,450,56.49,25.87,992.81 
05/11/2021T06:05:40Z,205,391,444,56.34,25.90,992.84 
05/11/2021T06:06:11Z,203,395,446,55.83,25.91,993.00 
05/11/2021T06:06:41Z,205,400,456,55.59,25.89,993.06 
05/11/2021T06:07:12Z,205,395,451,55.47,25.87,993.07 
05/11/2021T06:07:42Z,204,394,455,55.77,25.81,992.97 
05/11/2021T06:08:13Z,209,402,452,55.92,25.83,992.87 
05/11/2021T06:08:43Z,221,414,474,56.06,25.84,992.81 
05/11/2021T06:09:14Z,221,415,468,56.16,25.88,992.74 
05/11/2021T06:09:45Z,221,421,472,55.95,25.92,992.78 
05/11/2021T06:10:16Z,215,413,466,56.00,25.96,992.74 
05/11/2021T06:10:46Z,212,403,455,55.91,25.96,992.75 
05/11/2021T06:11:17Z,212,402,457,56.25,25.95,992.62 
05/11/2021T06:11:47Z,210,397,454,56.68,25.84,992.48 
05/11/2021T06:12:18Z,211,404,454,57.12,25.88,992.29 
05/11/2021T06:12:48Z,213,411,468,57.28,25.82,992.26 
05/11/2021T06:13:19Z,209,405,456,57.59,25.82,992.15 
05/11/2021T06:13:50Z,216,407,463,57.43,25.85,992.20 
05/11/2021T06:14:20Z,218,410,468,57.32,25.91,992.21 
05/11/2021T06:14:51Z,210,410,473,57.29,25.96,992.20 
05/11/2021T06:15:22Z,215,426,486,57.62,25.96,992.10 
05/11/2021T06:15:53Z,216,425,481,57.79,25.98,992.05 
05/11/2021T06:16:23Z,217,420,482,57.93,26.04,992.01 
05/11/2021T06:16:54Z,215,419,476,57.83,26.09,992.04 
05/11/2021T06:17:24Z,214,422,482,57.75,26.09,992.08 
05/11/2021T06:17:54Z,211,409,475,57.69,26.11,992.10 
05/11/2021T06:18:24Z,215,417,479,57.73,26.12,992.10 
05/11/2021T06:18:55Z,217,412,470,57.75,26.15,992.07 
05/11/2021T06:19:26Z,214,414,470,57.34,26.13,992.21 
05/11/2021T06:19:56Z,214,421,487,57.58,26.15,992.13 
05/11/2021T06:20:27Z,210,413,482,57.71,26.18,992.08 
05/11/2021T06:20:57Z,214,418,482,57.49,26.19,992.13 
05/11/2021T06:21:28Z,213,430,499,57.60,26.15,992.13 
05/11/2021T06:21:59Z,216,423,487,57.70,26.16,992.06 
05/11/2021T06:22:29Z,224,442,521,57.68,26.11,992.10 
05/11/2021T06:23:00Z,225,436,505,58.17,26.16,991.93 
05/11/2021T06:23:30Z,224,431,492,58.26,26.14,991.91 
05/11/2021T06:24:01Z,214,430,499,58.12,26.21,991.95 
05/11/2021T06:24:31Z,229,442,512,57.80,26.28,992.05 
05/11/2021T06:25:02Z,224,446,525,57.50,26.32,992.13 
05/11/2021T06:25:32Z,224,446,508,57.44,26.33,992.13 
05/11/2021T06:26:03Z,222,435,498,56.46,26.31,992.40 
05/11/2021T06:26:33Z,220,424,491,55.97,26.19,992.57 
05/11/2021T06:27:04Z,217,413,476,56.26,26.16,992.46 
05/11/2021T06:27:34Z,221,427,489,57.15,26.24,992.12 
05/11/2021T06:28:05Z,224,445,512,56.54,26.24,992.32 
05/11/2021T06:28:36Z,224,456,525,57.00,26.23,992.18 
05/11/2021T06:29:06Z,225,452,526,56.71,26.22,992.23 
05/11/2021T06:29:37Z,224,444,517,56.48,26.17,992.32 
05/11/2021T06:30:07Z,210,403,455,55.77,26.07,992.57 
05/11/2021T06:30:38Z,213,419,486,57.20,26.07,992.10 
05/11/2021T06:31:09Z,219,430,499,58.12,26.13,991.78 
05/11/2021T06:31:39Z,219,435,502,57.41,26.20,992.01 
05/11/2021T06:32:09Z,220,435,500,57.35,26.25,992.03 
05/11/2021T06:32:40Z,221,435,508,57.02,26.29,992.10 
05/11/2021T06:33:10Z,219,444,533,56.73,26.33,992.19 
05/11/2021T06:33:40Z,224,452,523,56.34,26.35,992.29 
05/11/2021T06:34:11Z,221,439,503,55.95,26.39,992.40 
05/11/2021T06:34:42Z,222,436,505,55.82,26.36,992.43 
05/11/2021T06:35:13Z,223,437,512,56.05,26.36,992.32 
05/11/2021T06:35:43Z,218,434,502,55.97,26.36,992.33 
05/11/2021T06:36:13Z,216,431,505,55.98,26.34,992.30 
05/11/2021T06:36:44Z,222,442,509,56.07,26.34,992.26 
05/11/2021T06:37:15Z,226,449,516,56.46,26.36,992.11 
05/11/2021T06:37:45Z,229,451,516,56.48,26.36,992.08 
05/11/2021T06:38:15Z,228,460,535,56.35,26.35,992.11 
05/11/2021T06:38:46Z,231,463,535,56.37,26.34,992.08 
05/11/2021T06:39:17Z,230,456,520,56.09,26.30,992.18 
05/11/2021T06:39:48Z,219,439,504,56.08,26.29,992.17 
05/11/2021T06:40:18Z,246,524,625,56.09,26.25,992.15 
05/11/2021T06:40:49Z,258,574,687,56.32,26.26,992.05 
05/11/2021T06:41:19Z,238,502,585,56.25,26.34,992.05 
05/11/2021T06:41:50Z,229,464,536,55.91,26.39,992.12 
05/11/2021T06:42:21Z,235,479,568,55.14,26.40,992.38 
05/11/2021T06:42:51Z,235,477,569,55.39,26.38,992.28 
05/11/2021T06:43:22Z,245,523,614,55.54,26.39,992.21 
05/11/2021T06:43:53Z,233,477,553,55.84,26.44,992.09 
05/11/2021T06:44:23Z,225,448,520,55.57,26.49,992.11 
05/11/2021T06:44:54Z,216,421,481,55.52,26.49,992.16 
05/11/2021T06:45:25Z,221,431,496,55.76,26.52,992.03 
05/11/2021T06:45:56Z,215,423,472,54.26,26.49,992.52 
05/11/2021T06:46:26Z,220,439,505,54.32,26.41,992.54 
05/11/2021T06:46:57Z,224,448,523,54.35,26.39,992.47 
05/11/2021T06:47:28Z,227,451,516,55.26,26.42,992.14 
05/11/2021T06:47:58Z,240,484,556,54.84,26.40,992.25 
05/11/2021T06:48:29Z,240,493,576,55.00,26.29,992.24 
05/11/2021T06:49:00Z,229,454,541,55.70,26.39,991.93 
05/11/2021T06:49:31Z,227,453,535,55.62,26.46,991.91 
05/11/2021T06:50:01Z,223,445,511,55.37,26.44,991.98 
05/11/2021T06:50:31Z,226,447,521,55.07,26.34,992.12 
05/11/2021T06:51:02Z,225,453,521,56.05,26.36,991.77 
05/11/2021T06:51:33Z,221,436,510,56.32,26.44,991.63 
05/11/2021T06:52:04Z,223,433,504,56.33,26.50,991.61 
05/11/2021T06:52:34Z,220,435,497,56.12,26.52,991.67 
05/11/2021T06:53:05Z,220,426,498,55.67,26.55,991.78 
05/11/2021T06:53:36Z,219,431,495,55.28,26.46,991.94 
05/11/2021T06:54:07Z,220,431,506,55.81,26.49,991.68 
05/11/2021T06:54:37Z,219,425,485,55.35,26.49,991.83 
05/11/2021T06:55:08Z,221,427,490,55.65,26.50,991.71 
05/11/2021T06:55:39Z,218,413,471,55.00,26.53,991.89 
05/11/2021T06:56:10Z,215,406,451,54.72,26.52,991.94 
05/11/2021T06:56:40Z,217,412,470,54.86,26.54,991.85 
05/11/2021T06:57:11Z,213,410,471,54.75,26.56,991.84 
05/11/2021T06:57:42Z,212,405,464,54.35,26.57,991.97 
05/11/2021T06:58:12Z,210,404,462,54.21,26.58,992.00 
05/11/2021T06:58:43Z,207,396,442,54.45,26.55,991.91 
05/11/2021T06:59:14Z,211,407,457,54.85,26.56,991.74 
05/11/2021T06:59:45Z,212,409,469,55.37,26.56,991.54 
05/11/2021T07:00:15Z,213,409,474,55.60,26.54,991.45 
05/11/2021T07:00:46Z,214,410,477,55.82,26.53,991.40 
05/11/2021T07:01:17Z,218,418,483,55.94,26.49,991.38 
05/11/2021T07:01:47Z,221,422,490,56.17,26.42,991.33 
05/11/2021T07:02:18Z,221,424,488,56.42,26.29,991.27 
05/11/2021T07:02:48Z,220,426,483,56.84,26.22,991.17 
05/11/2021T07:03:19Z,223,416,471,57.01,26.26,991.13 
05/11/2021T07:03:49Z,222,428,495,56.97,26.28,991.16 
05/11/2021T07:04:20Z,219,420,479,57.04,26.30,991.15 
05/11/2021T07:04:50Z,225,425,488,57.03,26.31,991.15 
05/11/2021T07:05:21Z,220,416,480,56.74,26.32,991.25 
05/11/2021T07:05:52Z,212,402,460,56.41,26.32,991.37 
05/11/2021T07:06:22Z,212,406,458,56.64,26.34,991.29 
05/11/2021T07:06:53Z,211,396,449,56.34,26.37,991.38 
05/11/2021T07:07:23Z,205,397,454,55.97,26.35,991.49 
05/11/2021T07:07:54Z,203,389,450,56.11,26.27,991.47 
05/11/2021T07:08:25Z,212,398,452,56.55,26.33,991.28 
05/11/2021T07:08:55Z,205,383,441,56.47,26.36,991.30 
05/11/2021T07:09:26Z,208,387,447,56.76,26.36,991.20 
05/11/2021T07:09:57Z,203,387,436,56.49,26.39,991.27 
05/11/2021T07:10:27Z,202,385,428,55.95,26.42,991.47 
05/11/2021T07:10:58Z,202,378,428,55.91,26.47,991.47 
05/11/2021T07:11:28Z,203,375,426,55.64,26.51,991.54 
05/11/2021T07:11:58Z,202,379,427,55.80,26.54,991.49 
05/11/2021T07:12:29Z,201,382,433,55.76,26.56,991.49 
05/11/2021T07:12:59Z,202,373,425,55.22,26.58,991.65 
05/11/2021T07:13:29Z,202,378,431,54.90,26.59,991.78 
05/11/2021T07:13:59Z,200,374,423,54.70,26.58,991.81 
05/11/2021T07:14:30Z,197,362,405,54.71,26.57,991.80 
05/11/2021T07:15:00Z,194,356,404,51.38,26.39,992.99 
05/11/2021T07:15:30Z,194,366,420,53.57,26.35,992.19 
05/11/2021T07:16:01Z,199,370,417,54.27,26.38,991.83 
05/11/2021T07:16:32Z,196,364,414,54.45,26.39,991.76 
05/11/2021T07:17:03Z,193,362,413,53.83,26.39,991.96 
05/11/2021T07:17:33Z,193,367,417,53.70,26.33,991.98 
05/11/2021T07:18:04Z,195,361,410,53.62,26.30,992.03 
05/11/2021T07:18:35Z,194,352,396,53.40,26.30,992.05 
05/11/2021T07:19:05Z,191,358,406,54.49,26.36,991.64 
05/11/2021T07:19:36Z,190,360,409,54.49,26.45,991.56 
05/11/2021T07:20:06Z,188,354,402,54.33,26.44,991.62 
05/11/2021T07:20:37Z,196,368,413,54.81,26.51,991.39 
05/11/2021T07:21:07Z,194,364,411,55.31,26.59,991.19 
05/11/2021T07:21:37Z,191,355,402,55.28,26.67,991.17 
05/11/2021T07:22:08Z,192,354,401,55.11,26.71,991.23 
05/11/2021T07:22:39Z,196,364,406,55.18,26.72,991.21 
05/11/2021T07:23:10Z,196,363,411,55.35,26.73,991.17 
05/11/2021T07:23:40Z,195,367,412,55.52,26.76,991.08 
05/11/2021T07:24:10Z,196,359,406,55.35,26.78,991.17 
05/11/2021T07:24:40Z,196,367,423,55.31,26.77,991.20 
05/11/2021T07:25:11Z,195,365,417,55.88,26.78,991.01 
05/11/2021T07:25:42Z,195,365,407,56.14,26.82,990.93 
05/11/2021T07:26:12Z,190,359,407,55.52,26.82,991.15 
05/11/2021T07:26:42Z,191,357,405,55.25,26.82,991.26 
05/11/2021T07:27:13Z,191,363,407,54.62,26.82,991.49 
05/11/2021T07:27:44Z,190,354,404,54.47,26.82,991.54 
05/11/2021T07:28:14Z,189,352,394,54.56,26.87,991.49 
05/11/2021T07:28:44Z,189,351,398,54.73,26.93,991.40 
05/11/2021T07:29:15Z,192,354,394,54.04,26.91,991.61 
05/11/2021T07:29:45Z,191,350,401,54.40,26.87,991.52 
05/11/2021T07:30:16Z,193,363,411,54.99,26.94,991.27 
05/11/2021T07:30:46Z,195,356,410,55.20,26.93,991.16 
05/11/2021T07:31:17Z,196,360,408,55.60,26.89,991.05 
05/11/2021T07:31:47Z,190,359,399,55.72,26.94,990.99 
05/11/2021T07:32:18Z,193,362,409,55.47,26.94,991.07 
05/11/2021T07:32:49Z,194,374,450,55.43,26.96,991.06 
05/11/2021T07:33:19Z,190,368,431,54.74,26.94,991.33 
05/11/2021T07:33:50Z,191,357,397,53.43,26.89,991.76 
05/11/2021T07:34:20Z,187,354,405,54.91,26.89,991.28 
05/11/2021T07:34:51Z,188,347,395,54.65,26.92,991.27 
05/11/2021T07:35:22Z,190,358,410,54.54,26.90,991.27 
05/11/2021T07:35:52Z,190,355,405,53.20,26.79,991.79 
05/11/2021T07:36:23Z,189,354,400,55.20,26.81,991.09 
05/11/2021T07:36:54Z,192,357,409,54.87,26.82,991.10 
05/11/2021T07:37:25Z,188,341,388,54.24,26.84,991.32 
05/11/2021T07:37:55Z,190,354,408,54.40,26.84,991.31 
05/11/2021T07:38:26Z,188,348,398,54.58,26.85,991.18 
05/11/2021T07:38:56Z,185,358,411,54.88,26.82,991.10 
05/11/2021T07:39:27Z,192,355,408,54.69,26.82,991.11 
05/11/2021T07:39:57Z,189,348,404,54.68,26.81,991.13 
05/11/2021T07:40:27Z,188,352,400,54.36,26.81,991.27 
05/11/2021T07:40:58Z,190,355,398,54.85,26.83,991.09 
05/11/2021T07:41:28Z,192,357,401,55.25,26.81,990.94 
05/11/2021T07:41:59Z,197,365,413,55.44,26.81,990.84 
05/11/2021T07:42:30Z,194,352,397,55.11,26.79,990.97 
05/11/2021T07:43:00Z,195,358,404,55.05,26.78,990.99 
05/11/2021T07:43:31Z,197,358,406,55.28,26.74,990.90 
05/11/2021T07:44:01Z,191,355,398,55.26,26.71,990.92 
05/11/2021T07:44:32Z,190,350,395,55.42,26.72,990.85 
05/11/2021T07:45:03Z,194,365,408,54.74,26.60,991.11 
05/11/2021T07:45:34Z,190,355,402,55.25,26.58,990.90 
05/11/2021T07:46:04Z,189,350,398,54.09,26.57,991.28 
05/11/2021T07:46:34Z,188,354,400,53.82,26.51,991.41 
05/11/2021T07:47:04Z,188,347,395,54.68,26.48,991.06 
05/11/2021T07:47:35Z,188,347,388,54.35,26.51,991.12 
05/11/2021T07:48:05Z,185,346,394,54.54,26.50,991.04 
05/11/2021T07:48:36Z,193,357,406,54.87,26.55,990.86 
05/11/2021T07:49:07Z,196,364,420,55.01,26.55,990.79 
05/11/2021T07:49:37Z,195,367,417,54.11,26.44,991.14 
05/11/2021T07:50:08Z,191,354,400,54.83,26.40,990.91 
05/11/2021T07:50:38Z,189,357,405,55.30,26.48,990.70 
05/11/2021T07:51:09Z,189,348,396,56.48,26.62,990.25 
05/11/2021T07:51:39Z,191,346,395,55.85,26.63,990.45 
05/11/2021T07:52:10Z,189,353,397,56.35,26.66,990.32 
05/11/2021T07:52:41Z,188,349,397,56.68,26.77,990.20 
05/11/2021T07:53:11Z,189,358,416,56.38,26.83,990.29 
05/11/2021T07:53:42Z,191,353,401,55.80,26.91,990.50 
05/11/2021T07:54:13Z,190,348,396,55.83,27.00,990.47 
05/11/2021T07:54:43Z,186,346,395,56.09,27.09,990.36 
05/11/2021T07:55:13Z,189,348,393,54.90,27.11,990.74 
05/11/2021T07:55:44Z,189,345,389,54.80,27.11,990.81 
05/11/2021T07:56:14Z,188,347,396,54.97,27.08,990.73 
05/11/2021T07:56:45Z,189,351,397,55.07,27.09,990.66 
05/11/2021T07:57:15Z,192,351,398,55.28,27.08,990.57 
05/11/2021T07:57:46Z,190,346,394,55.25,27.08,990.55 
05/11/2021T07:58:17Z,186,343,389,55.13,27.11,990.59 
05/11/2021T07:58:47Z,189,342,382,53.83,27.07,991.04 
05/11/2021T07:59:17Z,190,342,388,54.37,27.08,990.86 
05/11/2021T07:59:48Z,192,352,397,54.57,27.05,990.76 
05/11/2021T08:00:19Z,190,347,396,53.93,27.06,990.96 
05/11/2021T08:00:49Z,194,341,388,53.45,27.05,991.15 
05/11/2021T08:01:20Z,189,341,397,53.63,27.04,991.07 
05/11/2021T08:01:51Z,191,350,414,52.53,27.00,991.42 
05/11/2021T08:02:22Z,195,360,410,52.28,26.98,991.53 
05/11/2021T08:02:52Z,199,363,410,52.47,26.97,991.44 
05/11/2021T08:03:23Z,193,351,397,52.74,26.95,991.33 
05/11/2021T08:03:53Z,190,351,391,52.35,26.91,991.44 
05/11/2021T08:04:24Z,187,348,398,52.48,26.85,991.40 
05/11/2021T08:04:55Z,191,349,403,52.64,26.79,991.36 
05/11/2021T08:05:26Z,189,345,391,52.64,26.78,991.34 
05/11/2021T08:05:56Z,185,339,386,52.88,26.81,991.17 
05/11/2021T08:06:27Z,185,341,389,52.80,26.83,991.20 
05/11/2021T08:06:58Z,187,341,378,52.85,26.84,991.16 
05/11/2021T08:07:28Z,187,343,382,52.71,26.84,991.20 
05/11/2021T08:07:59Z,184,337,375,52.84,26.84,991.16 
05/11/2021T08:08:29Z,188,336,373,52.91,26.84,991.11 
05/11/2021T08:09:00Z,185,339,383,53.22,26.81,990.98 
05/11/2021T08:09:30Z,181,333,373,53.24,26.82,990.95 
05/11/2021T08:10:00Z,183,339,385,53.22,26.83,990.96 
05/11/2021T08:10:31Z,181,339,383,53.40,26.80,990.89 
05/11/2021T08:11:02Z,184,336,385,53.75,26.80,990.75 
05/11/2021T08:11:33Z,184,333,371,54.28,26.79,990.56 
05/11/2021T08:12:04Z,187,343,383,54.35,26.79,990.51 
05/11/2021T08:12:34Z,187,342,389,54.58,26.78,990.46 
05/11/2021T08:13:04Z,190,344,385,54.35,26.72,990.56 
05/11/2021T08:13:35Z,187,341,387,54.60,26.75,990.47 
05/11/2021T08:14:05Z,185,344,383,54.49,26.76,990.51 
05/11/2021T08:14:36Z,185,338,381,54.39,26.76,990.55 
05/11/2021T08:15:06Z,186,341,388,54.22,26.74,990.61 
05/11/2021T08:15:36Z,183,335,378,54.07,26.71,990.67 
05/11/2021T08:16:07Z,182,339,386,53.72,26.70,990.81 
05/11/2021T08:16:38Z,184,335,382,53.36,26.65,990.96 
05/11/2021T08:17:08Z,182,333,370,53.95,26.67,990.71 
05/11/2021T08:17:39Z,184,337,369,53.69,26.66,990.80 
05/11/2021T08:18:10Z,183,337,390,53.70,26.68,990.80 
05/11/2021T08:18:40Z,180,332,374,53.51,26.68,990.89 
05/11/2021T08:19:11Z,181,329,372,54.23,26.67,990.62 
05/11/2021T08:19:41Z,184,335,377,54.04,26.66,990.66 
05/11/2021T08:20:12Z,184,337,380,53.70,26.67,990.83 
05/11/2021T08:20:42Z,185,342,388,54.01,26.68,990.71 
05/11/2021T08:21:13Z,188,348,398,54.29,26.73,990.58 
05/11/2021T08:21:44Z,186,338,383,54.17,26.77,990.57 
05/11/2021T08:22:15Z,185,341,388,54.08,26.80,990.62 
05/11/2021T08:22:46Z,184,335,389,54.46,26.83,990.47 
05/11/2021T08:23:16Z,185,330,372,54.64,26.82,990.39 
05/11/2021T08:23:46Z,183,342,383,54.94,26.87,990.25 
05/11/2021T08:24:17Z,184,335,382,54.72,26.90,990.32 
05/11/2021T08:24:47Z,182,329,371,53.55,26.93,990.74 
05/11/2021T08:25:17Z,182,332,377,53.02,26.92,991.03 
05/11/2021T08:25:48Z,182,328,373,53.42,26.93,990.85 
05/11/2021T08:26:18Z,181,331,375,52.82,26.90,991.06 
05/11/2021T08:26:49Z,178,333,377,53.18,26.86,990.98 
05/11/2021T08:27:20Z,179,335,375,53.39,26.86,990.85 
05/11/2021T08:27:51Z,183,335,371,53.20,26.89,990.88 
05/11/2021T08:28:21Z,182,336,376,52.42,26.87,991.18 
05/11/2021T08:28:52Z,190,343,377,52.32,26.81,991.24 
05/11/2021T08:29:23Z,187,336,375,53.22,26.83,990.84 
05/11/2021T08:29:54Z,188,337,379,52.93,26.80,990.91 
05/11/2021T08:30:24Z,198,350,403,52.95,26.66,990.99 
05/11/2021T08:30:55Z,187,348,392,53.45,26.70,990.75 
05/11/2021T08:31:26Z,184,343,387,53.38,26.75,990.73 
05/11/2021T08:31:57Z,186,341,379,53.43,26.78,990.71 
05/11/2021T08:32:27Z,190,341,397,52.77,26.69,990.96 
05/11/2021T08:32:58Z,186,345,384,53.61,26.74,990.61 
05/11/2021T08:33:29Z,188,339,380,53.36,26.76,990.70 
05/11/2021T08:33:59Z,185,335,385,53.28,26.79,990.72 
05/11/2021T08:34:30Z,184,335,383,53.46,26.80,990.65 
05/11/2021T08:35:01Z,184,341,383,53.12,26.81,990.76 
05/11/2021T08:35:31Z,185,334,381,53.05,26.81,990.81 
05/11/2021T08:36:01Z,181,329,376,52.51,26.82,990.97 
05/11/2021T08:36:32Z,183,330,367,52.43,26.75,991.09 
05/11/2021T08:37:03Z,184,336,383,53.41,26.77,990.63 
05/11/2021T08:37:33Z,181,326,375,53.57,26.80,990.56 
05/11/2021T08:38:03Z,180,327,371,53.67,26.83,990.47 
05/11/2021T08:38:34Z,179,326,371,53.20,26.84,990.64 
05/11/2021T08:39:05Z,179,325,369,53.35,26.85,990.60 
05/11/2021T08:39:36Z,182,331,379,52.65,26.82,990.86 
05/11/2021T08:40:06Z,179,331,373,53.25,26.87,990.64 
05/11/2021T08:40:36Z,182,326,372,53.20,26.88,990.64 
05/11/2021T08:41:07Z,182,326,369,53.14,26.92,990.64 
05/11/2021T08:41:38Z,179,319,364,52.97,26.93,990.70 
05/11/2021T08:42:09Z,181,333,374,52.56,26.92,990.87 
05/11/2021T08:42:40Z,179,328,368,52.79,26.89,990.81 
05/11/2021T08:43:10Z,181,328,378,53.28,26.92,990.58 
05/11/2021T08:43:41Z,179,327,361,53.32,26.95,990.53 
05/11/2021T08:44:12Z,180,327,367,52.64,26.92,990.77 
05/11/2021T08:44:42Z,179,327,367,53.12,26.89,990.63 
05/11/2021T08:45:12Z,175,320,358,53.32,26.90,990.52 
05/11/2021T08:45:43Z,181,328,368,52.76,26.88,990.72 
05/11/2021T08:46:13Z,178,327,366,53.02,26.89,990.60 
05/11/2021T08:46:44Z,177,323,364,52.67,26.91,990.70 
05/11/2021T08:47:15Z,177,323,361,52.62,26.88,990.72 
05/11/2021T08:47:45Z,183,329,374,52.65,26.87,990.72 
05/11/2021T08:48:15Z,179,331,375,53.08,26.84,990.55 
05/11/2021T08:48:45Z,180,333,376,53.33,26.79,990.47 
05/11/2021T08:49:16Z,183,324,367,53.18,26.86,990.45 
05/11/2021T08:49:46Z,180,333,375,52.44,26.89,990.75 
05/11/2021T08:50:16Z,181,341,381,52.22,26.83,990.87 
05/11/2021T08:50:47Z,178,326,379,52.22,26.82,990.84 
05/11/2021T08:51:17Z,184,334,377,51.92,26.84,990.95 
05/11/2021T08:51:48Z,178,328,370,51.85,26.83,990.97 
05/11/2021T08:52:18Z,182,328,370,51.81,26.83,990.99 
05/11/2021T08:52:49Z,181,329,368,51.97,26.83,990.86 
05/11/2021T08:53:20Z,179,325,372,51.68,26.82,990.98 
05/11/2021T08:53:50Z,182,331,374,52.09,26.82,990.80 
05/11/2021T08:54:20Z,181,334,383,51.83,26.81,990.87 
05/11/2021T08:54:50Z,181,330,369,52.14,26.80,990.76 
05/11/2021T08:55:20Z,184,332,378,52.23,26.76,990.72 
05/11/2021T08:55:51Z,181,329,372,52.63,26.74,990.55 
05/11/2021T08:56:21Z,181,337,379,52.92,26.74,990.44 
05/11/2021T08:56:52Z,180,326,365,53.08,26.72,990.34 
05/11/2021T08:57:22Z,182,334,373,53.08,26.71,990.33 
05/11/2021T08:57:52Z,180,332,370,53.25,26.72,990.26 
05/11/2021T08:58:23Z,178,326,376,53.26,26.73,990.24 
05/11/2021T08:58:53Z,183,331,382,53.27,26.74,990.22 
05/11/2021T08:59:24Z,179,329,376,53.24,26.74,990.21 
05/11/2021T08:59:55Z,178,334,379,53.12,26.74,990.26 
05/11/2021T09:00:25Z,180,338,378,53.24,26.74,990.21 
05/11/2021T09:00:55Z,186,335,384,53.40,26.75,990.14 
05/11/2021T09:01:26Z,185,339,381,53.41,26.75,990.10 
05/11/2021T09:01:57Z,185,342,394,53.47,26.74,990.10 
05/11/2021T09:02:27Z,185,342,393,53.52,26.74,990.07 
05/11/2021T09:02:58Z,186,341,384,53.57,26.73,990.04 
05/11/2021T09:03:28Z,190,343,383,53.73,26.72,989.98 
05/11/2021T09:03:59Z,190,345,398,54.01,26.73,989.85 
05/11/2021T09:04:29Z,190,342,377,54.02,26.73,989.85 
05/11/2021T09:04:59Z,192,350,393,54.25,26.73,989.77 
05/11/2021T09:05:30Z,192,350,391,54.24,26.72,989.78 
05/11/2021T09:06:01Z,192,347,391,54.56,26.70,989.66 
05/11/2021T09:06:31Z,193,362,412,54.55,26.70,989.66 
05/11/2021T09:07:02Z,197,359,407,54.39,26.71,989.72 
05/11/2021T09:07:33Z,191,356,399,54.28,26.72,989.79 
05/11/2021T09:08:03Z,190,346,394,54.10,26.75,989.86 
05/11/2021T09:08:34Z,189,347,384,54.00,26.77,989.91 
05/11/2021T09:09:04Z,189,344,390,54.10,26.75,989.88 
05/11/2021T09:09:35Z,189,341,381,54.35,26.69,989.82 
05/11/2021T09:10:05Z,190,354,408,54.47,26.77,989.73 
05/11/2021T09:10:35Z,186,354,418,54.01,26.80,989.92 
05/11/2021T09:11:06Z,187,349,396,54.10,26.83,989.88 
05/11/2021T09:11:37Z,186,338,387,54.23,26.83,989.83 
05/11/2021T09:12:07Z,185,336,385,54.33,26.80,989.78 
05/11/2021T09:12:37Z,185,330,363,54.15,26.81,989.85 
05/11/2021T09:13:08Z,184,327,364,53.87,26.81,989.97 
05/11/2021T09:13:39Z,183,328,365,54.07,26.85,989.87 
05/11/2021T09:14:09Z,182,332,383,53.93,26.87,989.91 
05/11/2021T09:14:40Z,181,334,376,53.45,26.83,990.11 
05/11/2021T09:15:10Z,180,336,378,53.62,26.80,990.03 
05/11/2021T09:15:41Z,180,329,380,53.44,26.77,990.13 
05/11/2021T09:16:12Z,182,334,374,53.28,26.75,990.17 
05/11/2021T09:16:42Z,184,332,379,53.22,26.71,990.21 
05/11/2021T09:17:13Z,179,330,381,53.20,26.69,990.24 
05/11/2021T09:17:43Z,178,324,365,53.58,26.66,990.09 
05/11/2021T09:18:13Z,182,337,386,53.97,26.64,989.91 
05/11/2021T09:18:44Z,179,334,380,54.11,26.64,989.86 
05/11/2021T09:19:14Z,179,324,376,54.27,26.62,989.80 
05/11/2021T09:19:44Z,179,319,368,54.48,26.61,989.73 
05/11/2021T09:20:15Z,181,334,375,54.64,26.60,989.68 
05/11/2021T09:20:45Z,180,330,375,54.81,26.57,989.62 
05/11/2021T09:21:16Z,179,329,375,54.97,26.55,989.58 
05/11/2021T09:21:46Z,179,330,372,55.08,26.54,989.54 
05/11/2021T09:22:17Z,178,333,378,55.17,26.53,989.52 
05/11/2021T09:22:48Z,180,336,368,55.22,26.53,989.52 
05/11/2021T09:23:18Z,179,328,364,55.30,26.51,989.51 
05/11/2021T09:23:48Z,178,324,369,55.35,26.49,989.50 
05/11/2021T09:24:18Z,178,316,360,55.46,26.49,989.47 
05/11/2021T09:24:49Z,180,319,353,55.52,26.49,989.45 
05/11/2021T09:25:19Z,179,319,354,55.55,26.49,989.43 
05/11/2021T09:25:50Z,178,323,361,55.58,26.48,989.43 
05/11/2021T09:26:20Z,176,316,373,55.63,26.48,989.43 
05/11/2021T09:26:50Z,175,320,362,55.69,26.46,989.41 
05/11/2021T09:27:20Z,177,320,364,55.74,26.45,989.39 
05/11/2021T09:27:51Z,177,322,366,55.81,26.43,989.38 
05/11/2021T09:28:21Z,180,328,366,55.82,26.42,989.40 
05/11/2021T09:28:51Z,175,315,353,55.85,26.42,989.40 
05/11/2021T09:29:21Z,179,318,364,55.89,26.41,989.40 
05/11/2021T09:29:52Z,178,321,364,55.98,26.40,989.38 
05/11/2021T09:30:22Z,174,318,363,56.00,26.40,989.39 
05/11/2021T09:30:53Z,176,321,359,55.96,26.40,989.41 
05/11/2021T09:31:23Z,178,319,355,56.02,26.39,989.40 
05/11/2021T09:31:54Z,177,316,354,56.08,26.39,989.37 
05/11/2021T09:32:24Z,178,320,357,56.05,26.38,989.38 
05/11/2021T09:32:54Z,176,319,357,56.11,26.38,989.37 
05/11/2021T09:33:25Z,175,322,356,56.19,26.37,989.34 
05/11/2021T09:33:56Z,178,320,362,56.25,26.36,989.33 
05/11/2021T09:34:26Z,176,319,366,56.26,26.36,989.34 
05/11/2021T09:34:57Z,175,316,365,56.31,26.36,989.31 
05/11/2021T09:35:27Z,176,315,357,56.35,26.36,989.29 
05/11/2021T09:35:57Z,172,311,347,56.44,26.34,989.28 
05/11/2021T09:36:28Z,174,314,353,56.43,26.33,989.29 
05/11/2021T09:36:58Z,176,314,347,56.54,26.32,989.26 
05/11/2021T09:37:28Z,175,317,369,56.53,26.32,989.27 
05/11/2021T09:37:58Z,175,314,358,56.54,26.32,989.26 
05/11/2021T09:38:28Z,177,312,347,56.54,26.32,989.27 
05/11/2021T09:38:58Z,175,318,350,56.59,26.33,989.27 
05/11/2021T09:39:29Z,176,319,362,56.62,26.32,989.25 
05/11/2021T09:39:59Z,174,309,357,56.67,26.30,989.24 
05/11/2021T09:40:29Z,173,309,359,56.73,26.30,989.24 
05/11/2021T09:41:00Z,173,306,347,56.67,26.29,989.25 
05/11/2021T09:41:30Z,178,318,358,56.66,26.29,989.26 
05/11/2021T09:42:00Z,179,325,368,56.67,26.29,989.28 
05/11/2021T09:42:31Z,175,308,350,56.72,26.29,989.27 
05/11/2021T09:43:01Z,173,308,352,56.74,26.29,989.26 
05/11/2021T09:43:31Z,177,312,354,56.78,26.27,989.25 
05/11/2021T09:44:02Z,175,313,348,56.75,26.26,989.29 
05/11/2021T09:44:32Z,173,315,358,56.76,26.26,989.30 
05/11/2021T09:45:03Z,176,314,358,56.82,26.26,989.28 
05/11/2021T09:45:33Z,170,305,347,56.88,26.25,989.27 
05/11/2021T09:46:03Z,175,310,350,56.79,26.24,989.32 
05/11/2021T09:46:33Z,175,311,358,56.86,26.22,989.29 
05/11/2021T09:47:03Z,175,308,344,56.88,26.22,989.30 
05/11/2021T09:47:33Z,174,309,358,56.92,26.21,989.29 
05/11/2021T09:48:04Z,173,310,352,56.90,26.20,989.32 
05/11/2021T09:48:34Z,170,314,348,56.99,26.19,989.29 
05/11/2021T09:49:05Z,174,313,354,56.96,26.20,989.30 
05/11/2021T09:49:35Z,173,308,344,57.03,26.19,989.28 
05/11/2021T09:50:05Z,173,310,349,56.95,26.19,989.31 
05/11/2021T09:50:35Z,171,312,357,56.94,26.18,989.31 
05/11/2021T09:51:05Z,170,305,348,56.95,26.18,989.30 
05/11/2021T09:51:36Z,173,308,349,56.96,26.18,989.31 
05/11/2021T09:52:07Z,170,308,348,57.02,26.18,989.30 
05/11/2021T09:52:37Z,173,309,350,56.95,26.18,989.31 
05/11/2021T09:53:07Z,169,299,340,56.96,26.18,989.29 
05/11/2021T09:53:38Z,170,307,345,56.95,26.17,989.28 
05/11/2021T09:54:08Z,171,308,344,57.04,26.16,989.24 
05/11/2021T09:54:39Z,168,307,356,56.92,26.15,989.28 
05/11/2021T09:55:09Z,171,311,371,57.08,26.14,989.24 
05/11/2021T09:55:40Z,172,307,352,57.18,26.13,989.19 
05/11/2021T09:56:10Z,170,308,364,57.19,26.13,989.19 
05/11/2021T09:56:40Z,170,304,365,56.98,26.12,989.25 
05/11/2021T09:57:10Z,170,306,356,57.16,26.12,989.20 
05/11/2021T09:57:40Z,174,314,366,57.10,26.10,989.23 
05/11/2021T09:58:11Z,168,313,364,56.96,26.08,989.27 
05/11/2021T09:58:41Z,169,314,364,57.22,26.09,989.19 
05/11/2021T09:59:12Z,168,310,367,57.20,26.09,989.19 
05/11/2021T09:59:42Z,168,308,362,57.12,26.10,989.22 
05/11/2021T10:00:13Z,169,311,373,57.00,26.09,989.26 
05/11/2021T10:00:43Z,173,320,383,57.21,26.08,989.20 
05/11/2021T10:01:13Z,172,322,385,57.27,26.08,989.18 
05/11/2021T10:01:44Z,169,326,401,57.18,26.07,989.22 
05/11/2021T10:02:15Z,172,340,417,57.13,26.06,989.26 
05/11/2021T10:02:45Z,173,336,425,57.31,26.06,989.18 
05/11/2021T10:03:16Z,172,331,402,57.24,26.07,989.20 
05/11/2021T10:03:46Z,169,328,399,57.26,26.07,989.20 
05/11/2021T10:04:17Z,169,323,394,57.30,26.07,989.20 
05/11/2021T10:04:47Z,169,320,381,57.37,26.05,989.18 
05/11/2021T10:05:17Z,168,320,386,57.37,26.05,989.19 
05/11/2021T10:05:47Z,171,316,370,57.38,26.07,989.19 
05/11/2021T10:06:17Z,169,316,371,57.36,26.07,989.20 
05/11/2021T10:06:48Z,172,313,369,57.36,26.08,989.20 
05/11/2021T10:07:18Z,169,309,363,57.40,26.07,989.20 
05/11/2021T10:07:48Z,167,309,353,57.40,26.09,989.20 
05/11/2021T10:08:18Z,171,315,359,57.40,26.09,989.21 
05/11/2021T10:08:48Z,167,303,350,57.46,26.08,989.19 
05/11/2021T10:09:19Z,166,304,345,57.53,26.08,989.17 
05/11/2021T10:09:49Z,168,308,356,57.47,26.08,989.18 
05/11/2021T10:10:39Z,165,311,361,57.49,26.09,989.17 
05/11/2021T10:36:34Z,158,296,324,57.58,26.10,988.97 
05/11/2021T10:37:04Z,166,294,331,58.50,25.82,988.80 
05/11/2021T10:37:35Z,169,304,343,59.11,25.68,988.80 
05/11/2021T10:38:06Z,166,296,333,59.31,25.62,988.83 
05/11/2021T10:38:36Z,168,303,344,59.21,25.62,988.90 
05/11/2021T10:39:06Z,166,303,342,59.17,25.63,988.92 
05/11/2021T10:39:37Z,168,304,345,59.20,25.68,988.93 
05/11/2021T10:40:07Z,171,302,337,59.06,25.72,988.97 
05/11/2021T10:40:37Z,173,309,348,59.06,25.75,988.98 
05/11/2021T10:41:08Z,168,308,354,59.03,25.78,988.98 
05/11/2021T10:41:38Z,175,318,365,58.97,25.80,988.99 
05/11/2021T10:42:08Z,175,315,351,58.66,25.84,989.07 
05/11/2021T10:42:39Z,171,308,345,58.74,25.85,989.05 
05/11/2021T10:43:09Z,168,304,345,58.57,25.86,989.08 
05/11/2021T10:43:39Z,168,304,351,58.16,25.86,989.19 
05/11/2021T10:44:10Z,175,310,353,58.12,25.89,989.18 
05/11/2021T10:44:40Z,172,308,360,58.14,25.91,989.16 
05/11/2021T10:45:11Z,172,310,353,57.55,25.92,989.32 
05/11/2021T10:45:41Z,171,310,350,57.48,25.94,989.30 
05/11/2021T10:46:12Z,170,305,346,57.41,25.97,989.32 
05/11/2021T10:46:42Z,171,303,338,57.53,26.00,989.27 
05/11/2021T10:47:13Z,169,302,338,57.00,25.99,989.41 
05/11/2021T10:47:44Z,172,312,349,57.08,26.00,989.39 
05/11/2021T10:48:14Z,171,302,341,56.90,26.00,989.43 
05/11/2021T10:48:44Z,171,306,343,56.84,26.00,989.44 
05/11/2021T10:49:14Z,171,301,338,56.57,26.02,989.50 
05/11/2021T10:49:45Z,171,302,337,56.63,26.02,989.48 
05/11/2021T10:50:16Z,178,329,370,56.28,26.04,989.56 
05/11/2021T10:50:46Z,197,379,439,56.24,26.05,989.55 
05/11/2021T10:51:16Z,186,340,388,56.13,26.05,989.56 
05/11/2021T10:51:47Z,181,328,375,56.30,26.06,989.51 
05/11/2021T10:52:17Z,177,320,368,56.34,26.06,989.48 
05/11/2021T10:52:47Z,172,311,347,56.37,26.08,989.46 
05/11/2021T10:53:17Z,171,309,343,56.31,26.08,989.46 
05/11/2021T10:53:48Z,172,318,362,56.51,26.00,989.42 
05/11/2021T10:54:18Z,174,315,360,56.82,25.99,989.32 
05/11/2021T10:54:48Z,174,312,351,57.12,25.97,989.23 
05/11/2021T10:55:19Z,175,314,362,57.08,26.00,989.25 
05/11/2021T10:55:49Z,171,309,355,57.19,26.04,989.21 
05/11/2021T10:56:19Z,170,302,341,57.04,26.06,989.26 
05/11/2021T10:56:50Z,171,306,352,57.09,26.08,989.25 
05/11/2021T10:57:20Z,170,307,352,57.18,26.07,989.21 
05/11/2021T10:57:51Z,170,309,349,57.20,26.07,989.20 
05/11/2021T10:58:21Z,169,301,339,57.24,26.07,989.18 
05/11/2021T10:58:51Z,172,309,346,57.39,26.06,989.15 
05/11/2021T10:59:22Z,173,314,351,57.68,26.05,989.07 
05/11/2021T10:59:52Z,180,330,377,57.74,26.04,989.06 
05/11/2021T11:00:23Z,181,335,373,57.89,26.04,989.02 
05/11/2021T11:00:53Z,190,358,420,57.94,26.01,989.03 
05/11/2021T11:01:23Z,186,338,398,58.26,25.97,988.96 
05/11/2021T11:01:54Z,176,323,364,58.17,26.00,989.00 
05/11/2021T11:02:24Z,177,323,370,58.19,26.01,988.99 
05/11/2021T11:02:54Z,174,313,356,58.19,25.99,989.00 
05/11/2021T11:03:25Z,176,316,352,58.52,25.93,988.92 
05/11/2021T11:03:55Z,179,328,365,58.50,25.98,988.92 
05/11/2021T11:04:25Z,185,332,378,58.41,26.01,988.96 
05/11/2021T11:04:56Z,181,327,369,58.41,26.04,988.94 
05/11/2021T11:05:27Z,182,327,366,58.50,26.06,988.92 
05/11/2021T11:05:57Z,175,318,352,58.56,26.07,988.91 
05/11/2021T11:06:28Z,174,318,356,58.49,26.09,988.92 
05/11/2021T11:06:58Z,175,311,351,58.51,26.11,988.92 
05/11/2021T11:07:28Z,175,314,358,58.21,26.11,989.01 
05/11/2021T11:07:59Z,176,316,353,58.22,26.11,989.00 
05/11/2021T11:08:29Z,175,312,350,58.13,26.12,989.02 
05/11/2021T11:08:59Z,173,308,353,58.03,26.11,989.05 
05/11/2021T11:09:30Z,175,315,359,57.78,26.12,989.12 
05/11/2021T11:10:00Z,171,306,345,57.62,26.14,989.17 
05/11/2021T11:10:30Z,171,308,350,57.52,26.15,989.18 
05/11/2021T11:11:00Z,173,304,350,57.42,26.17,989.20 
05/11/2021T11:11:31Z,171,308,346,57.36,26.18,989.20 
05/11/2021T11:12:02Z,171,305,346,57.32,26.18,989.20 
05/11/2021T11:12:32Z,170,305,337,57.21,26.18,989.22 
05/11/2021T11:13:03Z,169,301,337,57.29,26.19,989.18 
05/11/2021T11:13:33Z,179,320,355,57.10,26.19,989.24 
05/11/2021T11:14:03Z,200,371,412,57.15,26.20,989.22 
05/11/2021T11:14:33Z,212,405,457,56.84,26.21,989.31 
05/11/2021T11:15:03Z,212,392,449,56.93,26.23,989.27 
05/11/2021T11:15:33Z,185,333,384,56.89,26.23,989.28 
05/11/2021T11:16:03Z,185,325,372,56.88,26.26,989.27 
05/11/2021T11:16:33Z,176,316,353,56.65,26.26,989.34 
05/11/2021T11:17:04Z,173,306,344,56.87,26.27,989.28 
05/11/2021T11:17:34Z,178,314,347,56.92,26.29,989.25 
05/11/2021T11:18:04Z,174,319,361,56.88,26.29,989.25 
05/11/2021T11:18:34Z,175,310,352,56.98,26.28,989.21 
05/11/2021T11:19:05Z,175,315,354,57.17,26.30,989.14 
05/11/2021T11:19:35Z,177,312,355,57.23,26.32,989.11 
05/11/2021T11:20:06Z,173,313,352,57.15,26.28,989.15 
05/11/2021T11:20:36Z,174,316,351,57.41,26.32,989.05 
05/11/2021T11:21:06Z,175,311,351,57.35,26.32,989.07 
05/11/2021T11:21:36Z,173,307,340,57.44,26.35,989.02 
05/11/2021T11:22:07Z,173,311,347,57.35,26.39,989.04 
05/11/2021T11:22:38Z,174,309,352,57.24,26.42,989.07 
05/11/2021T11:23:08Z,174,310,352,57.35,26.43,989.04 
05/11/2021T11:23:38Z,173,320,355,57.15,26.44,989.12 
05/11/2021T11:24:08Z,174,313,357,56.80,26.44,989.24 
05/11/2021T11:24:39Z,171,315,351,56.98,26.43,989.19 
05/11/2021T11:25:09Z,172,313,354,56.68,26.42,989.26 
05/11/2021T11:25:39Z,179,320,355,56.55,26.40,989.31 
05/11/2021T11:26:10Z,183,325,371,56.45,26.40,989.34 
05/11/2021T11:26:40Z,183,318,367,56.50,26.41,989.30 
05/11/2021T11:27:11Z,188,329,369,56.54,26.40,989.29 
05/11/2021T11:27:42Z,184,321,356,56.15,26.37,989.42 
05/11/2021T11:28:13Z,186,332,373,56.12,26.37,989.42 
05/11/2021T11:28:43Z,187,329,375,56.16,26.37,989.41 
05/11/2021T11:29:14Z,181,327,368,56.22,26.36,989.37 
05/11/2021T11:29:45Z,182,334,382,56.51,26.32,989.27 
05/11/2021T11:30:16Z,181,326,371,56.69,26.30,989.20 
05/11/2021T11:30:46Z,181,329,365,56.70,26.29,989.21 
05/11/2021T11:31:16Z,180,326,368,56.85,26.26,989.16 
05/11/2021T11:31:46Z,182,323,361,57.25,26.24,989.03 
05/11/2021T11:32:16Z,182,329,369,57.36,26.25,988.99 
05/11/2021T11:32:46Z,178,320,359,57.35,26.30,989.00 
05/11/2021T11:33:17Z,178,314,345,57.14,26.33,989.05 
05/11/2021T11:33:47Z,177,319,359,57.27,26.34,989.02 
05/11/2021T11:34:18Z,177,319,357,57.33,26.35,989.00 
05/11/2021T11:34:48Z,175,313,353,56.87,26.35,989.13 
05/11/2021T11:35:18Z,177,319,356,57.20,26.26,989.08 
05/11/2021T11:35:49Z,173,308,343,57.74,26.32,988.89 
05/11/2021T11:36:20Z,164,290,323,57.50,26.40,988.94 
05/11/2021T11:36:50Z,161,289,321,57.11,26.44,989.05 
05/11/2021T11:37:43Z,176,317,348,56.72,26.46,989.18 
05/11/2021T11:38:15Z,174,305,344,56.63,26.50,989.19 
05/11/2021T11:38:45Z,175,314,353,56.41,26.54,989.24 
05/11/2021T11:39:15Z,173,315,352,56.45,26.57,989.22 
05/11/2021T11:39:46Z,172,306,349,56.29,26.59,989.26 
05/11/2021T11:40:16Z,175,314,351,56.39,26.58,989.21 
05/11/2021T11:40:46Z,173,310,346,56.28,26.58,989.26 
05/11/2021T11:41:17Z,177,313,348,55.98,26.59,989.34 
05/11/2021T11:41:47Z,176,310,351,55.87,26.61,989.39 
05/11/2021T11:42:18Z,176,316,355,56.01,26.60,989.31 
05/11/2021T11:42:48Z,178,321,357,56.00,26.59,989.33 
05/11/2021T11:43:19Z,180,322,367,56.24,26.53,989.25 
05/11/2021T11:43:49Z,179,324,364,56.75,26.53,989.07 
05/11/2021T11:44:19Z,180,323,364,56.71,26.52,989.09 
05/11/2021T11:44:50Z,178,327,369,56.73,26.47,989.11 
05/11/2021T11:45:20Z,178,314,367,56.83,26.46,989.09 
05/11/2021T11:45:50Z,181,325,366,56.98,26.45,989.03 
05/11/2021T11:46:20Z,180,325,376,57.02,26.48,989.02 
05/11/2021T11:46:51Z,178,324,368,57.06,26.49,988.99 
05/11/2021T11:47:21Z,182,325,365,57.00,26.48,989.02 
05/11/2021T11:47:52Z,180,324,368,57.00,26.51,989.04 
05/11/2021T11:48:22Z,194,340,393,57.26,26.39,989.00 
05/11/2021T11:48:53Z,192,347,389,57.39,26.40,988.95 
05/11/2021T11:49:24Z,189,342,385,57.66,26.45,988.86 
05/11/2021T11:49:54Z,187,338,383,57.79,26.45,988.82 
05/11/2021T11:50:25Z,185,327,363,57.77,26.51,988.82 
05/11/2021T11:50:55Z,182,332,373,57.33,26.57,988.95 
05/11/2021T11:51:25Z,188,331,386,57.11,26.63,989.05 
05/11/2021T11:51:56Z,187,337,376,56.95,26.65,989.08 
05/11/2021T11:52:26Z,185,332,376,57.05,26.67,989.06 
05/11/2021T11:52:57Z,186,335,383,57.00,26.68,989.07 
05/11/2021T11:53:28Z,182,326,375,56.95,26.71,989.08 
05/11/2021T11:53:58Z,189,327,373,56.89,26.72,989.12 
05/11/2021T11:54:29Z,186,327,372,56.89,26.71,989.12 
05/11/2021T11:54:59Z,186,335,377,56.88,26.67,989.14 
05/11/2021T11:55:30Z,188,338,379,57.51,26.68,988.96 
05/11/2021T11:56:01Z,187,332,375,57.36,26.72,988.99 
05/11/2021T11:56:31Z,186,326,368,57.11,26.71,989.08 
05/11/2021T11:57:01Z,185,330,373,57.27,26.65,989.06 
05/11/2021T11:57:31Z,189,342,384,57.48,26.63,988.99 
05/11/2021T11:58:02Z,190,345,390,57.41,26.65,989.03 
05/11/2021T11:58:33Z,189,335,385,57.30,26.69,989.05 
05/11/2021T11:59:04Z,191,339,387,57.19,26.70,989.10 
05/11/2021T11:59:35Z,187,334,372,57.25,26.71,989.07 
05/11/2021T12:00:05Z,185,334,375,57.45,26.75,989.01 
05/11/2021T12:00:35Z,190,339,385,57.54,26.78,988.97 
05/11/2021T12:01:06Z,188,336,380,57.43,26.83,989.00 
05/11/2021T12:01:36Z,187,336,382,57.07,26.83,989.11 
05/11/2021T12:02:07Z,188,333,380,56.74,26.78,989.23 
05/11/2021T12:02:37Z,188,334,374,57.11,26.73,989.14 
05/11/2021T12:03:07Z,187,331,371,57.11,26.70,989.14 
05/11/2021T12:03:38Z,192,335,377,57.12,26.69,989.15 
05/11/2021T12:04:09Z,187,331,373,57.14,26.68,989.15 
05/11/2021T12:04:40Z,188,338,377,57.01,26.68,989.19 
05/11/2021T12:05:10Z,187,333,375,57.04,26.66,989.22 
05/11/2021T12:05:41Z,183,333,376,57.07,26.66,989.20 
05/11/2021T12:06:11Z,184,333,379,56.80,26.64,989.30 
05/11/2021T12:06:42Z,184,330,367,56.79,26.62,989.32 
05/11/2021T12:07:13Z,183,331,371,56.87,26.61,989.29 
05/11/2021T12:07:43Z,186,340,383,56.77,26.65,989.30 
05/11/2021T12:08:14Z,192,342,392,56.91,26.67,989.25 
05/11/2021T12:08:44Z,203,352,392,57.04,26.72,989.20 
05/11/2021T12:09:15Z,199,350,400,57.31,26.75,989.11 
05/11/2021T12:09:45Z,196,352,400,57.33,26.77,989.09 
05/11/2021T12:10:15Z,197,346,391,57.12,26.80,989.16 
05/11/2021T12:10:45Z,191,336,380,57.17,26.79,989.17 
05/11/2021T12:11:16Z,191,336,382,57.08,26.78,989.20 
05/11/2021T12:11:47Z,194,342,386,56.96,26.76,989.25 
05/11/2021T12:12:18Z,191,336,383,56.80,26.76,989.31 
05/11/2021T12:12:48Z,191,338,383,57.01,26.78,989.24 
05/11/2021T12:13:19Z,192,338,377,56.83,26.81,989.29 
05/11/2021T12:13:49Z,191,336,386,56.95,26.82,989.24 
05/11/2021T12:14:19Z,188,336,381,57.13,26.82,989.19 
05/11/2021T12:14:50Z,187,324,366,56.95,26.80,989.25 
05/11/2021T12:15:21Z,188,328,371,57.16,26.79,989.20 
05/11/2021T12:15:52Z,188,334,375,56.95,26.77,989.26 
05/11/2021T12:16:23Z,185,330,367,57.14,26.78,989.21 
05/11/2021T12:16:53Z,188,329,369,57.24,26.81,989.17 
05/11/2021T12:17:24Z,184,324,368,56.78,26.83,989.33 
05/11/2021T12:17:55Z,185,330,371,56.78,26.82,989.35 
05/11/2021T12:18:25Z,184,335,382,56.82,26.79,989.35 
05/11/2021T12:18:56Z,185,327,366,57.33,26.79,989.18 
05/11/2021T12:19:26Z,189,327,372,57.06,26.79,989.27 
05/11/2021T12:19:57Z,189,328,373,57.36,26.80,989.17 
05/11/2021T12:20:27Z,187,333,371,57.43,26.82,989.15 
05/11/2021T12:20:57Z,187,332,376,57.35,26.82,989.17 
05/11/2021T12:21:28Z,186,333,370,57.27,26.81,989.21 
05/11/2021T12:21:59Z,189,335,378,57.46,26.81,989.16 
05/11/2021T12:22:29Z,188,336,379,57.47,26.80,989.17 
05/11/2021T12:22:59Z,190,334,380,57.56,26.81,989.15 
05/11/2021T12:23:30Z,187,336,382,57.37,26.84,989.20 
05/11/2021T12:24:00Z,187,341,376,57.14,26.85,989.28 
05/11/2021T12:24:31Z,196,353,400,57.04,26.86,989.31 
05/11/2021T12:25:01Z,197,357,405,57.01,26.86,989.35 
05/11/2021T12:25:31Z,199,357,405,57.19,26.86,989.29 
05/11/2021T12:26:01Z,194,356,400,56.98,26.85,989.35 
05/11/2021T12:26:32Z,196,361,415,56.85,26.83,989.40 
05/11/2021T12:27:02Z,201,363,418,57.06,26.83,989.35 
05/11/2021T12:27:33Z,198,359,410,57.06,26.85,989.33 
05/11/2021T12:28:04Z,197,351,392,57.22,26.85,989.29 
05/11/2021T12:28:34Z,192,350,396,57.13,26.84,989.31 
05/11/2021T12:29:05Z,192,347,401,57.16,26.82,989.31 
05/11/2021T12:29:35Z,191,344,398,57.16,26.83,989.31 
05/11/2021T12:30:06Z,194,344,385,57.21,26.84,989.26 
05/11/2021T12:30:37Z,194,340,387,57.13,26.84,989.30 
05/11/2021T12:31:08Z,195,345,390,57.20,26.84,989.27 
05/11/2021T12:31:38Z,192,347,393,57.23,26.84,989.25 
05/11/2021T12:32:09Z,192,343,389,57.57,26.85,989.15 
05/11/2021T12:32:40Z,197,351,395,57.53,26.87,989.15 
05/11/2021T12:33:11Z,195,347,391,57.68,26.85,989.11 
05/11/2021T12:33:41Z,193,344,398,57.73,26.85,989.09 
05/11/2021T12:34:12Z,194,341,389,57.41,26.84,989.21 
05/11/2021T12:34:43Z,195,340,374,57.67,26.83,989.13 
05/11/2021T12:35:13Z,190,343,391,57.66,26.81,989.14 
05/11/2021T12:35:43Z,196,346,395,57.47,26.78,989.20 
05/11/2021T12:36:14Z,196,343,384,57.68,26.77,989.16 
05/11/2021T12:36:45Z,196,352,391,57.60,26.75,989.19 
05/11/2021T12:37:15Z,193,347,395,57.48,26.76,989.21 
05/11/2021T12:37:46Z,199,344,384,57.45,26.76,989.23 
05/11/2021T12:38:16Z,195,344,384,57.36,26.74,989.27 
05/11/2021T12:38:47Z,197,337,385,57.12,26.76,989.32 
05/11/2021T12:39:18Z,198,355,394,57.00,26.75,989.36 
05/11/2021T12:39:49Z,204,358,396,57.00,26.75,989.35 
05/11/2021T12:40:19Z,206,365,413,56.78,26.71,989.44 
05/11/2021T12:40:49Z,204,365,407,56.94,26.67,989.40 
05/11/2021T12:41:20Z,202,357,400,57.59,26.65,989.20 
05/11/2021T12:41:51Z,201,356,399,57.42,26.63,989.27 
05/11/2021T12:42:21Z,203,353,397,57.66,26.66,989.16 
05/11/2021T12:42:52Z,208,357,412,57.59,26.64,989.19 
05/11/2021T12:43:22Z,207,376,421,57.96,26.67,989.08 
05/11/2021T12:43:53Z,212,376,428,57.81,26.69,989.12 
05/11/2021T12:44:24Z,212,377,427,57.69,26.63,989.20 
05/11/2021T12:44:55Z,206,384,437,57.99,26.63,989.11 
05/11/2021T12:45:25Z,211,386,443,57.97,26.63,989.12 
05/11/2021T12:45:56Z,211,381,424,57.68,26.63,989.24 
05/11/2021T12:46:26Z,217,391,450,57.15,26.55,989.42 
05/11/2021T12:46:57Z,222,411,468,57.17,26.46,989.43 
05/11/2021T12:47:28Z,217,398,461,57.29,26.41,989.40 
05/11/2021T12:47:58Z,215,398,449,57.25,26.35,989.41 
05/11/2021T12:48:29Z,213,395,445,57.48,26.31,989.34 
05/11/2021T12:48:59Z,217,398,456,57.32,26.28,989.39 
05/11/2021T12:49:30Z,212,390,441,57.44,26.23,989.35 
05/11/2021T12:50:00Z,216,400,465,57.49,26.21,989.32 
05/11/2021T12:50:30Z,224,416,480,57.58,26.17,989.28 
05/11/2021T12:51:01Z,226,426,485,57.90,26.17,989.19 
05/11/2021T12:51:31Z,225,412,468,57.78,26.18,989.22 
05/11/2021T12:52:02Z,220,404,467,57.81,26.18,989.21 
05/11/2021T12:52:32Z,229,436,503,57.84,26.16,989.20 
05/11/2021T12:53:03Z,227,420,492,57.95,26.16,989.18 
05/11/2021T12:53:33Z,225,411,475,57.96,26.13,989.20 
05/11/2021T12:54:04Z,222,420,474,57.89,26.11,989.24 
05/11/2021T12:54:35Z,229,436,498,58.08,26.08,989.19 
05/11/2021T12:55:05Z,236,452,515,58.18,26.08,989.17 
05/11/2021T12:55:36Z,241,472,534,58.26,26.03,989.17 
05/11/2021T12:56:06Z,239,470,543,58.50,26.00,989.13 
05/11/2021T12:56:37Z,240,469,546,58.47,25.99,989.15 
05/11/2021T12:57:08Z,244,466,544,58.34,26.01,989.22 
05/11/2021T12:57:38Z,238,460,528,58.45,26.00,989.19 
05/11/2021T12:58:08Z,243,465,531,58.53,25.97,989.18 
05/11/2021T12:58:39Z,241,463,533,58.57,25.99,989.18 
05/11/2021T12:59:09Z,243,470,538,58.44,25.99,989.23 
05/11/2021T12:59:40Z,247,473,541,58.53,25.93,989.22 
05/11/2021T13:00:10Z,244,469,530,58.54,25.93,989.24 
05/11/2021T13:00:41Z,248,465,531,58.45,25.94,989.29 
05/11/2021T13:01:12Z,246,471,545,58.30,25.99,989.34 
05/11/2021T13:01:42Z,253,478,534,58.32,25.93,989.36 
05/11/2021T13:02:13Z,247,464,520,58.86,25.84,989.23 
05/11/2021T13:02:43Z,242,461,521,58.87,25.91,989.23 
05/11/2021T13:03:14Z,247,464,521,59.13,25.94,989.20 
05/11/2021T13:03:44Z,242,452,512,59.13,25.98,989.23 
05/11/2021T13:04:15Z,248,464,527,58.93,26.02,989.28 
05/11/2021T13:04:46Z,244,460,533,59.17,26.04,989.24 
05/11/2021T13:05:16Z,244,455,536,58.79,26.09,989.34 
05/11/2021T13:05:47Z,241,443,507,58.39,26.02,989.47 
05/11/2021T13:06:18Z,239,453,521,59.10,25.97,989.30 
05/11/2021T13:06:49Z,244,451,508,58.73,26.01,989.41 
05/11/2021T13:07:19Z,245,461,519,58.67,26.02,989.45 
05/11/2021T13:07:49Z,241,453,509,58.72,26.07,989.42 
05/11/2021T13:08:20Z,248,465,526,58.70,26.10,989.42 
05/11/2021T13:08:51Z,241,450,513,58.70,26.15,989.42 
05/11/2021T13:09:21Z,241,462,520,58.58,26.20,989.45 
05/11/2021T13:09:52Z,241,439,511,58.23,26.25,989.55 
05/11/2021T13:10:23Z,237,441,505,58.14,26.21,989.57 
05/11/2021T13:10:53Z,234,432,491,58.63,26.18,989.45 
05/11/2021T13:11:24Z,241,444,506,58.96,26.16,989.38 
05/11/2021T13:11:55Z,243,458,519,59.07,26.16,989.38 
05/11/2021T13:12:25Z,244,451,507,58.78,26.19,989.48 
05/11/2021T13:12:56Z,246,461,520,58.47,26.19,989.57 
05/11/2021T13:13:26Z,245,465,529,58.31,26.16,989.62 
05/11/2021T13:13:56Z,246,451,511,58.20,26.09,989.65 
05/11/2021T13:14:27Z,241,459,529,58.35,26.05,989.62 
05/11/2021T13:14:58Z,245,446,511,58.64,25.98,989.55 
05/11/2021T13:15:28Z,241,455,510,58.64,25.98,989.56 
05/11/2021T13:15:59Z,241,449,509,58.61,25.97,989.58 
05/11/2021T13:16:30Z,241,450,511,58.66,25.97,989.56 
05/11/2021T13:17:00Z,243,456,516,58.84,25.81,989.53 
05/11/2021T13:17:31Z,244,453,511,59.17,25.87,989.44 
05/11/2021T13:18:01Z,246,449,502,59.07,25.96,989.47 
05/11/2021T13:18:31Z,249,463,523,58.84,25.99,989.53 
05/11/2021T13:19:01Z,247,445,502,58.96,25.93,989.51 
05/11/2021T13:19:32Z,242,440,493,58.87,26.01,989.52 
05/11/2021T13:20:02Z,244,448,497,58.82,26.02,989.54 
05/11/2021T13:20:32Z,242,451,507,58.95,26.01,989.51 
05/11/2021T13:21:03Z,234,428,479,58.83,25.97,989.53 
05/11/2021T13:21:33Z,232,420,477,58.96,25.93,989.52 
05/11/2021T13:22:03Z,234,425,488,59.17,25.84,989.49 
05/11/2021T13:22:34Z,233,420,479,59.18,25.92,989.49 
05/11/2021T13:23:05Z,230,421,481,58.94,25.95,989.55 
05/11/2021T13:23:35Z,229,417,476,59.07,26.01,989.51 
05/11/2021T13:24:06Z,232,417,467,58.94,26.06,989.53 
05/11/2021T13:24:37Z,238,434,491,58.70,26.05,989.62 
05/11/2021T13:25:07Z,246,454,509,58.80,26.02,989.59 
05/11/2021T13:25:38Z,247,445,500,58.76,26.01,989.62 
05/11/2021T13:26:08Z,250,462,523,58.75,26.02,989.64 
05/11/2021T13:26:38Z,249,453,508,58.78,26.04,989.63 
05/11/2021T13:27:09Z,249,446,499,58.64,26.06,989.66 
05/11/2021T13:27:40Z,255,457,523,58.70,26.05,989.66 
05/11/2021T13:28:10Z,257,476,547,58.74,26.06,989.65 
05/11/2021T13:28:40Z,268,488,551,58.49,26.05,989.73 
05/11/2021T13:29:10Z,273,487,545,58.60,26.03,989.71 
05/11/2021T13:29:41Z,270,495,553,58.72,26.05,989.67 
05/11/2021T13:30:11Z,269,488,536,58.85,26.02,989.65 
05/11/2021T13:30:41Z,262,472,523,58.99,26.00,989.61 
05/11/2021T13:31:12Z,260,473,541,58.96,26.02,989.62 
05/11/2021T13:31:42Z,255,463,522,58.80,26.05,989.67 
05/11/2021T13:32:13Z,252,447,508,58.42,26.06,989.76 
05/11/2021T13:32:43Z,254,459,512,58.56,26.04,989.74 
05/11/2021T13:33:14Z,252,454,508,58.71,26.07,989.70 
05/11/2021T13:33:44Z,251,449,501,58.57,26.08,989.74 
05/11/2021T13:34:15Z,249,447,503,58.64,26.05,989.74 
05/11/2021T13:34:46Z,244,444,503,58.51,26.04,989.78 
05/11/2021T13:35:16Z,247,448,513,58.48,26.09,989.77 
05/11/2021T13:35:47Z,247,445,504,58.47,26.16,989.76 
05/11/2021T13:36:17Z,246,442,497,58.50,26.17,989.74 
05/11/2021T13:36:48Z,247,440,493,58.52,26.22,989.73 
05/11/2021T13:37:19Z,247,437,492,58.35,26.19,989.79 
05/11/2021T13:37:49Z,243,439,494,58.22,26.15,989.84 
05/11/2021T13:38:20Z,245,442,500,58.59,26.18,989.71 
05/11/2021T13:38:51Z,241,432,486,58.30,26.19,989.81 
05/11/2021T13:39:21Z,243,431,483,58.35,26.22,989.80 
05/11/2021T13:39:52Z,242,428,487,58.12,26.24,989.87 
05/11/2021T13:40:23Z,319,580,632,57.78,26.07,989.97 
05/11/2021T13:40:53Z,252,442,495,58.75,26.09,989.69 
05/11/2021T13:41:24Z,257,464,527,58.15,26.11,989.84 
05/11/2021T13:41:54Z,251,463,526,58.17,26.09,989.85 
05/11/2021T13:42:25Z,252,461,525,58.14,26.10,989.84 
05/11/2021T13:42:55Z,256,460,516,57.99,26.10,989.87 
05/11/2021T13:43:26Z,258,467,517,58.37,26.06,989.77 
05/11/2021T13:43:56Z,255,464,515,58.85,26.07,989.64 
05/11/2021T13:44:27Z,257,467,521,58.70,26.10,989.68 
05/11/2021T13:44:57Z,257,465,523,58.56,26.13,989.72 
05/11/2021T13:45:28Z,250,455,511,57.96,26.12,989.89 
05/11/2021T13:45:59Z,251,459,516,58.15,26.10,989.84 
05/11/2021T13:46:29Z,251,451,509,58.16,26.11,989.82 
05/11/2021T13:47:00Z,249,453,511,58.21,26.08,989.82 
05/11/2021T13:47:31Z,249,457,515,58.25,26.09,989.81 
05/11/2021T13:48:01Z,253,451,499,58.56,26.10,989.72 
05/11/2021T13:48:31Z,248,448,503,58.31,26.07,989.80 
05/11/2021T13:49:02Z,247,457,517,58.50,26.07,989.76 
05/11/2021T13:49:32Z,245,449,504,58.29,26.11,989.82 
05/11/2021T13:50:03Z,253,447,507,58.56,26.15,989.74 
05/11/2021T13:50:33Z,249,438,493,58.83,26.15,989.65 
05/11/2021T13:51:04Z,250,445,497,59.11,26.13,989.61 
05/11/2021T13:51:34Z,250,449,503,59.38,26.06,989.58 
05/11/2021T13:52:04Z,257,453,511,59.21,26.07,989.65 
05/11/2021T13:52:35Z,256,461,510,59.22,26.09,989.65 
05/11/2021T13:53:05Z,266,475,523,58.96,26.10,989.72 
05/11/2021T13:53:35Z,273,491,544,58.98,26.09,989.73 
05/11/2021T13:54:05Z,272,487,546,59.11,26.13,989.69 
05/11/2021T13:54:35Z,270,490,546,58.91,26.14,989.73 
05/11/2021T13:55:05Z,270,496,552,58.79,26.13,989.79 
05/11/2021T13:55:36Z,284,524,587,58.68,26.11,989.82 
05/11/2021T13:56:06Z,299,549,611,58.89,26.05,989.78 
05/11/2021T13:56:36Z,312,561,635,58.87,26.04,989.77 
05/11/2021T13:57:07Z,311,578,664,58.74,26.01,989.83 
05/11/2021T13:57:38Z,305,564,631,58.84,25.98,989.79 
05/11/2021T13:58:09Z,312,562,637,58.92,25.97,989.76 
05/11/2021T13:58:39Z,298,543,617,59.06,25.94,989.71 
05/11/2021T13:59:09Z,295,547,613,59.12,25.91,989.70 
05/11/2021T13:59:40Z,292,522,576,59.10,25.97,989.70 
05/11/2021T14:00:10Z,289,528,588,59.00,26.01,989.71 
05/11/2021T14:00:41Z,283,531,597,58.87,25.99,989.76 
05/11/2021T14:01:11Z,280,512,576,59.18,25.94,989.67 
05/11/2021T14:01:42Z,284,517,579,59.40,25.98,989.64 
05/11/2021T14:02:13Z,283,514,570,59.17,26.00,989.70 
05/11/2021T14:02:43Z,282,523,586,58.94,26.04,989.77 
05/11/2021T14:03:14Z,279,518,579,58.87,26.03,989.78 
05/11/2021T14:03:45Z,287,519,571,58.98,25.98,989.75 
05/11/2021T14:04:15Z,284,517,582,59.09,26.02,989.72 
05/11/2021T14:04:46Z,280,515,569,59.28,25.99,989.68 
05/11/2021T14:05:16Z,290,528,589,59.18,25.98,989.71 
05/11/2021T14:05:47Z,287,527,584,59.18,25.91,989.72 
05/11/2021T14:06:17Z,282,528,592,59.41,25.93,989.67 
05/11/2021T14:06:48Z,280,517,577,59.20,26.00,989.70 
05/11/2021T14:07:19Z,280,515,565,58.99,26.06,989.74 
05/11/2021T14:07:49Z,278,507,561,59.06,26.02,989.72 
05/11/2021T14:08:20Z,278,507,562,59.15,26.07,989.68 
05/11/2021T14:08:51Z,272,496,546,59.09,26.07,989.70 
05/11/2021T14:09:22Z,273,499,569,59.12,26.05,989.70 
05/11/2021T14:09:53Z,276,495,555,59.29,26.08,989.66 
05/11/2021T14:10:23Z,270,488,546,59.33,26.12,989.65 
05/11/2021T14:10:53Z,268,492,552,59.20,26.15,989.67 
05/11/2021T14:11:23Z,268,490,551,58.84,26.16,989.77 
05/11/2021T14:11:53Z,266,477,531,58.76,26.13,989.80 
05/11/2021T14:12:23Z,264,481,536,59.04,26.08,989.73 
05/11/2021T14:12:54Z,263,480,538,58.96,26.08,989.77 
05/11/2021T14:13:24Z,263,477,534,59.28,26.07,989.70 
05/11/2021T14:13:54Z,261,480,536,59.16,26.03,989.73 
05/11/2021T14:14:24Z,261,481,536,58.94,25.92,989.80 
05/11/2021T14:14:55Z,264,486,559,59.25,25.97,989.73 
05/11/2021T14:15:25Z,264,486,546,59.09,26.03,989.76 
05/11/2021T14:15:55Z,264,475,526,58.96,26.08,989.78 
05/11/2021T14:16:25Z,265,484,546,59.00,26.13,989.75 
05/11/2021T14:16:56Z,266,489,553,58.76,26.13,989.82 
05/11/2021T14:17:26Z,262,486,547,58.80,26.15,989.81 
05/11/2021T14:17:56Z,264,482,536,58.70,26.16,989.85 
05/11/2021T14:18:26Z,264,482,537,58.45,26.17,989.91 
05/11/2021T14:18:57Z,262,486,542,58.22,26.17,989.98 
05/11/2021T14:19:27Z,264,478,535,58.42,26.05,989.93 
05/11/2021T14:19:57Z,260,475,530,58.69,26.10,989.84 
05/11/2021T14:20:28Z,261,476,546,58.51,26.12,989.90 
05/11/2021T14:20:58Z,261,480,538,58.34,26.13,989.95 
05/11/2021T14:21:28Z,260,474,537,58.20,26.14,990.00 
05/11/2021T14:21:59Z,256,476,534,58.55,26.09,989.93 
05/11/2021T14:22:30Z,257,466,516,58.59,26.10,989.93 
05/11/2021T14:23:01Z,255,466,526,58.69,26.11,989.91 
05/11/2021T14:23:31Z,251,465,526,58.55,26.14,989.94 
05/11/2021T14:24:01Z,255,461,516,58.21,26.15,990.02 
05/11/2021T14:24:32Z,257,460,522,58.10,26.15,990.06 
05/11/2021T14:25:02Z,254,457,512,57.86,26.14,990.12 
05/11/2021T14:25:33Z,254,459,507,57.73,26.10,990.14 
05/11/2021T14:26:04Z,252,454,507,58.00,26.09,990.07 
05/11/2021T14:26:34Z,253,458,512,58.09,26.10,990.02 
05/11/2021T14:27:05Z,254,458,514,57.57,26.08,990.19 
05/11/2021T14:27:35Z,251,460,518,57.34,26.02,990.26 
05/11/2021T14:28:06Z,249,450,514,57.32,26.01,990.26 
05/11/2021T14:28:36Z,247,454,503,57.38,25.98,990.24 
05/11/2021T14:29:07Z,250,447,505,57.46,26.00,990.19 
05/11/2021T14:29:37Z,252,461,522,57.52,26.02,990.17 
05/11/2021T14:30:08Z,256,463,517,57.40,26.04,990.19 
05/11/2021T14:30:38Z,256,464,513,57.29,26.06,990.23 
05/11/2021T14:31:09Z,256,461,519,57.41,26.10,990.19 
05/11/2021T14:31:39Z,253,463,530,57.43,26.12,990.18 
05/11/2021T14:32:10Z,253,459,533,57.40,26.14,990.18 
05/11/2021T14:32:40Z,254,467,522,57.17,26.17,990.25 
05/11/2021T14:33:11Z,257,468,531,57.32,26.14,990.21 
05/11/2021T14:33:41Z,257,472,523,57.46,26.13,990.15 
05/11/2021T14:34:12Z,255,469,523,57.35,26.14,990.20 
05/11/2021T14:34:42Z,258,473,542,57.13,26.16,990.28 
05/11/2021T14:35:13Z,262,473,543,57.16,26.15,990.26 
05/11/2021T14:35:43Z,256,463,523,57.19,26.19,990.25 
05/11/2021T14:36:14Z,262,481,539,57.07,26.20,990.29 
05/11/2021T14:36:44Z,263,475,534,56.83,26.13,990.37 
05/11/2021T14:37:15Z,260,475,541,57.25,26.11,990.26 
05/11/2021T14:37:45Z,257,473,533,57.16,26.09,990.30 
05/11/2021T14:38:15Z,255,465,531,57.34,26.04,990.26 
05/11/2021T14:38:46Z,260,471,531,57.10,26.04,990.33 
05/11/2021T14:39:16Z,256,467,521,56.87,26.04,990.42 
05/11/2021T14:39:47Z,261,484,549,56.58,25.99,990.54 
05/11/2021T14:40:17Z,260,477,539,56.81,25.94,990.47 
05/11/2021T14:40:47Z,257,478,530,57.13,25.93,990.33 
05/11/2021T14:41:18Z,256,468,527,57.33,25.95,990.24 
05/11/2021T14:41:48Z,257,468,531,57.20,25.97,990.27 
05/11/2021T14:42:19Z,259,479,545,57.08,26.00,990.30 
05/11/2021T14:42:49Z,258,474,546,56.79,26.00,990.41 
05/11/2021T14:43:19Z,258,479,547,56.74,26.02,990.39 
05/11/2021T14:43:50Z,255,470,531,56.69,26.09,990.38 
05/11/2021T14:44:20Z,260,470,527,56.59,26.05,990.42 
05/11/2021T14:44:51Z,265,478,546,56.74,26.01,990.36 
05/11/2021T14:45:21Z,263,481,538,56.74,25.96,990.37 
05/11/2021T14:45:51Z,263,489,560,56.79,25.94,990.34 
05/11/2021T14:46:22Z,257,498,577,56.84,25.94,990.32 
05/11/2021T14:46:52Z,259,479,542,56.99,25.99,990.24 
05/11/2021T14:47:22Z,261,477,530,57.29,25.97,990.13 
05/11/2021T14:47:53Z,261,482,543,57.14,25.98,990.16 
05/11/2021T14:48:23Z,260,485,542,56.99,26.00,990.20 
05/11/2021T14:48:54Z,257,481,538,57.23,26.05,990.11 
05/11/2021T14:49:24Z,262,476,533,56.94,26.10,990.19 
05/11/2021T14:49:55Z,261,484,544,56.96,26.09,990.20 
05/11/2021T14:50:25Z,261,483,539,57.13,26.05,990.14 
05/11/2021T14:50:55Z,260,477,540,56.98,26.07,990.19 
05/11/2021T14:51:26Z,259,472,536,56.97,26.12,990.17 
05/11/2021T14:51:56Z,258,483,534,57.14,26.09,990.13 
05/11/2021T14:52:26Z,265,482,536,57.39,26.07,990.05 
05/11/2021T14:52:56Z,260,476,527,57.39,26.00,990.07 
05/11/2021T14:53:27Z,268,492,551,57.38,26.00,990.08 
05/11/2021T14:53:57Z,271,503,562,57.46,26.01,990.06 
05/11/2021T14:54:27Z,274,507,573,57.52,25.91,990.06 
05/11/2021T14:54:57Z,266,497,557,57.91,25.95,989.94 
05/11/2021T14:55:28Z,270,503,559,57.90,25.94,989.94 
05/11/2021T14:55:58Z,269,501,561,58.03,25.90,989.92 
05/11/2021T14:56:28Z,265,492,552,57.83,25.96,989.96 
05/11/2021T14:56:59Z,268,507,564,57.70,25.97,990.00 
05/11/2021T14:57:29Z,268,494,559,57.52,25.97,990.07 
05/11/2021T14:57:59Z,269,495,553,57.61,26.00,990.03 
05/11/2021T14:58:29Z,275,513,584,57.39,25.98,990.11 
05/11/2021T14:59:00Z,282,521,582,57.51,25.96,990.07 
05/11/2021T14:59:31Z,275,525,588,57.57,25.95,990.04 
05/11/2021T15:00:01Z,287,526,595,57.66,25.92,990.03 
05/11/2021T15:00:32Z,276,504,560,57.80,25.93,989.97 
05/11/2021T15:01:03Z,274,507,569,57.48,25.97,990.09 
05/11/2021T15:01:34Z,271,503,565,57.42,25.97,990.11 
05/11/2021T15:02:04Z,271,498,555,57.41,25.93,990.14 
05/11/2021T15:02:34Z,265,489,560,57.35,25.91,990.15 
05/11/2021T15:03:04Z,269,484,539,57.37,25.83,990.20 
05/11/2021T15:03:34Z,269,490,548,57.39,25.82,990.20 
05/11/2021T15:04:05Z,264,485,557,57.44,25.85,990.16 
05/11/2021T15:04:35Z,266,496,561,57.49,25.88,990.11 
05/11/2021T15:05:05Z,272,505,567,57.34,25.91,990.15 
05/11/2021T15:05:36Z,272,517,584,57.51,25.84,990.13 
05/11/2021T15:06:06Z,274,508,568,58.09,25.88,989.91 
05/11/2021T15:06:37Z,275,506,564,57.40,25.91,990.12 
05/11/2021T15:07:07Z,268,507,566,57.57,25.94,990.08 
05/11/2021T15:07:38Z,269,501,558,57.58,25.96,990.07 
05/11/2021T15:08:09Z,280,512,575,57.30,26.00,990.14 
05/11/2021T15:08:40Z,275,511,570,57.12,26.00,990.21 
05/11/2021T15:09:11Z,274,510,580,57.23,25.99,990.16 
05/11/2021T15:09:41Z,273,502,563,57.17,26.00,990.18 
05/11/2021T15:10:12Z,270,505,561,57.02,25.96,990.23 
05/11/2021T15:10:42Z,263,494,558,57.42,25.91,990.13 
05/11/2021T15:11:12Z,266,492,551,57.43,25.91,990.11 
05/11/2021T15:11:42Z,271,496,554,57.14,25.92,990.20 
05/11/2021T15:12:13Z,265,489,545,57.10,25.94,990.20 
05/11/2021T15:12:43Z,263,486,547,56.99,25.95,990.23 
05/11/2021T15:13:14Z,264,488,549,57.17,25.98,990.15 
05/11/2021T15:13:44Z,265,485,541,57.02,26.01,990.18 
05/11/2021T15:14:14Z,265,489,545,57.16,26.04,990.13 
05/11/2021T15:14:45Z,265,481,530,56.72,26.04,990.28 
05/11/2021T15:15:15Z,264,487,554,56.80,26.04,990.25 
05/11/2021T15:15:45Z,265,487,543,56.81,26.06,990.23 
05/11/2021T15:16:16Z,266,491,548,56.37,25.92,990.41 
05/11/2021T15:16:46Z,265,490,550,57.00,25.90,990.19 
05/11/2021T15:17:16Z,266,489,557,56.97,25.91,990.19 
05/11/2021T15:17:46Z,264,492,550,56.81,25.91,990.25 
05/11/2021T15:18:16Z,266,486,548,57.17,25.86,990.13 
05/11/2021T15:18:47Z,264,481,542,56.99,25.89,990.18 
05/11/2021T15:19:17Z,261,489,545,56.82,25.87,990.27 
05/11/2021T15:19:48Z,264,483,535,56.89,25.90,990.23 
05/11/2021T15:20:18Z,261,481,542,56.74,25.88,990.30 
05/11/2021T15:20:49Z,262,481,552,56.63,25.92,990.33 
05/11/2021T15:21:19Z,261,481,541,56.50,25.94,990.37 
05/11/2021T15:21:49Z,264,479,546,56.40,25.93,990.40 
05/11/2021T15:22:20Z,261,485,537,56.37,25.92,990.41 
05/11/2021T15:22:50Z,260,479,537,56.46,25.93,990.37 
05/11/2021T15:23:20Z,264,483,536,56.44,25.95,990.36 
05/11/2021T15:23:51Z,260,480,538,56.51,25.94,990.34 
05/11/2021T15:24:21Z,255,484,545,56.46,25.87,990.38 
05/11/2021T15:24:52Z,257,472,536,56.49,25.90,990.37 
05/11/2021T15:25:22Z,261,466,526,56.60,25.90,990.32 
05/11/2021T15:25:53Z,267,481,538,56.27,25.86,990.45 
05/11/2021T15:26:23Z,259,471,527,56.57,25.83,990.37 
05/11/2021T15:26:54Z,257,482,541,56.69,25.83,990.31 
05/11/2021T15:27:24Z,260,475,527,56.65,25.82,990.33 
05/11/2021T15:27:55Z,255,473,529,56.52,25.83,990.35 
05/11/2021T15:28:25Z,260,484,536,56.47,25.81,990.38 
05/11/2021T15:28:55Z,259,477,537,56.74,25.79,990.29 
05/11/2021T15:29:26Z,260,479,533,56.73,25.77,990.29 
05/11/2021T15:29:56Z,254,478,536,56.35,25.77,990.43 
05/11/2021T15:30:27Z,261,476,524,56.25,25.74,990.47 
05/11/2021T15:30:57Z,259,474,533,56.07,25.71,990.53 
05/11/2021T15:31:28Z,257,481,541,56.11,25.59,990.54 
05/11/2021T15:31:58Z,258,487,546,56.56,25.56,990.40 
05/11/2021T15:32:29Z,254,478,537,56.75,25.56,990.32 
05/11/2021T15:32:59Z,260,472,535,57.06,25.44,990.26 
05/11/2021T15:33:30Z,261,482,547,57.60,25.48,990.08 
05/11/2021T15:34:01Z,254,473,542,57.33,25.55,990.14 
05/11/2021T15:34:31Z,260,482,554,57.21,25.54,990.20 
05/11/2021T15:35:02Z,259,485,549,56.96,25.55,990.27 
05/11/2021T15:35:32Z,255,474,539,56.86,25.52,990.33 
05/11/2021T15:36:03Z,261,475,534,56.93,25.48,990.30 
05/11/2021T15:36:33Z,259,477,536,56.96,25.53,990.27 
05/11/2021T15:37:03Z,260,480,542,56.77,25.49,990.35 
05/11/2021T15:37:34Z,262,490,550,56.73,25.47,990.38 
05/11/2021T15:38:04Z,259,472,530,57.07,25.48,990.26 
05/11/2021T15:38:34Z,258,486,544,56.94,25.49,990.29 
05/11/2021T15:39:05Z,258,489,550,57.05,25.54,990.25 
05/11/2021T15:39:35Z,261,479,541,56.78,25.53,990.35 
05/11/2021T15:40:05Z,263,482,541,56.87,25.49,990.33 
05/11/2021T15:40:36Z,261,482,552,57.16,25.48,990.23 
05/11/2021T15:41:06Z,260,488,556,57.16,25.49,990.22 
05/11/2021T15:41:37Z,257,484,542,57.02,25.51,990.25 
05/11/2021T15:42:07Z,264,483,536,56.87,25.50,990.32 
05/11/2021T15:42:37Z,262,486,546,57.09,25.48,990.25 
05/11/2021T15:43:08Z,262,489,551,56.89,25.46,990.33 
05/11/2021T15:43:38Z,259,478,535,56.98,25.44,990.31 
05/11/2021T15:44:08Z,260,480,543,56.93,25.46,990.32 
05/11/2021T15:44:39Z,266,491,547,56.95,25.42,990.33 
05/11/2021T15:45:09Z,263,493,544,56.91,25.46,990.32 
05/11/2021T15:45:39Z,265,502,566,56.58,25.50,990.43 
05/11/2021T15:46:09Z,267,491,555,56.81,25.48,990.38 
05/11/2021T15:46:40Z,268,500,546,56.98,25.48,990.31 
05/11/2021T15:47:10Z,265,491,541,57.06,25.48,990.28 
05/11/2021T15:47:40Z,268,500,562,57.29,25.54,990.19 
05/11/2021T15:48:10Z,267,500,567,56.91,25.56,990.31 
05/11/2021T15:48:40Z,268,496,556,56.90,25.57,990.33 
05/11/2021T15:49:10Z,267,499,559,56.81,25.63,990.35 
05/11/2021T15:49:41Z,274,519,587,56.65,25.61,990.41 
05/11/2021T15:50:12Z,278,518,590,56.78,25.58,990.37 
05/11/2021T15:50:43Z,280,518,587,56.87,25.55,990.35 
05/11/2021T15:51:13Z,275,520,585,57.04,25.53,990.30 
05/11/2021T15:51:43Z,277,522,590,57.08,25.53,990.28 
05/11/2021T15:52:14Z,279,523,593,57.00,25.56,990.31 
05/11/2021T15:52:45Z,278,520,583,56.94,25.58,990.31 
05/11/2021T15:53:15Z,279,521,597,56.95,25.60,990.31 
05/11/2021T15:53:46Z,275,521,584,57.05,25.61,990.28 
05/11/2021T15:54:17Z,278,516,581,57.05,25.63,990.28 
05/11/2021T15:54:47Z,278,525,593,56.79,25.66,990.36 
05/11/2021T15:55:18Z,283,526,585,56.80,25.69,990.35 
05/11/2021T15:55:49Z,285,537,606,56.75,25.66,990.38 
05/11/2021T15:56:19Z,284,531,599,56.97,25.67,990.32 
05/11/2021T15:56:50Z,283,542,610,56.89,25.68,990.33 
05/11/2021T15:57:20Z,288,546,611,57.07,25.69,990.26 
05/11/2021T15:57:51Z,288,551,623,57.43,25.71,990.14 
05/11/2021T15:58:21Z,283,543,611,57.31,25.73,990.18 
05/11/2021T15:58:52Z,283,553,625,57.26,25.73,990.22 
05/11/2021T15:59:22Z,296,572,643,56.96,25.70,990.32 
05/11/2021T15:59:52Z,293,571,647,57.57,25.71,990.13 
05/11/2021T16:00:23Z,290,569,635,57.51,25.75,990.15 
05/11/2021T16:00:53Z,291,560,627,56.78,25.73,990.39 
05/11/2021T16:01:24Z,295,564,643,57.18,25.72,990.28 
05/11/2021T16:01:54Z,286,556,618,56.76,25.72,990.41 
05/11/2021T16:02:25Z,287,554,643,57.29,25.73,990.27 
05/11/2021T16:02:55Z,281,549,632,56.95,25.74,990.36 
05/11/2021T16:03:26Z,284,541,607,56.90,25.69,990.40 
05/11/2021T16:03:56Z,283,538,616,57.23,25.65,990.32 
05/11/2021T16:04:27Z,280,538,597,57.56,25.64,990.20 
05/11/2021T16:04:58Z,280,539,617,57.07,25.65,990.35 
05/11/2021T16:05:29Z,276,525,601,56.73,25.64,990.49 
05/11/2021T16:05:59Z,275,516,581,56.87,25.64,990.45 
05/11/2021T16:06:30Z,275,523,585,56.80,25.62,990.47 
05/11/2021T16:07:01Z,276,520,584,56.68,25.58,990.54 
05/11/2021T16:07:31Z,273,513,580,56.94,25.43,990.49 
05/11/2021T16:08:02Z,272,511,576,57.31,25.45,990.35 
05/11/2021T16:08:33Z,272,519,587,57.19,25.50,990.37 
05/11/2021T16:09:04Z,273,505,571,56.96,25.54,990.44 
05/11/2021T16:09:34Z,275,511,568,56.80,25.53,990.52 
05/11/2021T16:10:04Z,270,511,576,56.71,25.58,990.53 
05/11/2021T16:10:34Z,275,508,571,56.74,25.55,990.53 
05/11/2021T16:11:05Z,268,507,565,56.65,25.55,990.56 
05/11/2021T16:11:35Z,270,515,571,56.56,25.51,990.61 
05/11/2021T16:12:05Z,275,514,582,56.77,25.52,990.53 
05/11/2021T16:12:36Z,278,525,585,56.51,25.51,990.61 
05/11/2021T16:13:07Z,273,517,581,56.62,25.51,990.57 
05/11/2021T16:13:38Z,273,525,596,56.80,25.53,990.50 
05/11/2021T16:14:08Z,273,523,592,56.55,25.56,990.56 
05/11/2021T16:14:38Z,275,536,606,56.66,25.59,990.51 
05/11/2021T16:15:09Z,280,538,620,56.49,25.62,990.57 
05/11/2021T16:15:40Z,274,531,597,56.35,25.62,990.63 
05/11/2021T16:16:11Z,278,554,635,56.56,25.63,990.57 
05/11/2021T16:16:41Z,278,549,631,56.54,25.63,990.56 
05/11/2021T16:17:11Z,270,522,588,56.47,25.64,990.56 
05/11/2021T16:17:42Z,269,514,583,56.35,25.64,990.62 
05/11/2021T16:18:12Z,269,508,572,56.28,25.64,990.65 
05/11/2021T16:18:43Z,266,500,557,56.22,25.63,990.67 
05/11/2021T16:19:13Z,270,504,562,56.27,25.64,990.67 
05/11/2021T16:19:43Z,270,500,557,56.16,25.62,990.71 
05/11/2021T16:20:13Z,261,496,557,56.23,25.61,990.66 
05/11/2021T16:20:43Z,264,500,560,56.12,25.59,990.70 
05/11/2021T16:21:14Z,266,504,564,56.12,25.59,990.70 
05/11/2021T16:21:44Z,269,497,562,55.95,25.55,990.76 
05/11/2021T16:22:14Z,267,495,564,56.09,25.54,990.71 
05/11/2021T16:22:44Z,265,502,569,56.09,25.49,990.72 
05/11/2021T16:23:14Z,265,498,565,56.26,25.48,990.66 
05/11/2021T16:23:45Z,267,499,556,56.20,25.52,990.66 
05/11/2021T16:24:15Z,269,507,565,55.91,25.50,990.76 
05/11/2021T16:24:45Z,271,501,565,55.90,25.41,990.79 
05/11/2021T16:25:15Z,266,502,570,55.96,25.40,990.77 
05/11/2021T16:25:45Z,268,511,576,56.02,25.38,990.75 
05/11/2021T16:26:15Z,272,501,551,55.86,25.33,990.79 
05/11/2021T16:26:45Z,273,515,572,56.20,25.29,990.70 
05/11/2021T16:27:16Z,273,510,583,56.14,25.27,990.71 
05/11/2021T16:27:47Z,273,530,592,56.41,25.23,990.63 
05/11/2021T16:28:18Z,272,524,605,56.38,25.20,990.64 
05/11/2021T16:28:48Z,268,517,583,56.42,25.22,990.61 
05/11/2021T16:29:18Z,272,514,577,56.36,25.24,990.62 
05/11/2021T16:29:49Z,268,517,579,56.25,25.29,990.67 
05/11/2021T16:30:19Z,272,526,590,56.10,25.36,990.73 
05/11/2021T16:30:50Z,270,516,597,55.98,25.41,990.75 
05/11/2021T16:31:20Z,271,516,569,55.87,25.45,990.79 
05/11/2021T16:31:50Z,269,516,582,55.74,25.50,990.83 
05/11/2021T16:32:20Z,268,514,576,55.64,25.53,990.86 
05/11/2021T16:32:50Z,270,509,573,55.55,25.56,990.88 
05/11/2021T16:33:20Z,272,514,586,55.48,25.59,990.90 
05/11/2021T16:33:51Z,274,512,578,55.42,25.61,990.90 
05/11/2021T16:34:21Z,270,510,574,55.40,25.63,990.91 
05/11/2021T16:34:51Z,267,517,581,55.34,25.66,990.94 
05/11/2021T16:35:21Z,268,509,573,55.30,25.68,990.94 
05/11/2021T16:35:51Z,267,504,567,55.31,25.68,990.93 
05/11/2021T16:36:21Z,269,513,573,55.33,25.69,990.93 
05/11/2021T16:36:52Z,272,510,583,55.33,25.70,990.92 
05/11/2021T16:37:22Z,269,504,571,55.32,25.71,990.93 
05/11/2021T16:37:52Z,269,511,583,55.31,25.72,990.93 
05/11/2021T16:38:23Z,269,502,562,55.35,25.72,990.90 
05/11/2021T16:38:53Z,272,504,565,55.40,25.71,990.89 
05/11/2021T16:39:23Z,272,505,573,55.43,25.70,990.87 
05/11/2021T16:39:53Z,272,495,557,55.45,25.70,990.87 
05/11/2021T16:40:23Z,265,500,551,55.50,25.69,990.85 
05/11/2021T16:40:53Z,270,518,563,55.55,25.69,990.83 
05/11/2021T16:41:23Z,269,503,566,55.59,25.68,990.83 
05/11/2021T16:41:53Z,270,504,554,55.62,25.68,990.82 
05/11/2021T16:42:24Z,270,514,566,55.65,25.68,990.81 
05/11/2021T16:42:54Z,271,499,553,55.69,25.67,990.78 
05/11/2021T16:43:24Z,271,500,548,55.69,25.68,990.80 
05/11/2021T16:43:55Z,272,504,567,55.73,25.67,990.79 
05/11/2021T16:44:25Z,267,503,563,55.73,25.67,990.78 
05/11/2021T16:44:55Z,271,505,566,55.76,25.66,990.77 
05/11/2021T16:45:25Z,269,502,567,55.77,25.66,990.76 
05/11/2021T16:45:55Z,269,503,563,55.81,25.66,990.75 
05/11/2021T16:46:25Z,268,500,559,55.80,25.66,990.75 
05/11/2021T16:46:55Z,268,496,547,55.79,25.66,990.78 
05/11/2021T16:47:26Z,267,508,567,55.88,25.64,990.74 
05/11/2021T16:47:56Z,270,496,553,55.96,25.64,990.71 
05/11/2021T16:48:26Z,270,499,555,55.90,25.64,990.73 
05/11/2021T16:48:56Z,271,497,554,55.90,25.64,990.75 
05/11/2021T16:49:26Z,271,502,554,55.98,25.63,990.72 
05/11/2021T16:49:57Z,268,500,557,56.03,25.63,990.70 
05/11/2021T16:50:27Z,265,497,553,56.10,25.62,990.68 
05/11/2021T16:50:57Z,269,496,550,56.01,25.62,990.72 
05/11/2021T16:51:27Z,270,512,568,56.10,25.62,990.68 
05/11/2021T16:51:57Z,270,500,552,56.09,25.62,990.67 
05/11/2021T16:52:27Z,268,507,569,56.09,25.62,990.67 
05/11/2021T16:52:58Z,266,497,560,56.07,25.62,990.68 
05/11/2021T16:53:28Z,268,491,559,56.14,25.61,990.66 
05/11/2021T16:53:58Z,267,491,547,56.20,25.59,990.62 
05/11/2021T16:54:29Z,267,494,550,56.33,25.59,990.56 
05/11/2021T16:54:59Z,264,500,558,56.48,25.57,990.50 
05/11/2021T16:55:29Z,269,500,559,56.46,25.56,990.50 
05/11/2021T16:55:59Z,266,492,554,56.38,25.56,990.54 
05/11/2021T16:56:29Z,266,508,567,56.47,25.56,990.50 
05/11/2021T16:57:00Z,269,499,556,56.41,25.56,990.53 
05/11/2021T16:57:30Z,268,507,564,56.42,25.56,990.53 
05/11/2021T16:58:01Z,269,503,560,56.42,25.56,990.51 
05/11/2021T16:58:31Z,268,504,567,56.49,25.55,990.52 
05/11/2021T16:59:01Z,269,495,560,56.54,25.55,990.50 
05/11/2021T16:59:31Z,270,492,555,56.53,25.54,990.52 
05/11/2021T17:00:02Z,268,501,567,56.57,25.54,990.50 
05/11/2021T17:00:32Z,269,499,561,56.56,25.54,990.50 
05/11/2021T17:01:02Z,269,498,564,56.55,25.53,990.51 
05/11/2021T17:01:32Z,267,500,561,56.51,25.52,990.53 
05/11/2021T17:02:02Z,270,497,551,56.51,25.52,990.53 
05/11/2021T17:02:32Z,265,498,545,56.52,25.52,990.53 
05/11/2021T17:03:03Z,268,503,559,56.62,25.51,990.51 
05/11/2021T17:03:33Z,264,492,552,56.56,25.51,990.53 
05/11/2021T17:04:03Z,269,496,565,56.58,25.50,990.54 
05/11/2021T17:04:33Z,268,500,565,56.54,25.51,990.54 
05/11/2021T17:05:03Z,265,501,560,56.61,25.50,990.52 
05/11/2021T17:05:33Z,268,498,561,56.69,25.51,990.47 
05/11/2021T17:06:04Z,267,493,557,56.66,25.50,990.49 
05/11/2021T17:06:34Z,267,486,541,56.58,25.50,990.52 
05/11/2021T17:07:04Z,269,498,548,56.63,25.49,990.50 
05/11/2021T17:07:34Z,266,496,559,56.65,25.49,990.51 
05/11/2021T17:08:04Z,267,504,556,56.57,25.49,990.55 
05/11/2021T17:08:34Z,268,497,544,56.56,25.49,990.55 
05/11/2021T17:09:04Z,270,500,557,56.60,25.48,990.52 
05/11/2021T17:09:35Z,267,502,556,56.57,25.48,990.53 
05/11/2021T17:10:05Z,265,491,546,56.64,25.47,990.51 
05/11/2021T17:10:35Z,266,499,555,56.55,25.47,990.54 
05/11/2021T17:11:05Z,266,499,550,56.63,25.47,990.52 
05/11/2021T17:11:36Z,270,500,560,56.55,25.46,990.55 
05/11/2021T17:12:06Z,265,487,541,56.48,25.46,990.59 
05/11/2021T17:12:36Z,270,492,547,56.50,25.46,990.58 
05/11/2021T17:13:07Z,267,495,550,56.55,25.46,990.57 
05/11/2021T17:13:37Z,270,484,537,56.51,25.46,990.58 
05/11/2021T17:14:07Z,268,499,561,56.52,25.46,990.58 
05/11/2021T17:14:37Z,268,493,556,56.44,25.46,990.62 
05/11/2021T17:15:07Z,267,500,554,56.47,25.46,990.61 
05/11/2021T17:15:38Z,264,493,558,56.48,25.46,990.60 
05/11/2021T17:16:08Z,269,499,563,56.40,25.46,990.63 
05/11/2021T17:16:38Z,267,500,566,56.47,25.46,990.61 
05/11/2021T17:17:08Z,263,494,547,56.55,25.44,990.59 
05/11/2021T17:17:38Z,268,501,561,56.52,25.44,990.60 
05/11/2021T17:18:09Z,266,509,562,56.53,25.44,990.61 
05/11/2021T17:18:39Z,270,508,561,56.48,25.44,990.63 
05/11/2021T17:19:09Z,272,509,575,56.48,25.44,990.64 
05/11/2021T17:19:39Z,270,514,560,56.42,25.44,990.66 
05/11/2021T17:20:10Z,273,515,573,56.46,25.44,990.65 
05/11/2021T17:20:40Z,274,509,567,56.42,25.45,990.68 
05/11/2021T17:21:41Z,274,511,573,56.37,25.45,990.71 
05/11/2021T17:22:12Z,279,513,569,56.35,25.45,990.71 
