07/10/2021T05:05:03Z,103,201,1326,67.00,30.19,986.56 
07/10/2021T05:05:34Z,112,176,193,66.42,30.35,986.58 
07/10/2021T05:06:04Z,114,184,201,65.88,30.50,986.58 
07/10/2021T05:06:33Z,110,168,182,65.33,30.66,986.58 
07/10/2021T05:07:03Z,109,172,184,65.01,30.79,986.54 
07/10/2021T05:07:33Z,111,171,183,64.92,30.90,986.53 
07/10/2021T05:08:04Z,126,200,219,64.41,30.96,986.52 
07/10/2021T05:08:34Z,116,184,198,64.24,31.00,986.53 
07/10/2021T05:09:04Z,105,166,177,63.66,31.04,986.52 
07/10/2021T05:09:35Z,102,161,176,63.47,31.07,986.53 
07/10/2021T05:10:06Z,122,192,207,63.16,31.04,986.52 
07/10/2021T05:10:36Z,111,173,186,63.63,31.06,986.50 
07/10/2021T05:11:07Z,109,170,183,63.73,31.07,986.50 
07/10/2021T05:11:38Z,105,168,181,63.99,31.09,986.51 
07/10/2021T05:12:08Z,105,165,182,63.92,31.15,986.50 
07/10/2021T05:12:38Z,128,206,222,63.33,31.13,986.49 
07/10/2021T05:13:08Z,138,222,236,63.70,31.12,986.49 
07/10/2021T05:13:39Z,142,223,240,63.37,31.11,986.49 
07/10/2021T05:14:09Z,120,192,211,63.87,31.13,986.49 
07/10/2021T05:14:39Z,118,185,200,63.83,31.15,986.49 
07/10/2021T05:15:10Z,132,208,224,63.77,31.18,986.47 
07/10/2021T05:15:40Z,162,265,286,63.72,31.19,986.48 
07/10/2021T05:16:10Z,168,283,305,64.00,31.19,986.47 
07/10/2021T05:16:40Z,163,260,287,64.05,31.21,986.48 
07/10/2021T05:17:11Z,155,249,271,64.04,31.22,986.48 
07/10/2021T05:17:42Z,155,252,272,64.15,31.23,986.48 
07/10/2021T05:18:12Z,159,265,290,64.30,31.26,986.47 
07/10/2021T05:18:42Z,165,272,295,64.30,31.26,986.46 
07/10/2021T05:19:13Z,161,266,290,64.54,31.29,986.44 
07/10/2021T05:19:43Z,232,368,393,64.28,31.31,986.45 
07/10/2021T05:20:14Z,282,448,482,64.20,31.34,986.43 
07/10/2021T05:20:44Z,310,491,518,64.02,31.41,986.44 
07/10/2021T05:21:15Z,350,546,585,64.03,31.44,986.44 
07/10/2021T05:21:46Z,293,454,478,63.73,31.48,986.44 
07/10/2021T05:22:16Z,264,398,428,63.23,31.52,986.41 
07/10/2021T05:22:46Z,226,343,364,62.74,31.52,986.42 
07/10/2021T05:23:17Z,250,398,432,63.13,31.49,986.44 
07/10/2021T05:23:47Z,250,410,445,63.08,31.48,986.45 
07/10/2021T05:24:17Z,212,328,355,63.44,31.48,986.45 
07/10/2021T05:24:48Z,192,300,319,63.09,31.47,986.43 
07/10/2021T05:25:19Z,172,275,301,62.22,31.40,986.43 
07/10/2021T05:25:49Z,189,301,327,63.48,31.41,986.41 
07/10/2021T05:26:20Z,170,261,282,62.80,31.43,986.41 
07/10/2021T05:26:51Z,157,243,263,62.71,31.49,986.39 
07/10/2021T05:27:21Z,156,235,256,62.49,31.52,986.40 
07/10/2021T05:27:51Z,138,207,220,61.57,31.53,986.39 
07/10/2021T05:28:22Z,138,210,227,61.94,31.49,986.34 
07/10/2021T05:28:53Z,142,224,241,62.33,31.45,986.36 
07/10/2021T05:29:23Z,131,209,227,62.29,31.45,986.35 
07/10/2021T05:29:54Z,121,185,197,62.11,31.43,986.34 
07/10/2021T05:30:24Z,121,185,200,61.78,31.40,986.32 
07/10/2021T05:30:54Z,107,166,179,61.46,31.37,986.30 
07/10/2021T05:31:24Z,108,165,175,62.06,31.39,986.31 
07/10/2021T05:31:55Z,124,195,217,62.24,31.41,986.30 
07/10/2021T05:32:25Z,128,205,226,61.81,31.39,986.29 
07/10/2021T05:32:56Z,123,194,213,62.08,31.39,986.29 
07/10/2021T05:33:27Z,109,169,179,61.33,31.42,986.29 
07/10/2021T05:33:57Z,110,171,183,61.32,31.45,986.29 
07/10/2021T05:34:27Z,117,182,194,61.06,31.46,986.28 
07/10/2021T05:34:58Z,115,184,198,60.84,31.44,986.30 
07/10/2021T05:35:29Z,116,183,196,61.03,31.48,986.29 
07/10/2021T05:35:59Z,105,158,172,60.83,31.41,986.30 
07/10/2021T05:36:29Z,111,167,185,61.67,31.41,986.27 
07/10/2021T05:37:00Z,106,163,172,61.55,31.48,986.26 
07/10/2021T05:37:30Z,105,162,172,61.82,31.55,986.26 
07/10/2021T05:38:00Z,99,152,162,61.19,31.61,986.29 
07/10/2021T05:38:31Z,93,142,150,60.86,31.62,986.29 
07/10/2021T05:39:02Z,94,143,153,61.35,31.62,986.26 
07/10/2021T05:39:32Z,98,151,159,61.32,31.61,986.27 
07/10/2021T05:40:02Z,93,141,152,61.55,31.60,986.27 
07/10/2021T05:40:33Z,93,143,155,61.65,31.64,986.26 
07/10/2021T05:41:15Z,89,133,142,61.34,31.67,986.23 
07/10/2021T05:41:45Z,91,136,145,62.00,31.70,986.23 
07/10/2021T05:42:15Z,89,138,147,61.61,31.67,986.25 
07/10/2021T05:42:45Z,89,137,149,61.52,31.66,986.24 
07/10/2021T05:43:15Z,85,125,136,60.73,31.63,986.24 
07/10/2021T05:43:46Z,86,128,140,61.22,31.66,986.21 
07/10/2021T05:44:17Z,88,137,154,61.62,31.69,986.18 
07/10/2021T05:44:47Z,89,135,143,61.73,31.67,986.21 
07/10/2021T05:45:17Z,91,136,148,61.92,31.72,986.18 
07/10/2021T05:45:47Z,88,135,144,61.40,31.74,986.20 
07/10/2021T05:46:18Z,89,136,145,61.98,31.74,986.22 
07/10/2021T05:46:48Z,91,136,147,61.81,31.76,986.20 
07/10/2021T05:47:19Z,88,133,142,61.06,31.75,986.20 
07/10/2021T05:47:49Z,84,126,136,60.30,31.69,986.23 
07/10/2021T05:48:20Z,88,133,143,61.29,31.68,986.18 
07/10/2021T05:48:50Z,89,134,141,61.09,31.65,986.20 
07/10/2021T05:49:21Z,90,134,139,61.18,31.59,986.21 
07/10/2021T05:49:52Z,92,138,147,61.70,31.59,986.20 
07/10/2021T05:50:22Z,91,136,149,61.95,31.61,986.21 
07/10/2021T05:50:52Z,94,141,150,61.98,31.61,986.20 
07/10/2021T05:51:23Z,94,142,151,62.21,31.62,986.19 
07/10/2021T05:51:53Z,95,143,152,62.10,31.59,986.20 
07/10/2021T05:52:23Z,94,143,156,62.30,31.61,986.18 
07/10/2021T05:52:54Z,92,140,149,62.09,31.63,986.17 
07/10/2021T05:53:25Z,94,144,156,62.33,31.63,986.18 
07/10/2021T05:53:55Z,91,140,152,62.63,31.64,986.18 
07/10/2021T05:54:26Z,93,141,150,62.36,31.63,986.18 
07/10/2021T05:54:56Z,89,138,151,61.80,31.60,986.18 
07/10/2021T05:55:26Z,95,145,154,61.80,31.58,986.18 
07/10/2021T05:55:57Z,93,142,155,61.53,31.61,986.16 
07/10/2021T05:56:28Z,94,139,151,61.19,31.63,986.13 
07/10/2021T05:56:58Z,93,140,154,61.17,31.64,986.12 
07/10/2021T05:57:29Z,92,138,150,60.70,31.63,986.11 
07/10/2021T05:58:00Z,90,138,150,60.72,31.64,986.08 
07/10/2021T05:58:31Z,93,143,149,60.74,31.61,986.11 
07/10/2021T05:59:01Z,92,138,150,60.55,31.62,986.10 
07/10/2021T05:59:32Z,93,143,155,60.63,31.62,986.13 
07/10/2021T06:00:03Z,101,153,162,60.46,31.63,986.12 
07/10/2021T06:00:34Z,101,152,163,60.50,31.62,986.12 
07/10/2021T06:01:04Z,102,156,168,60.13,31.61,986.14 
07/10/2021T06:01:34Z,97,147,160,59.81,31.57,986.12 
07/10/2021T06:02:05Z,97,148,159,60.55,31.57,986.09 
07/10/2021T06:02:35Z,95,144,152,60.24,31.58,986.10 
07/10/2021T06:03:05Z,95,144,152,60.33,31.58,986.08 
07/10/2021T06:03:36Z,96,150,161,60.12,31.56,986.11 
07/10/2021T06:04:07Z,97,147,156,60.47,31.54,986.10 
07/10/2021T06:04:37Z,99,148,158,60.75,31.49,986.10 
07/10/2021T06:05:08Z,94,142,152,60.43,31.48,986.12 
07/10/2021T06:05:38Z,90,139,151,60.89,31.50,986.11 
07/10/2021T06:06:08Z,91,136,147,60.48,31.52,986.11 
07/10/2021T06:06:39Z,93,140,149,61.08,31.51,986.07 
07/10/2021T06:07:10Z,94,144,153,60.47,31.46,986.08 
07/10/2021T06:07:41Z,91,142,152,61.31,31.44,986.07 
07/10/2021T06:08:11Z,95,149,161,61.26,31.44,986.05 
07/10/2021T06:08:42Z,99,148,162,61.25,31.41,986.06 
07/10/2021T06:09:13Z,99,153,162,61.51,31.45,986.08 
07/10/2021T06:09:44Z,94,145,155,61.29,31.53,986.06 
07/10/2021T06:10:15Z,88,136,143,60.37,31.52,986.08 
07/10/2021T06:10:45Z,92,139,150,61.11,31.58,986.07 
07/10/2021T06:11:16Z,95,146,156,60.39,31.61,986.07 
07/10/2021T06:11:46Z,93,143,153,59.93,31.55,986.06 
07/10/2021T06:12:17Z,95,141,153,60.12,31.54,986.05 
07/10/2021T06:12:47Z,94,144,156,61.02,31.54,986.03 
07/10/2021T06:13:18Z,97,148,156,61.48,31.59,985.99 
07/10/2021T06:13:49Z,98,151,160,61.08,31.60,985.99 
07/10/2021T06:14:19Z,98,152,165,61.21,31.58,985.97 
07/10/2021T06:14:49Z,98,150,160,61.81,31.57,985.94 
07/10/2021T06:15:20Z,96,153,164,61.97,31.61,985.93 
07/10/2021T06:15:50Z,96,147,154,61.79,31.65,985.95 
07/10/2021T06:16:20Z,95,144,156,61.40,31.70,985.94 
07/10/2021T06:16:51Z,88,134,148,60.38,31.74,985.93 
07/10/2021T06:17:21Z,85,132,144,59.76,31.75,985.94 
07/10/2021T06:17:52Z,84,130,137,58.71,31.76,985.94 
07/10/2021T06:18:22Z,80,126,136,58.56,31.76,985.92 
07/10/2021T06:18:53Z,79,122,132,58.15,31.78,985.93 
07/10/2021T06:19:23Z,79,119,128,58.47,31.77,985.91 
07/10/2021T06:19:54Z,81,124,128,58.91,31.81,985.89 
07/10/2021T06:20:24Z,78,123,131,58.99,31.83,985.88 
07/10/2021T06:20:55Z,81,122,131,58.90,31.80,985.89 
07/10/2021T06:21:25Z,80,118,125,58.46,31.75,985.88 
07/10/2021T06:21:56Z,81,122,131,58.93,31.71,985.87 
07/10/2021T06:22:26Z,84,127,134,58.65,31.70,985.90 
07/10/2021T06:22:56Z,85,132,141,58.98,31.71,985.87 
07/10/2021T06:23:26Z,84,127,135,59.25,31.70,985.88 
07/10/2021T06:23:57Z,84,127,136,58.95,31.72,985.88 
07/10/2021T06:24:28Z,90,138,154,58.78,31.71,985.89 
07/10/2021T06:24:58Z,92,141,150,59.76,31.72,985.86 
07/10/2021T06:25:29Z,93,144,153,58.93,31.73,985.86 
07/10/2021T06:26:00Z,92,141,151,59.58,31.69,985.87 
07/10/2021T06:26:30Z,96,146,156,59.71,31.70,985.85 
07/10/2021T06:27:00Z,94,145,157,60.36,31.74,985.86 
07/10/2021T06:27:31Z,92,142,150,59.33,31.85,985.90 
07/10/2021T06:28:02Z,89,136,149,58.00,31.87,985.90 
07/10/2021T06:28:33Z,94,144,154,58.69,31.83,985.89 
07/10/2021T06:29:03Z,89,135,150,58.64,31.84,985.89 
07/10/2021T06:29:33Z,91,138,150,58.22,31.84,985.87 
07/10/2021T06:30:03Z,95,143,153,58.67,31.77,985.86 
07/10/2021T06:30:34Z,94,144,153,58.89,31.76,985.85 
07/10/2021T06:31:04Z,92,140,148,58.92,31.78,985.84 
07/10/2021T06:31:34Z,90,138,149,58.98,31.79,985.81 
07/10/2021T06:32:04Z,97,148,162,59.06,31.80,985.79 
07/10/2021T06:32:34Z,102,159,170,59.28,31.77,985.79 
07/10/2021T06:33:05Z,97,158,170,59.80,31.84,985.78 
07/10/2021T06:33:36Z,102,162,177,59.70,31.92,985.80 
07/10/2021T06:34:06Z,98,151,165,58.70,31.94,985.78 
07/10/2021T06:34:37Z,97,148,162,58.73,31.90,985.75 
07/10/2021T06:35:07Z,97,148,160,58.82,31.89,985.72 
07/10/2021T06:35:38Z,96,150,161,59.15,31.89,985.70 
07/10/2021T06:36:09Z,95,150,163,59.25,31.92,985.68 
07/10/2021T06:36:39Z,92,142,153,58.57,31.94,985.70 
07/10/2021T06:37:09Z,94,146,158,58.50,31.96,985.70 
07/10/2021T06:37:40Z,92,141,151,58.32,32.00,985.69 
07/10/2021T06:38:11Z,90,130,140,58.03,32.02,985.67 
07/10/2021T06:38:41Z,85,132,142,57.90,32.04,985.66 
07/10/2021T06:39:12Z,88,136,144,57.94,32.04,985.65 
07/10/2021T06:39:42Z,88,135,145,58.05,32.03,985.63 
07/10/2021T06:40:12Z,88,137,145,57.91,32.02,985.63 
07/10/2021T06:40:42Z,127,204,220,57.33,31.98,985.64 
07/10/2021T06:41:12Z,147,239,265,57.55,31.95,985.63 
07/10/2021T06:41:42Z,171,282,312,57.82,31.89,985.63 
07/10/2021T06:42:12Z,168,271,301,58.63,31.86,985.61 
07/10/2021T06:42:42Z,146,235,260,58.91,31.82,985.59 
07/10/2021T06:43:13Z,137,219,238,58.57,31.84,985.59 
07/10/2021T06:43:44Z,123,193,214,58.85,31.88,985.57 
07/10/2021T06:44:14Z,124,189,202,58.70,31.91,985.54 
07/10/2021T06:44:45Z,120,188,204,58.92,31.91,985.55 
07/10/2021T06:45:16Z,113,179,192,58.61,31.90,985.55 
07/10/2021T06:45:46Z,121,192,207,57.81,31.84,985.57 
07/10/2021T06:46:16Z,146,230,252,57.97,31.80,985.56 
07/10/2021T06:46:46Z,128,201,218,57.86,31.81,985.55 
07/10/2021T06:47:16Z,124,194,207,56.27,31.78,985.55 
07/10/2021T06:47:47Z,143,229,252,57.41,31.76,985.52 
07/10/2021T06:48:17Z,123,197,216,58.13,31.76,985.51 
07/10/2021T06:48:48Z,157,256,280,58.81,31.77,985.49 
07/10/2021T06:49:19Z,169,275,300,58.64,31.75,985.48 
07/10/2021T06:49:49Z,194,327,364,58.61,31.76,985.47 
07/10/2021T06:50:19Z,199,328,364,58.47,31.80,985.47 
07/10/2021T06:50:50Z,158,259,285,58.27,31.85,985.45 
07/10/2021T06:51:21Z,119,186,203,56.37,31.91,985.43 
07/10/2021T06:51:51Z,113,179,193,56.50,31.93,985.43 
07/10/2021T06:52:21Z,118,183,199,57.12,32.00,985.43 
07/10/2021T06:52:52Z,109,171,184,57.22,32.07,985.43 
07/10/2021T06:53:22Z,105,163,176,57.27,32.10,985.42 
07/10/2021T06:53:52Z,104,161,173,57.26,32.10,985.40 
07/10/2021T06:54:23Z,95,153,166,57.15,32.09,985.39 
07/10/2021T06:54:53Z,95,145,158,57.59,32.11,985.40 
07/10/2021T06:55:23Z,94,146,153,57.65,32.14,985.37 
07/10/2021T06:55:53Z,84,130,141,56.71,32.15,985.36 
07/10/2021T06:56:24Z,84,124,131,56.73,32.12,985.35 
07/10/2021T06:56:55Z,83,126,134,57.32,32.10,985.33 
07/10/2021T06:57:25Z,80,121,129,56.61,32.09,985.34 
07/10/2021T06:57:56Z,76,115,122,56.07,32.08,985.33 
07/10/2021T06:58:27Z,73,113,118,55.27,32.07,985.32 
07/10/2021T06:58:57Z,76,118,126,56.08,32.06,985.30 
07/10/2021T06:59:27Z,74,112,121,56.16,32.04,985.27 
07/10/2021T06:59:58Z,74,110,115,55.30,32.05,985.29 
07/10/2021T07:00:29Z,72,110,117,55.33,32.03,985.29 
07/10/2021T07:00:59Z,81,123,133,56.72,32.02,985.25 
07/10/2021T07:01:29Z,84,126,134,56.79,32.07,985.26 
07/10/2021T07:02:00Z,77,114,120,55.94,32.11,985.27 
07/10/2021T07:02:31Z,77,117,122,56.44,32.15,985.25 
07/10/2021T07:03:01Z,75,113,126,55.49,32.13,985.25 
07/10/2021T07:03:32Z,74,115,123,55.83,32.12,985.22 
07/10/2021T07:04:02Z,72,111,122,55.78,32.12,985.20 
07/10/2021T07:04:32Z,87,135,144,55.86,32.13,985.19 
07/10/2021T07:05:02Z,94,148,159,56.11,32.15,985.17 
07/10/2021T07:05:32Z,116,190,208,56.06,32.12,985.16 
07/10/2021T07:06:03Z,204,374,423,55.89,32.08,985.20 
07/10/2021T07:06:33Z,143,241,268,56.64,32.12,985.16 
07/10/2021T07:07:04Z,145,241,266,56.84,32.15,985.14 
07/10/2021T07:07:34Z,217,422,482,56.11,32.15,985.14 
07/10/2021T07:08:04Z,192,336,370,56.83,32.13,985.14 
07/10/2021T07:08:35Z,174,295,331,56.46,32.13,985.16 
07/10/2021T07:09:05Z,161,270,306,56.25,32.18,985.15 
07/10/2021T07:09:36Z,162,276,308,56.45,32.17,985.17 
07/10/2021T07:10:07Z,149,247,278,56.94,32.17,985.15 
07/10/2021T07:10:37Z,143,234,252,56.83,32.18,985.13 
07/10/2021T07:11:07Z,124,197,214,56.61,32.18,985.15 
07/10/2021T07:11:38Z,125,201,222,56.81,32.18,985.11 
07/10/2021T07:12:09Z,121,191,210,56.76,32.18,985.10 
07/10/2021T07:12:39Z,113,180,195,57.28,32.16,985.08 
07/10/2021T07:13:09Z,123,199,222,57.60,32.13,985.10 
07/10/2021T07:13:40Z,129,207,229,57.99,32.13,985.08 
07/10/2021T07:14:10Z,116,187,212,58.16,32.09,985.08 
07/10/2021T07:14:41Z,140,240,270,57.73,32.05,985.06 
07/10/2021T07:15:11Z,181,319,360,56.96,32.00,985.03 
07/10/2021T07:15:41Z,164,285,317,57.02,31.98,985.02 
07/10/2021T07:16:11Z,160,274,301,58.06,31.97,984.98 
07/10/2021T07:16:42Z,150,255,285,58.56,31.99,984.99 
07/10/2021T07:17:13Z,138,231,253,58.22,32.02,984.99 
07/10/2021T07:17:43Z,145,239,262,57.58,32.03,984.99 
07/10/2021T07:18:13Z,154,254,280,57.12,32.05,984.96 
07/10/2021T07:18:44Z,133,211,231,56.39,32.03,984.98 
07/10/2021T07:19:14Z,144,232,245,56.30,32.06,984.91 
07/10/2021T07:19:44Z,154,248,271,57.03,32.09,984.93 
07/10/2021T07:20:15Z,127,203,222,56.81,32.15,984.92 
07/10/2021T07:20:45Z,121,194,217,56.24,32.17,984.95 
07/10/2021T07:21:16Z,101,157,173,55.66,32.20,984.94 
07/10/2021T07:21:46Z,95,147,160,54.87,32.19,984.93 
07/10/2021T07:22:17Z,89,138,148,54.40,32.17,984.95 
07/10/2021T07:22:48Z,91,140,154,55.31,32.12,984.94 
07/10/2021T07:23:18Z,90,140,155,54.92,32.16,984.95 
07/10/2021T07:23:49Z,89,138,149,53.93,32.17,984.94 
07/10/2021T07:24:19Z,88,140,152,53.72,32.12,984.95 
07/10/2021T07:24:50Z,92,141,151,54.50,32.11,984.91 
07/10/2021T07:25:20Z,88,134,145,54.40,32.12,984.89 
07/10/2021T07:25:51Z,85,128,141,55.22,32.12,984.88 
07/10/2021T07:26:22Z,81,123,134,54.20,32.15,984.87 
07/10/2021T07:26:52Z,77,117,125,53.25,32.12,984.89 
07/10/2021T07:27:23Z,83,130,142,54.88,32.12,984.84 
07/10/2021T07:27:53Z,90,142,155,55.18,32.13,984.83 
07/10/2021T07:28:24Z,103,159,174,55.64,32.12,984.80 
07/10/2021T07:28:54Z,100,156,168,55.58,32.14,984.78 
07/10/2021T07:29:25Z,96,152,167,55.28,32.09,984.79 
07/10/2021T07:29:55Z,110,167,179,54.96,32.09,984.79 
07/10/2021T07:30:26Z,106,158,171,53.33,32.08,984.81 
07/10/2021T07:30:56Z,105,153,163,54.60,32.11,984.77 
07/10/2021T07:31:26Z,112,164,177,55.51,32.11,984.76 
07/10/2021T07:31:57Z,113,163,174,55.93,32.11,984.73 
07/10/2021T07:32:27Z,96,138,154,55.39,32.11,984.73 
07/10/2021T07:32:58Z,98,145,154,55.43,32.14,984.74 
07/10/2021T07:33:29Z,109,161,178,54.24,32.16,984.77 
07/10/2021T07:34:00Z,110,159,169,54.03,32.15,984.77 
07/10/2021T07:34:30Z,107,162,172,55.38,32.13,984.73 
07/10/2021T07:35:01Z,103,152,164,55.03,32.18,984.71 
07/10/2021T07:35:31Z,101,151,163,55.55,32.20,984.70 
07/10/2021T07:36:02Z,97,144,155,54.56,32.18,984.72 
07/10/2021T07:36:32Z,87,129,143,54.45,32.18,984.72 
07/10/2021T07:37:03Z,90,133,142,53.76,32.15,984.72 
07/10/2021T07:37:33Z,81,122,130,54.43,32.12,984.70 
07/10/2021T07:38:04Z,80,118,128,54.51,32.23,984.70 
07/10/2021T07:38:34Z,79,118,132,54.57,32.27,984.68 
07/10/2021T07:39:04Z,79,119,127,54.71,32.25,984.66 
07/10/2021T07:39:35Z,80,125,136,55.06,32.24,984.65 
07/10/2021T07:40:05Z,82,126,140,55.14,32.23,984.65 
07/10/2021T07:40:35Z,79,121,132,54.26,32.18,984.65 
07/10/2021T07:41:06Z,80,123,137,55.48,32.17,984.61 
07/10/2021T07:41:37Z,83,129,145,56.58,32.15,984.58 
07/10/2021T07:42:07Z,93,142,157,56.02,32.12,984.61 
07/10/2021T07:42:38Z,105,159,171,55.88,32.10,984.58 
07/10/2021T07:43:09Z,100,153,167,55.20,32.09,984.58 
07/10/2021T07:43:39Z,98,151,166,56.43,32.09,984.55 
07/10/2021T07:44:10Z,96,145,155,56.75,32.06,984.56 
07/10/2021T07:44:41Z,87,132,146,56.31,32.08,984.54 
07/10/2021T07:45:11Z,81,122,134,54.22,32.14,984.59 
07/10/2021T07:45:42Z,77,117,127,53.96,32.18,984.57 
07/10/2021T07:46:13Z,71,107,115,53.11,32.18,984.54 
07/10/2021T07:46:43Z,69,104,112,53.91,32.15,984.53 
07/10/2021T07:47:14Z,78,119,126,54.39,32.14,984.51 
07/10/2021T07:47:44Z,81,122,133,54.35,32.16,984.49 
07/10/2021T07:48:15Z,91,138,150,53.96,32.17,984.50 
07/10/2021T07:48:46Z,97,149,159,53.88,32.17,984.48 
07/10/2021T07:49:16Z,86,132,144,54.03,32.24,984.48 
07/10/2021T07:49:47Z,74,111,119,53.74,32.31,984.48 
07/10/2021T07:50:17Z,71,108,122,53.80,32.32,984.47 
07/10/2021T07:50:47Z,79,122,137,54.35,32.33,984.45 
07/10/2021T07:51:18Z,97,151,169,54.83,32.31,984.43 
07/10/2021T07:51:48Z,91,137,152,54.93,32.28,984.43 
07/10/2021T07:52:19Z,82,126,142,55.05,32.26,984.41 
07/10/2021T07:52:49Z,77,118,130,54.59,32.28,984.42 
07/10/2021T07:53:19Z,74,111,124,54.22,32.28,984.40 
07/10/2021T07:53:50Z,73,111,124,54.16,32.30,984.40 
07/10/2021T07:54:21Z,72,107,117,53.99,32.30,984.39 
07/10/2021T07:54:52Z,71,107,114,54.25,32.28,984.39 
07/10/2021T07:55:23Z,67,103,111,53.66,32.31,984.38 
07/10/2021T07:55:54Z,66,100,106,53.28,32.31,984.37 
07/10/2021T07:56:24Z,64,101,109,53.34,32.33,984.38 
07/10/2021T07:56:55Z,67,98,105,53.19,32.35,984.35 
07/10/2021T07:57:25Z,63,98,103,53.33,32.35,984.35 
07/10/2021T07:57:56Z,66,99,106,52.92,32.35,984.35 
07/10/2021T07:58:26Z,65,97,104,53.04,32.35,984.34 
07/10/2021T07:58:56Z,71,107,119,53.60,32.33,984.31 
07/10/2021T07:59:26Z,83,128,141,52.63,32.29,984.33 
07/10/2021T07:59:56Z,115,186,204,52.81,32.25,984.33 
07/10/2021T08:00:27Z,94,150,160,52.99,32.28,984.34 
07/10/2021T08:00:58Z,73,112,123,52.02,32.33,984.33 
07/10/2021T08:01:28Z,72,111,122,52.42,32.35,984.33 
07/10/2021T08:01:59Z,70,107,117,51.92,32.33,984.34 
07/10/2021T08:02:30Z,71,109,123,51.83,32.38,984.32 
07/10/2021T08:03:00Z,67,103,113,51.88,32.40,984.33 
07/10/2021T08:03:30Z,63,97,102,51.83,32.37,984.51 
07/10/2021T08:04:01Z,63,96,103,52.41,32.37,984.91 
07/10/2021T08:04:31Z,64,95,101,52.25,32.39,984.96 
07/10/2021T08:05:01Z,70,101,106,52.12,32.41,984.97 
07/10/2021T08:05:32Z,69,104,113,52.33,32.35,984.89 
07/10/2021T08:06:02Z,90,137,145,53.07,32.33,984.68 
07/10/2021T08:06:32Z,106,163,179,53.09,32.36,984.72 
07/10/2021T08:07:03Z,103,157,168,52.73,32.34,984.78 
07/10/2021T08:07:34Z,113,180,195,53.69,32.30,984.52 
07/10/2021T08:08:04Z,103,160,177,53.34,32.32,984.65 
07/10/2021T08:08:34Z,105,168,183,53.29,32.31,984.65 
07/10/2021T08:09:05Z,104,159,174,53.44,32.27,984.61 
07/10/2021T08:09:35Z,101,155,169,53.42,32.29,984.61 
07/10/2021T08:10:05Z,86,130,138,51.82,32.33,985.09 
07/10/2021T08:10:36Z,86,128,139,51.88,32.37,984.94 
07/10/2021T08:11:07Z,86,131,141,52.39,32.37,984.70 
07/10/2021T08:11:38Z,122,182,199,53.11,32.35,984.47 
07/10/2021T08:12:08Z,105,155,166,53.80,32.37,984.29 
07/10/2021T08:12:38Z,90,135,145,53.42,32.39,984.44 
07/10/2021T08:13:09Z,85,129,139,53.45,32.41,984.42 
07/10/2021T08:13:40Z,82,124,135,53.25,32.40,984.47 
07/10/2021T08:14:10Z,87,130,140,53.53,32.40,984.37 
07/10/2021T08:14:41Z,84,129,136,54.14,32.42,984.15 
07/10/2021T08:15:11Z,99,146,156,53.61,32.40,984.39 
07/10/2021T08:15:42Z,105,160,176,53.47,32.39,984.43 
07/10/2021T08:16:12Z,105,158,173,54.31,32.38,984.12 
07/10/2021T08:16:43Z,94,140,152,53.83,32.40,984.32 
07/10/2021T08:17:13Z,89,129,142,54.08,32.41,984.24 
07/10/2021T08:17:44Z,106,162,176,53.62,32.35,984.39 
07/10/2021T08:18:14Z,116,178,191,54.68,32.33,984.03 
07/10/2021T08:18:45Z,101,151,165,53.71,32.34,984.41 
07/10/2021T08:19:16Z,83,124,134,53.35,32.38,984.51 
07/10/2021T08:19:46Z,78,115,126,52.72,32.41,984.68 
07/10/2021T08:20:16Z,74,108,118,52.17,32.37,984.82 
07/10/2021T08:20:47Z,76,114,123,53.09,32.36,984.42 
07/10/2021T08:21:17Z,80,121,135,53.86,32.39,984.16 
07/10/2021T08:21:47Z,79,122,133,53.85,32.39,984.18 
07/10/2021T08:22:18Z,79,121,132,53.92,32.38,984.15 
07/10/2021T08:22:48Z,75,115,126,53.87,32.39,984.15 
07/10/2021T08:23:19Z,77,116,126,53.99,32.40,984.11 
07/10/2021T08:23:49Z,77,118,129,53.95,32.41,984.15 
07/10/2021T08:24:20Z,79,116,128,53.99,32.41,984.15 
07/10/2021T08:24:51Z,78,119,131,54.02,32.41,984.15 
07/10/2021T08:25:21Z,75,116,125,54.12,32.40,984.13 
07/10/2021T08:25:52Z,75,114,123,54.05,32.39,984.17 
07/10/2021T08:26:22Z,74,113,125,54.22,32.39,984.12 
07/10/2021T08:26:53Z,76,116,123,54.17,32.39,984.09 
07/10/2021T08:27:23Z,75,113,123,54.31,32.38,984.03 
07/10/2021T08:27:53Z,76,114,124,54.37,32.38,984.01 
07/10/2021T08:28:23Z,75,113,122,54.31,32.37,984.05 
07/10/2021T08:28:54Z,75,115,125,54.49,32.37,983.96 
07/10/2021T08:29:24Z,76,111,116,54.35,32.37,984.02 
07/10/2021T08:29:54Z,75,112,120,54.54,32.39,983.95 
07/10/2021T08:30:24Z,75,112,119,54.59,32.37,983.94 
07/10/2021T08:30:55Z,73,112,118,54.64,32.35,983.97 
07/10/2021T08:31:25Z,74,111,117,54.81,32.35,983.90 
07/10/2021T08:31:55Z,74,111,119,54.66,32.35,983.97 
07/10/2021T08:32:25Z,75,114,120,54.90,32.35,983.87 
07/10/2021T08:32:56Z,76,112,120,54.69,32.33,983.96 
07/10/2021T08:33:26Z,74,113,122,54.68,32.33,983.95 
07/10/2021T08:33:56Z,74,112,124,54.87,32.32,983.87 
07/10/2021T08:34:27Z,75,113,121,54.88,32.32,983.88 
07/10/2021T08:34:57Z,74,112,118,55.04,32.33,983.85 
07/10/2021T08:35:27Z,72,108,115,55.03,32.32,983.87 
07/10/2021T08:35:57Z,74,109,115,55.02,32.32,983.87 
07/10/2021T08:36:28Z,74,107,112,55.13,32.32,983.82 
07/10/2021T08:36:58Z,73,112,119,54.96,32.31,983.90 
07/10/2021T08:37:29Z,73,110,116,55.01,32.29,983.87 
07/10/2021T08:37:59Z,74,110,122,54.82,32.29,983.94 
07/10/2021T08:38:30Z,73,107,114,55.13,32.29,983.81 
07/10/2021T08:39:01Z,72,109,115,55.17,32.30,983.78 
07/10/2021T08:39:31Z,71,109,114,55.09,32.29,983.84 
07/10/2021T08:40:02Z,71,108,116,55.37,32.29,983.72 
07/10/2021T08:40:32Z,73,108,117,55.25,32.29,983.78 
07/10/2021T08:41:02Z,71,107,117,55.33,32.28,983.74 
07/10/2021T08:41:32Z,70,106,116,55.41,32.28,983.71 
07/10/2021T08:42:03Z,71,103,112,55.32,32.27,983.72 
07/10/2021T08:42:33Z,71,106,111,55.29,32.26,983.77 
07/10/2021T08:43:03Z,73,105,114,55.43,32.28,983.71 
07/10/2021T08:43:34Z,71,106,112,55.51,32.27,983.67 
07/10/2021T08:44:04Z,72,105,110,55.62,32.27,983.65 
07/10/2021T08:44:34Z,69,104,114,55.57,32.27,983.68 
07/10/2021T08:45:04Z,72,106,115,55.73,32.24,983.65 
07/10/2021T08:45:35Z,73,108,117,55.74,32.22,983.62 
07/10/2021T08:46:06Z,69,104,109,55.76,32.23,983.63 
07/10/2021T08:46:37Z,70,105,111,55.89,32.25,983.58 
07/10/2021T08:47:07Z,70,101,108,55.92,32.24,983.58 
07/10/2021T08:47:38Z,72,104,112,55.87,32.24,983.59 
07/10/2021T08:48:08Z,69,99,105,55.98,32.24,983.57 
07/10/2021T08:48:39Z,69,102,108,55.95,32.23,983.59 
07/10/2021T08:49:09Z,71,106,111,56.02,32.22,983.59 
07/10/2021T08:49:39Z,72,105,113,56.09,32.21,983.57 
07/10/2021T08:50:10Z,70,102,109,55.91,32.20,983.65 
07/10/2021T08:50:40Z,70,103,111,56.02,32.19,983.60 
07/10/2021T08:51:11Z,68,105,115,56.12,32.19,983.55 
07/10/2021T08:51:42Z,70,103,109,56.03,32.19,983.60 
07/10/2021T08:52:12Z,69,104,110,55.93,32.19,983.64 
07/10/2021T08:52:42Z,70,107,118,56.00,32.19,983.62 
07/10/2021T08:53:13Z,70,102,109,56.24,32.18,983.53 
07/10/2021T08:53:43Z,68,103,107,56.20,32.18,983.55 
07/10/2021T08:54:14Z,69,104,110,56.28,32.17,983.51 
07/10/2021T08:54:45Z,69,105,112,56.28,32.17,983.51 
07/10/2021T08:55:15Z,69,103,112,56.21,32.17,983.51 
07/10/2021T08:55:46Z,68,103,111,56.27,32.15,983.48 
07/10/2021T08:56:17Z,67,100,108,56.49,32.16,983.42 
07/10/2021T08:56:47Z,68,104,110,56.37,32.15,983.47 
07/10/2021T08:57:18Z,68,102,109,56.46,32.17,983.45 
07/10/2021T08:57:48Z,70,102,106,56.45,32.16,983.46 
07/10/2021T08:58:19Z,69,105,111,56.37,32.15,983.48 
07/10/2021T08:58:50Z,67,98,104,56.16,32.14,983.53 
07/10/2021T08:59:20Z,66,100,106,56.20,32.14,983.52 
07/10/2021T08:59:51Z,69,104,110,56.32,32.15,983.48 
07/10/2021T09:00:21Z,67,99,111,55.80,32.14,983.65 
07/10/2021T09:00:51Z,67,101,110,56.46,32.13,983.41 
07/10/2021T09:01:21Z,66,98,106,55.87,32.14,983.63 
07/10/2021T09:01:51Z,66,99,106,56.11,32.12,983.52 
07/10/2021T09:02:22Z,66,99,107,56.23,32.13,983.49 
07/10/2021T09:02:52Z,67,102,105,55.92,32.10,983.59 
07/10/2021T09:03:22Z,65,97,104,55.62,32.10,983.69 
07/10/2021T09:03:53Z,66,100,106,56.20,32.10,983.42 
07/10/2021T09:04:24Z,64,97,104,56.42,32.10,983.39 
07/10/2021T09:04:54Z,66,99,106,56.03,32.11,983.55 
07/10/2021T09:05:24Z,66,100,109,56.01,32.11,983.54 
07/10/2021T09:05:54Z,65,97,102,56.35,32.12,983.38 
07/10/2021T09:06:25Z,65,97,105,56.46,32.13,983.33 
07/10/2021T09:06:56Z,65,97,109,56.35,32.13,983.38 
07/10/2021T09:07:27Z,66,96,103,56.38,32.14,983.38 
07/10/2021T09:07:57Z,66,95,103,56.37,32.12,983.36 
07/10/2021T09:08:27Z,66,97,106,55.86,32.11,983.57 
07/10/2021T09:08:57Z,69,102,107,56.58,32.09,983.27 
07/10/2021T09:09:28Z,67,98,105,56.58,32.11,983.29 
07/10/2021T09:09:58Z,65,95,105,55.99,32.12,983.49 
07/10/2021T09:10:29Z,65,95,103,56.21,32.11,983.38 
07/10/2021T09:10:59Z,64,97,105,56.24,32.11,983.37 
07/10/2021T09:11:30Z,66,98,105,56.48,32.11,983.28 
07/10/2021T09:12:01Z,64,97,105,56.33,32.09,983.32 
07/10/2021T09:12:31Z,66,100,111,56.46,32.09,983.27 
07/10/2021T09:13:01Z,67,100,107,56.69,32.09,983.19 
07/10/2021T09:13:31Z,65,97,104,56.45,32.09,983.28 
07/10/2021T09:14:02Z,67,98,104,56.63,32.09,983.20 
07/10/2021T09:14:32Z,64,98,104,56.42,32.09,983.25 
07/10/2021T09:15:02Z,64,95,103,56.43,32.08,983.28 
07/10/2021T09:15:33Z,66,96,103,56.41,32.07,983.27 
07/10/2021T09:16:03Z,65,95,103,56.19,32.07,983.37 
07/10/2021T09:16:34Z,63,91,100,56.56,32.07,983.23 
07/10/2021T09:17:04Z,62,95,98,56.49,32.06,983.23 
07/10/2021T09:17:35Z,63,94,100,56.59,32.06,983.20 
07/10/2021T09:18:06Z,63,94,101,56.50,32.08,983.23 
07/10/2021T09:18:36Z,63,96,103,56.77,32.08,983.15 
07/10/2021T09:19:06Z,65,97,102,56.51,32.07,983.24 
07/10/2021T09:19:37Z,63,95,102,56.43,32.06,983.27 
07/10/2021T09:20:07Z,65,97,108,56.47,32.05,983.24 
07/10/2021T09:20:37Z,63,93,100,56.75,32.05,983.16 
07/10/2021T09:21:08Z,62,92,101,56.78,32.06,983.15 
07/10/2021T09:21:38Z,64,97,104,56.92,32.07,983.11 
07/10/2021T09:22:09Z,62,93,102,56.14,32.05,983.42 
07/10/2021T09:22:39Z,63,94,99,56.66,32.05,983.19 
07/10/2021T09:23:10Z,64,93,99,56.53,32.05,983.23 
07/10/2021T09:23:41Z,63,92,101,56.57,32.05,983.22 
07/10/2021T09:24:11Z,61,93,99,56.72,32.04,983.16 
07/10/2021T09:24:42Z,62,93,99,56.86,32.05,983.11 
07/10/2021T09:25:12Z,64,94,102,56.53,32.04,983.21 
07/10/2021T09:25:43Z,62,93,100,56.64,32.04,983.18 
07/10/2021T09:26:14Z,63,93,99,56.60,32.04,983.23 
07/10/2021T09:26:44Z,63,95,101,56.65,32.05,983.20 
07/10/2021T09:27:15Z,64,95,102,56.52,32.04,983.24 
07/10/2021T09:27:45Z,64,92,98,56.95,32.02,983.09 
07/10/2021T09:28:16Z,62,91,97,56.81,32.03,983.12 
07/10/2021T09:28:46Z,61,88,97,56.62,32.02,983.23 
07/10/2021T09:29:17Z,62,93,101,57.03,32.02,983.08 
07/10/2021T09:29:47Z,64,95,102,56.89,32.00,983.12 
07/10/2021T09:30:18Z,62,93,98,56.95,32.01,983.10 
07/10/2021T09:30:49Z,61,91,97,56.75,32.01,983.13 
07/10/2021T09:31:20Z,61,91,96,56.91,32.01,983.10 
07/10/2021T09:31:51Z,61,89,95,56.55,32.01,983.20 
07/10/2021T09:32:21Z,60,88,94,55.80,31.99,983.46 
07/10/2021T09:32:51Z,58,88,95,56.33,31.99,983.19 
07/10/2021T09:33:21Z,59,88,94,56.70,31.99,983.10 
07/10/2021T09:33:52Z,58,88,96,56.25,31.99,983.26 
07/10/2021T09:34:23Z,58,85,90,55.69,31.99,983.44 
07/10/2021T09:34:53Z,60,88,94,56.26,31.99,983.22 
07/10/2021T09:35:24Z,58,88,94,56.51,32.00,983.14 
07/10/2021T09:35:54Z,58,87,93,56.44,32.01,983.20 
07/10/2021T09:36:25Z,60,87,97,55.95,32.01,983.38 
07/10/2021T09:36:55Z,60,86,95,55.94,31.99,983.31 
07/10/2021T09:37:26Z,60,88,92,55.95,31.99,983.35 
07/10/2021T09:37:56Z,61,90,95,56.10,32.00,983.26 
07/10/2021T09:38:27Z,59,87,94,56.25,31.98,983.26 
07/10/2021T09:38:57Z,60,87,93,56.02,31.97,983.33 
07/10/2021T09:39:28Z,60,91,98,55.92,31.97,983.33 
07/10/2021T09:39:58Z,57,88,91,56.19,31.97,983.23 
07/10/2021T09:40:29Z,58,91,96,56.37,31.98,983.18 
07/10/2021T09:40:59Z,57,86,94,56.43,31.98,983.16 
07/10/2021T09:41:30Z,60,87,91,56.46,31.98,983.13 
07/10/2021T09:42:01Z,58,86,93,56.69,31.98,983.07 
07/10/2021T09:42:31Z,58,89,94,56.35,31.99,983.16 
07/10/2021T09:43:02Z,60,90,95,56.64,31.97,983.05 
07/10/2021T09:43:32Z,59,88,92,56.46,31.96,983.17 
07/10/2021T09:44:03Z,59,87,93,56.53,31.97,983.12 
07/10/2021T09:44:33Z,57,86,92,55.89,31.97,983.36 
07/10/2021T09:45:03Z,58,87,93,55.81,31.98,983.38 
07/10/2021T09:45:34Z,56,82,88,56.28,31.98,983.16 
07/10/2021T09:46:04Z,58,86,91,56.06,31.98,983.27 
07/10/2021T09:46:34Z,57,84,92,56.30,31.98,983.17 
07/10/2021T09:47:05Z,59,86,92,56.62,31.99,983.05 
07/10/2021T09:47:35Z,58,83,91,56.02,31.99,983.26 
07/10/2021T09:48:06Z,59,86,92,56.32,31.98,983.17 
07/10/2021T09:48:37Z,59,84,92,56.13,31.97,983.22 
07/10/2021T09:49:07Z,58,84,89,56.57,31.97,983.04 
07/10/2021T09:49:38Z,58,86,91,55.59,31.98,983.45 
07/10/2021T09:50:09Z,57,83,90,55.50,31.98,983.41 
07/10/2021T09:50:40Z,57,84,91,55.21,31.98,983.52 
07/10/2021T09:51:10Z,53,80,87,55.90,31.98,983.21 
07/10/2021T09:51:41Z,56,83,89,55.15,31.97,983.43 
07/10/2021T09:52:12Z,57,81,87,56.00,31.97,983.19 
07/10/2021T09:52:43Z,55,81,86,55.34,31.96,983.40 
07/10/2021T09:53:13Z,57,82,91,55.17,31.95,983.46 
07/10/2021T09:53:44Z,56,80,85,54.95,31.96,983.58 
07/10/2021T09:54:14Z,54,79,83,55.40,31.95,983.33 
07/10/2021T09:54:44Z,56,82,86,56.08,31.95,983.11 
07/10/2021T09:55:15Z,54,77,83,54.61,31.95,983.70 
07/10/2021T09:55:45Z,53,76,81,54.59,31.94,983.66 
07/10/2021T09:56:16Z,52,76,82,55.51,31.95,983.26 
07/10/2021T09:56:47Z,53,78,82,55.72,31.93,983.20 
07/10/2021T09:57:18Z,55,79,83,55.65,31.95,983.20 
07/10/2021T09:57:49Z,52,78,82,55.52,31.96,983.27 
07/10/2021T09:58:19Z,55,78,83,54.95,31.95,983.48 
07/10/2021T09:58:49Z,52,76,82,55.64,31.94,983.24 
07/10/2021T09:59:19Z,54,77,82,56.19,31.95,982.99 
07/10/2021T09:59:49Z,53,79,85,55.80,31.95,983.17 
07/10/2021T10:00:20Z,52,78,83,55.58,31.95,983.28 
07/10/2021T10:00:51Z,53,81,87,55.61,31.96,983.22 
07/10/2021T10:01:21Z,52,75,83,55.01,31.95,983.49 
07/10/2021T10:01:52Z,53,79,84,54.73,31.95,983.55 
07/10/2021T10:02:23Z,53,78,84,55.25,31.95,983.35 
07/10/2021T10:02:54Z,54,79,84,56.12,31.96,982.97 
07/10/2021T10:03:24Z,53,79,81,55.69,31.97,983.15 
07/10/2021T10:03:55Z,54,79,82,55.86,31.96,983.07 
07/10/2021T10:04:26Z,53,79,86,55.47,31.95,983.27 
07/10/2021T10:04:56Z,52,77,83,55.88,31.95,983.03 
07/10/2021T10:05:26Z,52,79,84,55.71,31.94,983.12 
07/10/2021T10:05:57Z,53,76,82,56.13,31.94,982.94 
07/10/2021T10:06:27Z,53,78,83,55.85,31.93,983.06 
07/10/2021T10:06:58Z,53,78,84,55.97,31.92,983.06 
07/10/2021T10:07:28Z,53,78,85,55.77,31.92,983.13 
07/10/2021T10:07:58Z,52,79,86,55.74,31.92,983.16 
07/10/2021T10:08:29Z,55,80,89,56.15,31.91,982.95 
07/10/2021T10:08:59Z,52,78,84,55.95,31.90,983.04 
07/10/2021T10:09:29Z,52,76,81,55.89,31.91,983.07 
07/10/2021T10:10:00Z,52,76,82,56.49,31.91,982.79 
07/10/2021T10:10:31Z,52,77,83,56.51,31.92,982.82 
07/10/2021T10:11:01Z,53,80,86,56.26,31.92,982.92 
07/10/2021T10:11:31Z,52,78,83,55.99,31.91,983.03 
07/10/2021T10:12:02Z,51,76,82,55.54,31.91,983.21 
07/10/2021T10:12:33Z,53,77,82,56.30,31.92,982.92 
07/10/2021T10:13:04Z,51,74,80,55.55,31.91,983.22 
07/10/2021T10:13:34Z,51,75,85,55.68,31.91,983.10 
07/10/2021T10:14:04Z,50,75,81,56.31,31.90,982.87 
07/10/2021T10:14:34Z,51,75,82,56.31,31.90,982.89 
07/10/2021T10:15:05Z,50,72,79,55.75,31.90,983.15 
07/10/2021T10:15:36Z,52,77,82,56.34,31.90,982.88 
07/10/2021T10:16:07Z,52,76,81,56.36,31.90,982.94 
07/10/2021T10:16:37Z,53,77,81,56.49,31.91,982.89 
07/10/2021T10:17:07Z,52,79,83,55.76,31.91,983.16 
07/10/2021T10:17:38Z,51,75,83,56.12,31.89,983.00 
07/10/2021T10:18:09Z,53,77,83,56.60,31.88,982.84 
07/10/2021T10:18:39Z,52,76,83,55.93,31.89,983.11 
07/10/2021T10:19:10Z,51,76,82,56.30,31.90,982.94 
07/10/2021T10:19:40Z,51,75,80,56.74,31.89,982.79 
07/10/2021T10:20:11Z,52,79,87,56.66,31.86,982.88 
07/10/2021T10:20:41Z,51,73,80,56.63,31.86,982.86 
07/10/2021T10:21:12Z,51,73,78,56.48,31.86,982.90 
07/10/2021T10:21:42Z,53,78,84,56.53,31.86,982.93 
07/10/2021T10:22:13Z,52,77,83,56.50,31.87,982.92 
07/10/2021T10:22:44Z,52,76,81,56.51,31.88,982.90 
07/10/2021T10:23:14Z,50,74,80,55.62,31.88,983.26 
07/10/2021T10:23:44Z,50,78,83,56.02,31.89,983.04 
07/10/2021T10:24:15Z,51,75,82,54.67,31.89,983.62 
07/10/2021T10:24:45Z,51,75,80,55.86,31.89,983.08 
07/10/2021T10:25:16Z,50,76,81,55.42,31.90,983.22 
07/10/2021T10:25:46Z,49,74,82,55.78,31.90,983.07 
07/10/2021T10:26:17Z,50,72,78,56.19,31.90,982.89 
07/10/2021T10:26:48Z,50,74,80,56.34,31.90,982.81 
07/10/2021T10:27:19Z,50,74,80,56.50,31.89,982.79 
07/10/2021T10:27:49Z,51,76,81,56.24,31.88,982.92 
07/10/2021T10:28:20Z,50,74,80,56.04,31.87,983.00 
07/10/2021T10:28:50Z,47,72,82,53.41,31.94,984.06 
07/10/2021T10:29:20Z,48,73,83,54.35,31.92,983.55 
07/10/2021T10:29:50Z,47,75,86,53.71,31.90,983.80 
07/10/2021T10:30:21Z,48,71,77,53.40,31.91,983.92 
07/10/2021T10:30:52Z,44,66,75,52.68,31.95,984.21 
07/10/2021T10:31:22Z,45,70,77,52.49,31.98,984.24 
07/10/2021T10:31:53Z,46,68,77,52.22,31.99,984.30 
07/10/2021T10:32:23Z,50,74,83,53.05,31.97,983.89 
07/10/2021T10:32:54Z,47,70,78,52.24,31.96,984.24 
07/10/2021T10:33:25Z,46,69,78,51.95,31.97,984.39 
07/10/2021T10:33:55Z,44,65,75,52.02,31.97,984.28 
07/10/2021T10:34:25Z,46,69,79,52.41,31.96,984.10 
07/10/2021T10:34:56Z,46,68,77,52.12,31.93,984.20 
07/10/2021T10:35:27Z,44,66,77,52.10,31.95,984.20 
07/10/2021T10:35:57Z,43,66,76,51.94,31.96,984.26 
07/10/2021T10:36:27Z,44,66,75,52.62,31.94,983.90 
07/10/2021T10:36:58Z,42,64,75,51.77,31.97,984.28 
07/10/2021T10:37:28Z,42,64,75,51.92,31.99,984.18 
07/10/2021T10:37:59Z,41,63,74,51.33,32.06,984.47 
07/10/2021T10:38:29Z,43,65,75,51.57,32.09,984.31 
07/10/2021T10:38:59Z,43,66,77,51.71,32.09,984.24 
07/10/2021T10:39:30Z,41,63,75,50.87,32.06,984.65 
07/10/2021T10:40:01Z,41,61,74,50.57,32.07,984.75 
07/10/2021T10:40:31Z,41,63,75,50.58,32.09,984.74 
07/10/2021T10:41:01Z,42,63,78,51.42,32.06,984.27 
07/10/2021T10:41:32Z,43,66,80,51.16,32.01,984.37 
07/10/2021T10:42:02Z,42,65,78,51.59,31.99,984.20 
07/10/2021T10:42:33Z,41,63,76,51.98,31.96,983.93 
07/10/2021T10:43:04Z,40,62,75,51.04,31.98,984.40 
07/10/2021T10:43:35Z,41,64,75,52.07,32.00,983.94 
07/10/2021T10:44:05Z,41,63,75,52.13,31.98,983.79 
07/10/2021T10:44:35Z,39,60,76,52.04,31.99,983.91 
07/10/2021T10:45:05Z,40,63,74,52.62,31.97,983.57 
07/10/2021T10:45:36Z,41,63,76,52.62,31.96,983.58 
07/10/2021T10:46:07Z,42,65,76,52.90,31.94,983.46 
07/10/2021T10:46:37Z,42,65,76,51.47,31.95,984.16 
07/10/2021T10:47:08Z,43,66,77,51.61,31.99,984.14 
07/10/2021T10:47:38Z,41,62,76,50.12,32.05,984.84 
07/10/2021T10:48:08Z,41,61,73,50.45,32.09,984.65 
07/10/2021T10:48:39Z,39,60,72,50.01,32.13,984.84 
07/10/2021T10:49:10Z,38,58,69,49.94,32.16,984.80 
07/10/2021T10:49:40Z,38,57,70,50.18,32.16,984.73 
07/10/2021T10:50:11Z,40,60,73,50.71,32.13,984.39 
07/10/2021T10:50:42Z,41,63,74,51.31,32.09,984.08 
07/10/2021T10:51:12Z,41,63,76,51.11,32.12,984.14 
07/10/2021T10:51:43Z,40,62,75,50.42,32.17,984.51 
07/10/2021T10:52:14Z,39,61,73,50.57,32.18,984.41 
07/10/2021T10:52:44Z,40,60,73,50.16,32.20,984.63 
07/10/2021T10:53:15Z,38,58,72,49.78,32.22,984.81 
07/10/2021T10:53:46Z,37,55,69,49.35,32.23,985.01 
07/10/2021T10:54:16Z,38,57,70,49.14,32.23,985.16 
07/10/2021T10:54:47Z,38,58,70,50.24,32.23,984.49 
07/10/2021T10:55:17Z,38,58,71,50.00,32.23,984.57 
07/10/2021T10:55:47Z,39,58,71,49.02,32.27,985.12 
07/10/2021T10:56:18Z,39,59,71,48.74,32.27,985.22 
07/10/2021T10:56:48Z,41,63,74,49.98,32.26,984.60 
07/10/2021T10:57:18Z,43,65,76,51.08,32.21,983.96 
07/10/2021T10:57:49Z,43,63,75,50.52,32.21,984.22 
07/10/2021T10:58:20Z,41,61,74,50.29,32.21,984.41 
07/10/2021T10:58:51Z,42,64,77,50.33,32.20,984.38 
07/10/2021T10:59:21Z,40,63,74,50.05,32.24,984.50 
07/10/2021T10:59:51Z,40,61,73,50.18,32.24,984.42 
07/10/2021T11:00:21Z,42,63,75,50.91,32.22,984.06 
07/10/2021T11:00:52Z,46,70,83,51.15,32.18,983.86 
07/10/2021T11:01:22Z,46,71,81,50.69,32.15,984.17 
07/10/2021T11:01:52Z,70,100,106,51.54,32.15,983.71 
07/10/2021T11:02:23Z,52,77,86,49.97,32.14,984.48 
07/10/2021T11:02:53Z,46,69,77,50.31,32.15,984.40 
07/10/2021T11:03:24Z,45,68,78,50.31,32.15,984.35 
07/10/2021T11:03:55Z,44,69,79,50.08,32.14,984.49 
07/10/2021T11:04:25Z,42,64,77,49.53,32.14,984.72 
07/10/2021T11:04:56Z,43,64,77,49.84,32.15,984.64 
07/10/2021T11:05:26Z,43,67,80,50.64,32.13,984.12 
07/10/2021T11:05:56Z,43,66,76,50.55,32.11,984.23 
07/10/2021T11:06:26Z,42,67,77,50.01,32.12,984.42 
07/10/2021T11:06:57Z,44,67,78,50.60,32.15,984.21 
07/10/2021T11:07:28Z,43,69,80,51.33,32.12,983.76 
07/10/2021T11:07:58Z,42,67,78,50.74,32.11,984.02 
07/10/2021T11:08:28Z,43,68,80,51.27,32.11,983.85 
07/10/2021T11:08:59Z,45,70,81,51.87,32.07,983.51 
07/10/2021T11:09:29Z,43,68,78,51.42,32.05,983.75 
07/10/2021T11:10:00Z,43,66,77,51.36,32.07,983.84 
07/10/2021T11:10:31Z,44,67,77,52.18,32.06,983.40 
07/10/2021T11:11:02Z,44,70,83,52.77,32.01,983.11 
07/10/2021T11:11:32Z,47,73,91,53.47,31.96,982.84 
07/10/2021T11:12:03Z,51,81,102,53.57,31.93,982.85 
07/10/2021T11:12:34Z,47,78,94,53.82,31.94,982.77 
07/10/2021T11:13:04Z,49,81,101,53.83,31.99,982.78 
07/10/2021T11:13:35Z,49,82,101,53.50,32.02,982.94 
07/10/2021T11:14:05Z,50,78,93,52.52,32.03,983.47 
07/10/2021T11:14:35Z,109,152,167,51.80,32.07,983.81 
07/10/2021T11:15:06Z,107,149,165,51.69,32.10,983.88 
07/10/2021T11:15:36Z,80,117,130,50.68,32.12,984.31 
07/10/2021T11:16:07Z,71,102,113,51.53,32.13,983.96 
07/10/2021T11:16:37Z,70,104,116,51.51,32.14,983.84 
07/10/2021T11:17:07Z,59,85,95,50.01,32.14,984.65 
07/10/2021T11:17:38Z,58,84,90,50.71,32.13,984.27 
07/10/2021T11:18:09Z,56,80,87,50.85,32.11,984.16 
07/10/2021T11:18:39Z,53,78,90,51.24,32.06,983.93 
07/10/2021T11:19:10Z,49,75,83,50.80,32.05,984.14 
07/10/2021T11:19:40Z,48,72,80,49.92,32.08,984.62 
07/10/2021T11:20:10Z,47,72,80,50.09,32.08,984.55 
07/10/2021T11:20:41Z,45,67,75,50.14,32.09,984.44 
07/10/2021T11:21:11Z,45,66,75,49.76,32.11,984.68 
07/10/2021T11:21:41Z,50,74,86,50.53,32.09,984.20 
07/10/2021T11:22:12Z,49,74,82,50.40,32.09,984.26 
07/10/2021T11:22:42Z,44,64,75,49.39,32.12,984.78 
07/10/2021T11:23:13Z,46,70,79,49.79,32.13,984.58 
07/10/2021T11:23:44Z,57,83,89,49.49,32.16,984.72 
07/10/2021T11:24:15Z,84,116,122,50.13,32.17,984.36 
07/10/2021T11:24:45Z,77,111,117,50.67,32.14,984.07 
07/10/2021T11:25:15Z,68,97,107,50.68,32.13,984.06 
07/10/2021T11:25:46Z,61,88,101,50.99,32.12,983.91 
07/10/2021T11:26:17Z,61,89,100,51.05,32.14,983.80 
07/10/2021T11:26:47Z,54,80,90,50.88,32.12,983.96 
07/10/2021T11:27:18Z,53,77,85,50.31,32.14,984.24 
07/10/2021T11:27:49Z,50,78,86,50.37,32.16,984.23 
07/10/2021T11:28:19Z,48,75,82,49.43,32.18,984.69 
07/10/2021T11:28:49Z,47,69,77,49.51,32.18,984.64 
07/10/2021T11:29:20Z,49,75,83,49.14,32.14,984.85 
07/10/2021T11:29:50Z,52,77,85,49.29,32.12,984.78 
07/10/2021T11:30:21Z,49,79,85,50.31,32.08,984.24 
07/10/2021T11:30:52Z,46,70,80,49.29,32.09,984.74 
07/10/2021T11:31:23Z,46,71,79,49.33,32.10,984.74 
07/10/2021T11:31:54Z,44,68,76,49.14,32.12,984.81 
07/10/2021T11:32:25Z,47,75,84,49.08,32.14,984.90 
07/10/2021T11:32:55Z,47,72,80,49.59,32.14,984.52 
07/10/2021T11:33:26Z,50,76,85,49.37,32.14,984.65 
07/10/2021T11:33:56Z,51,79,87,49.63,32.15,984.54 
07/10/2021T11:34:27Z,49,74,83,50.42,32.12,984.11 
07/10/2021T11:34:57Z,49,77,87,51.34,32.09,983.57 
07/10/2021T11:35:28Z,51,80,88,51.47,32.04,983.51 
07/10/2021T11:35:58Z,51,79,90,51.08,32.03,983.73 
07/10/2021T11:36:28Z,47,73,82,50.55,32.07,984.08 
07/10/2021T11:36:58Z,49,74,86,51.18,32.09,983.69 
07/10/2021T11:37:29Z,53,83,91,51.72,32.05,983.44 
07/10/2021T11:38:00Z,53,84,100,52.11,31.99,983.23 
07/10/2021T11:38:30Z,56,87,107,52.83,31.95,982.90 
07/10/2021T11:39:00Z,56,87,98,52.98,31.93,982.86 
07/10/2021T11:39:30Z,55,87,98,52.98,31.93,982.90 
07/10/2021T11:40:00Z,53,82,93,52.49,31.96,983.13 
07/10/2021T11:40:32Z,51,81,89,51.85,31.99,983.51 
07/10/2021T11:41:02Z,52,82,88,51.87,32.01,983.47 
07/10/2021T11:41:33Z,55,82,89,52.39,32.01,983.24 
07/10/2021T11:42:04Z,56,85,95,53.32,31.94,982.79 
07/10/2021T11:42:35Z,55,88,101,54.08,31.87,982.48 
07/10/2021T11:43:06Z,57,89,101,54.46,31.79,982.37 
07/10/2021T11:43:37Z,57,90,105,54.80,31.76,982.33 
07/10/2021T11:44:07Z,56,87,99,54.16,31.78,982.67 
07/10/2021T11:44:37Z,53,83,88,52.81,31.83,983.33 
07/10/2021T11:45:07Z,52,82,92,52.78,31.89,983.33 
07/10/2021T11:45:38Z,51,76,85,52.57,31.93,983.39 
07/10/2021T11:46:09Z,55,83,89,51.93,31.95,983.62 
07/10/2021T11:46:40Z,60,92,99,52.35,32.01,983.49 
07/10/2021T11:47:10Z,57,85,95,51.72,32.03,983.70 
07/10/2021T11:47:41Z,56,83,91,52.29,32.04,983.43 
07/10/2021T11:48:11Z,53,79,86,52.09,32.05,983.54 
07/10/2021T11:48:42Z,52,82,90,52.55,32.05,983.28 
07/10/2021T11:49:12Z,53,81,89,52.59,32.04,983.25 
07/10/2021T11:49:42Z,50,76,88,52.35,32.05,983.35 
07/10/2021T11:50:13Z,49,76,82,51.88,32.05,983.65 
07/10/2021T11:50:43Z,51,81,86,52.65,32.05,983.18 
07/10/2021T11:51:14Z,51,76,83,52.25,32.05,983.40 
07/10/2021T11:51:44Z,49,74,83,50.66,32.06,984.25 
07/10/2021T11:52:14Z,52,77,83,51.80,32.06,983.63 
07/10/2021T11:52:44Z,54,82,89,51.94,32.04,983.51 
07/10/2021T11:53:15Z,57,88,95,51.29,32.02,983.84 
07/10/2021T11:53:45Z,54,82,89,51.14,32.03,983.99 
07/10/2021T11:54:16Z,53,81,90,51.67,32.03,983.69 
07/10/2021T11:54:47Z,53,80,88,51.73,32.02,983.64 
07/10/2021T11:55:18Z,52,79,88,51.92,32.02,983.55 
07/10/2021T11:55:48Z,51,80,87,51.80,32.01,983.60 
07/10/2021T11:56:19Z,54,83,90,52.32,32.01,983.33 
07/10/2021T11:56:49Z,53,79,85,53.03,31.98,983.01 
07/10/2021T11:57:20Z,54,78,86,52.93,31.97,983.04 
07/10/2021T11:57:50Z,52,78,91,52.67,31.97,983.19 
07/10/2021T11:58:21Z,54,81,92,53.60,31.95,982.77 
07/10/2021T11:58:51Z,54,84,95,53.77,31.94,982.69 
07/10/2021T11:59:22Z,54,82,91,53.79,31.93,982.71 
07/10/2021T11:59:52Z,53,79,88,53.68,31.92,982.77 
07/10/2021T12:00:23Z,51,79,85,54.24,31.90,982.57 
07/10/2021T12:00:54Z,52,79,86,54.01,31.90,982.67 
07/10/2021T12:01:25Z,52,78,85,53.38,31.90,983.00 
07/10/2021T12:01:56Z,50,76,85,52.96,31.91,983.20 
07/10/2021T12:02:26Z,49,74,82,52.40,31.93,983.48 
07/10/2021T12:02:57Z,52,77,83,53.31,31.94,983.02 
07/10/2021T12:03:27Z,50,77,82,53.53,31.95,982.88 
07/10/2021T12:03:58Z,51,78,85,53.82,31.95,982.73 
07/10/2021T12:04:28Z,51,79,86,53.42,31.94,982.94 
07/10/2021T12:04:59Z,52,78,86,53.18,31.92,983.07 
07/10/2021T12:05:29Z,50,74,82,53.36,31.91,983.00 
07/10/2021T12:06:00Z,50,75,84,52.47,31.92,983.41 
07/10/2021T12:06:31Z,48,74,82,52.23,31.92,983.57 
07/10/2021T12:07:02Z,50,78,91,52.71,31.91,983.30 
07/10/2021T12:07:32Z,48,75,88,52.66,31.90,983.30 
07/10/2021T12:08:02Z,47,69,80,52.06,31.90,983.61 
07/10/2021T12:08:32Z,49,75,84,52.10,31.89,983.62 
07/10/2021T12:09:03Z,49,74,81,51.89,31.88,983.69 
07/10/2021T12:09:33Z,48,71,79,51.79,31.91,983.73 
07/10/2021T12:10:03Z,48,72,82,51.55,31.93,983.86 
07/10/2021T12:10:34Z,47,72,81,51.82,31.93,983.72 
07/10/2021T12:11:04Z,48,72,78,52.01,31.93,983.60 
07/10/2021T12:11:35Z,57,84,92,52.04,31.93,983.58 
07/10/2021T12:12:06Z,59,86,94,52.23,31.91,983.47 
07/10/2021T12:12:36Z,55,82,89,52.89,31.90,983.15 
07/10/2021T12:13:06Z,54,80,89,53.30,31.89,982.93 
07/10/2021T12:13:37Z,53,79,86,53.45,31.91,982.89 
07/10/2021T12:14:07Z,54,82,89,53.21,31.91,983.01 
07/10/2021T12:14:38Z,54,81,86,53.42,31.91,982.91 
07/10/2021T12:15:08Z,53,83,91,54.13,31.93,982.62 
07/10/2021T12:15:38Z,58,86,96,54.42,31.94,982.51 
07/10/2021T12:16:09Z,61,90,98,54.33,31.96,982.58 
07/10/2021T12:16:40Z,58,87,97,54.63,31.99,982.48 
07/10/2021T12:17:10Z,57,83,92,54.54,32.00,982.55 
07/10/2021T12:17:41Z,54,83,93,54.85,31.99,982.43 
07/10/2021T12:18:12Z,53,81,89,54.49,31.99,982.63 
07/10/2021T12:18:42Z,54,82,91,54.37,31.97,982.71 
07/10/2021T12:19:13Z,55,86,97,54.83,31.98,982.50 
07/10/2021T12:19:43Z,55,83,92,54.44,31.98,982.71 
07/10/2021T12:20:14Z,55,82,91,55.02,31.98,982.46 
07/10/2021T12:20:44Z,56,83,91,54.69,31.98,982.62 
07/10/2021T12:21:15Z,57,87,98,55.42,31.93,982.38 
07/10/2021T12:21:46Z,63,94,108,56.52,31.91,982.12 
07/10/2021T12:22:16Z,71,113,122,56.93,31.92,982.13 
07/10/2021T12:22:47Z,74,115,128,57.09,31.93,982.18 
07/10/2021T12:23:18Z,73,113,123,56.77,31.94,982.32 
07/10/2021T12:23:48Z,72,109,122,56.77,31.95,982.35 
07/10/2021T12:24:19Z,66,97,110,56.98,31.90,982.32 
07/10/2021T12:24:49Z,63,97,105,55.80,31.93,982.74 
07/10/2021T12:25:19Z,65,99,109,56.26,31.96,982.58 
07/10/2021T12:25:50Z,65,99,111,56.41,31.92,982.52 
07/10/2021T12:26:21Z,68,101,112,56.22,31.89,982.62 
07/10/2021T12:26:51Z,77,120,132,55.52,31.88,982.89 
07/10/2021T12:27:22Z,89,136,151,55.64,31.89,982.83 
07/10/2021T12:27:52Z,81,124,135,55.55,31.92,982.85 
07/10/2021T12:28:22Z,78,119,129,55.70,31.93,982.77 
07/10/2021T12:28:52Z,90,140,156,54.90,31.90,983.07 
07/10/2021T12:29:23Z,73,113,126,54.87,31.88,983.10 
07/10/2021T12:29:53Z,77,122,134,56.26,31.91,982.52 
07/10/2021T12:30:24Z,75,117,130,56.24,31.92,982.56 
07/10/2021T12:30:54Z,74,115,126,56.24,31.87,982.59 
07/10/2021T12:31:24Z,84,134,153,56.43,31.84,982.55 
07/10/2021T12:31:55Z,81,125,141,57.05,31.91,982.36 
07/10/2021T12:32:26Z,82,127,141,56.67,31.98,982.49 
07/10/2021T12:32:56Z,98,153,167,56.58,32.01,982.52 
07/10/2021T12:33:26Z,113,176,196,56.48,32.02,982.56 
07/10/2021T12:33:57Z,108,172,188,56.38,32.06,982.59 
07/10/2021T12:34:27Z,101,159,174,56.38,32.09,982.59 
07/10/2021T12:34:58Z,98,147,159,56.22,32.09,982.66 
07/10/2021T12:35:29Z,92,146,164,56.39,32.07,982.60 
07/10/2021T12:35:59Z,100,157,177,56.49,32.02,982.57 
07/10/2021T12:36:30Z,94,149,167,56.64,32.01,982.54 
07/10/2021T12:37:00Z,94,145,156,56.71,32.02,982.53 
07/10/2021T12:37:31Z,115,183,205,56.39,32.03,982.64 
07/10/2021T12:38:02Z,116,182,203,56.59,32.03,982.57 
07/10/2021T12:38:32Z,122,196,215,56.87,32.01,982.49 
07/10/2021T12:39:03Z,107,169,189,57.22,32.03,982.40 
07/10/2021T12:39:34Z,100,157,179,57.53,32.03,982.35 
07/10/2021T12:40:04Z,97,152,169,57.80,32.03,982.33 
07/10/2021T12:40:34Z,92,142,159,57.82,32.03,982.36 
07/10/2021T12:41:05Z,92,141,152,57.62,32.01,982.45 
07/10/2021T12:41:36Z,95,148,166,57.81,32.02,982.41 
07/10/2021T12:42:06Z,96,148,164,57.54,32.03,982.51 
07/10/2021T12:42:37Z,90,138,153,57.23,32.02,982.62 
07/10/2021T12:43:08Z,94,143,155,57.65,32.03,982.50 
07/10/2021T12:43:38Z,100,156,178,57.84,32.02,982.46 
07/10/2021T12:44:09Z,107,162,179,57.79,32.02,982.51 
07/10/2021T12:44:39Z,99,154,172,57.61,31.99,982.59 
07/10/2021T12:45:09Z,98,149,163,57.98,31.98,982.50 
07/10/2021T12:45:40Z,98,150,164,58.14,32.05,982.47 
07/10/2021T12:46:11Z,97,149,169,57.80,32.07,982.60 
07/10/2021T12:46:42Z,96,147,166,57.75,32.10,982.62 
07/10/2021T12:47:12Z,95,144,162,57.57,32.11,982.67 
07/10/2021T12:47:43Z,94,142,157,57.59,32.06,982.66 
07/10/2021T12:48:13Z,94,143,158,58.05,32.05,982.54 
07/10/2021T12:48:44Z,94,141,159,57.84,32.03,982.61 
07/10/2021T12:49:15Z,97,144,161,57.73,32.02,982.65 
07/10/2021T12:49:45Z,95,138,150,57.77,32.03,982.64 
07/10/2021T12:50:16Z,91,141,153,57.43,32.05,982.74 
07/10/2021T12:50:46Z,91,140,151,56.95,32.05,982.88 
07/10/2021T12:51:16Z,94,145,154,56.88,32.02,982.87 
07/10/2021T12:51:46Z,101,157,172,56.85,32.00,982.86 
07/10/2021T12:52:16Z,105,163,181,57.04,31.98,982.80 
07/10/2021T12:52:46Z,97,150,161,56.70,32.00,982.92 
07/10/2021T12:53:17Z,96,147,163,56.72,32.01,982.88 
07/10/2021T12:53:48Z,94,144,159,56.94,32.02,982.78 
07/10/2021T12:54:18Z,91,142,158,57.39,32.01,982.64 
07/10/2021T12:54:49Z,95,145,158,57.56,32.05,982.61 
07/10/2021T12:55:20Z,100,152,171,57.71,32.01,982.59 
07/10/2021T12:55:51Z,106,159,181,58.07,31.96,982.53 
07/10/2021T12:56:21Z,126,187,206,58.59,31.95,982.43 
07/10/2021T12:56:51Z,118,180,198,58.34,31.96,982.52 
07/10/2021T12:57:22Z,117,178,196,58.34,31.94,982.56 
07/10/2021T12:57:53Z,127,196,218,58.25,31.98,982.58 
07/10/2021T12:58:23Z,135,206,231,58.20,32.02,982.58 
07/10/2021T12:58:53Z,122,185,202,57.71,31.98,982.75 
07/10/2021T12:59:23Z,129,196,212,56.53,31.91,983.08 
07/10/2021T12:59:54Z,127,197,221,57.08,31.87,982.85 
07/10/2021T13:00:24Z,118,181,201,57.98,31.84,982.61 
07/10/2021T13:00:55Z,121,189,206,58.37,31.81,982.52 
07/10/2021T13:01:25Z,144,226,253,58.44,31.81,982.55 
07/10/2021T13:01:55Z,128,198,228,58.27,31.80,982.63 
07/10/2021T13:02:26Z,114,183,204,58.13,31.74,982.66 
07/10/2021T13:02:57Z,101,156,170,57.65,31.70,982.79 
07/10/2021T13:03:27Z,115,183,205,57.61,31.70,982.80 
07/10/2021T13:03:58Z,151,248,277,56.78,31.72,983.05 
07/10/2021T13:04:28Z,133,221,248,57.53,31.71,982.76 
07/10/2021T13:04:58Z,109,172,198,57.39,31.70,982.81 
07/10/2021T13:05:28Z,132,213,241,57.86,31.74,982.68 
07/10/2021T13:05:59Z,121,197,221,57.77,31.74,982.73 
07/10/2021T13:06:29Z,109,172,190,57.78,31.68,982.73 
07/10/2021T13:06:59Z,158,266,303,57.85,31.67,982.73 
07/10/2021T13:07:30Z,182,317,362,58.12,31.73,982.66 
07/10/2021T13:08:00Z,178,314,361,58.33,31.75,982.59 
07/10/2021T13:08:30Z,155,265,303,58.70,31.79,982.52 
07/10/2021T13:09:01Z,128,208,233,58.22,31.77,982.67 
07/10/2021T13:09:32Z,120,198,223,58.62,31.77,982.59 
07/10/2021T13:10:02Z,111,178,195,58.42,31.73,982.66 
07/10/2021T13:10:32Z,111,178,197,58.66,31.69,982.62 
07/10/2021T13:11:03Z,113,183,209,58.85,31.69,982.59 
07/10/2021T13:11:33Z,111,178,206,58.51,31.66,982.71 
07/10/2021T13:12:04Z,108,171,191,59.02,31.65,982.59 
07/10/2021T13:12:35Z,114,183,202,59.13,31.68,982.59 
07/10/2021T13:13:05Z,116,186,208,59.14,31.67,982.60 
07/10/2021T13:13:35Z,127,211,238,58.89,31.64,982.69 
07/10/2021T13:14:06Z,126,205,231,59.42,31.61,982.58 
07/10/2021T13:14:36Z,127,204,228,59.53,31.58,982.59 
07/10/2021T13:15:06Z,135,212,237,59.67,31.60,982.58 
07/10/2021T13:15:36Z,135,218,239,59.30,31.65,982.69 
07/10/2021T13:16:07Z,132,208,233,59.44,31.72,982.65 
07/10/2021T13:16:37Z,121,193,218,59.16,31.71,982.70 
07/10/2021T13:17:08Z,116,187,207,59.03,31.72,982.75 
07/10/2021T13:17:39Z,114,181,200,58.99,31.67,982.76 
07/10/2021T13:18:09Z,118,187,208,59.03,31.66,982.75 
07/10/2021T13:18:40Z,117,181,200,59.17,31.65,982.72 
07/10/2021T13:19:11Z,117,180,198,59.41,31.62,982.67 
07/10/2021T13:19:41Z,116,176,191,59.64,31.57,982.65 
07/10/2021T13:20:12Z,112,176,194,60.08,31.61,982.58 
07/10/2021T13:20:42Z,111,175,199,59.61,31.64,982.71 
07/10/2021T13:21:12Z,110,170,191,59.45,31.60,982.74 
07/10/2021T13:21:43Z,108,168,187,59.62,31.57,982.71 
07/10/2021T13:22:13Z,108,166,182,59.53,31.58,982.73 
07/10/2021T13:22:43Z,111,171,189,59.65,31.60,982.70 
07/10/2021T13:23:14Z,109,163,177,59.55,31.60,982.72 
07/10/2021T13:23:44Z,107,163,177,59.74,31.63,982.68 
07/10/2021T13:24:14Z,105,164,181,59.64,31.65,982.71 
07/10/2021T13:24:45Z,107,162,180,59.56,31.67,982.73 
07/10/2021T13:25:15Z,112,172,189,59.25,31.67,982.78 
07/10/2021T13:25:45Z,113,174,192,59.28,31.67,982.76 
07/10/2021T13:26:16Z,153,232,256,59.55,31.68,982.69 
07/10/2021T13:26:46Z,130,197,214,59.44,31.62,982.74 
07/10/2021T13:27:17Z,120,188,208,59.41,31.61,982.73 
07/10/2021T13:27:48Z,116,185,207,59.53,31.61,982.73 
07/10/2021T13:28:18Z,112,170,185,59.43,31.64,982.76 
07/10/2021T13:28:49Z,108,168,187,59.24,31.65,982.78 
07/10/2021T13:29:19Z,108,166,185,59.65,31.65,982.70 
07/10/2021T13:29:50Z,104,162,182,59.85,31.66,982.67 
07/10/2021T13:30:20Z,108,166,180,59.64,31.62,982.74 
07/10/2021T13:30:51Z,114,179,198,59.21,31.65,982.84 
07/10/2021T13:31:21Z,121,189,208,59.32,31.65,982.81 
07/10/2021T13:31:51Z,127,197,218,59.57,31.65,982.75 
07/10/2021T13:32:22Z,122,191,214,59.84,31.67,982.71 
07/10/2021T13:32:52Z,129,196,218,59.98,31.71,982.69 
07/10/2021T13:33:22Z,133,210,239,59.79,31.71,982.75 
07/10/2021T13:33:53Z,136,216,242,60.12,31.69,982.69 
07/10/2021T13:34:23Z,140,224,254,59.85,31.69,982.77 
07/10/2021T13:34:53Z,141,221,254,59.88,31.71,982.77 
07/10/2021T13:35:24Z,133,206,235,59.74,31.70,982.80 
07/10/2021T13:35:54Z,133,206,235,59.46,31.69,982.85 
07/10/2021T13:36:25Z,129,207,224,59.95,31.72,982.74 
07/10/2021T13:36:56Z,126,198,223,60.12,31.72,982.72 
07/10/2021T13:37:26Z,128,197,224,59.98,31.70,982.77 
07/10/2021T13:37:56Z,130,205,225,59.72,31.70,982.81 
07/10/2021T13:38:27Z,127,201,220,59.72,31.69,982.81 
07/10/2021T13:38:58Z,125,195,217,59.43,31.64,982.85 
07/10/2021T13:39:28Z,124,189,211,59.95,31.66,982.75 
07/10/2021T13:39:58Z,120,186,208,59.90,31.67,982.78 
07/10/2021T13:40:29Z,123,189,216,59.58,31.72,982.84 
07/10/2021T13:40:59Z,117,184,202,59.28,31.70,982.89 
07/10/2021T13:41:29Z,114,178,200,59.09,31.70,982.92 
07/10/2021T13:41:59Z,112,178,200,58.82,31.70,982.95 
07/10/2021T13:42:29Z,108,167,184,58.83,31.72,982.93 
07/10/2021T13:42:59Z,110,169,190,58.93,31.80,982.92 
07/10/2021T13:43:30Z,109,170,196,58.65,31.80,983.01 
07/10/2021T13:44:01Z,111,170,190,58.57,31.77,983.01 
07/10/2021T13:44:32Z,106,166,180,58.74,31.74,982.96 
07/10/2021T13:45:02Z,106,169,190,58.67,31.67,983.00 
07/10/2021T13:45:32Z,110,172,193,59.42,31.61,982.83 
07/10/2021T13:46:03Z,108,171,190,59.27,31.61,982.91 
07/10/2021T13:46:33Z,104,170,186,59.19,31.63,982.93 
07/10/2021T13:47:04Z,105,165,182,59.06,31.67,982.96 
07/10/2021T13:47:35Z,102,164,183,58.85,31.67,983.02 
07/10/2021T13:48:05Z,100,159,182,58.84,31.68,983.00 
07/10/2021T13:48:36Z,101,164,178,58.85,31.70,982.99 
07/10/2021T13:49:06Z,107,168,184,59.07,31.66,982.95 
07/10/2021T13:49:37Z,108,171,192,59.12,31.64,982.96 
07/10/2021T13:50:08Z,106,167,186,59.51,31.65,982.88 
07/10/2021T13:50:38Z,107,172,192,59.57,31.67,982.88 
07/10/2021T13:51:09Z,114,180,203,59.51,31.63,982.92 
07/10/2021T13:51:40Z,112,179,208,59.49,31.61,982.93 
07/10/2021T13:52:10Z,110,176,196,59.55,31.62,982.92 
07/10/2021T13:52:40Z,108,172,191,59.85,31.64,982.87 
07/10/2021T13:53:11Z,110,178,200,59.41,31.60,982.98 
07/10/2021T13:53:42Z,114,180,200,59.75,31.61,982.90 
07/10/2021T13:54:12Z,108,171,200,59.08,31.56,983.08 
07/10/2021T13:54:42Z,112,175,200,59.37,31.57,982.98 
07/10/2021T13:55:13Z,109,176,192,59.66,31.59,982.93 
07/10/2021T13:55:44Z,107,171,188,59.64,31.62,982.95 
07/10/2021T13:56:14Z,109,176,199,59.36,31.60,983.01 
07/10/2021T13:56:45Z,110,172,188,59.64,31.60,982.94 
07/10/2021T13:57:16Z,110,175,196,59.39,31.64,983.02 
07/10/2021T13:57:46Z,109,175,197,59.12,31.63,983.08 
07/10/2021T13:58:16Z,111,176,198,59.37,31.63,982.99 
07/10/2021T13:58:47Z,109,171,193,59.31,31.65,983.02 
07/10/2021T13:59:18Z,109,172,196,59.49,31.66,982.97 
07/10/2021T13:59:48Z,105,169,190,59.02,31.68,983.10 
07/10/2021T14:00:19Z,107,169,186,59.25,31.71,983.00 
07/10/2021T14:00:49Z,104,167,188,59.29,31.74,983.00 
07/10/2021T14:01:20Z,104,164,184,59.40,31.75,982.99 
07/10/2021T14:01:50Z,104,169,191,59.14,31.74,983.05 
07/10/2021T14:02:20Z,104,167,182,58.86,31.67,983.13 
07/10/2021T14:02:51Z,107,166,183,58.93,31.67,983.12 
07/10/2021T14:03:21Z,106,171,190,59.39,31.74,983.00 
07/10/2021T14:03:52Z,103,162,184,59.37,31.77,983.04 
07/10/2021T14:04:22Z,111,172,191,58.90,31.73,983.15 
07/10/2021T14:04:52Z,108,174,196,58.72,31.73,983.19 
07/10/2021T14:05:22Z,112,181,198,58.71,31.68,983.18 
07/10/2021T14:05:53Z,111,178,196,59.25,31.69,983.05 
07/10/2021T14:06:23Z,112,183,202,59.60,31.70,982.97 
07/10/2021T14:06:54Z,115,185,208,60.00,31.73,982.93 
07/10/2021T14:07:24Z,117,192,219,59.85,31.75,983.00 
07/10/2021T14:07:54Z,117,189,216,59.61,31.70,983.07 
07/10/2021T14:08:25Z,120,197,220,59.79,31.71,983.03 
07/10/2021T14:08:56Z,127,205,232,59.84,31.71,983.03 
07/10/2021T14:09:26Z,131,209,227,59.98,31.71,983.02 
07/10/2021T14:09:56Z,127,207,236,59.97,31.72,983.02 
07/10/2021T14:10:27Z,129,209,235,59.90,31.77,983.05 
07/10/2021T14:10:57Z,135,217,246,59.55,31.76,983.12 
07/10/2021T14:11:27Z,136,219,250,59.48,31.75,983.14 
07/10/2021T14:11:58Z,131,216,242,59.44,31.74,983.17 
07/10/2021T14:12:28Z,134,220,253,59.62,31.71,983.13 
07/10/2021T14:12:59Z,135,216,249,59.86,31.72,983.08 
07/10/2021T14:13:29Z,131,212,235,59.52,31.73,983.17 
07/10/2021T14:14:00Z,128,205,236,59.45,31.79,983.18 
07/10/2021T14:14:30Z,125,205,231,59.16,31.83,983.23 
07/10/2021T14:15:01Z,122,201,227,59.57,31.83,983.12 
07/10/2021T14:15:31Z,125,204,230,59.51,31.84,983.14 
07/10/2021T14:16:02Z,123,198,223,59.60,31.84,983.12 
07/10/2021T14:16:32Z,120,195,216,59.81,31.86,983.09 
07/10/2021T14:17:02Z,120,191,218,59.82,31.83,983.10 
07/10/2021T14:17:33Z,119,192,212,60.17,31.82,983.05 
07/10/2021T14:18:03Z,118,192,213,60.40,31.82,983.02 
07/10/2021T14:18:34Z,114,184,214,60.28,31.83,983.07 
07/10/2021T14:19:04Z,116,184,203,59.86,31.84,983.15 
07/10/2021T14:19:34Z,116,187,211,59.98,31.82,983.12 
07/10/2021T14:20:05Z,126,199,217,59.90,31.83,983.14 
07/10/2021T14:20:35Z,123,196,218,59.74,31.84,983.16 
07/10/2021T14:21:06Z,117,184,210,59.60,31.82,983.18 
07/10/2021T14:21:36Z,117,183,203,59.65,31.81,983.17 
07/10/2021T14:22:07Z,135,215,241,60.03,31.82,983.09 
07/10/2021T14:22:37Z,133,217,240,59.81,31.80,983.15 
07/10/2021T14:23:07Z,134,213,236,60.04,31.79,983.10 
07/10/2021T14:23:38Z,158,254,284,60.23,31.74,983.07 
07/10/2021T14:24:09Z,153,249,278,60.20,31.74,983.09 
07/10/2021T14:24:39Z,133,216,236,60.25,31.73,983.10 
07/10/2021T14:25:10Z,131,206,228,60.34,31.73,983.08 
07/10/2021T14:25:40Z,148,227,253,60.09,31.75,983.14 
07/10/2021T14:26:11Z,135,213,239,60.04,31.75,983.16 
07/10/2021T14:26:41Z,124,197,224,59.58,31.76,983.25 
07/10/2021T14:27:12Z,120,186,208,59.78,31.73,983.18 
07/10/2021T14:27:42Z,124,190,204,59.96,31.72,983.15 
07/10/2021T14:28:12Z,119,182,205,60.08,31.72,983.13 
07/10/2021T14:28:43Z,114,176,191,59.93,31.70,983.20 
07/10/2021T14:29:14Z,114,177,201,59.93,31.70,983.19 
07/10/2021T14:29:44Z,113,173,192,59.97,31.77,983.18 
07/10/2021T14:30:14Z,109,170,186,59.85,31.78,983.20 
07/10/2021T14:30:44Z,112,172,189,60.10,31.75,983.15 
07/10/2021T14:31:14Z,107,168,187,60.24,31.77,983.13 
07/10/2021T14:31:45Z,106,167,183,60.06,31.75,983.17 
07/10/2021T14:32:15Z,102,162,184,60.27,31.69,983.14 
07/10/2021T14:32:46Z,102,156,175,60.61,31.67,983.09 
07/10/2021T14:33:16Z,100,157,175,60.28,31.68,983.17 
07/10/2021T14:33:47Z,96,149,168,60.07,31.65,983.21 
07/10/2021T14:34:17Z,98,154,173,60.51,31.59,983.14 
07/10/2021T14:34:47Z,101,154,169,60.78,31.58,983.10 
07/10/2021T14:35:17Z,101,157,177,60.63,31.60,983.16 
07/10/2021T14:35:48Z,101,162,180,60.38,31.56,983.21 
07/10/2021T14:36:18Z,103,165,185,60.59,31.57,983.17 
07/10/2021T14:36:48Z,104,161,181,60.49,31.58,983.19 
07/10/2021T14:37:19Z,102,161,180,60.92,31.57,983.11 
07/10/2021T14:37:49Z,100,153,168,60.81,31.57,983.16 
07/10/2021T14:38:20Z,102,158,174,60.71,31.53,983.19 
07/10/2021T14:38:51Z,101,155,174,60.82,31.51,983.17 
07/10/2021T14:39:22Z,98,153,173,60.93,31.48,983.15 
07/10/2021T14:39:53Z,96,150,168,60.90,31.55,983.14 
07/10/2021T14:40:23Z,95,147,161,60.77,31.58,983.14 
07/10/2021T14:40:53Z,93,147,166,60.85,31.58,983.13 
07/10/2021T14:41:24Z,89,141,160,60.72,31.58,983.14 
07/10/2021T14:41:54Z,92,143,159,60.81,31.57,983.13 
07/10/2021T14:42:24Z,91,143,159,60.67,31.62,983.16 
07/10/2021T14:42:54Z,90,141,161,60.49,31.67,983.18 
07/10/2021T14:43:24Z,87,139,156,60.39,31.69,983.19 
07/10/2021T14:43:54Z,87,136,153,60.43,31.64,983.18 
07/10/2021T14:44:25Z,85,130,141,60.54,31.53,983.17 
07/10/2021T14:44:55Z,86,132,151,60.86,31.48,983.13 
07/10/2021T14:45:26Z,87,131,147,60.62,31.44,983.18 
07/10/2021T14:45:56Z,81,126,140,60.56,31.42,983.20 
07/10/2021T14:46:26Z,87,132,151,60.49,31.44,983.20 
07/10/2021T14:46:56Z,85,132,146,60.57,31.46,983.19 
07/10/2021T14:47:26Z,85,130,145,60.70,31.48,983.16 
07/10/2021T14:47:57Z,86,131,144,60.57,31.49,983.19 
07/10/2021T14:48:28Z,84,129,143,60.33,31.49,983.23 
07/10/2021T14:48:58Z,84,131,149,60.17,31.47,983.24 
07/10/2021T14:49:29Z,85,131,148,60.34,31.45,983.21 
07/10/2021T14:49:59Z,88,134,143,60.41,31.46,983.20 
07/10/2021T14:50:29Z,85,133,151,60.28,31.46,983.22 
07/10/2021T14:51:00Z,83,125,143,60.55,31.44,983.17 
07/10/2021T14:51:30Z,85,128,142,60.43,31.42,983.19 
07/10/2021T14:52:00Z,84,129,146,60.49,31.37,983.18 
07/10/2021T14:52:31Z,86,129,147,60.71,31.35,983.16 
07/10/2021T14:53:02Z,84,129,142,60.67,31.36,983.18 
07/10/2021T14:53:32Z,86,131,142,60.53,31.37,983.21 
07/10/2021T14:54:02Z,84,129,146,60.26,31.39,983.26 
07/10/2021T14:54:32Z,85,128,140,60.13,31.41,983.25 
07/10/2021T14:55:02Z,84,126,139,59.93,31.43,983.29 
07/10/2021T14:55:33Z,81,123,136,59.52,31.44,983.35 
07/10/2021T14:56:04Z,77,120,129,59.32,31.43,983.36 
07/10/2021T14:56:34Z,77,115,130,59.25,31.43,983.36 
07/10/2021T14:57:05Z,75,112,121,59.07,31.44,983.37 
07/10/2021T14:57:35Z,74,113,129,59.19,31.45,983.32 
07/10/2021T14:58:05Z,75,116,127,59.31,31.43,983.30 
07/10/2021T14:58:35Z,76,115,127,59.30,31.43,983.30 
07/10/2021T14:59:06Z,76,116,129,59.55,31.43,983.24 
07/10/2021T14:59:37Z,74,112,126,59.73,31.42,983.20 
07/10/2021T15:00:08Z,77,118,130,59.75,31.42,983.23 
07/10/2021T15:00:38Z,77,120,134,59.43,31.42,983.29 
07/10/2021T15:01:08Z,75,116,127,59.13,31.42,983.33 
07/10/2021T15:01:38Z,77,117,127,59.37,31.45,983.26 
07/10/2021T15:02:08Z,75,117,130,59.38,31.44,983.27 
07/10/2021T15:02:39Z,75,115,128,59.50,31.43,983.24 
07/10/2021T15:03:09Z,78,115,128,58.96,31.44,983.37 
07/10/2021T15:03:40Z,77,119,132,59.06,31.44,983.30 
07/10/2021T15:04:11Z,79,120,134,59.48,31.45,983.19 
07/10/2021T15:04:42Z,82,125,144,59.41,31.44,983.24 
07/10/2021T15:05:12Z,87,130,143,59.95,31.42,983.12 
07/10/2021T15:05:43Z,86,133,148,60.35,31.45,983.09 
07/10/2021T15:06:13Z,85,133,150,59.81,31.51,983.20 
07/10/2021T15:06:44Z,80,122,132,59.56,31.50,983.25 
07/10/2021T15:07:15Z,77,119,131,59.50,31.48,983.26 
07/10/2021T15:07:45Z,76,115,129,59.78,31.55,983.21 
07/10/2021T15:08:16Z,75,109,121,59.35,31.53,983.28 
07/10/2021T15:08:46Z,75,111,124,59.81,31.59,983.16 
07/10/2021T15:09:17Z,75,112,129,60.03,31.61,983.12 
07/10/2021T15:09:47Z,74,116,126,60.12,31.58,983.13 
07/10/2021T15:10:18Z,74,116,129,60.11,31.51,983.15 
07/10/2021T15:10:48Z,78,119,134,60.63,31.46,983.09 
07/10/2021T15:11:19Z,77,121,131,60.82,31.44,983.09 
07/10/2021T15:11:50Z,75,117,131,60.76,31.38,983.11 
07/10/2021T15:12:20Z,72,112,124,60.92,31.36,983.12 
07/10/2021T15:12:50Z,72,108,121,61.03,31.35,983.09 
07/10/2021T15:13:21Z,73,111,126,60.81,31.35,983.13 
07/10/2021T15:13:52Z,74,114,125,60.50,31.35,983.19 
07/10/2021T15:14:22Z,73,113,124,59.90,31.33,983.26 
07/10/2021T15:14:53Z,73,114,128,60.23,31.31,983.16 
07/10/2021T15:15:23Z,72,111,127,60.25,31.36,983.17 
07/10/2021T15:15:54Z,70,108,120,60.46,31.36,983.12 
07/10/2021T15:16:24Z,70,110,122,60.64,31.38,983.11 
07/10/2021T15:16:54Z,70,109,122,60.67,31.40,983.11 
07/10/2021T15:17:25Z,70,111,127,60.49,31.39,983.13 
07/10/2021T15:17:55Z,68,108,123,60.25,31.38,983.17 
07/10/2021T15:18:26Z,69,105,118,61.05,31.40,983.05 
07/10/2021T15:18:56Z,67,105,118,60.76,31.41,983.14 
07/10/2021T15:19:26Z,68,106,120,61.17,31.43,983.08 
07/10/2021T15:19:57Z,69,105,120,60.70,31.47,983.17 
07/10/2021T15:20:27Z,69,107,120,60.42,31.55,983.19 
07/10/2021T15:20:58Z,67,103,119,59.64,31.61,983.30 
07/10/2021T15:21:28Z,68,103,121,59.47,31.66,983.29 
07/10/2021T15:21:58Z,74,112,128,59.30,31.65,983.30 
07/10/2021T15:22:29Z,119,175,187,59.49,31.69,983.26 
07/10/2021T15:22:59Z,106,155,169,59.21,31.71,983.31 
07/10/2021T15:23:30Z,99,147,159,58.97,31.69,983.35 
07/10/2021T15:24:01Z,93,138,151,58.85,31.68,983.35 
07/10/2021T15:24:31Z,89,133,145,58.82,31.71,983.35 
07/10/2021T15:25:01Z,88,129,141,58.56,31.66,983.39 
07/10/2021T15:25:32Z,83,124,136,58.65,31.59,983.36 
07/10/2021T15:26:02Z,82,121,133,58.85,31.59,983.31 
07/10/2021T15:26:32Z,86,125,140,58.62,31.61,983.36 
07/10/2021T15:27:02Z,85,127,141,58.75,31.59,983.31 
07/10/2021T15:27:33Z,83,123,138,58.92,31.58,983.27 
07/10/2021T15:28:03Z,83,126,140,59.13,31.52,983.23 
07/10/2021T15:28:34Z,81,122,134,59.39,31.47,983.21 
07/10/2021T15:29:05Z,84,126,138,59.45,31.47,983.21 
07/10/2021T15:29:36Z,82,129,145,59.64,31.48,983.17 
07/10/2021T15:30:06Z,81,129,146,59.59,31.48,983.19 
07/10/2021T15:30:37Z,80,123,138,59.79,31.49,983.15 
07/10/2021T15:31:07Z,78,120,135,59.72,31.53,983.19 
07/10/2021T15:31:38Z,77,118,131,59.57,31.56,983.23 
07/10/2021T15:32:08Z,76,115,126,59.61,31.58,983.21 
07/10/2021T15:32:39Z,72,113,126,59.42,31.57,983.26 
07/10/2021T15:33:09Z,70,113,128,59.46,31.54,983.25 
07/10/2021T15:33:40Z,72,107,120,59.54,31.55,983.23 
07/10/2021T15:34:11Z,70,106,120,59.59,31.60,983.21 
07/10/2021T15:34:41Z,70,109,122,59.26,31.61,983.29 
07/10/2021T15:35:11Z,71,109,125,59.40,31.59,983.25 
07/10/2021T15:35:42Z,71,107,123,59.45,31.59,983.24 
07/10/2021T15:36:12Z,71,108,122,59.47,31.59,983.24 
07/10/2021T15:36:43Z,72,111,123,59.21,31.53,983.31 
07/10/2021T15:37:13Z,71,110,122,59.76,31.49,983.18 
07/10/2021T15:37:44Z,71,110,124,59.82,31.55,983.19 
07/10/2021T15:38:15Z,72,109,126,59.57,31.54,983.24 
07/10/2021T15:38:45Z,71,111,127,59.64,31.52,983.24 
07/10/2021T15:39:15Z,69,106,119,59.70,31.49,983.23 
07/10/2021T15:39:46Z,69,105,117,59.33,31.49,983.31 
07/10/2021T15:40:17Z,70,107,118,59.54,31.43,983.25 
07/10/2021T15:40:47Z,69,107,114,59.50,31.41,983.27 
07/10/2021T15:41:18Z,70,109,126,59.62,31.38,983.24 
07/10/2021T15:41:48Z,72,110,122,59.71,31.37,983.22 
07/10/2021T15:42:19Z,74,113,129,59.96,31.35,983.18 
07/10/2021T15:42:49Z,74,111,117,59.88,31.34,983.21 
07/10/2021T15:43:19Z,74,114,126,59.82,31.35,983.23 
07/10/2021T15:43:49Z,70,108,123,59.95,31.36,983.20 
07/10/2021T15:44:19Z,70,110,125,59.81,31.33,983.23 
07/10/2021T15:44:50Z,71,108,119,60.14,31.32,983.17 
07/10/2021T15:45:20Z,71,111,124,60.28,31.35,983.15 
07/10/2021T15:45:51Z,70,109,120,59.87,31.34,983.24 
07/10/2021T15:46:21Z,72,112,128,60.10,31.36,983.19 
07/10/2021T15:46:52Z,73,110,123,59.91,31.41,983.23 
07/10/2021T15:47:23Z,70,107,117,59.54,31.40,983.29 
07/10/2021T15:47:53Z,73,112,126,59.83,31.39,983.23 
07/10/2021T15:48:24Z,72,112,127,59.72,31.40,983.26 
07/10/2021T15:48:55Z,72,113,127,60.07,31.45,983.20 
07/10/2021T15:49:25Z,71,112,123,59.83,31.47,983.23 
07/10/2021T15:49:55Z,70,109,125,59.78,31.46,983.25 
07/10/2021T15:50:25Z,76,117,133,59.71,31.37,983.25 
07/10/2021T15:50:55Z,126,181,197,59.86,31.34,983.23 
07/10/2021T15:51:25Z,127,177,196,59.97,31.34,983.21 
07/10/2021T15:51:56Z,112,161,174,60.32,31.33,983.15 
07/10/2021T15:52:26Z,106,155,172,60.19,31.32,983.18 
07/10/2021T15:52:57Z,101,151,167,59.93,31.27,983.24 
07/10/2021T15:53:28Z,95,141,159,60.31,31.27,983.16 
07/10/2021T15:53:58Z,91,135,149,60.23,31.34,983.18 
07/10/2021T15:54:29Z,88,133,148,60.24,31.42,983.18 
07/10/2021T15:55:00Z,85,129,145,60.16,31.46,983.19 
07/10/2021T15:55:30Z,85,126,144,59.98,31.51,983.20 
07/10/2021T15:56:00Z,80,122,137,59.57,31.57,983.26 
07/10/2021T15:56:31Z,79,120,139,59.28,31.63,983.30 
07/10/2021T15:57:01Z,75,114,129,58.42,31.51,983.45 
07/10/2021T15:57:31Z,74,112,129,59.08,31.36,983.27 
07/10/2021T15:58:02Z,71,111,129,59.17,31.27,983.26 
07/10/2021T15:58:32Z,71,110,127,59.30,31.18,983.24 
07/10/2021T15:59:03Z,71,111,125,59.36,31.10,983.22 
07/10/2021T15:59:34Z,71,108,125,59.02,31.03,983.29 
07/10/2021T16:00:04Z,69,102,113,58.49,30.97,983.43 
07/10/2021T16:00:35Z,67,105,119,59.20,31.06,983.20 
07/10/2021T16:01:06Z,67,101,111,59.11,31.26,983.21 
07/10/2021T16:01:36Z,69,108,118,58.88,31.45,983.24 
07/10/2021T16:02:06Z,70,106,119,58.53,31.57,983.29 
07/10/2021T16:02:37Z,71,109,119,58.86,31.67,983.17 
07/10/2021T16:03:07Z,72,111,123,58.31,31.77,983.31 
07/10/2021T16:03:38Z,72,114,128,58.15,31.74,983.30 
07/10/2021T16:04:08Z,74,117,136,58.14,31.76,983.32 
07/10/2021T16:04:39Z,73,113,131,58.15,31.78,983.30 
07/10/2021T16:05:10Z,73,113,132,58.12,31.76,983.31 
07/10/2021T16:05:40Z,70,109,129,58.35,31.79,983.25 
07/10/2021T16:06:11Z,70,113,134,58.04,31.85,983.33 
07/10/2021T16:06:42Z,74,114,131,58.16,31.86,983.26 
07/10/2021T16:07:13Z,77,119,135,57.43,31.87,983.44 
07/10/2021T16:07:43Z,74,115,131,57.45,31.86,983.39 
07/10/2021T16:08:13Z,76,118,135,57.88,31.88,983.24 
07/10/2021T16:08:44Z,74,116,128,57.85,31.92,983.24 
07/10/2021T16:09:14Z,74,116,128,57.73,31.96,983.28 
07/10/2021T16:09:44Z,74,118,131,57.79,31.99,983.24 
07/10/2021T16:10:14Z,74,115,130,57.81,32.01,983.23 
07/10/2021T16:10:45Z,75,115,125,57.72,32.03,983.24 
07/10/2021T16:11:15Z,73,114,126,57.71,32.04,983.24 
07/10/2021T16:11:45Z,74,116,128,57.69,32.06,983.25 
07/10/2021T16:12:16Z,71,113,129,57.64,32.06,983.28 
07/10/2021T16:12:46Z,72,113,126,57.65,32.07,983.26 
07/10/2021T16:13:16Z,72,115,131,57.64,32.07,983.26 
07/10/2021T16:13:47Z,71,110,124,57.60,32.08,983.28 
07/10/2021T16:14:18Z,71,109,124,57.59,32.09,983.27 
07/10/2021T16:14:48Z,71,109,123,57.57,32.09,983.28 
07/10/2021T16:15:18Z,72,109,118,57.57,32.10,983.27 
07/10/2021T16:15:49Z,71,109,124,57.58,32.10,983.26 
07/10/2021T16:16:19Z,69,110,123,57.58,32.09,983.27 
07/10/2021T16:16:49Z,70,107,119,57.61,32.09,983.25 
07/10/2021T16:17:20Z,70,107,116,57.57,32.09,983.26 
07/10/2021T16:17:51Z,70,110,124,57.53,32.10,983.28 
07/10/2021T16:18:21Z,71,109,121,57.54,32.10,983.27 
07/10/2021T16:18:52Z,70,106,119,57.57,32.10,983.26 
07/10/2021T16:19:23Z,70,108,121,57.58,32.09,983.25 
07/10/2021T16:19:53Z,70,106,120,57.56,32.08,983.25 
07/10/2021T16:20:23Z,71,109,124,57.53,32.09,983.25 
07/10/2021T16:20:54Z,70,109,121,57.56,32.09,983.23 
07/10/2021T16:21:25Z,71,107,120,57.64,32.07,983.21 
07/10/2021T16:21:55Z,70,106,118,57.60,32.07,983.23 
07/10/2021T16:22:25Z,69,104,120,57.54,32.08,983.23 
07/10/2021T16:22:56Z,69,104,114,57.62,32.07,983.18 
07/10/2021T16:23:26Z,68,105,116,57.65,32.06,983.20 
07/10/2021T16:23:57Z,69,107,117,57.59,32.06,983.22 
07/10/2021T16:24:27Z,69,103,115,57.59,32.06,983.20 
07/10/2021T16:24:58Z,69,108,118,57.63,32.05,983.19 
07/10/2021T16:25:29Z,70,108,119,57.66,32.04,983.16 
07/10/2021T16:25:59Z,69,105,122,57.69,32.03,983.15 
07/10/2021T16:26:29Z,69,105,116,57.61,32.04,983.18 
07/10/2021T16:27:00Z,68,105,118,57.69,32.04,983.14 
07/10/2021T16:27:30Z,70,104,116,57.65,32.04,983.16 
07/10/2021T16:28:01Z,72,109,121,57.61,32.03,983.18 
07/10/2021T16:28:31Z,71,108,121,57.65,32.04,983.16 
07/10/2021T16:29:02Z,74,110,119,57.69,32.03,983.14 
07/10/2021T16:29:32Z,73,111,121,57.65,32.01,983.16 
07/10/2021T16:30:02Z,70,108,122,57.70,32.02,983.15 
07/10/2021T16:30:33Z,70,106,117,57.72,32.01,983.16 
07/10/2021T16:31:03Z,69,106,116,57.83,31.99,983.14 
07/10/2021T16:31:33Z,70,106,116,57.80,31.99,983.16 
07/10/2021T16:32:03Z,71,109,118,57.84,31.99,983.13 
07/10/2021T16:32:33Z,68,102,109,57.76,31.99,983.17 
07/10/2021T16:33:04Z,69,104,114,57.80,31.99,983.16 
07/10/2021T16:33:34Z,69,104,113,57.76,31.99,983.19 
07/10/2021T16:34:05Z,68,101,111,57.73,31.99,983.19 
07/10/2021T16:34:35Z,67,102,111,57.78,31.99,983.18 
07/10/2021T16:35:06Z,69,105,115,57.70,31.99,983.22 
07/10/2021T16:35:37Z,69,104,115,57.81,31.98,983.17 
07/10/2021T16:36:07Z,69,105,113,57.76,31.97,983.19 
07/10/2021T16:36:38Z,72,107,115,57.78,31.97,983.20 
07/10/2021T16:37:09Z,72,106,112,57.76,31.97,983.20 
07/10/2021T16:37:39Z,72,107,118,57.80,31.97,983.18 
07/10/2021T16:38:10Z,68,104,117,57.73,31.97,983.21 
07/10/2021T16:38:40Z,71,106,119,57.80,31.96,983.18 
07/10/2021T16:39:11Z,70,103,115,57.89,31.94,983.15 
07/10/2021T16:39:42Z,70,106,116,57.81,31.95,983.20 
07/10/2021T16:40:12Z,71,106,117,57.77,31.95,983.20 
07/10/2021T16:40:43Z,71,107,116,57.78,31.95,983.20 
07/10/2021T16:41:13Z,70,109,122,57.88,31.92,983.18 
07/10/2021T16:41:43Z,68,104,117,57.86,31.93,983.19 
07/10/2021T16:42:13Z,72,108,119,57.85,31.92,983.18 
07/10/2021T16:42:44Z,69,106,116,57.91,31.92,983.16 
07/10/2021T16:43:15Z,67,103,115,57.82,31.92,983.21 
07/10/2021T16:43:46Z,68,100,110,57.82,31.92,983.21 
07/10/2021T16:44:16Z,68,99,107,57.91,31.92,983.17 
07/10/2021T16:44:46Z,68,101,108,57.96,31.90,983.16 
07/10/2021T16:45:17Z,68,100,111,57.95,31.89,983.19 
07/10/2021T16:45:48Z,67,100,114,57.91,31.89,983.20 
07/10/2021T16:46:18Z,66,99,108,57.82,31.89,983.24 
07/10/2021T16:46:49Z,66,102,112,57.87,31.89,983.22 
07/10/2021T16:47:20Z,67,99,112,57.86,31.89,983.22 
07/10/2021T16:47:51Z,68,98,105,57.81,31.89,983.25 
07/10/2021T16:48:21Z,67,99,108,57.84,31.88,983.23 
07/10/2021T16:48:52Z,67,98,106,57.80,31.88,983.24 
07/10/2021T16:49:22Z,67,101,109,57.89,31.87,983.19 
07/10/2021T16:49:53Z,67,99,107,57.87,31.86,983.22 
07/10/2021T16:50:23Z,66,101,108,57.95,31.86,983.18 
07/10/2021T16:50:53Z,65,96,107,57.81,31.86,983.23 
07/10/2021T16:51:24Z,65,98,111,57.83,31.86,983.22 
07/10/2021T16:51:54Z,65,98,110,57.95,31.85,983.16 
07/10/2021T16:52:25Z,65,102,116,57.81,31.85,983.23 
07/10/2021T16:52:55Z,67,99,111,57.85,31.84,983.20 
07/10/2021T16:53:25Z,66,96,105,57.74,31.84,983.21 
07/10/2021T16:53:56Z,65,95,106,57.73,31.84,983.22 
07/10/2021T16:54:26Z,62,92,101,57.73,31.84,983.22 
07/10/2021T16:54:57Z,64,96,111,57.80,31.84,983.18 
07/10/2021T16:55:28Z,64,96,101,57.87,31.83,983.16 
07/10/2021T16:55:59Z,66,96,108,57.98,31.82,983.12 
07/10/2021T16:56:29Z,63,95,102,57.87,31.81,983.15 
07/10/2021T16:56:59Z,64,95,101,57.79,31.81,983.19 
07/10/2021T16:57:30Z,66,95,104,57.80,31.82,983.19 
07/10/2021T16:58:00Z,65,96,109,57.78,31.82,983.19 
07/10/2021T16:58:30Z,66,98,108,57.70,31.82,983.22 
07/10/2021T16:59:01Z,63,93,104,57.69,31.82,983.21 
07/10/2021T16:59:31Z,62,95,106,57.71,31.82,983.21 
07/10/2021T17:00:02Z,63,92,99,57.74,31.81,983.19 
07/10/2021T17:00:32Z,63,96,104,57.68,31.80,983.23 
07/10/2021T17:01:03Z,63,95,101,57.86,31.79,983.15 
07/10/2021T17:01:33Z,63,94,103,57.70,31.80,983.21 
07/10/2021T17:02:04Z,64,96,104,57.60,31.81,983.24 
07/10/2021T17:02:34Z,62,92,100,57.68,31.80,983.22 
07/10/2021T17:03:04Z,63,95,109,57.73,31.79,983.21 
07/10/2021T17:03:35Z,63,96,105,57.76,31.79,983.21 
07/10/2021T17:04:05Z,62,93,100,57.72,31.79,983.23 
07/10/2021T17:04:36Z,64,92,100,57.74,31.78,983.22 
07/10/2021T17:05:06Z,62,90,99,57.78,31.78,983.19 
07/10/2021T17:05:37Z,62,93,101,57.71,31.79,983.22 
07/10/2021T17:06:07Z,63,96,101,57.71,31.78,983.21 
07/10/2021T17:06:38Z,63,96,107,57.65,31.78,983.24 
07/10/2021T17:07:08Z,64,94,106,57.60,31.78,983.27 
07/10/2021T17:07:39Z,63,92,102,57.67,31.78,983.22 
07/10/2021T17:08:09Z,62,93,101,57.66,31.78,983.23 
07/10/2021T17:08:40Z,62,91,97,57.56,31.78,983.26 
07/10/2021T17:09:11Z,60,91,100,57.55,31.78,983.24 
07/10/2021T17:09:41Z,63,91,101,57.61,31.77,983.22 
07/10/2021T17:10:11Z,61,92,100,57.57,31.77,983.24 
07/10/2021T17:10:42Z,62,93,100,57.58,31.77,983.22 
07/10/2021T17:11:13Z,63,95,104,57.68,31.77,983.19 
07/10/2021T17:11:43Z,62,92,101,57.60,31.77,983.20 
07/10/2021T17:12:14Z,62,92,101,57.64,31.76,983.21 
07/10/2021T17:12:45Z,59,90,98,57.60,31.75,983.23 
07/10/2021T17:13:15Z,63,91,99,57.67,31.76,983.19 
07/10/2021T17:13:46Z,62,92,101,57.73,31.75,983.20 
07/10/2021T17:14:17Z,60,91,100,57.60,31.75,983.24 
07/10/2021T17:14:47Z,60,91,100,57.57,31.74,983.24 
07/10/2021T17:15:18Z,62,93,100,57.55,31.76,983.26 
07/10/2021T17:15:49Z,59,88,93,57.58,31.75,983.24 
07/10/2021T17:16:19Z,59,89,97,57.63,31.75,983.22 
07/10/2021T17:16:50Z,61,93,100,57.60,31.74,983.25 
07/10/2021T17:17:20Z,59,88,96,57.63,31.74,983.25 
07/10/2021T17:17:51Z,59,89,97,57.70,31.73,983.21 
07/10/2021T17:18:21Z,57,89,95,57.66,31.72,983.22 
07/10/2021T17:18:51Z,61,91,101,57.63,31.72,983.24 
07/10/2021T17:19:21Z,59,89,96,57.68,31.73,983.21 
07/10/2021T17:19:52Z,60,89,97,57.75,31.71,983.19 
07/10/2021T17:20:22Z,59,88,96,57.72,31.70,983.21 
07/10/2021T17:20:52Z,60,90,97,57.67,31.70,983.24 
07/10/2021T17:21:22Z,59,89,96,57.72,31.71,983.21 
07/10/2021T17:21:52Z,57,86,93,57.60,31.70,983.24 
07/10/2021T17:22:23Z,59,88,95,57.68,31.70,983.20 
07/10/2021T17:22:54Z,58,86,92,57.69,31.69,983.20 
07/10/2021T17:23:25Z,59,85,92,57.73,31.69,983.19 
07/10/2021T17:23:55Z,58,88,93,57.71,31.69,983.20 
07/10/2021T17:24:26Z,58,87,93,57.70,31.69,983.20 
07/10/2021T17:24:56Z,61,90,98,57.75,31.67,983.18 
07/10/2021T17:25:26Z,60,91,98,57.67,31.68,983.21 
07/10/2021T17:25:57Z,59,89,95,57.61,31.69,983.21 
07/10/2021T17:26:28Z,58,88,94,57.67,31.69,983.18 
07/10/2021T17:26:59Z,56,85,91,57.71,31.68,983.17 
07/10/2021T17:27:30Z,60,88,94,57.73,31.67,983.16 
07/10/2021T17:28:00Z,57,86,94,57.78,31.67,983.13 
07/10/2021T17:28:30Z,57,86,94,57.65,31.67,983.20 
07/10/2021T17:29:01Z,57,86,94,57.61,31.67,983.21 
07/10/2021T17:29:32Z,59,86,94,57.69,31.67,983.18 
07/10/2021T17:30:02Z,58,88,94,57.63,31.67,983.18 
07/10/2021T17:30:32Z,57,86,95,57.65,31.66,983.18 
07/10/2021T17:31:03Z,58,84,95,57.69,31.66,983.16 
07/10/2021T17:31:33Z,57,86,94,57.71,31.66,983.16 
07/10/2021T17:32:04Z,57,86,91,57.60,31.67,983.21 
07/10/2021T17:32:35Z,59,86,93,57.65,31.66,983.21 
07/10/2021T17:33:06Z,58,85,93,57.62,31.65,983.20 
07/10/2021T17:33:36Z,57,86,91,57.70,31.64,983.18 
07/10/2021T17:34:07Z,58,87,97,57.66,31.65,983.20 
07/10/2021T17:34:37Z,57,87,94,57.70,31.64,983.19 
07/10/2021T17:35:08Z,58,87,96,57.76,31.63,983.17 
07/10/2021T17:35:38Z,57,87,96,57.75,31.63,983.16 
07/10/2021T17:36:08Z,59,89,95,57.72,31.63,983.19 
07/10/2021T17:36:39Z,63,91,99,57.67,31.62,983.21 
07/10/2021T17:37:09Z,61,90,99,57.72,31.63,983.20 
07/10/2021T17:37:39Z,61,89,97,57.68,31.63,983.22 
07/10/2021T17:38:09Z,59,88,95,57.70,31.63,983.20 
07/10/2021T17:38:39Z,59,87,95,57.70,31.62,983.21 
07/10/2021T17:39:10Z,61,87,93,57.71,31.63,983.22 
07/10/2021T17:39:41Z,60,89,97,57.73,31.62,983.21 
07/10/2021T17:40:11Z,60,87,93,57.66,31.62,983.24 
07/10/2021T17:40:42Z,60,88,93,57.67,31.62,983.23 
07/10/2021T17:41:12Z,59,89,99,57.70,31.61,983.22 
07/10/2021T17:41:43Z,60,90,95,57.77,31.60,983.19 
07/10/2021T17:42:13Z,60,91,98,57.74,31.61,983.20 
07/10/2021T17:42:43Z,58,84,90,57.68,31.62,983.20 
07/10/2021T17:43:13Z,60,85,91,57.68,31.63,983.19 
07/10/2021T17:43:44Z,61,89,95,57.63,31.61,983.23 
07/10/2021T17:44:14Z,59,86,91,57.69,31.60,983.20 
07/10/2021T17:44:45Z,60,91,98,57.69,31.60,983.21 
07/10/2021T17:45:16Z,60,87,94,57.65,31.59,983.21 
07/10/2021T17:45:46Z,59,86,92,57.67,31.59,983.21 
07/10/2021T17:46:17Z,61,90,101,57.69,31.59,983.19 
07/10/2021T17:46:48Z,58,86,92,57.61,31.59,983.21 
07/10/2021T17:47:19Z,60,88,95,57.53,31.58,983.24 
07/10/2021T17:47:50Z,61,89,96,57.61,31.59,983.21 
07/10/2021T17:48:20Z,60,87,94,57.59,31.58,983.23 
07/10/2021T17:48:51Z,59,87,93,57.67,31.57,983.19 
07/10/2021T17:49:22Z,58,87,92,57.72,31.57,983.18 
07/10/2021T17:49:52Z,60,86,90,57.67,31.56,983.20 
07/10/2021T17:50:22Z,58,85,93,57.65,31.57,983.21 
07/10/2021T17:50:52Z,59,88,94,57.70,31.56,983.18 
07/10/2021T17:51:23Z,57,87,93,57.65,31.56,983.21 
07/10/2021T17:51:54Z,57,83,90,57.61,31.57,983.20 
07/10/2021T17:52:25Z,57,85,92,57.65,31.56,983.19 
07/10/2021T17:52:56Z,59,84,91,57.66,31.56,983.20 
07/10/2021T17:53:26Z,58,84,91,57.60,31.56,983.23 
07/10/2021T17:53:57Z,57,85,94,57.63,31.56,983.20 
07/10/2021T17:54:28Z,58,84,92,57.52,31.56,983.23 
07/10/2021T17:54:58Z,58,84,91,57.60,31.55,983.20 
07/10/2021T17:55:28Z,57,85,95,57.60,31.55,983.20 
07/10/2021T17:55:59Z,57,84,90,57.52,31.56,983.24 
07/10/2021T17:56:29Z,57,85,90,57.54,31.56,983.23 
07/10/2021T17:57:00Z,59,84,89,57.58,31.56,983.18 
07/10/2021T17:57:30Z,55,82,90,57.57,31.55,983.20 
07/10/2021T17:58:01Z,58,86,92,57.55,31.55,983.20 
07/10/2021T17:58:31Z,54,81,86,57.64,31.54,983.17 
07/10/2021T17:59:01Z,55,82,91,57.60,31.54,983.17 
07/10/2021T17:59:32Z,54,77,85,57.56,31.54,983.17 
07/10/2021T18:00:03Z,55,81,86,57.60,31.54,983.13 
07/10/2021T18:00:33Z,54,78,85,57.60,31.53,983.15 
07/10/2021T18:01:03Z,55,81,88,57.64,31.52,983.12 
07/10/2021T18:01:34Z,56,81,87,57.61,31.53,983.12 
07/10/2021T18:02:05Z,54,81,86,57.62,31.54,983.10 
07/10/2021T18:02:35Z,55,80,85,57.62,31.54,983.10 
07/10/2021T18:03:06Z,56,81,88,57.56,31.54,983.13 
07/10/2021T18:03:36Z,53,80,87,57.59,31.53,983.12 
07/10/2021T18:04:07Z,53,80,86,57.57,31.52,983.12 
07/10/2021T18:04:37Z,56,80,84,57.55,31.52,983.12 
07/10/2021T18:05:08Z,54,80,86,57.55,31.52,983.12 
07/10/2021T18:05:38Z,54,79,84,57.56,31.51,983.11 
07/10/2021T18:06:08Z,52,78,85,57.56,31.51,983.10 
07/10/2021T18:06:38Z,53,77,83,57.59,31.51,983.10 
07/10/2021T18:07:08Z,53,80,85,57.64,31.50,983.07 
