07/11/2021T03:27:11Z,196,384,440,55.47,21.97,990.38 
07/11/2021T03:27:41Z,216,428,492,55.44,22.07,990.33 
07/11/2021T03:28:12Z,221,430,501,53.40,22.30,991.14 
07/11/2021T03:28:42Z,223,443,517,52.16,22.53,991.63 
07/11/2021T03:29:13Z,226,457,528,51.65,22.65,991.83 
07/11/2021T03:29:43Z,222,463,582,51.43,22.80,991.89 
07/11/2021T03:30:14Z,217,495,657,50.87,22.88,992.06 
07/11/2021T03:30:45Z,207,542,797,50.59,22.94,992.19 
07/11/2021T03:31:16Z,206,563,863,50.51,22.98,992.22 
07/11/2021T03:31:46Z,209,531,801,50.35,23.03,992.29 
07/11/2021T03:32:17Z,214,525,730,50.19,23.04,992.35 
07/11/2021T03:32:48Z,227,510,652,50.40,22.96,992.31 
07/11/2021T03:33:18Z,215,502,680,50.46,23.05,992.23 
07/11/2021T03:33:49Z,221,498,646,50.21,23.11,992.32 
07/11/2021T03:34:19Z,225,487,609,50.17,23.13,992.34 
07/11/2021T03:34:50Z,230,481,593,49.91,23.12,992.43 
07/11/2021T03:35:21Z,226,481,576,50.25,23.04,992.36 
07/11/2021T03:35:52Z,226,476,587,50.21,23.14,992.33 
07/11/2021T03:36:22Z,229,474,562,49.65,23.11,992.53 
07/11/2021T03:36:53Z,229,467,551,50.32,23.10,992.33 
07/11/2021T03:37:24Z,226,467,544,50.13,23.20,992.36 
07/11/2021T03:37:54Z,229,474,565,49.86,23.26,992.45 
07/11/2021T03:38:25Z,232,478,558,50.03,23.30,992.39 
07/11/2021T03:38:55Z,232,469,561,49.92,23.30,992.42 
07/11/2021T03:39:26Z,231,470,551,49.93,23.34,992.41 
07/11/2021T03:39:57Z,230,472,552,49.45,23.34,992.58 
07/11/2021T03:40:28Z,231,458,530,49.56,23.31,992.58 
07/11/2021T03:40:58Z,234,469,539,49.62,23.33,992.55 
07/11/2021T03:41:29Z,228,456,531,49.51,23.38,992.57 
07/11/2021T03:42:00Z,235,467,546,49.25,23.41,992.66 
07/11/2021T03:42:31Z,234,466,546,48.95,23.34,992.78 
07/11/2021T03:43:01Z,230,469,534,49.19,23.30,992.72 
07/11/2021T03:43:31Z,231,475,552,49.45,23.32,992.62 
07/11/2021T03:44:02Z,234,465,531,49.32,23.36,992.66 
07/11/2021T03:44:32Z,233,464,540,48.96,23.38,992.79 
07/11/2021T03:45:03Z,235,469,541,48.98,23.40,992.79 
07/11/2021T03:45:34Z,232,466,539,48.78,23.39,992.87 
07/11/2021T03:46:04Z,236,468,537,48.80,23.42,992.85 
07/11/2021T03:46:35Z,232,466,549,48.66,23.39,992.92 
07/11/2021T03:47:06Z,235,468,544,48.81,23.46,992.83 
07/11/2021T03:47:36Z,228,470,552,48.56,23.49,992.92 
07/11/2021T03:48:07Z,231,468,550,48.65,23.53,992.89 
07/11/2021T03:48:37Z,233,469,533,48.53,23.59,992.92 
07/11/2021T03:49:08Z,231,470,548,48.39,23.64,992.94 
07/11/2021T03:49:38Z,229,469,560,48.26,23.67,992.99 
07/11/2021T03:50:09Z,230,469,551,48.07,23.66,993.07 
07/11/2021T03:50:39Z,230,465,533,48.25,23.66,993.02 
07/11/2021T03:51:10Z,231,471,543,48.09,23.67,993.06 
07/11/2021T03:51:41Z,231,476,548,48.08,23.65,993.09 
07/11/2021T03:52:12Z,233,465,545,48.32,23.47,993.04 
07/11/2021T03:52:42Z,230,469,538,48.87,23.48,992.84 
07/11/2021T03:53:13Z,233,472,551,48.75,23.53,992.83 
07/11/2021T03:53:43Z,230,472,556,48.79,23.56,992.81 
07/11/2021T03:54:13Z,231,476,549,48.77,23.60,992.82 
07/11/2021T03:54:44Z,235,475,547,48.56,23.66,992.91 
07/11/2021T03:55:15Z,234,471,560,48.59,23.69,992.90 
07/11/2021T03:55:45Z,233,472,543,48.74,23.76,992.82 
07/11/2021T03:56:16Z,235,472,548,48.76,23.82,992.78 
07/11/2021T03:56:46Z,231,472,542,48.57,23.87,992.83 
07/11/2021T03:57:17Z,235,471,550,48.34,23.83,992.95 
07/11/2021T03:57:47Z,238,478,552,48.64,23.81,992.86 
07/11/2021T03:58:18Z,270,552,650,48.43,23.63,993.00 
07/11/2021T03:58:48Z,241,483,555,49.16,23.69,992.67 
07/11/2021T03:59:19Z,244,494,562,48.77,23.77,992.79 
07/11/2021T03:59:50Z,240,480,546,48.56,23.77,992.90 
07/11/2021T04:00:20Z,236,472,550,48.58,23.76,992.90 
07/11/2021T04:00:51Z,236,477,552,48.63,23.83,992.81 
07/11/2021T04:01:22Z,234,471,545,48.28,23.85,992.95 
07/11/2021T04:01:52Z,233,471,548,48.18,23.85,992.99 
07/11/2021T04:02:23Z,230,469,547,48.20,23.81,993.03 
07/11/2021T04:02:53Z,232,471,541,48.01,23.70,993.12 
07/11/2021T04:03:24Z,237,479,555,48.42,23.47,993.04 
07/11/2021T04:03:55Z,237,472,544,48.85,23.41,992.84 
07/11/2021T04:04:25Z,237,481,550,49.20,23.46,992.69 
07/11/2021T04:04:56Z,231,469,540,49.15,23.59,992.64 
07/11/2021T04:05:26Z,229,465,536,48.80,23.70,992.72 
07/11/2021T04:05:57Z,240,480,559,48.53,23.55,992.89 
07/11/2021T04:06:28Z,235,474,557,49.26,23.59,992.60 
07/11/2021T04:06:59Z,234,470,539,48.94,23.70,992.67 
07/11/2021T04:07:29Z,240,481,552,48.62,23.77,992.79 
07/11/2021T04:07:59Z,235,475,551,48.49,23.77,992.84 
07/11/2021T04:08:30Z,231,459,527,48.33,23.72,992.93 
07/11/2021T04:09:01Z,233,466,532,48.58,23.68,992.84 
07/11/2021T04:09:31Z,232,471,543,48.66,23.73,992.80 
07/11/2021T04:10:01Z,230,465,533,48.63,23.79,992.79 
07/11/2021T04:10:32Z,235,464,532,48.49,23.77,992.86 
07/11/2021T04:11:03Z,229,463,528,48.52,23.80,992.86 
07/11/2021T04:11:34Z,232,465,547,48.52,23.86,992.82 
07/11/2021T04:12:04Z,227,457,534,48.15,23.86,992.99 
07/11/2021T04:12:34Z,232,469,532,48.46,23.82,992.92 
07/11/2021T04:13:05Z,229,457,515,48.45,23.89,992.86 
07/11/2021T04:13:35Z,228,468,546,48.29,23.94,992.91 
07/11/2021T04:14:06Z,229,464,532,48.20,23.92,992.97 
07/11/2021T04:14:37Z,233,470,525,48.22,23.91,992.96 
07/11/2021T04:15:07Z,237,482,553,48.58,23.83,992.89 
07/11/2021T04:15:38Z,234,472,541,48.56,23.89,992.82 
07/11/2021T04:16:09Z,237,477,542,48.41,23.91,992.89 
07/11/2021T04:16:40Z,233,463,527,48.36,23.93,992.88 
07/11/2021T04:17:10Z,231,459,533,48.29,23.91,992.95 
07/11/2021T04:17:41Z,237,467,537,48.49,23.96,992.82 
07/11/2021T04:18:12Z,231,469,537,48.17,23.96,992.96 
07/11/2021T04:18:42Z,226,452,533,48.28,23.96,992.93 
07/11/2021T04:19:13Z,226,456,529,48.36,24.00,992.90 
07/11/2021T04:19:43Z,225,453,524,48.07,24.05,992.99 
07/11/2021T04:20:14Z,229,456,538,48.00,24.06,993.05 
07/11/2021T04:20:45Z,227,454,530,48.18,24.07,992.97 
07/11/2021T04:21:15Z,224,453,526,48.23,24.08,992.94 
07/11/2021T04:21:46Z,232,454,533,48.31,24.12,992.88 
07/11/2021T04:22:17Z,227,446,513,48.17,24.16,992.93 
07/11/2021T04:22:48Z,230,453,522,48.01,24.18,992.97 
07/11/2021T04:23:18Z,228,446,517,47.91,24.19,993.01 
07/11/2021T04:23:49Z,225,443,511,47.85,24.18,993.07 
07/11/2021T04:24:19Z,225,451,527,48.10,24.19,992.96 
07/11/2021T04:24:50Z,221,442,513,47.80,24.19,993.04 
07/11/2021T04:25:21Z,226,450,516,47.85,24.13,993.08 
07/11/2021T04:25:51Z,221,438,511,48.23,24.16,992.92 
07/11/2021T04:26:22Z,220,440,517,48.15,24.19,992.92 
07/11/2021T04:26:53Z,222,445,518,48.25,24.20,992.90 
07/11/2021T04:27:23Z,226,457,525,48.32,24.21,992.86 
07/11/2021T04:27:54Z,225,438,500,48.34,24.25,992.82 
07/11/2021T04:28:25Z,227,442,511,48.24,24.24,992.87 
07/11/2021T04:28:55Z,223,439,507,48.34,24.25,992.82 
07/11/2021T04:29:26Z,221,443,506,48.43,24.22,992.80 
07/11/2021T04:29:56Z,220,433,499,48.60,24.26,992.70 
07/11/2021T04:30:27Z,222,443,514,48.89,24.32,992.59 
07/11/2021T04:30:57Z,223,440,512,48.70,24.35,992.63 
07/11/2021T04:31:27Z,224,435,502,48.57,24.36,992.68 
07/11/2021T04:31:58Z,223,437,498,48.44,24.38,992.74 
07/11/2021T04:32:29Z,224,432,500,48.19,24.38,992.82 
07/11/2021T04:33:00Z,224,447,509,48.23,24.37,992.81 
07/11/2021T04:33:30Z,222,435,496,48.28,24.28,992.83 
07/11/2021T04:34:09Z,219,430,494,48.31,24.30,992.77 
07/11/2021T04:34:40Z,227,443,511,48.19,24.25,992.87 
07/11/2021T04:35:10Z,222,433,497,48.17,24.26,992.85 
07/11/2021T04:35:41Z,221,436,494,48.35,24.30,992.77 
07/11/2021T04:36:12Z,222,431,497,48.32,24.33,992.77 
07/11/2021T04:36:42Z,219,429,501,48.13,24.37,992.80 
07/11/2021T04:37:13Z,220,424,499,48.14,24.36,992.82 
07/11/2021T04:37:44Z,217,425,494,48.14,24.35,992.82 
07/11/2021T04:38:14Z,221,431,502,47.83,24.35,992.91 
07/11/2021T04:38:45Z,220,423,490,48.00,24.32,992.89 
07/11/2021T04:39:16Z,218,427,483,47.97,24.36,992.88 
07/11/2021T04:39:46Z,215,424,485,48.01,24.42,992.84 
07/11/2021T04:40:17Z,220,427,493,47.88,24.45,992.88 
07/11/2021T04:40:48Z,222,426,492,47.77,24.45,992.93 
07/11/2021T04:41:18Z,215,422,488,47.82,24.43,992.91 
07/11/2021T04:41:49Z,218,423,483,48.01,24.46,992.84 
07/11/2021T04:42:20Z,219,425,484,48.06,24.47,992.81 
07/11/2021T04:42:51Z,214,426,487,47.95,24.49,992.85 
07/11/2021T04:43:21Z,218,430,497,48.09,24.49,992.81 
07/11/2021T04:43:52Z,217,426,487,48.18,24.49,992.77 
07/11/2021T04:44:22Z,213,416,484,48.18,24.51,992.75 
07/11/2021T04:44:53Z,220,422,486,48.10,24.47,992.79 
07/11/2021T04:45:23Z,217,418,484,48.46,24.46,992.66 
07/11/2021T04:45:53Z,219,426,489,48.80,24.48,992.52 
07/11/2021T04:46:24Z,216,422,488,48.67,24.52,992.53 
07/11/2021T04:46:55Z,217,421,476,48.25,24.58,992.64 
07/11/2021T04:47:25Z,217,423,474,48.20,24.62,992.70 
07/11/2021T04:47:56Z,217,427,488,48.21,24.64,992.68 
07/11/2021T04:48:27Z,216,414,477,48.06,24.67,992.73 
07/11/2021T04:48:57Z,217,419,472,48.02,24.70,992.75 
07/11/2021T04:49:28Z,213,416,479,48.01,24.71,992.78 
07/11/2021T04:49:59Z,212,415,483,47.99,24.72,992.76 
07/11/2021T04:50:29Z,215,412,470,47.93,24.73,992.82 
07/11/2021T04:51:00Z,213,406,478,48.14,24.75,992.73 
07/11/2021T04:51:30Z,216,414,468,48.07,24.77,992.75 
07/11/2021T04:52:01Z,216,408,463,47.99,24.81,992.76 
07/11/2021T04:52:31Z,211,407,470,48.15,24.83,992.69 
07/11/2021T04:53:02Z,213,409,472,48.03,24.85,992.73 
07/11/2021T04:53:32Z,213,406,463,48.24,24.88,992.66 
07/11/2021T04:54:03Z,212,404,462,48.11,24.93,992.67 
07/11/2021T04:54:34Z,214,408,475,48.05,24.94,992.71 
07/11/2021T04:55:04Z,209,398,463,48.13,24.98,992.67 
07/11/2021T04:55:35Z,213,410,478,48.34,25.04,992.58 
07/11/2021T04:56:06Z,215,412,480,47.83,24.99,992.75 
07/11/2021T04:56:36Z,211,400,469,48.61,24.98,992.48 
07/11/2021T04:57:07Z,212,411,470,48.50,25.02,992.49 
07/11/2021T04:57:37Z,213,407,458,48.22,25.05,992.62 
07/11/2021T04:58:08Z,211,400,461,48.14,25.06,992.64 
07/11/2021T04:58:38Z,209,396,463,47.57,25.02,992.82 
07/11/2021T04:59:09Z,212,393,443,47.35,24.93,993.02 
07/11/2021T04:59:39Z,206,395,461,47.52,24.95,992.91 
07/11/2021T05:00:10Z,210,395,454,47.36,24.93,993.00 
07/11/2021T05:00:41Z,209,390,446,47.74,24.93,992.85 
07/11/2021T05:01:12Z,213,396,454,47.56,24.92,992.90 
07/11/2021T05:01:42Z,217,406,469,47.44,24.90,992.94 
07/11/2021T05:02:13Z,216,398,451,46.83,24.83,993.18 
07/11/2021T05:02:44Z,213,404,458,47.41,24.81,992.99 
07/11/2021T05:03:14Z,215,398,449,47.24,24.81,993.05 
07/11/2021T05:03:45Z,214,400,467,46.71,24.72,993.22 
07/11/2021T05:04:15Z,211,392,449,48.39,24.66,992.72 
07/11/2021T05:04:46Z,220,410,472,47.72,24.56,992.87 
07/11/2021T05:05:17Z,303,651,754,48.63,24.59,992.50 
07/11/2021T05:05:47Z,258,520,595,48.20,24.62,992.62 
07/11/2021T05:06:18Z,261,522,595,47.99,24.64,992.70 
07/11/2021T05:06:48Z,237,460,518,47.06,24.54,993.03 
07/11/2021T05:07:19Z,248,485,555,47.48,24.42,992.99 
07/11/2021T05:07:49Z,294,633,759,48.55,24.53,992.53 
07/11/2021T05:08:20Z,295,772,951,48.38,24.61,992.55 
07/11/2021T05:08:50Z,296,900,1143,48.23,24.68,992.56 
07/11/2021T05:09:21Z,294,930,1175,48.16,24.71,992.61 
07/11/2021T05:09:51Z,285,817,1032,47.30,24.66,992.86 
07/11/2021T05:10:21Z,290,929,1204,48.19,24.65,992.64 
07/11/2021T05:10:52Z,260,672,850,47.26,24.63,992.88 
07/11/2021T05:11:22Z,242,557,672,47.62,24.48,992.91 
07/11/2021T05:11:53Z,264,660,812,48.58,24.46,992.51 
07/11/2021T05:12:23Z,295,882,1151,48.89,24.55,992.32 
07/11/2021T05:12:53Z,287,852,1098,48.91,24.64,992.26 
07/11/2021T05:13:24Z,271,1068,1469,48.73,24.71,992.32 
07/11/2021T05:13:54Z,245,803,1094,49.43,24.69,992.08 
07/11/2021T05:14:24Z,239,535,647,48.76,24.57,992.26 
07/11/2021T05:14:54Z,278,842,1102,48.72,24.55,992.39 
07/11/2021T05:15:25Z,273,1013,1385,49.10,24.64,992.21 
07/11/2021T05:15:55Z,272,898,1184,49.40,24.66,992.08 
07/11/2021T05:16:25Z,254,1260,76,49.31,24.74,992.08 
07/11/2021T05:16:56Z,248,1154,1645,49.01,24.77,992.17 
07/11/2021T05:17:26Z,273,721,895,48.44,24.64,992.42 
07/11/2021T05:17:56Z,265,795,1027,48.81,24.55,992.36 
07/11/2021T05:18:26Z,256,906,1218,49.18,24.49,992.24 
07/11/2021T05:18:56Z,279,992,1312,49.10,24.56,992.19 
07/11/2021T05:19:27Z,269,962,1287,48.50,24.60,992.41 
07/11/2021T05:19:58Z,250,607,737,48.63,24.50,992.42 
07/11/2021T05:20:28Z,278,917,1203,49.00,24.52,992.25 
07/11/2021T05:20:58Z,255,645,788,48.01,24.51,992.59 
07/11/2021T05:21:28Z,253,579,685,48.09,24.45,992.66 
07/11/2021T05:21:58Z,270,737,929,48.59,24.47,992.44 
07/11/2021T05:22:29Z,252,607,734,48.48,24.43,992.50 
07/11/2021T05:22:59Z,275,847,1087,48.94,24.44,992.31 
07/11/2021T05:23:30Z,262,725,906,48.63,24.42,992.39 
07/11/2021T05:24:00Z,262,775,993,49.13,24.45,992.22 
07/11/2021T05:24:30Z,268,922,1240,49.28,24.48,992.13 
07/11/2021T05:25:01Z,254,1344,249,49.53,24.57,991.98 
07/11/2021T05:25:31Z,239,1482,498,49.45,24.67,991.96 
07/11/2021T05:26:02Z,237,1499,570,49.20,24.74,992.02 
07/11/2021T05:26:33Z,239,1480,487,49.14,24.81,992.04 
07/11/2021T05:27:03Z,229,1538,642,49.01,24.83,992.09 
07/11/2021T05:27:34Z,200,71,1125,49.29,24.85,992.00 
07/11/2021T05:28:04Z,224,1577,745,49.20,24.89,992.00 
07/11/2021T05:28:35Z,237,1373,324,49.25,24.90,991.97 
07/11/2021T05:29:05Z,218,1591,727,49.70,24.91,991.81 
07/11/2021T05:29:36Z,220,1576,723,49.82,24.93,991.75 
07/11/2021T05:30:06Z,240,1427,474,49.76,24.94,991.73 
07/11/2021T05:30:37Z,248,1342,241,49.63,24.94,991.80 
07/11/2021T05:31:07Z,213,1636,819,49.98,24.92,991.70 
07/11/2021T05:31:38Z,237,1446,473,50.47,24.90,991.51 
07/11/2021T05:32:08Z,259,1243,30,50.25,24.92,991.55 
07/11/2021T05:32:38Z,245,1218,120,50.41,24.87,991.53 
07/11/2021T05:33:08Z,251,1203,1758,50.71,24.90,991.35 
07/11/2021T05:33:49Z,284,947,1231,50.84,24.92,991.36 
07/11/2021T05:34:20Z,277,735,911,51.01,24.94,991.25 
07/11/2021T05:34:50Z,271,1162,1591,51.27,24.99,991.10 
07/11/2021T05:35:20Z,270,1084,1433,50.50,25.02,991.37 
07/11/2021T05:35:51Z,235,1494,483,50.72,25.10,991.31 
07/11/2021T05:36:21Z,212,1636,853,50.45,25.21,991.35 
07/11/2021T05:36:52Z,255,1356,314,50.11,25.26,991.49 
07/11/2021T05:37:22Z,267,1255,85,50.24,25.31,991.43 
07/11/2021T05:37:52Z,210,50,994,50.37,25.39,991.36 
07/11/2021T05:38:23Z,218,1629,819,49.94,25.43,991.50 
07/11/2021T05:38:53Z,247,1409,335,49.20,25.42,991.81 
07/11/2021T05:39:23Z,271,1110,1490,49.41,25.42,991.77 
07/11/2021T05:39:54Z,239,1440,438,49.94,25.44,991.61 
07/11/2021T05:40:25Z,230,1609,707,50.10,25.49,991.44 
07/11/2021T05:40:55Z,244,1485,526,50.33,25.53,991.34 
07/11/2021T05:41:26Z,227,1594,668,50.53,25.60,991.22 
07/11/2021T05:41:56Z,233,1592,681,50.01,25.66,991.38 
07/11/2021T05:42:26Z,251,1402,284,49.65,25.69,991.53 
07/11/2021T05:42:56Z,285,960,1233,49.63,25.61,991.57 
07/11/2021T05:43:27Z,279,1174,1534,50.75,25.61,991.16 
07/11/2021T05:43:57Z,280,1258,30,50.68,25.65,991.09 
07/11/2021T05:44:27Z,269,1313,41,50.87,25.69,991.02 
07/11/2021T05:44:58Z,276,1203,1616,50.74,25.72,991.06 
07/11/2021T05:45:28Z,294,1055,1364,50.81,25.73,991.03 
07/11/2021T05:45:59Z,288,1155,1534,50.26,25.75,991.21 
07/11/2021T05:46:29Z,289,1134,1489,50.27,25.72,991.27 
07/11/2021T05:47:00Z,294,1092,1418,50.19,25.72,991.30 
07/11/2021T05:47:30Z,299,953,1197,50.15,25.70,991.33 
07/11/2021T05:48:01Z,295,963,1235,50.27,25.69,991.30 
07/11/2021T05:48:31Z,301,883,1084,50.40,25.66,991.26 
07/11/2021T05:49:02Z,284,715,853,49.85,25.55,991.49 
07/11/2021T05:49:32Z,300,900,1108,50.77,25.57,991.14 
07/11/2021T05:50:02Z,290,770,946,50.51,25.61,991.17 
07/11/2021T05:50:33Z,286,711,847,50.26,25.58,991.30 
07/11/2021T05:51:03Z,273,660,786,50.46,25.59,991.22 
07/11/2021T05:51:34Z,293,719,878,50.25,25.61,991.26 
07/11/2021T05:52:04Z,292,768,936,50.58,25.64,991.13 
07/11/2021T05:52:35Z,293,777,944,50.34,25.67,991.19 
07/11/2021T05:53:05Z,278,665,800,49.93,25.67,991.36 
07/11/2021T05:53:35Z,284,671,806,50.20,25.71,991.26 
07/11/2021T05:54:05Z,286,720,885,49.93,25.74,991.35 
07/11/2021T05:54:36Z,276,653,777,49.80,25.73,991.41 
07/11/2021T05:55:07Z,267,608,714,49.81,25.75,991.43 
07/11/2021T05:55:37Z,278,674,814,50.02,25.76,991.35 
07/11/2021T05:56:07Z,279,689,828,49.90,25.75,991.40 
07/11/2021T05:56:38Z,281,665,794,50.28,25.76,991.27 
07/11/2021T05:57:08Z,275,656,797,50.22,25.78,991.25 
07/11/2021T05:57:39Z,268,595,691,50.48,25.75,991.18 
07/11/2021T05:58:09Z,262,578,675,50.24,25.74,991.26 
07/11/2021T05:58:40Z,247,536,631,49.44,25.72,991.54 
07/11/2021T05:59:10Z,224,456,534,49.05,25.70,991.74 
07/11/2021T05:59:40Z,229,460,543,49.06,25.77,991.74 
07/11/2021T06:00:11Z,240,507,588,49.72,25.81,991.55 
07/11/2021T06:00:41Z,232,490,566,48.69,25.79,991.84 
07/11/2021T06:01:11Z,258,558,645,49.08,25.83,991.69 
07/11/2021T06:01:42Z,250,528,620,48.52,25.91,991.92 
07/11/2021T06:02:13Z,249,534,626,48.64,25.99,991.80 
07/11/2021T06:02:43Z,241,481,558,47.84,25.96,992.19 
07/11/2021T06:03:14Z,236,486,568,48.62,25.95,991.84 
07/11/2021T06:03:45Z,252,518,596,49.26,25.94,991.60 
07/11/2021T06:04:15Z,249,519,606,48.72,25.94,991.73 
07/11/2021T06:04:45Z,245,500,574,48.66,25.97,991.74 
07/11/2021T06:05:16Z,240,495,574,48.67,25.97,991.75 
07/11/2021T06:05:47Z,235,483,565,48.99,25.96,991.64 
07/11/2021T06:06:17Z,221,440,508,48.19,25.90,991.94 
07/11/2021T06:06:48Z,225,438,507,48.84,25.87,991.72 
07/11/2021T06:07:18Z,212,403,459,47.08,25.79,992.32 
07/11/2021T06:07:49Z,204,380,435,47.87,25.72,992.26 
07/11/2021T06:08:19Z,218,434,501,48.36,25.78,991.88 
07/11/2021T06:08:50Z,195,370,426,46.55,25.69,992.52 
07/11/2021T06:09:20Z,209,389,455,47.84,25.65,992.29 
07/11/2021T06:09:51Z,215,419,479,48.83,25.70,991.71 
07/11/2021T06:10:21Z,219,442,502,49.13,25.78,991.51 
07/11/2021T06:10:51Z,211,412,474,48.14,25.79,991.84 
07/11/2021T06:11:21Z,203,381,433,48.72,25.87,991.64 
07/11/2021T06:11:52Z,220,428,497,49.10,25.93,991.45 
07/11/2021T06:12:22Z,228,443,511,49.05,25.97,991.39 
07/11/2021T06:12:53Z,204,393,448,47.19,25.90,992.16 
07/11/2021T06:13:23Z,209,394,446,48.31,25.95,991.74 
07/11/2021T06:13:54Z,206,395,449,48.01,25.95,991.88 
07/11/2021T06:14:25Z,209,398,463,48.14,25.97,991.79 
07/11/2021T06:14:55Z,211,399,466,48.24,25.97,991.78 
07/11/2021T06:15:26Z,204,381,437,48.39,26.01,991.73 
07/11/2021T06:15:56Z,210,404,453,48.66,26.03,991.59 
07/11/2021T06:16:27Z,207,402,458,49.05,26.02,991.45 
07/11/2021T06:16:57Z,214,408,464,49.24,26.02,991.35 
07/11/2021T06:17:28Z,212,399,452,49.32,26.03,991.30 
07/11/2021T06:17:59Z,217,413,480,49.58,26.04,991.18 
07/11/2021T06:18:29Z,223,416,483,49.59,26.03,991.18 
07/11/2021T06:19:00Z,220,420,483,49.36,25.99,991.23 
07/11/2021T06:19:30Z,217,405,460,49.44,25.95,991.24 
07/11/2021T06:20:01Z,210,392,451,49.66,25.96,991.15 
07/11/2021T06:20:41Z,212,397,456,49.71,25.96,991.09 
07/11/2021T06:21:06Z,211,387,436,49.72,25.93,991.08 
07/11/2021T06:21:37Z,206,384,435,49.89,25.94,991.04 
07/11/2021T06:22:08Z,209,382,427,49.75,25.97,991.05 
07/11/2021T06:22:38Z,204,380,431,49.73,25.94,991.06 
07/11/2021T06:23:08Z,207,377,427,49.40,25.87,991.21 
07/11/2021T06:23:39Z,203,370,419,50.20,25.85,990.91 
07/11/2021T06:24:09Z,206,377,422,50.27,25.90,990.82 
07/11/2021T06:24:40Z,206,371,429,50.17,25.93,990.83 
07/11/2021T06:25:10Z,202,365,407,50.16,25.87,990.88 
07/11/2021T06:25:40Z,197,358,404,49.90,25.88,990.92 
07/11/2021T06:26:11Z,189,343,393,47.52,25.80,991.82 
07/11/2021T06:26:41Z,192,332,380,48.01,25.78,991.76 
07/11/2021T06:27:11Z,183,326,375,46.59,25.76,992.35 
07/11/2021T06:27:41Z,187,332,380,47.50,25.84,991.99 
07/11/2021T06:28:11Z,189,341,387,48.56,25.93,991.55 
07/11/2021T06:28:41Z,184,332,381,47.03,25.92,991.95 
07/11/2021T06:29:12Z,183,335,376,47.18,25.93,992.15 
07/11/2021T06:29:42Z,195,349,398,48.88,26.02,991.34 
07/11/2021T06:30:12Z,178,316,355,46.35,25.95,992.22 
07/11/2021T06:30:43Z,182,320,363,46.25,25.91,992.34 
07/11/2021T06:31:13Z,183,330,379,48.55,25.94,991.56 
07/11/2021T06:31:44Z,186,345,388,48.61,25.99,991.33 
07/11/2021T06:32:14Z,180,315,351,47.10,25.94,991.96 
07/11/2021T06:32:44Z,183,325,372,48.56,26.01,991.43 
07/11/2021T06:33:15Z,187,337,385,48.36,26.06,991.39 
07/11/2021T06:33:45Z,182,335,374,48.28,26.09,991.45 
07/11/2021T06:34:16Z,183,328,364,46.60,26.03,992.02 
07/11/2021T06:34:46Z,184,333,373,47.29,26.02,991.89 
07/11/2021T06:35:17Z,194,343,376,46.24,26.01,992.28 
07/11/2021T06:35:48Z,200,345,393,45.36,26.01,992.54 
07/11/2021T06:36:19Z,189,334,375,45.48,26.01,992.64 
07/11/2021T06:36:50Z,195,342,382,47.10,26.11,991.92 
07/11/2021T06:37:20Z,187,331,373,47.40,26.17,991.68 
07/11/2021T06:37:50Z,185,331,371,47.20,26.18,991.69 
07/11/2021T06:38:35Z,188,334,374,48.35,26.24,991.28 
07/11/2021T06:39:11Z,184,323,364,47.44,26.16,991.56 
07/11/2021T06:39:41Z,179,319,363,48.28,26.14,991.27 
07/11/2021T06:40:11Z,182,323,364,48.86,26.18,991.03 
07/11/2021T06:40:42Z,184,334,373,49.23,26.22,990.85 
07/11/2021T06:41:12Z,182,329,377,49.66,26.29,990.62 
07/11/2021T06:41:42Z,179,325,364,49.49,26.31,990.65 
07/11/2021T06:42:12Z,184,326,368,49.05,26.29,990.78 
07/11/2021T06:42:43Z,183,319,355,50.56,26.30,990.28 
07/11/2021T06:43:13Z,184,322,363,49.93,26.36,990.41 
07/11/2021T06:43:43Z,181,325,373,49.67,26.39,990.50 
07/11/2021T06:44:14Z,184,323,361,49.10,26.32,990.72 
07/11/2021T06:44:44Z,184,321,358,48.75,26.23,990.87 
07/11/2021T06:45:14Z,180,318,359,48.23,26.16,991.17 
07/11/2021T06:45:44Z,180,311,349,49.20,26.17,990.81 
07/11/2021T06:46:15Z,178,319,354,50.36,26.25,990.28 
07/11/2021T06:46:46Z,180,317,355,49.68,26.32,990.41 
07/11/2021T06:47:16Z,182,316,353,49.65,26.28,990.52 
07/11/2021T06:47:46Z,185,322,366,49.49,26.34,990.54 
07/11/2021T06:48:16Z,187,333,374,49.20,26.34,990.64 
07/11/2021T06:48:46Z,184,329,365,47.51,26.30,991.19 
07/11/2021T06:49:17Z,196,348,395,48.37,26.33,991.07 
07/11/2021T06:49:47Z,188,341,382,49.00,26.41,990.75 
07/11/2021T06:50:18Z,189,336,379,48.95,26.40,990.70 
07/11/2021T06:50:48Z,194,342,393,48.91,26.36,990.72 
07/11/2021T06:51:19Z,198,354,399,48.91,26.37,990.70 
07/11/2021T06:51:49Z,193,348,388,49.04,26.38,990.67 
07/11/2021T06:52:19Z,205,364,403,48.47,26.34,990.81 
07/11/2021T06:52:50Z,211,400,457,48.02,26.20,991.15 
07/11/2021T06:53:21Z,199,358,409,48.89,26.22,990.75 
07/11/2021T06:53:52Z,195,354,407,49.16,26.26,990.63 
07/11/2021T06:54:23Z,195,346,393,49.14,26.28,990.59 
07/11/2021T06:54:53Z,190,335,374,49.00,26.30,990.62 
07/11/2021T06:55:24Z,198,371,416,48.76,26.33,990.73 
07/11/2021T06:55:54Z,195,368,417,48.56,26.37,990.79 
07/11/2021T06:56:24Z,200,379,437,47.96,26.34,991.00 
07/11/2021T06:56:54Z,218,431,509,48.28,26.32,990.93 
07/11/2021T06:57:25Z,256,584,708,48.33,26.39,990.89 
07/11/2021T06:57:55Z,223,432,506,48.50,26.42,990.78 
07/11/2021T06:58:26Z,214,408,475,47.47,26.37,991.11 
07/11/2021T06:58:57Z,213,419,490,45.25,26.25,992.10 
07/11/2021T06:59:28Z,214,434,515,44.95,26.16,992.15 
07/11/2021T06:59:58Z,218,443,516,45.11,26.17,992.20 
07/11/2021T07:00:28Z,216,404,475,45.55,26.27,991.95 
07/11/2021T07:00:59Z,204,392,451,45.72,26.37,991.88 
07/11/2021T07:01:29Z,204,391,443,45.09,26.33,991.97 
07/11/2021T07:01:59Z,196,374,440,44.13,26.22,992.48 
07/11/2021T07:02:29Z,201,389,448,45.34,26.20,992.05 
07/11/2021T07:03:00Z,194,365,419,46.49,26.30,991.56 
07/11/2021T07:03:31Z,187,347,402,46.52,26.31,991.49 
07/11/2021T07:04:01Z,183,337,392,47.01,26.33,991.28 
07/11/2021T07:04:31Z,183,329,376,46.96,26.33,991.24 
07/11/2021T07:05:01Z,184,328,366,47.32,26.29,991.16 
07/11/2021T07:05:31Z,178,320,365,45.61,26.26,991.62 
07/11/2021T07:06:02Z,163,288,327,42.46,26.16,992.84 
07/11/2021T07:06:32Z,168,306,347,45.39,26.16,992.03 
07/11/2021T07:07:02Z,178,315,360,46.06,26.27,991.55 
07/11/2021T07:07:33Z,173,309,350,46.64,26.32,991.30 
07/11/2021T07:08:03Z,174,311,349,46.91,26.34,991.15 
07/11/2021T07:08:34Z,173,306,347,47.11,26.36,991.07 
07/11/2021T07:09:04Z,171,306,343,46.88,26.37,991.12 
07/11/2021T07:09:35Z,170,302,345,46.62,26.36,991.23 
07/11/2021T07:10:05Z,198,337,376,45.12,26.30,991.65 
07/11/2021T07:10:36Z,297,493,528,42.93,26.19,992.68 
07/11/2021T07:11:07Z,225,380,424,45.58,26.21,991.72 
07/11/2021T07:11:37Z,224,386,431,46.01,26.24,991.49 
07/11/2021T07:12:08Z,211,361,403,46.18,26.25,991.38 
07/11/2021T07:12:39Z,199,342,378,45.88,26.19,991.44 
07/11/2021T07:13:10Z,201,344,386,47.11,26.15,991.10 
07/11/2021T07:13:40Z,187,320,363,47.62,26.19,990.81 
07/11/2021T07:14:11Z,174,300,338,46.93,26.20,991.00 
07/11/2021T07:14:41Z,167,282,315,45.79,26.16,991.43 
07/11/2021T07:15:12Z,175,301,338,46.05,26.18,991.35 
07/11/2021T07:15:42Z,166,288,325,45.34,26.17,991.60 
07/11/2021T07:16:13Z,148,250,278,43.05,26.14,992.35 
07/11/2021T07:16:43Z,135,228,254,41.03,26.12,993.12 
07/11/2021T07:17:14Z,136,227,255,39.76,26.11,993.67 
07/11/2021T07:17:45Z,140,234,260,42.17,26.13,992.74 
07/11/2021T07:18:15Z,141,233,259,40.74,26.15,993.18 
07/11/2021T07:18:46Z,147,245,274,43.42,26.19,992.23 
07/11/2021T07:19:16Z,150,253,279,43.65,26.11,992.11 
07/11/2021T07:19:46Z,141,240,266,43.06,26.05,992.15 
07/11/2021T07:20:17Z,138,232,251,42.93,25.93,992.37 
07/11/2021T07:20:48Z,144,242,269,42.51,25.98,992.40 
07/11/2021T07:21:18Z,141,237,268,42.88,26.05,992.34 
07/11/2021T07:21:49Z,144,239,263,43.82,26.15,991.98 
07/11/2021T07:22:19Z,144,241,271,43.32,26.18,991.98 
07/11/2021T07:22:50Z,127,211,237,41.71,26.12,992.59 
07/11/2021T07:23:20Z,116,195,224,38.90,26.12,993.47 
07/11/2021T07:23:51Z,126,214,237,41.54,26.17,992.74 
07/11/2021T07:24:21Z,127,213,235,41.36,26.15,992.56 
07/11/2021T07:24:51Z,126,211,225,41.75,26.12,992.57 
07/11/2021T07:25:22Z,131,217,243,41.89,26.07,992.42 
07/11/2021T07:25:53Z,130,213,237,42.71,26.05,992.10 
07/11/2021T07:26:24Z,133,222,250,43.76,26.09,991.79 
07/11/2021T07:26:54Z,131,225,248,43.50,26.15,991.74 
07/11/2021T07:27:25Z,130,222,251,43.45,26.20,991.75 
07/11/2021T07:27:55Z,125,204,223,40.48,26.23,992.63 
07/11/2021T07:28:26Z,123,207,225,41.57,26.24,992.52 
07/11/2021T07:28:56Z,132,221,241,43.87,26.28,991.69 
07/11/2021T07:29:27Z,130,219,243,44.89,26.34,991.26 
07/11/2021T07:29:58Z,130,217,242,44.84,26.36,991.19 
07/11/2021T07:30:29Z,128,215,243,44.66,26.39,991.22 
07/11/2021T07:31:00Z,127,219,248,44.54,26.39,991.22 
07/11/2021T07:31:30Z,119,206,233,41.68,26.32,992.13 
07/11/2021T07:32:00Z,123,209,227,41.98,26.39,992.10 
07/11/2021T07:32:30Z,125,210,237,42.44,26.42,991.91 
07/11/2021T07:33:01Z,119,200,225,39.51,26.40,992.85 
07/11/2021T07:33:31Z,117,200,219,38.96,26.32,993.12 
07/11/2021T07:34:02Z,121,203,226,42.88,26.33,992.02 
07/11/2021T07:34:32Z,126,209,232,43.77,26.40,991.45 
07/11/2021T07:35:02Z,124,210,239,43.85,26.42,991.37 
07/11/2021T07:35:33Z,123,209,234,44.05,26.42,991.28 
07/11/2021T07:36:03Z,123,207,235,43.81,26.40,991.32 
07/11/2021T07:36:34Z,125,212,236,43.39,26.39,991.40 
07/11/2021T07:37:04Z,120,206,236,43.76,26.32,991.39 
07/11/2021T07:37:34Z,126,213,237,42.39,26.32,991.65 
07/11/2021T07:38:04Z,125,209,234,42.90,26.26,991.77 
07/11/2021T07:38:34Z,123,207,224,44.12,26.32,991.27 
07/11/2021T07:39:04Z,125,212,230,42.71,26.26,991.66 
07/11/2021T07:39:35Z,127,217,242,42.66,26.21,991.66 
07/11/2021T07:40:05Z,125,214,242,42.94,26.15,991.67 
07/11/2021T07:40:35Z,127,210,231,44.31,26.16,991.19 
07/11/2021T07:41:05Z,125,210,237,44.65,26.21,991.04 
07/11/2021T07:41:36Z,124,214,239,44.55,26.30,990.98 
07/11/2021T07:42:06Z,125,212,232,43.61,26.33,991.28 
07/11/2021T07:42:37Z,125,209,239,44.07,26.33,991.18 
07/11/2021T07:43:07Z,128,217,245,44.04,26.30,991.11 
07/11/2021T07:43:37Z,125,215,239,43.56,26.22,991.36 
07/11/2021T07:44:08Z,126,210,238,43.99,26.27,991.16 
07/11/2021T07:44:38Z,132,222,245,40.36,26.22,992.19 
07/11/2021T07:45:09Z,130,216,241,42.11,26.29,991.94 
07/11/2021T07:45:39Z,125,219,244,43.41,26.37,991.35 
07/11/2021T07:46:09Z,128,223,257,42.14,26.35,991.65 
07/11/2021T07:46:40Z,131,219,255,41.87,26.34,991.82 
07/11/2021T07:47:11Z,133,225,253,43.65,26.34,991.33 
07/11/2021T07:47:41Z,129,223,251,44.50,26.39,990.94 
07/11/2021T07:48:12Z,133,229,257,44.70,26.40,990.83 
07/11/2021T07:48:42Z,139,238,273,44.98,26.33,990.74 
07/11/2021T07:49:13Z,135,230,259,45.22,26.25,990.67 
07/11/2021T07:49:43Z,133,228,260,45.38,26.26,990.63 
07/11/2021T07:50:13Z,135,226,253,45.22,26.23,990.68 
07/11/2021T07:50:44Z,133,226,258,45.40,26.20,990.62 
07/11/2021T07:51:14Z,132,228,252,44.86,26.13,990.75 
07/11/2021T07:51:44Z,134,226,257,44.59,26.16,990.90 
07/11/2021T07:52:15Z,132,227,261,45.27,26.24,990.60 
07/11/2021T07:52:45Z,133,232,258,44.57,26.29,990.84 
07/11/2021T07:53:16Z,132,228,256,45.01,26.37,990.67 
07/11/2021T07:53:47Z,134,227,255,43.87,26.35,991.02 
07/11/2021T07:54:17Z,136,235,262,42.97,26.38,991.33 
07/11/2021T07:54:48Z,138,232,263,41.94,26.39,991.56 
07/11/2021T07:55:18Z,139,234,265,41.26,26.34,991.92 
07/11/2021T07:55:49Z,136,231,258,42.85,26.36,991.41 
07/11/2021T07:56:19Z,139,236,266,42.81,26.35,991.44 
07/11/2021T07:56:49Z,139,237,263,42.21,26.32,991.52 
07/11/2021T07:57:19Z,135,235,268,43.27,26.30,991.35 
07/11/2021T07:57:49Z,133,230,266,44.10,26.32,990.94 
07/11/2021T07:58:20Z,136,234,263,43.70,26.27,991.03 
07/11/2021T07:58:50Z,136,235,260,43.98,26.23,990.99 
07/11/2021T07:59:21Z,137,243,272,44.13,26.21,990.90 
07/11/2021T07:59:51Z,140,259,315,44.61,26.19,990.80 
07/11/2021T08:00:22Z,142,268,338,45.25,26.17,990.54 
07/11/2021T08:00:53Z,142,260,313,45.50,26.05,990.46 
07/11/2021T08:01:23Z,146,260,299,44.50,25.94,990.71 
07/11/2021T08:01:53Z,145,266,321,45.36,25.89,990.52 
07/11/2021T08:02:24Z,142,260,317,45.26,25.85,990.60 
07/11/2021T08:02:54Z,142,252,287,44.28,25.87,990.77 
07/11/2021T08:03:25Z,143,248,285,43.21,25.89,991.13 
07/11/2021T08:03:56Z,142,243,265,43.10,25.86,991.29 
07/11/2021T08:04:26Z,138,248,288,44.35,25.92,990.88 
07/11/2021T08:04:56Z,142,248,287,44.34,25.95,990.84 
07/11/2021T08:05:27Z,142,251,285,45.14,25.94,990.57 
07/11/2021T08:05:57Z,136,240,282,45.40,26.00,990.43 
07/11/2021T08:06:27Z,139,244,285,45.41,25.91,990.44 
07/11/2021T08:06:57Z,143,250,284,44.34,25.92,990.63 
07/11/2021T08:07:28Z,141,243,267,42.83,26.04,991.23 
07/11/2021T08:07:59Z,139,238,270,41.90,26.04,991.50 
07/11/2021T08:08:29Z,137,237,268,42.34,26.15,991.48 
07/11/2021T08:09:00Z,140,239,270,42.15,26.12,991.42 
07/11/2021T08:09:31Z,137,235,267,42.04,26.14,991.50 
07/11/2021T08:10:01Z,138,242,269,42.99,26.13,991.24 
07/11/2021T08:10:32Z,137,237,266,43.67,26.09,991.04 
07/11/2021T08:11:03Z,137,239,272,44.74,26.10,990.64 
07/11/2021T08:11:33Z,140,236,271,45.36,26.15,990.40 
07/11/2021T08:12:03Z,137,234,263,45.91,26.19,990.20 
07/11/2021T08:12:34Z,140,243,274,46.09,26.13,990.12 
07/11/2021T08:13:05Z,140,238,274,46.40,26.16,989.98 
07/11/2021T08:13:35Z,139,242,273,46.80,26.18,989.86 
07/11/2021T08:14:06Z,140,239,270,47.10,26.21,989.72 
07/11/2021T08:14:36Z,137,233,259,46.95,26.23,989.72 
07/11/2021T08:15:06Z,142,243,277,46.75,26.26,989.78 
07/11/2021T08:15:37Z,141,245,272,46.83,26.28,989.76 
07/11/2021T08:16:07Z,140,242,273,47.19,26.29,989.65 
07/11/2021T08:16:37Z,142,240,267,46.87,26.28,989.71 
07/11/2021T08:17:07Z,143,246,278,46.95,26.25,989.72 
07/11/2021T08:17:38Z,147,251,290,46.05,26.16,989.94 
07/11/2021T08:18:08Z,144,252,286,46.96,26.19,989.74 
07/11/2021T08:18:38Z,142,242,270,46.35,26.20,989.87 
07/11/2021T08:19:09Z,140,242,270,47.32,26.23,989.62 
07/11/2021T08:19:39Z,144,247,281,47.76,26.25,989.41 
07/11/2021T08:20:09Z,144,249,278,47.08,26.24,989.59 
07/11/2021T08:20:39Z,144,250,279,47.11,26.26,989.63 
07/11/2021T08:21:10Z,140,246,276,47.39,26.29,989.52 
07/11/2021T08:21:40Z,142,241,268,47.40,26.33,989.48 
07/11/2021T08:22:10Z,138,237,265,45.51,26.31,990.04 
07/11/2021T08:22:41Z,137,241,272,46.77,26.33,989.76 
07/11/2021T08:23:12Z,137,245,273,47.08,26.37,989.58 
07/11/2021T08:23:42Z,141,242,270,46.62,26.37,989.69 
07/11/2021T08:24:12Z,139,238,265,43.33,26.33,990.67 
07/11/2021T08:24:42Z,139,237,266,44.65,26.38,990.54 
07/11/2021T08:25:12Z,139,240,267,45.33,26.40,990.15 
07/11/2021T08:25:43Z,138,240,269,44.88,26.40,990.32 
07/11/2021T08:26:13Z,135,235,265,46.02,26.46,990.00 
07/11/2021T08:26:43Z,138,234,265,46.37,26.46,989.80 
07/11/2021T08:27:14Z,138,235,263,46.73,26.48,989.65 
07/11/2021T08:27:44Z,140,241,266,46.00,26.48,989.85 
07/11/2021T08:28:14Z,141,238,269,46.56,26.48,989.76 
07/11/2021T08:28:45Z,139,241,270,47.02,26.47,989.55 
07/11/2021T08:29:15Z,141,240,283,46.99,26.48,989.53 
07/11/2021T08:29:45Z,139,245,278,47.05,26.47,989.52 
07/11/2021T08:30:16Z,146,252,293,47.22,26.48,989.45 
07/11/2021T08:30:46Z,140,255,296,47.08,26.50,989.49 
07/11/2021T08:31:17Z,139,245,277,47.20,26.48,989.43 
07/11/2021T08:31:47Z,141,244,275,47.42,26.42,989.37 
07/11/2021T08:32:18Z,143,243,276,47.50,26.38,989.34 
07/11/2021T08:32:48Z,140,239,265,46.83,26.35,989.49 
07/11/2021T08:33:19Z,141,239,271,46.63,26.30,989.69 
07/11/2021T08:33:49Z,140,244,271,47.29,26.37,989.40 
07/11/2021T08:34:19Z,135,241,276,47.15,26.42,989.45 
07/11/2021T08:34:50Z,138,235,267,46.77,26.45,989.52 
07/11/2021T08:35:20Z,137,231,258,46.78,26.44,989.57 
07/11/2021T08:35:50Z,139,233,259,46.81,26.37,989.60 
07/11/2021T08:36:21Z,140,237,266,45.51,26.39,989.93 
07/11/2021T08:36:51Z,136,234,261,46.51,26.45,989.72 
07/11/2021T08:37:22Z,135,238,265,46.23,26.53,989.68 
07/11/2021T08:37:52Z,135,236,264,46.42,26.54,989.66 
07/11/2021T08:38:22Z,134,228,252,46.39,26.54,989.64 
07/11/2021T08:38:52Z,137,228,253,46.02,26.53,989.77 
07/11/2021T08:39:22Z,136,228,252,44.67,26.55,990.19 
07/11/2021T08:39:53Z,132,223,247,44.72,26.59,990.25 
07/11/2021T08:40:23Z,132,226,249,45.89,26.60,989.79 
07/11/2021T08:40:53Z,132,225,249,44.86,26.55,990.12 
07/11/2021T08:41:24Z,133,225,260,46.17,26.58,989.76 
07/11/2021T08:41:54Z,133,224,250,45.98,26.57,989.77 
07/11/2021T08:42:24Z,135,228,258,47.10,26.55,989.44 
07/11/2021T08:42:55Z,138,237,266,46.88,26.49,989.46 
07/11/2021T08:43:25Z,134,231,255,46.61,26.52,989.50 
07/11/2021T08:43:55Z,131,226,251,46.42,26.55,989.59 
07/11/2021T08:44:26Z,132,227,253,46.97,26.56,989.42 
07/11/2021T08:44:56Z,129,230,255,46.25,26.53,989.61 
07/11/2021T08:45:27Z,133,224,249,46.69,26.49,989.56 
07/11/2021T08:45:57Z,131,222,255,47.00,26.51,989.42 
07/11/2021T08:46:27Z,132,227,256,47.59,26.55,989.22 
07/11/2021T08:46:58Z,131,226,257,47.78,26.54,989.11 
07/11/2021T08:47:29Z,131,226,253,47.62,26.55,989.16 
07/11/2021T08:47:59Z,132,230,258,47.91,26.51,989.10 
07/11/2021T08:48:30Z,135,232,261,46.69,26.45,989.43 
07/11/2021T08:49:00Z,135,238,262,47.29,26.31,989.43 
07/11/2021T08:49:30Z,132,225,253,47.99,26.33,989.11 
07/11/2021T08:50:01Z,133,225,251,48.01,26.36,989.11 
07/11/2021T08:50:32Z,130,225,248,48.13,26.36,989.07 
07/11/2021T08:51:02Z,133,229,263,48.38,26.37,988.97 
07/11/2021T08:51:32Z,133,221,247,48.17,26.38,989.03 
07/11/2021T08:52:03Z,140,240,272,47.99,26.34,989.11 
07/11/2021T08:52:33Z,144,236,265,48.20,26.28,989.07 
07/11/2021T08:53:03Z,136,228,262,48.56,26.29,988.92 
07/11/2021T08:53:34Z,136,231,259,48.48,26.31,988.93 
07/11/2021T08:54:04Z,134,225,246,48.34,26.32,988.97 
07/11/2021T08:54:34Z,132,226,261,48.56,26.29,988.91 
07/11/2021T08:55:05Z,134,228,258,48.19,26.28,989.01 
07/11/2021T08:55:36Z,131,221,244,48.74,26.34,988.82 
07/11/2021T08:56:06Z,137,229,252,48.68,26.32,988.82 
07/11/2021T08:56:36Z,135,232,255,48.82,26.33,988.76 
07/11/2021T08:57:06Z,132,227,247,48.65,26.35,988.81 
07/11/2021T08:57:37Z,133,223,255,48.42,26.34,988.90 
07/11/2021T08:58:08Z,127,223,250,48.80,26.36,988.79 
07/11/2021T08:58:38Z,126,223,241,48.61,26.32,988.84 
07/11/2021T08:59:09Z,128,217,243,48.69,26.33,988.79 
07/11/2021T08:59:39Z,131,217,244,48.16,26.35,988.93 
07/11/2021T09:00:09Z,130,220,246,48.34,26.33,988.96 
07/11/2021T09:00:40Z,129,217,231,48.64,26.37,988.80 
07/11/2021T09:01:11Z,129,217,242,48.55,26.37,988.84 
07/11/2021T09:01:41Z,127,217,243,47.97,26.33,989.03 
07/11/2021T09:02:12Z,125,213,243,47.48,26.31,989.18 
07/11/2021T09:02:42Z,124,212,240,46.63,26.31,989.51 
07/11/2021T09:03:13Z,122,203,226,47.19,26.34,989.38 
07/11/2021T09:03:43Z,121,205,232,47.61,26.40,989.17 
07/11/2021T09:04:14Z,126,207,232,47.29,26.42,989.25 
07/11/2021T09:04:45Z,121,201,218,47.00,26.44,989.39 
07/11/2021T09:05:15Z,119,202,222,46.40,26.46,989.47 
07/11/2021T09:05:46Z,113,192,214,45.25,26.42,989.98 
07/11/2021T09:06:16Z,121,201,228,47.21,26.51,989.30 
07/11/2021T09:06:47Z,119,199,223,46.91,26.55,989.33 
07/11/2021T09:07:17Z,117,193,216,45.95,26.52,989.64 
07/11/2021T09:07:47Z,119,199,230,46.98,26.53,989.36 
07/11/2021T09:08:18Z,118,200,225,46.69,26.51,989.45 
07/11/2021T09:08:48Z,119,199,217,47.01,26.53,989.29 
07/11/2021T09:09:18Z,118,197,217,46.68,26.53,989.43 
07/11/2021T09:09:48Z,120,199,219,47.02,26.53,989.30 
07/11/2021T09:10:19Z,118,202,222,46.41,26.50,989.52 
07/11/2021T09:10:50Z,113,193,219,46.90,26.50,989.39 
07/11/2021T09:11:20Z,115,197,224,47.33,26.52,989.19 
07/11/2021T09:11:50Z,118,199,216,47.46,26.48,989.14 
07/11/2021T09:12:20Z,121,204,227,47.42,26.41,989.16 
07/11/2021T09:12:50Z,120,201,218,47.07,26.36,989.26 
07/11/2021T09:13:21Z,117,194,219,46.70,26.34,989.41 
07/11/2021T09:13:52Z,115,197,220,46.67,26.33,989.45 
07/11/2021T09:14:22Z,117,200,223,46.78,26.32,989.43 
07/11/2021T09:14:53Z,118,194,223,47.41,26.31,989.22 
07/11/2021T09:15:24Z,117,198,221,47.52,26.29,989.14 
07/11/2021T09:15:54Z,115,194,216,47.44,26.31,989.15 
07/11/2021T09:16:24Z,119,202,222,47.85,26.24,989.04 
07/11/2021T09:16:54Z,121,201,224,47.89,26.19,989.00 
07/11/2021T09:17:25Z,122,205,230,47.66,26.17,989.08 
07/11/2021T09:17:55Z,119,202,226,47.41,26.18,989.16 
07/11/2021T09:18:26Z,118,198,218,47.15,26.20,989.25 
07/11/2021T09:18:56Z,117,196,216,46.94,26.24,989.31 
07/11/2021T09:19:27Z,111,185,205,41.87,26.24,990.74 
07/11/2021T09:19:57Z,107,179,195,41.93,26.21,991.03 
07/11/2021T09:20:28Z,114,183,201,44.67,26.26,990.14 
07/11/2021T09:20:58Z,114,195,218,45.21,26.30,989.88 
07/11/2021T09:21:29Z,110,187,209,44.62,26.31,990.04 
07/11/2021T09:21:59Z,109,185,206,44.97,26.33,989.96 
07/11/2021T09:22:30Z,107,181,208,45.89,26.37,989.64 
07/11/2021T09:23:01Z,113,187,213,45.80,26.35,989.64 
07/11/2021T09:23:31Z,113,185,206,46.07,26.36,989.56 
07/11/2021T09:24:02Z,116,194,216,46.00,26.35,989.55 
07/11/2021T09:24:32Z,113,190,212,45.90,26.35,989.57 
07/11/2021T09:25:03Z,118,197,223,45.74,26.31,989.65 
07/11/2021T09:25:33Z,117,194,215,46.11,26.28,989.55 
07/11/2021T09:26:03Z,117,193,209,46.20,26.28,989.51 
07/11/2021T09:26:34Z,114,191,211,46.20,26.28,989.48 
07/11/2021T09:27:04Z,116,196,219,46.03,26.20,989.58 
07/11/2021T09:27:34Z,116,194,211,45.96,26.17,989.59 
07/11/2021T09:28:04Z,119,199,218,46.12,26.06,989.62 
07/11/2021T09:28:35Z,114,195,215,46.66,26.06,989.41 
07/11/2021T09:29:05Z,118,198,222,47.01,26.01,989.27 
07/11/2021T09:29:36Z,116,192,221,47.22,25.99,989.21 
07/11/2021T09:30:07Z,116,196,217,47.32,25.99,989.18 
07/11/2021T09:30:37Z,114,191,218,47.53,25.98,989.11 
07/11/2021T09:31:07Z,115,192,211,47.63,25.98,989.06 
07/11/2021T09:31:38Z,114,191,212,47.73,25.98,989.01 
07/11/2021T09:32:08Z,113,192,223,47.82,25.98,988.97 
07/11/2021T09:32:39Z,115,188,209,47.88,25.96,988.95 
07/11/2021T09:33:09Z,114,191,214,48.06,25.95,988.88 
07/11/2021T09:33:39Z,113,187,213,48.08,25.94,988.87 
07/11/2021T09:34:10Z,116,192,216,48.22,25.93,988.85 
07/11/2021T09:34:40Z,112,189,214,48.40,25.93,988.77 
07/11/2021T09:35:11Z,113,187,205,48.40,25.93,988.76 
07/11/2021T09:35:42Z,113,188,208,48.43,25.92,988.77 
07/11/2021T09:36:12Z,114,192,214,48.49,25.90,988.74 
07/11/2021T09:36:43Z,115,189,213,48.60,25.90,988.71 
07/11/2021T09:37:13Z,113,188,211,48.62,25.90,988.71 
07/11/2021T09:37:44Z,113,190,207,48.72,25.90,988.67 
07/11/2021T09:38:14Z,112,189,209,48.68,25.87,988.68 
07/11/2021T09:38:45Z,111,188,210,48.64,25.85,988.68 
07/11/2021T09:39:15Z,112,189,213,48.93,25.83,988.60 
07/11/2021T09:39:46Z,111,188,209,48.99,25.82,988.57 
07/11/2021T09:40:16Z,112,186,207,48.94,25.81,988.59 
07/11/2021T09:40:47Z,111,189,208,49.06,25.81,988.53 
07/11/2021T09:41:17Z,113,191,210,49.16,25.81,988.51 
07/11/2021T09:41:47Z,109,183,196,49.23,25.80,988.47 
07/11/2021T09:42:17Z,113,184,201,49.19,25.79,988.47 
07/11/2021T09:42:48Z,111,187,209,49.33,25.78,988.44 
07/11/2021T09:43:18Z,113,188,208,49.34,25.75,988.42 
07/11/2021T09:43:49Z,112,189,206,49.58,25.75,988.34 
07/11/2021T09:44:20Z,112,181,201,49.60,25.75,988.33 
07/11/2021T09:44:50Z,110,180,205,48.99,25.73,988.51 
07/11/2021T09:45:21Z,109,185,204,49.38,25.72,988.44 
07/11/2021T09:45:51Z,114,185,207,49.54,25.72,988.39 
07/11/2021T09:46:22Z,113,188,214,49.63,25.73,988.35 
07/11/2021T09:46:52Z,112,187,208,49.74,25.72,988.31 
07/11/2021T09:47:23Z,112,186,208,49.77,25.71,988.32 
07/11/2021T09:47:53Z,110,184,208,49.91,25.70,988.29 
07/11/2021T09:48:24Z,111,187,211,49.93,25.70,988.29 
07/11/2021T09:48:54Z,110,182,207,49.97,25.69,988.28 
07/11/2021T09:49:25Z,110,179,198,50.02,25.69,988.26 
07/11/2021T09:49:56Z,107,183,202,50.01,25.69,988.28 
07/11/2021T09:50:26Z,110,184,198,50.04,25.69,988.28 
07/11/2021T09:50:57Z,111,187,207,50.08,25.67,988.28 
07/11/2021T09:51:27Z,109,184,203,50.09,25.67,988.27 
07/11/2021T09:51:57Z,108,181,202,50.12,25.66,988.29 
07/11/2021T09:52:27Z,107,182,205,50.18,25.66,988.27 
07/11/2021T09:52:58Z,114,190,208,50.24,25.64,988.25 
07/11/2021T09:53:28Z,110,185,204,50.24,25.63,988.26 
07/11/2021T09:53:59Z,110,184,198,50.21,25.63,988.28 
07/11/2021T09:54:29Z,111,187,210,50.27,25.62,988.28 
07/11/2021T09:54:59Z,112,185,205,50.37,25.62,988.25 
07/11/2021T09:55:29Z,112,186,208,50.42,25.61,988.25 
07/11/2021T09:56:00Z,111,186,207,50.52,25.61,988.22 
07/11/2021T09:56:30Z,110,181,204,50.53,25.61,988.20 
07/11/2021T09:57:00Z,111,182,202,50.54,25.60,988.22 
07/11/2021T09:57:31Z,111,180,201,50.56,25.59,988.23 
07/11/2021T09:58:01Z,111,184,207,50.63,25.59,988.21 
07/11/2021T09:58:32Z,108,183,203,50.67,25.58,988.20 
07/11/2021T09:59:03Z,113,185,211,50.65,25.58,988.22 
07/11/2021T09:59:33Z,112,184,201,50.75,25.57,988.20 
07/11/2021T10:00:03Z,110,183,203,50.76,25.57,988.19 
07/11/2021T10:00:34Z,107,183,199,50.73,25.57,988.21 
07/11/2021T10:01:04Z,112,184,199,50.74,25.57,988.22 
07/11/2021T10:01:34Z,112,186,206,50.82,25.57,988.20 
07/11/2021T10:02:05Z,112,188,212,50.83,25.56,988.19 
07/11/2021T10:02:35Z,110,182,199,50.87,25.56,988.19 
07/11/2021T10:03:06Z,111,184,204,50.87,25.56,988.19 
07/11/2021T10:03:37Z,111,188,206,50.85,25.55,988.18 
07/11/2021T10:04:08Z,111,186,210,50.89,25.55,988.19 
07/11/2021T10:04:38Z,113,186,212,50.90,25.55,988.19 
07/11/2021T10:05:08Z,112,183,203,51.06,25.55,988.13 
07/11/2021T10:05:39Z,109,181,200,51.01,25.54,988.14 
07/11/2021T10:06:09Z,111,183,212,51.11,25.54,988.12 
07/11/2021T10:06:40Z,111,183,201,51.09,25.55,988.12 
07/11/2021T10:07:10Z,112,182,202,51.10,25.54,988.13 
07/11/2021T10:07:40Z,111,182,199,51.11,25.53,988.14 
07/11/2021T10:08:11Z,109,183,202,51.10,25.55,988.13 
07/11/2021T10:08:42Z,113,184,201,51.05,25.55,988.16 
07/11/2021T10:09:12Z,111,183,202,51.12,25.54,988.14 
07/11/2021T10:09:43Z,109,182,204,51.22,25.53,988.10 
07/11/2021T10:10:13Z,110,179,203,51.28,25.53,988.08 
07/11/2021T10:10:43Z,110,177,198,51.23,25.52,988.10 
07/11/2021T10:11:13Z,112,183,201,51.19,25.52,988.12 
07/11/2021T10:11:44Z,110,184,204,51.30,25.51,988.08 
07/11/2021T10:12:14Z,110,183,200,51.26,25.52,988.09 
07/11/2021T10:12:45Z,112,180,193,51.31,25.52,988.08 
07/11/2021T10:13:15Z,109,184,205,51.40,25.51,988.06 
07/11/2021T10:13:46Z,110,185,204,51.39,25.50,988.05 
07/11/2021T10:14:17Z,110,179,196,51.42,25.51,988.04 
07/11/2021T10:14:47Z,111,184,197,51.38,25.51,988.04 
07/11/2021T10:15:18Z,110,183,200,51.41,25.51,988.05 
07/11/2021T10:15:48Z,109,180,201,51.46,25.51,988.04 
07/11/2021T10:16:19Z,109,176,199,51.43,25.51,988.04 
07/11/2021T10:16:49Z,109,185,205,51.47,25.50,988.03 
07/11/2021T10:17:19Z,108,181,197,51.57,25.49,987.99 
07/11/2021T10:17:52Z,108,180,196,51.59,25.49,987.98 
07/11/2021T10:18:22Z,108,175,194,51.53,25.49,988.00 
07/11/2021T10:18:52Z,111,184,204,51.63,25.48,987.97 
07/11/2021T10:36:12Z,115,186,203,50.21,26.13,988.49 
07/11/2021T10:36:42Z,128,213,239,51.42,25.87,988.03 
07/11/2021T10:37:12Z,124,201,223,52.13,25.71,987.81 
07/11/2021T10:37:42Z,123,197,213,52.97,25.63,987.52 
07/11/2021T10:38:12Z,129,218,243,52.66,25.59,987.60 
07/11/2021T10:38:43Z,127,210,235,53.03,25.59,987.50 
07/11/2021T10:39:13Z,125,205,228,53.21,25.59,987.43 
07/11/2021T10:39:44Z,127,208,231,53.23,25.60,987.44 
07/11/2021T10:40:14Z,127,207,232,53.53,25.61,987.35 
07/11/2021T10:40:45Z,126,206,232,53.42,25.63,987.40 
07/11/2021T10:41:15Z,125,208,227,53.56,25.64,987.36 
07/11/2021T10:41:45Z,121,204,224,53.62,25.64,987.36 
07/11/2021T10:42:16Z,126,214,242,53.16,25.63,987.51 
07/11/2021T10:42:46Z,125,209,233,51.74,25.60,987.99 
07/11/2021T10:43:16Z,123,209,240,52.93,25.62,987.70 
07/11/2021T10:43:46Z,122,199,232,53.08,25.64,987.59 
07/11/2021T10:44:17Z,122,204,230,52.74,25.64,987.68 
07/11/2021T10:44:47Z,124,204,230,51.89,25.61,988.00 
07/11/2021T10:45:18Z,122,211,237,52.90,25.64,987.69 
07/11/2021T10:45:49Z,122,206,232,52.82,25.68,987.66 
07/11/2021T10:46:19Z,121,204,226,52.66,25.71,987.72 
07/11/2021T10:46:49Z,121,203,227,52.58,25.72,987.75 
07/11/2021T10:47:19Z,121,202,229,52.51,25.71,987.77 
07/11/2021T10:47:50Z,123,207,237,52.37,25.72,987.84 
07/11/2021T10:48:21Z,124,205,231,52.15,25.75,987.90 
07/11/2021T10:48:51Z,125,211,235,52.03,25.74,987.99 
07/11/2021T10:49:21Z,126,211,234,52.32,25.71,987.90 
07/11/2021T10:49:51Z,128,213,241,52.65,25.69,987.78 
07/11/2021T10:50:21Z,129,220,242,52.64,25.68,987.77 
07/11/2021T10:50:52Z,131,219,248,52.53,25.66,987.80 
07/11/2021T10:51:23Z,131,227,251,52.50,25.62,987.85 
07/11/2021T10:51:53Z,140,237,264,52.98,25.58,987.69 
07/11/2021T10:52:23Z,138,231,261,53.43,25.60,987.52 
07/11/2021T10:52:54Z,134,225,253,53.39,25.63,987.51 
07/11/2021T10:53:24Z,134,228,253,53.01,25.65,987.65 
07/11/2021T10:53:55Z,132,223,256,53.28,25.66,987.58 
07/11/2021T10:54:25Z,136,226,249,53.30,25.72,987.55 
07/11/2021T10:54:55Z,142,240,269,53.06,25.77,987.62 
07/11/2021T10:55:26Z,140,234,266,52.95,25.81,987.66 
07/11/2021T10:55:57Z,144,241,271,52.74,25.82,987.74 
07/11/2021T10:56:27Z,140,240,265,52.67,25.82,987.76 
07/11/2021T10:56:57Z,140,232,255,52.51,25.81,987.83 
07/11/2021T10:57:27Z,135,227,259,52.73,25.82,987.78 
07/11/2021T10:57:58Z,136,228,251,52.70,25.84,987.78 
07/11/2021T10:58:28Z,136,227,253,52.49,25.85,987.85 
07/11/2021T10:58:59Z,143,237,266,52.48,25.85,987.87 
07/11/2021T10:59:29Z,143,239,268,52.69,25.85,987.81 
07/11/2021T10:59:59Z,140,235,264,52.66,25.84,987.82 
07/11/2021T11:00:29Z,142,238,264,52.67,25.82,987.83 
07/11/2021T11:01:00Z,141,234,264,53.43,25.81,987.61 
07/11/2021T11:01:30Z,140,232,264,53.02,25.85,987.71 
07/11/2021T11:02:01Z,140,234,268,52.76,25.87,987.80 
07/11/2021T11:02:31Z,147,247,272,52.55,25.80,987.90 
07/11/2021T11:03:01Z,148,244,273,52.89,25.78,987.82 
07/11/2021T11:03:32Z,151,254,279,53.08,25.77,987.77 
07/11/2021T11:04:03Z,145,246,277,53.13,25.82,987.73 
07/11/2021T11:04:33Z,143,238,269,53.15,25.83,987.73 
07/11/2021T11:05:03Z,142,237,267,52.94,25.85,987.81 
07/11/2021T11:05:34Z,140,242,268,53.20,25.86,987.74 
07/11/2021T11:06:04Z,144,239,264,53.21,25.85,987.74 
07/11/2021T11:06:34Z,144,243,277,52.95,25.88,987.82 
07/11/2021T11:07:05Z,141,236,263,52.99,25.93,987.83 
07/11/2021T11:07:35Z,139,237,260,52.98,25.94,987.83 
07/11/2021T11:08:06Z,138,235,263,53.15,25.96,987.78 
07/11/2021T11:08:36Z,140,228,256,52.93,26.00,987.83 
07/11/2021T11:09:06Z,136,226,257,52.75,26.02,987.90 
07/11/2021T11:09:37Z,140,229,253,53.26,26.02,987.76 
07/11/2021T11:10:07Z,139,235,269,53.47,26.01,987.66 
07/11/2021T11:10:38Z,141,234,259,53.18,26.00,987.78 
07/11/2021T11:11:08Z,141,241,270,53.12,26.01,987.79 
07/11/2021T11:11:39Z,138,233,264,53.00,26.02,987.85 
07/11/2021T11:12:10Z,141,235,256,53.00,26.01,987.87 
07/11/2021T11:12:40Z,142,235,262,53.18,26.00,987.82 
07/11/2021T11:13:10Z,143,237,266,53.24,26.00,987.79 
07/11/2021T11:13:40Z,144,238,271,53.13,26.00,987.84 
07/11/2021T11:14:11Z,142,235,273,53.14,25.97,987.85 
07/11/2021T11:14:41Z,142,236,261,53.92,25.90,987.61 
07/11/2021T11:15:12Z,138,233,261,54.00,25.95,987.54 
07/11/2021T11:15:42Z,139,230,258,53.57,25.99,987.71 
07/11/2021T11:16:12Z,142,233,257,53.43,25.99,987.78 
07/11/2021T11:16:43Z,141,234,257,53.22,25.96,987.89 
07/11/2021T11:17:21Z,139,227,255,53.29,25.93,987.87 
07/11/2021T11:17:51Z,144,234,259,53.65,25.93,987.77 
07/11/2021T11:18:22Z,143,230,256,53.63,25.89,987.76 
07/11/2021T11:18:52Z,142,228,253,53.61,25.84,987.79 
07/11/2021T11:19:22Z,141,239,272,53.53,25.82,987.83 
07/11/2021T11:19:53Z,141,232,253,53.58,25.81,987.82 
07/11/2021T11:20:24Z,141,234,258,53.50,25.79,987.85 
07/11/2021T11:20:54Z,141,229,258,53.60,25.76,987.83 
07/11/2021T11:21:25Z,143,231,256,53.88,25.78,987.73 
07/11/2021T11:21:55Z,138,238,263,53.83,25.78,987.73 
07/11/2021T11:22:25Z,140,238,261,53.44,25.78,987.88 
07/11/2021T11:22:55Z,138,230,257,53.23,25.78,987.96 
07/11/2021T11:23:25Z,142,234,263,53.25,25.78,987.97 
07/11/2021T11:23:56Z,140,230,255,53.44,25.78,987.91 
07/11/2021T11:24:26Z,139,229,257,53.74,25.84,987.80 
07/11/2021T11:24:57Z,139,227,256,53.54,25.89,987.85 
07/11/2021T11:25:27Z,140,230,254,53.53,25.91,987.87 
07/11/2021T11:25:57Z,141,230,254,53.34,25.95,987.92 
07/11/2021T11:26:27Z,138,227,252,53.23,25.97,987.97 
07/11/2021T11:26:57Z,138,225,244,53.24,26.01,987.98 
07/11/2021T11:27:28Z,144,233,261,53.10,26.03,988.02 
07/11/2021T11:27:58Z,147,242,274,53.11,26.03,988.04 
07/11/2021T11:28:28Z,149,245,276,53.15,25.99,988.02 
07/11/2021T11:28:58Z,148,245,267,53.62,25.95,987.88 
07/11/2021T11:29:29Z,144,236,259,53.58,26.00,987.89 
07/11/2021T11:30:00Z,148,246,276,53.43,26.01,987.94 
07/11/2021T11:30:30Z,143,236,266,53.49,26.02,987.92 
07/11/2021T11:31:01Z,142,236,266,53.65,26.06,987.86 
07/11/2021T11:31:31Z,139,229,256,53.62,26.09,987.87 
07/11/2021T11:32:02Z,142,232,257,53.34,26.12,987.97 
07/11/2021T11:32:32Z,139,233,259,53.30,26.12,988.02 
07/11/2021T11:33:03Z,139,231,256,53.42,26.12,987.97 
07/11/2021T11:33:34Z,141,233,252,53.63,26.07,987.90 
07/11/2021T11:34:04Z,139,232,254,53.60,26.08,987.91 
07/11/2021T11:34:35Z,135,224,252,53.57,26.06,987.91 
07/11/2021T11:35:05Z,139,230,253,54.17,26.06,987.72 
07/11/2021T11:35:35Z,138,230,253,53.73,26.10,987.84 
07/11/2021T11:36:06Z,134,227,253,53.57,26.15,987.92 
07/11/2021T11:36:36Z,140,231,260,53.43,26.16,987.99 
07/11/2021T11:37:06Z,142,229,259,53.85,26.20,987.85 
07/11/2021T11:37:37Z,138,225,251,53.75,26.21,987.85 
07/11/2021T11:38:07Z,140,230,257,53.68,26.21,987.90 
07/11/2021T11:38:38Z,143,240,260,53.48,26.22,987.98 
07/11/2021T11:39:09Z,144,234,255,53.22,26.21,988.08 
07/11/2021T11:39:39Z,143,237,264,53.48,26.19,988.03 
07/11/2021T11:40:10Z,144,233,263,53.66,26.19,987.96 
07/11/2021T11:40:40Z,146,241,265,53.86,26.16,987.93 
07/11/2021T11:41:11Z,144,238,263,54.51,26.13,987.69 
07/11/2021T11:41:41Z,142,235,256,54.27,26.16,987.79 
07/11/2021T11:42:12Z,142,231,253,54.02,26.20,987.88 
07/11/2021T11:42:42Z,143,234,258,53.99,26.22,987.92 
07/11/2021T11:43:13Z,147,241,265,54.03,26.25,987.90 
07/11/2021T11:43:43Z,146,239,265,54.03,26.27,987.91 
07/11/2021T11:44:13Z,147,238,266,54.03,26.27,987.94 
07/11/2021T11:44:43Z,146,237,263,54.22,26.27,987.88 
07/11/2021T11:45:13Z,151,248,275,54.29,26.24,987.87 
07/11/2021T11:45:44Z,145,236,265,54.37,26.28,987.85 
07/11/2021T11:46:15Z,142,232,256,54.67,26.35,987.79 
07/11/2021T11:46:45Z,146,238,266,54.86,26.42,987.72 
07/11/2021T11:47:15Z,148,242,270,54.67,26.49,987.77 
07/11/2021T11:47:46Z,149,234,262,54.30,26.52,987.91 
07/11/2021T11:48:16Z,149,242,268,54.07,26.55,987.99 
07/11/2021T11:48:46Z,143,232,257,53.87,26.55,988.09 
07/11/2021T11:49:17Z,145,233,261,54.13,26.56,988.02 
07/11/2021T11:49:48Z,149,247,277,54.10,26.56,988.03 
07/11/2021T11:50:18Z,149,246,274,54.25,26.56,987.99 
07/11/2021T11:50:48Z,150,244,272,54.33,26.57,987.96 
07/11/2021T11:51:18Z,151,244,271,54.33,26.60,987.97 
07/11/2021T11:51:48Z,150,244,268,54.39,26.62,987.93 
07/11/2021T11:52:19Z,149,244,272,54.40,26.66,987.94 
07/11/2021T11:52:49Z,155,246,275,54.41,26.66,987.93 
07/11/2021T11:53:19Z,150,242,273,54.48,26.67,987.91 
07/11/2021T11:53:49Z,154,248,275,54.25,26.66,987.99 
07/11/2021T11:54:19Z,151,248,268,54.15,26.66,988.04 
07/11/2021T11:54:49Z,150,245,278,54.35,26.65,987.98 
07/11/2021T11:55:19Z,146,241,278,53.79,26.63,988.19 
07/11/2021T11:55:49Z,147,241,265,54.37,26.63,988.02 
07/11/2021T11:56:20Z,149,248,276,54.59,26.64,987.95 
07/11/2021T11:56:50Z,149,244,272,54.39,26.64,988.00 
07/11/2021T11:57:21Z,152,248,271,54.09,26.64,988.12 
07/11/2021T11:57:51Z,148,247,270,54.00,26.62,988.19 
07/11/2021T11:58:22Z,151,249,278,53.98,26.60,988.22 
07/11/2021T11:58:53Z,150,246,268,54.17,26.60,988.17 
07/11/2021T11:59:23Z,148,246,275,54.01,26.61,988.22 
07/11/2021T11:59:53Z,155,253,285,54.06,26.59,988.20 
07/11/2021T12:00:23Z,171,278,307,53.99,26.57,988.24 
07/11/2021T12:00:53Z,161,270,302,53.98,26.57,988.25 
07/11/2021T12:01:24Z,172,287,319,53.98,26.61,988.24 
07/11/2021T12:01:55Z,201,343,375,53.95,26.58,988.28 
07/11/2021T12:02:25Z,165,272,296,54.22,26.62,988.15 
07/11/2021T12:02:56Z,155,253,281,53.64,26.58,988.36 
07/11/2021T12:03:26Z,153,248,270,54.03,26.59,988.26 
07/11/2021T12:03:57Z,153,239,265,54.07,26.60,988.23 
07/11/2021T12:04:27Z,152,250,283,54.16,26.60,988.20 
07/11/2021T12:04:57Z,151,251,279,54.11,26.59,988.19 
07/11/2021T12:05:27Z,150,242,274,54.06,26.58,988.20 
07/11/2021T12:05:58Z,148,241,266,54.15,26.57,988.18 
07/11/2021T12:06:29Z,146,240,264,53.80,26.56,988.32 
07/11/2021T12:06:59Z,146,240,262,53.43,26.57,988.44 
07/11/2021T12:07:30Z,143,235,262,53.25,26.55,988.54 
07/11/2021T12:08:01Z,146,243,271,53.52,26.56,988.45 
07/11/2021T12:08:32Z,144,242,269,53.73,26.57,988.38 
07/11/2021T12:09:02Z,144,240,265,53.75,26.56,988.38 
07/11/2021T12:09:32Z,142,237,264,53.60,26.54,988.40 
07/11/2021T12:10:03Z,142,236,259,53.24,26.53,988.55 
07/11/2021T12:10:34Z,141,231,257,53.72,26.51,988.41 
07/11/2021T12:11:04Z,140,232,254,53.60,26.48,988.44 
07/11/2021T12:11:35Z,141,231,259,53.75,26.44,988.40 
07/11/2021T12:12:05Z,148,237,266,53.81,26.42,988.38 
07/11/2021T12:12:35Z,151,242,267,53.78,26.41,988.41 
07/11/2021T12:13:06Z,153,242,272,53.84,26.39,988.37 
07/11/2021T12:13:36Z,157,257,291,54.00,26.36,988.35 
07/11/2021T12:14:07Z,161,267,298,53.81,26.34,988.42 
07/11/2021T12:14:38Z,161,272,302,53.72,26.30,988.46 
07/11/2021T12:15:08Z,163,269,300,54.02,26.24,988.39 
07/11/2021T12:15:38Z,162,276,307,54.23,26.22,988.31 
07/11/2021T12:16:08Z,164,280,314,54.37,26.20,988.27 
07/11/2021T12:16:39Z,164,279,312,54.29,26.23,988.29 
07/11/2021T12:17:09Z,163,268,303,54.13,26.24,988.33 
07/11/2021T12:17:39Z,162,272,300,54.52,26.21,988.24 
07/11/2021T12:18:10Z,160,273,308,54.38,26.24,988.27 
07/11/2021T12:18:40Z,156,260,292,54.03,26.27,988.38 
07/11/2021T12:19:11Z,157,263,293,53.91,26.28,988.44 
07/11/2021T12:19:41Z,157,259,289,53.98,26.30,988.40 
07/11/2021T12:20:12Z,154,251,284,53.72,26.32,988.48 
07/11/2021T12:20:42Z,155,260,286,53.59,26.31,988.55 
07/11/2021T12:21:12Z,155,258,286,53.52,26.31,988.58 
07/11/2021T12:21:43Z,161,265,295,53.50,26.30,988.60 
07/11/2021T12:22:13Z,161,267,299,53.63,26.33,988.54 
07/11/2021T12:22:44Z,163,269,301,53.43,26.33,988.63 
07/11/2021T12:23:14Z,162,267,297,53.06,26.33,988.75 
07/11/2021T12:23:45Z,160,266,296,52.90,26.35,988.82 
07/11/2021T12:24:15Z,160,270,305,53.09,26.37,988.79 
07/11/2021T12:24:45Z,160,271,303,52.79,26.38,988.85 
07/11/2021T12:25:16Z,166,274,304,52.50,26.36,988.98 
07/11/2021T12:25:47Z,170,283,317,52.87,26.34,988.86 
07/11/2021T12:26:17Z,173,291,324,53.28,26.37,988.70 
07/11/2021T12:26:47Z,183,316,360,53.89,26.34,988.51 
07/11/2021T12:27:18Z,181,307,349,53.72,26.36,988.53 
07/11/2021T12:27:48Z,187,322,360,53.90,26.39,988.50 
07/11/2021T12:28:18Z,189,328,368,53.90,26.38,988.49 
07/11/2021T12:28:48Z,190,328,366,53.83,26.36,988.52 
07/11/2021T12:29:19Z,186,319,348,53.85,26.37,988.51 
07/11/2021T12:29:49Z,178,305,339,53.84,26.35,988.54 
07/11/2021T12:30:19Z,172,293,328,53.91,26.36,988.51 
07/11/2021T12:30:49Z,171,293,333,53.91,26.37,988.52 
07/11/2021T12:31:19Z,173,291,323,53.93,26.39,988.53 
07/11/2021T12:31:50Z,169,288,323,54.02,26.40,988.49 
07/11/2021T12:32:20Z,163,285,320,53.95,26.38,988.51 
07/11/2021T12:32:50Z,165,285,321,53.68,26.37,988.63 
07/11/2021T12:33:20Z,169,288,326,53.57,26.40,988.68 
07/11/2021T12:33:50Z,170,287,314,53.69,26.42,988.63 
07/11/2021T12:34:21Z,166,287,326,53.77,26.42,988.60 
07/11/2021T12:34:52Z,168,288,327,53.72,26.46,988.62 
07/11/2021T12:35:22Z,169,295,331,53.14,26.51,988.81 
07/11/2021T12:35:52Z,169,296,333,53.14,26.56,988.83 
07/11/2021T12:36:23Z,175,302,339,53.34,26.59,988.73 
07/11/2021T12:36:53Z,177,311,345,53.54,26.64,988.70 
07/11/2021T12:37:23Z,177,309,345,53.28,26.68,988.76 
07/11/2021T12:37:54Z,175,304,343,53.61,26.73,988.64 
07/11/2021T12:38:24Z,174,300,342,53.22,26.72,988.75 
07/11/2021T12:38:55Z,171,307,349,53.21,26.74,988.80 
07/11/2021T12:39:25Z,172,296,338,53.12,26.75,988.82 
07/11/2021T12:39:55Z,175,299,338,52.84,26.76,988.93 
07/11/2021T12:40:25Z,166,292,329,52.96,26.77,988.90 
07/11/2021T12:40:56Z,173,303,339,52.75,26.76,988.97 
07/11/2021T12:41:26Z,170,297,330,52.90,26.75,988.95 
07/11/2021T12:41:56Z,177,318,359,52.80,26.74,988.96 
07/11/2021T12:42:27Z,174,308,353,52.70,26.71,989.02 
07/11/2021T12:42:57Z,177,303,345,52.64,26.69,989.04 
07/11/2021T12:43:27Z,177,302,348,52.64,26.66,989.05 
07/11/2021T12:43:58Z,175,305,351,52.94,26.66,988.96 
07/11/2021T12:44:29Z,174,306,342,53.01,26.66,988.93 
07/11/2021T12:44:59Z,174,305,353,53.56,26.62,988.76 
07/11/2021T12:45:29Z,177,307,343,53.06,26.59,988.89 
07/11/2021T12:46:00Z,179,310,351,52.68,26.61,989.05 
07/11/2021T12:46:31Z,178,311,351,52.32,26.59,989.20 
07/11/2021T12:47:01Z,181,315,359,52.27,26.54,989.23 
07/11/2021T12:47:31Z,181,317,352,52.19,26.51,989.26 
07/11/2021T12:48:01Z,186,320,364,51.79,26.50,989.43 
07/11/2021T12:48:32Z,186,328,366,51.56,26.45,989.53 
07/11/2021T12:49:02Z,190,336,372,51.49,26.43,989.57 
07/11/2021T12:49:32Z,190,332,371,51.45,26.40,989.58 
07/11/2021T12:50:03Z,189,329,370,51.72,26.38,989.49 
07/11/2021T12:50:33Z,189,321,366,51.81,26.38,989.44 
07/11/2021T12:51:03Z,187,329,375,51.94,26.40,989.39 
07/11/2021T12:51:33Z,194,329,377,51.63,26.41,989.49 
07/11/2021T12:52:04Z,193,332,375,51.32,26.39,989.63 
07/11/2021T12:52:34Z,196,343,383,51.21,26.36,989.70 
07/11/2021T12:53:04Z,197,345,396,51.53,26.29,989.61 
07/11/2021T12:53:34Z,196,343,381,51.82,26.30,989.47 
07/11/2021T12:54:05Z,197,342,382,51.63,26.26,989.58 
07/11/2021T12:54:36Z,191,337,382,51.93,26.22,989.48 
07/11/2021T12:55:06Z,192,330,375,52.43,26.19,989.30 
07/11/2021T12:55:36Z,192,329,377,52.69,26.15,989.21 
07/11/2021T12:56:06Z,191,346,397,53.11,26.13,989.07 
07/11/2021T12:56:36Z,196,347,395,53.42,26.09,988.93 
07/11/2021T12:57:06Z,194,343,395,53.10,26.07,989.05 
07/11/2021T12:57:36Z,190,335,381,53.07,26.10,989.07 
07/11/2021T12:58:07Z,195,343,386,52.84,26.11,989.16 
07/11/2021T12:58:37Z,192,339,393,52.95,26.14,989.14 
07/11/2021T12:59:07Z,192,347,397,52.93,26.17,989.14 
07/11/2021T12:59:37Z,193,344,399,52.70,26.19,989.22 
07/11/2021T13:00:08Z,199,348,390,52.92,26.21,989.14 
07/11/2021T13:00:39Z,203,347,391,53.02,26.23,989.11 
07/11/2021T13:01:09Z,193,347,403,52.92,26.29,989.12 
07/11/2021T13:01:39Z,191,339,388,52.48,26.32,989.31 
07/11/2021T13:02:10Z,193,341,390,52.45,26.35,989.35 
07/11/2021T13:02:40Z,195,342,387,52.14,26.38,989.45 
07/11/2021T13:03:11Z,193,338,379,52.05,26.40,989.49 
07/11/2021T13:03:42Z,196,346,401,51.85,26.38,989.61 
07/11/2021T13:04:12Z,195,341,394,52.13,26.36,989.51 
07/11/2021T13:04:42Z,191,331,373,51.77,26.34,989.65 
07/11/2021T13:05:12Z,186,327,381,51.95,26.32,989.60 
07/11/2021T13:05:42Z,189,327,366,51.82,26.30,989.64 
07/11/2021T13:06:12Z,186,330,364,52.06,26.30,989.58 
07/11/2021T13:06:43Z,187,324,367,51.78,26.30,989.67 
07/11/2021T13:07:14Z,187,327,371,51.61,26.25,989.75 
07/11/2021T13:07:44Z,185,320,358,51.81,26.25,989.69 
07/11/2021T13:08:15Z,182,316,364,51.90,26.30,989.61 
07/11/2021T13:08:45Z,184,317,365,52.13,26.37,989.50 
07/11/2021T13:09:15Z,188,325,367,51.70,26.36,989.65 
07/11/2021T13:09:46Z,187,325,369,51.76,26.37,989.66 
07/11/2021T13:10:16Z,187,321,365,51.49,26.35,989.77 
07/11/2021T13:10:46Z,188,320,368,51.63,26.33,989.75 
07/11/2021T13:11:17Z,187,321,359,51.89,26.33,989.63 
07/11/2021T13:11:47Z,189,326,361,51.95,26.31,989.61 
07/11/2021T13:12:17Z,189,330,364,52.16,26.28,989.53 
07/11/2021T13:12:48Z,192,331,380,51.97,26.23,989.60 
07/11/2021T13:13:19Z,190,331,377,52.02,26.19,989.61 
07/11/2021T13:13:49Z,190,324,379,52.07,26.13,989.63 
07/11/2021T13:14:19Z,190,326,370,52.02,26.09,989.63 
07/11/2021T13:14:49Z,191,329,363,52.05,26.06,989.65 
07/11/2021T13:15:20Z,195,330,375,52.01,26.03,989.68 
07/11/2021T13:15:50Z,199,338,383,52.12,26.02,989.64 
07/11/2021T13:16:20Z,201,342,379,52.20,26.04,989.60 
07/11/2021T13:16:51Z,197,334,375,52.17,26.04,989.61 
07/11/2021T13:17:22Z,194,333,379,52.29,26.05,989.58 
07/11/2021T13:17:52Z,196,337,381,52.46,26.03,989.53 
07/11/2021T13:18:23Z,198,334,376,52.68,26.10,989.43 
07/11/2021T13:18:53Z,200,333,377,52.38,26.13,989.53 
07/11/2021T13:19:23Z,193,331,370,52.04,26.17,989.66 
07/11/2021T13:19:54Z,195,325,367,52.13,26.18,989.67 
07/11/2021T13:20:24Z,189,321,351,52.16,26.23,989.63 
07/11/2021T13:20:54Z,187,322,360,52.20,26.25,989.62 
07/11/2021T13:21:24Z,186,311,348,52.49,26.25,989.52 
07/11/2021T13:21:54Z,186,312,356,52.23,26.28,989.59 
07/11/2021T13:22:25Z,183,314,353,52.09,26.33,989.64 
07/11/2021T13:22:55Z,185,317,356,51.96,26.35,989.71 
07/11/2021T13:23:25Z,190,320,361,52.14,26.39,989.62 
07/11/2021T13:23:55Z,187,324,362,51.80,26.35,989.77 
07/11/2021T13:24:26Z,190,319,368,51.63,26.32,989.89 
07/11/2021T13:24:56Z,188,320,356,52.19,26.31,989.70 
07/11/2021T13:25:26Z,182,320,351,52.02,26.32,989.73 
07/11/2021T13:25:56Z,187,319,359,52.02,26.32,989.76 
07/11/2021T13:26:27Z,188,317,358,52.32,26.33,989.66 
07/11/2021T13:26:58Z,189,317,353,52.23,26.33,989.65 
07/11/2021T13:27:28Z,186,320,359,52.11,26.36,989.74 
07/11/2021T13:27:58Z,188,319,366,51.60,26.35,989.90 
07/11/2021T13:28:28Z,189,324,366,51.79,26.33,989.91 
07/11/2021T13:28:59Z,187,324,379,52.20,26.34,989.74 
07/11/2021T13:29:30Z,201,363,413,52.11,26.34,989.76 
07/11/2021T13:30:00Z,197,350,397,52.03,26.33,989.79 
07/11/2021T13:30:30Z,193,335,382,51.44,26.28,990.03 
07/11/2021T13:31:00Z,193,331,370,51.92,26.27,989.87 
07/11/2021T13:31:30Z,190,324,360,51.84,26.26,989.90 
07/11/2021T13:32:00Z,187,328,374,51.98,26.27,989.85 
07/11/2021T13:32:31Z,187,323,359,51.88,26.30,989.86 
07/11/2021T13:33:01Z,186,317,353,51.69,26.31,989.95 
07/11/2021T13:33:31Z,186,319,357,51.81,26.30,989.92 
07/11/2021T13:34:01Z,186,317,356,51.82,26.29,989.92 
07/11/2021T13:34:32Z,183,306,343,51.84,26.30,989.90 
07/11/2021T13:35:03Z,177,298,336,51.89,26.31,989.88 
07/11/2021T13:35:33Z,179,304,344,51.73,26.33,989.95 
07/11/2021T13:36:03Z,181,303,343,51.86,26.34,989.92 
07/11/2021T13:36:34Z,180,306,341,52.00,26.35,989.85 
07/11/2021T13:37:04Z,180,310,345,52.03,26.36,989.84 
07/11/2021T13:37:35Z,182,305,337,52.03,26.34,989.83 
07/11/2021T13:38:05Z,180,304,337,52.13,26.32,989.81 
07/11/2021T13:38:35Z,181,311,354,51.91,26.28,989.91 
07/11/2021T13:39:06Z,181,309,344,52.13,26.25,989.84 
07/11/2021T13:39:36Z,179,300,337,51.64,26.20,989.99 
07/11/2021T13:40:06Z,181,306,339,51.00,26.15,990.30 
07/11/2021T13:40:36Z,181,306,346,51.17,26.11,990.26 
07/11/2021T13:41:06Z,177,308,341,51.37,26.08,990.19 
07/11/2021T13:41:37Z,181,310,345,51.41,26.08,990.16 
07/11/2021T13:42:08Z,182,306,349,51.59,26.08,990.10 
07/11/2021T13:42:38Z,176,303,344,51.50,26.09,990.11 
07/11/2021T13:43:08Z,177,307,342,51.48,26.09,990.13 
07/11/2021T13:43:38Z,179,302,337,51.36,26.05,990.19 
07/11/2021T13:44:09Z,177,298,333,51.45,26.03,990.17 
07/11/2021T13:44:39Z,176,297,325,51.49,26.02,990.15 
07/11/2021T13:45:09Z,174,296,330,51.45,26.01,990.17 
07/11/2021T13:45:40Z,171,290,317,51.34,25.99,990.22 
07/11/2021T13:46:10Z,175,296,327,51.40,25.97,990.20 
07/11/2021T13:46:40Z,173,289,324,51.27,25.94,990.27 
07/11/2021T13:47:11Z,173,289,319,51.45,25.94,990.20 
07/11/2021T13:47:41Z,177,296,326,51.49,25.93,990.17 
07/11/2021T13:48:11Z,174,303,341,51.61,25.93,990.13 
07/11/2021T13:48:42Z,178,304,346,51.74,25.93,990.07 
07/11/2021T13:49:13Z,188,313,359,51.83,25.97,990.03 
07/11/2021T13:49:43Z,186,310,353,51.51,26.00,990.13 
07/11/2021T13:50:14Z,184,315,353,51.62,25.98,990.12 
07/11/2021T13:50:44Z,184,313,352,51.57,25.97,990.13 
07/11/2021T13:51:15Z,185,316,354,51.55,25.95,990.15 
07/11/2021T13:51:46Z,188,319,353,51.55,25.93,990.14 
07/11/2021T13:52:16Z,188,319,350,51.69,25.93,990.09 
07/11/2021T13:52:47Z,188,323,360,51.59,25.91,990.12 
07/11/2021T13:53:17Z,186,317,358,51.65,25.88,990.13 
07/11/2021T13:53:47Z,192,332,370,51.70,25.82,990.15 
07/11/2021T13:54:18Z,187,314,360,52.11,25.82,989.99 
07/11/2021T13:54:48Z,189,319,361,51.92,25.81,990.04 
07/11/2021T13:55:18Z,197,332,378,51.95,25.80,990.07 
07/11/2021T13:55:49Z,198,338,373,52.19,25.80,989.97 
07/11/2021T13:56:19Z,201,350,389,52.55,25.79,989.84 
07/11/2021T13:56:50Z,203,351,396,52.73,25.77,989.78 
07/11/2021T13:57:21Z,204,351,399,52.51,25.75,989.85 
07/11/2021T13:57:52Z,207,353,403,52.83,25.72,989.76 
07/11/2021T13:58:22Z,206,361,407,52.90,25.73,989.72 
07/11/2021T13:58:53Z,202,365,421,53.04,25.73,989.67 
07/11/2021T13:59:24Z,203,356,401,52.88,25.74,989.72 
07/11/2021T13:59:54Z,204,355,406,52.74,25.74,989.80 
07/11/2021T14:00:25Z,202,355,412,52.85,25.76,989.74 
07/11/2021T14:00:55Z,206,363,402,52.81,25.77,989.74 
07/11/2021T14:01:26Z,209,357,399,52.89,25.78,989.74 
07/11/2021T14:01:57Z,206,360,405,52.86,25.76,989.75 
07/11/2021T14:02:27Z,199,351,396,52.30,25.74,989.96 
07/11/2021T14:02:58Z,195,343,389,52.10,25.73,990.10 
07/11/2021T14:03:28Z,192,331,372,52.02,25.74,990.16 
07/11/2021T14:03:58Z,192,330,379,52.15,25.74,990.12 
07/11/2021T14:04:28Z,193,326,368,52.06,25.73,990.16 
07/11/2021T14:04:59Z,188,322,365,52.08,25.71,990.17 
07/11/2021T14:05:29Z,187,315,357,52.01,25.66,990.22 
07/11/2021T14:05:59Z,186,324,359,52.28,25.63,990.15 
07/11/2021T14:06:29Z,180,312,344,52.38,25.66,990.09 
07/11/2021T14:06:59Z,185,314,342,52.29,25.68,990.12 
07/11/2021T14:07:30Z,181,314,350,52.28,25.69,990.12 
07/11/2021T14:08:00Z,182,312,342,52.43,25.69,990.08 
07/11/2021T14:08:30Z,184,314,348,52.49,25.64,990.05 
07/11/2021T14:09:01Z,183,309,347,52.78,25.66,989.94 
07/11/2021T14:09:31Z,182,320,352,52.50,25.72,990.04 
07/11/2021T14:10:01Z,186,323,361,52.41,25.73,990.09 
07/11/2021T14:10:32Z,192,335,373,52.54,25.74,990.05 
07/11/2021T14:11:02Z,187,327,367,52.62,25.71,990.04 
07/11/2021T14:11:32Z,190,325,370,52.63,25.69,990.03 
07/11/2021T14:12:02Z,194,336,377,52.92,25.63,989.95 
07/11/2021T14:12:33Z,191,335,377,53.28,25.61,989.79 
07/11/2021T14:13:03Z,192,330,375,53.25,25.59,989.81 
07/11/2021T14:13:33Z,192,334,375,53.15,25.56,989.88 
07/11/2021T14:14:03Z,193,326,370,53.07,25.53,989.93 
07/11/2021T14:14:34Z,195,334,375,53.22,25.53,989.90 
07/11/2021T14:15:04Z,196,336,377,53.39,25.53,989.82 
07/11/2021T14:15:34Z,192,340,377,53.34,25.53,989.84 
07/11/2021T14:16:05Z,193,338,390,53.18,25.55,989.91 
07/11/2021T14:16:35Z,198,337,379,53.12,25.54,989.94 
07/11/2021T14:17:06Z,196,338,382,53.30,25.53,989.90 
07/11/2021T14:17:37Z,195,338,380,53.60,25.54,989.76 
07/11/2021T14:18:08Z,199,341,390,53.65,25.57,989.73 
07/11/2021T14:18:38Z,195,333,370,53.47,25.59,989.78 
07/11/2021T14:19:08Z,194,333,376,53.21,25.60,989.90 
07/11/2021T14:19:38Z,193,323,356,53.08,25.63,989.96 
07/11/2021T14:20:08Z,190,320,358,52.93,25.63,990.04 
07/11/2021T14:20:38Z,191,321,361,52.80,25.63,990.09 
07/11/2021T14:21:08Z,186,311,341,52.41,25.61,990.23 
07/11/2021T14:21:39Z,183,313,351,52.34,25.59,990.28 
07/11/2021T14:22:10Z,184,309,349,52.68,25.59,990.20 
07/11/2021T14:22:40Z,188,315,358,52.61,25.58,990.20 
07/11/2021T14:23:10Z,187,314,361,52.59,25.56,990.23 
07/11/2021T14:23:40Z,187,318,355,52.53,25.56,990.23 
07/11/2021T14:24:11Z,185,311,345,52.65,25.54,990.23 
07/11/2021T14:24:42Z,184,310,341,52.86,25.57,990.12 
07/11/2021T14:25:12Z,178,304,340,52.59,25.60,990.20 
07/11/2021T14:25:42Z,181,314,346,52.72,25.63,990.17 
07/11/2021T14:26:12Z,186,318,356,52.76,25.65,990.16 
07/11/2021T14:26:42Z,185,316,350,53.01,25.65,990.07 
07/11/2021T14:27:12Z,190,323,358,53.38,25.63,989.92 
07/11/2021T14:27:43Z,193,326,369,53.47,25.62,989.90 
07/11/2021T14:28:13Z,192,321,364,53.66,25.57,989.84 
07/11/2021T14:28:43Z,190,322,360,53.73,25.55,989.82 
07/11/2021T14:29:14Z,190,323,371,53.61,25.56,989.85 
07/11/2021T14:29:44Z,189,318,357,53.62,25.59,989.84 
07/11/2021T14:30:15Z,186,316,353,53.43,25.63,989.92 
07/11/2021T14:30:45Z,182,305,347,53.32,25.62,989.99 
07/11/2021T14:31:16Z,182,306,350,53.06,25.54,990.11 
07/11/2021T14:31:46Z,186,313,349,53.25,25.52,990.06 
07/11/2021T14:32:16Z,186,318,362,53.03,25.50,990.14 
07/11/2021T14:32:46Z,188,319,352,53.08,25.47,990.17 
07/11/2021T14:33:17Z,186,317,354,53.22,25.46,990.13 
07/11/2021T14:33:47Z,186,306,337,53.23,25.46,990.13 
07/11/2021T14:34:17Z,187,308,333,53.07,25.43,990.19 
07/11/2021T14:34:47Z,182,308,346,53.03,25.41,990.22 
07/11/2021T14:35:18Z,179,303,335,53.02,25.42,990.21 
07/11/2021T14:35:48Z,179,304,342,52.72,25.44,990.33 
07/11/2021T14:36:18Z,179,301,339,52.47,25.44,990.42 
07/11/2021T14:36:48Z,180,296,332,52.73,25.43,990.34 
07/11/2021T14:37:19Z,178,289,323,52.60,25.44,990.38 
07/11/2021T14:37:49Z,177,294,325,52.71,25.43,990.36 
07/11/2021T14:38:19Z,178,299,332,52.63,25.50,990.34 
07/11/2021T14:38:49Z,176,297,337,52.57,25.52,990.37 
07/11/2021T14:39:20Z,175,294,321,52.61,25.54,990.36 
07/11/2021T14:39:50Z,174,298,326,52.27,25.51,990.52 
07/11/2021T14:40:20Z,176,293,319,52.17,25.49,990.56 
07/11/2021T14:40:50Z,174,294,329,52.39,25.52,990.47 
07/11/2021T14:41:20Z,177,289,324,52.57,25.54,990.39 
07/11/2021T14:41:51Z,170,287,320,52.43,25.56,990.41 
07/11/2021T14:42:21Z,173,298,333,52.37,25.61,990.42 
07/11/2021T14:42:51Z,173,297,330,52.23,25.62,990.49 
07/11/2021T14:43:21Z,173,298,327,52.12,25.57,990.53 
07/11/2021T14:43:52Z,173,289,325,51.85,25.55,990.65 
07/11/2021T14:44:22Z,172,290,330,51.93,25.55,990.65 
07/11/2021T14:44:52Z,169,289,317,52.30,25.57,990.50 
07/11/2021T14:45:22Z,172,292,323,52.08,25.57,990.56 
07/11/2021T14:45:52Z,176,295,325,52.20,25.56,990.54 
07/11/2021T14:46:22Z,171,292,326,52.27,25.57,990.51 
07/11/2021T14:46:53Z,172,292,328,51.98,25.57,990.62 
07/11/2021T14:47:24Z,172,291,324,52.28,25.49,990.53 
07/11/2021T14:47:54Z,170,289,328,52.55,25.54,990.40 
07/11/2021T14:48:24Z,172,288,320,52.28,25.59,990.48 
07/11/2021T14:48:54Z,175,290,330,52.05,25.61,990.58 
07/11/2021T14:49:24Z,174,291,327,52.22,25.61,990.54 
07/11/2021T14:49:54Z,172,289,318,52.07,25.66,990.58 
07/11/2021T14:50:24Z,172,289,323,52.13,25.69,990.56 
07/11/2021T14:50:55Z,176,292,322,51.95,25.73,990.60 
07/11/2021T14:51:26Z,173,291,322,51.67,25.74,990.72 
07/11/2021T14:51:56Z,173,288,317,51.82,25.75,990.67 
07/11/2021T14:52:27Z,173,288,324,51.75,25.73,990.70 
07/11/2021T14:52:57Z,174,293,329,51.95,25.68,990.66 
07/11/2021T14:53:28Z,171,294,331,52.26,25.67,990.52 
07/11/2021T14:53:58Z,172,292,335,51.93,25.66,990.64 
07/11/2021T14:54:28Z,174,295,325,52.08,25.63,990.63 
07/11/2021T14:54:59Z,170,292,326,52.40,25.59,990.51 
07/11/2021T14:55:29Z,171,289,319,52.49,25.53,990.49 
07/11/2021T14:55:59Z,169,280,311,52.36,25.51,990.53 
07/11/2021T14:56:30Z,171,292,322,52.23,25.48,990.60 
07/11/2021T14:57:00Z,177,294,320,52.12,25.42,990.69 
07/11/2021T14:57:31Z,175,292,320,52.34,25.42,990.62 
07/11/2021T14:58:01Z,169,286,319,52.58,25.38,990.53 
07/11/2021T14:58:32Z,171,289,320,52.63,25.34,990.53 
07/11/2021T14:59:02Z,174,291,326,52.40,25.39,990.57 
07/11/2021T14:59:33Z,175,294,327,52.64,25.39,990.51 
07/11/2021T15:00:03Z,173,291,319,52.51,25.40,990.54 
07/11/2021T15:00:34Z,173,292,319,52.76,25.36,990.46 
07/11/2021T15:01:05Z,171,286,316,52.96,25.33,990.42 
07/11/2021T15:01:35Z,172,288,319,52.94,25.38,990.40 
07/11/2021T15:02:05Z,172,290,324,52.89,25.41,990.41 
07/11/2021T15:02:35Z,172,286,317,52.77,25.44,990.45 
07/11/2021T15:03:06Z,169,287,325,52.68,25.47,990.48 
07/11/2021T15:03:36Z,171,286,312,52.62,25.51,990.50 
07/11/2021T15:04:07Z,169,288,321,52.31,25.54,990.59 
07/11/2021T15:04:37Z,174,289,315,52.34,25.55,990.61 
07/11/2021T15:05:08Z,170,285,316,52.37,25.54,990.61 
07/11/2021T15:05:38Z,172,289,318,52.45,25.56,990.56 
07/11/2021T15:06:09Z,170,280,314,52.29,25.57,990.61 
07/11/2021T15:06:39Z,169,280,312,52.34,25.59,990.62 
07/11/2021T15:07:09Z,171,283,314,52.31,25.60,990.62 
07/11/2021T15:07:40Z,175,291,321,52.30,25.55,990.66 
07/11/2021T15:08:11Z,171,286,313,52.53,25.55,990.55 
07/11/2021T15:08:41Z,174,290,323,52.53,25.56,990.58 
07/11/2021T15:09:12Z,176,292,326,52.88,25.42,990.49 
07/11/2021T15:09:42Z,173,291,324,53.50,25.39,990.25 
07/11/2021T15:10:13Z,177,298,342,53.33,25.41,990.29 
07/11/2021T15:10:43Z,180,299,341,53.20,25.39,990.36 
07/11/2021T15:11:13Z,181,304,344,53.16,25.38,990.37 
07/11/2021T15:11:44Z,177,300,335,53.46,25.35,990.29 
07/11/2021T15:12:14Z,176,300,335,53.63,25.34,990.21 
07/11/2021T15:12:45Z,175,300,332,53.59,25.34,990.22 
07/11/2021T15:13:15Z,176,297,332,53.85,25.37,990.12 
07/11/2021T15:13:45Z,180,305,339,53.59,25.39,990.20 
07/11/2021T15:14:16Z,178,299,326,53.42,25.40,990.27 
07/11/2021T15:14:46Z,176,302,338,53.62,25.41,990.20 
07/11/2021T15:15:17Z,177,299,332,53.65,25.45,990.19 
07/11/2021T15:15:47Z,177,300,334,53.49,25.48,990.23 
07/11/2021T15:16:17Z,181,305,337,53.30,25.43,990.33 
07/11/2021T15:16:47Z,183,305,338,53.69,25.40,990.21 
07/11/2021T15:17:18Z,181,304,345,53.78,25.44,990.15 
07/11/2021T15:17:48Z,176,305,337,53.51,25.45,990.25 
07/11/2021T15:18:18Z,177,298,335,53.48,25.44,990.29 
07/11/2021T15:18:49Z,178,306,344,53.20,25.46,990.38 
07/11/2021T15:19:19Z,182,304,338,53.18,25.47,990.40 
07/11/2021T15:19:50Z,183,303,335,52.87,25.49,990.51 
07/11/2021T15:20:20Z,180,305,340,52.76,25.47,990.57 
07/11/2021T15:20:50Z,179,306,338,52.81,25.50,990.56 
07/11/2021T15:21:20Z,179,305,347,52.74,25.55,990.56 
07/11/2021T15:21:51Z,181,304,336,52.50,25.56,990.65 
07/11/2021T15:22:21Z,178,299,337,52.47,25.57,990.67 
07/11/2021T15:22:51Z,180,301,341,52.29,25.53,990.75 
07/11/2021T15:23:21Z,178,305,346,52.54,25.51,990.69 
07/11/2021T15:23:52Z,178,304,336,52.64,25.48,990.65 
07/11/2021T15:24:22Z,178,299,334,52.69,25.45,990.63 
07/11/2021T15:24:52Z,179,303,343,52.64,25.46,990.64 
07/11/2021T15:25:22Z,173,294,337,52.49,25.46,990.71 
07/11/2021T15:25:53Z,177,300,345,52.50,25.46,990.71 
07/11/2021T15:26:23Z,178,301,335,52.43,25.45,990.75 
07/11/2021T15:26:53Z,178,306,342,52.44,25.46,990.75 
07/11/2021T15:27:24Z,178,304,348,52.82,25.47,990.62 
07/11/2021T15:27:54Z,179,308,355,52.75,25.53,990.60 
07/11/2021T15:28:24Z,180,312,350,52.89,25.53,990.55 
07/11/2021T15:28:54Z,178,310,352,53.02,25.59,990.48 
07/11/2021T15:29:25Z,180,305,345,52.84,25.59,990.56 
07/11/2021T15:29:55Z,184,301,343,52.70,25.61,990.61 
07/11/2021T15:30:26Z,181,298,338,52.46,25.63,990.72 
07/11/2021T15:30:56Z,179,301,339,52.53,25.66,990.71 
07/11/2021T15:31:26Z,174,298,328,52.47,25.70,990.69 
07/11/2021T15:31:57Z,174,301,334,52.66,25.70,990.64 
07/11/2021T15:32:28Z,175,301,341,52.80,25.67,990.60 
07/11/2021T15:32:58Z,176,297,340,52.80,25.66,990.60 
07/11/2021T15:33:29Z,175,298,349,52.65,25.71,990.64 
07/11/2021T15:33:59Z,178,302,352,52.43,25.66,990.73 
07/11/2021T15:34:30Z,179,302,345,52.50,25.62,990.75 
07/11/2021T15:35:00Z,181,297,338,52.53,25.56,990.74 
07/11/2021T15:35:31Z,178,299,335,52.51,25.46,990.80 
07/11/2021T15:36:02Z,178,294,333,52.67,25.48,990.72 
07/11/2021T15:36:32Z,175,293,334,52.47,25.48,990.80 
07/11/2021T15:37:02Z,173,292,334,52.63,25.47,990.75 
07/11/2021T15:37:33Z,174,298,336,52.48,25.47,990.79 
07/11/2021T15:38:04Z,175,296,331,52.48,25.46,990.80 
07/11/2021T15:38:34Z,173,290,325,52.72,25.45,990.72 
07/11/2021T15:39:04Z,179,296,330,52.71,25.46,990.71 
07/11/2021T15:39:34Z,176,301,329,52.83,25.47,990.67 
07/11/2021T15:40:05Z,175,299,334,52.55,25.48,990.75 
07/11/2021T15:40:35Z,175,296,322,52.32,25.46,990.85 
07/11/2021T15:41:06Z,178,300,333,52.09,25.43,990.96 
07/11/2021T15:41:37Z,177,299,328,52.27,25.36,990.93 
07/11/2021T15:42:07Z,176,289,327,52.57,25.36,990.83 
07/11/2021T15:42:37Z,179,296,329,52.21,25.38,990.94 
07/11/2021T15:43:07Z,176,295,325,52.28,25.34,990.96 
07/11/2021T15:43:38Z,178,294,328,52.10,25.36,991.01 
07/11/2021T15:44:08Z,175,300,332,52.21,25.36,990.98 
07/11/2021T15:44:38Z,175,296,333,52.18,25.41,990.98 
07/11/2021T15:45:08Z,177,298,332,51.74,25.48,991.13 
07/11/2021T15:45:39Z,172,293,330,51.58,25.52,991.19 
07/11/2021T15:46:09Z,172,290,331,51.73,25.55,991.12 
07/11/2021T15:46:40Z,172,292,327,51.51,25.51,991.22 
07/11/2021T15:47:10Z,170,298,333,51.80,25.54,991.10 
07/11/2021T15:47:40Z,175,299,339,51.54,25.59,991.18 
07/11/2021T15:48:10Z,173,292,329,50.87,25.53,991.44 
07/11/2021T15:48:40Z,171,296,330,51.22,25.47,991.38 
07/11/2021T15:49:11Z,172,286,322,51.39,25.44,991.31 
07/11/2021T15:49:41Z,173,286,314,51.25,25.42,991.33 
07/11/2021T15:50:11Z,171,285,322,51.30,25.33,991.39 
07/11/2021T15:50:42Z,172,287,325,51.36,25.39,991.33 
07/11/2021T15:51:12Z,168,280,307,51.19,25.41,991.38 
07/11/2021T15:51:42Z,174,290,319,51.07,25.45,991.42 
07/11/2021T15:52:13Z,170,288,326,51.29,25.45,991.37 
07/11/2021T15:52:43Z,172,287,327,51.12,25.46,991.40 
07/11/2021T15:53:14Z,171,286,316,50.98,25.46,991.46 
07/11/2021T15:53:44Z,173,292,326,51.03,25.45,991.46 
07/11/2021T15:54:14Z,176,297,333,51.06,25.26,991.52 
07/11/2021T15:54:45Z,175,294,330,51.69,25.24,991.24 
07/11/2021T15:55:15Z,174,293,328,51.42,25.27,991.33 
07/11/2021T15:55:45Z,177,296,335,51.19,25.25,991.44 
07/11/2021T15:56:16Z,181,298,325,51.68,25.25,991.26 
07/11/2021T15:56:46Z,178,296,335,51.63,25.28,991.24 
07/11/2021T15:57:16Z,177,303,331,51.77,25.28,991.18 
07/11/2021T15:57:46Z,177,308,338,51.61,25.22,991.23 
07/11/2021T15:58:17Z,177,301,331,51.65,25.17,991.27 
07/11/2021T15:58:47Z,179,300,336,51.59,25.22,991.25 
07/11/2021T15:59:18Z,176,297,329,51.48,25.22,991.32 
07/11/2021T15:59:48Z,179,296,328,51.48,25.22,991.32 
07/11/2021T16:00:19Z,175,295,327,51.40,25.23,991.35 
07/11/2021T16:00:49Z,175,297,325,51.45,25.25,991.33 
07/11/2021T16:01:19Z,174,298,326,51.31,25.25,991.38 
07/11/2021T16:01:50Z,172,290,330,51.31,25.29,991.37 
07/11/2021T16:02:20Z,175,298,335,50.72,25.28,991.62 
07/11/2021T16:02:50Z,171,288,325,50.89,25.29,991.60 
07/11/2021T16:03:21Z,172,289,327,51.09,25.28,991.48 
07/11/2021T16:03:51Z,173,293,334,50.92,25.20,991.60 
07/11/2021T16:04:22Z,170,288,323,50.98,25.19,991.57 
07/11/2021T16:04:52Z,173,299,348,51.02,25.20,991.57 
07/11/2021T16:05:22Z,170,294,337,51.01,25.23,991.56 
07/11/2021T16:05:52Z,169,285,321,51.00,25.25,991.57 
07/11/2021T16:06:22Z,170,287,327,50.99,25.27,991.54 
07/11/2021T16:06:52Z,169,288,329,50.94,25.30,991.56 
07/11/2021T16:07:23Z,171,284,320,50.89,25.33,991.59 
07/11/2021T16:07:53Z,171,289,320,50.87,25.35,991.60 
07/11/2021T16:08:24Z,168,291,331,50.86,25.38,991.60 
07/11/2021T16:08:54Z,169,284,319,50.86,25.40,991.58 
07/11/2021T16:09:24Z,170,290,330,50.88,25.41,991.59 
07/11/2021T16:09:54Z,170,290,324,50.89,25.43,991.56 
07/11/2021T16:10:24Z,171,287,324,50.91,25.44,991.54 
07/11/2021T16:10:55Z,167,283,319,50.93,25.45,991.55 
07/11/2021T16:11:25Z,170,287,314,50.95,25.45,991.54 
07/11/2021T16:11:56Z,169,285,314,50.99,25.45,991.52 
07/11/2021T16:12:26Z,168,287,322,51.03,25.45,991.50 
07/11/2021T16:12:56Z,173,294,333,51.05,25.45,991.49 
07/11/2021T16:13:26Z,167,285,315,51.07,25.46,991.49 
07/11/2021T16:13:57Z,165,282,313,51.11,25.46,991.47 
07/11/2021T16:14:28Z,168,284,315,51.12,25.46,991.47 
07/11/2021T16:14:58Z,168,287,322,51.13,25.46,991.46 
07/11/2021T16:15:28Z,168,281,311,51.19,25.45,991.45 
07/11/2021T16:15:59Z,165,282,312,51.24,25.44,991.43 
07/11/2021T16:16:29Z,170,282,309,51.25,25.45,991.43 
07/11/2021T16:16:59Z,166,278,306,51.30,25.44,991.41 
07/11/2021T16:17:29Z,170,285,323,51.35,25.44,991.39 
07/11/2021T16:17:59Z,169,276,305,51.39,25.43,991.39 
07/11/2021T16:18:29Z,168,281,310,51.38,25.42,991.40 
07/11/2021T16:19:00Z,164,278,307,51.40,25.43,991.39 
07/11/2021T16:19:30Z,169,281,311,51.49,25.41,991.37 
07/11/2021T16:20:00Z,168,285,323,51.53,25.41,991.35 
07/11/2021T16:20:31Z,169,285,321,51.56,25.40,991.34 
07/11/2021T16:21:01Z,168,281,312,51.59,25.39,991.33 
07/11/2021T16:21:31Z,168,287,315,51.64,25.39,991.32 
07/11/2021T16:22:01Z,167,278,307,51.59,25.39,991.34 
07/11/2021T16:22:32Z,168,280,319,51.66,25.39,991.32 
07/11/2021T16:23:02Z,168,284,324,51.67,25.38,991.32 
07/11/2021T16:23:32Z,167,285,315,51.64,25.39,991.33 
07/11/2021T16:24:03Z,167,280,307,51.61,25.39,991.36 
07/11/2021T16:24:33Z,165,273,310,51.63,25.38,991.35 
07/11/2021T16:25:04Z,168,278,309,51.68,25.38,991.33 
07/11/2021T16:25:34Z,164,277,304,51.73,25.37,991.31 
07/11/2021T16:26:05Z,168,280,309,51.78,25.36,991.29 
07/11/2021T16:26:35Z,169,280,318,51.83,25.35,991.28 
07/11/2021T16:27:06Z,168,281,320,51.85,25.34,991.29 
07/11/2021T16:27:36Z,165,276,310,51.94,25.32,991.25 
07/11/2021T16:28:07Z,166,276,307,52.02,25.32,991.21 
07/11/2021T16:28:37Z,167,285,315,52.06,25.31,991.21 
07/11/2021T16:29:08Z,168,281,313,52.01,25.32,991.22 
07/11/2021T16:29:38Z,166,278,304,52.08,25.30,991.22 
07/11/2021T16:30:08Z,168,288,317,52.06,25.29,991.23 
07/11/2021T16:30:39Z,166,283,321,52.05,25.30,991.23 
07/11/2021T16:31:10Z,163,276,309,52.04,25.30,991.25 
07/11/2021T16:31:40Z,168,278,308,52.08,25.30,991.24 
07/11/2021T16:32:10Z,168,284,311,52.14,25.29,991.22 
07/11/2021T16:32:40Z,167,281,313,52.16,25.29,991.19 
07/11/2021T16:33:11Z,169,283,317,52.16,25.29,991.21 
07/11/2021T16:33:42Z,163,278,310,52.23,25.28,991.19 
07/11/2021T16:34:12Z,167,280,312,52.27,25.26,991.17 
07/11/2021T16:34:42Z,168,280,308,52.24,25.27,991.19 
07/11/2021T16:35:12Z,168,285,317,52.25,25.26,991.19 
07/11/2021T16:35:42Z,165,276,300,52.22,25.27,991.20 
07/11/2021T16:36:12Z,168,279,307,52.30,25.25,991.17 
07/11/2021T16:36:43Z,168,280,308,52.43,25.24,991.14 
07/11/2021T16:37:13Z,165,278,305,52.45,25.23,991.12 
07/11/2021T16:37:44Z,165,276,301,52.52,25.22,991.09 
07/11/2021T16:38:14Z,168,283,314,52.47,25.21,991.11 
07/11/2021T16:38:44Z,167,279,312,52.42,25.20,991.16 
07/11/2021T16:39:14Z,167,281,314,52.53,25.19,991.12 
07/11/2021T16:39:45Z,169,282,318,52.57,25.19,991.11 
07/11/2021T16:40:15Z,168,280,315,52.61,25.18,991.08 
07/11/2021T16:40:45Z,167,274,301,52.60,25.18,991.08 
07/11/2021T16:41:15Z,165,275,299,52.65,25.17,991.07 
07/11/2021T16:41:45Z,167,280,305,52.54,25.17,991.10 
07/11/2021T16:42:15Z,167,283,318,52.60,25.17,991.10 
07/11/2021T16:42:46Z,167,281,316,52.64,25.17,991.07 
07/11/2021T16:43:16Z,169,279,324,52.47,25.18,991.12 
07/11/2021T16:43:46Z,167,279,308,52.56,25.18,991.11 
07/11/2021T16:44:16Z,168,282,315,52.49,25.19,991.13 
07/11/2021T16:44:47Z,168,279,315,52.55,25.18,991.13 
07/11/2021T16:45:17Z,169,280,310,52.61,25.17,991.11 
07/11/2021T16:45:47Z,166,277,308,52.58,25.18,991.12 
07/11/2021T16:46:18Z,166,281,313,52.57,25.18,991.13 
07/11/2021T16:46:48Z,166,277,307,52.61,25.17,991.11 
07/11/2021T16:47:18Z,170,277,304,52.63,25.17,991.10 
07/11/2021T16:47:48Z,169,277,309,52.63,25.17,991.11 
07/11/2021T16:48:19Z,170,281,311,52.54,25.17,991.15 
07/11/2021T16:48:49Z,168,280,313,52.51,25.17,991.17 
07/11/2021T16:49:19Z,168,281,318,52.64,25.18,991.13 
07/11/2021T16:49:50Z,168,276,313,52.67,25.17,991.11 
07/11/2021T16:50:20Z,171,279,310,52.77,25.16,991.06 
07/11/2021T16:50:50Z,167,275,309,52.79,25.15,991.06 
07/11/2021T16:51:20Z,167,281,313,52.67,25.15,991.10 
07/11/2021T16:51:50Z,169,279,311,52.80,25.15,991.05 
07/11/2021T16:52:21Z,168,284,316,52.78,25.15,991.07 
07/11/2021T16:52:51Z,169,285,316,52.71,25.15,991.10 
07/11/2021T16:53:28Z,167,285,314,52.72,25.16,991.12 
07/11/2021T16:53:58Z,169,288,319,52.72,25.16,991.12 
