09/10/2021T02:58:55Z,92,147,176,60.15,28.92,985.14 
09/10/2021T02:59:25Z,86,134,146,59.57,28.93,985.16 
09/10/2021T02:59:55Z,80,129,147,58.91,29.00,985.24 
09/10/2021T03:00:24Z,92,148,170,59.10,29.15,985.19 
09/10/2021T03:00:54Z,87,143,161,59.28,29.37,985.11 
09/10/2021T03:01:24Z,93,153,168,58.90,29.56,985.17 
09/10/2021T03:01:55Z,95,155,170,58.43,29.71,985.23 
09/10/2021T03:02:25Z,98,154,172,56.93,29.73,985.52 
09/10/2021T03:02:55Z,92,151,171,57.35,29.74,985.34 
09/10/2021T03:03:26Z,105,192,260,57.77,29.81,985.20 
09/10/2021T03:03:56Z,105,197,265,57.69,29.90,985.21 
09/10/2021T03:04:27Z,117,188,212,57.52,29.87,985.23 
09/10/2021T03:04:57Z,110,176,203,57.87,29.81,985.17 
09/10/2021T03:05:27Z,106,219,318,58.87,29.94,984.98 
09/10/2021T03:05:57Z,107,212,299,57.49,30.01,985.28 
09/10/2021T03:06:28Z,116,212,271,57.90,29.99,985.12 
09/10/2021T03:06:59Z,115,224,316,57.89,30.00,985.14 
09/10/2021T03:07:30Z,109,229,332,59.17,30.08,984.88 
09/10/2021T03:08:00Z,113,237,356,58.47,30.17,985.08 
09/10/2021T03:08:31Z,107,221,330,58.39,30.23,985.09 
09/10/2021T03:09:01Z,108,222,326,58.20,30.29,985.14 
09/10/2021T03:09:31Z,100,198,281,57.67,30.33,985.28 
09/10/2021T03:10:01Z,102,196,277,57.12,30.32,985.37 
09/10/2021T03:10:32Z,104,192,260,57.87,30.22,985.18 
09/10/2021T03:11:02Z,103,187,249,57.78,30.22,985.21 
09/10/2021T03:11:33Z,107,183,219,56.92,30.12,985.45 
09/10/2021T03:12:04Z,99,167,195,56.99,30.03,985.41 
09/10/2021T03:12:35Z,89,144,176,57.04,29.98,985.39 
09/10/2021T03:13:05Z,85,134,158,56.63,29.92,985.53 
09/10/2021T03:13:35Z,87,153,198,57.41,29.92,985.29 
09/10/2021T03:14:06Z,91,160,212,57.66,30.03,985.21 
09/10/2021T03:14:36Z,86,149,194,56.97,30.02,985.42 
09/10/2021T03:15:06Z,96,156,188,57.08,29.99,985.38 
09/10/2021T03:15:36Z,93,152,187,57.52,29.98,985.25 
09/10/2021T03:16:07Z,97,154,179,57.53,29.97,985.27 
09/10/2021T03:16:37Z,95,147,174,57.73,29.97,985.22 
09/10/2021T03:17:08Z,94,153,185,58.74,30.05,985.02 
09/10/2021T03:17:38Z,92,149,178,57.94,30.10,985.28 
09/10/2021T03:18:09Z,92,147,168,57.84,30.07,985.30 
09/10/2021T03:18:40Z,94,148,172,57.96,30.06,985.27 
09/10/2021T03:19:10Z,114,178,195,57.61,29.99,985.37 
09/10/2021T03:19:41Z,98,150,166,57.99,30.00,985.26 
09/10/2021T03:20:12Z,95,149,167,57.93,30.04,985.27 
09/10/2021T03:20:42Z,94,146,164,57.90,30.02,985.29 
09/10/2021T03:21:12Z,97,151,170,58.26,30.01,985.19 
09/10/2021T03:21:43Z,100,158,177,58.40,30.02,985.18 
09/10/2021T03:22:13Z,105,161,175,58.69,30.01,985.12 
09/10/2021T03:22:44Z,109,166,178,58.92,30.02,985.10 
09/10/2021T03:23:14Z,110,168,191,58.78,30.04,985.17 
09/10/2021T03:23:45Z,109,169,190,58.90,30.10,985.15 
09/10/2021T03:24:16Z,105,164,180,58.69,30.22,985.21 
09/10/2021T03:24:46Z,106,160,178,58.47,30.31,985.27 
09/10/2021T03:25:17Z,108,170,187,58.43,30.41,985.26 
09/10/2021T03:25:47Z,151,232,258,58.93,30.50,985.16 
09/10/2021T03:26:18Z,292,527,588,57.83,30.55,985.46 
09/10/2021T03:26:49Z,206,355,396,56.93,30.54,985.67 
09/10/2021T03:27:19Z,225,423,488,57.37,30.48,985.56 
09/10/2021T03:27:49Z,188,331,377,56.37,30.43,985.79 
09/10/2021T03:28:19Z,171,316,358,56.49,30.30,985.75 
09/10/2021T03:28:49Z,231,443,518,57.00,30.27,985.60 
09/10/2021T03:29:20Z,251,491,569,57.28,30.27,985.52 
09/10/2021T03:29:51Z,250,497,579,57.19,30.28,985.56 
09/10/2021T03:30:21Z,216,402,453,56.94,30.24,985.63 
09/10/2021T03:30:52Z,187,336,383,56.65,30.19,985.72 
09/10/2021T03:31:23Z,213,393,442,56.59,30.17,985.69 
09/10/2021T03:31:53Z,201,369,424,56.44,30.13,985.73 
09/10/2021T03:32:24Z,262,517,587,56.49,30.13,985.69 
09/10/2021T03:32:54Z,284,570,643,56.83,30.15,985.53 
09/10/2021T03:33:24Z,281,570,648,56.55,30.21,985.59 
09/10/2021T03:33:55Z,280,569,652,56.93,30.20,985.44 
09/10/2021T03:34:25Z,217,412,461,56.95,30.18,985.42 
09/10/2021T03:34:56Z,276,570,634,57.37,30.17,985.30 
09/10/2021T03:35:27Z,297,610,685,57.02,30.20,985.41 
09/10/2021T03:35:57Z,293,596,680,57.23,30.20,985.33 
09/10/2021T03:36:27Z,310,673,761,56.81,30.21,985.48 
09/10/2021T03:36:57Z,295,613,687,56.03,30.23,985.71 
09/10/2021T03:37:28Z,321,692,791,56.06,30.26,985.67 
09/10/2021T03:37:58Z,312,664,772,55.82,30.29,985.74 
09/10/2021T03:38:28Z,297,607,674,55.75,30.29,985.76 
09/10/2021T03:38:59Z,292,594,676,55.66,30.30,985.78 
09/10/2021T03:39:29Z,290,591,664,55.90,30.29,985.70 
09/10/2021T03:39:59Z,230,436,488,55.79,30.24,985.73 
09/10/2021T03:40:29Z,296,637,723,55.90,30.24,985.71 
09/10/2021T03:41:00Z,330,774,915,56.32,30.33,985.55 
09/10/2021T03:41:30Z,343,820,963,56.09,30.41,985.63 
09/10/2021T03:42:01Z,331,786,911,55.83,30.44,985.73 
09/10/2021T03:42:31Z,333,782,902,55.74,30.49,985.76 
09/10/2021T03:43:01Z,320,718,824,55.69,30.47,985.78 
09/10/2021T03:43:32Z,328,761,890,55.69,30.49,985.78 
09/10/2021T03:44:02Z,338,839,986,55.59,30.52,985.81 
09/10/2021T03:44:33Z,333,792,906,55.23,30.54,985.94 
09/10/2021T03:45:04Z,335,839,992,55.36,30.56,985.87 
09/10/2021T03:45:34Z,337,832,960,54.90,30.59,986.04 
09/10/2021T03:46:04Z,335,804,935,54.67,30.61,986.09 
09/10/2021T03:46:35Z,282,640,737,54.41,30.61,986.16 
09/10/2021T03:47:06Z,309,677,768,54.89,30.57,985.96 
09/10/2021T03:47:36Z,222,430,485,54.67,30.50,986.05 
09/10/2021T03:48:06Z,273,550,622,55.21,30.45,985.87 
09/10/2021T03:48:37Z,312,701,806,55.83,30.45,985.66 
09/10/2021T03:49:08Z,339,812,930,55.90,30.52,985.64 
09/10/2021T03:49:39Z,334,817,981,55.61,30.58,985.74 
09/10/2021T03:50:09Z,308,696,807,55.12,30.57,985.92 
09/10/2021T03:50:40Z,269,562,636,55.35,30.56,985.84 
09/10/2021T03:51:09Z,284,602,693,55.78,30.55,985.67 
09/10/2021T03:51:39Z,250,501,568,55.48,30.52,985.78 
09/10/2021T03:52:10Z,244,475,538,55.85,30.50,985.66 
09/10/2021T03:52:40Z,301,689,789,55.44,30.55,985.79 
09/10/2021T03:53:10Z,322,775,917,54.84,30.66,985.98 
09/10/2021T03:53:41Z,308,722,842,53.54,30.70,986.40 
09/10/2021T03:54:11Z,173,322,361,53.51,30.60,986.39 
09/10/2021T03:54:42Z,183,334,377,54.03,30.55,986.13 
09/10/2021T03:55:12Z,180,327,377,53.82,30.52,986.23 
09/10/2021T03:55:42Z,240,482,545,54.23,30.53,986.08 
09/10/2021T03:56:12Z,235,459,529,54.00,30.57,986.15 
09/10/2021T03:56:42Z,231,448,503,53.90,30.61,986.17 
09/10/2021T03:57:13Z,184,347,394,53.00,30.62,986.51 
09/10/2021T03:57:44Z,141,247,281,53.23,30.59,986.40 
09/10/2021T03:58:14Z,158,283,326,53.38,30.59,986.31 
09/10/2021T03:58:45Z,171,308,361,53.63,30.60,986.20 
09/10/2021T03:59:15Z,159,284,326,53.04,30.64,986.46 
09/10/2021T03:59:45Z,145,249,280,52.90,30.66,986.47 
09/10/2021T04:00:16Z,134,231,260,53.03,30.65,986.41 
09/10/2021T04:00:46Z,131,223,249,53.35,30.68,986.27 
09/10/2021T04:01:16Z,128,213,241,53.69,30.71,986.12 
09/10/2021T04:01:46Z,122,199,220,53.91,30.75,986.02 
09/10/2021T04:02:17Z,106,174,193,54.32,30.72,985.87 
09/10/2021T04:02:47Z,107,177,201,54.68,30.68,985.77 
09/10/2021T04:03:18Z,112,189,217,54.99,30.68,985.68 
09/10/2021T04:03:48Z,102,159,179,54.37,30.65,985.94 
09/10/2021T04:04:19Z,107,170,191,55.04,30.64,985.71 
09/10/2021T04:04:49Z,114,188,209,55.12,30.65,985.68 
09/10/2021T04:05:20Z,101,163,184,54.76,30.63,985.81 
09/10/2021T04:05:50Z,101,163,184,55.16,30.62,985.70 
09/10/2021T04:06:20Z,109,178,199,55.80,30.67,985.47 
09/10/2021T04:06:51Z,99,164,181,55.88,30.71,985.50 
09/10/2021T04:07:22Z,104,174,190,55.73,30.75,985.55 
09/10/2021T04:07:53Z,96,156,168,55.28,30.76,985.73 
09/10/2021T04:08:23Z,90,147,160,55.82,30.80,985.52 
09/10/2021T04:08:54Z,88,149,177,54.94,30.80,985.82 
09/10/2021T04:09:25Z,193,316,342,54.94,30.77,985.83 
09/10/2021T04:09:55Z,183,300,329,55.60,30.81,985.58 
09/10/2021T04:10:25Z,185,303,332,55.43,30.91,985.63 
09/10/2021T04:10:56Z,181,299,325,55.76,30.89,985.50 
09/10/2021T04:11:26Z,177,290,314,55.38,30.96,985.66 
09/10/2021T04:11:56Z,174,283,309,55.19,31.02,985.70 
09/10/2021T04:12:26Z,152,230,258,55.24,31.05,985.67 
09/10/2021T04:12:57Z,132,206,226,55.60,30.99,985.52 
09/10/2021T04:13:27Z,131,210,230,56.01,30.99,985.39 
09/10/2021T04:13:58Z,131,214,233,55.92,31.05,985.41 
09/10/2021T04:14:28Z,135,221,242,56.17,31.12,985.33 
09/10/2021T04:14:59Z,135,222,242,55.43,31.21,985.62 
09/10/2021T04:15:29Z,122,191,209,54.61,31.20,985.92 
09/10/2021T04:16:00Z,114,182,198,54.92,31.15,985.79 
09/10/2021T04:16:31Z,103,166,182,53.84,31.12,986.16 
09/10/2021T04:17:01Z,104,159,175,54.79,31.13,985.79 
09/10/2021T04:17:31Z,106,174,190,55.44,31.18,985.54 
09/10/2021T04:18:02Z,124,205,226,56.07,31.17,985.32 
09/10/2021T04:18:33Z,125,209,230,55.31,31.16,985.64 
09/10/2021T04:19:04Z,134,224,249,55.20,31.13,985.70 
09/10/2021T04:19:34Z,124,203,227,55.61,31.12,985.56 
09/10/2021T04:20:04Z,123,201,226,55.70,31.17,985.50 
09/10/2021T04:20:35Z,124,198,215,55.77,31.26,985.44 
09/10/2021T04:21:05Z,106,175,188,55.70,31.32,985.47 
09/10/2021T04:21:35Z,99,151,170,55.02,31.33,985.72 
09/10/2021T04:22:05Z,100,155,172,54.11,31.30,986.05 
09/10/2021T04:22:36Z,96,151,170,54.30,31.32,985.91 
09/10/2021T04:23:06Z,98,152,168,54.46,31.32,985.84 
09/10/2021T04:23:36Z,100,162,176,53.97,31.30,986.02 
09/10/2021T04:24:07Z,100,164,182,54.53,31.29,985.79 
09/10/2021T04:24:37Z,101,156,171,55.33,31.40,985.46 
09/10/2021T04:25:08Z,100,155,170,55.63,31.48,985.35 
09/10/2021T04:25:39Z,112,185,206,55.38,31.42,985.48 
09/10/2021T04:26:09Z,114,189,208,55.61,31.35,985.38 
09/10/2021T04:26:39Z,113,186,207,55.24,31.32,985.54 
09/10/2021T04:27:09Z,115,193,213,55.55,31.39,985.41 
09/10/2021T04:27:39Z,125,204,229,55.42,31.42,985.45 
09/10/2021T04:28:10Z,128,211,236,55.80,31.40,985.32 
09/10/2021T04:28:40Z,125,211,237,55.83,31.35,985.33 
09/10/2021T04:29:10Z,119,193,224,55.44,31.31,985.48 
09/10/2021T04:29:41Z,107,176,193,55.10,31.29,985.60 
09/10/2021T04:30:11Z,116,200,225,55.67,31.30,985.39 
09/10/2021T04:30:42Z,116,192,215,55.86,31.38,985.33 
09/10/2021T04:31:12Z,118,196,223,55.68,31.41,985.39 
09/10/2021T04:31:43Z,118,193,217,55.16,31.45,985.59 
09/10/2021T04:32:13Z,100,167,186,53.72,31.40,986.12 
09/10/2021T04:32:44Z,112,187,214,55.07,31.38,985.62 
09/10/2021T04:33:14Z,121,204,228,54.67,31.40,985.73 
09/10/2021T04:33:45Z,118,194,212,54.96,31.40,985.61 
09/10/2021T04:34:15Z,118,192,217,55.14,31.50,985.52 
09/10/2021T04:34:45Z,112,186,203,54.14,31.54,985.86 
09/10/2021T04:35:15Z,100,168,184,52.93,31.48,986.31 
09/10/2021T04:35:46Z,108,173,191,53.97,31.42,985.91 
09/10/2021T04:36:16Z,101,164,184,53.79,31.56,985.90 
09/10/2021T04:36:47Z,99,159,175,53.22,31.53,986.12 
09/10/2021T04:37:17Z,94,149,164,53.02,31.55,986.16 
09/10/2021T04:37:47Z,84,136,149,52.47,31.48,986.41 
09/10/2021T04:38:18Z,110,169,187,53.44,31.47,985.95 
09/10/2021T04:38:49Z,108,175,194,54.08,31.46,985.70 
09/10/2021T04:39:19Z,134,208,224,54.93,31.53,985.37 
09/10/2021T04:39:50Z,141,218,235,55.33,31.59,985.27 
09/10/2021T04:40:20Z,129,209,231,54.94,31.55,985.43 
09/10/2021T04:40:50Z,126,215,234,55.54,31.48,985.27 
09/10/2021T04:41:21Z,117,194,219,54.55,31.46,985.65 
09/10/2021T04:41:51Z,118,189,207,55.91,31.47,985.23 
09/10/2021T04:42:21Z,115,188,210,55.62,31.51,985.32 
09/10/2021T04:42:51Z,109,182,205,55.35,31.48,985.44 
09/10/2021T04:43:22Z,108,173,191,56.11,31.48,985.24 
09/10/2021T04:43:52Z,107,174,192,55.91,31.61,985.29 
09/10/2021T04:44:23Z,96,155,176,54.41,31.69,985.78 
09/10/2021T04:44:54Z,85,136,149,54.60,31.73,985.71 
09/10/2021T04:45:24Z,72,116,132,51.65,31.72,986.68 
09/10/2021T04:45:55Z,71,111,124,50.99,31.62,987.00 
09/10/2021T04:46:26Z,79,129,143,52.41,31.60,986.32 
09/10/2021T04:46:56Z,73,114,135,51.92,31.52,986.54 
09/10/2021T04:47:27Z,81,134,158,52.88,31.42,986.14 
09/10/2021T04:47:58Z,94,152,182,53.71,31.38,985.77 
09/10/2021T04:48:28Z,115,188,220,53.52,31.32,985.87 
09/10/2021T04:48:59Z,140,229,267,53.52,31.30,985.92 
09/10/2021T04:49:29Z,96,152,173,53.12,31.32,986.09 
09/10/2021T04:49:59Z,98,157,178,53.48,31.32,985.86 
09/10/2021T04:50:30Z,121,192,217,52.67,31.31,986.21 
09/10/2021T04:51:00Z,137,223,245,52.40,31.27,986.35 
09/10/2021T04:51:31Z,144,230,258,53.28,31.22,985.97 
09/10/2021T04:52:02Z,151,244,275,53.78,31.18,985.75 
09/10/2021T04:52:32Z,177,293,326,54.00,31.16,985.66 
09/10/2021T04:53:02Z,153,248,288,53.88,31.15,985.73 
09/10/2021T04:53:33Z,128,210,245,53.27,31.15,986.01 
09/10/2021T04:54:04Z,118,193,229,53.30,31.17,985.96 
09/10/2021T04:54:34Z,125,200,234,53.09,31.16,986.08 
09/10/2021T04:55:05Z,152,244,280,53.19,31.15,986.02 
09/10/2021T04:55:35Z,131,211,240,52.23,31.16,986.38 
09/10/2021T04:56:06Z,125,201,228,52.60,31.17,986.27 
09/10/2021T04:56:36Z,130,218,255,52.84,31.16,986.13 
09/10/2021T04:57:06Z,131,216,246,53.39,31.15,985.89 
09/10/2021T04:57:37Z,118,190,219,53.36,31.14,985.94 
09/10/2021T04:58:08Z,110,182,207,53.76,31.12,985.74 
09/10/2021T04:58:39Z,91,151,170,53.00,31.11,986.11 
09/10/2021T04:59:09Z,87,136,157,52.74,31.11,986.21 
09/10/2021T04:59:40Z,78,122,138,52.12,31.13,986.48 
09/10/2021T05:00:10Z,80,128,145,52.40,31.14,986.35 
09/10/2021T05:00:40Z,93,148,169,52.65,31.14,986.24 
09/10/2021T05:01:10Z,82,131,145,52.97,31.13,986.08 
09/10/2021T05:01:40Z,78,122,138,52.66,31.12,986.18 
09/10/2021T05:02:10Z,68,108,123,52.33,31.12,986.34 
09/10/2021T05:02:41Z,64,100,110,52.21,31.12,986.39 
09/10/2021T05:03:11Z,71,113,123,52.73,31.12,986.17 
09/10/2021T05:03:42Z,70,112,126,53.16,31.12,985.97 
09/10/2021T05:04:12Z,68,109,124,53.50,31.12,985.84 
09/10/2021T05:04:43Z,65,108,124,53.13,31.13,985.96 
09/10/2021T05:05:14Z,67,108,126,53.11,31.19,985.99 
09/10/2021T05:05:44Z,64,105,120,52.80,31.25,986.07 
09/10/2021T05:06:15Z,63,99,113,52.45,31.27,986.26 
09/10/2021T05:06:46Z,67,106,117,52.57,31.26,986.16 
09/10/2021T05:07:16Z,61,96,111,51.64,31.26,986.56 
09/10/2021T05:07:47Z,58,90,101,51.55,31.27,986.60 
09/10/2021T05:08:18Z,60,91,100,52.25,31.23,986.30 
09/10/2021T05:08:48Z,64,101,112,53.03,31.19,985.93 
09/10/2021T05:09:18Z,67,106,120,53.50,31.17,985.73 
09/10/2021T05:09:48Z,67,103,116,53.15,31.20,985.89 
09/10/2021T05:10:19Z,64,102,113,52.25,31.20,986.20 
09/10/2021T05:10:50Z,63,100,111,51.01,31.18,986.81 
09/10/2021T05:11:20Z,66,106,117,50.82,31.16,986.86 
09/10/2021T05:11:50Z,72,116,128,51.42,31.16,986.57 
09/10/2021T05:12:20Z,80,129,149,51.15,31.15,986.69 
09/10/2021T05:12:50Z,80,130,142,52.02,31.15,986.28 
09/10/2021T05:13:21Z,78,129,140,52.62,31.16,986.02 
09/10/2021T05:13:51Z,75,122,133,52.91,31.18,985.86 
09/10/2021T05:14:21Z,102,171,191,52.33,31.19,986.14 
09/10/2021T05:14:52Z,151,271,304,52.47,31.12,986.08 
09/10/2021T05:15:22Z,108,183,203,51.86,31.12,986.32 
09/10/2021T05:15:52Z,115,194,217,52.54,31.14,986.07 
09/10/2021T05:16:23Z,104,166,189,53.08,31.18,985.80 
09/10/2021T05:16:53Z,91,150,168,52.96,31.22,985.82 
09/10/2021T05:17:24Z,86,138,153,52.83,31.27,985.87 
09/10/2021T05:17:54Z,76,124,137,52.18,31.32,986.13 
09/10/2021T05:18:24Z,88,143,160,51.41,31.33,986.48 
09/10/2021T05:18:55Z,133,225,249,51.86,31.29,986.30 
09/10/2021T05:19:25Z,154,259,293,52.58,31.26,985.98 
09/10/2021T05:19:56Z,156,271,306,52.94,31.22,985.81 
09/10/2021T05:20:35Z,158,269,299,52.88,31.23,985.81 
09/10/2021T05:19:21Z,163,283,314,53.00,31.21,985.82 
09/10/2021T05:19:52Z,174,307,349,53.68,31.21,985.49 
09/10/2021T05:20:22Z,169,295,334,54.00,31.27,985.37 
09/10/2021T05:20:53Z,186,324,369,54.28,31.29,985.28 
09/10/2021T05:21:23Z,175,304,340,52.93,31.35,985.82 
09/10/2021T05:21:53Z,178,322,360,51.88,31.33,986.33 
09/10/2021T05:22:24Z,198,368,415,52.35,31.29,986.10 
09/10/2021T05:22:55Z,198,361,407,53.45,31.29,985.61 
09/10/2021T05:23:25Z,196,354,406,53.23,31.32,985.67 
09/10/2021T05:23:56Z,180,323,359,52.75,31.35,985.88 
09/10/2021T05:24:27Z,176,307,349,53.17,31.33,985.72 
09/10/2021T05:24:57Z,209,383,434,53.45,31.30,985.59 
09/10/2021T05:25:28Z,205,369,412,54.12,31.30,985.32 
09/10/2021T05:25:59Z,172,305,341,52.83,31.31,985.84 
09/10/2021T05:26:29Z,145,244,271,52.57,31.34,986.01 
09/10/2021T05:27:00Z,142,238,266,51.96,31.39,986.22 
09/10/2021T05:27:30Z,149,257,291,51.65,31.41,986.36 
09/10/2021T05:28:01Z,155,271,308,51.77,31.41,986.29 
09/10/2021T05:28:31Z,155,267,298,51.13,31.40,986.55 
09/10/2021T05:29:02Z,131,224,248,50.42,31.36,986.77 
09/10/2021T05:29:33Z,124,213,238,50.60,31.32,986.75 
09/10/2021T05:30:04Z,204,382,434,51.92,31.31,986.11 
09/10/2021T05:30:34Z,171,309,350,52.06,31.32,986.02 
09/10/2021T05:31:04Z,150,264,296,52.35,31.32,985.89 
09/10/2021T05:31:35Z,146,253,286,52.85,31.30,985.64 
09/10/2021T05:32:05Z,153,269,304,52.97,31.34,985.62 
09/10/2021T05:32:36Z,158,277,312,53.12,31.34,985.53 
09/10/2021T05:33:06Z,135,229,256,52.06,31.42,986.05 
09/10/2021T05:33:36Z,126,205,227,51.52,31.47,986.27 
09/10/2021T05:34:06Z,119,201,223,50.32,31.53,986.76 
09/10/2021T05:34:37Z,141,242,270,51.62,31.57,986.16 
09/10/2021T05:35:08Z,147,251,282,51.88,31.55,986.03 
09/10/2021T05:35:39Z,138,233,257,52.59,31.53,985.70 
09/10/2021T05:36:09Z,119,206,231,53.00,31.51,985.52 
09/10/2021T05:36:40Z,115,192,211,52.61,31.51,985.66 
09/10/2021T05:37:10Z,118,204,227,53.22,31.52,985.44 
09/10/2021T05:37:40Z,185,357,408,53.61,31.51,985.30 
09/10/2021T05:38:11Z,147,253,283,53.74,31.53,985.24 
09/10/2021T05:38:41Z,139,236,259,52.83,31.54,985.65 
09/10/2021T05:39:12Z,186,338,386,53.47,31.54,985.37 
09/10/2021T05:39:42Z,161,282,309,53.63,31.52,985.28 
09/10/2021T05:40:13Z,211,417,470,54.23,31.51,985.10 
09/10/2021T05:40:44Z,187,336,383,54.23,31.51,985.10 
09/10/2021T05:41:14Z,194,355,396,53.61,31.53,985.34 
09/10/2021T05:41:45Z,160,277,307,52.70,31.61,985.72 
09/10/2021T05:42:16Z,153,264,290,51.96,31.64,986.00 
09/10/2021T05:42:46Z,153,265,291,51.02,31.65,986.41 
09/10/2021T05:43:16Z,170,307,346,51.66,31.68,986.10 
09/10/2021T05:43:47Z,158,279,308,52.90,31.65,985.58 
09/10/2021T05:44:17Z,160,281,316,53.26,31.58,985.39 
09/10/2021T05:44:48Z,142,240,265,53.38,31.52,985.39 
09/10/2021T05:45:18Z,142,238,266,53.94,31.47,985.16 
09/10/2021T05:45:48Z,141,236,261,54.36,31.42,985.03 
09/10/2021T05:46:19Z,145,250,284,54.68,31.40,984.96 
09/10/2021T05:46:49Z,184,325,366,55.07,31.39,984.86 
09/10/2021T05:47:20Z,165,289,321,55.37,31.39,984.83 
09/10/2021T05:47:50Z,170,299,340,55.26,31.46,984.90 
09/10/2021T05:48:21Z,170,295,332,54.51,31.51,985.19 
09/10/2021T05:48:52Z,170,294,327,52.83,31.58,985.80 
09/10/2021T05:49:22Z,156,270,303,51.78,31.63,986.20 
09/10/2021T05:49:53Z,145,244,275,51.81,31.62,986.15 
09/10/2021T05:50:24Z,139,240,265,51.65,31.62,986.18 
09/10/2021T05:50:54Z,172,314,352,51.78,31.64,986.12 
09/10/2021T05:51:24Z,184,339,385,51.84,31.60,986.03 
09/10/2021T05:51:55Z,177,316,358,52.18,31.61,985.91 
09/10/2021T05:52:25Z,168,300,338,52.36,31.60,985.79 
09/10/2021T05:52:56Z,149,260,294,51.86,31.58,986.02 
09/10/2021T05:53:26Z,143,242,274,51.99,31.57,985.93 
09/10/2021T05:53:56Z,139,238,269,52.01,31.57,985.90 
09/10/2021T05:54:27Z,167,291,325,52.09,31.57,985.86 
09/10/2021T05:54:58Z,148,257,288,51.45,31.58,986.12 
09/10/2021T05:55:28Z,153,263,294,51.54,31.59,986.08 
09/10/2021T05:55:58Z,185,317,353,51.25,31.58,986.20 
09/10/2021T05:56:29Z,155,258,286,50.77,31.54,986.41 
09/10/2021T05:56:59Z,125,199,219,50.25,31.48,986.62 
09/10/2021T05:57:30Z,123,198,217,51.42,31.41,986.09 
09/10/2021T05:58:00Z,150,248,275,52.02,31.34,985.79 
09/10/2021T05:58:30Z,181,316,356,52.71,31.35,985.46 
09/10/2021T05:59:01Z,246,458,510,53.30,31.35,985.20 
09/10/2021T05:59:32Z,263,537,601,53.68,31.34,985.07 
09/10/2021T06:00:02Z,211,382,427,53.62,31.37,985.13 
09/10/2021T06:00:32Z,182,308,344,52.95,31.44,985.37 
09/10/2021T06:01:03Z,163,275,306,52.44,31.48,985.60 
09/10/2021T06:01:33Z,143,236,260,51.93,31.50,985.80 
09/10/2021T06:02:03Z,131,213,238,51.79,31.52,985.85 
09/10/2021T06:02:34Z,124,203,229,51.79,31.54,985.84 
09/10/2021T06:03:04Z,117,189,203,51.54,31.53,985.93 
09/10/2021T06:03:34Z,97,150,167,51.71,31.46,985.90 
09/10/2021T06:04:04Z,107,161,181,52.49,31.39,985.50 
09/10/2021T06:04:35Z,141,236,262,53.12,31.33,985.23 
09/10/2021T06:05:05Z,159,269,301,53.48,31.31,985.08 
09/10/2021T06:05:35Z,128,207,225,53.50,31.31,985.07 
09/10/2021T06:06:05Z,121,197,214,52.28,31.31,985.63 
09/10/2021T06:06:35Z,127,203,222,53.04,31.31,985.32 
09/10/2021T06:07:06Z,120,198,217,52.53,31.34,985.47 
09/10/2021T06:07:36Z,136,221,247,52.24,31.39,985.61 
09/10/2021T06:08:06Z,109,174,188,51.75,31.50,985.82 
09/10/2021T06:08:37Z,97,154,168,50.79,31.57,986.19 
09/10/2021T06:09:07Z,90,143,155,50.59,31.61,986.25 
09/10/2021T06:11:22Z,118,188,209,50.58,31.59,986.28 
09/10/2021T06:11:52Z,129,205,223,51.22,31.53,985.94 
09/10/2021T06:12:23Z,119,194,214,51.48,31.52,985.81 
09/10/2021T06:12:53Z,113,181,203,49.93,31.53,986.45 
09/10/2021T06:13:24Z,116,186,202,51.83,31.55,985.71 
09/10/2021T06:13:54Z,101,159,170,51.00,31.61,985.95 
09/10/2021T06:14:25Z,96,147,163,51.03,31.66,985.97 
09/10/2021T06:14:56Z,93,148,161,50.60,31.70,986.12 
09/10/2021T06:15:26Z,81,127,137,49.64,31.80,986.52 
09/10/2021T06:15:56Z,86,135,149,50.52,31.82,986.12 
09/10/2021T06:16:26Z,88,137,149,51.44,31.77,985.65 
09/10/2021T06:16:57Z,98,159,175,51.14,31.72,985.78 
09/10/2021T06:17:28Z,101,164,184,52.26,31.68,985.35 
09/10/2021T06:17:58Z,95,150,161,53.31,31.61,984.92 
09/10/2021T06:18:29Z,96,153,167,52.41,31.60,985.28 
09/10/2021T06:18:59Z,136,223,245,50.93,31.58,985.98 
09/10/2021T06:19:30Z,148,249,277,50.70,31.60,986.06 
09/10/2021T06:20:00Z,164,272,298,50.99,31.55,985.95 
09/10/2021T06:20:31Z,178,296,328,51.81,31.48,985.59 
09/10/2021T06:21:02Z,166,271,294,53.35,31.45,984.94 
09/10/2021T06:21:32Z,149,243,262,53.28,31.45,984.94 
09/10/2021T06:22:03Z,152,248,271,53.29,31.44,985.02 
09/10/2021T06:22:34Z,135,220,236,50.93,31.47,985.88 
09/10/2021T06:23:04Z,123,193,214,49.60,31.53,986.54 
09/10/2021T06:23:34Z,116,186,203,49.66,31.56,986.49 
09/10/2021T06:24:04Z,118,188,205,50.38,31.54,986.21 
09/10/2021T06:24:34Z,112,176,193,51.53,31.55,985.55 
09/10/2021T06:25:05Z,103,162,177,51.77,31.55,985.45 
09/10/2021T06:25:35Z,97,147,161,51.14,31.58,985.72 
09/10/2021T06:26:06Z,84,133,145,50.92,31.65,985.82 
09/10/2021T06:26:36Z,88,135,147,51.21,31.65,985.69 
09/10/2021T06:27:06Z,93,142,156,51.55,31.61,985.55 
09/10/2021T06:27:36Z,92,141,154,52.13,31.59,985.27 
09/10/2021T06:28:07Z,92,142,155,52.28,31.61,985.21 
09/10/2021T06:28:37Z,89,138,154,52.46,31.60,985.10 
09/10/2021T06:29:07Z,96,147,162,52.38,31.58,985.14 
09/10/2021T06:29:38Z,110,178,198,51.42,31.59,985.57 
09/10/2021T06:30:08Z,103,161,177,51.91,31.59,985.40 
09/10/2021T06:30:39Z,114,183,205,53.03,31.58,984.88 
09/10/2021T06:31:09Z,118,192,212,53.26,31.56,984.79 
09/10/2021T06:31:40Z,120,193,215,53.98,31.54,984.56 
09/10/2021T06:32:10Z,121,194,211,53.95,31.52,984.60 
09/10/2021T06:32:41Z,122,200,215,54.52,31.51,984.46 
09/10/2021T06:33:11Z,130,206,226,54.48,31.51,984.49 
09/10/2021T06:33:41Z,142,230,250,54.01,31.47,984.72 
09/10/2021T06:34:12Z,130,210,226,54.85,31.46,984.40 
09/10/2021T06:34:42Z,115,180,196,52.99,31.55,985.09 
09/10/2021T06:35:13Z,101,158,171,51.88,31.65,985.52 
09/10/2021T06:35:43Z,94,148,158,51.09,31.69,985.82 
09/10/2021T06:36:14Z,89,138,147,50.72,31.71,985.88 
09/10/2021T06:36:44Z,77,116,122,48.90,31.79,986.65 
09/10/2021T06:37:15Z,73,109,118,48.79,31.83,986.67 
09/10/2021T06:37:46Z,72,106,112,48.00,31.88,986.99 
09/10/2021T06:38:16Z,192,283,299,47.01,31.85,987.33 
09/10/2021T06:38:47Z,171,258,276,48.06,31.86,986.88 
09/10/2021T06:39:17Z,166,253,269,49.39,31.82,986.20 
09/10/2021T06:39:48Z,170,256,273,50.69,31.75,985.57 
09/10/2021T06:40:18Z,173,260,280,51.10,31.69,985.36 
09/10/2021T06:40:48Z,156,235,245,50.73,31.67,985.56 
09/10/2021T06:41:18Z,167,256,278,51.99,31.62,985.04 
09/10/2021T06:41:49Z,146,223,243,51.57,31.60,985.21 
09/10/2021T06:42:19Z,147,231,253,52.18,31.58,984.96 
09/10/2021T06:42:49Z,144,217,237,52.04,31.60,985.02 
09/10/2021T06:43:20Z,136,211,230,51.36,31.61,985.29 
09/10/2021T06:43:51Z,125,200,219,51.36,31.62,985.32 
09/10/2021T06:44:22Z,121,190,212,50.98,31.58,985.39 
09/10/2021T06:44:52Z,104,157,169,50.67,31.57,985.69 
09/10/2021T06:45:23Z,110,162,176,51.30,31.55,985.34 
09/10/2021T06:45:53Z,123,184,197,51.31,31.55,985.29 
09/10/2021T06:46:24Z,96,144,157,49.23,31.71,986.20 
09/10/2021T06:46:54Z,87,134,143,48.75,31.76,986.43 
09/10/2021T06:47:24Z,82,121,133,48.26,31.78,986.62 
09/10/2021T06:47:54Z,71,106,117,46.57,31.87,987.34 
09/10/2021T06:48:25Z,72,108,114,46.23,31.93,987.44 
09/10/2021T06:48:55Z,76,110,118,47.35,31.94,986.96 
09/10/2021T06:49:26Z,75,112,121,46.91,31.97,987.05 
09/10/2021T06:49:56Z,69,99,108,45.97,32.00,987.41 
09/10/2021T06:50:26Z,67,96,104,45.94,32.00,987.51 
09/10/2021T06:50:56Z,69,102,111,47.08,31.95,986.92 
09/10/2021T06:51:26Z,72,106,111,47.26,31.91,986.79 
09/10/2021T06:51:57Z,75,104,111,47.62,31.88,986.59 
09/10/2021T06:52:27Z,70,103,110,47.91,31.86,986.36 
09/10/2021T06:52:58Z,57,82,88,45.56,31.88,987.42 
09/10/2021T06:53:28Z,53,78,86,46.31,31.89,987.29 
09/10/2021T06:53:58Z,62,93,101,48.50,31.82,986.15 
09/10/2021T06:54:29Z,65,94,103,48.96,31.76,985.82 
09/10/2021T06:54:59Z,58,86,93,48.45,31.72,986.07 
09/10/2021T06:55:29Z,56,84,90,48.67,31.69,986.05 
09/10/2021T06:55:59Z,57,85,95,49.00,31.71,985.79 
09/10/2021T06:56:30Z,53,80,88,48.15,31.76,986.18 
09/10/2021T06:57:01Z,47,70,80,46.05,31.89,987.13 
09/10/2021T06:57:31Z,46,69,78,46.44,31.94,987.01 
09/10/2021T06:58:02Z,44,65,74,45.56,31.97,987.34 
09/10/2021T06:58:33Z,40,61,72,45.70,31.97,987.33 
09/10/2021T06:59:03Z,38,56,70,45.13,31.91,987.46 
09/10/2021T06:59:34Z,43,65,75,46.69,31.85,986.92 
09/10/2021T07:00:04Z,51,76,83,48.16,31.74,986.08 
09/10/2021T07:00:34Z,52,78,85,48.25,31.67,986.00 
09/10/2021T07:01:05Z,50,75,81,48.75,31.62,985.82 
09/10/2021T07:01:36Z,51,75,83,49.52,31.62,985.45 
09/10/2021T07:02:06Z,49,75,82,49.20,31.64,985.58 
09/10/2021T07:02:37Z,43,65,76,47.02,31.76,986.53 
09/10/2021T07:03:08Z,49,70,79,48.86,31.78,985.75 
09/10/2021T07:03:39Z,50,73,81,49.80,31.73,985.28 
09/10/2021T07:04:09Z,48,72,80,50.02,31.69,985.15 
09/10/2021T07:04:39Z,46,66,76,49.63,31.72,985.35 
09/10/2021T07:05:10Z,48,70,76,49.63,31.74,985.27 
09/10/2021T07:05:41Z,45,67,75,49.02,31.79,985.59 
09/10/2021T07:06:11Z,41,60,71,48.38,31.79,985.89 
09/10/2021T07:06:42Z,41,59,72,48.89,31.75,985.75 
09/10/2021T07:07:12Z,44,64,74,50.02,31.73,985.17 
09/10/2021T07:07:43Z,42,64,74,50.05,31.69,985.10 
09/10/2021T07:08:13Z,43,64,74,50.28,31.65,985.08 
09/10/2021T07:08:44Z,42,62,74,50.46,31.66,984.94 
09/10/2021T07:09:14Z,42,64,75,49.77,31.65,985.24 
09/10/2021T07:09:45Z,45,69,76,50.29,31.61,985.08 
09/10/2021T07:10:15Z,46,68,76,51.19,31.59,984.67 
09/10/2021T07:10:45Z,47,70,77,51.54,31.63,984.52 
09/10/2021T07:11:16Z,46,69,78,51.13,31.68,984.66 
09/10/2021T07:11:47Z,39,59,72,48.83,31.72,985.69 
09/10/2021T07:12:17Z,37,56,69,48.82,31.84,985.73 
09/10/2021T07:12:48Z,37,55,69,48.73,31.89,985.72 
09/10/2021T07:13:18Z,36,54,68,48.42,31.96,985.87 
09/10/2021T07:13:49Z,34,51,65,47.21,32.02,986.32 
09/10/2021T07:14:19Z,33,51,65,45.68,32.07,987.08 
09/10/2021T07:14:50Z,34,51,64,47.89,32.04,986.09 
09/10/2021T07:15:21Z,36,52,66,47.85,32.00,985.99 
09/10/2021T07:15:52Z,34,53,69,48.81,31.95,985.57 
09/10/2021T07:16:22Z,37,55,69,49.27,31.89,985.35 
09/10/2021T07:16:53Z,34,52,66,47.02,31.93,986.28 
09/10/2021T07:17:24Z,42,62,73,46.65,31.99,986.54 
09/10/2021T07:17:54Z,39,57,69,46.69,32.02,986.51 
09/10/2021T07:18:24Z,36,52,65,46.42,32.07,986.61 
09/10/2021T07:18:55Z,35,51,65,46.71,32.09,986.47 
09/10/2021T07:19:26Z,34,50,65,46.40,32.11,986.51 
09/10/2021T07:19:57Z,33,48,61,45.11,32.16,987.15 
09/10/2021T07:20:27Z,33,50,64,46.15,32.11,986.71 
09/10/2021T07:20:58Z,33,50,64,46.69,31.99,986.35 
09/10/2021T07:21:28Z,34,52,67,47.22,31.92,986.15 
09/10/2021T07:21:58Z,38,55,69,47.68,31.88,985.87 
09/10/2021T07:22:29Z,43,69,78,48.13,31.89,985.70 
09/10/2021T07:22:59Z,41,62,73,48.37,31.88,985.50 
09/10/2021T07:23:29Z,41,62,74,49.15,31.86,985.22 
09/10/2021T07:23:59Z,41,61,72,49.55,31.86,984.98 
09/10/2021T07:24:30Z,41,62,74,48.96,31.92,985.26 
09/10/2021T07:25:00Z,39,59,73,48.41,31.95,985.44 
09/10/2021T07:25:30Z,35,54,68,47.26,32.01,985.93 
09/10/2021T07:26:00Z,34,50,64,46.19,32.12,986.52 
09/10/2021T07:26:31Z,33,49,61,44.98,32.19,986.96 
09/10/2021T07:27:02Z,31,48,63,44.27,32.30,987.35 
09/10/2021T07:27:32Z,33,50,66,45.09,32.25,986.96 
09/10/2021T07:28:03Z,34,52,67,46.48,32.12,986.29 
09/10/2021T07:28:33Z,35,52,66,47.07,32.04,985.96 
09/10/2021T07:29:04Z,35,52,68,46.81,31.95,986.07 
09/10/2021T07:29:34Z,34,51,66,47.21,31.91,985.93 
09/10/2021T07:30:05Z,35,54,68,48.16,31.88,985.49 
09/10/2021T07:30:36Z,35,54,67,49.09,31.83,985.09 
09/10/2021T07:31:06Z,36,58,72,49.75,31.77,984.78 
09/10/2021T07:31:37Z,36,55,70,49.51,31.73,984.86 
09/10/2021T07:32:07Z,35,55,71,48.76,31.78,985.20 
09/10/2021T07:32:38Z,35,55,69,49.96,31.84,984.74 
09/10/2021T07:33:09Z,36,55,69,49.77,31.82,984.74 
09/10/2021T07:33:39Z,33,51,66,48.60,31.84,985.19 
09/10/2021T07:34:09Z,33,52,66,48.62,31.86,985.30 
09/10/2021T07:34:40Z,35,54,68,49.39,31.82,984.94 
09/10/2021T07:35:11Z,36,56,69,50.27,31.79,984.52 
09/10/2021T07:35:42Z,35,56,70,50.87,31.76,984.23 
09/10/2021T07:36:12Z,36,54,68,50.84,31.74,984.24 
09/10/2021T07:36:42Z,36,55,70,50.89,31.73,984.23 
09/10/2021T07:37:12Z,34,52,68,50.37,31.76,984.50 
09/10/2021T07:37:42Z,34,51,66,49.35,31.80,984.89 
09/10/2021T07:38:13Z,32,48,62,48.04,31.88,985.56 
09/10/2021T07:38:43Z,33,50,65,48.75,31.89,985.22 
09/10/2021T07:39:14Z,33,51,65,48.44,31.87,985.32 
09/10/2021T07:39:45Z,37,55,69,47.45,31.89,985.75 
09/10/2021T07:40:15Z,35,52,67,47.65,31.92,985.74 
09/10/2021T07:40:46Z,34,52,66,47.86,31.92,985.57 
09/10/2021T07:41:17Z,34,53,69,48.32,31.93,985.35 
09/10/2021T07:41:47Z,33,49,63,48.45,31.92,985.29 
09/10/2021T07:42:18Z,34,51,65,48.45,31.93,985.21 
09/10/2021T07:42:48Z,33,52,67,48.12,31.97,985.37 
09/10/2021T07:43:19Z,33,51,67,48.29,31.98,985.32 
09/10/2021T07:43:50Z,34,52,68,48.40,31.94,985.24 
09/10/2021T07:44:20Z,37,55,69,49.01,31.87,985.03 
09/10/2021T07:44:51Z,40,59,73,50.12,31.79,984.51 
09/10/2021T07:45:21Z,35,55,70,50.22,31.78,984.39 
09/10/2021T07:45:51Z,40,60,72,50.36,31.77,984.35 
09/10/2021T07:46:21Z,36,54,70,49.92,31.82,984.47 
09/10/2021T07:46:52Z,36,58,72,48.43,31.88,985.23 
09/10/2021T07:47:23Z,39,60,74,47.39,31.91,985.63 
09/10/2021T07:47:53Z,39,59,71,47.75,31.96,985.63 
09/10/2021T07:48:23Z,42,63,73,48.46,31.93,985.16 
09/10/2021T07:48:54Z,46,69,78,47.98,31.90,985.45 
09/10/2021T07:49:25Z,41,64,75,49.31,31.89,984.80 
09/10/2021T07:49:56Z,37,57,71,49.05,31.91,984.90 
09/10/2021T07:50:27Z,38,56,69,48.90,31.95,984.85 
09/10/2021T07:50:57Z,37,58,73,48.69,31.95,985.06 
09/10/2021T07:51:28Z,43,67,77,49.28,31.91,984.73 
09/10/2021T07:51:58Z,38,59,72,49.41,31.89,984.68 
09/10/2021T07:52:28Z,37,58,71,49.79,31.89,984.46 
09/10/2021T07:52:59Z,37,57,72,50.31,31.90,984.24 
09/10/2021T07:53:29Z,35,54,70,48.82,32.00,984.82 
09/10/2021T07:53:59Z,32,49,64,46.84,32.12,985.81 
09/10/2021T07:54:30Z,32,50,63,47.74,32.13,985.34 
09/10/2021T07:55:00Z,31,45,57,45.61,32.15,986.24 
09/10/2021T07:55:30Z,30,46,58,45.68,32.18,986.35 
09/10/2021T07:56:01Z,32,47,59,47.73,32.14,985.37 
09/10/2021T07:56:31Z,33,48,61,47.66,32.12,985.29 
09/10/2021T07:57:02Z,30,45,57,47.07,32.10,985.56 
09/10/2021T07:57:33Z,30,46,59,47.13,32.08,985.63 
09/10/2021T07:58:04Z,31,47,60,48.19,32.08,985.00 
09/10/2021T07:58:34Z,31,45,57,46.92,32.13,985.55 
09/10/2021T07:59:05Z,29,43,54,46.56,32.16,985.78 
09/10/2021T07:59:35Z,30,44,55,46.97,32.13,985.59 
09/10/2021T08:00:06Z,30,45,57,47.43,32.14,985.31 
09/10/2021T08:00:36Z,30,45,56,45.81,32.21,985.97 
09/10/2021T08:01:07Z,29,43,53,45.93,32.25,986.01 
09/10/2021T08:01:37Z,28,41,54,45.66,32.24,986.06 
09/10/2021T08:02:08Z,28,42,53,46.50,32.20,985.71 
09/10/2021T08:02:39Z,30,45,56,46.42,32.20,985.63 
09/10/2021T08:03:09Z,29,43,52,45.45,32.28,986.10 
09/10/2021T08:03:39Z,27,41,52,44.72,32.33,986.43 
09/10/2021T08:04:10Z,26,39,48,43.39,32.41,986.95 
09/10/2021T08:04:40Z,27,41,51,44.02,32.44,986.79 
09/10/2021T08:05:11Z,27,41,52,45.14,32.38,986.15 
09/10/2021T08:05:42Z,27,40,50,44.69,32.40,986.36 
09/10/2021T08:06:12Z,28,42,52,45.18,32.42,986.08 
09/10/2021T08:06:42Z,27,41,50,44.60,32.42,986.28 
09/10/2021T08:07:13Z,27,41,51,44.70,32.39,986.32 
09/10/2021T08:07:44Z,29,42,54,46.36,32.29,985.56 
09/10/2021T08:08:15Z,30,45,57,47.03,32.17,985.22 
09/10/2021T08:08:45Z,29,44,57,47.86,32.09,984.81 
09/10/2021T08:09:16Z,30,45,59,48.90,32.00,984.38 
09/10/2021T08:09:46Z,29,44,58,49.12,31.93,984.23 
09/10/2021T08:10:17Z,29,43,55,48.81,31.94,984.43 
09/10/2021T08:10:48Z,29,43,54,48.40,31.95,984.53 
09/10/2021T08:11:19Z,29,44,55,47.85,32.00,984.83 
09/10/2021T08:11:49Z,29,43,55,46.82,32.06,985.20 
09/10/2021T08:12:19Z,28,41,53,45.27,32.19,985.96 
09/10/2021T08:12:50Z,27,43,54,45.54,32.20,985.91 
09/10/2021T08:13:21Z,28,43,52,45.64,32.21,985.86 
09/10/2021T08:13:52Z,27,42,51,46.11,32.20,985.56 
09/10/2021T08:14:22Z,29,44,56,46.17,32.15,985.57 
09/10/2021T08:14:53Z,29,44,56,46.66,32.13,985.36 
09/10/2021T08:15:24Z,29,44,55,46.40,32.16,985.36 
09/10/2021T08:15:54Z,28,42,52,46.13,32.18,985.56 
09/10/2021T08:16:25Z,27,41,50,44.77,32.22,986.03 
09/10/2021T08:16:55Z,27,40,50,45.12,32.22,986.04 
09/10/2021T08:17:26Z,28,42,52,45.31,32.22,985.87 
09/10/2021T08:17:56Z,30,45,55,45.63,32.19,985.70 
09/10/2021T08:18:27Z,30,45,58,46.26,32.13,985.49 
09/10/2021T08:18:57Z,27,41,51,46.02,32.17,985.47 
09/10/2021T08:19:28Z,27,39,48,44.33,32.28,986.17 
09/10/2021T08:19:58Z,27,39,50,43.60,32.37,986.60 
09/10/2021T08:20:29Z,26,40,51,44.76,32.35,986.12 
09/10/2021T08:20:59Z,37,54,63,45.49,32.27,985.73 
09/10/2021T08:21:29Z,35,52,65,46.03,32.21,985.46 
09/10/2021T08:22:00Z,32,49,62,46.26,32.17,985.35 
09/10/2021T08:22:30Z,31,47,58,47.12,32.12,984.94 
09/10/2021T08:23:01Z,31,46,57,47.34,32.10,984.79 
09/10/2021T08:23:32Z,30,46,56,47.69,32.08,984.64 
09/10/2021T08:24:02Z,30,46,56,48.26,32.07,984.38 
09/10/2021T08:24:33Z,30,46,58,48.89,32.06,984.10 
09/10/2021T08:25:03Z,30,46,60,48.25,32.05,984.30 
09/10/2021T08:25:34Z,27,39,49,45.66,32.15,985.53 
09/10/2021T08:26:04Z,28,42,54,46.90,32.19,985.03 
09/10/2021T08:26:34Z,27,40,50,45.78,32.20,985.51 
09/10/2021T08:27:05Z,27,40,51,47.08,32.16,984.92 
09/10/2021T08:27:35Z,28,43,56,47.51,32.11,984.71 
09/10/2021T08:28:06Z,29,43,54,48.17,32.06,984.42 
09/10/2021T08:28:36Z,28,42,53,48.73,32.01,984.14 
09/10/2021T08:29:07Z,29,44,56,48.86,31.99,984.03 
09/10/2021T08:29:38Z,28,42,53,47.52,32.03,984.59 
09/10/2021T08:30:08Z,28,42,52,47.73,32.08,984.69 
09/10/2021T08:30:39Z,29,44,56,48.67,32.06,984.19 
09/10/2021T08:31:10Z,29,44,56,49.05,32.06,983.99 
09/10/2021T08:31:41Z,33,50,65,48.95,32.04,984.06 
09/10/2021T08:32:11Z,32,48,61,47.10,32.08,984.83 
09/10/2021T08:32:42Z,32,49,63,48.41,32.07,984.31 
09/10/2021T08:33:13Z,32,48,63,47.93,32.03,984.46 
09/10/2021T08:33:44Z,32,49,63,47.03,32.03,984.89 
09/10/2021T08:34:14Z,31,49,63,47.97,32.04,984.58 
09/10/2021T08:34:45Z,33,50,64,47.97,32.02,984.45 
09/10/2021T08:35:15Z,34,52,66,47.87,32.00,984.60 
09/10/2021T08:35:45Z,39,59,75,48.64,31.98,984.20 
09/10/2021T08:36:16Z,38,56,71,48.77,31.97,984.12 
09/10/2021T08:36:46Z,35,54,68,47.61,32.00,984.57 
09/10/2021T08:37:16Z,34,52,66,46.92,32.05,985.01 
09/10/2021T08:37:47Z,34,52,68,46.62,32.09,985.11 
09/10/2021T08:38:18Z,33,51,65,46.63,32.08,985.11 
09/10/2021T08:38:48Z,31,48,62,45.87,32.11,985.47 
09/10/2021T08:39:19Z,29,44,54,44.96,32.17,985.82 
09/10/2021T08:39:49Z,28,42,51,44.13,32.23,986.23 
09/10/2021T08:40:20Z,27,43,53,44.05,32.26,986.27 
09/10/2021T08:40:51Z,26,38,47,42.24,32.35,986.85 
09/10/2021T08:41:21Z,25,39,49,41.59,32.44,987.22 
09/10/2021T08:41:52Z,23,36,44,41.06,32.52,987.44 
09/10/2021T08:42:22Z,25,39,51,42.01,32.54,987.04 
09/10/2021T08:42:53Z,25,38,48,43.06,32.46,986.48 
09/10/2021T08:43:23Z,24,36,44,42.50,32.43,986.62 
09/10/2021T08:43:53Z,25,38,48,43.57,32.44,986.25 
09/10/2021T08:44:24Z,25,35,43,43.98,32.40,985.97 
09/10/2021T08:44:55Z,25,37,45,44.19,32.40,985.79 
09/10/2021T08:45:25Z,24,38,48,43.92,32.43,985.99 
09/10/2021T08:45:55Z,25,36,45,43.95,32.43,985.95 
09/10/2021T08:46:26Z,25,40,52,44.42,32.42,985.76 
09/10/2021T08:46:57Z,25,37,46,43.87,32.41,985.87 
09/10/2021T08:47:27Z,25,37,44,43.82,32.45,985.95 
09/10/2021T08:47:57Z,24,35,44,41.92,32.51,986.74 
09/10/2021T08:48:28Z,22,33,40,41.01,32.63,987.13 
09/10/2021T08:48:58Z,23,35,43,40.73,32.75,987.22 
09/10/2021T08:49:28Z,23,36,47,40.18,32.83,987.53 
09/10/2021T08:49:59Z,24,35,45,41.76,32.77,986.88 
09/10/2021T08:50:29Z,25,40,51,41.96,32.67,986.58 
09/10/2021T08:50:59Z,26,38,47,41.56,32.66,986.78 
09/10/2021T08:51:30Z,25,38,48,42.45,32.63,986.52 
09/10/2021T08:52:01Z,25,38,49,42.90,32.56,986.21 
09/10/2021T08:52:31Z,25,39,49,43.53,32.48,985.93 
09/10/2021T08:53:01Z,28,43,55,42.29,32.48,986.41 
09/10/2021T08:53:32Z,28,44,56,43.60,32.44,985.91 
09/10/2021T08:54:02Z,26,40,52,44.19,32.41,985.60 
09/10/2021T08:54:32Z,27,42,54,44.30,32.39,985.52 
09/10/2021T08:55:02Z,27,43,56,43.71,32.36,985.75 
09/10/2021T08:55:33Z,27,41,51,43.67,32.32,985.78 
09/10/2021T08:56:04Z,27,41,52,43.85,32.30,985.74 
09/10/2021T08:56:35Z,26,40,49,43.42,32.28,985.91 
09/10/2021T08:57:05Z,26,39,50,43.86,32.26,985.75 
09/10/2021T08:57:35Z,26,39,49,43.68,32.23,985.78 
09/10/2021T08:58:06Z,26,38,50,44.46,32.22,985.49 
09/10/2021T08:58:37Z,26,41,51,44.54,32.20,985.42 
09/10/2021T08:59:07Z,27,42,54,44.81,32.19,985.29 
09/10/2021T08:59:37Z,27,41,53,44.97,32.17,985.20 
09/10/2021T09:00:08Z,27,41,51,45.01,32.15,985.17 
09/10/2021T09:00:38Z,27,42,53,45.20,32.15,985.10 
09/10/2021T09:01:08Z,27,40,49,44.63,32.15,985.26 
09/10/2021T09:01:38Z,26,41,51,44.55,32.15,985.42 
09/10/2021T09:02:09Z,26,40,51,44.78,32.14,985.32 
09/10/2021T09:02:39Z,26,38,49,44.38,32.12,985.41 
09/10/2021T09:03:10Z,26,40,50,44.70,32.11,985.22 
09/10/2021T09:03:40Z,25,40,49,43.98,32.11,985.63 
09/10/2021T09:04:11Z,26,39,49,44.66,32.10,985.26 
09/10/2021T09:04:41Z,25,38,49,45.16,32.11,985.08 
09/10/2021T09:05:12Z,25,38,46,44.63,32.11,985.23 
09/10/2021T09:05:42Z,27,40,50,44.59,32.11,985.37 
09/10/2021T09:06:13Z,26,39,47,44.90,32.10,985.18 
09/10/2021T09:06:43Z,26,40,51,45.34,32.10,984.96 
09/10/2021T09:07:13Z,26,39,52,44.64,32.11,985.24 
09/10/2021T09:07:44Z,27,40,50,45.14,32.11,985.00 
09/10/2021T09:08:15Z,27,41,54,43.73,32.14,985.64 
09/10/2021T09:08:46Z,26,39,47,43.25,32.16,985.84 
09/10/2021T09:09:16Z,25,37,47,42.46,32.18,986.22 
09/10/2021T09:09:47Z,25,38,48,44.38,32.17,985.57 
09/10/2021T09:10:18Z,26,40,50,44.84,32.13,985.16 
09/10/2021T09:10:49Z,26,39,49,44.22,32.12,985.29 
09/10/2021T09:11:19Z,26,38,48,44.44,32.11,985.40 
09/10/2021T09:11:50Z,26,39,49,45.16,32.09,984.99 
09/10/2021T09:12:21Z,26,38,49,45.53,32.08,984.83 
09/10/2021T09:12:51Z,27,38,46,44.78,32.08,985.02 
09/10/2021T09:13:22Z,25,38,48,43.38,32.13,985.70 
09/10/2021T09:13:53Z,26,38,47,44.60,32.15,985.34 
09/10/2021T09:14:24Z,25,39,48,45.11,32.13,984.99 
09/10/2021T09:14:54Z,26,39,48,45.95,32.11,984.53 
09/10/2021T09:15:24Z,25,38,47,45.14,32.11,984.86 
09/10/2021T09:15:55Z,26,39,52,45.96,32.09,984.55 
09/10/2021T09:16:25Z,27,39,47,45.14,32.08,984.81 
09/10/2021T09:16:55Z,26,40,49,45.38,32.07,984.87 
09/10/2021T09:17:26Z,26,39,50,45.61,32.05,984.59 
09/10/2021T09:17:56Z,27,40,50,44.72,32.04,985.10 
09/10/2021T09:18:27Z,25,38,50,45.44,32.04,984.79 
09/10/2021T09:18:57Z,26,40,50,44.88,32.04,984.98 
09/10/2021T09:19:27Z,27,40,50,46.21,32.04,984.42 
09/10/2021T09:19:58Z,25,37,47,46.46,32.02,984.25 
09/10/2021T09:20:28Z,26,39,52,44.76,32.02,984.82 
09/10/2021T09:20:59Z,26,39,49,44.25,32.06,985.33 
09/10/2021T09:21:29Z,25,37,48,43.85,32.09,985.29 
09/10/2021T09:22:00Z,24,37,47,43.01,32.13,985.82 
09/10/2021T09:22:30Z,25,38,46,45.13,32.12,984.98 
09/10/2021T09:23:01Z,24,37,46,45.55,32.08,984.61 
09/10/2021T09:23:31Z,25,37,46,46.16,32.04,984.36 
09/10/2021T09:24:02Z,25,38,46,46.47,32.02,984.23 
09/10/2021T09:24:33Z,26,38,47,46.45,32.02,984.23 
09/10/2021T09:25:03Z,25,38,47,46.60,32.02,984.18 
09/10/2021T09:25:34Z,25,38,47,45.53,32.00,984.51 
09/10/2021T09:26:04Z,26,39,48,45.52,32.01,984.74 
09/10/2021T09:26:34Z,26,39,50,46.18,32.01,984.41 
09/10/2021T09:27:05Z,26,39,50,46.91,32.00,984.05 
09/10/2021T09:27:36Z,25,39,50,46.82,31.97,984.06 
09/10/2021T09:28:06Z,26,38,48,47.12,31.96,983.94 
09/10/2021T09:28:36Z,24,37,48,47.18,31.94,983.90 
09/10/2021T09:29:07Z,26,40,50,47.16,31.95,983.88 
09/10/2021T09:29:37Z,25,36,45,47.36,31.94,983.81 
09/10/2021T09:30:08Z,26,40,49,47.54,31.93,983.79 
09/10/2021T09:30:38Z,25,38,49,47.24,31.92,983.88 
09/10/2021T09:31:09Z,26,39,50,46.89,31.91,984.04 
09/10/2021T09:31:39Z,26,38,47,46.84,31.91,984.15 
09/10/2021T09:32:10Z,25,37,45,46.02,31.94,984.50 
09/10/2021T09:32:41Z,25,39,50,47.05,31.93,983.99 
09/10/2021T09:33:11Z,25,37,46,47.49,31.90,983.82 
09/10/2021T09:33:42Z,25,37,44,46.76,31.91,984.13 
09/10/2021T09:34:12Z,23,35,44,45.77,31.93,984.43 
09/10/2021T09:34:43Z,24,37,49,45.98,31.96,984.44 
09/10/2021T09:35:14Z,24,35,41,44.56,31.97,985.23 
09/10/2021T09:35:44Z,24,36,44,44.26,31.97,985.14 
09/10/2021T09:36:14Z,23,35,41,43.88,32.06,985.61 
09/10/2021T09:36:44Z,25,38,46,46.60,32.01,984.26 
09/10/2021T09:37:15Z,24,37,46,46.84,31.96,984.08 
09/10/2021T09:37:45Z,25,38,47,46.11,31.95,984.35 
09/10/2021T09:38:15Z,25,35,47,44.88,31.95,984.99 
09/10/2021T09:38:46Z,25,37,47,46.67,31.94,984.23 
09/10/2021T09:39:17Z,24,38,46,47.11,31.91,983.97 
09/10/2021T09:39:47Z,23,34,42,44.66,31.93,985.05 
09/10/2021T09:40:17Z,24,35,43,47.13,31.91,984.01 
09/10/2021T09:40:47Z,25,37,46,45.22,31.90,984.58 
09/10/2021T09:41:18Z,23,36,45,43.65,32.00,985.54 
09/10/2021T09:41:49Z,25,37,47,46.87,31.97,984.20 
09/10/2021T09:42:19Z,25,37,46,46.58,31.93,984.10 
09/10/2021T09:42:50Z,24,36,46,46.08,31.92,984.35 
09/10/2021T09:43:20Z,23,36,44,44.31,31.95,985.06 
09/10/2021T09:43:50Z,23,36,44,44.80,31.99,985.08 
09/10/2021T09:44:21Z,22,32,40,44.45,31.97,985.04 
09/10/2021T09:44:51Z,22,33,39,44.77,31.97,985.12 
09/10/2021T09:45:21Z,25,36,44,46.33,31.95,984.32 
09/10/2021T09:45:52Z,24,35,45,45.47,31.93,984.56 
09/10/2021T09:46:22Z,23,35,43,45.79,31.93,984.53 
09/10/2021T09:46:53Z,23,34,42,47.07,31.91,984.09 
09/10/2021T09:47:24Z,23,36,45,46.23,31.90,984.28 
09/10/2021T09:47:54Z,23,35,44,45.51,31.90,984.60 
09/10/2021T09:48:25Z,23,35,41,45.22,31.93,984.79 
09/10/2021T09:48:56Z,23,36,44,46.89,31.91,984.13 
09/10/2021T09:49:26Z,24,35,44,47.29,31.89,983.92 
09/10/2021T09:49:56Z,23,35,43,47.49,31.87,983.76 
09/10/2021T09:50:27Z,22,35,43,46.17,31.86,984.26 
09/10/2021T09:50:58Z,24,37,47,47.43,31.85,983.93 
09/10/2021T09:51:29Z,23,36,43,47.58,31.83,983.74 
09/10/2021T09:52:00Z,23,36,46,47.57,31.82,983.73 
09/10/2021T09:52:30Z,24,37,47,47.72,31.81,983.70 
09/10/2021T09:53:01Z,24,36,46,47.75,31.82,983.69 
09/10/2021T09:53:32Z,24,36,45,47.94,31.83,983.60 
09/10/2021T09:54:02Z,23,35,43,46.40,31.84,984.09 
09/10/2021T09:54:33Z,22,33,40,44.51,31.90,985.21 
09/10/2021T09:55:04Z,23,35,42,44.16,31.91,985.20 
09/10/2021T09:55:35Z,22,32,42,45.37,31.94,984.92 
09/10/2021T09:56:05Z,23,33,39,47.13,31.90,984.03 
09/10/2021T09:56:36Z,23,34,40,47.32,31.88,983.84 
09/10/2021T09:57:06Z,23,35,43,44.21,31.93,985.05 
09/10/2021T09:57:37Z,21,32,38,45.67,31.94,984.69 
09/10/2021T09:58:07Z,23,35,41,46.77,31.92,984.16 
09/10/2021T09:58:38Z,23,36,44,47.24,31.88,983.85 
09/10/2021T09:59:09Z,23,34,42,46.93,31.87,983.98 
09/10/2021T09:59:39Z,22,33,38,47.29,31.87,983.83 
09/10/2021T10:00:09Z,22,34,42,44.27,31.89,985.07 
09/10/2021T10:00:40Z,21,31,37,44.35,31.92,985.22 
09/10/2021T10:01:11Z,23,34,43,46.05,31.91,984.52 
09/10/2021T10:01:41Z,24,35,45,46.46,31.90,984.25 
09/10/2021T10:02:12Z,24,34,42,47.33,31.88,983.86 
09/10/2021T10:02:43Z,22,31,38,47.49,31.86,983.72 
09/10/2021T10:03:13Z,23,32,42,47.71,31.83,983.63 
09/10/2021T10:03:44Z,23,33,40,47.75,31.81,983.62 
09/10/2021T10:04:14Z,22,31,38,47.85,31.79,983.57 
09/10/2021T10:04:45Z,23,33,40,47.76,31.80,983.63 
09/10/2021T10:05:15Z,23,35,45,47.03,31.79,983.81 
09/10/2021T10:05:46Z,23,35,43,47.28,31.79,983.91 
09/10/2021T10:06:16Z,23,34,42,47.69,31.77,983.62 
09/10/2021T10:06:47Z,23,34,41,47.85,31.76,983.56 
09/10/2021T10:07:17Z,23,36,46,48.01,31.76,983.47 
09/10/2021T10:07:48Z,24,35,45,48.02,31.75,983.48 
09/10/2021T10:08:19Z,23,34,42,48.14,31.75,983.43 
09/10/2021T10:08:50Z,23,36,44,48.21,31.73,983.39 
09/10/2021T10:09:20Z,24,36,46,48.38,31.72,983.31 
09/10/2021T10:09:50Z,23,35,45,48.36,31.72,983.30 
09/10/2021T10:10:21Z,24,36,45,48.48,31.70,983.26 
09/10/2021T10:10:52Z,23,36,46,48.64,31.69,983.20 
09/10/2021T10:11:22Z,24,37,47,48.66,31.69,983.19 
09/10/2021T10:11:53Z,23,35,46,48.67,31.68,983.21 
09/10/2021T10:12:23Z,24,36,45,48.82,31.67,983.16 
09/10/2021T10:12:53Z,24,37,45,48.92,31.66,983.13 
09/10/2021T10:13:24Z,23,36,45,49.02,31.65,983.11 
09/10/2021T10:13:55Z,25,39,49,46.96,31.69,983.83 
09/10/2021T10:14:25Z,24,38,51,44.90,31.85,984.87 
09/10/2021T10:14:55Z,24,40,49,44.83,31.94,985.02 
09/10/2021T10:15:26Z,24,37,48,44.06,32.00,985.25 
09/10/2021T10:15:56Z,23,37,49,44.72,32.02,985.08 
09/10/2021T10:16:27Z,23,36,49,44.56,32.00,984.99 
09/10/2021T10:16:58Z,22,35,47,44.14,32.05,985.26 
09/10/2021T10:17:28Z,23,35,45,43.46,32.06,985.46 
09/10/2021T10:17:59Z,22,32,38,41.92,32.16,986.25 
09/10/2021T10:18:29Z,23,35,47,44.63,32.08,985.07 
09/10/2021T10:19:00Z,22,35,46,45.18,31.99,984.77 
09/10/2021T10:19:31Z,23,38,49,44.68,31.94,984.95 
09/10/2021T10:20:02Z,24,37,47,44.59,31.95,984.99 
09/10/2021T10:20:33Z,23,37,48,43.32,32.00,985.53 
09/10/2021T10:21:03Z,23,37,47,44.15,32.01,985.30 
09/10/2021T10:21:34Z,24,39,49,44.27,31.96,985.17 
09/10/2021T10:22:05Z,24,37,48,44.21,31.93,985.20 
09/10/2021T10:22:35Z,23,35,45,44.04,31.92,985.24 
09/10/2021T10:23:06Z,23,36,48,43.29,31.96,985.57 
09/10/2021T10:23:37Z,21,35,44,41.93,32.05,986.00 
09/10/2021T10:24:07Z,23,34,44,41.62,32.14,986.36 
09/10/2021T10:24:37Z,22,33,43,43.34,32.09,985.60 
09/10/2021T10:25:08Z,22,35,46,43.65,32.04,985.33 
09/10/2021T10:25:39Z,23,36,48,44.18,32.00,985.14 
09/10/2021T10:26:09Z,22,34,43,41.74,32.10,985.97 
09/10/2021T10:26:40Z,22,34,43,41.61,32.23,986.28 
09/10/2021T10:27:10Z,21,34,45,40.65,32.32,986.54 
09/10/2021T10:27:41Z,21,32,39,40.55,32.39,986.63 
09/10/2021T10:28:12Z,22,34,42,41.05,32.37,986.43 
09/10/2021T10:28:42Z,22,34,43,41.32,32.32,986.27 
09/10/2021T10:29:12Z,22,34,45,41.57,32.27,986.21 
09/10/2021T10:29:42Z,21,32,38,42.18,32.21,985.92 
09/10/2021T10:30:13Z,22,33,41,42.24,32.21,985.83 
09/10/2021T10:30:43Z,21,32,39,42.78,32.19,985.65 
09/10/2021T10:31:14Z,21,33,44,43.60,32.12,985.25 
09/10/2021T10:31:44Z,22,35,47,44.89,32.06,984.76 
09/10/2021T10:32:14Z,23,37,50,46.09,31.98,984.14 
09/10/2021T10:32:44Z,24,38,50,46.19,31.91,984.07 
09/10/2021T10:33:15Z,22,39,53,45.83,31.91,984.12 
09/10/2021T10:33:46Z,22,37,47,44.24,32.02,984.83 
09/10/2021T10:34:16Z,22,36,46,43.18,32.14,985.33 
09/10/2021T10:34:46Z,23,39,50,44.36,32.15,984.87 
09/10/2021T10:35:16Z,23,37,48,44.77,32.10,984.68 
09/10/2021T10:35:47Z,24,38,50,45.94,32.03,984.18 
09/10/2021T10:36:17Z,25,38,53,46.74,31.98,983.78 
09/10/2021T10:36:48Z,25,40,54,46.88,31.94,983.75 
09/10/2021T10:37:18Z,27,42,56,47.73,31.88,983.36 
09/10/2021T10:37:49Z,25,40,51,45.82,31.93,984.10 
09/10/2021T10:38:19Z,25,41,55,46.95,31.94,983.80 
09/10/2021T10:38:49Z,26,42,58,47.15,31.92,983.62 
09/10/2021T10:39:19Z,26,40,55,47.16,31.89,983.65 
09/10/2021T10:39:50Z,26,40,52,47.44,31.86,983.52 
09/10/2021T10:40:21Z,25,41,56,47.76,31.85,983.40 
09/10/2021T10:40:51Z,27,43,57,47.85,31.83,983.29 
09/10/2021T10:41:21Z,24,40,55,47.06,31.86,983.69 
09/10/2021T10:41:52Z,26,41,54,47.56,31.86,983.56 
09/10/2021T10:42:22Z,26,41,56,47.20,31.84,983.64 
09/10/2021T10:42:53Z,26,41,59,46.92,31.88,983.77 
09/10/2021T10:43:23Z,25,41,55,47.12,31.90,983.69 
09/10/2021T10:43:54Z,26,41,55,46.81,31.91,983.80 
09/10/2021T10:44:25Z,27,41,54,46.58,31.95,983.94 
09/10/2021T10:44:55Z,26,40,54,45.87,31.97,984.19 
09/10/2021T10:45:26Z,25,39,52,45.25,32.04,984.46 
09/10/2021T10:45:56Z,24,38,48,43.88,32.13,985.02 
09/10/2021T10:46:27Z,24,38,49,43.18,32.24,985.40 
09/10/2021T10:46:58Z,25,40,52,44.70,32.22,984.78 
09/10/2021T10:47:28Z,26,39,55,44.84,32.16,984.65 
09/10/2021T10:47:59Z,25,39,49,44.60,32.13,984.74 
09/10/2021T10:48:29Z,24,38,48,45.23,32.09,984.52 
09/10/2021T10:48:59Z,25,39,53,46.32,32.04,984.03 
09/10/2021T10:49:30Z,25,39,50,46.76,31.97,983.84 
09/10/2021T10:50:00Z,27,41,51,47.78,31.92,983.38 
09/10/2021T10:50:31Z,26,41,52,47.80,31.86,983.35 
09/10/2021T10:51:02Z,26,39,50,47.00,31.87,983.65 
09/10/2021T10:51:32Z,25,39,50,45.74,31.96,984.21 
09/10/2021T10:52:02Z,25,40,50,45.75,32.00,984.26 
09/10/2021T10:52:33Z,24,39,49,45.76,32.02,984.30 
09/10/2021T10:53:04Z,25,39,49,45.45,32.05,984.32 
09/10/2021T10:53:34Z,25,38,52,45.08,32.08,984.49 
09/10/2021T10:54:05Z,24,37,46,44.30,32.15,984.88 
09/10/2021T10:54:36Z,23,37,50,45.58,32.11,984.37 
09/10/2021T10:55:06Z,23,36,49,45.91,32.04,984.12 
09/10/2021T10:55:36Z,24,36,46,44.36,32.08,984.79 
09/10/2021T10:56:07Z,23,37,48,44.25,32.14,984.89 
09/10/2021T10:56:47Z,30,45,58,45.69,32.10,984.30 
09/10/2021T10:55:25Z,29,44,58,45.54,32.05,984.26 
09/10/2021T10:55:55Z,30,45,59,45.93,32.02,984.17 
09/10/2021T10:56:26Z,29,45,60,46.17,31.99,984.05 
09/10/2021T10:56:56Z,28,44,60,46.89,31.95,983.74 
09/10/2021T10:57:27Z,30,47,62,47.58,31.97,983.43 
09/10/2021T10:57:58Z,29,47,64,47.19,32.25,983.43 
09/10/2021T10:58:28Z,30,48,66,46.57,32.24,983.68 
09/10/2021T10:58:59Z,29,45,63,46.59,32.21,983.80 
09/10/2021T10:59:30Z,27,45,60,46.08,32.16,984.02 
09/10/2021T11:00:01Z,29,46,62,47.36,32.09,983.48 
09/10/2021T11:00:31Z,28,43,59,47.36,32.02,983.45 
09/10/2021T11:01:02Z,28,44,60,47.64,31.97,983.30 
09/10/2021T11:01:33Z,28,44,57,46.74,31.99,983.74 
09/10/2021T11:02:03Z,32,48,64,47.79,31.96,983.36 
09/10/2021T11:02:33Z,30,46,62,47.76,31.93,983.25 
09/10/2021T11:03:04Z,29,46,60,47.88,31.93,983.32 
09/10/2021T11:03:35Z,28,45,57,47.48,31.93,983.35 
09/10/2021T11:04:05Z,29,45,61,46.45,32.03,983.87 
09/10/2021T11:04:36Z,29,46,61,47.34,32.02,983.53 
09/10/2021T11:05:07Z,29,44,57,47.60,31.96,983.32 
09/10/2021T11:05:38Z,28,43,57,48.07,31.93,983.19 
09/10/2021T11:06:08Z,30,48,61,48.57,31.89,982.94 
09/10/2021T11:06:39Z,31,47,63,49.03,31.84,982.77 
09/10/2021T11:07:09Z,31,48,63,49.23,31.80,982.69 
09/10/2021T11:07:40Z,31,50,67,49.46,31.77,982.60 
09/10/2021T11:08:11Z,31,48,64,49.76,31.75,982.51 
09/10/2021T11:08:41Z,32,49,66,50.00,31.73,982.43 
09/10/2021T11:09:12Z,33,51,67,50.29,31.68,982.35 
09/10/2021T11:09:42Z,32,51,69,50.34,31.65,982.34 
09/10/2021T11:10:13Z,33,50,67,50.51,31.66,982.32 
09/10/2021T11:10:43Z,31,49,68,50.03,31.68,982.48 
09/10/2021T11:11:13Z,32,49,64,48.91,31.78,983.03 
09/10/2021T11:11:43Z,30,47,63,47.30,31.86,983.63 
09/10/2021T11:12:14Z,29,44,60,46.68,31.97,984.01 
09/10/2021T11:12:44Z,29,46,60,46.93,31.99,983.86 
09/10/2021T11:13:15Z,28,43,54,45.47,32.08,984.43 
09/10/2021T11:13:46Z,27,43,56,45.51,32.12,984.49 
09/10/2021T11:14:16Z,29,44,57,46.95,32.08,983.86 
09/10/2021T11:14:46Z,28,45,56,46.42,32.03,983.98 
09/10/2021T11:15:17Z,28,44,57,46.02,32.07,984.22 
09/10/2021T11:15:47Z,27,43,56,46.36,32.09,984.13 
09/10/2021T11:16:18Z,27,42,55,47.34,32.05,983.66 
09/10/2021T11:16:49Z,28,43,58,47.52,32.05,983.50 
09/10/2021T11:17:20Z,28,44,57,46.95,32.04,983.79 
09/10/2021T11:17:50Z,29,45,58,48.64,31.99,983.08 
09/10/2021T11:18:21Z,29,46,60,48.43,31.94,983.11 
09/10/2021T11:18:51Z,29,46,61,48.60,31.94,983.02 
09/10/2021T11:19:22Z,29,43,58,47.82,31.95,983.42 
09/10/2021T11:19:52Z,29,45,61,48.82,31.94,983.02 
09/10/2021T11:20:23Z,29,46,60,49.02,31.93,982.89 
09/10/2021T11:20:54Z,30,48,63,48.82,31.89,982.97 
09/10/2021T11:21:24Z,30,47,62,49.07,31.86,982.89 
09/10/2021T11:21:54Z,30,45,60,48.16,31.87,983.23 
09/10/2021T11:22:25Z,29,46,60,47.88,31.92,983.40 
09/10/2021T11:22:55Z,29,45,58,47.92,31.92,983.44 
09/10/2021T11:23:26Z,29,44,58,48.34,31.92,983.25 
09/10/2021T11:23:56Z,29,44,57,48.97,31.93,982.92 
09/10/2021T11:24:26Z,29,46,62,49.16,31.91,982.82 
09/10/2021T11:24:57Z,29,45,57,48.20,31.91,983.22 
09/10/2021T11:25:27Z,29,45,59,48.88,31.91,983.00 
09/10/2021T11:25:57Z,29,46,59,49.05,31.90,982.91 
09/10/2021T11:26:28Z,29,46,61,49.62,31.87,982.65 
09/10/2021T11:26:59Z,30,48,61,49.82,31.83,982.56 
09/10/2021T11:27:29Z,30,47,64,50.12,31.78,982.44 
09/10/2021T11:28:00Z,30,47,63,49.95,31.76,982.49 
09/10/2021T11:28:30Z,30,47,65,50.21,31.77,982.43 
09/10/2021T11:29:00Z,29,47,63,50.45,31.79,982.33 
09/10/2021T11:29:31Z,32,50,69,50.49,31.77,982.33 
09/10/2021T11:30:01Z,31,50,68,50.86,31.77,982.19 
09/10/2021T11:30:32Z,31,50,68,51.08,31.75,982.10 
09/10/2021T11:31:02Z,31,50,68,50.86,31.73,982.20 
09/10/2021T11:31:32Z,33,51,70,49.34,31.76,982.85 
09/10/2021T11:32:03Z,32,48,67,47.93,31.83,983.45 
09/10/2021T11:32:33Z,32,51,67,47.34,31.92,983.83 
09/10/2021T11:33:04Z,32,50,66,47.92,31.95,983.56 
09/10/2021T11:33:35Z,31,48,64,48.10,31.94,983.42 
09/10/2021T11:34:05Z,31,47,63,48.91,31.94,983.12 
09/10/2021T11:34:36Z,31,48,66,48.90,31.91,983.02 
09/10/2021T11:35:06Z,28,45,62,47.48,31.92,983.64 
09/10/2021T11:35:37Z,30,45,59,47.21,31.96,983.82 
09/10/2021T11:36:07Z,28,45,59,47.70,31.96,983.69 
09/10/2021T11:36:38Z,30,49,66,48.60,31.90,983.24 
09/10/2021T11:37:08Z,30,47,64,48.42,31.87,983.22 
09/10/2021T11:37:38Z,27,44,60,46.78,31.96,984.03 
09/10/2021T11:38:08Z,28,46,60,48.02,31.96,983.51 
09/10/2021T11:38:39Z,27,45,60,47.81,31.95,983.56 
09/10/2021T11:39:10Z,28,44,60,48.44,31.95,983.27 
09/10/2021T11:39:40Z,28,43,58,48.02,31.95,983.40 
09/10/2021T11:40:10Z,28,47,65,48.81,31.94,983.17 
09/10/2021T11:40:41Z,28,45,63,47.59,31.94,983.54 
09/10/2021T11:41:11Z,27,43,59,46.73,32.00,983.99 
09/10/2021T11:41:42Z,28,44,61,47.07,32.03,983.92 
09/10/2021T11:42:12Z,27,43,56,47.19,32.05,983.78 
09/10/2021T11:42:43Z,27,43,57,46.99,32.06,983.94 
09/10/2021T11:43:13Z,27,43,56,47.79,32.03,983.56 
09/10/2021T11:43:43Z,28,45,60,49.09,31.98,983.02 
09/10/2021T11:44:14Z,29,46,63,49.61,31.92,982.75 
09/10/2021T11:44:44Z,29,46,64,50.18,31.89,982.53 
09/10/2021T11:45:15Z,30,47,65,51.10,31.81,982.19 
09/10/2021T11:47:38Z,31,48,68,51.43,31.76,982.06 
09/10/2021T11:48:08Z,30,49,66,50.22,31.75,982.53 
09/10/2021T11:48:38Z,28,44,58,48.62,31.83,983.22 
09/10/2021T11:49:08Z,27,45,61,48.56,31.92,983.39 
09/10/2021T11:49:39Z,28,44,57,48.94,31.93,983.16 
09/10/2021T11:50:09Z,29,44,59,48.85,31.92,983.18 
09/10/2021T11:50:39Z,28,45,63,49.84,31.90,982.83 
09/10/2021T11:51:09Z,29,47,64,51.10,31.86,982.24 
09/10/2021T11:51:40Z,29,47,64,51.01,31.85,982.27 
09/10/2021T11:52:10Z,29,46,61,51.09,31.83,982.26 
09/10/2021T11:52:41Z,28,46,63,51.41,31.83,982.18 
09/10/2021T11:53:12Z,29,47,65,50.25,31.85,982.58 
09/10/2021T11:53:42Z,28,45,58,48.53,31.92,983.42 
09/10/2021T11:54:13Z,28,45,59,49.08,31.95,983.15 
09/10/2021T11:54:43Z,29,46,59,49.25,31.94,983.11 
09/10/2021T11:55:14Z,29,46,60,50.37,31.93,982.62 
09/10/2021T11:55:44Z,29,45,59,50.47,31.92,982.55 
09/10/2021T11:56:15Z,28,45,58,50.89,31.86,982.37 
09/10/2021T11:56:46Z,30,47,62,51.67,31.80,982.11 
09/10/2021T11:57:17Z,30,47,64,51.83,31.76,982.04 
09/10/2021T11:57:47Z,31,50,65,51.50,31.72,982.18 
09/10/2021T11:58:18Z,44,70,81,50.59,31.73,982.60 
09/10/2021T11:58:48Z,48,76,85,50.78,31.75,982.58 
09/10/2021T11:59:19Z,46,71,83,51.64,31.71,982.20 
09/10/2021T11:59:49Z,45,66,79,51.70,31.71,982.16 
09/10/2021T12:00:19Z,41,61,75,51.20,31.76,982.41 
09/10/2021T12:00:50Z,49,77,86,51.58,31.78,982.24 
09/10/2021T12:01:20Z,50,80,90,52.27,31.75,982.00 
09/10/2021T12:01:50Z,45,72,83,52.73,31.75,981.88 
09/10/2021T12:02:21Z,45,71,81,53.08,31.75,981.81 
09/10/2021T12:02:52Z,46,75,87,53.23,31.73,981.81 
09/10/2021T12:03:23Z,47,81,91,53.45,31.72,981.81 
09/10/2021T12:03:54Z,46,74,89,54.29,31.70,981.65 
09/10/2021T12:04:24Z,43,70,89,54.28,31.66,981.75 
09/10/2021T12:04:54Z,41,68,83,54.21,31.63,981.82 
09/10/2021T12:05:24Z,44,75,88,54.24,31.65,981.87 
09/10/2021T12:05:55Z,115,205,239,54.32,31.64,981.86 
09/10/2021T12:06:25Z,101,171,200,54.37,31.65,981.90 
09/10/2021T12:06:56Z,90,156,183,54.60,31.64,981.86 
09/10/2021T12:07:26Z,86,144,167,54.52,31.64,981.91 
09/10/2021T12:07:56Z,94,162,188,54.74,31.64,981.90 
09/10/2021T12:08:27Z,93,161,186,54.68,31.67,981.94 
09/10/2021T12:08:58Z,87,145,165,54.68,31.72,981.96 
09/10/2021T12:09:28Z,87,147,170,54.83,31.72,981.93 
09/10/2021T12:09:58Z,84,146,170,55.16,31.70,981.87 
09/10/2021T12:10:28Z,81,136,157,55.23,31.69,981.91 
09/10/2021T12:10:59Z,81,140,160,55.57,31.69,981.87 
09/10/2021T12:11:29Z,76,127,150,55.46,31.68,981.95 
09/10/2021T12:11:59Z,75,124,146,55.83,31.68,981.90 
09/10/2021T12:12:30Z,70,118,137,55.80,31.67,981.95 
09/10/2021T12:13:01Z,70,119,132,56.39,31.66,981.89 
09/10/2021T12:13:32Z,73,124,143,56.46,31.69,981.95 
09/10/2021T12:14:02Z,74,126,143,56.60,31.70,981.97 
09/10/2021T12:14:33Z,72,121,141,56.83,31.71,981.99 
09/10/2021T12:15:04Z,70,122,144,57.04,31.72,982.00 
09/10/2021T12:15:34Z,70,118,141,56.72,31.73,982.14 
09/10/2021T12:16:04Z,74,120,146,56.67,31.77,982.16 
09/10/2021T12:16:34Z,70,120,143,56.78,31.78,982.15 
09/10/2021T12:17:04Z,67,116,132,56.51,31.81,982.23 
09/10/2021T12:17:34Z,66,111,132,56.41,31.82,982.27 
09/10/2021T12:18:05Z,68,117,140,56.68,31.84,982.18 
09/10/2021T12:18:35Z,68,111,135,56.67,31.85,982.19 
09/10/2021T12:19:06Z,65,108,128,56.89,31.79,982.14 
09/10/2021T12:19:36Z,63,107,124,56.99,31.75,982.15 
09/10/2021T12:20:06Z,59,101,122,57.10,31.75,982.15 
09/10/2021T12:20:37Z,61,102,118,56.99,31.73,982.18 
09/10/2021T12:21:08Z,62,105,124,56.87,31.72,982.21 
09/10/2021T12:21:39Z,66,114,134,56.85,31.75,982.22 
09/10/2021T12:22:09Z,68,115,135,55.87,31.78,982.48 
09/10/2021T12:22:40Z,71,120,138,56.19,31.81,982.35 
09/10/2021T12:23:11Z,76,128,149,56.72,31.81,982.19 
09/10/2021T12:23:41Z,80,144,164,56.83,31.80,982.19 
09/10/2021T12:24:11Z,67,120,142,56.50,31.75,982.28 
09/10/2021T12:24:41Z,59,103,122,56.18,31.76,982.40 
09/10/2021T12:25:12Z,62,104,125,56.25,31.76,982.37 
09/10/2021T12:25:42Z,56,97,114,56.36,31.74,982.33 
09/10/2021T12:26:12Z,57,97,114,56.60,31.74,982.25 
09/10/2021T12:26:43Z,58,98,118,56.59,31.78,982.27 
09/10/2021T12:27:13Z,63,106,124,56.68,31.81,982.25 
09/10/2021T12:27:44Z,59,102,122,56.40,31.85,982.31 
09/10/2021T12:28:15Z,55,94,109,56.11,31.87,982.40 
09/10/2021T12:28:46Z,54,93,108,56.36,31.89,982.32 
09/10/2021T12:29:16Z,51,86,102,56.43,31.89,982.29 
09/10/2021T12:29:46Z,49,82,99,56.50,31.88,982.26 
09/10/2021T12:30:16Z,49,85,100,56.46,31.89,982.28 
09/10/2021T12:30:47Z,47,82,94,56.51,31.89,982.27 
09/10/2021T12:31:17Z,42,70,83,56.71,31.77,982.22 
09/10/2021T12:31:48Z,48,78,99,57.20,31.74,982.14 
09/10/2021T12:32:18Z,47,79,97,57.37,31.78,982.13 
09/10/2021T12:32:48Z,44,79,91,57.55,31.79,982.10 
09/10/2021T12:33:19Z,44,75,88,57.46,31.73,982.15 
09/10/2021T12:33:49Z,45,76,95,57.79,31.72,982.10 
09/10/2021T12:34:20Z,44,75,94,57.92,31.72,982.12 
09/10/2021T12:34:50Z,46,80,95,58.10,31.71,982.12 
09/10/2021T12:35:20Z,45,78,96,58.17,31.73,982.12 
09/10/2021T12:35:51Z,46,76,91,58.51,31.75,982.10 
09/10/2021T12:36:21Z,44,75,96,58.19,31.73,982.19 
09/10/2021T12:36:51Z,44,78,99,58.14,31.72,982.20 
09/10/2021T12:37:22Z,48,79,94,58.08,31.70,982.22 
09/10/2021T12:37:52Z,65,104,124,58.14,31.69,982.22 
09/10/2021T12:38:22Z,70,113,128,58.36,31.68,982.19 
09/10/2021T12:38:53Z,69,111,126,58.16,31.68,982.23 
09/10/2021T12:39:24Z,71,112,130,57.81,31.63,982.32 
09/10/2021T12:39:54Z,67,107,127,58.07,31.62,982.26 
09/10/2021T12:40:25Z,69,110,126,58.10,31.63,982.26 
09/10/2021T12:40:55Z,72,114,129,58.33,31.59,982.21 
09/10/2021T12:41:26Z,64,107,120,58.28,31.59,982.23 
09/10/2021T12:41:56Z,63,103,116,58.65,31.60,982.18 
09/10/2021T12:42:26Z,64,103,120,58.35,31.65,982.25 
09/10/2021T12:42:56Z,63,102,117,58.06,31.64,982.30 
09/10/2021T12:43:26Z,63,101,119,58.35,31.64,982.23 
09/10/2021T12:43:56Z,60,94,112,58.60,31.67,982.19 
09/10/2021T12:44:26Z,62,101,117,58.26,31.65,982.29 
09/10/2021T12:44:57Z,59,94,115,58.16,31.66,982.30 
09/10/2021T12:45:27Z,60,95,112,58.17,31.65,982.29 
09/10/2021T12:45:58Z,60,95,109,58.29,31.66,982.27 
09/10/2021T12:46:28Z,58,92,108,58.21,31.62,982.31 
09/10/2021T12:46:58Z,59,93,108,58.80,31.62,982.20 
09/10/2021T12:47:29Z,55,88,106,58.80,31.59,982.25 
09/10/2021T12:47:59Z,57,90,104,59.10,31.61,982.21 
09/10/2021T12:48:29Z,59,94,114,58.99,31.62,982.25 
09/10/2021T12:48:59Z,62,100,118,59.16,31.62,982.23 
09/10/2021T12:49:29Z,65,104,118,59.60,31.64,982.19 
09/10/2021T12:50:00Z,66,104,120,59.43,31.67,982.24 
09/10/2021T12:50:30Z,70,113,128,59.27,31.67,982.27 
09/10/2021T12:51:00Z,76,128,146,59.60,31.67,982.22 
09/10/2021T12:51:30Z,66,107,123,59.52,31.68,982.26 
09/10/2021T12:52:01Z,67,107,122,59.44,31.70,982.30 
09/10/2021T12:52:32Z,66,106,123,59.24,31.67,982.33 
09/10/2021T12:53:02Z,71,111,130,59.59,31.70,982.27 
09/10/2021T12:53:33Z,87,138,160,59.12,31.76,982.34 
09/10/2021T12:54:03Z,81,133,151,59.01,31.78,982.37 
09/10/2021T12:54:33Z,72,116,132,59.03,31.76,982.35 
09/10/2021T12:55:03Z,75,122,140,58.96,31.75,982.35 
09/10/2021T12:55:33Z,70,110,125,59.06,31.73,982.35 
09/10/2021T12:56:04Z,73,113,131,58.77,31.66,982.43 
09/10/2021T12:56:34Z,80,129,151,58.64,31.65,982.46 
09/10/2021T12:57:05Z,72,117,131,59.21,31.66,982.34 
09/10/2021T12:57:35Z,68,109,129,59.31,31.67,982.34 
09/10/2021T12:58:06Z,66,105,123,59.25,31.68,982.35 
09/10/2021T12:58:37Z,61,100,115,59.12,31.69,982.38 
09/10/2021T12:59:07Z,62,101,119,59.24,31.72,982.35 
09/10/2021T12:59:37Z,62,101,116,59.09,31.73,982.38 
09/10/2021T13:00:08Z,60,97,111,59.03,31.76,982.39 
09/10/2021T13:00:38Z,62,103,120,59.08,31.75,982.38 
09/10/2021T13:01:08Z,62,103,124,59.05,31.76,982.39 
09/10/2021T13:01:39Z,60,96,114,59.08,31.77,982.38 
09/10/2021T13:02:09Z,72,118,139,59.08,31.77,982.38 
09/10/2021T13:02:39Z,71,113,128,59.13,31.75,982.38 
09/10/2021T13:03:10Z,68,110,126,58.98,31.72,982.41 
09/10/2021T13:03:40Z,68,111,131,58.98,31.69,982.42 
09/10/2021T13:04:10Z,72,116,133,59.04,31.64,982.41 
09/10/2021T13:04:41Z,79,123,141,58.88,31.59,982.45 
09/10/2021T13:05:11Z,79,124,143,59.34,31.60,982.37 
09/10/2021T13:05:41Z,87,137,155,59.73,31.59,982.35 
09/10/2021T13:06:12Z,98,153,173,59.64,31.59,982.39 
09/10/2021T13:06:43Z,101,159,183,59.95,31.57,982.35 
09/10/2021T13:07:13Z,97,157,178,59.42,31.56,982.45 
09/10/2021T13:07:44Z,95,152,178,59.59,31.56,982.42 
09/10/2021T13:08:15Z,93,145,165,59.52,31.54,982.45 
09/10/2021T13:08:45Z,90,144,166,59.19,31.52,982.51 
09/10/2021T13:09:16Z,88,139,158,59.23,31.50,982.49 
09/10/2021T13:09:47Z,87,137,154,58.83,31.49,982.56 
09/10/2021T13:10:17Z,89,143,162,58.40,31.45,982.63 
09/10/2021T13:10:48Z,92,147,169,58.79,31.44,982.53 
09/10/2021T13:11:18Z,91,147,168,58.85,31.46,982.51 
09/10/2021T13:11:49Z,92,146,172,58.79,31.45,982.52 
09/10/2021T13:12:19Z,94,151,172,58.46,31.48,982.59 
09/10/2021T13:12:49Z,94,152,175,58.85,31.56,982.49 
09/10/2021T13:13:20Z,95,156,179,58.51,31.59,982.58 
09/10/2021T13:13:51Z,98,154,176,58.69,31.57,982.55 
09/10/2021T13:14:21Z,95,146,169,58.68,31.55,982.56 
09/10/2021T13:14:52Z,97,155,179,58.85,31.54,982.52 
09/10/2021T13:15:23Z,98,156,183,58.60,31.55,982.60 
09/10/2021T13:15:53Z,99,162,184,58.50,31.52,982.61 
09/10/2021T13:16:24Z,100,160,185,58.56,31.49,982.61 
09/10/2021T13:16:54Z,99,156,178,58.73,31.48,982.56 
09/10/2021T13:17:24Z,102,164,188,58.95,31.47,982.54 
09/10/2021T13:17:55Z,101,160,183,58.96,31.46,982.56 
09/10/2021T13:18:25Z,106,165,184,58.79,31.42,982.61 
09/10/2021T13:18:56Z,107,168,192,59.00,31.44,982.57 
09/10/2021T13:19:26Z,108,170,196,58.87,31.44,982.62 
09/10/2021T13:19:56Z,111,178,206,59.13,31.45,982.56 
09/10/2021T13:20:27Z,117,185,210,59.24,31.43,982.56 
09/10/2021T13:20:58Z,117,184,207,59.26,31.45,982.57 
09/10/2021T13:21:28Z,113,180,201,59.42,31.52,982.55 
09/10/2021T13:21:59Z,118,189,214,59.08,31.55,982.61 
09/10/2021T13:22:29Z,120,190,217,59.17,31.58,982.60 
09/10/2021T13:23:00Z,121,189,211,59.38,31.66,982.55 
09/10/2021T13:23:30Z,119,192,215,59.32,31.68,982.57 
09/10/2021T13:24:01Z,116,181,205,59.46,31.70,982.54 
09/10/2021T13:24:31Z,123,194,218,59.15,31.67,982.63 
09/10/2021T13:25:01Z,123,190,224,59.44,31.63,982.58 
09/10/2021T13:25:32Z,121,193,227,59.47,31.64,982.60 
09/10/2021T13:26:02Z,123,195,220,59.22,31.65,982.65 
09/10/2021T13:26:33Z,128,206,234,58.67,31.61,982.76 
09/10/2021T13:27:03Z,130,205,232,59.49,31.66,982.59 
09/10/2021T13:27:33Z,126,206,231,59.47,31.71,982.58 
09/10/2021T13:28:03Z,127,203,227,59.17,31.69,982.65 
09/10/2021T13:28:34Z,129,200,220,59.08,31.70,982.67 
09/10/2021T13:29:05Z,132,210,242,58.83,31.72,982.72 
09/10/2021T13:29:34Z,131,205,233,58.89,31.75,982.69 
09/10/2021T13:30:04Z,134,215,250,58.75,31.74,982.72 
09/10/2021T13:30:35Z,135,217,248,58.66,31.74,982.74 
09/10/2021T13:31:05Z,140,227,264,58.62,31.66,982.75 
09/10/2021T13:31:35Z,134,222,257,59.08,31.69,982.66 
09/10/2021T13:32:05Z,141,228,261,58.86,31.67,982.72 
09/10/2021T13:32:36Z,136,222,252,59.01,31.67,982.69 
09/10/2021T13:33:07Z,137,217,245,58.94,31.68,982.72 
09/10/2021T13:33:38Z,148,242,280,58.90,31.65,982.74 
09/10/2021T13:34:08Z,153,252,287,59.33,31.68,982.65 
09/10/2021T13:34:39Z,146,243,279,59.15,31.73,982.69 
09/10/2021T13:35:09Z,151,244,280,59.18,31.76,982.70 
09/10/2021T13:35:40Z,148,243,275,59.04,31.78,982.75 
09/10/2021T13:36:10Z,147,245,281,59.14,31.73,982.73 
09/10/2021T13:36:40Z,148,252,293,59.14,31.73,982.74 
09/10/2021T13:37:10Z,145,239,271,59.09,31.81,982.76 
09/10/2021T13:37:41Z,150,251,289,58.86,31.85,982.79 
09/10/2021T13:38:12Z,159,270,318,58.62,31.86,982.84 
09/10/2021T13:38:42Z,157,264,306,58.65,31.85,982.82 
09/10/2021T13:39:13Z,154,258,296,58.91,31.86,982.77 
09/10/2021T13:39:43Z,155,258,301,58.72,31.92,982.80 
09/10/2021T13:40:14Z,155,257,293,58.40,31.95,982.86 
09/10/2021T13:40:45Z,153,259,301,58.20,31.96,982.89 
09/10/2021T13:41:15Z,151,249,286,58.23,31.96,982.88 
09/10/2021T13:41:45Z,152,251,293,58.34,31.98,982.85 
09/10/2021T13:42:15Z,161,267,306,58.18,31.98,982.90 
09/10/2021T13:42:46Z,162,268,311,58.31,31.99,982.86 
09/10/2021T13:43:16Z,166,272,309,58.33,31.97,982.87 
09/10/2021T13:43:46Z,169,279,316,58.49,31.94,982.83 
09/10/2021T13:44:17Z,165,278,320,58.67,31.95,982.80 
09/10/2021T13:44:47Z,169,283,324,58.48,31.94,982.85 
09/10/2021T13:45:18Z,173,289,336,58.47,31.89,982.86 
09/10/2021T13:45:48Z,179,298,338,58.69,31.83,982.82 
09/10/2021T13:46:19Z,182,307,350,58.68,31.82,982.81 
09/10/2021T13:46:49Z,184,312,350,58.66,31.82,982.82 
09/10/2021T13:47:19Z,187,319,369,58.41,31.78,982.88 
09/10/2021T13:47:49Z,186,322,374,58.70,31.71,982.81 
09/10/2021T13:48:19Z,193,323,369,58.97,31.66,982.76 
09/10/2021T13:48:49Z,194,327,376,59.19,31.64,982.74 
09/10/2021T13:49:20Z,197,323,368,59.39,31.65,982.72 
09/10/2021T13:49:50Z,195,325,368,59.36,31.60,982.75 
09/10/2021T13:50:21Z,203,338,387,59.51,31.58,982.74 
09/10/2021T13:50:51Z,197,329,379,59.67,31.56,982.74 
09/10/2021T13:51:22Z,192,317,351,59.84,31.59,982.73 
09/10/2021T13:51:52Z,190,317,354,59.67,31.61,982.77 
09/10/2021T13:52:22Z,185,310,350,59.45,31.61,982.82 
09/10/2021T13:52:52Z,187,307,346,59.44,31.65,982.81 
09/10/2021T13:53:22Z,188,309,351,58.96,31.67,982.90 
09/10/2021T13:53:52Z,186,312,347,58.65,31.61,982.94 
09/10/2021T13:54:22Z,193,324,363,58.85,31.56,982.90 
09/10/2021T13:54:52Z,192,321,357,59.16,31.55,982.84 
09/10/2021T13:55:23Z,196,329,360,59.44,31.53,982.81 
09/10/2021T13:55:53Z,187,320,361,59.16,31.56,982.88 
09/10/2021T13:56:24Z,190,312,356,59.46,31.56,982.81 
09/10/2021T13:56:54Z,185,309,348,59.76,31.55,982.79 
09/10/2021T13:57:24Z,185,305,350,59.74,31.57,982.81 
09/10/2021T13:57:55Z,185,308,343,59.36,31.57,982.91 
09/10/2021T13:58:26Z,183,299,330,59.37,31.57,982.88 
09/10/2021T13:58:56Z,183,298,329,59.33,31.58,982.91 
09/10/2021T13:59:26Z,176,297,338,59.13,31.57,982.95 
09/10/2021T13:59:57Z,180,294,330,59.29,31.56,982.91 
09/10/2021T14:00:27Z,182,296,331,59.15,31.59,982.94 
09/10/2021T14:00:57Z,177,284,312,58.96,31.59,982.98 
09/10/2021T14:01:28Z,171,276,312,58.90,31.59,982.99 
09/10/2021T14:01:59Z,163,271,303,58.88,31.60,982.99 
09/10/2021T14:02:29Z,160,263,291,58.69,31.61,983.03 
09/10/2021T14:03:00Z,164,267,294,58.88,31.63,982.97 
09/10/2021T14:03:30Z,165,270,303,59.18,31.66,982.92 
09/10/2021T14:04:00Z,172,272,305,58.99,31.63,982.99 
09/10/2021T14:04:30Z,170,275,309,58.80,31.64,983.03 
09/10/2021T14:05:01Z,170,278,314,58.67,31.67,983.06 
09/10/2021T14:05:31Z,172,282,318,58.84,31.66,983.03 
09/10/2021T14:06:01Z,174,281,320,58.90,31.65,983.03 
09/10/2021T14:06:32Z,166,269,305,58.74,31.66,983.06 
09/10/2021T14:07:02Z,166,268,297,59.32,31.65,982.95 
09/10/2021T14:07:32Z,164,266,298,59.49,31.69,982.94 
09/10/2021T14:08:03Z,168,266,294,59.35,31.70,982.99 
09/10/2021T14:08:34Z,178,292,333,59.26,31.68,983.03 
09/10/2021T14:09:04Z,180,291,331,59.27,31.68,983.02 
09/10/2021T14:09:34Z,173,281,324,59.07,31.63,983.09 
09/10/2021T14:10:05Z,174,285,328,59.56,31.63,982.99 
09/10/2021T14:10:35Z,174,288,329,59.39,31.63,983.05 
09/10/2021T14:11:06Z,174,284,317,59.30,31.64,983.07 
09/10/2021T14:11:36Z,172,281,313,59.19,31.62,983.09 
09/10/2021T14:12:07Z,162,259,289,58.88,31.58,983.17 
09/10/2021T14:12:37Z,162,262,294,59.46,31.58,983.06 
09/10/2021T14:13:08Z,159,254,286,59.10,31.60,983.12 
09/10/2021T14:13:38Z,155,245,273,58.98,31.61,983.15 
09/10/2021T14:14:09Z,150,238,266,58.72,31.58,983.20 
09/10/2021T14:14:39Z,147,229,259,58.73,31.55,983.20 
09/10/2021T14:15:10Z,150,230,254,59.09,31.59,983.12 
09/10/2021T14:15:40Z,147,230,252,59.13,31.60,983.13 
09/10/2021T14:16:11Z,146,228,256,59.09,31.56,983.16 
09/10/2021T14:16:41Z,140,215,243,58.70,31.48,983.25 
09/10/2021T14:17:11Z,135,212,237,59.28,31.43,983.14 
09/10/2021T14:17:42Z,133,208,238,59.25,31.44,983.17 
09/10/2021T14:18:12Z,126,198,225,58.73,31.38,983.27 
09/10/2021T14:18:42Z,125,196,228,59.23,31.39,983.18 
09/10/2021T14:19:13Z,124,196,224,58.80,31.45,983.28 
09/10/2021T14:19:42Z,121,189,214,58.44,31.45,983.34 
09/10/2021T14:20:13Z,117,182,202,58.42,31.49,983.33 
09/10/2021T14:20:44Z,115,174,196,58.34,31.51,983.33 
09/10/2021T14:21:14Z,115,179,199,58.06,31.56,983.39 
09/10/2021T14:21:45Z,110,166,186,57.82,31.58,983.42 
09/10/2021T14:22:15Z,109,165,184,57.79,31.60,983.40 
09/10/2021T14:22:46Z,107,163,189,57.80,31.62,983.39 
09/10/2021T14:23:16Z,109,169,197,57.75,31.63,983.39 
09/10/2021T14:23:47Z,106,167,188,57.73,31.53,983.40 
09/10/2021T14:24:17Z,103,158,188,57.89,31.44,983.35 
09/10/2021T14:24:48Z,102,155,175,58.50,31.37,983.21 
09/10/2021T14:25:19Z,100,155,175,58.68,31.38,983.19 
09/10/2021T14:25:49Z,101,156,176,58.69,31.41,983.20 
09/10/2021T14:26:20Z,100,150,172,58.39,31.38,983.28 
09/10/2021T14:26:50Z,94,147,163,58.07,31.30,983.36 
09/10/2021T14:27:21Z,92,142,160,58.06,31.27,983.35 
09/10/2021T14:27:51Z,92,145,168,58.06,31.21,983.37 
09/10/2021T14:28:22Z,92,142,160,58.32,31.20,983.29 
09/10/2021T14:28:53Z,91,147,167,58.48,31.21,983.26 
09/10/2021T14:29:23Z,94,143,158,58.44,31.27,983.27 
09/10/2021T14:29:53Z,131,216,245,58.06,31.27,983.36 
09/10/2021T14:30:24Z,111,172,196,58.57,31.35,983.24 
09/10/2021T14:30:54Z,103,163,183,58.27,31.38,983.31 
09/10/2021T14:31:25Z,101,165,191,58.52,31.41,983.27 
09/10/2021T14:31:55Z,100,159,181,58.44,31.41,983.28 
09/10/2021T14:32:26Z,102,157,178,58.85,31.35,983.20 
09/10/2021T14:32:56Z,102,158,174,59.09,31.33,983.17 
09/10/2021T14:33:27Z,103,158,184,59.19,31.39,983.19 
09/10/2021T14:33:58Z,102,157,179,59.01,31.50,983.22 
09/10/2021T14:34:28Z,103,164,186,58.56,31.49,983.32 
09/10/2021T14:34:59Z,100,161,186,59.23,31.43,983.21 
09/10/2021T14:35:29Z,103,167,191,59.31,31.43,983.23 
09/10/2021T14:36:00Z,106,169,193,59.23,31.47,983.26 
09/10/2021T14:36:30Z,102,164,191,58.98,31.53,983.30 
09/10/2021T14:37:00Z,100,158,185,58.94,31.53,983.32 
09/10/2021T14:37:30Z,99,160,183,58.90,31.50,983.33 
09/10/2021T14:38:00Z,99,156,179,58.87,31.45,983.33 
09/10/2021T14:38:31Z,100,158,185,59.20,31.41,983.27 
09/10/2021T14:39:01Z,113,177,202,59.13,31.43,983.29 
09/10/2021T14:39:31Z,113,175,197,59.24,31.46,983.27 
09/10/2021T14:40:01Z,115,176,202,59.07,31.46,983.32 
09/10/2021T14:40:32Z,115,173,202,59.22,31.42,983.29 
09/10/2021T14:41:02Z,113,175,206,59.13,31.40,983.31 
09/10/2021T14:41:32Z,113,177,199,59.07,31.39,983.32 
09/10/2021T14:42:03Z,110,178,199,59.02,31.39,983.34 
09/10/2021T14:42:34Z,110,174,199,58.78,31.45,983.39 
09/10/2021T14:43:04Z,111,172,194,58.80,31.44,983.38 
09/10/2021T14:43:35Z,108,171,194,58.63,31.44,983.42 
09/10/2021T14:44:05Z,112,180,208,58.59,31.46,983.42 
09/10/2021T14:44:35Z,111,180,205,58.67,31.45,983.40 
09/10/2021T14:45:06Z,117,185,207,58.67,31.48,983.41 
09/10/2021T14:45:36Z,118,192,224,58.78,31.49,983.38 
09/10/2021T14:46:07Z,120,195,223,59.03,31.44,983.34 
09/10/2021T14:46:37Z,122,194,227,59.01,31.43,983.36 
09/10/2021T14:47:07Z,123,199,234,59.26,31.39,983.33 
09/10/2021T14:47:38Z,122,199,228,59.54,31.42,983.29 
09/10/2021T14:48:08Z,123,195,223,59.40,31.45,983.34 
09/10/2021T14:48:38Z,120,195,226,59.19,31.47,983.39 
09/10/2021T14:49:08Z,121,197,227,59.26,31.50,983.37 
09/10/2021T14:49:39Z,124,200,227,59.25,31.51,983.37 
09/10/2021T14:50:09Z,130,206,229,59.19,31.47,983.40 
09/10/2021T14:50:40Z,132,213,242,59.56,31.44,983.34 
09/10/2021T14:51:10Z,131,208,240,59.65,31.43,983.36 
09/10/2021T14:51:41Z,136,218,242,59.67,31.40,983.35 
09/10/2021T14:52:12Z,136,213,239,59.65,31.36,983.36 
09/10/2021T14:52:42Z,134,214,244,59.97,31.36,983.33 
09/10/2021T14:53:12Z,134,214,240,60.03,31.35,983.34 
09/10/2021T14:53:43Z,128,202,223,59.66,31.37,983.41 
09/10/2021T14:54:13Z,127,199,228,59.60,31.33,983.41 
09/10/2021T14:54:43Z,124,194,223,59.74,31.29,983.42 
09/10/2021T14:55:14Z,128,200,222,60.12,31.31,983.37 
09/10/2021T14:55:44Z,124,197,218,59.82,31.30,983.45 
09/10/2021T14:56:14Z,123,195,227,59.48,31.27,983.51 
09/10/2021T14:56:45Z,116,182,207,59.29,31.30,983.53 
09/10/2021T14:57:15Z,121,191,213,59.20,31.29,983.54 
09/10/2021T14:57:45Z,123,194,225,59.22,31.25,983.54 
09/10/2021T14:58:16Z,120,193,214,59.19,31.27,983.53 
09/10/2021T14:58:46Z,120,194,215,59.26,31.27,983.51 
09/10/2021T14:59:16Z,119,184,210,59.13,31.28,983.54 
09/10/2021T14:59:46Z,119,186,214,59.18,31.33,983.52 
09/10/2021T15:00:17Z,123,190,213,59.44,31.34,983.46 
09/10/2021T15:00:47Z,121,193,215,59.40,31.29,983.51 
09/10/2021T15:01:18Z,121,195,224,59.86,31.27,983.44 
09/10/2021T15:01:48Z,123,196,222,59.49,31.29,983.52 
09/10/2021T15:02:18Z,124,192,218,59.64,31.30,983.48 
09/10/2021T15:02:49Z,121,190,215,59.78,31.35,983.45 
09/10/2021T15:03:20Z,125,197,224,59.90,31.38,983.45 
09/10/2021T15:03:51Z,123,194,225,59.86,31.44,983.44 
09/10/2021T15:04:22Z,130,206,234,59.68,31.47,983.45 
09/10/2021T15:04:52Z,156,236,264,59.86,31.53,983.42 
09/10/2021T15:05:22Z,145,224,246,60.16,31.64,983.36 
09/10/2021T15:05:53Z,139,217,247,60.07,31.70,983.38 
09/10/2021T15:06:24Z,136,209,231,59.86,31.71,983.42 
09/10/2021T15:06:54Z,134,207,234,59.40,31.72,983.49 
09/10/2021T15:07:25Z,128,197,220,58.47,31.65,983.64 
09/10/2021T15:07:55Z,122,191,220,58.15,31.59,983.68 
09/10/2021T15:08:26Z,120,189,214,57.95,31.52,983.70 
09/10/2021T15:08:56Z,120,193,227,58.12,31.45,983.66 
09/10/2021T15:09:26Z,116,186,213,58.10,31.42,983.67 
09/10/2021T15:09:57Z,120,190,226,58.08,31.37,983.65 
09/10/2021T15:10:27Z,134,206,238,58.51,31.36,983.54 
09/10/2021T15:10:58Z,131,204,231,58.43,31.36,983.56 
09/10/2021T15:11:29Z,119,185,212,57.59,31.36,983.77 
09/10/2021T15:11:59Z,118,184,206,57.79,31.27,983.68 
09/10/2021T15:12:30Z,120,187,204,57.93,31.21,983.65 
09/10/2021T15:13:00Z,114,173,194,58.02,31.19,983.65 
09/10/2021T15:13:30Z,115,171,195,58.35,31.25,983.55 
09/10/2021T15:14:01Z,115,177,195,58.48,31.28,983.52 
09/10/2021T15:14:31Z,114,176,193,58.55,31.32,983.52 
09/10/2021T15:15:02Z,117,182,206,58.47,31.35,983.54 
09/10/2021T15:15:32Z,118,184,210,58.59,31.41,983.51 
09/10/2021T15:16:03Z,120,184,206,58.78,31.46,983.46 
09/10/2021T15:16:33Z,122,192,212,58.98,31.49,983.44 
09/10/2021T15:17:04Z,126,195,223,58.91,31.46,983.48 
09/10/2021T15:17:34Z,128,197,223,59.17,31.42,983.44 
09/10/2021T15:18:04Z,136,208,239,59.30,31.36,983.45 
09/10/2021T15:18:35Z,141,215,244,59.49,31.32,983.43 
09/10/2021T15:19:05Z,138,218,247,59.66,31.30,983.43 
09/10/2021T15:19:36Z,140,222,247,59.84,31.28,983.43 
09/10/2021T15:20:06Z,140,225,257,59.97,31.27,983.43 
09/10/2021T15:20:37Z,138,214,244,59.79,31.24,983.50 
09/10/2021T15:21:07Z,132,206,232,59.89,31.23,983.49 
09/10/2021T15:21:37Z,136,212,242,60.26,31.28,983.43 
09/10/2021T15:22:08Z,137,216,248,60.13,31.34,983.47 
09/10/2021T15:22:39Z,134,209,240,59.93,31.33,983.51 
09/10/2021T15:23:09Z,134,208,236,59.92,31.30,983.52 
09/10/2021T15:23:40Z,137,214,246,59.98,31.27,983.52 
09/10/2021T15:24:10Z,136,210,235,59.77,31.27,983.57 
09/10/2021T15:24:41Z,146,230,257,59.71,31.27,983.56 
09/10/2021T15:25:11Z,133,206,239,59.87,31.29,983.53 
09/10/2021T15:25:42Z,131,207,234,59.80,31.30,983.54 
09/10/2021T15:26:12Z,133,206,235,60.04,31.34,983.50 
09/10/2021T15:26:43Z,132,203,233,60.30,31.41,983.46 
09/10/2021T15:27:13Z,134,206,231,60.31,31.41,983.49 
09/10/2021T15:27:43Z,128,198,226,60.01,31.38,983.55 
09/10/2021T15:28:14Z,125,192,219,59.88,31.41,983.57 
09/10/2021T15:28:44Z,123,191,213,59.79,31.36,983.59 
09/10/2021T15:29:14Z,121,190,216,60.25,31.35,983.52 
09/10/2021T15:29:44Z,120,186,214,59.88,31.36,983.61 
09/10/2021T15:30:14Z,117,186,211,60.44,31.39,983.53 
09/10/2021T15:30:45Z,114,175,198,60.06,31.43,983.60 
09/10/2021T15:31:15Z,111,171,188,59.27,31.42,983.69 
09/10/2021T15:31:46Z,112,171,195,59.18,31.39,983.69 
09/10/2021T15:32:17Z,107,164,184,58.96,31.42,983.72 
09/10/2021T15:32:47Z,104,161,186,58.69,31.39,983.74 
09/10/2021T15:33:17Z,105,167,190,59.31,31.39,983.63 
09/10/2021T15:33:48Z,111,176,196,59.62,31.39,983.59 
09/10/2021T15:34:19Z,111,172,192,59.42,31.39,983.64 
09/10/2021T15:34:49Z,112,172,193,59.52,31.45,983.62 
09/10/2021T15:35:20Z,112,172,194,59.81,31.50,983.58 
09/10/2021T15:35:50Z,112,172,192,59.57,31.52,983.63 
09/10/2021T15:36:21Z,116,178,203,59.48,31.52,983.64 
09/10/2021T15:36:51Z,114,178,194,59.23,31.52,983.68 
09/10/2021T15:37:21Z,117,177,203,59.15,31.47,983.68 
09/10/2021T15:37:52Z,116,181,204,59.47,31.45,983.63 
09/10/2021T15:38:23Z,120,184,207,59.96,31.44,983.58 
09/10/2021T15:38:53Z,123,190,221,60.18,31.48,983.57 
09/10/2021T15:39:24Z,129,200,229,59.97,31.49,983.61 
09/10/2021T15:39:54Z,133,208,235,60.17,31.45,983.59 
09/10/2021T15:40:24Z,130,200,225,59.96,31.46,983.62 
09/10/2021T15:40:54Z,132,207,240,59.55,31.45,983.70 
09/10/2021T15:41:24Z,124,196,220,59.49,31.43,983.69 
09/10/2021T15:41:55Z,115,181,202,58.67,31.39,983.82 
09/10/2021T15:42:25Z,115,180,198,58.84,31.41,983.76 
09/10/2021T15:42:55Z,118,181,203,58.44,31.41,983.84 
09/10/2021T15:43:26Z,115,177,203,58.53,31.43,983.80 
09/10/2021T15:43:56Z,106,167,191,58.16,31.43,983.88 
09/10/2021T15:44:27Z,108,170,193,58.27,31.42,983.82 
09/10/2021T15:44:57Z,101,155,172,58.01,31.41,983.88 
09/10/2021T15:45:28Z,100,151,171,58.25,31.37,983.81 
09/10/2021T15:45:58Z,98,151,167,58.48,31.37,983.77 
09/10/2021T15:46:28Z,95,147,163,58.27,31.39,983.82 
09/10/2021T15:46:58Z,96,146,162,58.40,31.43,983.78 
09/10/2021T15:47:29Z,93,142,159,58.44,31.41,983.78 
09/10/2021T15:47:59Z,91,138,160,58.48,31.42,983.77 
09/10/2021T15:48:29Z,90,142,158,58.21,31.43,983.84 
09/10/2021T15:49:00Z,88,135,146,58.16,31.40,983.84 
09/10/2021T15:49:31Z,85,132,145,58.07,31.36,983.85 
09/10/2021T15:50:01Z,86,131,147,58.09,31.35,983.84 
09/10/2021T15:50:31Z,88,131,143,58.60,31.39,983.71 
09/10/2021T15:51:02Z,84,130,144,57.50,31.42,983.98 
09/10/2021T15:51:32Z,85,128,148,57.74,31.41,983.89 
09/10/2021T15:52:03Z,85,129,143,58.10,31.39,983.77 
09/10/2021T15:52:34Z,83,130,143,57.97,31.39,983.82 
09/10/2021T15:53:05Z,84,130,146,57.53,31.39,983.94 
09/10/2021T15:53:35Z,87,134,147,57.53,31.38,983.92 
09/10/2021T15:54:06Z,88,138,151,58.04,31.35,983.78 
09/10/2021T15:54:37Z,89,140,156,58.20,31.33,983.76 
09/10/2021T15:55:07Z,92,146,163,58.09,31.35,983.80 
09/10/2021T15:55:37Z,100,153,170,58.10,31.34,983.79 
09/10/2021T15:56:07Z,95,147,166,57.90,31.35,983.86 
09/10/2021T15:56:38Z,95,149,167,58.00,31.34,983.83 
09/10/2021T15:57:09Z,99,151,174,57.90,31.36,983.85 
09/10/2021T15:57:40Z,96,147,165,57.82,31.32,983.90 
09/10/2021T15:58:10Z,110,175,200,57.48,31.27,983.99 
09/10/2021T15:58:41Z,100,160,180,58.17,31.29,983.79 
09/10/2021T15:59:11Z,96,150,170,58.05,31.35,983.81 
09/10/2021T15:59:42Z,97,150,164,57.60,31.30,983.95 
09/10/2021T16:00:13Z,93,145,165,58.34,31.32,983.74 
09/10/2021T16:00:43Z,91,142,164,58.14,31.34,983.80 
09/10/2021T16:01:14Z,91,143,162,57.85,31.35,983.88 
09/10/2021T16:01:44Z,89,139,159,58.10,31.34,983.81 
09/10/2021T16:02:14Z,87,135,154,57.95,31.36,983.86 
09/10/2021T16:02:45Z,86,132,150,57.73,31.37,983.91 
09/10/2021T16:03:16Z,101,163,183,57.90,31.42,983.85 
09/10/2021T16:03:46Z,117,182,200,57.17,31.42,984.06 
09/10/2021T16:04:17Z,108,165,186,57.82,31.39,983.84 
09/10/2021T16:04:47Z,102,157,183,57.58,31.43,983.91 
09/10/2021T16:05:18Z,91,144,161,57.20,31.39,984.03 
09/10/2021T16:05:48Z,87,133,152,57.07,31.36,984.06 
09/10/2021T16:06:19Z,87,132,152,57.32,31.33,983.98 
09/10/2021T16:06:49Z,88,132,148,57.29,31.35,983.99 
09/10/2021T16:07:19Z,85,132,149,57.19,31.35,983.99 
09/10/2021T16:07:49Z,83,131,149,57.14,31.36,984.00 
09/10/2021T16:08:19Z,86,133,151,57.25,31.35,983.94 
09/10/2021T16:08:50Z,89,136,154,57.27,31.34,983.92 
09/10/2021T16:09:20Z,87,135,155,57.59,31.33,983.82 
09/10/2021T16:09:51Z,89,140,154,57.37,31.30,983.90 
09/10/2021T16:10:22Z,93,144,167,57.54,31.28,983.87 
09/10/2021T16:10:52Z,93,143,162,57.86,31.28,983.75 
09/10/2021T16:11:23Z,90,145,164,57.41,31.29,983.90 
09/10/2021T16:11:54Z,90,140,157,57.46,31.27,983.88 
09/10/2021T16:12:25Z,93,142,158,57.57,31.17,983.88 
09/10/2021T16:12:55Z,89,136,155,57.79,31.18,983.83 
09/10/2021T16:13:26Z,87,136,150,57.58,31.19,983.89 
09/10/2021T16:13:56Z,86,133,153,57.73,31.18,983.85 
09/10/2021T16:14:27Z,86,134,147,57.90,31.18,983.80 
09/10/2021T16:14:58Z,86,132,148,57.65,31.23,983.87 
09/10/2021T16:15:28Z,84,131,142,57.62,31.24,983.87 
09/10/2021T16:15:58Z,84,127,142,57.75,31.21,983.86 
09/10/2021T16:16:29Z,87,132,145,57.79,31.17,983.86 
09/10/2021T16:17:00Z,85,131,148,57.89,31.19,983.83 
09/10/2021T16:17:30Z,83,127,142,57.91,31.23,983.83 
09/10/2021T16:18:01Z,83,127,141,57.62,31.24,983.91 
09/10/2021T16:18:31Z,84,130,144,57.80,31.20,983.84 
09/10/2021T16:19:02Z,82,126,146,57.77,31.21,983.86 
09/10/2021T16:19:33Z,81,122,142,57.63,31.21,983.90 
09/10/2021T16:20:03Z,79,121,134,57.75,31.14,983.85 
09/10/2021T16:20:34Z,77,117,130,57.49,31.06,983.93 
09/10/2021T16:21:04Z,78,117,133,57.52,30.99,983.92 
09/10/2021T16:21:35Z,77,118,136,57.24,30.88,984.02 
09/10/2021T16:22:05Z,85,130,147,58.34,30.84,983.73 
09/10/2021T16:22:36Z,82,128,146,57.99,30.85,983.83 
09/10/2021T16:23:07Z,79,124,139,58.09,30.83,983.82 
09/10/2021T16:23:37Z,78,124,143,57.88,30.85,983.87 
09/10/2021T16:24:07Z,81,122,136,58.50,30.81,983.73 
09/10/2021T16:24:37Z,81,124,148,58.44,30.87,983.75 
09/10/2021T16:25:08Z,80,121,135,57.93,31.07,983.85 
09/10/2021T16:25:39Z,79,121,139,57.48,31.21,983.92 
09/10/2021T16:26:09Z,80,123,140,57.09,31.33,983.99 
09/10/2021T16:26:39Z,80,127,143,56.82,31.41,984.02 
09/10/2021T16:27:09Z,79,121,136,56.64,31.47,984.04 
09/10/2021T16:27:40Z,76,118,130,56.49,31.52,984.05 
09/10/2021T16:28:11Z,78,121,136,56.34,31.58,984.06 
09/10/2021T16:28:42Z,78,122,139,56.22,31.62,984.08 
09/10/2021T16:29:12Z,79,122,137,56.11,31.65,984.09 
09/10/2021T16:29:43Z,77,122,138,56.04,31.68,984.09 
09/10/2021T16:30:13Z,77,119,138,55.99,31.71,984.10 
09/10/2021T16:30:43Z,77,122,140,55.93,31.72,984.09 
09/10/2021T16:31:14Z,79,123,138,55.91,31.74,984.09 
09/10/2021T16:31:45Z,76,117,131,55.87,31.75,984.07 
09/10/2021T16:32:15Z,77,119,136,55.87,31.76,984.08 
09/10/2021T16:32:45Z,79,121,133,55.83,31.78,984.08 
09/10/2021T16:33:16Z,78,120,139,55.81,31.79,984.08 
09/10/2021T16:33:47Z,77,120,136,55.81,31.80,984.07 
09/10/2021T16:34:18Z,78,119,134,55.82,31.80,984.06 
09/10/2021T16:34:48Z,75,119,137,55.82,31.80,984.06 
09/10/2021T16:35:19Z,75,117,129,55.80,31.81,984.06 
09/10/2021T16:35:49Z,78,119,133,55.80,31.82,984.06 
09/10/2021T16:36:19Z,74,113,127,55.81,31.82,984.05 
09/10/2021T16:36:49Z,76,115,125,55.82,31.82,984.05 
09/10/2021T16:37:19Z,78,119,131,55.83,31.83,984.03 
09/10/2021T16:37:50Z,79,119,136,55.85,31.83,984.03 
09/10/2021T16:38:21Z,77,119,131,55.86,31.83,984.04 
09/10/2021T16:38:52Z,76,115,126,55.86,31.83,984.03 
09/10/2021T16:39:22Z,76,118,134,55.90,31.83,984.01 
09/10/2021T16:39:52Z,79,115,127,55.94,31.83,983.99 
09/10/2021T16:40:22Z,76,115,131,55.93,31.82,983.99 
09/10/2021T16:40:53Z,75,114,129,55.97,31.82,983.99 
09/10/2021T16:41:24Z,76,115,127,55.99,31.82,983.97 
09/10/2021T16:41:54Z,75,114,126,55.98,31.83,983.98 
09/10/2021T16:42:25Z,74,113,126,56.00,31.83,983.99 
09/10/2021T16:42:55Z,77,114,128,55.99,31.83,983.99 
09/10/2021T16:43:26Z,74,111,127,55.99,31.83,984.00 
09/10/2021T16:43:56Z,76,118,130,56.00,31.83,984.00 
09/10/2021T16:44:26Z,75,114,126,56.02,31.82,983.98 
09/10/2021T16:44:56Z,73,112,121,56.06,31.82,983.97 
09/10/2021T16:45:27Z,75,115,125,56.11,31.81,983.94 
09/10/2021T16:45:57Z,75,115,129,56.12,31.81,983.94 
09/10/2021T16:46:28Z,75,112,124,56.13,31.81,983.94 
09/10/2021T16:46:58Z,74,112,121,56.16,31.80,983.93 
09/10/2021T16:47:29Z,74,115,128,56.21,31.79,983.90 
09/10/2021T16:48:00Z,75,114,126,56.25,31.79,983.89 
09/10/2021T16:48:31Z,73,110,122,56.25,31.79,983.89 
09/10/2021T16:49:01Z,75,109,116,56.26,31.79,983.89 
09/10/2021T16:49:31Z,77,116,129,56.31,31.78,983.87 
09/10/2021T16:50:02Z,76,114,129,56.33,31.79,983.87 
09/10/2021T16:50:32Z,75,111,123,56.33,31.79,983.85 
09/10/2021T16:51:02Z,73,112,122,56.37,31.78,983.85 
09/10/2021T16:51:33Z,76,114,123,56.35,31.80,983.84 
09/10/2021T16:52:03Z,76,116,125,56.36,31.79,983.84 
09/10/2021T16:52:34Z,75,113,128,56.37,31.79,983.82 
09/10/2021T16:53:04Z,76,114,123,56.39,31.79,983.81 
09/10/2021T16:53:34Z,75,111,124,56.43,31.78,983.79 
09/10/2021T16:54:05Z,76,118,132,56.44,31.77,983.80 
09/10/2021T16:54:35Z,75,114,127,56.42,31.78,983.81 
09/10/2021T16:55:06Z,75,110,118,56.42,31.78,983.81 
09/10/2021T16:55:36Z,75,114,123,56.48,31.76,983.79 
09/10/2021T16:56:07Z,73,112,123,56.46,31.77,983.80 
09/10/2021T16:56:37Z,73,110,121,56.50,31.76,983.77 
09/10/2021T16:57:08Z,73,113,128,56.57,31.75,983.76 
09/10/2021T16:57:38Z,75,111,123,56.55,31.75,983.76 
09/10/2021T16:58:09Z,74,110,124,56.58,31.74,983.75 
09/10/2021T16:58:40Z,74,112,124,56.61,31.74,983.72 
09/10/2021T16:59:10Z,76,113,121,56.63,31.73,983.70 
09/10/2021T16:59:41Z,74,108,118,56.63,31.74,983.71 
09/10/2021T17:00:11Z,75,114,124,56.63,31.73,983.69 
09/10/2021T17:00:41Z,74,113,125,56.70,31.71,983.67 
09/10/2021T17:01:11Z,75,112,127,56.73,31.71,983.66 
09/10/2021T17:01:42Z,76,113,124,56.73,31.71,983.65 
09/10/2021T17:02:12Z,74,112,123,56.73,31.71,983.66 
09/10/2021T17:02:43Z,76,116,127,56.77,31.71,983.65 
09/10/2021T17:03:14Z,75,115,124,56.77,31.72,983.65 
09/10/2021T17:03:44Z,76,115,125,56.78,31.72,983.64 
09/10/2021T17:04:15Z,77,117,126,56.81,31.71,983.62 
09/10/2021T17:04:46Z,78,116,126,56.82,31.71,983.62 
09/10/2021T17:05:16Z,78,117,129,56.85,31.70,983.60 
09/10/2021T17:05:47Z,76,111,121,56.89,31.70,983.60 
09/10/2021T17:06:17Z,76,110,120,56.94,31.68,983.59 
09/10/2021T17:06:48Z,77,115,125,56.96,31.68,983.58 
09/10/2021T17:07:18Z,79,118,132,56.95,31.68,983.60 
09/10/2021T17:07:49Z,76,114,130,56.98,31.68,983.59 
09/10/2021T17:08:19Z,75,114,130,57.00,31.67,983.58 
09/10/2021T17:08:49Z,76,115,123,57.03,31.67,983.58 
09/10/2021T17:09:20Z,77,113,121,57.06,31.66,983.57 
09/10/2021T17:09:51Z,75,113,126,57.08,31.66,983.57 
09/10/2021T17:10:21Z,74,112,123,57.06,31.66,983.59 
09/10/2021T17:10:52Z,76,112,123,57.07,31.66,983.58 
09/10/2021T17:11:22Z,76,113,124,57.05,31.67,983.58 
09/10/2021T17:11:52Z,74,114,123,57.07,31.66,983.58 
09/10/2021T17:12:23Z,76,115,128,57.10,31.66,983.57 
09/10/2021T17:12:53Z,79,119,130,57.11,31.65,983.56 
09/10/2021T17:13:24Z,80,117,124,57.13,31.65,983.55 
09/10/2021T17:13:54Z,80,116,125,57.14,31.65,983.57 
09/10/2021T17:14:24Z,78,110,119,57.18,31.64,983.56 
09/10/2021T17:14:54Z,79,117,131,57.22,31.63,983.54 
09/10/2021T17:15:24Z,77,117,127,57.20,31.63,983.54 
09/10/2021T17:15:54Z,78,119,132,57.21,31.63,983.54 
09/10/2021T17:16:25Z,80,120,130,57.23,31.63,983.54 
09/10/2021T17:16:56Z,82,126,135,57.21,31.63,983.54 
09/10/2021T17:17:27Z,78,120,131,57.22,31.63,983.55 
09/10/2021T17:17:57Z,79,118,129,57.29,31.61,983.52 
09/10/2021T17:18:27Z,79,118,133,57.32,31.60,983.50 
09/10/2021T17:18:57Z,79,120,131,57.31,31.60,983.50 
09/10/2021T17:19:28Z,80,119,132,57.31,31.61,983.50 
09/10/2021T17:19:58Z,81,117,126,57.31,31.61,983.50 
09/10/2021T17:20:28Z,82,122,128,57.34,31.60,983.48 
09/10/2021T17:20:59Z,82,122,130,57.38,31.59,983.48 
09/10/2021T17:21:30Z,80,122,130,57.38,31.59,983.47 
09/10/2021T17:22:00Z,84,126,135,57.41,31.58,983.45 
09/10/2021T17:22:30Z,81,125,136,57.40,31.59,983.46 
09/10/2021T17:23:00Z,83,121,131,57.38,31.59,983.47 
09/10/2021T17:23:31Z,83,122,132,57.39,31.59,983.46 
09/10/2021T17:24:02Z,80,119,131,57.40,31.59,983.45 
09/10/2021T17:24:32Z,80,122,132,57.45,31.58,983.42 
09/10/2021T17:25:02Z,80,121,129,57.50,31.57,983.42 
09/10/2021T17:25:33Z,82,120,135,57.53,31.56,983.40 
09/10/2021T17:26:03Z,81,123,135,57.51,31.56,983.42 
09/10/2021T17:26:34Z,77,117,129,57.52,31.55,983.41 
09/10/2021T17:27:04Z,79,117,130,57.51,31.56,983.42 
09/10/2021T17:27:35Z,82,124,131,57.53,31.56,983.40 
09/10/2021T17:28:05Z,80,121,132,57.51,31.57,983.43 
09/10/2021T17:28:35Z,80,122,132,57.50,31.57,983.44 
09/10/2021T17:29:06Z,77,117,128,57.54,31.56,983.42 
09/10/2021T17:29:36Z,79,119,130,57.53,31.56,983.43 
09/10/2021T17:30:07Z,78,116,128,57.55,31.55,983.43 
09/10/2021T17:30:37Z,80,120,129,57.52,31.56,983.46 
09/10/2021T17:31:08Z,80,118,124,57.54,31.55,983.45 
09/10/2021T17:31:38Z,78,119,128,57.59,31.54,983.43 
09/10/2021T17:32:08Z,78,120,131,57.58,31.54,983.43 
09/10/2021T17:32:39Z,77,114,125,57.61,31.53,983.44 
09/10/2021T17:33:09Z,78,118,127,57.62,31.52,983.44 
09/10/2021T17:33:39Z,77,116,128,57.63,31.52,983.42 
09/10/2021T17:34:09Z,79,117,128,57.63,31.52,983.42 
09/10/2021T17:34:39Z,79,116,127,57.61,31.53,983.44 
09/10/2021T17:35:10Z,78,117,125,57.63,31.52,983.44 
09/10/2021T17:35:40Z,79,119,129,57.65,31.51,983.44 
09/10/2021T17:36:11Z,77,113,127,57.63,31.52,983.44 
09/10/2021T17:36:42Z,78,117,127,57.62,31.52,983.44 
09/10/2021T17:37:12Z,78,116,125,57.60,31.52,983.44 
09/10/2021T17:37:42Z,78,114,127,57.63,31.52,983.43 
09/10/2021T17:38:12Z,80,116,126,57.66,31.51,983.42 
09/10/2021T17:38:43Z,79,118,130,57.65,31.51,983.42 
09/10/2021T17:39:14Z,79,116,124,57.65,31.51,983.43 
09/10/2021T17:39:44Z,75,113,125,57.63,31.52,983.44 
09/10/2021T17:40:15Z,79,118,131,57.67,31.51,983.43 
09/10/2021T17:40:45Z,76,112,124,57.68,31.50,983.42 
09/10/2021T17:41:16Z,77,115,125,57.69,31.50,983.42 
09/10/2021T17:41:47Z,77,116,124,57.70,31.49,983.42 
09/10/2021T17:42:17Z,78,115,125,57.70,31.50,983.43 
09/10/2021T17:42:48Z,75,110,119,57.73,31.49,983.42 
09/10/2021T17:43:19Z,75,112,125,57.74,31.49,983.42 
09/10/2021T17:43:49Z,75,111,119,57.70,31.49,983.43 
09/10/2021T17:44:20Z,76,115,123,57.74,31.48,983.43 
09/10/2021T17:44:50Z,76,113,126,57.75,31.47,983.43 
09/10/2021T17:45:21Z,77,113,127,57.74,31.48,983.45 
09/10/2021T17:45:51Z,75,116,128,57.70,31.48,983.47 
09/10/2021T17:46:22Z,78,117,127,57.73,31.48,983.45 
09/10/2021T17:46:52Z,76,115,124,57.75,31.47,983.45 
09/10/2021T17:47:23Z,76,111,121,57.79,31.46,983.44 
09/10/2021T17:47:54Z,79,115,125,57.81,31.46,983.42 
09/10/2021T17:48:24Z,75,110,121,57.77,31.45,983.45 
09/10/2021T17:48:55Z,75,111,118,57.81,31.45,983.45 
09/10/2021T17:49:25Z,76,112,123,57.79,31.44,983.46 
09/10/2021T17:49:55Z,77,113,125,57.73,31.45,983.48 
09/10/2021T17:50:26Z,77,115,125,57.69,31.46,983.50 
09/10/2021T17:50:56Z,76,112,122,57.65,31.47,983.51 
09/10/2021T17:51:27Z,75,113,126,57.74,31.45,983.49 
09/10/2021T17:51:58Z,76,112,123,57.75,31.45,983.48 
09/10/2021T17:52:29Z,76,114,121,57.78,31.44,983.46 
09/10/2021T17:52:59Z,76,114,122,57.79,31.43,983.46 
09/10/2021T17:53:30Z,77,114,122,57.72,31.45,983.48 
09/10/2021T17:54:00Z,77,113,121,57.75,31.43,983.49 
09/10/2021T17:54:31Z,76,111,119,57.70,31.44,983.49 
09/10/2021T17:55:02Z,75,115,123,57.70,31.44,983.49 
09/10/2021T17:55:32Z,73,109,118,57.71,31.44,983.50 
09/10/2021T17:56:03Z,77,114,122,57.69,31.44,983.50 
09/10/2021T17:56:33Z,78,116,127,57.66,31.44,983.52 
09/10/2021T17:57:03Z,76,116,123,57.70,31.43,983.51 
09/10/2021T17:57:34Z,78,115,126,57.72,31.44,983.51 
09/10/2021T17:58:04Z,76,114,126,57.72,31.43,983.51 
09/10/2021T17:58:34Z,79,113,123,57.69,31.43,983.53 
09/10/2021T17:59:04Z,79,116,125,57.73,31.43,983.51 
09/10/2021T17:59:35Z,77,114,123,57.71,31.42,983.53 
09/10/2021T18:00:05Z,80,118,125,57.70,31.42,983.53 
09/10/2021T18:00:35Z,77,114,120,57.68,31.43,983.53 
09/10/2021T18:01:06Z,77,113,123,57.72,31.42,983.53 
09/10/2021T18:01:37Z,77,112,125,57.72,31.42,983.52 
09/10/2021T18:02:08Z,78,114,120,57.71,31.41,983.52 
09/10/2021T18:02:38Z,75,111,118,57.71,31.41,983.51 
09/10/2021T18:03:08Z,75,111,118,57.66,31.41,983.52 
09/10/2021T18:03:39Z,76,112,120,57.68,31.42,983.51 
09/10/2021T18:04:09Z,76,113,123,57.66,31.42,983.51 
09/10/2021T18:04:39Z,76,113,124,57.66,31.41,983.50 
09/10/2021T18:05:09Z,75,113,121,57.66,31.41,983.49 
09/10/2021T18:05:39Z,73,107,116,57.65,31.41,983.51 
09/10/2021T18:06:10Z,75,110,118,57.63,31.41,983.51 
09/10/2021T18:06:40Z,75,109,118,57.67,31.40,983.50 
09/10/2021T18:07:11Z,76,111,121,57.69,31.40,983.49 
09/10/2021T18:07:41Z,75,112,121,57.66,31.40,983.51 
09/10/2021T18:08:12Z,74,110,119,57.72,31.39,983.50 
09/10/2021T18:08:43Z,74,109,115,57.73,31.38,983.50 
09/10/2021T18:09:14Z,73,105,118,57.70,31.39,983.51 
09/10/2021T18:09:44Z,76,112,120,57.76,31.38,983.50 
09/10/2021T18:10:14Z,77,110,119,57.77,31.37,983.51 
09/10/2021T18:10:45Z,74,110,119,57.75,31.37,983.51 
09/10/2021T18:11:15Z,72,107,118,57.77,31.37,983.50 
09/10/2021T18:11:46Z,73,107,116,57.78,31.37,983.51 
09/10/2021T18:12:16Z,75,110,119,57.76,31.37,983.52 
09/10/2021T18:12:46Z,74,108,118,57.76,31.37,983.51 
09/10/2021T18:13:16Z,75,108,120,57.78,31.37,983.51 
09/10/2021T18:13:47Z,74,108,118,57.73,31.39,983.52 
09/10/2021T18:14:18Z,74,109,117,57.76,31.37,983.51 
09/10/2021T18:14:48Z,73,106,115,57.75,31.37,983.50 
09/10/2021T18:15:19Z,73,106,113,57.77,31.37,983.50 
09/10/2021T18:15:50Z,72,111,118,57.83,31.36,983.49 
09/10/2021T18:16:20Z,76,109,120,57.82,31.36,983.50 
09/10/2021T18:16:51Z,73,109,117,57.80,31.36,983.49 
09/10/2021T18:17:21Z,74,108,114,57.81,31.36,983.49 
09/10/2021T18:17:52Z,76,110,122,57.82,31.36,983.51 
09/10/2021T18:18:22Z,73,106,114,57.81,31.36,983.51 
09/10/2021T18:18:53Z,71,104,113,57.83,31.35,983.50 
09/10/2021T18:19:23Z,74,107,115,57.82,31.36,983.53 
09/10/2021T18:19:53Z,75,110,116,57.77,31.38,983.52 
09/10/2021T18:20:23Z,73,107,117,57.81,31.37,983.53 
09/10/2021T18:20:54Z,74,109,117,57.84,31.37,983.51 
09/10/2021T18:21:24Z,73,109,120,57.84,31.36,983.53 
09/10/2021T18:21:55Z,73,105,113,57.84,31.37,983.55 
09/10/2021T18:22:26Z,72,106,116,57.85,31.36,983.54 
09/10/2021T18:22:56Z,72,104,111,57.86,31.36,983.55 
