09/11/2021T03:08:17Z,245,505,569,54.48,21.82,993.55 
09/11/2021T03:08:48Z,253,520,589,55.21,21.89,993.31 
09/11/2021T03:09:19Z,231,446,508,55.90,22.22,993.09 
09/11/2021T03:09:49Z,238,467,533,54.57,22.53,993.45 
09/11/2021T03:10:20Z,240,470,535,53.52,22.71,993.77 
09/11/2021T03:10:50Z,256,529,609,52.57,22.64,994.21 
09/11/2021T03:11:20Z,247,485,563,53.21,22.74,994.01 
09/11/2021T03:11:51Z,248,496,563,52.74,22.90,994.14 
09/11/2021T03:12:21Z,246,519,626,52.08,22.93,994.37 
09/11/2021T03:12:52Z,248,530,642,52.07,22.87,994.44 
09/11/2021T03:13:22Z,250,539,657,52.25,22.80,994.41 
09/11/2021T03:13:53Z,246,541,701,52.39,22.86,994.34 
09/11/2021T03:14:24Z,255,520,612,52.46,22.78,994.36 
09/11/2021T03:14:54Z,256,520,605,52.68,22.79,994.26 
09/11/2021T03:15:25Z,255,532,606,52.30,22.76,994.41 
09/11/2021T03:15:55Z,251,521,603,52.69,22.72,994.33 
09/11/2021T03:16:25Z,248,518,629,53.44,22.90,993.97 
09/11/2021T03:16:56Z,307,633,713,52.30,22.90,994.40 
09/11/2021T03:17:27Z,262,534,632,52.51,23.03,994.28 
09/11/2021T03:17:57Z,260,529,603,51.30,23.00,994.72 
09/11/2021T03:18:27Z,258,535,617,52.34,23.09,994.41 
09/11/2021T03:18:57Z,262,539,657,52.03,23.24,994.42 
09/11/2021T03:19:28Z,257,536,630,51.70,23.36,994.51 
09/11/2021T03:19:58Z,263,540,623,51.14,23.37,994.71 
09/11/2021T03:20:28Z,262,536,618,50.78,23.38,994.81 
09/11/2021T03:20:58Z,265,529,598,50.91,23.29,994.86 
09/11/2021T03:21:28Z,261,531,615,50.46,23.29,994.93 
09/11/2021T03:21:59Z,258,519,591,50.23,23.15,995.12 
09/11/2021T03:22:29Z,258,528,602,51.53,23.20,994.65 
09/11/2021T03:22:59Z,257,523,605,50.71,23.16,994.88 
09/11/2021T03:23:30Z,258,532,607,51.07,23.10,994.80 
09/11/2021T03:24:00Z,262,533,606,50.78,23.09,994.86 
09/11/2021T03:24:28Z,262,538,605,51.35,23.11,994.71 
09/11/2021T03:24:58Z,260,532,607,51.43,23.26,994.56 
09/11/2021T03:25:28Z,262,538,606,50.85,23.27,994.77 
09/11/2021T03:25:58Z,263,545,605,50.79,23.24,994.81 
09/11/2021T03:26:29Z,260,542,612,50.72,23.24,994.83 
09/11/2021T03:26:59Z,265,548,617,50.05,23.13,995.12 
09/11/2021T03:27:29Z,258,526,598,50.52,23.05,994.99 
09/11/2021T03:27:59Z,259,535,603,51.44,23.12,994.64 
09/11/2021T03:28:30Z,257,527,602,50.44,23.18,994.90 
09/11/2021T03:29:00Z,254,525,592,51.27,23.34,994.60 
09/11/2021T03:29:30Z,259,525,594,51.01,23.48,994.63 
09/11/2021T03:30:01Z,258,522,596,50.60,23.57,994.77 
09/11/2021T03:30:31Z,257,536,602,49.91,23.56,995.02 
09/11/2021T03:31:01Z,255,515,588,49.59,23.53,995.13 
09/11/2021T03:31:32Z,258,520,595,50.37,23.61,994.88 
09/11/2021T03:32:02Z,255,508,586,49.74,23.70,995.03 
09/11/2021T03:32:33Z,257,521,588,49.23,23.64,995.29 
09/11/2021T03:33:03Z,262,525,597,48.72,23.60,995.39 
09/11/2021T03:33:33Z,260,536,611,48.72,23.46,995.49 
09/11/2021T03:34:04Z,262,531,607,48.85,23.35,995.46 
09/11/2021T03:34:34Z,257,524,593,49.63,23.36,995.16 
09/11/2021T03:35:04Z,257,520,587,49.46,23.33,995.20 
09/11/2021T03:35:35Z,254,510,575,49.26,23.33,995.26 
09/11/2021T03:36:05Z,261,522,588,48.92,23.30,995.38 
09/11/2021T03:36:35Z,253,511,578,49.20,23.30,995.32 
09/11/2021T03:37:06Z,257,527,592,49.35,23.35,995.21 
09/11/2021T03:37:36Z,256,519,602,49.22,23.46,995.19 
09/11/2021T03:38:06Z,260,534,608,49.22,23.38,995.27 
09/11/2021T03:38:37Z,255,504,565,49.56,23.50,995.07 
09/11/2021T03:39:08Z,256,521,589,49.50,23.56,995.11 
09/11/2021T03:39:38Z,256,529,611,48.66,23.49,995.41 
09/11/2021T03:40:08Z,254,517,593,49.22,23.49,995.21 
09/11/2021T03:40:39Z,252,503,572,49.18,23.55,995.19 
09/11/2021T03:41:09Z,249,517,595,48.43,23.53,995.45 
09/11/2021T03:41:40Z,257,517,584,48.79,23.51,995.37 
09/11/2021T03:42:10Z,253,520,595,48.68,23.47,995.40 
09/11/2021T03:42:41Z,250,512,582,49.24,23.50,995.22 
09/11/2021T03:43:11Z,254,512,575,49.17,23.53,995.21 
09/11/2021T03:43:42Z,254,505,574,49.54,23.63,995.07 
09/11/2021T03:44:20Z,251,518,586,48.16,23.67,995.48 
09/11/2021T03:44:22Z,253,510,576,49.44,23.73,995.12 
09/11/2021T03:44:52Z,252,506,572,49.16,23.88,995.14 
09/11/2021T03:45:23Z,247,504,564,48.75,23.96,995.22 
09/11/2021T03:45:53Z,253,520,589,47.91,23.87,995.54 
09/11/2021T03:46:23Z,252,503,574,48.79,23.83,995.33 
09/11/2021T03:46:54Z,251,510,583,48.43,23.89,995.33 
09/11/2021T03:47:24Z,252,502,573,48.25,23.75,995.52 
09/11/2021T03:47:55Z,250,509,570,49.28,23.84,995.11 
09/11/2021T03:48:26Z,248,511,579,49.02,23.97,995.12 
09/11/2021T03:48:56Z,249,502,580,48.33,24.02,995.34 
09/11/2021T03:49:27Z,248,503,586,47.94,23.89,995.55 
09/11/2021T03:49:57Z,253,511,582,47.78,23.80,995.61 
09/11/2021T03:50:27Z,253,507,576,48.42,23.70,995.47 
09/11/2021T03:50:58Z,255,516,582,48.74,23.69,995.29 
09/11/2021T03:51:28Z,255,515,594,48.87,23.72,995.23 
09/11/2021T03:51:59Z,256,524,596,48.88,23.75,995.23 
09/11/2021T03:52:29Z,253,533,613,48.49,23.80,995.32 
09/11/2021T03:53:00Z,256,520,599,48.62,23.84,995.32 
09/11/2021T03:53:30Z,250,506,576,48.90,23.97,995.20 
09/11/2021T03:54:01Z,262,527,601,48.32,23.97,995.39 
09/11/2021T03:54:31Z,254,519,591,48.35,23.98,995.38 
09/11/2021T03:55:01Z,261,542,631,48.29,23.94,995.45 
09/11/2021T03:55:31Z,255,521,600,48.76,24.06,995.24 
09/11/2021T03:56:02Z,261,530,612,48.07,24.00,995.49 
09/11/2021T03:56:32Z,253,513,590,48.65,24.06,995.30 
09/11/2021T03:57:03Z,252,513,586,48.72,24.15,995.25 
09/11/2021T03:57:34Z,251,522,589,48.05,24.17,995.44 
09/11/2021T03:58:04Z,253,511,586,48.52,24.18,995.32 
09/11/2021T03:58:35Z,253,511,584,48.43,24.22,995.31 
09/11/2021T03:59:05Z,251,507,572,48.41,24.29,995.28 
09/11/2021T03:59:36Z,253,498,562,48.13,24.37,995.35 
09/11/2021T04:00:06Z,244,516,609,48.60,24.34,995.22 
09/11/2021T04:00:37Z,244,511,602,48.77,24.39,995.15 
09/11/2021T04:01:07Z,245,516,615,48.77,24.45,995.12 
09/11/2021T04:01:38Z,253,532,624,48.20,24.33,995.32 
09/11/2021T04:02:09Z,255,527,604,47.63,24.21,995.62 
09/11/2021T04:02:39Z,251,508,588,48.35,24.29,995.33 
09/11/2021T04:03:10Z,251,506,582,48.42,24.33,995.33 
09/11/2021T04:03:40Z,251,509,578,48.48,24.45,995.24 
09/11/2021T04:04:11Z,261,550,640,47.68,24.34,995.49 
09/11/2021T04:04:41Z,261,534,604,48.15,24.29,995.43 
09/11/2021T04:05:11Z,251,519,592,48.59,24.46,995.15 
09/11/2021T04:05:42Z,256,530,595,47.91,24.46,995.39 
09/11/2021T04:06:12Z,257,516,573,47.36,24.40,995.58 
09/11/2021T04:06:43Z,253,503,573,47.07,24.34,995.68 
09/11/2021T04:07:13Z,252,503,565,47.91,24.29,995.50 
09/11/2021T04:07:43Z,254,512,579,47.98,24.41,995.35 
09/11/2021T04:08:14Z,252,518,576,47.57,24.38,995.50 
09/11/2021T04:08:44Z,247,505,568,46.93,24.26,995.76 
09/11/2021T04:09:15Z,248,509,579,48.23,24.31,995.36 
09/11/2021T04:09:46Z,256,521,586,48.31,24.36,995.31 
09/11/2021T04:10:16Z,250,496,565,46.48,24.33,995.81 
09/11/2021T04:10:47Z,246,492,560,46.83,24.26,995.86 
09/11/2021T04:11:17Z,252,503,568,47.02,24.32,995.71 
09/11/2021T04:11:48Z,249,489,562,46.58,24.29,995.88 
09/11/2021T04:12:19Z,246,484,549,46.45,24.17,995.96 
09/11/2021T04:12:50Z,243,490,548,47.74,24.24,995.53 
09/11/2021T04:13:20Z,246,481,537,47.11,24.27,995.68 
09/11/2021T04:13:51Z,254,491,548,47.91,24.33,995.43 
09/11/2021T04:14:21Z,250,497,567,47.58,24.28,995.47 
09/11/2021T04:14:52Z,246,498,572,48.33,24.35,995.24 
09/11/2021T04:15:22Z,262,513,574,48.26,24.31,995.26 
09/11/2021T04:15:52Z,249,486,544,47.82,24.25,995.37 
09/11/2021T04:16:22Z,251,501,565,47.53,24.13,995.60 
09/11/2021T04:16:53Z,249,499,560,47.94,24.19,995.37 
09/11/2021T04:17:23Z,252,506,578,48.21,24.18,995.34 
09/11/2021T04:17:53Z,251,497,559,48.03,24.22,995.35 
09/11/2021T04:18:24Z,249,489,549,48.37,24.34,995.21 
09/11/2021T04:18:54Z,244,491,549,47.20,24.28,995.57 
09/11/2021T04:19:25Z,251,493,551,47.38,24.18,995.59 
09/11/2021T04:19:56Z,248,496,555,47.70,24.10,995.47 
09/11/2021T04:20:26Z,249,492,554,48.67,24.16,995.15 
09/11/2021T04:20:57Z,245,478,543,48.41,24.26,995.16 
09/11/2021T04:21:28Z,252,496,563,48.27,24.34,995.17 
09/11/2021T04:21:58Z,248,499,558,48.52,24.31,995.11 
09/11/2021T04:22:29Z,252,499,558,48.46,24.21,995.15 
09/11/2021T04:22:59Z,249,484,545,49.28,24.32,994.84 
09/11/2021T04:23:30Z,251,491,552,49.18,24.44,994.80 
09/11/2021T04:24:00Z,252,501,572,48.63,24.44,994.97 
09/11/2021T04:24:31Z,264,541,603,47.98,24.39,995.25 
09/11/2021T04:25:01Z,251,497,554,48.15,24.36,995.23 
09/11/2021T04:25:32Z,248,486,544,48.72,24.44,994.98 
09/11/2021T04:26:03Z,250,485,557,48.38,24.47,995.07 
09/11/2021T04:26:33Z,251,489,555,48.68,24.56,994.94 
09/11/2021T04:27:04Z,245,487,548,48.63,24.65,994.92 
09/11/2021T04:27:34Z,251,493,562,48.63,24.71,994.91 
09/11/2021T04:28:05Z,249,481,539,48.63,24.74,994.90 
09/11/2021T04:28:35Z,245,492,548,48.54,24.77,994.92 
09/11/2021T04:29:06Z,244,479,537,48.36,24.75,994.99 
09/11/2021T04:29:37Z,243,484,550,47.75,24.67,995.19 
09/11/2021T04:30:07Z,248,487,550,47.96,24.51,995.28 
09/11/2021T04:30:37Z,247,491,555,47.87,24.40,995.31 
09/11/2021T04:31:08Z,244,485,552,47.97,24.35,995.28 
09/11/2021T04:31:38Z,246,479,542,48.01,24.28,995.28 
09/11/2021T04:32:09Z,242,473,529,48.74,24.33,995.07 
09/11/2021T04:32:39Z,241,475,535,48.33,24.37,995.11 
09/11/2021T04:33:10Z,244,488,559,48.23,24.28,995.20 
09/11/2021T04:33:40Z,244,473,534,48.34,24.18,995.17 
09/11/2021T04:34:11Z,244,476,524,48.00,24.15,995.29 
09/11/2021T04:34:42Z,240,466,529,48.56,24.16,995.18 
09/11/2021T04:35:42Z,241,472,538,49.26,24.30,994.83 
09/11/2021T04:36:13Z,240,465,543,49.35,24.45,994.74 
09/11/2021T04:36:44Z,243,468,531,49.14,24.54,994.76 
09/11/2021T04:37:14Z,242,471,521,49.04,24.54,994.81 
09/11/2021T04:37:45Z,241,473,527,49.14,24.61,994.74 
09/11/2021T04:38:16Z,243,473,548,48.61,24.60,994.95 
09/11/2021T04:38:46Z,245,475,532,48.61,24.58,994.95 
09/11/2021T04:39:17Z,240,471,531,49.19,24.64,994.78 
09/11/2021T04:39:48Z,234,474,532,49.53,24.73,994.62 
09/11/2021T04:40:18Z,241,467,529,49.06,24.74,994.71 
09/11/2021T04:40:49Z,242,466,528,48.66,24.70,994.91 
09/11/2021T04:41:19Z,243,461,510,49.20,24.80,994.73 
09/11/2021T04:41:49Z,235,458,522,49.39,24.76,994.63 
09/11/2021T04:42:20Z,238,469,537,48.95,24.74,994.77 
09/11/2021T04:42:51Z,240,481,547,48.38,24.64,995.02 
09/11/2021T04:43:21Z,244,479,542,48.75,24.61,994.92 
09/11/2021T04:43:52Z,241,472,531,49.80,24.66,994.53 
09/11/2021T04:44:23Z,243,478,546,49.14,24.68,994.70 
09/11/2021T04:44:53Z,240,482,549,49.23,24.70,994.67 
09/11/2021T04:45:24Z,242,485,550,49.60,24.73,994.58 
09/11/2021T04:45:55Z,243,475,524,49.90,24.79,994.44 
09/11/2021T04:46:25Z,242,470,523,50.11,24.85,994.31 
09/11/2021T04:46:56Z,243,469,525,50.07,24.85,994.31 
09/11/2021T04:47:27Z,242,467,539,49.57,24.86,994.49 
09/11/2021T04:47:57Z,236,460,522,49.71,24.86,994.47 
09/11/2021T04:48:28Z,242,474,540,49.52,24.88,994.51 
09/11/2021T04:48:59Z,239,460,518,49.57,24.88,994.54 
09/11/2021T04:49:29Z,239,460,527,49.64,24.92,994.47 
09/11/2021T04:50:00Z,237,474,532,49.26,24.82,994.66 
09/11/2021T04:50:31Z,242,467,527,49.70,24.87,994.49 
09/11/2021T04:51:01Z,237,461,521,48.89,24.85,994.75 
09/11/2021T04:51:32Z,239,457,508,49.40,24.86,994.65 
09/11/2021T04:52:03Z,237,456,517,49.24,24.91,994.68 
09/11/2021T04:52:33Z,236,459,514,49.52,24.93,994.56 
09/11/2021T04:53:04Z,235,465,537,49.52,24.89,994.58 
09/11/2021T04:53:35Z,233,458,513,49.72,24.90,994.49 
09/11/2021T04:54:05Z,240,460,512,49.95,24.91,994.40 
09/11/2021T04:54:36Z,234,454,522,49.65,24.90,994.45 
09/11/2021T04:55:06Z,238,472,543,48.24,24.75,995.01 
09/11/2021T04:55:37Z,240,478,539,49.50,24.68,994.67 
09/11/2021T04:56:08Z,238,466,514,49.89,24.75,994.47 
09/11/2021T04:56:38Z,241,480,533,50.01,24.81,994.38 
09/11/2021T04:57:09Z,238,461,520,50.25,24.88,994.27 
09/11/2021T04:57:40Z,236,459,520,49.95,24.94,994.31 
09/11/2021T04:58:10Z,232,459,519,49.52,24.96,994.47 
09/11/2021T04:58:41Z,239,465,529,49.69,24.99,994.40 
09/11/2021T04:59:12Z,234,459,524,49.64,25.05,994.39 
09/11/2021T04:59:42Z,235,457,512,49.06,25.05,994.59 
09/11/2021T05:00:13Z,234,456,515,49.48,25.07,994.46 
09/11/2021T05:00:44Z,239,466,530,47.82,25.03,994.95 
09/11/2021T05:01:14Z,236,458,520,47.25,24.85,995.32 
09/11/2021T05:01:45Z,231,452,520,48.26,24.79,995.02 
09/11/2021T05:02:15Z,235,450,515,49.00,24.77,994.74 
09/11/2021T05:02:46Z,234,450,511,48.51,24.77,994.86 
09/11/2021T05:03:17Z,266,520,583,49.24,24.80,994.65 
09/11/2021T05:03:47Z,294,621,702,49.18,24.84,994.57 
09/11/2021T05:04:18Z,266,532,590,48.88,24.82,994.68 
09/11/2021T05:04:48Z,269,545,622,49.09,24.86,994.57 
09/11/2021T05:05:19Z,272,564,639,48.99,24.85,994.65 
09/11/2021T05:05:49Z,281,596,668,49.30,24.94,994.48 
09/11/2021T05:06:20Z,259,549,617,49.32,24.92,994.48 
09/11/2021T05:06:50Z,286,694,832,50.05,24.92,994.22 
09/11/2021T05:07:21Z,312,827,1018,49.88,24.99,994.21 
09/11/2021T05:07:51Z,303,771,926,49.38,25.06,994.38 
09/11/2021T05:08:21Z,289,1108,1454,50.18,25.09,994.13 
09/11/2021T05:08:52Z,297,1075,1402,49.85,25.13,994.19 
09/11/2021T05:09:22Z,302,1036,1342,49.76,25.16,994.23 
09/11/2021T05:09:53Z,294,1083,1405,49.72,25.22,994.22 
09/11/2021T05:10:23Z,293,1014,1323,49.08,25.27,994.43 
09/11/2021T05:10:54Z,299,915,1165,48.98,25.31,994.48 
09/11/2021T05:11:24Z,295,958,1217,49.29,25.34,994.39 
09/11/2021T05:11:54Z,280,928,1193,49.35,25.31,994.34 
09/11/2021T05:12:25Z,276,1178,1638,50.25,25.29,994.05 
09/11/2021T05:12:55Z,270,1237,30,50.23,25.30,994.02 
09/11/2021T05:13:26Z,266,1291,100,50.40,25.34,993.98 
09/11/2021T05:13:56Z,235,1493,493,50.54,25.37,993.90 
09/11/2021T05:14:26Z,253,1369,221,50.57,25.38,993.90 
09/11/2021T05:14:56Z,233,1463,490,50.52,25.36,993.92 
09/11/2021T05:15:26Z,234,1280,286,49.48,25.27,994.22 
09/11/2021T05:15:57Z,267,892,1177,49.12,25.11,994.52 
09/11/2021T05:16:27Z,258,1327,179,50.43,25.16,993.99 
09/11/2021T05:16:57Z,251,1411,353,50.38,25.21,993.97 
09/11/2021T05:17:28Z,260,1313,133,50.18,25.24,994.02 
09/11/2021T05:17:58Z,261,836,1067,49.04,25.16,994.38 
09/11/2021T05:18:28Z,270,745,918,49.33,25.05,994.45 
09/11/2021T05:18:59Z,234,1529,618,50.65,25.10,993.89 
09/11/2021T05:19:29Z,236,1475,439,50.39,25.14,993.93 
09/11/2021T05:20:00Z,268,687,827,48.41,25.07,994.62 
09/11/2021T05:20:30Z,274,969,1257,49.33,25.02,994.45 
09/11/2021T05:21:01Z,239,1487,460,50.24,25.11,993.99 
09/11/2021T05:21:31Z,246,1450,403,50.13,25.16,994.01 
09/11/2021T05:22:01Z,253,1437,299,50.11,25.21,993.97 
09/11/2021T05:22:31Z,223,1600,798,50.07,25.24,993.97 
09/11/2021T05:23:01Z,253,1438,320,49.67,25.26,994.09 
09/11/2021T05:23:32Z,264,1318,192,49.21,25.27,994.29 
09/11/2021T05:24:02Z,257,1347,164,49.93,25.28,994.03 
09/11/2021T05:24:32Z,279,1116,1477,48.84,25.24,994.38 
09/11/2021T05:25:03Z,275,1203,1648,49.40,25.24,994.24 
09/11/2021T05:25:33Z,257,1246,23,49.09,25.23,994.26 
09/11/2021T05:26:04Z,267,839,1074,48.86,25.12,994.49 
09/11/2021T05:26:34Z,244,1490,447,49.73,25.18,994.12 
09/11/2021T05:27:04Z,231,1592,704,49.56,25.22,994.13 
09/11/2021T05:27:35Z,270,1319,163,49.05,25.25,994.28 
09/11/2021T05:28:05Z,259,1325,230,48.85,25.22,994.40 
09/11/2021T05:28:36Z,268,1327,162,48.62,25.23,994.43 
09/11/2021T05:29:06Z,272,1295,114,48.94,25.19,994.39 
09/11/2021T05:29:36Z,276,1095,1480,48.30,25.15,994.55 
09/11/2021T05:30:07Z,265,1124,1529,48.67,25.09,994.54 
09/11/2021T05:30:38Z,266,1290,157,48.80,25.12,994.40 
09/11/2021T05:31:08Z,280,1259,93,48.64,25.17,994.46 
09/11/2021T05:31:38Z,237,1537,590,48.82,25.15,994.40 
09/11/2021T05:32:09Z,255,947,1280,48.37,25.07,994.56 
09/11/2021T05:32:39Z,292,984,1269,49.04,25.09,994.35 
09/11/2021T05:33:10Z,240,1547,547,49.37,25.15,994.20 
09/11/2021T05:33:40Z,243,1493,508,49.44,25.16,994.15 
09/11/2021T05:34:10Z,263,1139,1579,49.64,25.13,994.02 
09/11/2021T05:34:41Z,283,877,1115,49.19,25.12,994.20 
09/11/2021T05:35:12Z,295,864,1065,48.94,25.11,994.28 
09/11/2021T05:35:42Z,269,1223,14,49.22,25.11,994.20 
09/11/2021T05:36:13Z,186,365,8,49.76,25.11,993.99 
09/11/2021T05:36:43Z,222,51,974,49.59,25.17,993.98 
09/11/2021T05:37:13Z,221,11,814,49.55,25.20,994.01 
09/11/2021T05:37:44Z,216,157,1123,49.32,25.21,994.09 
09/11/2021T05:38:15Z,185,382,47,49.53,25.21,994.03 
09/11/2021T05:38:45Z,243,1324,239,48.53,25.18,994.33 
09/11/2021T05:39:16Z,286,766,933,47.21,25.09,994.84 
09/11/2021T05:39:46Z,256,1261,118,48.29,25.08,994.59 
09/11/2021T05:40:16Z,240,1607,694,48.80,25.14,994.28 
09/11/2021T05:40:46Z,267,1055,1399,47.98,25.13,994.52 
09/11/2021T05:41:17Z,297,919,1161,47.74,25.10,994.66 
09/11/2021T05:41:48Z,286,1224,1630,48.13,25.13,994.53 
09/11/2021T05:42:18Z,288,912,1163,47.01,25.12,994.84 
09/11/2021T05:42:49Z,256,662,784,46.82,25.09,994.97 
09/11/2021T05:43:19Z,267,1042,1370,47.88,25.11,994.62 
09/11/2021T05:43:49Z,259,1408,220,48.42,25.12,994.37 
09/11/2021T05:44:19Z,282,932,1181,47.92,25.06,994.53 
09/11/2021T05:44:50Z,270,1180,1591,48.25,25.06,994.38 
09/11/2021T05:45:20Z,248,553,660,47.28,25.03,994.72 
09/11/2021T05:45:50Z,286,942,1203,48.18,25.06,994.47 
09/11/2021T05:46:21Z,281,1076,1389,48.51,25.03,994.33 
09/11/2021T05:46:51Z,279,1068,1415,48.77,25.06,994.17 
09/11/2021T05:47:21Z,257,696,858,47.01,25.04,994.70 
09/11/2021T05:47:52Z,292,784,951,47.52,25.03,994.66 
09/11/2021T05:48:23Z,296,1128,1451,48.34,25.07,994.33 
09/11/2021T05:48:53Z,305,1114,1431,48.18,25.07,994.34 
09/11/2021T05:49:23Z,265,754,919,47.70,25.05,994.49 
09/11/2021T05:49:53Z,258,566,664,47.25,25.00,994.67 
09/11/2021T05:50:24Z,266,624,742,47.42,24.96,994.64 
09/11/2021T05:50:54Z,302,953,1186,48.36,25.02,994.29 
09/11/2021T05:51:25Z,304,947,1164,48.10,25.07,994.32 
09/11/2021T05:51:55Z,301,955,1206,48.16,25.14,994.26 
09/11/2021T05:52:26Z,296,788,959,47.97,25.19,994.32 
09/11/2021T05:52:57Z,250,535,616,47.28,25.19,994.51 
09/11/2021T05:53:27Z,269,659,793,47.79,25.12,994.41 
09/11/2021T05:53:57Z,288,759,912,48.27,25.15,994.19 
09/11/2021T05:54:28Z,290,797,1003,48.69,25.26,993.98 
09/11/2021T05:54:58Z,249,534,624,47.31,25.25,994.40 
09/11/2021T05:55:29Z,281,706,837,47.74,25.31,994.34 
09/11/2021T05:56:00Z,303,840,1026,48.40,25.36,994.07 
09/11/2021T05:56:30Z,292,662,786,47.88,25.33,994.19 
09/11/2021T05:57:00Z,267,560,646,47.03,25.28,994.43 
09/11/2021T05:57:31Z,257,525,595,46.35,25.27,994.72 
09/11/2021T05:58:01Z,255,549,632,47.39,25.22,994.46 
09/11/2021T05:58:31Z,275,621,724,47.76,25.25,994.25 
09/11/2021T05:59:01Z,284,666,789,48.48,25.22,994.02 
09/11/2021T05:59:32Z,292,717,834,48.73,25.24,993.91 
09/11/2021T06:00:03Z,320,763,878,49.00,25.27,993.78 
09/11/2021T06:00:33Z,317,755,867,48.94,25.28,993.79 
09/11/2021T06:01:03Z,316,743,850,49.62,25.34,993.57 
09/11/2021T06:01:33Z,316,677,760,49.65,25.33,993.44 
09/11/2021T06:02:04Z,267,522,579,47.35,25.32,994.25 
09/11/2021T06:02:34Z,264,538,614,47.00,25.45,994.38 
09/11/2021T06:03:05Z,248,496,568,45.79,25.52,994.76 
09/11/2021T06:03:36Z,255,519,593,46.22,25.54,994.69 
09/11/2021T06:04:06Z,268,578,669,47.52,25.52,994.25 
09/11/2021T06:04:37Z,289,649,744,48.25,25.55,993.96 
09/11/2021T06:05:08Z,266,551,628,48.12,25.48,994.02 
09/11/2021T06:05:38Z,273,605,711,48.60,25.52,993.81 
09/11/2021T06:06:08Z,269,576,648,47.94,25.52,993.99 
09/11/2021T06:06:39Z,246,489,559,46.22,25.48,994.53 
09/11/2021T06:07:09Z,237,456,526,46.32,25.45,994.66 
09/11/2021T06:07:39Z,242,482,554,47.21,25.44,994.31 
09/11/2021T06:08:10Z,254,536,610,48.09,25.47,994.00 
09/11/2021T06:08:41Z,231,462,518,45.81,25.46,994.62 
09/11/2021T06:09:11Z,219,425,478,44.95,25.48,995.04 
09/11/2021T06:09:41Z,225,448,497,45.68,25.48,994.77 
09/11/2021T06:10:12Z,232,451,509,46.80,25.44,994.54 
09/11/2021T06:10:43Z,249,505,579,48.04,25.49,994.02 
09/11/2021T06:11:14Z,252,515,587,48.29,25.54,993.86 
09/11/2021T06:11:44Z,248,505,590,47.86,25.58,993.96 
09/11/2021T06:12:15Z,250,519,597,47.91,25.60,993.94 
09/11/2021T06:12:46Z,238,474,540,47.28,25.60,994.12 
09/11/2021T06:13:16Z,221,418,474,46.56,25.57,994.38 
09/11/2021T06:13:46Z,231,446,512,47.34,25.60,994.15 
09/11/2021T06:14:17Z,237,462,530,48.02,25.65,993.94 
09/11/2021T06:14:48Z,242,502,577,48.24,25.68,993.80 
09/11/2021T06:15:18Z,242,486,557,48.34,25.67,993.75 
09/11/2021T06:15:49Z,240,474,547,48.21,25.67,993.78 
09/11/2021T06:16:20Z,236,457,523,46.29,25.60,994.36 
09/11/2021T06:16:50Z,239,467,528,47.86,25.62,993.97 
09/11/2021T06:17:20Z,243,478,536,48.50,25.66,993.72 
09/11/2021T06:17:50Z,236,457,522,48.87,25.67,993.55 
09/11/2021T06:18:21Z,239,467,532,48.90,25.68,993.48 
09/11/2021T06:18:51Z,238,477,544,49.28,25.68,993.35 
09/11/2021T06:19:21Z,279,592,674,47.72,25.62,993.73 
09/11/2021T06:19:52Z,294,663,772,45.59,25.54,994.53 
09/11/2021T06:20:22Z,286,641,740,45.66,25.52,994.58 
09/11/2021T06:20:53Z,284,637,749,45.51,25.59,994.62 
09/11/2021T06:21:23Z,276,600,711,46.77,25.63,994.27 
09/11/2021T06:21:54Z,275,597,698,47.66,25.66,993.88 
09/11/2021T06:22:25Z,272,597,683,48.22,25.65,993.72 
09/11/2021T06:22:55Z,268,570,660,48.33,25.67,993.61 
09/11/2021T06:23:25Z,260,549,640,48.35,25.66,993.63 
09/11/2021T06:23:55Z,259,540,620,47.76,25.69,993.73 
09/11/2021T06:24:26Z,256,544,631,46.27,25.67,994.30 
09/11/2021T06:24:56Z,256,517,594,48.33,25.71,993.62 
09/11/2021T06:25:27Z,255,531,600,48.46,25.71,993.53 
09/11/2021T06:25:57Z,249,519,606,48.75,25.72,993.36 
09/11/2021T06:26:27Z,254,515,588,48.92,25.71,993.29 
09/11/2021T06:26:58Z,250,511,590,48.90,25.71,993.26 
09/11/2021T06:27:28Z,244,493,556,48.58,25.72,993.37 
09/11/2021T06:27:59Z,250,506,581,47.64,25.67,993.67 
09/11/2021T06:28:30Z,249,499,563,45.83,25.59,994.24 
09/11/2021T06:29:00Z,238,463,528,45.22,25.61,994.53 
09/11/2021T06:29:31Z,244,485,549,47.79,25.68,993.77 
09/11/2021T06:30:01Z,249,506,585,48.23,25.70,993.48 
09/11/2021T06:30:31Z,237,471,541,48.18,25.68,993.50 
09/11/2021T06:31:02Z,239,467,534,48.31,25.62,993.44 
09/11/2021T06:31:33Z,240,470,537,48.51,25.62,993.33 
09/11/2021T06:32:03Z,245,481,564,48.36,25.57,993.40 
09/11/2021T06:32:33Z,259,539,614,47.53,25.56,993.61 
09/11/2021T06:33:03Z,258,535,623,48.10,25.59,993.48 
09/11/2021T06:33:34Z,254,515,597,48.09,25.62,993.44 
09/11/2021T06:34:04Z,248,499,573,47.98,25.66,993.43 
09/11/2021T06:34:34Z,242,483,552,48.20,25.68,993.35 
09/11/2021T06:35:05Z,240,474,541,48.10,25.71,993.34 
09/11/2021T06:35:36Z,240,469,534,48.08,25.71,993.34 
09/11/2021T06:36:06Z,240,468,540,48.32,25.73,993.26 
09/11/2021T06:36:37Z,235,456,519,48.20,25.73,993.26 
09/11/2021T06:37:08Z,237,468,536,48.00,25.69,993.34 
09/11/2021T06:37:38Z,233,454,515,48.18,25.74,993.27 
09/11/2021T06:38:09Z,235,450,506,48.52,25.77,993.13 
09/11/2021T06:38:39Z,229,439,501,48.36,25.76,993.15 
09/11/2021T06:39:10Z,226,437,498,48.58,25.75,993.09 
09/11/2021T06:39:41Z,228,441,502,48.81,25.76,993.00 
09/11/2021T06:40:12Z,230,440,498,48.26,25.71,993.10 
09/11/2021T06:40:42Z,222,414,470,44.76,25.67,994.25 
09/11/2021T06:41:13Z,225,428,481,46.69,25.70,993.80 
09/11/2021T06:41:43Z,225,434,487,45.60,25.68,994.09 
09/11/2021T06:42:14Z,220,413,473,45.44,25.67,994.08 
09/11/2021T06:42:45Z,216,404,458,45.33,25.72,994.19 
09/11/2021T06:43:15Z,212,391,444,44.54,25.75,994.27 
09/11/2021T06:43:46Z,203,375,425,43.56,25.78,994.65 
09/11/2021T06:44:16Z,213,392,446,46.11,25.80,993.93 
09/11/2021T06:44:47Z,215,413,473,46.91,25.88,993.55 
09/11/2021T06:45:17Z,214,398,464,45.60,25.86,993.84 
09/11/2021T06:45:48Z,209,385,437,44.95,25.79,994.10 
09/11/2021T06:46:19Z,208,375,419,44.68,25.86,994.23 
09/11/2021T06:46:49Z,203,364,407,43.72,25.85,994.41 
09/11/2021T06:47:20Z,204,375,427,45.49,25.88,994.01 
09/11/2021T06:47:50Z,293,525,592,46.57,25.95,993.55 
09/11/2021T06:48:20Z,267,477,530,45.89,25.95,993.71 
09/11/2021T06:48:51Z,243,436,489,46.55,25.96,993.54 
09/11/2021T06:49:21Z,240,443,496,46.62,25.94,993.47 
09/11/2021T06:49:52Z,224,408,458,45.10,25.90,993.85 
09/11/2021T06:50:22Z,242,441,482,44.96,25.88,994.11 
09/11/2021T06:50:53Z,238,435,488,44.49,25.87,994.09 
09/11/2021T06:51:23Z,216,382,426,42.07,25.81,994.77 
09/11/2021T06:51:54Z,222,399,441,43.02,25.82,994.65 
09/11/2021T06:52:25Z,253,454,504,45.49,25.88,993.81 
09/11/2021T06:52:55Z,208,377,413,41.43,25.82,994.79 
09/11/2021T06:53:26Z,224,397,447,44.86,25.83,994.10 
09/11/2021T06:53:56Z,242,435,479,45.69,25.89,993.64 
09/11/2021T06:54:27Z,203,363,407,42.84,25.88,994.35 
09/11/2021T06:54:58Z,210,369,407,44.54,25.93,994.02 
09/11/2021T06:55:28Z,218,384,425,45.76,26.00,993.57 
09/11/2021T06:55:58Z,213,377,422,45.79,26.02,993.48 
09/11/2021T06:56:28Z,215,384,429,45.99,26.05,993.41 
09/11/2021T06:56:58Z,214,382,428,46.09,26.05,993.37 
09/11/2021T06:57:29Z,214,378,427,46.31,26.06,993.27 
09/11/2021T06:58:00Z,209,366,410,46.31,26.06,993.28 
09/11/2021T06:58:31Z,205,367,411,46.52,26.05,993.20 
09/11/2021T06:59:02Z,202,359,403,46.39,26.00,993.20 
09/11/2021T06:59:32Z,198,358,397,47.00,25.95,993.04 
09/11/2021T07:00:03Z,204,366,407,47.03,25.99,992.98 
09/11/2021T07:00:34Z,206,366,419,46.57,26.00,993.12 
09/11/2021T07:01:04Z,210,361,405,46.96,26.00,993.03 
09/11/2021T07:01:35Z,200,353,397,46.79,25.95,993.06 
09/11/2021T07:02:06Z,207,366,417,47.31,25.94,992.89 
09/11/2021T07:02:37Z,198,350,398,45.69,25.93,993.32 
09/11/2021T07:03:07Z,198,351,396,47.02,25.93,993.01 
09/11/2021T07:03:38Z,198,354,392,46.37,25.98,993.10 
09/11/2021T07:04:08Z,206,366,407,46.58,25.98,993.12 
09/11/2021T07:04:38Z,210,371,408,46.20,25.96,993.16 
09/11/2021T07:05:09Z,212,372,413,47.18,26.01,992.92 
09/11/2021T07:05:40Z,207,368,409,45.80,26.00,993.17 
09/11/2021T07:06:10Z,191,331,376,43.68,25.99,993.95 
09/11/2021T07:06:40Z,185,333,368,42.43,26.05,994.17 
09/11/2021T07:07:10Z,185,325,363,42.61,26.10,994.24 
09/11/2021T07:07:41Z,189,336,377,44.01,26.05,993.88 
09/11/2021T07:08:12Z,187,330,368,42.38,26.04,994.20 
09/11/2021T07:08:42Z,188,330,367,42.71,25.98,994.24 
09/11/2021T07:09:12Z,194,343,384,44.52,26.04,993.63 
09/11/2021T07:09:43Z,195,342,379,44.35,26.02,993.70 
09/11/2021T07:10:13Z,194,337,372,43.41,26.02,993.88 
09/11/2021T07:10:43Z,193,337,372,42.12,25.97,994.35 
09/11/2021T07:11:14Z,193,338,375,44.77,26.04,993.63 
09/11/2021T07:11:45Z,195,341,366,45.62,26.09,993.30 
09/11/2021T07:12:15Z,196,348,383,46.43,26.09,993.04 
09/11/2021T07:12:46Z,200,354,398,46.35,26.07,993.00 
09/11/2021T07:13:16Z,197,351,410,46.53,26.03,992.96 
09/11/2021T07:13:46Z,189,349,394,45.99,25.99,993.07 
09/11/2021T07:14:16Z,195,355,400,46.58,25.93,992.97 
09/11/2021T07:14:47Z,192,347,393,46.68,25.94,992.90 
09/11/2021T07:15:18Z,194,352,399,46.65,25.98,992.89 
09/11/2021T07:15:49Z,194,354,406,46.43,25.97,992.92 
09/11/2021T07:16:19Z,191,345,387,44.72,25.82,993.44 
09/11/2021T07:16:50Z,187,334,370,43.82,25.80,993.65 
09/11/2021T07:17:20Z,179,318,359,42.21,25.81,994.25 
09/11/2021T07:17:50Z,180,330,372,43.04,25.71,994.04 
09/11/2021T07:18:20Z,186,340,386,44.96,25.77,993.51 
09/11/2021T07:18:50Z,188,339,391,45.07,25.83,993.36 
09/11/2021T07:19:20Z,185,343,399,45.44,25.85,993.25 
09/11/2021T07:19:51Z,190,342,397,46.04,25.89,993.07 
09/11/2021T07:20:21Z,192,346,396,45.43,25.87,993.16 
09/11/2021T07:20:51Z,191,344,392,45.91,25.81,993.13 
09/11/2021T07:21:21Z,190,345,384,45.77,25.83,993.12 
09/11/2021T07:21:52Z,192,340,377,46.04,25.87,993.04 
09/11/2021T07:22:23Z,196,343,379,45.72,25.88,993.09 
09/11/2021T07:22:53Z,190,331,371,43.44,25.77,993.76 
09/11/2021T07:23:23Z,185,332,369,45.68,25.78,993.25 
09/11/2021T07:23:54Z,194,343,384,46.35,25.82,992.96 
09/11/2021T07:24:24Z,192,342,381,46.44,25.77,992.90 
09/11/2021T07:24:55Z,187,337,375,46.92,25.73,992.79 
09/11/2021T07:25:25Z,190,329,370,47.09,25.73,992.68 
09/11/2021T07:25:55Z,188,329,367,46.10,25.71,992.90 
09/11/2021T07:26:25Z,176,309,341,41.94,25.70,994.06 
09/11/2021T07:26:56Z,174,312,345,43.86,25.75,993.72 
09/11/2021T07:27:26Z,179,314,347,45.03,25.73,993.27 
09/11/2021T07:27:57Z,180,322,359,45.56,25.68,993.11 
09/11/2021T07:28:27Z,177,304,333,44.45,25.66,993.42 
09/11/2021T07:28:57Z,180,309,342,44.78,25.71,993.35 
09/11/2021T07:29:28Z,177,304,336,43.97,25.71,993.44 
09/11/2021T07:29:58Z,172,298,328,43.48,25.66,993.75 
09/11/2021T07:30:28Z,178,312,345,45.28,25.74,993.24 
09/11/2021T07:30:59Z,178,313,350,44.60,25.73,993.29 
09/11/2021T07:31:29Z,174,300,339,44.59,25.65,993.35 
09/11/2021T07:32:00Z,172,299,334,44.22,25.64,993.46 
09/11/2021T07:32:31Z,165,284,321,41.99,25.69,993.95 
09/11/2021T07:33:01Z,165,284,316,41.54,25.72,994.20 
09/11/2021T07:33:31Z,163,286,316,41.54,25.66,994.28 
09/11/2021T07:34:02Z,164,283,317,42.58,25.63,993.93 
09/11/2021T07:34:32Z,172,296,327,44.57,25.70,993.36 
09/11/2021T07:35:03Z,176,300,329,45.04,25.76,993.14 
09/11/2021T07:35:33Z,177,307,339,43.59,25.72,993.44 
09/11/2021T07:36:03Z,174,300,327,42.61,25.67,993.84 
09/11/2021T07:36:33Z,171,299,337,44.37,25.70,993.37 
09/11/2021T07:37:03Z,173,306,341,44.33,25.71,993.28 
09/11/2021T07:37:34Z,170,297,335,44.24,25.65,993.35 
09/11/2021T07:38:04Z,172,299,329,43.23,25.65,993.55 
09/11/2021T07:38:35Z,169,297,338,44.03,25.68,993.45 
09/11/2021T07:39:05Z,172,299,331,44.55,25.73,993.17 
09/11/2021T07:39:35Z,174,302,333,43.83,25.76,993.29 
09/11/2021T07:40:06Z,177,304,334,44.25,25.82,993.30 
09/11/2021T07:40:37Z,171,298,329,45.32,25.84,992.92 
09/11/2021T07:41:07Z,170,297,330,45.16,25.88,992.85 
09/11/2021T07:41:37Z,167,295,332,43.20,25.78,993.40 
09/11/2021T07:42:07Z,166,285,324,44.02,25.79,993.28 
09/11/2021T07:42:38Z,168,286,319,44.55,25.83,993.10 
09/11/2021T07:43:08Z,170,296,333,44.70,25.83,993.03 
09/11/2021T07:43:39Z,170,298,328,44.66,25.83,993.02 
09/11/2021T07:44:09Z,169,290,326,44.87,25.79,992.97 
09/11/2021T07:44:39Z,170,297,339,45.06,25.76,992.89 
09/11/2021T07:45:09Z,174,299,336,45.25,25.73,992.86 
09/11/2021T07:45:39Z,175,309,337,44.91,25.67,992.96 
09/11/2021T07:46:10Z,175,309,341,45.44,25.63,992.83 
09/11/2021T07:46:40Z,176,308,339,46.05,25.57,992.64 
09/11/2021T07:47:11Z,175,303,342,46.15,25.55,992.58 
09/11/2021T07:47:41Z,172,299,328,44.86,25.56,992.80 
09/11/2021T07:48:12Z,169,290,317,42.10,25.57,993.72 
09/11/2021T07:48:42Z,165,293,322,44.59,25.61,993.14 
09/11/2021T07:49:13Z,165,286,321,43.99,25.60,993.16 
09/11/2021T07:49:43Z,166,300,325,44.78,25.63,992.99 
09/11/2021T07:50:13Z,163,287,321,43.10,25.57,993.43 
09/11/2021T07:50:43Z,164,288,322,42.50,25.55,993.61 
09/11/2021T07:51:13Z,167,285,315,42.81,25.56,993.63 
09/11/2021T07:51:44Z,167,284,316,43.64,25.63,993.33 
09/11/2021T07:52:14Z,164,286,324,43.92,25.64,993.22 
09/11/2021T07:52:44Z,167,288,327,42.53,25.68,993.54 
09/11/2021T07:53:14Z,162,284,319,43.85,25.70,993.30 
09/11/2021T07:53:45Z,161,282,314,43.99,25.73,993.12 
09/11/2021T07:54:16Z,167,285,321,44.66,25.77,992.96 
09/11/2021T07:54:46Z,163,286,314,43.99,25.76,993.14 
09/11/2021T07:55:16Z,165,281,311,43.15,25.79,993.25 
09/11/2021T07:55:47Z,162,283,315,42.35,25.73,993.66 
09/11/2021T07:56:17Z,163,277,312,43.64,25.76,993.33 
09/11/2021T07:56:47Z,164,276,312,43.97,25.78,993.10 
09/11/2021T07:57:18Z,166,289,320,43.79,25.75,993.16 
09/11/2021T07:57:48Z,168,295,333,43.78,25.76,993.19 
09/11/2021T07:58:18Z,164,286,328,43.98,25.77,993.09 
09/11/2021T07:58:49Z,164,283,321,44.93,25.84,992.80 
09/11/2021T07:59:19Z,160,278,302,41.25,25.83,993.71 
09/11/2021T07:59:49Z,157,273,300,40.57,25.82,994.03 
09/11/2021T08:00:20Z,155,263,290,40.00,25.81,994.24 
09/11/2021T08:00:50Z,155,267,293,40.24,25.84,994.08 
09/11/2021T08:01:21Z,150,263,290,39.81,25.81,994.28 
09/11/2021T08:01:51Z,149,258,285,40.58,25.77,994.06 
09/11/2021T08:02:22Z,154,265,290,43.72,25.86,993.22 
09/11/2021T08:02:52Z,161,282,314,43.44,25.85,993.11 
09/11/2021T08:03:23Z,162,281,318,44.01,25.85,992.99 
09/11/2021T08:03:53Z,163,285,326,44.03,25.80,992.96 
09/11/2021T08:04:23Z,162,278,311,43.60,25.74,993.00 
09/11/2021T08:04:54Z,154,269,297,41.42,25.65,993.60 
09/11/2021T08:05:25Z,156,271,298,41.73,25.69,993.65 
09/11/2021T08:05:55Z,155,271,296,43.67,25.73,993.15 
09/11/2021T08:06:25Z,165,282,313,41.56,25.70,993.54 
09/11/2021T08:06:56Z,161,275,302,43.26,25.67,993.18 
09/11/2021T08:07:26Z,159,274,305,43.66,25.70,993.04 
09/11/2021T08:07:57Z,159,276,304,42.48,25.71,993.27 
09/11/2021T08:08:27Z,154,272,302,40.60,25.67,993.83 
09/11/2021T08:08:58Z,153,258,289,41.42,25.66,993.70 
09/11/2021T08:09:29Z,155,264,295,43.12,25.68,993.28 
09/11/2021T08:09:59Z,158,269,301,42.55,25.68,993.24 
09/11/2021T08:10:30Z,154,266,293,42.00,25.60,993.50 
09/11/2021T08:11:00Z,151,266,291,40.82,25.61,993.75 
09/11/2021T08:11:31Z,149,258,284,42.51,25.61,993.38 
09/11/2021T08:12:02Z,152,258,287,42.82,25.62,993.24 
09/11/2021T08:12:32Z,152,261,292,43.64,25.69,992.95 
09/11/2021T08:13:03Z,153,267,292,42.13,25.64,993.29 
09/11/2021T08:13:33Z,152,261,285,41.45,25.63,993.52 
09/11/2021T08:14:03Z,147,254,278,41.44,25.66,993.64 
09/11/2021T08:14:34Z,150,252,282,40.67,25.66,993.76 
09/11/2021T08:15:04Z,148,251,281,40.02,25.70,993.91 
09/11/2021T08:15:35Z,146,247,273,40.25,25.73,993.94 
09/11/2021T08:16:05Z,147,250,278,41.62,25.75,993.64 
09/11/2021T08:16:35Z,154,260,287,43.03,25.81,993.11 
09/11/2021T08:17:06Z,153,265,288,43.12,25.79,993.06 
09/11/2021T08:17:36Z,148,255,287,42.27,25.70,993.22 
09/11/2021T08:18:06Z,148,250,276,42.20,25.67,993.41 
09/11/2021T08:18:37Z,153,256,285,43.35,25.75,993.01 
09/11/2021T08:19:07Z,154,259,289,43.99,25.81,992.80 
09/11/2021T08:19:37Z,149,252,277,41.62,25.80,993.27 
09/11/2021T08:20:08Z,142,244,274,38.56,25.88,994.14 
09/11/2021T08:20:38Z,147,249,276,38.70,25.93,994.24 
09/11/2021T08:21:09Z,145,245,273,40.29,25.88,993.90 
09/11/2021T08:21:39Z,146,248,275,42.81,25.93,993.10 
09/11/2021T08:22:10Z,147,253,286,42.94,25.94,992.95 
09/11/2021T08:22:40Z,150,249,285,43.46,25.98,992.76 
09/11/2021T08:23:10Z,152,260,287,43.65,25.97,992.68 
09/11/2021T08:23:40Z,154,260,285,43.94,25.97,992.58 
09/11/2021T08:24:11Z,152,256,280,44.14,25.95,992.47 
09/11/2021T08:24:41Z,154,267,297,43.48,25.87,992.65 
09/11/2021T08:25:12Z,149,250,277,41.96,25.75,993.06 
09/11/2021T08:25:42Z,144,250,277,43.22,25.77,992.80 
09/11/2021T08:26:13Z,147,251,280,42.86,25.77,992.92 
09/11/2021T08:26:44Z,148,248,275,42.18,25.83,992.95 
09/11/2021T08:27:14Z,143,240,263,39.95,25.90,993.63 
09/11/2021T08:27:45Z,148,244,267,40.78,25.97,993.43 
09/11/2021T08:28:15Z,144,239,264,40.09,25.97,993.74 
09/11/2021T08:28:46Z,146,245,270,40.27,26.02,993.51 
09/11/2021T08:29:17Z,138,232,250,38.29,26.07,994.18 
09/11/2021T08:29:47Z,139,235,260,39.80,26.07,993.73 
09/11/2021T08:30:17Z,142,233,251,40.78,26.00,993.60 
09/11/2021T08:30:48Z,136,230,256,41.05,25.98,993.37 
09/11/2021T08:31:19Z,142,237,266,41.46,25.92,993.26 
09/11/2021T08:31:49Z,141,241,267,42.12,25.93,993.06 
09/11/2021T08:32:19Z,140,236,263,42.54,25.91,992.90 
09/11/2021T08:32:50Z,139,237,258,42.85,25.88,992.80 
09/11/2021T08:33:20Z,141,236,263,42.68,25.85,992.84 
09/11/2021T08:33:51Z,136,230,253,42.83,25.81,992.79 
09/11/2021T08:34:22Z,138,233,253,43.25,25.78,992.68 
09/11/2021T08:34:52Z,140,233,254,43.40,25.75,992.63 
09/11/2021T08:35:23Z,137,231,254,43.71,25.72,992.55 
09/11/2021T08:35:53Z,138,232,261,43.96,25.70,992.49 
09/11/2021T08:36:24Z,136,233,257,43.83,25.67,992.50 
09/11/2021T08:36:54Z,139,233,252,44.22,25.64,992.41 
09/11/2021T08:37:25Z,137,229,254,44.13,25.63,992.42 
09/11/2021T08:37:55Z,138,231,251,44.38,25.63,992.37 
09/11/2021T08:38:26Z,139,232,255,44.32,25.59,992.37 
09/11/2021T08:38:56Z,139,232,253,44.49,25.56,992.32 
09/11/2021T08:39:27Z,139,236,262,44.75,25.55,992.27 
09/11/2021T08:39:58Z,137,234,258,44.50,25.54,992.30 
09/11/2021T08:40:28Z,136,231,252,44.21,25.52,992.41 
09/11/2021T08:40:59Z,138,232,249,44.52,25.51,992.28 
09/11/2021T08:41:29Z,134,226,247,44.57,25.50,992.30 
09/11/2021T08:42:00Z,136,229,252,44.46,25.48,992.29 
09/11/2021T08:42:31Z,137,232,254,44.95,25.48,992.17 
09/11/2021T08:43:01Z,138,231,253,44.07,25.46,992.37 
09/11/2021T08:43:32Z,139,232,249,44.94,25.46,992.20 
09/11/2021T08:44:02Z,139,230,253,45.33,25.46,992.07 
09/11/2021T08:44:32Z,137,226,255,45.40,25.47,992.03 
09/11/2021T08:45:02Z,135,231,253,44.48,25.47,992.22 
09/11/2021T08:45:33Z,134,230,255,44.48,25.46,992.28 
09/11/2021T08:46:04Z,134,222,244,43.74,25.46,992.43 
09/11/2021T08:46:35Z,135,226,247,44.59,25.47,992.30 
09/11/2021T08:47:05Z,135,220,243,45.48,25.47,992.03 
09/11/2021T08:47:35Z,134,226,247,45.93,25.47,991.85 
09/11/2021T08:48:06Z,134,231,260,46.10,25.47,991.76 
09/11/2021T08:48:37Z,137,230,252,46.20,25.46,991.70 
09/11/2021T08:49:07Z,136,229,252,46.24,25.46,991.67 
09/11/2021T08:49:38Z,134,221,243,46.42,25.45,991.63 
09/11/2021T08:50:08Z,137,226,251,46.57,25.45,991.59 
09/11/2021T08:50:38Z,133,219,246,46.36,25.44,991.63 
09/11/2021T08:51:09Z,136,225,250,46.47,25.42,991.65 
09/11/2021T08:51:40Z,135,228,250,46.68,25.42,991.58 
09/11/2021T08:52:10Z,136,234,254,46.38,25.42,991.65 
09/11/2021T08:52:41Z,133,223,242,46.65,25.40,991.60 
09/11/2021T08:53:11Z,138,232,253,46.09,25.39,991.67 
09/11/2021T08:53:41Z,135,223,249,45.37,25.37,991.96 
09/11/2021T08:54:12Z,131,219,239,45.96,25.38,991.82 
09/11/2021T08:54:42Z,132,223,249,45.61,25.38,991.89 
09/11/2021T08:55:13Z,134,223,245,46.13,25.37,991.79 
09/11/2021T08:55:43Z,133,224,245,46.45,25.37,991.64 
09/11/2021T08:56:14Z,133,220,243,46.69,25.36,991.53 
09/11/2021T08:56:44Z,134,220,246,46.71,25.36,991.53 
09/11/2021T08:57:14Z,131,220,237,46.84,25.37,991.50 
09/11/2021T08:57:45Z,132,221,243,47.08,25.37,991.41 
09/11/2021T08:58:15Z,132,218,233,47.27,25.38,991.37 
09/11/2021T08:58:46Z,131,224,246,47.16,25.38,991.38 
09/11/2021T08:59:16Z,134,221,243,47.34,25.37,991.34 
09/11/2021T08:59:46Z,133,220,240,47.27,25.36,991.31 
09/11/2021T09:00:17Z,134,223,246,47.37,25.33,991.30 
09/11/2021T09:00:48Z,131,223,247,46.93,25.31,991.39 
09/11/2021T09:01:18Z,132,220,241,46.86,25.31,991.47 
09/11/2021T09:01:49Z,130,220,242,47.05,25.31,991.39 
09/11/2021T09:02:20Z,135,226,249,47.19,25.32,991.34 
09/11/2021T09:02:50Z,134,221,238,47.34,25.30,991.31 
09/11/2021T09:03:20Z,130,214,237,47.25,25.29,991.30 
09/11/2021T09:03:51Z,132,219,237,47.07,25.28,991.39 
09/11/2021T09:04:21Z,130,219,239,47.03,25.29,991.39 
09/11/2021T09:04:52Z,126,212,237,46.66,25.31,991.47 
09/11/2021T09:05:22Z,129,214,237,46.58,25.30,991.61 
09/11/2021T09:05:52Z,128,214,237,46.31,25.31,991.63 
09/11/2021T09:06:23Z,130,215,234,46.16,25.32,991.70 
09/11/2021T09:06:53Z,129,212,233,46.36,25.31,991.64 
09/11/2021T09:07:24Z,130,213,236,46.75,25.32,991.48 
09/11/2021T09:07:54Z,129,212,236,47.07,25.32,991.37 
09/11/2021T09:08:25Z,129,215,232,47.15,25.32,991.32 
09/11/2021T09:08:55Z,127,211,234,47.21,25.32,991.31 
09/11/2021T09:09:26Z,130,213,236,47.48,25.32,991.21 
09/11/2021T09:09:57Z,128,208,229,47.28,25.31,991.26 
09/11/2021T09:10:27Z,126,211,235,47.37,25.30,991.24 
09/11/2021T09:10:57Z,126,212,233,47.27,25.28,991.25 
09/11/2021T09:11:28Z,126,212,236,46.74,25.27,991.40 
09/11/2021T09:11:58Z,128,213,234,45.55,25.25,991.81 
09/11/2021T09:12:29Z,126,215,233,45.95,25.27,991.72 
09/11/2021T09:12:59Z,127,209,226,46.63,25.27,991.48 
09/11/2021T09:13:30Z,129,210,230,47.41,25.26,991.25 
09/11/2021T09:14:00Z,126,208,226,47.52,25.27,991.21 
09/11/2021T09:14:31Z,127,212,231,47.51,25.28,991.19 
09/11/2021T09:15:01Z,127,204,228,47.78,25.28,991.10 
09/11/2021T09:15:31Z,126,209,226,47.84,25.29,991.08 
09/11/2021T09:16:01Z,130,215,232,47.97,25.29,991.03 
09/11/2021T09:17:06Z,128,213,265,47.89,25.28,991.09 
09/11/2021T09:17:36Z,125,206,229,47.66,25.28,991.13 
09/11/2021T11:30:12Z,171,307,348,59.65,23.13,988.83 
09/11/2021T11:30:43Z,178,317,359,60.39,23.30,989.16 
09/11/2021T11:31:13Z,180,317,361,59.88,23.57,989.43 
09/11/2021T11:31:43Z,177,312,346,59.28,23.79,989.56 
09/11/2021T11:32:13Z,185,329,370,58.41,23.93,989.69 
09/11/2021T11:32:44Z,187,333,371,58.21,24.06,989.71 
09/11/2021T11:33:14Z,187,325,366,58.10,24.19,989.71 
09/11/2021T11:33:44Z,192,339,386,57.72,24.28,989.77 
09/11/2021T11:34:15Z,186,331,374,57.44,24.36,989.82 
09/11/2021T11:34:46Z,184,328,365,57.22,24.44,989.85 
09/11/2021T11:35:16Z,182,312,347,57.42,24.55,989.78 
09/11/2021T11:35:46Z,188,323,361,57.63,24.65,989.68 
09/11/2021T11:36:17Z,186,319,363,57.28,24.75,989.77 
09/11/2021T11:36:47Z,186,319,359,57.08,24.82,989.80 
09/11/2021T11:37:18Z,189,329,373,56.12,24.83,990.03 
09/11/2021T11:37:48Z,197,337,387,55.93,24.82,990.11 
09/11/2021T11:38:18Z,189,325,364,56.36,24.89,989.99 
09/11/2021T11:38:48Z,189,332,376,56.15,24.95,990.01 
09/11/2021T11:39:19Z,185,325,359,56.25,24.99,989.97 
09/11/2021T11:39:49Z,185,325,364,56.02,25.03,990.04 
09/11/2021T11:40:19Z,184,326,371,55.80,25.08,990.08 
09/11/2021T11:40:49Z,182,321,356,55.74,25.12,990.11 
09/11/2021T11:41:19Z,183,320,359,55.45,25.16,990.17 
09/11/2021T11:41:49Z,186,325,363,55.45,25.18,990.17 
09/11/2021T11:42:20Z,184,315,356,55.34,25.21,990.19 
09/11/2021T11:42:50Z,182,319,363,55.48,25.25,990.14 
09/11/2021T11:43:21Z,183,313,353,55.39,25.28,990.14 
09/11/2021T11:43:51Z,181,316,359,55.10,25.31,990.23 
09/11/2021T11:44:21Z,187,318,357,55.38,25.36,990.17 
09/11/2021T11:44:51Z,185,314,353,54.81,25.35,990.32 
09/11/2021T11:45:22Z,180,311,347,54.98,25.36,990.28 
09/11/2021T11:45:52Z,184,322,363,54.98,25.39,990.27 
09/11/2021T11:46:23Z,180,314,358,55.11,25.40,990.22 
09/11/2021T11:46:53Z,183,311,352,54.98,25.43,990.26 
09/11/2021T11:47:24Z,180,309,347,54.73,25.44,990.33 
09/11/2021T11:47:54Z,181,312,353,54.86,25.47,990.28 
09/11/2021T11:48:25Z,185,315,355,54.86,25.49,990.27 
09/11/2021T11:48:56Z,182,312,346,54.87,25.51,990.26 
09/11/2021T11:49:26Z,180,310,346,54.61,25.52,990.31 
09/11/2021T11:49:56Z,182,314,350,54.75,25.54,990.27 
09/11/2021T11:50:26Z,182,313,345,54.44,25.54,990.35 
09/11/2021T11:50:57Z,178,305,339,54.56,25.54,990.33 
09/11/2021T11:51:27Z,178,308,345,54.36,25.55,990.38 
09/11/2021T11:51:58Z,178,311,345,54.41,25.57,990.36 
09/11/2021T11:52:28Z,179,302,333,54.32,25.57,990.38 
09/11/2021T11:52:59Z,176,307,344,54.29,25.57,990.39 
09/11/2021T11:53:29Z,178,308,341,54.45,25.55,990.35 
09/11/2021T11:53:59Z,177,303,338,54.64,25.54,990.28 
09/11/2021T11:54:30Z,178,305,342,55.01,25.52,990.18 
09/11/2021T11:55:00Z,177,299,341,55.07,25.54,990.14 
09/11/2021T11:55:30Z,175,299,334,54.75,25.57,990.24 
09/11/2021T11:56:00Z,174,295,331,54.78,25.61,990.24 
09/11/2021T11:56:30Z,179,295,326,54.65,25.63,990.27 
09/11/2021T11:57:01Z,177,304,336,54.64,25.63,990.28 
09/11/2021T11:57:31Z,175,300,333,55.06,25.68,990.16 
09/11/2021T11:58:02Z,175,304,344,55.14,25.70,990.11 
09/11/2021T11:58:32Z,175,300,343,54.87,25.72,990.17 
09/11/2021T11:59:02Z,171,296,329,54.98,25.74,990.17 
09/11/2021T11:59:32Z,177,302,338,54.90,25.76,990.17 
09/11/2021T12:00:02Z,174,302,337,54.83,25.77,990.21 
09/11/2021T12:00:32Z,173,296,327,54.58,25.78,990.30 
09/11/2021T12:01:03Z,173,297,331,54.87,25.78,990.20 
09/11/2021T12:01:33Z,172,292,324,54.56,25.76,990.31 
09/11/2021T12:02:04Z,175,293,335,54.52,25.76,990.34 
09/11/2021T12:02:34Z,176,300,330,54.59,25.77,990.32 
09/11/2021T12:03:04Z,172,292,331,54.62,25.77,990.31 
09/11/2021T12:03:35Z,171,287,322,54.55,25.77,990.32 
09/11/2021T12:04:05Z,170,290,324,54.77,25.79,990.26 
09/11/2021T12:04:36Z,170,291,324,54.77,25.80,990.24 
09/11/2021T12:05:06Z,169,286,314,54.33,25.80,990.37 
09/11/2021T12:05:37Z,169,280,311,54.48,25.83,990.35 
09/11/2021T12:06:07Z,167,282,311,54.26,25.84,990.41 
09/11/2021T12:06:37Z,172,288,314,54.82,25.89,990.21 
09/11/2021T12:07:08Z,170,286,321,54.62,25.92,990.25 
09/11/2021T12:07:38Z,167,285,317,54.10,25.89,990.45 
09/11/2021T12:08:08Z,170,293,321,54.31,25.93,990.40 
09/11/2021T12:08:38Z,169,290,325,54.38,25.96,990.34 
09/11/2021T12:09:09Z,167,281,312,54.00,25.94,990.46 
09/11/2021T12:09:39Z,167,285,318,54.11,25.90,990.47 
09/11/2021T12:10:09Z,171,290,322,54.47,25.87,990.34 
09/11/2021T12:10:39Z,169,286,319,54.59,25.89,990.27 
09/11/2021T12:11:10Z,170,287,316,54.37,25.90,990.33 
09/11/2021T12:11:40Z,171,283,315,54.33,25.90,990.36 
09/11/2021T12:12:10Z,168,285,312,54.45,25.92,990.27 
09/11/2021T12:12:40Z,169,286,320,54.26,25.92,990.38 
09/11/2021T12:13:10Z,173,293,330,54.20,25.89,990.38 
09/11/2021T12:13:40Z,170,289,317,54.30,25.90,990.35 
09/11/2021T12:14:11Z,173,292,320,54.61,25.92,990.24 
09/11/2021T12:14:42Z,166,285,317,54.31,25.90,990.30 
09/11/2021T12:15:12Z,167,283,315,54.31,25.89,990.34 
09/11/2021T12:15:42Z,169,282,314,54.52,25.86,990.27 
09/11/2021T12:16:12Z,168,278,309,54.01,25.84,990.44 
09/11/2021T12:16:43Z,165,278,308,53.98,25.85,990.47 
09/11/2021T12:17:13Z,170,281,307,53.90,25.85,990.51 
09/11/2021T12:17:44Z,168,289,315,53.63,25.84,990.58 
09/11/2021T12:18:14Z,170,289,321,53.92,25.83,990.51 
09/11/2021T12:18:45Z,172,288,317,54.19,25.80,990.40 
09/11/2021T12:19:15Z,170,291,325,54.06,25.79,990.42 
09/11/2021T12:19:45Z,173,296,327,54.06,25.82,990.44 
09/11/2021T12:20:16Z,174,297,329,54.15,25.84,990.41 
09/11/2021T12:20:47Z,176,300,335,54.02,25.83,990.46 
09/11/2021T12:21:17Z,176,304,339,54.09,25.82,990.45 
09/11/2021T12:21:48Z,177,304,340,54.19,25.82,990.41 
09/11/2021T12:22:18Z,175,297,334,54.01,25.84,990.46 
09/11/2021T12:22:48Z,175,308,345,54.11,25.83,990.46 
09/11/2021T12:23:19Z,180,312,350,54.19,25.82,990.43 
09/11/2021T12:23:49Z,180,307,332,54.23,25.81,990.42 
09/11/2021T12:24:20Z,176,303,330,53.97,25.82,990.50 
09/11/2021T12:24:50Z,182,311,338,53.95,25.81,990.55 
09/11/2021T12:25:20Z,187,326,365,54.27,25.84,990.39 
09/11/2021T12:25:51Z,198,342,380,54.45,25.84,990.33 
09/11/2021T12:26:21Z,194,338,371,54.13,25.87,990.41 
09/11/2021T12:26:51Z,203,352,395,53.71,25.89,990.55 
09/11/2021T12:27:22Z,210,375,420,53.48,25.86,990.67 
09/11/2021T12:27:52Z,214,380,430,53.37,25.81,990.71 
09/11/2021T12:28:23Z,217,385,434,53.25,25.77,990.76 
09/11/2021T12:28:53Z,201,353,395,53.96,25.83,990.53 
09/11/2021T12:29:24Z,203,360,409,54.11,25.88,990.46 
09/11/2021T12:29:55Z,213,390,439,54.02,25.94,990.44 
09/11/2021T12:30:25Z,209,375,419,53.78,25.97,990.54 
09/11/2021T12:30:56Z,210,375,415,53.40,26.00,990.67 
09/11/2021T12:31:26Z,211,375,430,52.85,26.00,990.87 
09/11/2021T12:31:57Z,208,374,420,52.94,26.01,990.86 
09/11/2021T12:32:28Z,212,375,426,52.70,26.03,990.93 
09/11/2021T12:32:59Z,211,374,430,52.64,26.03,990.95 
09/11/2021T12:33:29Z,221,402,458,52.24,26.01,991.10 
09/11/2021T12:33:59Z,225,400,448,52.37,26.00,991.07 
09/11/2021T12:34:29Z,228,407,451,52.61,25.99,990.99 
09/11/2021T12:35:00Z,229,418,464,52.27,25.98,991.10 
09/11/2021T12:35:30Z,233,425,483,52.24,25.98,991.13 
09/11/2021T12:36:01Z,234,427,470,52.51,25.98,991.02 
09/11/2021T12:36:32Z,235,431,489,52.22,26.00,991.12 
09/11/2021T12:37:02Z,235,424,483,52.09,26.03,991.17 
09/11/2021T12:37:33Z,227,413,471,51.67,26.00,991.34 
09/11/2021T12:38:03Z,225,406,459,52.05,26.01,991.18 
09/11/2021T12:38:34Z,224,408,455,51.78,25.99,991.29 
09/11/2021T12:39:05Z,222,402,451,52.41,25.97,991.10 
09/11/2021T12:39:36Z,220,396,459,52.46,25.94,991.08 
09/11/2021T12:40:06Z,222,395,457,52.73,25.92,990.97 
09/11/2021T12:40:37Z,223,404,457,52.25,25.90,991.17 
09/11/2021T12:41:07Z,220,400,463,51.82,25.87,991.31 
09/11/2021T12:41:38Z,214,402,458,52.45,25.86,991.12 
09/11/2021T12:42:09Z,223,402,468,52.66,25.87,991.02 
09/11/2021T12:42:39Z,229,411,472,52.55,25.87,991.03 
09/11/2021T12:43:10Z,230,419,474,52.07,25.85,991.24 
09/11/2021T12:43:41Z,234,430,493,52.10,25.86,991.23 
09/11/2021T12:44:11Z,244,449,513,52.17,25.86,991.21 
09/11/2021T12:44:42Z,237,429,483,52.03,25.92,991.24 
09/11/2021T12:45:12Z,231,425,483,51.91,25.97,991.28 
09/11/2021T12:45:43Z,230,415,457,51.87,26.00,991.31 
09/11/2021T12:46:14Z,223,408,458,51.75,26.03,991.37 
09/11/2021T12:46:45Z,224,405,454,52.07,26.07,991.22 
09/11/2021T12:47:15Z,224,403,448,51.96,26.09,991.25 
09/11/2021T12:47:46Z,225,400,446,52.32,26.12,991.11 
09/11/2021T12:48:16Z,220,392,441,51.90,26.13,991.26 
09/11/2021T12:48:47Z,218,389,443,51.91,26.13,991.29 
09/11/2021T12:49:18Z,221,395,446,51.90,26.13,991.29 
09/11/2021T12:49:48Z,226,409,456,51.02,26.04,991.62 
09/11/2021T12:50:19Z,224,407,459,52.07,26.03,991.28 
09/11/2021T12:50:49Z,223,399,448,52.24,26.04,991.18 
09/11/2021T12:51:20Z,224,403,451,52.54,26.05,991.09 
09/11/2021T12:51:50Z,219,397,454,52.25,26.07,991.16 
09/11/2021T12:52:21Z,221,398,446,51.89,26.07,991.33 
09/11/2021T12:52:52Z,216,387,434,52.55,26.11,991.12 
09/11/2021T12:53:22Z,208,380,434,53.10,26.19,990.86 
09/11/2021T12:53:53Z,211,371,418,52.65,26.26,990.98 
09/11/2021T12:54:24Z,209,365,409,52.86,26.33,990.94 
09/11/2021T12:54:55Z,201,356,393,52.54,26.39,991.00 
09/11/2021T12:55:26Z,200,354,387,52.68,26.43,991.00 
09/11/2021T12:55:56Z,200,352,387,52.36,26.43,991.09 
09/11/2021T12:56:27Z,203,356,404,51.24,26.40,991.51 
09/11/2021T12:56:58Z,206,364,410,51.22,26.37,991.60 
09/11/2021T12:57:29Z,206,366,416,51.16,26.33,991.63 
09/11/2021T12:57:59Z,208,368,418,51.02,26.27,991.71 
09/11/2021T12:58:29Z,207,360,404,51.47,26.23,991.59 
09/11/2021T12:59:00Z,204,354,399,52.73,26.27,991.14 
09/11/2021T12:59:30Z,199,345,392,54.60,26.26,990.45 
09/11/2021T13:00:00Z,198,346,384,52.26,26.21,991.20 
09/11/2021T13:00:30Z,198,347,388,52.00,26.19,991.39 
09/11/2021T13:01:01Z,198,349,396,51.60,26.17,991.54 
09/11/2021T13:01:31Z,197,340,370,51.80,26.15,991.50 
09/11/2021T13:02:01Z,198,344,381,52.29,26.17,991.32 
09/11/2021T13:02:31Z,199,348,389,51.73,26.18,991.47 
09/11/2021T13:03:02Z,200,344,383,51.28,26.20,991.64 
09/11/2021T13:03:32Z,193,336,377,50.74,26.19,991.85 
09/11/2021T13:04:03Z,193,328,362,50.41,26.17,991.96 
09/11/2021T13:04:33Z,192,334,369,50.18,26.12,992.08 
09/11/2021T13:05:03Z,191,340,376,50.63,26.10,991.88 
09/11/2021T13:05:33Z,190,338,383,50.23,26.07,992.04 
09/11/2021T13:06:03Z,189,329,367,50.18,26.05,992.06 
09/11/2021T13:06:34Z,189,334,365,50.15,26.00,992.08 
09/11/2021T13:07:04Z,191,335,377,50.50,25.99,991.93 
09/11/2021T13:07:35Z,190,330,375,50.47,25.98,991.96 
09/11/2021T13:08:06Z,195,348,394,50.68,25.98,991.89 
09/11/2021T13:08:36Z,201,355,400,50.61,25.96,991.89 
09/11/2021T13:09:07Z,201,351,401,50.62,25.94,991.92 
09/11/2021T13:09:37Z,199,347,393,50.92,25.96,991.81 
09/11/2021T13:10:08Z,193,337,381,50.69,25.96,991.89 
09/11/2021T13:10:38Z,191,336,372,50.45,25.97,991.97 
09/11/2021T13:11:09Z,188,333,380,50.64,25.99,991.92 
09/11/2021T13:11:39Z,196,340,384,50.25,26.02,992.03 
09/11/2021T13:12:09Z,191,336,379,50.34,25.99,992.02 
09/11/2021T13:12:39Z,192,330,369,50.51,25.96,991.98 
09/11/2021T13:13:10Z,190,334,370,51.07,25.95,991.77 
09/11/2021T13:13:40Z,186,333,372,51.37,26.02,991.61 
09/11/2021T13:14:10Z,190,326,363,51.10,26.05,991.68 
09/11/2021T13:14:41Z,189,320,357,51.13,26.06,991.68 
09/11/2021T13:15:11Z,188,326,359,51.11,26.06,991.69 
09/11/2021T13:15:42Z,186,328,361,51.27,26.09,991.63 
09/11/2021T13:16:12Z,187,321,357,51.47,26.13,991.56 
09/11/2021T13:16:43Z,187,329,364,51.07,26.14,991.67 
09/11/2021T13:17:13Z,188,329,369,50.93,26.15,991.75 
09/11/2021T13:17:43Z,186,329,373,50.75,26.09,991.83 
09/11/2021T13:18:13Z,185,320,358,51.28,26.09,991.65 
09/11/2021T13:18:43Z,186,326,361,51.24,26.09,991.64 
09/11/2021T13:19:14Z,185,325,361,51.27,26.12,991.65 
09/11/2021T13:19:44Z,184,320,354,51.72,26.12,991.49 
09/11/2021T13:20:14Z,187,328,364,51.24,26.10,991.64 
09/11/2021T13:20:44Z,191,327,368,51.11,26.08,991.72 
09/11/2021T13:21:14Z,191,340,382,50.87,26.08,991.80 
09/11/2021T13:21:45Z,187,335,379,50.94,26.08,991.80 
09/11/2021T13:22:15Z,186,329,371,51.14,26.09,991.73 
09/11/2021T13:22:45Z,188,327,373,51.19,26.12,991.69 
09/11/2021T13:23:16Z,188,323,361,51.26,26.11,991.67 
09/11/2021T13:23:46Z,185,329,365,51.44,26.14,991.59 
09/11/2021T13:24:17Z,190,326,371,51.08,26.15,991.73 
09/11/2021T13:24:47Z,186,326,374,51.47,26.16,991.60 
09/11/2021T13:25:17Z,187,326,364,51.69,26.20,991.50 
09/11/2021T13:25:48Z,188,329,369,51.38,26.18,991.61 
09/11/2021T13:26:18Z,186,324,372,51.44,26.16,991.62 
09/11/2021T13:26:48Z,190,323,360,51.23,26.14,991.70 
09/11/2021T13:27:18Z,189,326,360,50.68,26.13,991.91 
09/11/2021T13:27:49Z,185,317,349,51.05,26.01,991.86 
09/11/2021T13:28:19Z,186,320,355,51.04,25.86,991.86 
09/11/2021T13:28:49Z,180,320,351,51.28,25.78,991.81 
09/11/2021T13:29:19Z,187,324,358,51.26,25.68,991.86 
09/11/2021T13:29:50Z,182,320,361,51.31,25.57,991.87 
09/11/2021T13:30:20Z,186,321,359,51.59,25.51,991.81 
09/11/2021T13:30:50Z,185,328,373,52.18,25.52,991.54 
09/11/2021T13:31:20Z,186,323,361,52.08,25.55,991.56 
09/11/2021T13:31:51Z,185,323,357,52.16,25.56,991.53 
09/11/2021T13:32:22Z,187,322,360,52.09,25.57,991.54 
09/11/2021T13:32:52Z,186,320,358,52.19,25.56,991.50 
09/11/2021T13:33:22Z,184,319,353,52.19,25.58,991.51 
09/11/2021T13:33:53Z,184,317,362,51.82,25.56,991.65 
09/11/2021T13:34:23Z,186,326,356,52.12,25.53,991.59 
09/11/2021T13:34:53Z,186,325,366,52.14,25.59,991.56 
09/11/2021T13:35:23Z,183,322,355,52.25,25.67,991.51 
09/11/2021T13:35:53Z,183,311,358,51.74,25.74,991.65 
09/11/2021T13:36:24Z,187,326,368,51.49,25.77,991.77 
09/11/2021T13:36:54Z,184,322,365,51.57,25.79,991.76 
09/11/2021T13:37:24Z,183,323,367,51.38,25.85,991.81 
09/11/2021T13:37:54Z,186,330,364,51.15,25.89,991.91 
09/11/2021T13:38:24Z,188,322,365,51.24,25.92,991.88 
09/11/2021T13:38:54Z,191,332,370,51.08,25.95,991.95 
09/11/2021T13:39:24Z,186,329,372,51.30,25.98,991.86 
09/11/2021T13:39:55Z,189,332,381,51.61,25.98,991.78 
09/11/2021T13:40:26Z,188,323,370,52.00,26.02,991.62 
09/11/2021T13:40:56Z,187,327,363,51.72,26.05,991.69 
09/11/2021T13:41:27Z,187,333,381,52.30,26.07,991.50 
09/11/2021T13:41:57Z,186,323,369,52.34,26.11,991.48 
09/11/2021T13:42:28Z,185,321,359,52.53,26.16,991.38 
09/11/2021T13:42:58Z,189,326,365,52.46,26.21,991.41 
09/11/2021T13:43:28Z,183,322,356,52.16,26.26,991.50 
09/11/2021T13:43:59Z,185,314,355,52.07,26.29,991.56 
09/11/2021T13:44:30Z,186,317,362,51.97,26.30,991.63 
09/11/2021T13:45:00Z,181,317,355,51.93,26.34,991.63 
09/11/2021T13:45:30Z,183,318,358,51.77,26.37,991.70 
09/11/2021T13:46:00Z,180,308,351,51.94,26.41,991.66 
09/11/2021T13:46:31Z,180,304,339,51.52,26.42,991.77 
09/11/2021T13:47:01Z,181,310,345,51.32,26.43,991.88 
09/11/2021T13:47:31Z,180,312,347,50.95,26.40,992.02 
09/11/2021T13:48:02Z,179,314,357,50.84,26.36,992.09 
09/11/2021T13:48:32Z,182,313,347,50.43,26.32,992.24 
09/11/2021T13:49:02Z,179,305,342,50.57,26.28,992.21 
09/11/2021T13:49:33Z,177,306,344,50.47,26.28,992.25 
09/11/2021T13:50:04Z,179,309,345,50.22,26.26,992.34 
09/11/2021T13:50:34Z,182,305,336,50.71,26.25,992.22 
09/11/2021T13:51:04Z,183,316,353,51.14,26.24,992.01 
09/11/2021T13:51:34Z,183,316,347,51.13,26.16,992.03 
09/11/2021T13:52:04Z,191,326,353,51.71,26.16,991.80 
09/11/2021T13:52:35Z,185,320,363,51.68,26.17,991.79 
09/11/2021T13:53:05Z,186,327,362,51.64,26.16,991.81 
09/11/2021T13:53:35Z,187,324,367,51.16,26.14,991.97 
09/11/2021T13:54:06Z,187,320,352,51.07,26.12,992.03 
09/11/2021T13:54:36Z,185,318,358,50.52,26.09,992.24 
09/11/2021T13:55:06Z,186,318,356,50.77,26.05,992.19 
09/11/2021T13:55:37Z,187,328,364,50.88,26.03,992.16 
09/11/2021T13:56:07Z,189,327,360,51.02,26.01,992.10 
09/11/2021T13:56:37Z,194,337,380,50.53,25.99,992.30 
09/11/2021T13:57:07Z,193,333,371,50.75,26.00,992.21 
09/11/2021T13:57:38Z,188,325,366,50.88,25.97,992.20 
09/11/2021T13:58:08Z,186,326,363,50.76,25.98,992.22 
09/11/2021T13:58:38Z,187,320,356,50.94,25.97,992.17 
09/11/2021T13:59:09Z,186,321,350,50.85,25.96,992.18 
09/11/2021T13:59:39Z,188,314,353,51.06,25.94,992.11 
09/11/2021T14:00:09Z,186,314,355,50.56,25.90,992.33 
09/11/2021T14:00:39Z,185,318,351,50.99,25.89,992.16 
09/11/2021T14:01:10Z,187,325,362,50.88,25.87,992.20 
09/11/2021T14:01:40Z,184,313,345,51.26,25.87,992.06 
09/11/2021T14:02:10Z,180,308,336,51.34,25.87,992.01 
09/11/2021T14:02:40Z,187,328,368,51.43,25.88,991.96 
09/11/2021T14:03:10Z,203,358,406,51.58,25.89,991.89 
09/11/2021T14:03:41Z,202,354,394,51.40,25.86,991.97 
09/11/2021T14:04:11Z,197,342,379,51.22,25.84,992.02 
09/11/2021T14:04:41Z,191,333,372,51.37,25.82,992.00 
09/11/2021T14:05:12Z,189,321,363,51.25,25.80,992.05 
09/11/2021T14:05:42Z,193,334,370,51.24,25.77,992.09 
09/11/2021T14:06:13Z,192,333,373,51.15,25.73,992.13 
09/11/2021T14:06:43Z,188,325,363,51.31,25.70,992.11 
09/11/2021T14:07:14Z,187,321,360,51.29,25.68,992.12 
09/11/2021T14:07:44Z,188,320,352,51.28,25.66,992.13 
09/11/2021T14:08:14Z,189,323,355,51.27,25.61,992.17 
09/11/2021T14:08:44Z,184,320,356,51.08,25.60,992.24 
09/11/2021T14:09:14Z,185,317,352,51.19,25.60,992.24 
09/11/2021T14:09:45Z,185,318,359,51.00,25.60,992.30 
09/11/2021T14:10:15Z,186,323,358,51.08,25.60,992.28 
09/11/2021T14:10:45Z,184,317,356,51.33,25.60,992.21 
09/11/2021T14:11:15Z,184,320,363,51.28,25.61,992.20 
09/11/2021T14:11:46Z,185,316,354,50.84,25.59,992.36 
09/11/2021T14:12:17Z,186,317,355,50.98,25.61,992.35 
09/11/2021T14:12:47Z,185,318,362,50.67,25.62,992.45 
09/11/2021T14:13:17Z,183,316,361,50.98,25.64,992.37 
09/11/2021T14:13:48Z,186,314,356,50.92,25.67,992.36 
09/11/2021T14:14:18Z,185,318,362,51.32,25.69,992.20 
09/11/2021T14:14:49Z,184,318,354,51.23,25.70,992.21 
09/11/2021T14:15:19Z,186,320,354,51.46,25.71,992.13 
09/11/2021T14:15:49Z,189,324,362,51.16,25.71,992.20 
09/11/2021T14:16:20Z,183,320,354,50.82,25.70,992.40 
09/11/2021T14:16:50Z,182,313,349,50.76,25.68,992.43 
09/11/2021T14:17:21Z,186,316,352,50.91,25.65,992.40 
09/11/2021T14:17:51Z,186,321,357,51.06,25.65,992.30 
09/11/2021T14:18:21Z,185,320,359,50.81,25.63,992.44 
09/11/2021T14:18:51Z,183,312,349,50.67,25.61,992.49 
09/11/2021T14:19:22Z,180,309,345,51.04,25.63,992.35 
09/11/2021T14:19:52Z,182,308,340,50.86,25.66,992.41 
09/11/2021T14:20:22Z,181,307,346,51.23,25.68,992.29 
09/11/2021T14:20:52Z,188,320,348,51.14,25.69,992.29 
09/11/2021T14:21:23Z,188,324,351,51.31,25.72,992.22 
09/11/2021T14:21:53Z,185,312,349,51.28,25.78,992.18 
09/11/2021T14:22:24Z,184,312,341,51.18,25.80,992.21 
09/11/2021T14:22:55Z,184,310,335,51.13,25.82,992.23 
09/11/2021T14:23:25Z,183,309,341,51.08,25.82,992.25 
09/11/2021T14:23:55Z,182,311,353,51.07,25.79,992.27 
09/11/2021T14:24:26Z,182,308,344,51.44,25.76,992.13 
09/11/2021T14:24:56Z,184,314,346,51.72,25.78,991.97 
09/11/2021T14:25:27Z,183,310,338,51.48,25.76,992.05 
09/11/2021T14:25:57Z,181,308,341,51.76,25.77,991.94 
09/11/2021T14:26:27Z,179,301,339,51.64,25.77,991.97 
09/11/2021T14:26:58Z,180,307,340,51.73,25.79,991.94 
09/11/2021T14:27:28Z,181,309,345,51.52,25.81,992.02 
09/11/2021T14:27:58Z,182,310,350,51.41,25.82,992.05 
09/11/2021T14:28:29Z,180,309,345,51.48,25.77,992.05 
09/11/2021T14:28:59Z,179,303,339,51.30,25.76,992.12 
09/11/2021T14:29:29Z,180,302,339,51.39,25.76,992.09 
09/11/2021T14:29:59Z,174,301,336,51.38,25.75,992.10 
09/11/2021T14:30:30Z,181,308,338,51.39,25.75,992.09 
09/11/2021T14:31:00Z,175,300,334,51.43,25.69,992.14 
09/11/2021T14:31:30Z,179,308,340,51.86,25.70,991.93 
09/11/2021T14:32:01Z,179,300,334,51.77,25.73,991.93 
09/11/2021T14:32:31Z,173,295,328,51.66,25.76,991.98 
09/11/2021T14:33:01Z,174,297,330,51.71,25.80,991.96 
09/11/2021T14:33:32Z,176,302,341,51.73,25.83,991.94 
09/11/2021T14:34:02Z,179,305,345,51.74,25.85,991.93 
09/11/2021T14:34:32Z,176,300,335,51.77,25.87,991.92 
09/11/2021T14:35:03Z,175,295,329,51.67,25.88,991.95 
09/11/2021T14:35:33Z,174,289,318,51.67,25.91,991.92 
09/11/2021T14:36:03Z,172,291,326,51.71,25.91,991.93 
09/11/2021T14:36:33Z,173,292,332,51.75,25.94,991.91 
09/11/2021T14:37:04Z,175,293,330,51.76,25.94,991.92 
09/11/2021T14:37:34Z,175,294,323,51.51,25.93,992.00 
09/11/2021T14:38:04Z,174,299,327,51.55,25.94,991.98 
09/11/2021T14:38:35Z,172,292,319,51.52,25.92,992.02 
09/11/2021T14:39:05Z,176,299,333,51.55,25.94,991.97 
09/11/2021T14:39:35Z,173,287,323,51.63,25.96,991.97 
09/11/2021T14:40:05Z,172,291,324,51.41,25.96,992.04 
09/11/2021T14:40:36Z,168,285,316,51.39,25.96,992.07 
09/11/2021T14:41:06Z,173,292,318,51.55,25.96,992.01 
09/11/2021T14:41:36Z,185,321,363,51.66,25.96,991.97 
09/11/2021T14:42:06Z,194,342,387,51.63,25.97,991.97 
09/11/2021T14:42:36Z,176,302,343,51.06,25.98,992.19 
09/11/2021T14:43:23Z,179,313,347,51.04,26.02,992.21 
09/11/2021T14:43:54Z,181,313,356,50.99,26.02,992.25 
09/11/2021T14:44:24Z,184,321,368,50.94,26.04,992.24 
09/11/2021T14:44:54Z,180,310,350,51.17,26.05,992.19 
09/11/2021T14:45:25Z,183,314,357,51.19,26.04,992.15 
09/11/2021T14:45:55Z,181,314,352,50.78,26.03,992.32 
09/11/2021T14:46:25Z,185,320,368,51.18,26.05,992.18 
09/11/2021T14:46:55Z,180,313,356,50.99,26.05,992.23 
09/11/2021T14:47:26Z,183,316,363,50.96,26.03,992.26 
09/11/2021T14:47:56Z,180,310,344,50.84,26.01,992.34 
09/11/2021T14:48:27Z,177,302,336,50.97,26.03,992.27 
09/11/2021T14:48:57Z,177,293,329,50.81,26.03,992.33 
09/11/2021T14:49:28Z,176,294,332,50.58,25.99,992.45 
09/11/2021T14:49:59Z,169,293,331,51.00,26.05,992.24 
09/11/2021T14:50:29Z,171,293,330,50.95,26.08,992.27 
09/11/2021T14:50:59Z,175,290,321,50.83,26.11,992.29 
09/11/2021T14:51:30Z,167,288,323,50.38,26.11,992.45 
09/11/2021T14:52:00Z,171,290,323,50.08,26.09,992.61 
09/11/2021T14:52:30Z,170,292,328,50.40,26.06,992.49 
09/11/2021T14:53:00Z,172,289,323,50.80,25.97,992.39 
09/11/2021T14:53:31Z,171,299,335,51.05,26.01,992.24 
09/11/2021T14:54:02Z,169,288,325,50.99,26.04,992.24 
09/11/2021T14:54:32Z,169,292,331,50.76,26.05,992.32 
09/11/2021T14:55:02Z,167,289,334,50.46,26.05,992.45 
09/11/2021T14:55:33Z,170,289,326,50.24,26.04,992.58 
09/11/2021T14:56:04Z,165,285,317,50.16,26.04,992.64 
09/11/2021T14:56:34Z,168,286,324,49.82,26.04,992.77 
09/11/2021T14:57:04Z,165,280,306,49.94,26.05,992.75 
09/11/2021T14:57:35Z,164,275,306,50.02,26.06,992.69 
09/11/2021T14:58:05Z,164,281,315,50.21,26.07,992.63 
09/11/2021T14:58:35Z,170,286,323,50.04,26.05,992.68 
09/11/2021T14:59:06Z,167,286,314,50.41,26.05,992.52 
09/11/2021T14:59:37Z,166,278,312,50.12,26.04,992.64 
09/11/2021T15:00:07Z,167,277,304,50.59,26.02,992.49 
09/11/2021T15:00:37Z,165,282,312,50.30,26.01,992.58 
09/11/2021T15:01:07Z,165,282,310,50.20,25.99,992.65 
09/11/2021T15:01:38Z,168,284,320,50.33,25.98,992.63 
09/11/2021T15:02:08Z,165,274,305,50.37,25.98,992.63 
09/11/2021T15:02:38Z,163,275,313,50.63,25.98,992.53 
09/11/2021T15:03:08Z,164,282,311,50.35,25.97,992.61 
09/11/2021T15:03:39Z,165,281,314,49.98,25.96,992.78 
09/11/2021T15:04:09Z,162,279,313,50.24,25.94,992.72 
09/11/2021T15:04:39Z,165,281,316,50.04,25.91,992.79 
09/11/2021T15:05:10Z,165,282,316,50.19,25.87,992.75 
09/11/2021T15:05:40Z,164,282,313,50.12,25.84,992.79 
09/11/2021T15:06:11Z,163,284,315,50.28,25.84,992.74 
09/11/2021T15:06:41Z,162,269,300,50.69,25.84,992.57 
09/11/2021T15:07:12Z,166,278,312,50.52,25.83,992.61 
09/11/2021T15:07:42Z,163,280,311,50.33,25.81,992.69 
09/11/2021T15:08:12Z,166,278,312,50.40,25.78,992.68 
09/11/2021T15:08:43Z,164,282,314,50.56,25.75,992.62 
09/11/2021T15:09:13Z,164,281,317,50.33,25.73,992.69 
09/11/2021T15:09:43Z,164,275,307,50.21,25.71,992.74 
09/11/2021T15:10:13Z,166,275,300,50.06,25.73,992.79 
09/11/2021T15:10:44Z,167,280,310,50.39,25.75,992.67 
09/11/2021T15:11:14Z,162,274,308,50.53,25.73,992.59 
09/11/2021T15:11:45Z,163,276,305,50.69,25.76,992.53 
09/11/2021T15:12:15Z,167,278,309,50.44,25.80,992.60 
09/11/2021T15:12:45Z,164,272,302,50.52,25.81,992.57 
09/11/2021T15:13:15Z,166,279,303,50.54,25.83,992.58 
09/11/2021T15:13:45Z,164,273,295,50.54,25.84,992.58 
09/11/2021T15:14:16Z,163,282,312,50.28,25.83,992.67 
09/11/2021T15:14:47Z,166,280,310,50.53,25.82,992.61 
09/11/2021T15:15:17Z,164,278,306,50.23,25.80,992.69 
09/11/2021T15:15:47Z,164,277,313,50.10,25.80,992.75 
09/11/2021T15:16:17Z,166,276,307,49.84,25.79,992.85 
09/11/2021T15:16:48Z,161,271,308,49.73,25.76,992.92 
09/11/2021T15:17:18Z,161,270,298,49.44,25.75,993.03 
09/11/2021T15:17:48Z,163,268,301,49.29,25.69,993.11 
09/11/2021T15:18:19Z,165,272,303,50.03,25.69,992.87 
09/11/2021T15:18:50Z,159,272,308,51.44,25.67,992.32 
09/11/2021T15:19:20Z,159,271,303,51.09,25.68,992.39 
09/11/2021T15:19:50Z,163,270,300,51.07,25.69,992.40 
09/11/2021T15:20:21Z,158,270,297,51.72,25.73,992.15 
09/11/2021T15:20:51Z,161,268,299,51.58,25.76,992.13 
09/11/2021T15:21:21Z,158,264,295,51.20,25.79,992.30 
09/11/2021T15:21:52Z,160,270,303,51.04,25.79,992.32 
09/11/2021T15:22:22Z,158,272,302,50.19,25.78,992.69 
09/11/2021T15:22:53Z,159,267,302,50.41,25.80,992.63 
09/11/2021T15:23:23Z,161,270,299,50.51,25.79,992.61 
09/11/2021T15:23:53Z,159,274,311,50.46,25.80,992.59 
09/11/2021T15:24:23Z,161,275,308,50.61,25.81,992.56 
09/11/2021T15:24:53Z,169,285,319,50.71,25.81,992.51 
09/11/2021T15:25:24Z,164,276,306,50.14,25.83,992.71 
09/11/2021T15:25:54Z,162,274,311,50.00,25.79,992.83 
09/11/2021T15:26:24Z,163,279,303,50.59,25.78,992.62 
09/11/2021T15:26:54Z,165,279,308,50.70,25.81,992.55 
09/11/2021T15:27:24Z,166,284,315,50.93,25.79,992.50 
09/11/2021T15:27:55Z,164,276,309,51.41,25.78,992.29 
09/11/2021T15:28:25Z,163,276,307,50.73,25.78,992.53 
09/11/2021T15:28:55Z,161,276,305,50.61,25.80,992.59 
09/11/2021T15:29:26Z,163,274,301,50.90,25.80,992.52 
09/11/2021T15:29:56Z,163,271,300,50.68,25.87,992.54 
09/11/2021T15:30:27Z,161,272,302,50.72,25.89,992.53 
09/11/2021T15:30:57Z,157,270,301,50.66,25.90,992.57 
09/11/2021T15:31:27Z,161,268,299,50.74,25.93,992.52 
09/11/2021T15:31:58Z,157,264,297,50.81,25.94,992.49 
09/11/2021T15:32:28Z,158,269,299,50.65,25.92,992.57 
09/11/2021T15:32:59Z,158,269,297,50.62,25.89,992.59 
09/11/2021T15:33:29Z,157,271,301,50.85,25.92,992.52 
09/11/2021T15:33:59Z,162,265,299,50.60,25.93,992.58 
09/11/2021T15:34:30Z,161,268,298,50.57,25.94,992.63 
09/11/2021T15:35:00Z,158,272,304,50.32,25.94,992.72 
09/11/2021T15:35:30Z,158,272,306,50.12,25.93,992.80 
09/11/2021T15:36:00Z,156,265,301,50.31,25.89,992.77 
09/11/2021T15:36:31Z,161,266,299,50.60,25.89,992.64 
09/11/2021T15:37:02Z,158,269,302,50.64,25.94,992.61 
09/11/2021T15:37:32Z,156,268,305,50.25,25.98,992.75 
09/11/2021T15:38:03Z,158,265,292,50.30,26.04,992.72 
09/11/2021T15:38:33Z,159,268,301,50.42,26.10,992.66 
09/11/2021T15:39:03Z,159,267,296,50.29,26.10,992.69 
09/11/2021T15:39:33Z,158,269,297,50.41,26.12,992.66 
09/11/2021T15:40:04Z,158,265,296,50.29,26.14,992.70 
09/11/2021T15:40:34Z,158,264,289,49.98,26.15,992.84 
09/11/2021T15:41:04Z,158,266,300,50.32,26.16,992.71 
09/11/2021T15:41:34Z,156,265,296,50.52,26.15,992.59 
09/11/2021T15:42:04Z,155,263,295,50.37,26.13,992.67 
09/11/2021T15:42:35Z,160,270,303,50.35,26.11,992.69 
09/11/2021T15:43:05Z,158,265,294,49.91,26.09,992.82 
09/11/2021T15:43:36Z,158,268,300,49.64,25.98,992.99 
09/11/2021T15:44:06Z,156,266,299,50.33,25.88,992.82 
09/11/2021T15:44:36Z,156,265,298,50.60,25.94,992.62 
09/11/2021T15:45:06Z,157,260,298,50.75,25.99,992.54 
09/11/2021T15:45:37Z,153,264,287,50.73,26.02,992.51 
09/11/2021T15:46:07Z,157,264,291,50.72,26.05,992.50 
09/11/2021T15:46:38Z,158,266,294,50.52,26.09,992.56 
09/11/2021T15:47:08Z,156,266,295,50.40,26.10,992.63 
09/11/2021T15:47:38Z,159,270,297,50.46,26.11,992.58 
09/11/2021T15:48:08Z,155,263,292,50.34,26.13,992.61 
09/11/2021T15:48:38Z,156,268,299,49.93,26.13,992.82 
09/11/2021T15:49:09Z,160,271,297,49.96,26.16,992.80 
09/11/2021T15:49:39Z,159,265,299,49.92,26.17,992.80 
09/11/2021T15:50:09Z,159,273,303,49.64,26.18,992.93 
09/11/2021T15:50:40Z,161,274,302,49.81,26.19,992.86 
09/11/2021T15:51:11Z,188,327,362,49.69,26.20,992.89 
09/11/2021T15:51:41Z,213,374,415,49.67,26.23,992.87 
09/11/2021T15:52:12Z,194,339,375,49.51,26.20,992.98 
09/11/2021T15:52:42Z,176,299,334,49.34,26.16,993.04 
09/11/2021T15:53:12Z,176,293,324,49.41,26.12,993.03 
09/11/2021T15:53:43Z,164,278,301,49.15,26.04,993.12 
09/11/2021T15:54:13Z,166,283,310,49.68,25.98,992.95 
09/11/2021T15:54:44Z,171,288,317,49.91,25.92,992.86 
09/11/2021T15:55:14Z,180,310,350,49.58,25.82,993.02 
09/11/2021T15:55:45Z,182,308,353,49.93,25.81,992.89 
09/11/2021T15:56:15Z,184,315,350,50.18,25.80,992.78 
09/11/2021T15:56:46Z,192,332,375,50.05,25.74,992.87 
09/11/2021T15:57:16Z,185,316,357,50.28,25.73,992.79 
09/11/2021T15:57:46Z,186,317,360,50.22,25.76,992.78 
09/11/2021T15:58:17Z,186,319,364,50.28,25.79,992.75 
09/11/2021T15:58:47Z,186,319,364,50.51,25.81,992.66 
09/11/2021T15:59:18Z,189,328,364,50.27,25.78,992.73 
09/11/2021T15:59:48Z,194,334,377,50.13,25.75,992.80 
09/11/2021T16:00:18Z,200,344,383,50.08,25.72,992.84 
09/11/2021T16:00:48Z,202,348,383,50.07,25.63,992.87 
09/11/2021T16:01:18Z,197,335,372,50.59,25.66,992.67 
09/11/2021T16:01:48Z,198,341,377,50.19,25.68,992.79 
09/11/2021T16:02:19Z,193,332,373,50.10,25.69,992.83 
09/11/2021T16:02:50Z,194,333,374,50.16,25.70,992.81 
09/11/2021T16:03:20Z,198,339,379,50.17,25.71,992.81 
09/11/2021T16:03:50Z,188,327,366,50.14,25.72,992.80 
09/11/2021T16:04:21Z,191,333,373,49.91,25.72,992.89 
09/11/2021T16:04:51Z,193,329,363,50.07,25.71,992.84 
09/11/2021T16:05:21Z,192,328,374,50.12,25.72,992.81 
09/11/2021T16:05:51Z,187,324,361,49.94,25.70,992.87 
09/11/2021T16:06:22Z,184,319,356,50.05,25.70,992.85 
09/11/2021T16:06:52Z,181,308,348,49.51,25.71,992.99 
09/11/2021T16:07:22Z,180,301,338,49.75,25.68,993.00 
09/11/2021T16:07:53Z,179,304,340,50.02,25.69,992.87 
09/11/2021T16:08:23Z,177,297,343,49.62,25.71,992.98 
09/11/2021T16:08:53Z,176,307,345,49.67,25.70,992.99 
09/11/2021T16:09:23Z,178,307,345,49.98,25.69,992.92 
09/11/2021T16:09:54Z,177,310,360,50.24,25.71,992.80 
09/11/2021T16:10:24Z,179,310,357,50.34,25.73,992.73 
09/11/2021T16:10:54Z,174,302,343,50.09,25.74,992.81 
09/11/2021T16:11:25Z,172,301,342,49.82,25.75,992.91 
09/11/2021T16:11:55Z,170,293,332,49.68,25.75,992.97 
09/11/2021T16:12:25Z,168,284,314,49.17,25.73,993.16 
09/11/2021T16:12:55Z,171,283,318,49.50,25.74,993.07 
09/11/2021T16:13:25Z,168,281,317,49.07,25.71,993.20 
09/11/2021T16:13:56Z,166,290,326,49.15,25.64,993.21 
09/11/2021T16:14:26Z,168,285,321,49.34,25.56,993.15 
09/11/2021T16:14:57Z,166,291,319,49.69,25.49,993.05 
09/11/2021T16:15:27Z,165,290,328,49.82,25.50,992.98 
09/11/2021T16:15:57Z,170,291,326,49.88,25.49,992.94 
09/11/2021T16:16:27Z,168,285,319,49.99,25.52,992.90 
09/11/2021T16:16:57Z,167,285,318,50.05,25.51,992.87 
09/11/2021T16:17:27Z,171,291,332,49.73,25.53,992.98 
09/11/2021T16:17:57Z,173,297,327,49.82,25.55,992.96 
09/11/2021T16:18:28Z,172,293,330,49.71,25.56,992.96 
09/11/2021T16:18:58Z,171,293,333,49.87,25.54,992.94 
09/11/2021T16:19:28Z,168,287,327,50.20,25.55,992.78 
09/11/2021T16:19:59Z,169,293,325,49.84,25.53,992.90 
09/11/2021T16:20:29Z,172,294,332,49.53,25.46,993.06 
09/11/2021T16:21:00Z,171,292,328,49.70,25.45,993.00 
09/11/2021T16:21:30Z,170,291,329,49.73,25.46,992.99 
09/11/2021T16:22:00Z,168,290,323,49.78,25.47,992.97 
09/11/2021T16:22:31Z,170,284,315,49.75,25.50,992.95 
09/11/2021T16:23:02Z,167,285,319,49.73,25.52,992.96 
09/11/2021T16:23:32Z,170,287,320,49.72,25.54,992.96 
09/11/2021T16:24:03Z,170,292,330,49.73,25.55,992.94 
09/11/2021T16:24:33Z,170,282,307,49.71,25.57,992.94 
09/11/2021T16:25:04Z,169,283,316,49.75,25.59,992.92 
09/11/2021T16:25:34Z,167,284,318,49.81,25.59,992.90 
09/11/2021T16:26:04Z,166,285,319,49.82,25.60,992.89 
09/11/2021T16:26:35Z,168,289,325,49.85,25.60,992.88 
09/11/2021T16:27:05Z,165,281,316,49.89,25.60,992.85 
09/11/2021T16:27:35Z,166,280,317,49.92,25.60,992.85 
09/11/2021T16:28:05Z,165,278,314,49.96,25.60,992.85 
09/11/2021T16:28:36Z,169,285,319,49.99,25.60,992.83 
09/11/2021T16:29:06Z,167,282,315,50.04,25.59,992.82 
09/11/2021T16:29:36Z,164,276,308,50.06,25.59,992.81 
09/11/2021T16:30:07Z,166,280,315,50.14,25.59,992.78 
09/11/2021T16:30:38Z,164,276,308,50.17,25.58,992.75 
09/11/2021T16:31:08Z,164,282,308,50.18,25.58,992.78 
09/11/2021T16:31:38Z,161,278,307,50.25,25.57,992.76 
09/11/2021T16:32:09Z,165,280,314,50.27,25.57,992.75 
09/11/2021T16:32:39Z,162,272,306,50.30,25.56,992.74 
09/11/2021T16:33:09Z,165,269,301,50.31,25.56,992.72 
09/11/2021T16:33:39Z,162,272,306,50.33,25.56,992.72 
09/11/2021T16:34:10Z,159,274,305,50.38,25.55,992.70 
09/11/2021T16:34:40Z,162,276,306,50.42,25.55,992.69 
09/11/2021T16:35:11Z,164,277,311,50.43,25.55,992.68 
09/11/2021T16:35:41Z,162,276,310,50.44,25.54,992.67 
09/11/2021T16:36:11Z,158,268,294,50.46,25.54,992.66 
09/11/2021T16:36:42Z,160,267,297,50.55,25.53,992.63 
09/11/2021T16:37:12Z,164,274,304,50.59,25.52,992.61 
09/11/2021T16:37:42Z,163,272,302,50.57,25.52,992.61 
09/11/2021T16:38:12Z,162,273,296,50.62,25.52,992.57 
09/11/2021T16:38:43Z,163,271,307,50.64,25.52,992.57 
09/11/2021T16:39:13Z,164,275,303,50.65,25.51,992.58 
09/11/2021T16:39:43Z,167,276,305,50.69,25.51,992.55 
09/11/2021T16:40:14Z,165,277,308,50.73,25.51,992.55 
09/11/2021T16:40:44Z,167,285,315,50.79,25.50,992.52 
09/11/2021T16:41:15Z,164,282,314,50.80,25.50,992.51 
09/11/2021T16:41:46Z,167,286,310,50.86,25.50,992.49 
09/11/2021T16:42:16Z,172,296,324,50.89,25.49,992.49 
09/11/2021T16:42:46Z,180,300,327,50.93,25.49,992.46 
09/11/2021T16:43:16Z,180,301,330,51.01,25.48,992.43 
09/11/2021T16:43:47Z,182,302,334,51.01,25.48,992.42 
09/11/2021T16:44:17Z,182,308,340,51.07,25.47,992.39 
09/11/2021T16:44:48Z,181,305,333,51.09,25.47,992.38 
09/11/2021T16:45:18Z,179,303,338,51.08,25.48,992.38 
09/11/2021T16:45:48Z,180,303,332,51.17,25.46,992.33 
09/11/2021T16:46:18Z,177,300,336,51.17,25.47,992.34 
09/11/2021T16:46:49Z,182,315,350,51.21,25.46,992.33 
09/11/2021T16:47:19Z,181,306,342,51.23,25.44,992.32 
09/11/2021T16:47:49Z,181,307,338,51.29,25.44,992.31 
09/11/2021T16:48:20Z,183,312,344,51.31,25.43,992.29 
09/11/2021T16:48:50Z,187,313,345,51.33,25.43,992.27 
09/11/2021T16:49:20Z,185,305,338,51.36,25.43,992.26 
09/11/2021T16:49:50Z,187,310,337,51.37,25.43,992.26 
09/11/2021T16:50:21Z,182,311,342,51.39,25.42,992.26 
09/11/2021T16:50:51Z,180,305,340,51.43,25.42,992.24 
09/11/2021T16:51:22Z,182,308,336,51.49,25.41,992.22 
09/11/2021T16:51:52Z,181,304,338,51.52,25.40,992.22 
09/11/2021T16:52:22Z,184,309,342,51.55,25.40,992.19 
09/11/2021T16:52:52Z,187,311,340,51.58,25.40,992.19 
09/11/2021T16:53:22Z,180,304,340,51.66,25.39,992.16 
09/11/2021T16:53:52Z,184,310,343,51.67,25.39,992.16 
09/11/2021T16:54:23Z,183,306,338,51.69,25.39,992.14 
09/11/2021T16:54:53Z,182,309,335,51.72,25.38,992.13 
09/11/2021T16:55:24Z,180,306,332,51.74,25.38,992.13 
09/11/2021T16:55:54Z,180,306,337,51.81,25.37,992.11 
09/11/2021T16:56:24Z,180,303,328,51.83,25.36,992.10 
09/11/2021T16:56:55Z,181,309,341,51.86,25.37,992.10 
09/11/2021T16:57:26Z,182,304,333,51.81,25.37,992.12 
09/11/2021T16:57:56Z,181,300,329,51.84,25.37,992.11 
09/11/2021T16:58:26Z,183,306,340,51.84,25.38,992.12 
09/11/2021T16:58:56Z,179,304,340,51.94,25.36,992.07 
09/11/2021T16:59:27Z,179,303,336,51.99,25.34,992.08 
09/11/2021T16:59:57Z,179,296,325,51.99,25.34,992.09 
09/11/2021T17:00:27Z,180,300,334,52.09,25.32,992.06 
09/11/2021T17:00:58Z,178,300,335,52.05,25.33,992.07 
09/11/2021T17:01:28Z,181,295,331,52.02,25.34,992.06 
09/11/2021T17:01:58Z,179,296,322,52.03,25.35,992.06 
09/11/2021T17:02:29Z,179,300,330,52.06,25.33,992.06 
09/11/2021T17:02:59Z,174,294,326,52.18,25.32,992.03 
09/11/2021T17:03:29Z,178,301,331,52.21,25.30,992.01 
09/11/2021T17:03:59Z,179,303,342,52.18,25.30,992.03 
09/11/2021T17:04:30Z,175,295,327,52.15,25.31,992.05 
09/11/2021T17:05:00Z,179,299,334,52.18,25.30,992.03 
09/11/2021T17:05:30Z,176,299,328,52.20,25.31,992.03 
09/11/2021T17:06:15Z,177,298,339,52.26,25.30,992.01 
09/11/2021T17:06:45Z,178,302,335,52.28,25.29,991.99 
