10/11/2021T03:10:08Z,168,305,338,59.16,21.95,992.51 
10/11/2021T03:10:38Z,181,326,368,58.78,22.14,992.71 
10/11/2021T03:11:09Z,182,328,370,57.94,22.35,992.89 
10/11/2021T03:11:38Z,180,325,360,57.36,22.55,993.00 
10/11/2021T03:12:08Z,182,326,368,56.54,22.71,993.17 
10/11/2021T03:12:39Z,179,339,396,55.53,22.82,993.41 
10/11/2021T03:13:09Z,180,350,425,55.31,22.93,993.47 
10/11/2021T03:13:40Z,177,355,454,54.85,23.05,993.56 
10/11/2021T03:14:10Z,173,405,613,54.39,23.14,993.68 
10/11/2021T03:14:40Z,179,400,596,54.11,23.22,993.75 
10/11/2021T03:15:11Z,182,386,543,53.99,23.21,993.78 
10/11/2021T03:15:41Z,178,385,550,54.04,23.30,993.76 
10/11/2021T03:16:12Z,177,372,499,54.00,23.37,993.76 
10/11/2021T03:16:42Z,182,360,458,53.85,23.43,993.80 
10/11/2021T03:17:12Z,183,356,442,53.79,23.47,993.81 
10/11/2021T03:17:42Z,185,355,426,53.65,23.53,993.85 
10/11/2021T03:18:13Z,187,353,435,53.35,23.52,993.94 
10/11/2021T03:18:43Z,183,352,417,53.61,23.57,993.84 
10/11/2021T03:19:14Z,184,340,397,53.18,23.59,993.97 
10/11/2021T03:19:45Z,184,344,408,53.22,23.63,993.96 
10/11/2021T03:20:15Z,187,337,397,52.94,23.66,994.03 
10/11/2021T03:20:45Z,186,346,396,52.84,23.69,994.06 
10/11/2021T03:21:15Z,186,344,399,52.45,23.70,994.17 
10/11/2021T03:21:45Z,189,347,398,52.64,23.70,994.12 
10/11/2021T03:22:16Z,185,342,401,52.65,23.73,994.08 
10/11/2021T03:22:46Z,187,343,402,52.45,23.75,994.17 
10/11/2021T03:23:17Z,189,352,409,52.31,23.75,994.20 
10/11/2021T03:23:48Z,191,350,398,52.18,23.69,994.26 
10/11/2021T03:24:19Z,190,351,401,52.54,23.67,994.16 
10/11/2021T03:24:49Z,189,347,391,52.49,23.71,994.14 
10/11/2021T03:25:19Z,185,341,380,52.43,23.74,994.16 
10/11/2021T03:25:50Z,188,342,380,52.18,23.75,994.21 
10/11/2021T03:26:20Z,189,349,398,52.24,23.75,994.22 
10/11/2021T03:26:51Z,191,352,400,52.30,23.80,994.16 
10/11/2021T03:27:22Z,194,361,401,52.22,23.86,994.16 
10/11/2021T03:27:52Z,191,346,389,52.08,23.89,994.19 
10/11/2021T03:28:23Z,189,346,389,52.09,23.92,994.19 
10/11/2021T03:28:53Z,192,358,398,51.75,23.92,994.30 
10/11/2021T03:29:24Z,197,368,410,51.51,23.77,994.43 
10/11/2021T03:29:54Z,204,367,421,51.95,23.65,994.32 
10/11/2021T03:30:25Z,196,361,404,52.41,23.71,994.11 
10/11/2021T03:30:55Z,193,354,398,52.23,23.74,994.16 
10/11/2021T03:31:26Z,195,367,406,52.11,23.78,994.20 
10/11/2021T03:31:57Z,196,364,427,51.95,23.81,994.24 
10/11/2021T03:32:27Z,199,397,492,51.80,23.84,994.30 
10/11/2021T03:32:58Z,202,390,464,51.94,23.86,994.23 
10/11/2021T03:33:29Z,195,383,443,52.04,23.87,994.18 
10/11/2021T03:33:59Z,200,389,454,51.77,23.87,994.27 
10/11/2021T03:34:30Z,203,386,439,51.91,23.69,994.31 
10/11/2021T03:35:00Z,203,381,435,52.54,23.74,994.04 
10/11/2021T03:35:31Z,201,374,429,52.15,23.81,994.12 
10/11/2021T03:36:02Z,202,382,429,51.87,23.86,994.23 
10/11/2021T03:36:32Z,202,384,435,52.13,23.90,994.13 
10/11/2021T03:37:03Z,205,382,427,51.73,23.95,994.23 
10/11/2021T03:37:33Z,207,386,436,51.58,24.00,994.29 
10/11/2021T03:38:04Z,202,386,435,51.56,24.02,994.29 
10/11/2021T03:38:34Z,206,388,450,51.47,24.02,994.33 
10/11/2021T03:39:05Z,206,394,450,51.44,24.03,994.34 
10/11/2021T03:39:36Z,205,393,452,51.46,24.04,994.33 
10/11/2021T03:40:07Z,206,385,450,51.38,24.02,994.36 
10/11/2021T03:40:37Z,212,398,460,51.76,24.02,994.22 
10/11/2021T03:41:08Z,220,419,473,51.52,23.96,994.29 
10/11/2021T03:41:38Z,215,408,461,51.67,23.90,994.23 
10/11/2021T03:42:09Z,216,412,467,51.72,23.75,994.27 
10/11/2021T03:42:39Z,213,411,470,51.82,23.67,994.20 
10/11/2021T03:43:09Z,212,413,467,52.15,23.61,994.12 
10/11/2021T03:43:40Z,212,411,472,52.66,23.70,993.88 
10/11/2021T03:44:10Z,208,401,446,52.54,23.78,993.91 
10/11/2021T03:44:41Z,238,471,528,52.30,23.85,993.96 
10/11/2021T03:45:11Z,329,672,739,52.34,23.81,993.99 
10/11/2021T03:45:42Z,279,545,599,52.78,23.82,993.84 
10/11/2021T03:46:12Z,266,518,575,52.75,23.88,993.83 
10/11/2021T03:46:42Z,253,483,548,52.40,23.98,993.92 
10/11/2021T03:47:13Z,244,454,515,52.13,24.00,994.05 
10/11/2021T03:47:43Z,241,457,515,51.94,24.04,994.12 
10/11/2021T03:48:14Z,235,445,499,51.67,24.00,994.23 
10/11/2021T03:48:45Z,233,452,514,51.96,24.01,994.12 
10/11/2021T03:49:16Z,226,442,502,52.03,23.88,994.14 
10/11/2021T03:49:46Z,233,444,501,52.25,23.91,994.03 
10/11/2021T03:50:17Z,232,446,500,52.16,23.99,994.05 
10/11/2021T03:50:48Z,226,423,490,52.00,24.04,994.10 
10/11/2021T03:51:19Z,220,430,488,51.86,24.07,994.17 
10/11/2021T03:51:49Z,226,432,491,51.99,24.13,994.12 
10/11/2021T03:52:20Z,222,420,483,51.92,24.11,994.14 
10/11/2021T03:52:50Z,221,424,487,52.16,24.08,994.09 
10/11/2021T03:53:21Z,223,427,488,51.56,24.02,994.27 
10/11/2021T03:53:51Z,222,433,481,52.03,23.91,994.20 
10/11/2021T03:54:22Z,225,431,476,52.32,24.03,994.00 
10/11/2021T03:54:52Z,217,412,457,51.60,24.10,994.23 
10/11/2021T03:55:23Z,219,427,486,50.98,24.06,994.46 
10/11/2021T03:55:54Z,225,444,503,51.68,23.95,994.27 
10/11/2021T03:56:24Z,220,434,499,51.90,24.03,994.12 
10/11/2021T03:56:55Z,220,429,488,51.36,24.09,994.29 
10/11/2021T03:57:26Z,223,427,480,51.39,24.11,994.28 
10/11/2021T03:57:57Z,223,433,478,51.52,24.16,994.22 
10/11/2021T03:58:27Z,224,428,485,51.06,24.19,994.37 
10/11/2021T03:58:58Z,221,424,489,50.88,24.19,994.44 
10/11/2021T03:59:29Z,224,438,484,50.76,24.21,994.49 
10/11/2021T03:59:59Z,224,440,500,50.38,24.19,994.62 
10/11/2021T04:00:30Z,228,437,495,50.78,24.12,994.53 
10/11/2021T04:01:01Z,224,431,491,51.06,24.14,994.38 
10/11/2021T04:01:31Z,229,443,499,50.44,24.04,994.61 
10/11/2021T04:02:01Z,232,445,503,51.13,23.94,994.40 
10/11/2021T04:02:31Z,230,435,498,51.29,23.94,994.32 
10/11/2021T04:03:02Z,222,433,501,51.32,24.00,994.30 
10/11/2021T04:03:32Z,227,438,494,51.08,24.08,994.36 
10/11/2021T04:04:03Z,227,439,496,51.05,24.15,994.36 
10/11/2021T04:04:34Z,221,434,495,50.78,24.17,994.46 
10/11/2021T04:05:05Z,225,441,494,50.76,24.22,994.45 
10/11/2021T04:05:35Z,225,439,498,50.53,24.27,994.51 
10/11/2021T04:06:06Z,226,440,498,50.54,24.30,994.50 
10/11/2021T04:06:37Z,227,448,512,50.50,24.25,994.53 
10/11/2021T04:07:07Z,226,438,498,50.74,24.28,994.43 
10/11/2021T04:07:38Z,225,445,514,50.79,24.30,994.40 
10/11/2021T04:08:09Z,227,440,510,50.84,24.30,994.39 
10/11/2021T04:08:39Z,227,454,519,50.80,24.31,994.40 
10/11/2021T04:09:10Z,229,453,515,50.72,24.33,994.43 
10/11/2021T04:09:41Z,230,450,522,50.87,24.35,994.39 
10/11/2021T04:10:11Z,230,452,514,50.84,24.39,994.39 
10/11/2021T04:10:42Z,224,439,501,50.72,24.42,994.41 
10/11/2021T04:11:12Z,226,444,515,50.52,24.40,994.51 
10/11/2021T04:11:43Z,223,449,511,50.31,24.40,994.58 
10/11/2021T04:12:14Z,232,451,517,50.47,24.38,994.53 
10/11/2021T04:12:44Z,232,459,520,50.19,24.27,994.64 
10/11/2021T04:13:15Z,239,474,542,50.37,24.18,994.62 
10/11/2021T04:13:45Z,241,477,535,50.00,24.05,994.78 
10/11/2021T04:14:15Z,234,459,517,50.98,24.06,994.42 
10/11/2021T04:14:46Z,233,456,523,50.96,24.14,994.36 
10/11/2021T04:15:17Z,234,455,517,50.99,24.21,994.30 
10/11/2021T04:15:48Z,230,455,516,51.28,24.28,994.17 
10/11/2021T04:16:18Z,230,459,521,51.26,24.33,994.16 
10/11/2021T04:16:49Z,227,455,508,51.18,24.37,994.18 
10/11/2021T04:17:19Z,233,465,524,51.28,24.30,994.18 
10/11/2021T04:17:50Z,242,466,529,50.91,24.23,994.33 
10/11/2021T04:18:20Z,238,477,539,50.89,24.09,994.41 
10/11/2021T04:18:51Z,234,463,527,51.60,24.04,994.20 
10/11/2021T04:19:21Z,236,466,530,51.93,24.08,994.04 
10/11/2021T04:19:52Z,235,457,521,51.86,24.18,994.01 
10/11/2021T04:20:23Z,236,455,517,51.65,24.27,994.05 
10/11/2021T04:20:54Z,238,465,532,51.10,24.28,994.23 
10/11/2021T04:21:24Z,233,470,535,51.58,24.26,994.10 
10/11/2021T04:21:55Z,238,478,546,51.11,24.25,994.23 
10/11/2021T04:22:26Z,241,475,543,51.10,24.17,994.26 
10/11/2021T04:22:56Z,237,470,533,51.80,24.20,994.06 
10/11/2021T04:23:27Z,237,475,539,51.48,24.23,994.12 
10/11/2021T04:23:58Z,243,471,535,51.77,24.22,994.02 
10/11/2021T04:24:28Z,239,470,533,51.96,24.30,993.91 
10/11/2021T04:24:59Z,237,471,540,51.75,24.38,993.98 
10/11/2021T04:25:30Z,235,473,532,51.81,24.41,993.94 
10/11/2021T04:26:00Z,241,480,545,52.27,24.38,993.78 
10/11/2021T04:26:31Z,236,474,530,52.36,24.42,993.69 
10/11/2021T04:27:01Z,239,477,546,52.08,24.44,993.79 
10/11/2021T04:27:32Z,238,466,536,52.11,24.47,993.79 
10/11/2021T04:28:03Z,241,476,538,51.88,24.54,993.83 
10/11/2021T04:28:33Z,238,465,520,51.73,24.57,993.89 
10/11/2021T04:29:04Z,238,473,539,51.53,24.58,993.98 
10/11/2021T04:29:35Z,241,471,531,51.24,24.64,994.04 
10/11/2021T04:30:05Z,240,466,523,50.60,24.64,994.30 
10/11/2021T04:30:35Z,240,467,529,50.76,24.64,994.28 
10/11/2021T04:31:06Z,238,459,519,50.66,24.62,994.31 
10/11/2021T04:31:36Z,240,479,539,50.50,24.60,994.36 
10/11/2021T04:32:07Z,237,467,527,50.60,24.58,994.33 
10/11/2021T04:32:38Z,237,471,537,50.71,24.60,994.28 
10/11/2021T04:33:08Z,244,476,532,50.05,24.58,994.48 
10/11/2021T04:33:39Z,247,489,545,49.31,24.39,994.80 
10/11/2021T04:34:10Z,239,465,532,50.87,24.41,994.29 
10/11/2021T04:34:40Z,239,469,536,50.52,24.49,994.31 
10/11/2021T04:35:11Z,239,468,528,50.36,24.50,994.37 
10/11/2021T04:35:42Z,239,477,538,50.52,24.55,994.30 
10/11/2021T04:36:12Z,237,465,526,50.35,24.57,994.33 
10/11/2021T04:36:42Z,239,465,523,50.17,24.49,994.42 
10/11/2021T04:37:13Z,239,466,526,50.31,24.53,994.34 
10/11/2021T04:37:44Z,236,469,533,50.15,24.52,994.43 
10/11/2021T04:38:14Z,238,466,520,50.31,24.56,994.34 
10/11/2021T04:38:45Z,238,468,525,50.47,24.58,994.30 
10/11/2021T04:39:16Z,238,465,532,49.78,24.56,994.50 
10/11/2021T04:39:47Z,238,467,525,49.07,24.43,994.79 
10/11/2021T04:40:17Z,238,470,531,50.19,24.44,994.47 
10/11/2021T04:40:48Z,237,466,523,50.14,24.51,994.38 
10/11/2021T04:41:18Z,232,453,514,50.17,24.57,994.35 
10/11/2021T04:41:49Z,237,464,532,49.80,24.53,994.48 
10/11/2021T04:42:19Z,236,460,516,50.37,24.58,994.26 
10/11/2021T04:42:50Z,279,569,639,49.84,24.58,994.42 
10/11/2021T04:43:20Z,305,643,716,50.34,24.53,994.29 
10/11/2021T04:43:50Z,278,561,621,50.56,24.59,994.18 
10/11/2021T04:44:21Z,272,540,600,50.42,24.67,994.20 
10/11/2021T04:44:51Z,258,512,574,49.93,24.73,994.36 
10/11/2021T04:45:21Z,253,502,572,49.78,24.79,994.42 
10/11/2021T04:45:52Z,249,488,546,49.70,24.83,994.44 
10/11/2021T04:46:23Z,252,483,540,49.56,24.81,994.49 
10/11/2021T04:46:53Z,248,473,547,49.39,24.71,994.58 
10/11/2021T04:47:24Z,241,486,556,49.88,24.73,994.38 
10/11/2021T04:47:54Z,310,650,727,49.38,24.69,994.49 
10/11/2021T04:48:25Z,332,684,759,49.19,24.58,994.59 
10/11/2021T04:48:55Z,278,565,633,49.28,24.47,994.60 
10/11/2021T04:49:26Z,262,528,593,49.16,24.38,994.62 
10/11/2021T04:49:57Z,253,507,563,49.77,24.36,994.45 
10/11/2021T04:50:27Z,254,507,574,49.94,24.33,994.36 
10/11/2021T04:50:58Z,270,579,656,50.26,24.28,994.25 
10/11/2021T04:51:28Z,295,657,754,51.12,24.25,993.93 
10/11/2021T04:51:59Z,289,618,700,50.76,24.29,994.02 
10/11/2021T04:52:29Z,312,706,809,50.56,24.40,994.03 
10/11/2021T04:53:00Z,298,1026,1338,50.49,24.48,994.08 
10/11/2021T04:53:30Z,314,1011,1277,50.18,24.56,994.13 
10/11/2021T04:54:00Z,307,988,1246,49.98,24.60,994.19 
10/11/2021T04:54:30Z,292,805,1000,49.88,24.56,994.27 
10/11/2021T04:55:00Z,310,906,1121,50.28,24.66,994.05 
10/11/2021T04:55:31Z,303,944,1203,49.70,24.70,994.24 
10/11/2021T04:56:02Z,300,1023,1319,49.95,24.73,994.16 
10/11/2021T04:56:32Z,281,1170,1588,49.77,24.79,994.22 
10/11/2021T04:57:03Z,266,1312,226,49.88,24.84,994.17 
10/11/2021T04:57:33Z,215,1666,892,49.78,24.87,994.20 
10/11/2021T04:58:03Z,275,1152,1573,49.45,24.85,994.33 
10/11/2021T04:58:34Z,268,1208,1642,49.84,24.86,994.20 
10/11/2021T04:59:04Z,279,1086,1451,50.21,24.88,994.07 
10/11/2021T04:59:35Z,277,809,1025,49.79,24.89,994.14 
10/11/2021T05:00:05Z,274,682,839,48.98,24.87,994.49 
10/11/2021T05:00:36Z,281,738,903,49.35,24.85,994.37 
10/11/2021T05:01:06Z,268,835,1082,50.10,24.81,994.13 
10/11/2021T05:01:36Z,277,1068,1447,50.63,24.85,993.89 
10/11/2021T05:02:06Z,240,1305,239,50.40,24.88,993.93 
10/11/2021T05:02:37Z,261,1120,1551,50.65,24.83,993.89 
10/11/2021T05:03:07Z,245,1437,402,50.79,24.90,993.81 
10/11/2021T05:03:38Z,265,798,1029,48.78,24.83,994.48 
10/11/2021T05:04:08Z,267,628,749,48.99,24.70,994.56 
10/11/2021T05:04:39Z,273,665,802,49.71,24.63,994.31 
10/11/2021T05:05:10Z,272,785,983,49.92,24.57,994.24 
10/11/2021T05:05:40Z,234,1522,646,50.77,24.62,993.88 
10/11/2021T05:06:11Z,251,1356,172,50.78,24.71,993.83 
10/11/2021T05:06:41Z,244,1459,458,50.79,24.76,993.80 
10/11/2021T05:07:12Z,252,1368,320,50.75,24.81,993.80 
10/11/2021T05:07:42Z,230,1503,579,50.68,24.84,993.80 
10/11/2021T05:08:12Z,240,1494,564,50.55,24.84,993.86 
10/11/2021T05:08:42Z,261,1291,144,50.48,24.92,993.88 
10/11/2021T05:09:13Z,235,1461,423,50.36,24.96,993.93 
10/11/2021T05:09:43Z,261,1318,163,49.99,25.00,994.04 
10/11/2021T05:10:13Z,276,1257,20,49.76,25.04,994.12 
10/11/2021T05:10:44Z,261,1292,165,49.83,25.03,994.12 
10/11/2021T05:11:14Z,252,1109,1582,49.61,24.96,994.16 
10/11/2021T05:11:45Z,263,595,689,49.15,24.79,994.42 
10/11/2021T05:12:15Z,253,1298,169,50.37,24.78,993.99 
10/11/2021T05:12:46Z,247,1441,376,50.28,24.87,993.93 
10/11/2021T05:13:16Z,273,989,1322,49.61,24.83,994.15 
10/11/2021T05:13:46Z,279,900,1148,49.42,24.73,994.29 
10/11/2021T05:14:17Z,226,1573,695,50.57,24.75,993.88 
10/11/2021T05:14:47Z,225,35,884,50.41,24.82,993.86 
10/11/2021T05:15:17Z,231,1586,673,50.57,24.93,993.78 
10/11/2021T05:15:48Z,250,1459,456,50.43,24.99,993.78 
10/11/2021T05:16:18Z,258,702,884,48.73,24.92,994.36 
10/11/2021T05:16:49Z,284,912,1165,50.06,24.95,993.98 
10/11/2021T05:17:19Z,266,1324,131,50.16,25.03,993.85 
10/11/2021T05:17:49Z,258,1412,306,50.50,25.13,993.72 
10/11/2021T05:18:20Z,194,167,1309,50.36,25.19,993.73 
10/11/2021T05:18:50Z,249,1449,392,49.89,25.24,993.87 
10/11/2021T05:19:20Z,251,1441,338,49.99,25.27,993.86 
10/11/2021T05:19:50Z,261,1333,145,50.36,25.34,993.70 
10/11/2021T05:20:21Z,241,1515,506,50.50,25.42,993.62 
10/11/2021T05:20:51Z,208,90,1042,50.49,25.48,993.60 
10/11/2021T05:21:22Z,208,69,1043,50.68,25.50,993.54 
10/11/2021T05:21:52Z,199,184,1295,50.74,25.52,993.50 
10/11/2021T05:22:23Z,226,1611,802,51.15,25.50,993.36 
10/11/2021T05:22:54Z,241,1565,673,51.26,25.50,993.31 
10/11/2021T05:23:24Z,229,1577,713,51.19,25.51,993.34 
10/11/2021T05:23:54Z,225,31,871,51.36,25.57,993.24 
10/11/2021T05:24:25Z,216,108,1063,50.98,25.60,993.34 
10/11/2021T05:24:55Z,256,1419,347,51.27,25.63,993.24 
10/11/2021T05:25:25Z,261,1363,254,51.57,25.63,993.12 
10/11/2021T05:25:56Z,217,66,959,51.53,25.67,993.10 
10/11/2021T05:26:26Z,201,189,1340,51.43,25.72,993.14 
10/11/2021T05:26:56Z,194,222,1358,51.20,25.74,993.20 
10/11/2021T05:27:27Z,217,65,953,51.05,25.74,993.26 
10/11/2021T05:27:57Z,207,145,1165,51.11,25.76,993.24 
10/11/2021T05:28:27Z,219,83,942,51.11,25.78,993.22 
10/11/2021T05:28:58Z,235,28,794,50.74,25.80,993.33 
10/11/2021T05:29:29Z,207,126,1078,50.48,25.80,993.45 
10/11/2021T05:29:59Z,197,320,1533,50.71,25.80,993.37 
10/11/2021T05:30:30Z,191,338,1627,50.59,25.79,993.40 
10/11/2021T05:31:00Z,194,332,1581,50.15,25.77,993.57 
10/11/2021T05:31:30Z,223,98,1065,49.89,25.70,993.72 
10/11/2021T05:32:01Z,169,466,338,51.04,25.67,993.29 
10/11/2021T05:32:31Z,203,241,1372,50.99,25.71,993.28 
10/11/2021T05:33:01Z,253,1485,508,50.67,25.76,993.33 
10/11/2021T05:33:32Z,241,1563,629,50.16,25.77,993.56 
10/11/2021T05:34:02Z,230,10,840,50.09,25.77,993.58 
10/11/2021T05:34:33Z,256,1472,454,50.51,25.75,993.46 
10/11/2021T05:35:04Z,234,1613,665,50.53,25.76,993.41 
10/11/2021T05:35:34Z,226,1647,726,50.35,25.75,993.46 
10/11/2021T05:36:04Z,238,1587,597,50.50,25.78,993.42 
10/11/2021T05:36:35Z,219,1676,837,50.65,25.78,993.36 
10/11/2021T05:37:05Z,259,1426,313,50.94,25.74,993.24 
10/11/2021T05:37:35Z,243,1517,503,50.97,25.74,993.20 
10/11/2021T05:38:06Z,253,1514,501,50.91,25.75,993.23 
10/11/2021T05:38:36Z,269,1364,172,50.55,25.77,993.33 
10/11/2021T05:39:07Z,276,1262,1668,50.54,25.75,993.37 
10/11/2021T05:39:38Z,298,1028,1315,50.77,25.75,993.28 
10/11/2021T05:40:08Z,287,1192,1589,50.60,25.74,993.31 
10/11/2021T05:40:38Z,289,1179,1567,50.56,25.76,993.32 
10/11/2021T05:41:08Z,291,1124,1453,50.47,25.78,993.35 
10/11/2021T05:41:39Z,288,1169,1537,50.51,25.77,993.33 
10/11/2021T05:42:10Z,279,1241,1646,50.63,25.78,993.26 
10/11/2021T05:42:40Z,266,1366,220,50.56,25.81,993.28 
10/11/2021T05:43:10Z,285,1281,16,50.26,25.80,993.38 
10/11/2021T05:43:40Z,294,1135,1467,50.09,25.81,993.44 
10/11/2021T05:44:10Z,301,1012,1278,50.01,25.75,993.48 
10/11/2021T05:44:40Z,296,1114,1426,50.55,25.72,993.29 
10/11/2021T05:45:10Z,298,971,1240,50.78,25.72,993.18 
10/11/2021T05:45:40Z,296,912,1149,50.57,25.73,993.23 
10/11/2021T05:46:11Z,303,889,1084,50.38,25.72,993.30 
10/11/2021T05:46:41Z,292,822,1005,50.51,25.68,993.26 
10/11/2021T05:47:12Z,305,934,1153,51.07,25.71,993.04 
10/11/2021T05:47:42Z,301,907,1121,51.06,25.73,993.02 
10/11/2021T05:48:12Z,281,740,894,51.05,25.70,993.02 
10/11/2021T05:48:42Z,301,815,1016,51.70,25.68,992.81 
10/11/2021T05:49:12Z,297,852,1061,51.70,25.71,992.78 
10/11/2021T05:49:42Z,296,864,1057,51.49,25.73,992.84 
10/11/2021T05:50:13Z,301,849,1029,51.38,25.74,992.89 
10/11/2021T05:50:43Z,285,751,900,51.44,25.73,992.87 
10/11/2021T05:51:13Z,263,602,703,51.29,25.68,992.90 
10/11/2021T05:51:44Z,269,602,708,52.15,25.67,992.64 
10/11/2021T05:52:14Z,272,630,740,52.32,25.73,992.50 
10/11/2021T05:52:44Z,248,501,560,50.97,25.67,992.94 
10/11/2021T05:53:15Z,252,533,611,51.54,25.62,992.88 
10/11/2021T05:53:45Z,292,738,894,52.36,25.68,992.56 
10/11/2021T05:54:15Z,289,720,872,52.35,25.73,992.53 
10/11/2021T05:54:46Z,291,720,855,52.27,25.75,992.53 
10/11/2021T05:55:16Z,264,584,681,50.59,25.67,993.08 
10/11/2021T05:55:47Z,240,484,561,50.08,25.58,993.47 
10/11/2021T05:56:17Z,274,651,768,51.93,25.61,992.74 
10/11/2021T05:56:48Z,265,572,652,51.45,25.61,992.84 
10/11/2021T05:57:18Z,264,562,642,51.46,25.58,992.88 
10/11/2021T05:57:49Z,267,599,695,51.43,25.62,992.82 
10/11/2021T05:58:19Z,266,579,672,51.44,25.62,992.88 
10/11/2021T05:58:50Z,270,579,670,51.79,25.59,992.74 
10/11/2021T05:59:20Z,282,646,752,52.26,25.66,992.53 
10/11/2021T05:59:51Z,266,582,674,51.49,25.68,992.76 
10/11/2021T06:00:22Z,265,583,660,51.83,25.60,992.75 
10/11/2021T06:00:52Z,280,657,765,52.26,25.67,992.53 
10/11/2021T06:01:22Z,280,634,730,52.13,25.72,992.56 
10/11/2021T06:01:53Z,282,621,721,52.01,25.75,992.61 
10/11/2021T06:02:24Z,274,599,706,51.35,25.75,992.81 
10/11/2021T06:02:54Z,241,488,557,49.17,25.66,993.63 
10/11/2021T06:03:25Z,231,463,516,48.71,25.60,993.85 
10/11/2021T06:03:55Z,254,547,623,50.77,25.63,993.17 
10/11/2021T06:04:25Z,264,572,656,50.88,25.69,993.03 
10/11/2021T06:04:56Z,263,556,651,50.68,25.68,993.10 
10/11/2021T06:05:26Z,261,559,642,51.08,25.72,992.94 
10/11/2021T06:05:56Z,265,561,643,50.76,25.72,993.02 
10/11/2021T06:06:26Z,265,569,644,50.53,25.75,993.09 
10/11/2021T06:06:56Z,257,532,614,49.52,25.77,993.47 
10/11/2021T06:07:27Z,257,540,624,49.91,25.79,993.36 
10/11/2021T06:07:57Z,260,550,623,49.50,25.80,993.44 
10/11/2021T06:08:27Z,249,522,605,49.59,25.75,993.50 
10/11/2021T06:08:58Z,257,540,615,49.85,25.75,993.33 
10/11/2021T06:09:28Z,258,521,610,49.10,25.72,993.63 
10/11/2021T06:09:58Z,249,516,580,48.77,25.72,993.70 
10/11/2021T06:10:29Z,242,494,553,48.67,25.69,993.78 
10/11/2021T06:10:59Z,240,486,556,48.88,25.54,993.75 
10/11/2021T06:11:29Z,249,506,567,50.22,25.53,993.24 
10/11/2021T06:12:00Z,254,529,599,50.43,25.61,993.07 
10/11/2021T06:12:31Z,250,533,610,50.09,25.64,993.15 
10/11/2021T06:13:01Z,247,511,570,48.67,25.58,993.64 
10/11/2021T06:13:31Z,240,490,556,48.98,25.54,993.65 
10/11/2021T06:14:02Z,250,522,601,50.32,25.57,993.10 
10/11/2021T06:14:32Z,250,518,592,50.35,25.62,993.03 
10/11/2021T06:15:03Z,244,493,558,50.78,25.57,992.90 
10/11/2021T06:15:33Z,254,524,594,51.29,25.63,992.69 
10/11/2021T06:16:04Z,255,509,579,51.20,25.66,992.70 
10/11/2021T06:16:34Z,254,510,576,50.85,25.59,992.81 
10/11/2021T06:17:05Z,254,511,574,51.17,25.63,992.71 
10/11/2021T06:17:35Z,250,512,580,50.55,25.69,992.84 
10/11/2021T06:18:06Z,251,502,562,49.62,25.69,993.19 
10/11/2021T06:18:36Z,250,506,571,50.13,25.76,993.03 
10/11/2021T06:19:07Z,249,508,584,49.97,25.82,993.06 
10/11/2021T06:19:37Z,251,506,572,49.93,25.83,993.06 
10/11/2021T06:20:08Z,252,512,577,50.15,25.82,992.98 
10/11/2021T06:20:38Z,252,506,578,50.30,25.80,992.91 
10/11/2021T06:21:09Z,249,499,567,50.05,25.79,992.98 
10/11/2021T06:21:40Z,251,494,564,50.11,25.80,992.96 
10/11/2021T06:22:10Z,248,485,545,50.02,25.80,992.97 
10/11/2021T06:22:41Z,247,479,550,49.48,25.73,993.14 
10/11/2021T06:23:12Z,236,460,520,49.65,25.63,993.16 
10/11/2021T06:23:42Z,242,475,546,50.79,25.59,992.72 
10/11/2021T06:24:13Z,241,480,544,50.70,25.60,992.70 
10/11/2021T06:24:44Z,241,467,534,50.72,25.61,992.67 
10/11/2021T06:25:14Z,244,475,541,50.57,25.59,992.71 
10/11/2021T06:25:45Z,244,477,542,51.07,25.58,992.53 
10/11/2021T06:26:16Z,244,474,528,50.71,25.59,992.60 
10/11/2021T06:26:46Z,243,473,540,50.66,25.60,992.62 
10/11/2021T06:27:16Z,242,471,540,50.82,25.64,992.54 
10/11/2021T06:27:47Z,243,466,524,50.95,25.66,992.46 
10/11/2021T06:28:17Z,252,487,556,51.31,25.65,992.35 
10/11/2021T06:28:48Z,249,482,537,51.50,25.61,992.26 
10/11/2021T06:29:19Z,240,467,530,51.38,25.63,992.28 
10/11/2021T06:29:49Z,246,475,539,51.15,25.62,992.34 
10/11/2021T06:30:20Z,247,475,542,50.66,25.59,992.56 
10/11/2021T06:30:51Z,250,489,554,51.41,25.62,992.27 
10/11/2021T06:31:21Z,249,480,554,51.72,25.65,992.13 
10/11/2021T06:31:52Z,246,482,540,51.89,25.69,992.02 
10/11/2021T06:32:22Z,249,477,535,52.00,25.68,991.99 
10/11/2021T06:32:53Z,244,479,546,51.91,25.68,992.03 
10/11/2021T06:33:24Z,247,472,530,52.36,25.65,991.87 
10/11/2021T06:33:54Z,249,476,540,52.41,25.64,991.83 
10/11/2021T06:34:25Z,256,475,528,52.32,25.62,991.90 
10/11/2021T06:34:55Z,249,468,526,52.62,25.60,991.80 
10/11/2021T06:35:26Z,253,473,542,52.49,25.59,991.81 
10/11/2021T06:35:56Z,246,470,531,52.58,25.56,991.80 
10/11/2021T06:36:27Z,245,465,530,52.38,25.56,991.85 
10/11/2021T06:36:58Z,244,459,524,52.39,25.59,991.86 
10/11/2021T06:37:28Z,246,465,520,52.81,25.61,991.69 
10/11/2021T06:37:59Z,239,452,509,52.58,25.63,991.74 
10/11/2021T06:38:29Z,244,458,510,52.82,25.64,991.63 
10/11/2021T06:39:00Z,235,450,502,52.37,25.55,991.82 
10/11/2021T06:39:30Z,236,438,494,53.33,25.57,991.48 
10/11/2021T06:40:01Z,235,435,487,53.18,25.63,991.48 
10/11/2021T06:40:31Z,234,440,494,52.89,25.66,991.57 
10/11/2021T06:41:02Z,234,440,494,52.84,25.68,991.59 
10/11/2021T06:41:32Z,230,436,500,52.75,25.69,991.60 
10/11/2021T06:42:03Z,234,437,492,52.86,25.69,991.56 
10/11/2021T06:42:34Z,231,430,483,52.77,25.70,991.57 
10/11/2021T06:43:04Z,234,431,481,52.87,25.73,991.54 
10/11/2021T06:43:35Z,229,427,492,52.50,25.77,991.62 
10/11/2021T06:44:06Z,225,427,484,52.73,25.82,991.54 
10/11/2021T06:44:37Z,225,432,479,52.51,25.86,991.57 
10/11/2021T06:45:07Z,227,422,471,52.44,25.89,991.59 
10/11/2021T06:45:38Z,230,427,477,52.07,25.90,991.71 
10/11/2021T06:46:09Z,222,416,467,51.76,25.90,991.84 
10/11/2021T06:46:39Z,221,415,477,51.30,25.83,992.02 
10/11/2021T06:47:10Z,225,421,472,51.67,25.80,991.91 
10/11/2021T06:47:40Z,226,421,473,52.02,25.77,991.76 
10/11/2021T06:48:11Z,219,415,466,51.89,25.75,991.79 
10/11/2021T06:48:42Z,217,414,454,51.46,25.77,991.92 
10/11/2021T06:49:12Z,224,412,463,51.44,25.80,991.94 
10/11/2021T06:49:43Z,223,411,458,51.39,25.80,991.95 
10/11/2021T06:50:13Z,223,418,467,51.20,25.81,992.01 
10/11/2021T06:50:44Z,222,421,474,51.05,25.76,992.10 
10/11/2021T06:51:15Z,225,428,486,51.46,25.70,991.96 
10/11/2021T06:51:45Z,224,420,474,51.93,25.72,991.77 
10/11/2021T06:52:16Z,221,422,475,51.97,25.77,991.73 
10/11/2021T06:52:46Z,222,419,474,52.03,25.81,991.67 
10/11/2021T06:53:17Z,224,422,478,52.26,25.83,991.57 
10/11/2021T06:53:48Z,221,417,471,52.14,25.84,991.61 
10/11/2021T06:54:18Z,221,416,466,51.67,25.87,991.77 
10/11/2021T06:54:49Z,218,413,460,51.88,25.90,991.69 
10/11/2021T06:55:19Z,219,401,461,52.08,25.94,991.60 
10/11/2021T06:55:50Z,217,408,462,52.15,25.95,991.56 
10/11/2021T06:56:20Z,220,409,461,52.17,25.96,991.55 
10/11/2021T06:56:50Z,220,411,453,52.13,25.96,991.56 
10/11/2021T06:57:20Z,219,406,451,52.20,25.96,991.52 
10/11/2021T06:57:51Z,221,409,457,51.56,25.92,991.76 
10/11/2021T06:58:22Z,222,411,462,52.25,25.90,991.54 
10/11/2021T06:58:53Z,217,412,461,50.79,25.88,992.00 
10/11/2021T06:59:23Z,209,388,437,48.83,25.83,992.78 
10/11/2021T06:59:54Z,213,395,447,49.97,25.83,992.45 
10/11/2021T07:00:25Z,213,399,450,51.67,25.86,991.77 
10/11/2021T07:00:56Z,212,398,450,51.70,25.88,991.70 
10/11/2021T07:01:26Z,215,395,443,51.49,25.90,991.73 
10/11/2021T07:01:56Z,214,396,443,52.16,25.92,991.51 
10/11/2021T07:02:27Z,215,388,429,52.00,25.89,991.55 
10/11/2021T07:02:58Z,212,394,439,51.41,25.86,991.73 
10/11/2021T07:03:28Z,214,397,443,51.32,25.79,991.84 
10/11/2021T07:03:58Z,214,394,441,51.59,25.75,991.73 
10/11/2021T07:04:29Z,211,387,435,50.97,25.72,991.94 
10/11/2021T07:04:59Z,210,384,432,50.88,25.64,992.06 
10/11/2021T07:05:30Z,212,391,434,51.14,25.69,991.87 
10/11/2021T07:06:01Z,210,389,434,50.82,25.73,991.99 
10/11/2021T07:06:32Z,210,387,434,50.36,25.79,992.11 
10/11/2021T07:07:02Z,205,384,430,48.42,25.77,992.81 
10/11/2021T07:07:32Z,201,363,406,49.12,25.80,992.59 
10/11/2021T07:08:02Z,205,371,415,49.49,25.89,992.43 
10/11/2021T07:08:33Z,204,373,418,50.01,25.93,992.16 
10/11/2021T07:09:03Z,213,382,429,49.59,25.89,992.32 
10/11/2021T07:09:34Z,219,395,443,49.70,25.80,992.33 
10/11/2021T07:10:04Z,211,390,436,50.55,25.79,992.01 
10/11/2021T07:10:35Z,214,386,422,50.41,25.83,991.97 
10/11/2021T07:11:06Z,214,380,423,50.30,25.84,992.01 
10/11/2021T07:11:37Z,207,372,422,49.95,25.91,992.11 
10/11/2021T07:12:07Z,210,387,435,50.49,25.99,991.92 
10/11/2021T07:12:38Z,227,406,458,50.25,25.99,991.96 
10/11/2021T07:13:09Z,230,417,464,50.93,25.98,991.72 
10/11/2021T07:13:40Z,223,399,448,51.41,26.03,991.53 
10/11/2021T07:14:10Z,219,390,433,51.19,26.04,991.57 
10/11/2021T07:14:41Z,214,383,431,51.58,26.08,991.42 
10/11/2021T07:15:12Z,218,396,439,51.54,26.09,991.39 
10/11/2021T07:15:42Z,215,382,434,51.45,26.08,991.44 
10/11/2021T07:16:13Z,216,394,439,51.66,26.11,991.34 
10/11/2021T07:16:44Z,214,383,427,51.84,26.16,991.26 
10/11/2021T07:17:14Z,210,376,420,51.96,26.19,991.18 
10/11/2021T07:17:45Z,213,384,422,50.96,26.14,991.54 
10/11/2021T07:18:16Z,214,384,423,52.10,26.16,991.17 
10/11/2021T07:18:46Z,213,384,429,51.61,26.15,991.30 
10/11/2021T07:19:17Z,210,382,423,52.13,26.13,991.12 
10/11/2021T07:19:48Z,210,386,430,51.28,26.09,991.42 
10/11/2021T07:20:19Z,210,378,420,51.05,26.04,991.53 
10/11/2021T07:20:49Z,210,383,420,50.96,25.97,991.57 
10/11/2021T07:21:20Z,207,387,440,50.40,25.86,991.78 
10/11/2021T07:21:51Z,206,379,438,51.96,25.90,991.23 
10/11/2021T07:22:21Z,211,380,426,51.83,25.87,991.23 
10/11/2021T07:22:52Z,209,387,438,52.23,25.95,991.04 
10/11/2021T07:23:22Z,210,378,428,52.23,26.02,991.01 
10/11/2021T07:23:52Z,209,384,438,52.41,26.08,990.94 
10/11/2021T07:24:23Z,208,382,423,53.08,26.12,990.63 
10/11/2021T07:24:54Z,207,385,438,51.55,26.13,991.10 
10/11/2021T07:25:24Z,205,368,413,50.69,26.16,991.47 
10/11/2021T07:25:55Z,201,363,403,51.22,26.18,991.33 
10/11/2021T07:26:26Z,209,370,412,51.27,26.19,991.27 
10/11/2021T07:26:56Z,210,381,428,51.93,26.19,991.03 
10/11/2021T07:27:27Z,211,382,432,51.97,26.17,990.98 
10/11/2021T07:27:57Z,206,368,419,51.04,26.10,991.28 
10/11/2021T07:28:27Z,201,370,421,51.15,26.03,991.27 
10/11/2021T07:28:58Z,203,366,416,51.03,25.99,991.33 
10/11/2021T07:29:29Z,201,368,411,50.43,25.97,991.56 
10/11/2021T07:29:59Z,200,365,407,49.88,25.93,991.71 
10/11/2021T07:30:30Z,197,358,400,50.68,25.88,991.51 
10/11/2021T07:31:01Z,197,362,399,50.19,25.85,991.62 
10/11/2021T07:31:31Z,198,356,400,49.82,25.83,991.78 
10/11/2021T07:32:01Z,199,354,396,50.24,25.78,991.64 
10/11/2021T07:32:32Z,199,348,391,50.87,25.73,991.38 
10/11/2021T07:33:03Z,199,354,398,50.12,25.73,991.60 
10/11/2021T07:33:34Z,201,362,402,49.56,25.72,991.83 
10/11/2021T07:34:04Z,199,353,394,49.49,25.74,991.86 
10/11/2021T07:34:35Z,201,350,389,49.47,25.73,991.86 
10/11/2021T07:35:05Z,207,360,395,48.92,25.63,992.08 
10/11/2021T07:35:35Z,201,364,411,49.60,25.61,991.81 
10/11/2021T07:36:05Z,193,346,384,49.13,25.56,992.00 
10/11/2021T07:36:36Z,199,363,407,48.49,25.53,992.21 
10/11/2021T07:37:06Z,200,356,402,48.97,25.48,992.07 
10/11/2021T07:37:37Z,203,364,405,49.47,25.48,991.85 
10/11/2021T07:38:08Z,201,358,400,48.61,25.56,992.08 
10/11/2021T07:38:38Z,196,355,396,48.57,25.63,992.11 
10/11/2021T07:39:09Z,198,354,394,47.62,25.70,992.37 
10/11/2021T07:39:39Z,196,353,393,48.27,25.78,992.15 
10/11/2021T07:40:10Z,206,373,411,49.29,25.83,991.73 
10/11/2021T07:40:40Z,212,387,436,49.60,25.87,991.56 
10/11/2021T07:41:11Z,204,377,425,49.36,25.89,991.62 
10/11/2021T07:41:42Z,200,358,401,49.39,25.89,991.60 
10/11/2021T07:42:12Z,231,492,575,48.91,25.86,991.73 
10/11/2021T07:42:42Z,250,533,620,48.97,25.77,991.83 
10/11/2021T07:43:13Z,262,591,693,49.41,25.75,991.66 
10/11/2021T07:43:43Z,246,506,583,50.73,25.79,991.16 
10/11/2021T07:44:14Z,233,461,536,50.26,25.85,991.18 
10/11/2021T07:44:45Z,235,492,594,48.26,25.77,991.93 
10/11/2021T07:45:15Z,246,542,648,47.98,25.76,992.11 
10/11/2021T07:45:45Z,232,478,558,47.74,25.79,992.13 
10/11/2021T07:46:16Z,224,460,539,48.91,25.86,991.78 
10/11/2021T07:46:46Z,223,434,502,49.40,25.94,991.48 
10/11/2021T07:47:17Z,222,428,495,49.73,26.01,991.35 
10/11/2021T07:47:47Z,239,517,598,48.52,25.97,991.71 
10/11/2021T07:48:18Z,256,566,663,49.33,25.98,991.51 
10/11/2021T07:48:48Z,240,504,592,49.04,25.98,991.56 
10/11/2021T07:49:19Z,243,527,620,49.08,25.96,991.57 
10/11/2021T07:49:50Z,257,560,664,49.09,25.93,991.59 
10/11/2021T07:50:20Z,237,493,569,49.55,25.95,991.36 
10/11/2021T07:50:51Z,243,518,602,49.37,25.93,991.44 
10/11/2021T07:51:22Z,235,486,565,50.64,25.93,991.01 
10/11/2021T07:51:52Z,231,456,530,49.85,25.94,991.18 
10/11/2021T07:52:22Z,222,429,492,49.46,25.91,991.38 
10/11/2021T07:52:53Z,215,420,488,49.43,25.80,991.37 
10/11/2021T07:53:23Z,202,375,421,48.69,25.71,991.68 
10/11/2021T07:53:54Z,202,388,439,49.42,25.69,991.49 
10/11/2021T07:54:25Z,211,398,454,49.99,25.71,991.23 
10/11/2021T07:54:56Z,213,399,455,49.00,25.71,991.49 
10/11/2021T07:55:26Z,205,379,431,49.32,25.72,991.48 
10/11/2021T07:55:57Z,215,383,434,49.14,25.75,991.46 
10/11/2021T07:56:28Z,206,382,427,49.86,25.78,991.28 
10/11/2021T07:56:58Z,206,387,445,50.42,25.90,990.98 
10/11/2021T07:57:28Z,206,393,443,50.69,25.97,990.83 
10/11/2021T07:57:58Z,205,381,422,50.36,26.00,990.94 
10/11/2021T07:58:29Z,207,375,430,49.53,26.04,991.16 
10/11/2021T07:59:00Z,209,374,426,50.09,26.12,991.05 
10/11/2021T07:59:31Z,207,377,422,50.14,26.20,990.95 
10/11/2021T08:00:01Z,207,380,424,50.56,26.25,990.83 
10/11/2021T08:00:32Z,202,370,422,49.07,26.24,991.24 
10/11/2021T08:01:02Z,189,343,381,48.28,26.23,991.62 
10/11/2021T08:01:32Z,172,315,347,44.16,26.14,992.82 
10/11/2021T08:02:03Z,169,307,348,44.67,26.10,992.67 
10/11/2021T08:02:34Z,176,322,358,45.45,26.17,992.46 
10/11/2021T08:03:04Z,184,340,387,46.75,26.28,991.99 
10/11/2021T08:03:35Z,196,364,413,46.20,26.29,992.03 
10/11/2021T08:04:05Z,200,363,402,47.12,26.31,991.85 
10/11/2021T08:04:36Z,206,375,418,48.04,26.35,991.47 
10/11/2021T08:05:07Z,214,390,433,47.32,26.27,991.65 
10/11/2021T08:05:38Z,217,411,471,48.05,26.15,991.52 
10/11/2021T08:06:08Z,210,398,457,49.33,26.14,991.12 
10/11/2021T08:06:39Z,210,387,443,49.44,26.14,991.06 
10/11/2021T08:07:09Z,231,431,498,48.84,26.08,991.24 
10/11/2021T08:07:40Z,225,423,480,49.29,26.07,991.12 
10/11/2021T08:08:10Z,219,421,475,49.75,26.08,990.96 
10/11/2021T08:08:40Z,224,417,477,49.84,26.08,990.90 
10/11/2021T08:09:11Z,218,416,474,50.23,26.05,990.79 
10/11/2021T08:09:41Z,221,413,466,49.71,26.01,990.94 
10/11/2021T08:10:12Z,219,408,459,49.95,26.01,990.85 
10/11/2021T08:10:42Z,212,394,438,49.23,26.03,991.07 
10/11/2021T08:11:13Z,208,384,443,48.38,26.00,991.34 
10/11/2021T08:11:43Z,211,398,454,48.51,26.02,991.36 
10/11/2021T08:12:14Z,214,404,462,48.67,26.05,991.28 
10/11/2021T08:12:44Z,222,424,481,48.37,26.08,991.35 
10/11/2021T08:13:15Z,220,424,492,48.50,26.12,991.32 
10/11/2021T08:13:46Z,219,413,477,49.29,26.16,991.04 
10/11/2021T08:14:17Z,226,414,464,49.66,26.14,990.88 
10/11/2021T08:14:47Z,224,406,456,49.99,26.18,990.74 
10/11/2021T08:15:17Z,218,399,448,49.76,26.15,990.81 
10/11/2021T08:15:48Z,220,399,445,49.91,26.12,990.78 
10/11/2021T08:16:19Z,218,389,429,49.92,26.12,990.75 
10/11/2021T08:16:49Z,216,396,440,50.23,26.10,990.65 
10/11/2021T08:17:19Z,213,387,435,50.31,26.14,990.59 
10/11/2021T08:17:50Z,217,386,430,50.40,26.14,990.55 
10/11/2021T08:18:21Z,221,396,440,50.73,26.10,990.44 
10/11/2021T08:18:52Z,231,416,466,51.07,26.06,990.30 
10/11/2021T08:19:22Z,238,436,491,51.33,26.08,990.21 
10/11/2021T08:19:53Z,249,477,535,51.60,26.08,990.11 
10/11/2021T08:20:23Z,239,448,508,51.30,26.06,990.20 
10/11/2021T08:20:54Z,235,442,505,51.51,26.03,990.12 
10/11/2021T08:21:25Z,247,460,531,51.76,26.04,990.03 
10/11/2021T08:21:55Z,240,455,524,51.80,26.04,990.04 
10/11/2021T08:22:25Z,230,429,491,51.51,26.11,990.12 
10/11/2021T08:22:56Z,230,428,485,51.21,26.13,990.22 
10/11/2021T08:23:27Z,235,427,478,51.22,26.14,990.23 
10/11/2021T08:23:58Z,231,424,475,51.20,26.15,990.24 
10/11/2021T08:24:28Z,227,419,475,51.00,26.14,990.31 
10/11/2021T08:24:59Z,231,417,466,51.43,26.12,990.16 
10/11/2021T08:25:30Z,229,418,468,51.43,26.15,990.15 
10/11/2021T08:26:00Z,228,420,465,51.33,26.17,990.18 
10/11/2021T08:26:31Z,229,417,470,51.47,26.13,990.16 
10/11/2021T08:27:02Z,229,419,469,51.64,26.15,990.09 
10/11/2021T08:27:32Z,229,413,466,51.45,26.17,990.12 
10/11/2021T08:28:03Z,223,406,459,51.14,26.15,990.23 
10/11/2021T08:28:34Z,218,390,431,51.24,26.13,990.21 
10/11/2021T08:29:04Z,218,391,433,50.92,26.12,990.32 
10/11/2021T08:29:35Z,212,371,415,49.58,26.10,990.79 
10/11/2021T08:30:06Z,214,376,423,51.14,26.11,990.29 
10/11/2021T08:30:36Z,213,375,410,50.92,26.08,990.29 
10/11/2021T08:31:07Z,211,372,405,51.10,26.10,990.25 
10/11/2021T08:31:37Z,210,374,415,51.04,26.10,990.23 
10/11/2021T08:32:07Z,212,370,408,51.13,26.11,990.22 
10/11/2021T08:32:38Z,207,369,406,50.58,26.08,990.39 
10/11/2021T08:33:08Z,203,361,404,50.38,26.02,990.54 
10/11/2021T08:33:39Z,204,361,403,50.96,25.99,990.31 
10/11/2021T08:34:10Z,200,351,385,51.06,25.99,990.26 
10/11/2021T08:34:40Z,202,358,389,51.36,25.95,990.15 
10/11/2021T08:35:10Z,201,356,397,51.63,25.92,990.06 
10/11/2021T08:35:41Z,201,360,405,51.71,25.98,990.01 
10/11/2021T08:36:11Z,201,353,393,50.85,25.99,990.28 
10/11/2021T08:36:41Z,200,355,396,51.07,26.00,990.23 
10/11/2021T08:37:12Z,199,350,390,51.19,26.05,990.15 
10/11/2021T08:37:42Z,197,348,390,51.17,26.08,990.15 
10/11/2021T08:38:13Z,200,353,391,50.95,26.09,990.21 
10/11/2021T08:38:43Z,193,339,378,50.97,26.08,990.22 
10/11/2021T08:39:14Z,195,342,377,51.11,26.06,990.17 
10/11/2021T08:39:44Z,194,342,376,50.96,26.09,990.22 
10/11/2021T08:40:14Z,195,341,381,51.11,26.11,990.17 
10/11/2021T08:40:45Z,188,329,369,51.32,26.13,990.09 
10/11/2021T08:41:15Z,190,333,364,51.23,26.16,990.09 
10/11/2021T08:41:45Z,186,331,378,51.19,26.19,990.11 
10/11/2021T08:42:15Z,189,328,370,51.23,26.22,990.11 
10/11/2021T08:42:46Z,191,330,372,51.29,26.25,990.06 
10/11/2021T08:43:16Z,184,322,361,50.75,26.24,990.24 
10/11/2021T08:43:47Z,184,326,361,51.20,26.23,990.13 
10/11/2021T08:44:17Z,188,321,361,51.30,26.24,990.07 
10/11/2021T08:44:47Z,188,330,366,51.08,26.29,990.13 
10/11/2021T08:45:17Z,191,331,364,51.02,26.30,990.18 
10/11/2021T08:45:48Z,191,329,366,51.30,26.33,990.06 
10/11/2021T08:46:18Z,183,329,366,50.77,26.33,990.22 
10/11/2021T08:46:48Z,186,318,356,50.55,26.30,990.32 
10/11/2021T08:47:18Z,187,324,365,50.94,26.29,990.23 
10/11/2021T08:47:48Z,187,322,362,51.25,26.30,990.08 
10/11/2021T08:48:18Z,190,328,361,51.32,26.35,990.03 
10/11/2021T08:48:49Z,189,326,368,51.15,26.35,990.09 
10/11/2021T08:49:19Z,186,320,355,51.19,26.35,990.07 
10/11/2021T08:49:49Z,191,330,365,51.45,26.30,990.01 
10/11/2021T08:50:19Z,185,328,362,51.34,26.33,989.99 
10/11/2021T08:50:49Z,185,319,353,50.97,26.32,990.15 
10/11/2021T08:51:19Z,188,326,357,51.36,26.33,990.03 
10/11/2021T08:51:50Z,187,317,359,50.76,26.30,990.21 
10/11/2021T08:52:20Z,182,321,353,51.22,26.29,990.07 
10/11/2021T08:52:50Z,183,312,348,50.93,26.34,990.13 
10/11/2021T08:53:20Z,183,325,357,51.08,26.33,990.10 
10/11/2021T08:53:50Z,182,317,351,50.98,26.38,990.09 
10/11/2021T08:54:20Z,184,318,352,50.78,26.34,990.22 
10/11/2021T08:54:51Z,183,317,356,51.00,26.43,990.09 
10/11/2021T08:55:21Z,177,312,344,50.35,26.45,990.32 
10/11/2021T08:55:51Z,174,303,335,49.91,26.41,990.52 
10/11/2021T08:56:21Z,172,299,335,50.42,26.40,990.35 
10/11/2021T08:56:52Z,173,299,332,49.82,26.37,990.58 
10/11/2021T08:57:22Z,174,299,328,50.04,26.43,990.47 
10/11/2021T08:57:52Z,174,293,324,49.37,26.40,990.71 
10/11/2021T08:58:22Z,174,293,325,50.27,26.43,990.41 
10/11/2021T08:58:53Z,173,299,332,49.75,26.41,990.56 
10/11/2021T08:59:23Z,175,303,338,50.31,26.47,990.38 
10/11/2021T08:59:54Z,174,301,336,50.60,26.50,990.24 
10/11/2021T09:00:24Z,169,290,318,49.68,26.45,990.53 
10/11/2021T09:00:55Z,171,293,321,49.73,26.41,990.59 
10/11/2021T09:01:25Z,174,301,334,50.25,26.44,990.35 
10/11/2021T09:01:56Z,170,296,328,49.90,26.46,990.47 
10/11/2021T09:02:26Z,169,292,323,50.05,26.47,990.43 
10/11/2021T09:02:57Z,167,286,317,49.77,26.48,990.47 
10/11/2021T09:03:27Z,168,288,319,49.73,26.42,990.56 
10/11/2021T09:03:57Z,168,286,314,50.41,26.38,990.33 
10/11/2021T09:04:28Z,170,287,322,50.41,26.41,990.28 
10/11/2021T09:04:58Z,167,284,318,49.67,26.42,990.54 
10/11/2021T09:05:28Z,166,285,314,50.11,26.42,990.40 
10/11/2021T09:05:58Z,165,281,309,49.90,26.46,990.44 
10/11/2021T09:06:29Z,165,283,318,49.64,26.44,990.56 
10/11/2021T09:06:59Z,169,282,308,49.72,26.50,990.48 
10/11/2021T09:07:29Z,165,281,306,48.92,26.53,990.75 
10/11/2021T09:08:00Z,163,279,310,49.06,26.56,990.70 
10/11/2021T09:08:30Z,164,278,308,48.44,26.52,990.92 
10/11/2021T09:09:00Z,164,279,308,49.35,26.49,990.65 
10/11/2021T09:09:30Z,165,285,318,49.59,26.49,990.53 
10/11/2021T09:10:01Z,167,285,315,49.86,26.46,990.42 
10/11/2021T09:10:31Z,167,284,312,49.83,26.44,990.42 
10/11/2021T09:11:02Z,163,280,309,49.85,26.47,990.38 
10/11/2021T09:11:32Z,162,284,312,49.79,26.46,990.44 
10/11/2021T09:12:03Z,164,283,315,49.51,26.45,990.51 
10/11/2021T09:12:33Z,163,276,311,49.79,26.45,990.44 
10/11/2021T09:13:03Z,163,279,309,49.44,26.42,990.56 
10/11/2021T09:13:33Z,162,282,320,48.69,26.36,990.78 
10/11/2021T09:14:04Z,161,280,304,49.36,26.39,990.64 
10/11/2021T09:14:35Z,163,279,314,49.41,26.44,990.51 
10/11/2021T09:15:05Z,162,283,315,48.52,26.41,990.87 
10/11/2021T09:15:36Z,162,279,308,49.54,26.42,990.51 
10/11/2021T09:16:06Z,161,283,315,49.74,26.42,990.41 
10/11/2021T09:16:37Z,162,281,314,49.22,26.40,990.54 
10/11/2021T09:17:07Z,161,273,311,48.46,26.32,990.90 
10/11/2021T09:17:37Z,164,278,304,49.22,26.27,990.66 
10/11/2021T09:18:07Z,165,279,305,50.21,26.23,990.28 
10/11/2021T09:18:37Z,164,278,311,49.94,26.24,990.31 
10/11/2021T09:19:08Z,163,280,311,50.02,26.23,990.30 
10/11/2021T09:19:38Z,161,274,298,50.02,26.28,990.26 
10/11/2021T09:20:08Z,161,278,311,49.14,26.26,990.56 
10/11/2021T09:20:39Z,159,277,309,49.15,26.21,990.60 
10/11/2021T09:21:10Z,159,278,306,49.82,26.16,990.37 
10/11/2021T09:21:40Z,163,280,312,50.12,26.14,990.26 
10/11/2021T09:22:11Z,159,283,312,50.31,26.12,990.19 
10/11/2021T09:22:41Z,160,280,315,50.57,26.11,990.08 
10/11/2021T09:23:12Z,163,279,306,50.53,26.12,990.07 
10/11/2021T09:23:42Z,165,288,317,50.52,26.10,990.07 
10/11/2021T09:24:13Z,167,288,314,50.69,26.08,990.03 
10/11/2021T09:24:43Z,167,289,319,50.93,26.07,989.94 
10/11/2021T09:25:13Z,163,286,312,51.00,26.05,989.91 
10/11/2021T09:25:44Z,167,286,325,50.88,26.01,989.95 
10/11/2021T09:26:14Z,164,288,317,51.07,25.97,989.93 
10/11/2021T09:26:45Z,164,286,318,51.04,25.94,989.93 
10/11/2021T09:27:15Z,165,287,319,51.04,25.91,989.92 
10/11/2021T09:27:46Z,165,285,317,50.34,25.89,990.16 
10/11/2021T09:28:16Z,160,273,312,50.05,25.84,990.32 
10/11/2021T09:28:46Z,163,282,317,50.47,25.84,990.17 
10/11/2021T09:29:16Z,161,276,312,49.90,25.82,990.37 
10/11/2021T09:29:46Z,160,280,305,48.26,25.80,990.91 
10/11/2021T09:30:17Z,161,274,301,47.78,25.77,991.13 
10/11/2021T09:30:47Z,163,276,314,49.38,25.80,990.60 
10/11/2021T09:31:17Z,161,277,307,49.86,25.82,990.40 
10/11/2021T09:31:48Z,164,275,304,50.50,25.84,990.14 
10/11/2021T09:32:19Z,163,282,312,50.97,25.86,989.93 
10/11/2021T09:32:49Z,164,280,312,51.40,25.89,989.75 
10/11/2021T09:33:20Z,163,278,323,51.43,25.90,989.73 
10/11/2021T09:33:50Z,162,280,314,51.31,25.93,989.74 
10/11/2021T09:34:20Z,164,280,318,51.05,25.93,989.84 
10/11/2021T09:34:51Z,161,284,320,51.14,25.90,989.83 
10/11/2021T09:35:21Z,162,282,315,51.22,25.88,989.79 
10/11/2021T09:35:51Z,162,279,311,51.28,25.88,989.77 
10/11/2021T09:36:22Z,160,276,308,51.40,25.87,989.74 
10/11/2021T09:36:52Z,161,278,305,51.54,25.85,989.68 
10/11/2021T09:37:22Z,161,276,312,51.63,25.83,989.66 
10/11/2021T09:37:53Z,160,276,305,51.76,25.82,989.60 
10/11/2021T09:38:23Z,158,277,305,51.84,25.81,989.58 
10/11/2021T09:38:54Z,159,276,303,51.93,25.79,989.56 
10/11/2021T09:39:24Z,155,270,302,51.98,25.77,989.55 
10/11/2021T09:39:55Z,159,270,300,52.05,25.77,989.52 
10/11/2021T09:40:26Z,159,272,298,52.12,25.75,989.52 
10/11/2021T09:40:56Z,155,270,292,52.20,25.73,989.49 
10/11/2021T09:41:27Z,156,269,296,52.26,25.72,989.46 
10/11/2021T09:41:57Z,158,266,293,52.33,25.70,989.44 
10/11/2021T09:42:27Z,155,268,297,52.38,25.70,989.43 
10/11/2021T09:42:58Z,156,267,292,52.41,25.69,989.42 
10/11/2021T09:43:28Z,154,267,298,52.48,25.68,989.41 
10/11/2021T09:43:58Z,157,267,292,52.50,25.67,989.40 
10/11/2021T09:44:29Z,157,266,294,52.52,25.67,989.39 
10/11/2021T09:44:59Z,157,271,297,52.54,25.67,989.39 
10/11/2021T09:45:30Z,157,268,293,52.58,25.67,989.38 
10/11/2021T09:46:00Z,156,260,289,52.58,25.65,989.37 
10/11/2021T09:46:31Z,155,266,291,52.68,25.64,989.35 
10/11/2021T09:47:01Z,157,270,293,52.70,25.63,989.34 
10/11/2021T09:47:32Z,156,272,299,52.70,25.63,989.34 
10/11/2021T09:48:02Z,154,270,300,52.78,25.63,989.31 
10/11/2021T09:48:32Z,159,264,294,52.79,25.62,989.30 
10/11/2021T09:49:03Z,155,268,294,52.84,25.61,989.28 
10/11/2021T09:49:33Z,157,266,292,52.91,25.61,989.26 
10/11/2021T09:50:03Z,157,265,293,52.85,25.60,989.26 
10/11/2021T09:50:34Z,154,259,292,52.92,25.59,989.24 
10/11/2021T09:51:05Z,153,256,282,52.96,25.58,989.25 
10/11/2021T09:51:35Z,155,263,287,53.00,25.58,989.21 
10/11/2021T09:52:05Z,154,259,283,53.05,25.57,989.19 
10/11/2021T09:52:35Z,154,261,285,53.10,25.57,989.17 
10/11/2021T09:53:06Z,155,266,291,53.08,25.57,989.17 
10/11/2021T09:53:36Z,157,263,293,53.13,25.56,989.17 
10/11/2021T09:54:06Z,155,267,298,53.19,25.55,989.16 
10/11/2021T09:54:37Z,154,262,294,53.21,25.55,989.14 
10/11/2021T09:55:07Z,159,267,290,53.12,25.53,989.19 
10/11/2021T09:55:38Z,155,260,289,53.15,25.52,989.18 
10/11/2021T09:56:09Z,153,258,285,53.20,25.52,989.17 
10/11/2021T09:56:39Z,156,264,296,53.24,25.52,989.16 
10/11/2021T09:57:09Z,152,262,289,53.27,25.53,989.14 
10/11/2021T09:57:40Z,157,266,293,53.23,25.52,989.15 
10/11/2021T09:58:10Z,154,264,287,53.32,25.52,989.14 
10/11/2021T09:58:40Z,155,265,293,53.31,25.52,989.15 
10/11/2021T09:59:11Z,151,260,293,53.27,25.52,989.16 
10/11/2021T09:59:42Z,154,258,283,53.30,25.52,989.15 
10/11/2021T10:00:12Z,160,263,295,53.25,25.53,989.15 
10/11/2021T10:00:42Z,153,261,294,53.28,25.51,989.15 
10/11/2021T10:01:12Z,155,263,286,53.39,25.51,989.11 
10/11/2021T10:01:43Z,156,264,287,53.43,25.50,989.10 
10/11/2021T10:02:13Z,153,261,293,53.36,25.49,989.13 
10/11/2021T10:02:43Z,151,259,279,53.44,25.49,989.10 
10/11/2021T10:03:13Z,153,259,279,53.46,25.49,989.09 
10/11/2021T10:03:44Z,153,258,287,53.47,25.49,989.09 
10/11/2021T10:04:15Z,153,259,288,53.44,25.49,989.09 
10/11/2021T10:04:46Z,152,257,286,53.50,25.49,989.08 
10/11/2021T10:05:16Z,153,253,280,53.52,25.48,989.09 
10/11/2021T10:05:47Z,152,253,278,53.52,25.49,989.09 
10/11/2021T10:06:17Z,151,253,281,53.45,25.48,989.12 
10/11/2021T10:06:47Z,150,256,277,53.59,25.47,989.07 
10/11/2021T10:07:18Z,150,253,279,53.61,25.46,989.04 
10/11/2021T10:07:48Z,150,255,277,53.63,25.46,989.06 
10/11/2021T10:08:19Z,149,258,287,53.62,25.45,989.07 
10/11/2021T10:08:49Z,151,255,285,53.65,25.45,989.07 
10/11/2021T10:09:19Z,149,248,273,53.62,25.45,989.07 
10/11/2021T10:09:49Z,148,251,277,53.70,25.45,989.05 
10/11/2021T10:10:20Z,149,252,278,53.72,25.45,989.05 
10/11/2021T10:10:50Z,147,247,273,53.62,25.45,989.09 
10/11/2021T10:11:20Z,152,257,284,53.66,25.46,989.07 
10/11/2021T10:11:50Z,150,254,275,53.68,25.45,989.08 
10/11/2021T10:12:21Z,149,255,285,53.78,25.44,989.06 
10/11/2021T10:12:52Z,151,255,280,53.77,25.44,989.05 
10/11/2021T10:13:22Z,151,257,281,53.76,25.44,989.05 
10/11/2021T10:13:52Z,150,250,275,53.80,25.44,989.05 
10/11/2021T10:14:22Z,150,249,274,53.75,25.43,989.06 
10/11/2021T10:14:53Z,149,254,281,53.76,25.41,989.07 
10/11/2021T10:15:23Z,150,252,275,53.83,25.42,989.03 
10/11/2021T10:15:54Z,150,258,289,53.92,25.41,989.01 
10/11/2021T10:16:24Z,151,257,285,53.73,25.41,989.07 
10/11/2021T10:16:54Z,149,247,272,53.69,25.41,989.09 
10/11/2021T10:17:25Z,153,254,274,53.63,25.40,989.12 
10/11/2021T10:17:55Z,147,248,272,53.66,25.40,989.11 
10/11/2021T10:18:26Z,149,247,270,53.75,25.40,989.08 
10/11/2021T10:18:57Z,149,250,270,53.80,25.40,989.07 
10/11/2021T10:19:27Z,146,249,277,53.83,25.40,989.07 
10/11/2021T10:19:57Z,145,250,283,53.92,25.40,989.03 
10/11/2021T10:20:28Z,148,250,278,53.95,25.40,989.02 
10/11/2021T10:20:58Z,149,251,268,53.91,25.39,989.03 
10/11/2021T10:21:28Z,147,252,279,53.89,25.39,989.03 
10/11/2021T10:21:58Z,145,245,267,53.88,25.40,989.04 
10/11/2021T10:22:29Z,145,245,270,53.88,25.40,989.04 
10/11/2021T10:22:59Z,147,241,268,53.85,25.39,989.04 
10/11/2021T10:23:29Z,148,245,267,53.89,25.39,989.02 
10/11/2021T10:24:00Z,146,250,272,53.87,25.38,989.03 
10/11/2021T10:24:30Z,146,246,278,54.07,25.37,988.97 
10/11/2021T10:25:00Z,148,252,280,54.01,25.37,988.96 
10/11/2021T10:25:31Z,145,247,273,53.96,25.37,988.98 
10/11/2021T10:26:21Z,146,243,294,54.01,25.40,988.97 
10/11/2021T10:26:51Z,144,241,262,53.96,25.40,988.99 
