11/10/2021T05:31:44Z,67,112,122,55.85,29.58,986.16 
11/10/2021T05:32:14Z,55,92,103,52.72,29.95,986.93 
11/10/2021T05:32:44Z,53,89,101,51.56,30.31,987.11 
11/10/2021T05:33:14Z,51,85,95,50.28,30.53,987.34 
11/10/2021T05:33:45Z,50,81,87,49.65,30.72,987.48 
11/10/2021T05:34:16Z,44,75,82,48.00,30.91,987.92 
11/10/2021T05:34:46Z,39,60,72,47.22,31.14,988.12 
11/10/2021T05:35:17Z,39,62,72,47.27,31.30,987.99 
11/10/2021T05:35:48Z,48,78,86,48.47,31.35,987.46 
11/10/2021T05:36:18Z,60,97,107,49.20,31.31,987.04 
11/10/2021T05:36:49Z,66,109,120,49.30,31.31,987.03 
11/10/2021T05:37:19Z,54,89,104,50.77,31.26,986.47 
11/10/2021T05:37:49Z,51,85,100,50.78,31.22,986.43 
11/10/2021T05:38:20Z,53,86,98,48.09,31.34,987.47 
11/10/2021T05:38:51Z,55,89,101,47.10,31.51,987.87 
11/10/2021T05:39:22Z,53,82,91,46.73,31.60,987.95 
11/10/2021T05:39:52Z,66,112,122,47.07,31.63,987.74 
11/10/2021T05:40:22Z,70,117,129,47.03,31.64,987.72 
11/10/2021T05:40:53Z,61,102,116,47.15,31.71,987.57 
11/10/2021T05:41:23Z,54,90,104,46.86,31.77,987.66 
11/10/2021T05:41:54Z,54,89,101,46.09,31.78,987.94 
11/10/2021T05:42:25Z,72,164,284,47.35,31.76,987.43 
11/10/2021T05:42:56Z,58,103,126,47.53,31.69,987.31 
11/10/2021T05:43:26Z,47,82,97,47.00,31.69,987.46 
11/10/2021T05:43:56Z,47,79,90,45.76,31.80,988.01 
11/10/2021T05:44:27Z,47,79,94,46.90,31.90,987.50 
11/10/2021T05:44:58Z,50,80,90,45.34,31.98,988.02 
11/10/2021T05:45:28Z,48,86,113,45.90,32.01,987.80 
11/10/2021T05:45:58Z,46,82,106,46.06,31.93,987.68 
11/10/2021T05:46:28Z,40,74,99,45.55,31.92,987.88 
11/10/2021T05:46:58Z,38,68,95,45.57,31.99,987.86 
11/10/2021T05:47:29Z,48,82,99,45.66,32.01,987.79 
11/10/2021T05:47:59Z,40,69,82,45.41,31.94,987.85 
11/10/2021T05:48:29Z,42,68,79,45.70,31.91,987.81 
11/10/2021T05:49:00Z,39,65,78,46.90,31.78,987.18 
11/10/2021T05:49:30Z,46,76,86,45.68,31.77,987.66 
11/10/2021T05:50:01Z,39,62,74,44.66,31.87,988.12 
11/10/2021T05:50:31Z,34,53,68,44.51,31.94,988.17 
11/10/2021T05:51:01Z,106,162,177,44.59,31.97,988.09 
11/10/2021T05:51:32Z,86,142,159,45.16,31.97,987.87 
11/10/2021T05:52:03Z,219,396,441,46.76,31.84,987.08 
11/10/2021T05:52:34Z,193,343,386,46.60,31.85,987.14 
11/10/2021T05:53:05Z,218,399,446,46.47,31.81,987.08 
11/10/2021T05:53:35Z,224,431,476,46.94,31.79,987.04 
11/10/2021T05:54:06Z,290,586,659,48.28,31.66,986.35 
11/10/2021T05:54:36Z,295,616,693,48.69,31.58,986.16 
11/10/2021T05:55:06Z,297,614,688,49.29,31.51,985.95 
11/10/2021T05:55:37Z,219,425,469,49.33,31.45,985.95 
11/10/2021T05:56:07Z,270,543,606,50.16,31.40,985.65 
11/10/2021T05:56:38Z,246,504,568,50.07,31.36,985.70 
11/10/2021T05:57:08Z,286,607,693,50.12,31.35,985.69 
11/10/2021T05:57:38Z,311,681,773,49.99,31.37,985.77 
11/10/2021T05:58:09Z,311,672,756,50.47,31.37,985.61 
11/10/2021T05:58:39Z,275,572,646,50.18,31.36,985.72 
11/10/2021T05:59:09Z,337,765,862,49.91,31.40,985.84 
11/10/2021T05:59:40Z,292,603,683,48.92,31.48,986.25 
11/10/2021T06:00:10Z,329,770,876,49.34,31.50,986.14 
11/10/2021T06:00:41Z,253,534,610,48.69,31.51,986.29 
11/10/2021T06:01:11Z,166,291,327,46.73,31.63,987.09 
11/10/2021T06:01:42Z,194,356,390,46.12,31.74,987.37 
11/10/2021T06:02:12Z,245,488,541,45.91,31.80,987.43 
11/10/2021T06:02:42Z,327,737,835,47.47,31.72,986.82 
11/10/2021T06:03:13Z,338,803,905,48.22,31.62,986.39 
11/10/2021T06:03:44Z,310,692,782,47.62,31.62,986.62 
11/10/2021T06:04:14Z,207,406,448,46.22,31.73,987.26 
11/10/2021T06:04:45Z,197,387,430,45.01,31.85,987.65 
11/10/2021T06:05:15Z,193,354,393,44.38,31.98,987.95 
11/10/2021T06:05:45Z,258,518,581,44.95,31.99,987.70 
11/10/2021T06:06:16Z,288,603,679,45.88,31.96,987.31 
11/10/2021T06:06:46Z,192,383,432,45.45,31.93,987.40 
11/10/2021T06:07:17Z,319,739,841,46.91,31.84,986.86 
11/10/2021T06:07:48Z,323,727,832,46.48,31.81,986.93 
11/10/2021T06:08:18Z,246,492,550,45.35,31.88,987.42 
11/10/2021T06:08:49Z,297,635,720,46.48,31.82,987.03 
11/10/2021T06:09:19Z,342,821,948,47.25,31.73,986.60 
11/10/2021T06:09:49Z,256,536,606,46.32,31.77,986.92 
11/10/2021T06:10:20Z,267,547,617,46.91,31.80,986.76 
11/10/2021T06:10:50Z,281,591,672,46.73,31.79,986.81 
11/10/2021T06:11:20Z,319,727,837,47.76,31.70,986.34 
11/10/2021T06:11:51Z,322,724,824,48.40,31.62,986.06 
11/10/2021T06:12:21Z,314,701,802,48.96,31.55,985.84 
11/10/2021T06:12:51Z,318,732,846,49.00,31.52,985.80 
11/10/2021T06:13:22Z,284,613,702,48.02,31.60,986.19 
11/10/2021T06:13:52Z,233,449,499,47.06,31.70,986.66 
11/10/2021T06:14:22Z,215,429,473,47.04,31.76,986.70 
11/10/2021T06:14:53Z,298,642,731,47.45,31.74,986.43 
11/10/2021T06:15:23Z,238,483,554,46.43,31.75,986.83 
11/10/2021T06:15:54Z,156,301,334,45.90,31.82,987.13 
11/10/2021T06:16:24Z,255,522,589,46.55,31.79,986.83 
11/10/2021T06:16:54Z,240,484,550,47.52,31.75,986.37 
11/10/2021T06:17:25Z,289,635,726,48.23,31.67,986.05 
11/10/2021T06:17:56Z,216,441,503,47.58,31.65,986.20 
11/10/2021T06:18:26Z,121,217,244,46.01,31.80,986.97 
11/10/2021T06:18:56Z,178,358,410,47.19,31.82,986.56 
11/10/2021T06:19:26Z,235,473,534,48.07,31.70,986.02 
11/10/2021T06:19:57Z,257,532,615,48.49,31.63,985.86 
11/10/2021T06:20:27Z,237,492,573,48.19,31.61,985.95 
11/10/2021T06:20:57Z,208,424,478,48.36,31.63,985.96 
11/10/2021T06:21:27Z,230,503,582,48.24,31.61,985.90 
11/10/2021T06:21:57Z,225,486,573,48.30,31.62,986.01 
11/10/2021T06:22:27Z,283,663,785,49.13,31.56,985.56 
11/10/2021T06:22:58Z,264,605,709,48.99,31.52,985.60 
11/10/2021T06:23:28Z,288,660,761,49.53,31.48,985.42 
11/10/2021T06:23:58Z,285,624,716,50.27,31.45,985.17 
11/10/2021T06:24:28Z,278,587,669,50.29,31.43,985.10 
11/10/2021T06:24:58Z,236,459,515,49.82,31.45,985.28 
11/10/2021T06:25:29Z,189,344,386,48.57,31.52,985.85 
11/10/2021T06:26:00Z,205,383,431,49.63,31.52,985.43 
11/10/2021T06:26:30Z,157,281,315,49.38,31.49,985.44 
11/10/2021T06:27:01Z,158,274,306,49.80,31.48,985.33 
11/10/2021T06:27:31Z,151,267,292,50.42,31.45,985.08 
11/10/2021T06:28:02Z,129,225,254,50.39,31.43,985.09 
11/10/2021T06:28:32Z,118,197,213,50.69,31.40,985.01 
11/10/2021T06:29:02Z,121,200,221,50.99,31.36,984.92 
11/10/2021T06:29:32Z,108,179,200,51.28,31.33,984.83 
11/10/2021T06:30:03Z,104,174,195,51.48,31.30,984.76 
11/10/2021T06:30:34Z,95,157,175,50.99,31.31,984.94 
11/10/2021T06:31:05Z,82,132,143,49.58,31.42,985.52 
11/10/2021T06:31:36Z,88,147,165,50.24,31.46,985.32 
11/10/2021T06:32:06Z,90,145,158,50.63,31.43,985.11 
11/10/2021T06:32:37Z,84,136,149,50.61,31.42,985.12 
11/10/2021T06:33:07Z,88,141,159,50.76,31.41,985.07 
11/10/2021T06:33:38Z,82,133,148,50.71,31.42,985.08 
11/10/2021T06:34:08Z,70,113,124,49.94,31.44,985.35 
11/10/2021T06:34:38Z,68,106,117,50.02,31.50,985.39 
11/10/2021T06:35:08Z,71,113,123,50.41,31.49,985.19 
11/10/2021T06:35:38Z,68,109,120,50.09,31.49,985.30 
11/10/2021T06:36:08Z,66,104,112,50.07,31.50,985.35 
11/10/2021T06:36:38Z,60,94,101,50.02,31.53,985.34 
11/10/2021T06:37:09Z,58,91,100,49.79,31.52,985.42 
11/10/2021T06:37:39Z,57,88,95,50.03,31.52,985.31 
11/10/2021T06:38:09Z,48,77,84,49.24,31.56,985.60 
11/10/2021T06:38:40Z,42,67,76,48.59,31.60,985.83 
11/10/2021T06:39:10Z,47,74,85,48.85,31.66,985.83 
11/10/2021T06:39:41Z,46,74,80,49.22,31.63,985.58 
11/10/2021T06:40:12Z,50,78,83,49.98,31.60,985.28 
11/10/2021T06:40:42Z,46,70,76,49.44,31.62,985.43 
11/10/2021T06:41:13Z,56,87,94,48.39,31.69,985.88 
11/10/2021T06:41:44Z,66,104,112,47.90,31.74,986.11 
11/10/2021T06:42:15Z,60,96,103,48.54,31.71,985.83 
11/10/2021T06:42:46Z,53,81,90,48.25,31.72,985.88 
11/10/2021T06:43:16Z,47,73,80,47.88,31.79,986.07 
11/10/2021T06:43:46Z,43,67,76,47.61,31.82,986.18 
11/10/2021T06:44:17Z,40,62,74,47.12,31.82,986.35 
11/10/2021T06:44:47Z,40,62,72,46.97,31.80,986.37 
11/10/2021T06:45:17Z,39,63,74,46.55,31.86,986.65 
11/10/2021T06:45:47Z,41,63,73,47.40,31.79,986.15 
11/10/2021T06:46:18Z,42,61,71,47.72,31.76,986.04 
11/10/2021T06:46:48Z,36,57,70,47.08,31.80,986.24 
11/10/2021T06:47:19Z,34,53,68,46.64,31.86,986.49 
11/10/2021T06:47:49Z,34,53,67,47.01,31.84,986.28 
11/10/2021T06:48:20Z,47,75,86,46.88,31.82,986.35 
11/10/2021T06:48:51Z,53,82,89,47.51,31.74,986.06 
11/10/2021T06:49:22Z,42,65,76,47.46,31.73,986.04 
11/10/2021T06:49:52Z,40,65,76,47.63,31.74,986.01 
11/10/2021T06:50:23Z,41,67,75,47.64,31.72,985.91 
11/10/2021T06:50:53Z,42,66,75,48.19,31.70,985.75 
11/10/2021T06:51:24Z,41,64,75,48.36,31.66,985.63 
11/10/2021T06:51:54Z,43,69,78,48.65,31.68,985.48 
11/10/2021T06:52:24Z,54,87,95,47.59,31.72,985.86 
11/10/2021T06:52:55Z,49,81,89,46.61,31.79,986.35 
11/10/2021T06:53:25Z,49,77,85,48.05,31.79,985.79 
11/10/2021T06:53:55Z,52,83,90,48.70,31.73,985.43 
11/10/2021T06:54:26Z,57,94,103,49.19,31.66,985.20 
11/10/2021T06:54:57Z,61,102,112,49.01,31.65,985.25 
11/10/2021T06:55:27Z,60,98,105,49.32,31.63,985.19 
11/10/2021T06:55:57Z,60,100,111,49.78,31.59,984.98 
11/10/2021T06:56:28Z,66,105,116,49.38,31.56,985.13 
11/10/2021T06:56:58Z,67,106,118,49.83,31.55,985.00 
11/10/2021T06:57:29Z,63,103,112,49.85,31.55,984.95 
11/10/2021T06:57:59Z,64,102,109,47.85,31.66,985.72 
11/10/2021T06:58:30Z,78,122,133,48.40,31.70,985.58 
11/10/2021T06:59:00Z,78,121,131,48.91,31.68,985.36 
11/10/2021T06:59:31Z,115,186,203,48.69,31.64,985.38 
11/10/2021T07:00:01Z,130,217,241,47.52,31.70,985.88 
11/10/2021T07:00:32Z,143,242,270,47.66,31.73,985.90 
11/10/2021T07:01:02Z,142,242,268,48.23,31.70,985.60 
11/10/2021T07:01:33Z,128,213,236,48.08,31.68,985.65 
11/10/2021T07:02:03Z,127,213,236,48.69,31.66,985.41 
11/10/2021T07:02:33Z,124,211,235,49.37,31.61,985.10 
11/10/2021T07:03:03Z,127,215,243,49.52,31.57,985.03 
11/10/2021T07:03:34Z,123,207,233,49.61,31.56,984.95 
11/10/2021T07:04:04Z,121,199,214,49.16,31.60,985.16 
11/10/2021T07:04:34Z,110,182,196,49.17,31.62,985.16 
11/10/2021T07:05:04Z,105,172,193,48.76,31.63,985.28 
11/10/2021T07:05:35Z,116,198,218,48.50,31.65,985.46 
11/10/2021T07:06:05Z,106,180,203,48.09,31.69,985.56 
11/10/2021T07:06:36Z,96,159,180,47.92,31.72,985.68 
11/10/2021T07:07:06Z,84,139,153,47.71,31.74,985.75 
11/10/2021T07:07:37Z,74,123,139,47.21,31.78,985.94 
11/10/2021T07:08:07Z,87,145,162,47.48,31.77,985.81 
11/10/2021T07:08:38Z,98,165,184,47.26,31.78,985.92 
11/10/2021T07:09:08Z,93,151,168,47.45,31.80,985.80 
11/10/2021T07:09:39Z,91,150,163,47.41,31.84,985.82 
11/10/2021T07:10:10Z,79,132,149,47.15,31.89,985.91 
11/10/2021T07:10:41Z,71,117,130,46.97,31.92,985.95 
11/10/2021T07:11:11Z,70,111,122,46.68,31.93,986.06 
11/10/2021T07:11:42Z,66,106,116,46.26,31.93,986.18 
11/10/2021T07:12:12Z,68,106,117,45.87,31.99,986.41 
11/10/2021T07:12:42Z,66,109,127,46.68,31.95,986.03 
11/10/2021T07:13:13Z,63,100,112,47.33,31.88,985.72 
11/10/2021T07:13:44Z,63,102,110,47.62,31.83,985.56 
11/10/2021T07:14:14Z,58,92,102,47.63,31.83,985.55 
11/10/2021T07:14:44Z,57,90,97,48.00,31.85,985.40 
11/10/2021T07:15:14Z,58,91,99,48.16,31.83,985.29 
11/10/2021T07:15:45Z,54,85,93,48.22,31.81,985.25 
11/10/2021T07:16:16Z,54,88,96,48.60,31.78,985.07 
11/10/2021T07:16:47Z,56,88,97,48.79,31.75,985.00 
11/10/2021T07:17:17Z,56,87,94,49.07,31.71,984.86 
11/10/2021T07:17:48Z,55,88,96,49.31,31.69,984.76 
11/10/2021T07:18:19Z,56,87,98,49.83,31.67,984.58 
11/10/2021T07:18:49Z,66,106,116,50.49,31.64,984.30 
11/10/2021T07:19:20Z,97,160,175,50.51,31.59,984.28 
11/10/2021T07:19:51Z,91,146,159,50.13,31.59,984.48 
11/10/2021T07:20:21Z,104,165,179,49.39,31.66,984.82 
11/10/2021T07:20:51Z,91,146,162,48.02,31.72,985.33 
11/10/2021T07:21:21Z,84,134,144,47.99,31.77,985.38 
11/10/2021T07:21:52Z,77,125,137,47.10,31.81,985.74 
11/10/2021T07:22:23Z,68,108,119,47.11,31.84,985.78 
11/10/2021T07:22:53Z,65,104,115,46.88,31.84,985.85 
11/10/2021T07:23:24Z,62,99,107,46.67,31.84,985.91 
11/10/2021T07:23:54Z,56,87,96,46.29,31.83,986.05 
11/10/2021T07:24:25Z,52,79,88,46.53,31.79,985.96 
11/10/2021T07:24:56Z,49,79,86,46.74,31.75,985.83 
11/10/2021T07:25:26Z,46,76,83,47.19,31.72,985.70 
11/10/2021T07:25:57Z,51,80,90,48.14,31.65,985.23 
11/10/2021T07:26:27Z,49,79,87,48.64,31.62,985.00 
11/10/2021T07:26:58Z,51,82,89,49.27,31.60,984.72 
11/10/2021T07:27:28Z,45,74,84,48.31,31.62,985.01 
11/10/2021T07:27:58Z,39,62,74,46.89,31.71,985.66 
11/10/2021T07:28:29Z,37,60,71,46.05,31.78,986.01 
11/10/2021T07:28:59Z,38,59,71,46.19,31.82,985.97 
11/10/2021T07:29:30Z,35,54,68,45.62,31.84,986.21 
11/10/2021T07:30:00Z,34,53,68,45.55,31.87,986.24 
11/10/2021T07:30:30Z,35,54,68,46.19,31.85,985.95 
11/10/2021T07:31:01Z,34,52,67,46.39,31.81,985.82 
11/10/2021T07:31:31Z,35,55,68,47.07,31.77,985.54 
11/10/2021T07:32:01Z,36,57,70,48.11,31.70,985.06 
11/10/2021T07:32:32Z,41,58,72,48.60,31.65,984.84 
11/10/2021T07:33:02Z,48,74,82,48.95,31.61,984.69 
11/10/2021T07:33:32Z,75,121,132,49.94,31.58,984.31 
11/10/2021T07:34:02Z,123,192,209,50.07,31.55,984.23 
11/10/2021T07:34:33Z,227,382,421,50.20,31.52,984.17 
11/10/2021T07:35:03Z,216,359,391,49.70,31.52,984.37 
11/10/2021T07:35:34Z,199,328,360,50.31,31.53,984.15 
11/10/2021T07:36:05Z,167,266,286,49.28,31.58,984.52 
11/10/2021T07:36:36Z,147,232,254,49.47,31.61,984.48 
11/10/2021T07:37:06Z,124,195,209,49.52,31.60,984.44 
11/10/2021T07:37:36Z,112,178,194,49.85,31.61,984.32 
11/10/2021T07:38:07Z,121,191,207,50.80,31.58,983.90 
11/10/2021T07:38:37Z,117,182,196,50.83,31.56,983.85 
11/10/2021T07:39:08Z,81,124,138,50.51,31.54,984.02 
11/10/2021T07:39:39Z,96,151,163,51.06,31.55,983.85 
11/10/2021T07:40:09Z,164,271,298,51.62,31.53,983.61 
11/10/2021T07:40:40Z,180,297,327,51.75,31.51,983.60 
11/10/2021T07:41:10Z,239,429,472,52.22,31.49,983.46 
11/10/2021T07:41:41Z,282,544,601,52.20,31.47,983.49 
11/10/2021T07:42:11Z,249,459,506,50.88,31.51,983.93 
11/10/2021T07:42:41Z,180,307,332,50.07,31.62,984.42 
11/10/2021T07:43:12Z,246,436,481,51.23,31.62,983.89 
11/10/2021T07:43:43Z,272,512,563,51.49,31.60,983.75 
11/10/2021T07:44:14Z,292,560,617,51.18,31.59,983.91 
11/10/2021T07:44:44Z,281,517,564,50.56,31.63,984.12 
11/10/2021T07:45:14Z,248,444,496,49.39,31.72,984.62 
11/10/2021T07:45:45Z,190,326,356,48.33,31.79,985.08 
11/10/2021T07:46:15Z,178,298,330,49.25,31.80,984.71 
11/10/2021T07:46:46Z,185,314,340,49.29,31.79,984.59 
11/10/2021T07:47:16Z,154,252,277,48.06,31.85,985.15 
11/10/2021T07:47:46Z,132,217,234,47.91,31.86,985.18 
11/10/2021T07:48:17Z,114,179,198,47.73,31.86,985.30 
11/10/2021T07:48:47Z,129,210,227,48.38,31.82,985.01 
11/10/2021T07:49:18Z,142,229,250,48.40,31.79,984.99 
11/10/2021T07:49:49Z,133,216,240,48.34,31.77,984.97 
11/10/2021T07:50:19Z,119,190,207,47.95,31.81,985.15 
11/10/2021T07:50:50Z,124,206,220,49.03,31.79,984.71 
11/10/2021T07:51:21Z,120,194,214,49.12,31.76,984.63 
11/10/2021T07:51:51Z,114,185,199,49.44,31.72,984.50 
11/10/2021T07:52:22Z,190,340,378,50.12,31.68,984.19 
11/10/2021T07:52:53Z,230,416,460,50.27,31.65,984.09 
11/10/2021T07:53:24Z,240,440,498,49.76,31.67,984.30 
11/10/2021T07:53:54Z,230,421,469,49.97,31.67,984.25 
11/10/2021T07:54:24Z,228,415,469,50.51,31.65,984.01 
11/10/2021T07:54:55Z,232,428,476,50.51,31.64,983.99 
11/10/2021T07:55:26Z,183,320,356,49.88,31.64,984.21 
11/10/2021T07:55:56Z,155,259,288,49.77,31.67,984.35 
11/10/2021T07:56:27Z,190,324,358,50.41,31.64,984.04 
11/10/2021T07:56:58Z,203,361,400,50.62,31.62,983.95 
11/10/2021T07:57:28Z,206,365,403,50.65,31.61,983.95 
11/10/2021T07:57:58Z,202,368,404,50.75,31.59,983.90 
11/10/2021T07:58:29Z,202,359,399,50.82,31.57,983.89 
11/10/2021T07:59:00Z,199,349,390,50.84,31.57,983.89 
11/10/2021T07:59:30Z,197,345,390,50.10,31.58,984.15 
11/10/2021T08:00:01Z,171,295,330,49.89,31.60,984.29 
11/10/2021T08:00:31Z,187,326,362,50.15,31.59,984.17 
11/10/2021T08:01:02Z,189,329,366,50.79,31.57,983.89 
11/10/2021T08:01:32Z,177,303,337,50.42,31.56,984.02 
11/10/2021T08:02:03Z,191,336,370,50.84,31.55,983.87 
11/10/2021T08:02:33Z,192,327,363,50.64,31.54,983.92 
11/10/2021T08:03:03Z,187,320,359,50.85,31.54,983.87 
11/10/2021T08:03:33Z,189,328,363,50.92,31.53,983.83 
11/10/2021T08:04:03Z,193,332,368,51.03,31.52,983.77 
11/10/2021T08:04:34Z,189,331,368,51.14,31.52,983.74 
11/10/2021T08:05:04Z,180,305,333,51.05,31.50,983.75 
11/10/2021T08:05:35Z,175,297,320,51.20,31.49,983.72 
11/10/2021T08:06:05Z,189,321,355,51.32,31.48,983.66 
11/10/2021T08:06:36Z,190,328,360,51.41,31.47,983.61 
11/10/2021T08:07:06Z,186,320,352,51.24,31.48,983.70 
11/10/2021T08:07:37Z,179,309,345,51.30,31.49,983.65 
11/10/2021T08:08:08Z,183,316,350,51.46,31.49,983.62 
11/10/2021T08:08:38Z,185,320,356,51.46,31.50,983.61 
11/10/2021T08:09:09Z,178,308,340,51.36,31.50,983.65 
11/10/2021T08:09:40Z,176,308,338,51.32,31.50,983.65 
11/10/2021T08:10:11Z,176,297,330,51.36,31.51,983.64 
11/10/2021T08:10:41Z,173,293,329,51.28,31.50,983.67 
11/10/2021T08:11:12Z,166,281,313,51.29,31.49,983.69 
11/10/2021T08:11:42Z,168,283,315,51.29,31.49,983.66 
11/10/2021T08:12:12Z,162,270,301,51.01,31.49,983.79 
11/10/2021T08:12:43Z,151,253,279,51.20,31.48,983.71 
11/10/2021T08:13:13Z,145,243,268,50.70,31.47,983.89 
11/10/2021T08:13:44Z,164,275,301,51.45,31.47,983.60 
11/10/2021T08:14:15Z,151,252,277,51.45,31.46,983.55 
11/10/2021T08:14:46Z,153,255,283,51.48,31.46,983.52 
11/10/2021T08:15:16Z,154,260,288,51.40,31.46,983.55 
11/10/2021T08:15:46Z,153,255,285,51.43,31.46,983.55 
11/10/2021T08:16:17Z,150,249,278,51.62,31.46,983.47 
11/10/2021T08:16:48Z,154,254,283,51.76,31.45,983.42 
11/10/2021T08:17:18Z,154,259,282,51.94,31.44,983.35 
11/10/2021T08:17:48Z,151,253,277,52.07,31.43,983.32 
11/10/2021T08:18:19Z,150,248,271,52.10,31.42,983.31 
11/10/2021T08:18:49Z,154,258,282,52.14,31.41,983.32 
11/10/2021T08:19:19Z,150,248,273,52.21,31.41,983.28 
11/10/2021T08:19:50Z,150,250,277,52.31,31.40,983.24 
11/10/2021T08:20:21Z,146,245,261,52.28,31.40,983.27 
11/10/2021T08:20:51Z,151,256,282,52.36,31.40,983.26 
11/10/2021T08:21:22Z,161,266,291,52.46,31.39,983.21 
11/10/2021T08:21:53Z,140,234,253,52.47,31.39,983.21 
11/10/2021T08:22:24Z,144,240,262,52.58,31.38,983.18 
11/10/2021T08:22:54Z,142,237,255,52.57,31.38,983.21 
11/10/2021T08:23:24Z,152,251,273,52.60,31.38,983.20 
11/10/2021T08:23:55Z,151,252,272,52.66,31.38,983.17 
11/10/2021T08:24:25Z,151,252,275,52.74,31.37,983.15 
11/10/2021T08:24:56Z,146,238,259,52.78,31.36,983.17 
11/10/2021T08:25:26Z,147,246,268,52.86,31.35,983.14 
11/10/2021T08:25:56Z,153,257,284,52.89,31.34,983.15 
11/10/2021T08:26:27Z,155,264,294,52.84,31.34,983.17 
11/10/2021T08:26:57Z,158,272,299,52.66,31.33,983.23 
11/10/2021T08:27:27Z,161,270,293,52.64,31.34,983.27 
11/10/2021T08:27:57Z,156,260,295,52.62,31.33,983.28 
11/10/2021T08:28:28Z,160,265,293,52.81,31.33,983.20 
11/10/2021T08:28:58Z,139,229,255,52.15,31.33,983.45 
11/10/2021T08:29:29Z,144,245,274,52.78,31.33,983.20 
11/10/2021T08:30:00Z,155,263,289,52.82,31.33,983.18 
11/10/2021T08:30:30Z,144,245,272,52.72,31.32,983.23 
11/10/2021T08:31:00Z,152,252,278,52.74,31.32,983.20 
11/10/2021T08:31:30Z,150,250,275,52.73,31.32,983.21 
11/10/2021T08:32:01Z,136,227,244,52.26,31.31,983.36 
11/10/2021T08:32:32Z,128,211,227,52.16,31.32,983.46 
11/10/2021T08:33:02Z,128,211,228,52.26,31.33,983.41 
11/10/2021T08:33:33Z,140,235,255,52.61,31.34,983.30 
11/10/2021T08:34:03Z,128,208,232,52.62,31.37,983.25 
11/10/2021T08:34:34Z,143,237,259,52.80,31.35,983.17 
11/10/2021T08:35:04Z,141,228,251,52.92,31.33,983.11 
11/10/2021T08:35:34Z,144,234,259,52.79,31.33,983.16 
11/10/2021T08:36:05Z,145,236,257,52.94,31.33,983.13 
11/10/2021T08:36:35Z,141,232,256,52.97,31.32,983.09 
11/10/2021T08:37:06Z,143,236,266,52.60,31.32,983.25 
11/10/2021T08:37:36Z,137,221,244,52.05,31.32,983.38 
11/10/2021T08:38:06Z,85,134,150,47.43,31.41,985.12 
11/10/2021T08:38:36Z,107,174,192,50.39,31.47,984.12 
11/10/2021T08:39:06Z,129,210,226,51.75,31.44,983.48 
11/10/2021T08:39:37Z,123,199,213,50.45,31.43,983.94 
11/10/2021T08:40:08Z,136,226,248,51.71,31.43,983.43 
11/10/2021T08:40:38Z,146,240,262,52.40,31.40,983.15 
11/10/2021T08:41:09Z,130,214,235,52.30,31.38,983.18 
11/10/2021T08:41:39Z,138,224,241,51.93,31.38,983.31 
11/10/2021T08:42:10Z,140,227,249,51.86,31.38,983.38 
11/10/2021T08:42:40Z,139,225,246,52.15,31.38,983.26 
11/10/2021T08:43:10Z,142,231,259,52.27,31.38,983.18 
11/10/2021T08:43:41Z,137,224,248,51.94,31.37,983.30 
11/10/2021T08:44:11Z,139,224,250,51.94,31.35,983.32 
11/10/2021T08:44:41Z,139,226,246,51.97,31.35,983.33 
11/10/2021T08:45:12Z,138,228,250,52.01,31.35,983.29 
11/10/2021T08:45:42Z,136,226,242,52.14,31.36,983.23 
11/10/2021T08:46:12Z,141,226,245,52.29,31.36,983.18 
11/10/2021T08:46:43Z,142,231,250,52.32,31.36,983.12 
11/10/2021T08:47:13Z,134,220,236,51.89,31.37,983.30 
11/10/2021T08:47:43Z,140,226,246,52.23,31.37,983.16 
11/10/2021T08:48:14Z,141,231,250,52.18,31.37,983.16 
11/10/2021T08:48:45Z,136,223,240,52.16,31.36,983.18 
11/10/2021T08:49:15Z,135,224,241,52.13,31.36,983.20 
11/10/2021T08:49:46Z,134,220,241,52.09,31.36,983.22 
11/10/2021T08:50:16Z,136,221,241,51.93,31.36,983.28 
11/10/2021T08:50:47Z,132,218,238,50.38,31.37,983.71 
11/10/2021T08:51:17Z,88,143,160,46.18,31.54,985.54 
11/10/2021T08:51:47Z,131,214,234,51.32,31.52,983.55 
11/10/2021T08:52:18Z,137,224,246,51.67,31.45,983.25 
11/10/2021T08:52:49Z,139,224,243,51.92,31.41,983.17 
11/10/2021T08:53:19Z,137,229,263,51.98,31.39,983.14 
11/10/2021T08:53:49Z,123,205,227,51.04,31.37,983.46 
11/10/2021T08:54:19Z,130,215,237,51.66,31.38,983.31 
11/10/2021T08:54:49Z,126,206,223,51.53,31.37,983.31 
11/10/2021T08:55:20Z,131,217,244,51.90,31.34,983.19 
11/10/2021T08:55:50Z,133,217,234,52.08,31.32,983.12 
11/10/2021T08:56:21Z,133,213,234,52.09,31.32,983.09 
11/10/2021T08:56:51Z,127,205,228,51.70,31.32,983.25 
11/10/2021T08:57:21Z,127,203,224,51.89,31.32,983.18 
11/10/2021T08:57:51Z,126,206,222,51.93,31.31,983.14 
11/10/2021T08:58:21Z,128,206,223,52.08,31.30,983.08 
11/10/2021T08:58:52Z,128,207,228,52.13,31.29,983.05 
11/10/2021T08:59:22Z,125,207,223,52.14,31.30,983.03 
11/10/2021T08:59:53Z,125,202,221,52.15,31.29,983.04 
11/10/2021T09:00:23Z,125,198,222,52.20,31.28,983.02 
11/10/2021T09:00:53Z,128,203,227,52.33,31.28,982.97 
11/10/2021T09:01:23Z,126,207,231,52.37,31.29,982.95 
11/10/2021T09:01:53Z,126,205,225,52.37,31.28,982.97 
11/10/2021T09:02:24Z,130,211,228,52.38,31.27,982.97 
11/10/2021T09:02:54Z,128,207,223,52.24,31.26,982.99 
11/10/2021T09:03:24Z,116,189,205,51.37,31.28,983.40 
11/10/2021T09:03:54Z,127,205,223,52.28,31.27,983.00 
11/10/2021T09:04:25Z,125,202,216,52.44,31.26,982.95 
11/10/2021T09:04:55Z,129,206,225,52.57,31.25,982.87 
11/10/2021T09:05:26Z,122,200,217,52.54,31.24,982.88 
11/10/2021T09:05:56Z,125,203,224,52.54,31.25,982.88 
11/10/2021T09:06:26Z,123,195,214,52.51,31.24,982.91 
11/10/2021T09:06:56Z,118,191,204,52.50,31.23,982.92 
11/10/2021T09:07:27Z,118,187,204,52.56,31.22,982.91 
11/10/2021T09:07:57Z,116,191,210,52.54,31.22,982.90 
11/10/2021T09:08:28Z,108,178,200,51.81,31.23,983.11 
11/10/2021T09:08:59Z,110,180,197,52.18,31.25,983.11 
11/10/2021T09:09:29Z,122,199,216,52.60,31.23,982.86 
11/10/2021T09:10:00Z,121,197,216,52.72,31.22,982.82 
11/10/2021T09:10:30Z,122,193,215,52.80,31.22,982.78 
11/10/2021T09:11:00Z,118,192,209,52.76,31.22,982.81 
11/10/2021T09:11:31Z,117,189,204,52.78,31.21,982.79 
11/10/2021T09:12:01Z,114,182,201,52.76,31.21,982.80 
11/10/2021T09:12:32Z,118,189,204,52.83,31.20,982.76 
11/10/2021T09:13:03Z,113,181,195,52.68,31.20,982.85 
11/10/2021T09:13:33Z,110,179,197,52.77,31.20,982.80 
11/10/2021T09:14:04Z,112,180,196,52.81,31.20,982.79 
11/10/2021T09:14:34Z,114,180,199,52.88,31.19,982.75 
11/10/2021T09:15:04Z,112,185,203,52.97,31.19,982.72 
11/10/2021T09:15:34Z,117,191,210,53.04,31.18,982.70 
11/10/2021T09:16:04Z,120,197,219,53.15,31.18,982.66 
11/10/2021T09:16:35Z,118,197,213,52.88,31.18,982.77 
11/10/2021T09:17:05Z,119,195,218,53.20,31.18,982.66 
11/10/2021T09:17:36Z,124,204,222,53.23,31.18,982.62 
11/10/2021T09:18:06Z,120,195,215,53.24,31.17,982.61 
11/10/2021T09:18:37Z,123,195,214,53.29,31.16,982.59 
11/10/2021T09:19:07Z,117,192,207,53.35,31.16,982.58 
11/10/2021T09:19:38Z,117,189,205,53.14,31.16,982.64 
11/10/2021T09:20:08Z,110,178,192,53.01,31.18,982.70 
11/10/2021T09:20:39Z,115,192,209,52.70,31.19,982.84 
11/10/2021T09:21:09Z,116,182,195,53.08,31.20,982.69 
11/10/2021T09:21:39Z,108,171,190,52.35,31.21,982.88 
11/10/2021T09:22:09Z,60,95,102,47.97,31.32,984.61 
11/10/2021T09:22:40Z,97,158,174,52.00,31.33,983.15 
11/10/2021T09:23:11Z,103,166,178,52.21,31.30,982.94 
11/10/2021T09:23:42Z,107,172,189,52.35,31.28,982.87 
11/10/2021T09:24:13Z,107,169,182,52.48,31.27,982.84 
11/10/2021T09:24:43Z,105,173,186,52.55,31.25,982.78 
11/10/2021T09:25:14Z,107,171,185,52.51,31.25,982.81 
11/10/2021T09:25:44Z,109,171,188,52.53,31.25,982.78 
11/10/2021T09:26:15Z,104,165,185,52.56,31.23,982.78 
11/10/2021T09:26:45Z,105,167,186,52.56,31.21,982.79 
11/10/2021T09:27:16Z,103,162,176,52.58,31.22,982.77 
11/10/2021T09:27:46Z,104,166,181,52.62,31.21,982.74 
11/10/2021T09:28:16Z,105,163,179,52.70,31.22,982.73 
11/10/2021T09:28:47Z,104,165,184,52.70,31.22,982.71 
11/10/2021T09:29:17Z,101,162,175,52.68,31.22,982.71 
11/10/2021T09:29:48Z,101,164,181,52.71,31.22,982.70 
11/10/2021T09:30:18Z,102,160,176,52.71,31.21,982.71 
11/10/2021T09:30:49Z,100,160,174,52.71,31.21,982.71 
11/10/2021T09:31:20Z,94,149,163,52.70,31.22,982.72 
11/10/2021T09:31:50Z,98,159,172,52.81,31.21,982.67 
11/10/2021T09:32:20Z,99,158,176,52.88,31.21,982.66 
11/10/2021T09:32:51Z,102,161,172,52.90,31.20,982.64 
11/10/2021T09:33:22Z,98,159,173,52.69,31.22,982.72 
11/10/2021T09:33:53Z,100,161,173,52.72,31.23,982.72 
11/10/2021T09:34:23Z,98,151,160,52.89,31.23,982.63 
11/10/2021T09:34:54Z,96,155,166,52.96,31.22,982.62 
11/10/2021T09:35:24Z,99,157,166,52.98,31.23,982.62 
11/10/2021T09:35:54Z,95,153,167,53.00,31.22,982.61 
11/10/2021T09:36:25Z,93,149,164,52.64,31.21,982.69 
11/10/2021T09:36:55Z,74,116,126,50.51,31.28,983.59 
11/10/2021T09:37:26Z,94,149,162,52.57,31.26,982.78 
11/10/2021T09:37:57Z,94,148,161,52.90,31.24,982.63 
11/10/2021T09:38:27Z,94,147,158,52.94,31.23,982.62 
11/10/2021T09:38:57Z,94,147,156,53.04,31.21,982.58 
11/10/2021T09:39:28Z,92,146,160,53.07,31.21,982.54 
11/10/2021T09:39:58Z,90,145,156,53.02,31.20,982.59 
11/10/2021T09:40:28Z,92,147,160,53.03,31.20,982.58 
11/10/2021T09:40:59Z,92,141,151,52.98,31.19,982.62 
11/10/2021T09:41:29Z,93,144,156,53.01,31.18,982.59 
11/10/2021T09:42:00Z,85,134,146,52.47,31.20,982.83 
11/10/2021T09:42:30Z,92,145,156,52.99,31.19,982.64 
11/10/2021T09:43:00Z,88,139,152,52.99,31.18,982.65 
11/10/2021T09:43:30Z,91,148,158,53.07,31.17,982.63 
11/10/2021T09:44:00Z,91,145,154,53.04,31.17,982.63 
11/10/2021T09:44:30Z,90,145,155,53.13,31.17,982.60 
11/10/2021T09:45:01Z,85,134,142,53.05,31.15,982.63 
11/10/2021T09:45:31Z,86,138,148,53.09,31.15,982.63 
11/10/2021T09:46:02Z,90,142,154,53.09,31.15,982.64 
11/10/2021T09:46:32Z,90,144,154,53.11,31.15,982.63 
11/10/2021T09:47:03Z,90,143,152,53.17,31.16,982.58 
11/10/2021T09:47:34Z,92,143,156,53.24,31.14,982.56 
11/10/2021T09:48:04Z,92,146,161,53.19,31.14,982.59 
11/10/2021T09:48:35Z,90,139,150,53.18,31.13,982.59 
11/10/2021T09:49:06Z,88,141,150,53.17,31.13,982.60 
11/10/2021T09:49:36Z,87,139,149,53.14,31.13,982.61 
11/10/2021T09:50:06Z,84,134,146,52.84,31.13,982.70 
11/10/2021T09:50:37Z,69,106,119,51.66,31.18,983.15 
11/10/2021T09:51:07Z,84,131,144,51.10,31.22,983.45 
11/10/2021T12:07:31Z,52,81,89,61.60,29.66,982.02 
11/10/2021T12:08:01Z,53,83,92,61.68,29.78,982.16 
11/10/2021T12:08:32Z,53,83,95,61.54,29.92,982.19 
11/10/2021T12:09:02Z,52,82,98,61.40,30.08,982.21 
11/10/2021T12:09:33Z,50,84,95,61.20,30.22,982.21 
11/10/2021T12:10:04Z,50,83,97,61.07,30.34,982.21 
11/10/2021T12:10:35Z,51,83,96,61.21,30.43,982.20 
11/10/2021T12:11:06Z,50,80,95,61.06,30.51,982.22 
11/10/2021T12:11:36Z,53,83,96,60.89,30.57,982.25 
11/10/2021T12:12:07Z,53,81,93,60.87,30.62,982.23 
11/10/2021T12:12:37Z,52,82,94,60.84,30.67,982.24 
11/10/2021T12:13:07Z,51,82,93,60.83,30.71,982.25 
11/10/2021T12:13:38Z,49,82,96,60.79,30.74,982.24 
11/10/2021T12:14:09Z,51,83,96,60.78,30.77,982.23 
11/10/2021T12:14:39Z,49,78,91,60.85,30.79,982.23 
11/10/2021T12:15:09Z,50,77,92,60.95,30.81,982.22 
11/10/2021T12:15:39Z,49,79,89,61.00,30.83,982.22 
11/10/2021T12:16:09Z,51,78,95,60.99,30.85,982.22 
11/10/2021T12:16:40Z,49,78,91,61.00,30.87,982.22 
11/10/2021T12:17:11Z,50,77,88,60.98,30.88,982.23 
11/10/2021T12:17:41Z,50,80,92,61.09,30.89,982.20 
11/10/2021T12:18:11Z,53,82,93,61.10,30.90,982.21 
11/10/2021T12:18:42Z,52,81,94,61.21,30.91,982.20 
11/10/2021T12:19:12Z,53,83,94,61.29,30.92,982.19 
11/10/2021T12:19:43Z,52,82,93,61.19,30.94,982.20 
11/10/2021T12:20:13Z,54,85,96,61.07,30.96,982.22 
11/10/2021T12:20:43Z,57,88,101,61.08,30.97,982.23 
11/10/2021T12:21:13Z,56,86,96,61.16,30.99,982.20 
11/10/2021T12:21:44Z,57,88,102,61.15,31.01,982.20 
11/10/2021T12:22:14Z,55,85,96,61.18,31.02,982.19 
11/10/2021T12:22:45Z,56,87,102,61.16,31.02,982.19 
11/10/2021T12:23:16Z,57,88,97,61.16,31.03,982.20 
11/10/2021T12:23:47Z,59,89,98,61.14,31.03,982.21 
11/10/2021T12:24:17Z,59,90,102,61.14,31.02,982.21 
11/10/2021T12:24:47Z,61,93,103,60.99,31.01,982.23 
11/10/2021T12:25:17Z,62,98,106,60.87,31.02,982.24 
11/10/2021T12:25:47Z,64,102,114,60.66,31.01,982.28 
11/10/2021T12:26:18Z,66,104,117,60.59,31.01,982.29 
11/10/2021T12:26:48Z,72,112,123,60.38,31.01,982.32 
11/10/2021T12:27:18Z,80,125,141,60.08,31.00,982.34 
11/10/2021T12:27:49Z,82,127,138,60.01,31.00,982.33 
11/10/2021T12:28:19Z,84,131,152,59.93,31.00,982.34 
11/10/2021T12:28:50Z,88,139,161,59.89,31.00,982.33 
11/10/2021T12:29:20Z,88,140,163,59.85,31.00,982.33 
11/10/2021T12:29:51Z,94,149,169,59.82,31.01,982.34 
11/10/2021T12:30:21Z,97,150,167,59.79,31.02,982.36 
11/10/2021T12:30:51Z,96,148,170,59.79,31.02,982.35 
11/10/2021T12:31:22Z,99,157,179,59.74,31.03,982.34 
11/10/2021T12:31:52Z,101,161,182,59.81,31.03,982.33 
11/10/2021T12:32:22Z,104,166,189,59.90,31.02,982.32 
11/10/2021T12:32:53Z,111,176,198,59.89,31.02,982.32 
11/10/2021T12:33:24Z,123,193,212,59.97,31.02,982.31 
11/10/2021T12:33:54Z,125,195,214,60.01,31.03,982.30 
11/10/2021T12:34:25Z,138,211,238,60.11,31.04,982.29 
11/10/2021T12:34:55Z,139,215,239,60.20,31.05,982.28 
11/10/2021T12:35:26Z,146,220,249,60.06,31.05,982.31 
11/10/2021T12:35:56Z,151,237,265,59.99,31.05,982.33 
11/10/2021T12:36:27Z,151,239,267,59.79,31.05,982.36 
11/10/2021T12:36:57Z,154,242,275,59.71,31.04,982.37 
11/10/2021T12:37:28Z,156,248,283,59.74,31.04,982.36 
11/10/2021T12:37:58Z,156,251,283,59.63,31.05,982.38 
11/10/2021T12:38:28Z,154,247,276,59.79,31.05,982.34 
11/10/2021T12:38:59Z,155,244,271,59.78,31.06,982.34 
11/10/2021T12:39:29Z,154,251,276,59.68,31.07,982.36 
11/10/2021T12:40:00Z,155,244,275,59.70,31.09,982.35 
11/10/2021T12:40:30Z,154,253,285,59.68,31.09,982.36 
11/10/2021T12:41:01Z,153,245,272,59.56,31.09,982.36 
11/10/2021T12:41:31Z,154,252,286,59.68,31.11,982.34 
11/10/2021T12:42:01Z,152,253,290,59.57,31.13,982.37 
11/10/2021T12:42:32Z,161,264,301,59.54,31.14,982.37 
11/10/2021T12:43:02Z,167,266,301,59.34,31.14,982.40 
11/10/2021T12:43:32Z,164,264,296,59.30,31.15,982.41 
11/10/2021T12:44:03Z,170,275,316,59.17,31.15,982.44 
11/10/2021T12:44:33Z,172,280,322,59.18,31.15,982.43 
11/10/2021T12:45:03Z,180,285,320,59.17,31.13,982.43 
11/10/2021T12:45:34Z,180,295,328,59.14,31.13,982.43 
11/10/2021T12:46:04Z,184,295,335,59.18,31.13,982.42 
11/10/2021T12:46:35Z,198,333,371,59.28,31.14,982.41 
11/10/2021T12:47:05Z,206,356,404,59.37,31.15,982.38 
11/10/2021T12:47:36Z,218,378,431,59.42,31.17,982.35 
11/10/2021T12:48:07Z,228,395,449,59.43,31.20,982.35 
11/10/2021T12:48:37Z,219,380,431,59.52,31.22,982.33 
11/10/2021T12:49:08Z,211,361,417,59.46,31.21,982.35 
11/10/2021T12:49:39Z,207,346,393,59.50,31.22,982.36 
11/10/2021T12:50:09Z,197,330,373,59.50,31.23,982.35 
11/10/2021T12:50:40Z,190,311,352,59.50,31.24,982.33 
11/10/2021T12:51:10Z,184,303,345,59.39,31.25,982.37 
11/10/2021T12:51:41Z,180,297,335,59.28,31.24,982.38 
11/10/2021T12:52:11Z,174,287,326,59.18,31.23,982.39 
11/10/2021T12:52:42Z,171,279,312,59.19,31.23,982.38 
11/10/2021T12:53:12Z,171,278,314,59.13,31.23,982.39 
11/10/2021T12:53:42Z,165,273,309,59.24,31.23,982.36 
11/10/2021T12:54:12Z,165,270,298,59.20,31.25,982.36 
11/10/2021T12:54:42Z,157,253,277,59.22,31.26,982.35 
11/10/2021T12:55:13Z,159,257,287,59.20,31.26,982.35 
11/10/2021T12:55:43Z,158,250,278,59.40,31.27,982.30 
11/10/2021T12:56:14Z,156,249,278,59.50,31.28,982.29 
11/10/2021T12:56:44Z,157,250,280,59.54,31.29,982.29 
11/10/2021T12:57:15Z,156,255,286,59.47,31.29,982.31 
11/10/2021T12:57:45Z,159,251,287,59.55,31.31,982.31 
11/10/2021T12:58:16Z,159,255,286,59.57,31.32,982.31 
11/10/2021T12:58:46Z,158,254,282,59.59,31.32,982.31 
11/10/2021T12:59:16Z,160,252,278,59.53,31.32,982.33 
11/10/2021T12:59:46Z,165,253,282,59.58,31.32,982.32 
11/10/2021T13:00:17Z,167,269,309,59.63,31.31,982.32 
11/10/2021T13:00:48Z,171,278,306,59.48,31.30,982.35 
11/10/2021T13:01:18Z,173,281,316,59.57,31.30,982.33 
11/10/2021T13:01:48Z,174,281,319,59.55,31.29,982.33 
11/10/2021T13:02:18Z,173,282,321,59.54,31.31,982.34 
11/10/2021T13:02:48Z,174,283,314,59.63,31.31,982.33 
11/10/2021T13:03:18Z,178,287,311,59.77,31.32,982.29 
11/10/2021T13:03:49Z,176,282,309,59.84,31.32,982.29 
11/10/2021T13:04:19Z,174,278,312,59.80,31.33,982.31 
11/10/2021T13:04:49Z,168,274,312,59.71,31.33,982.33 
11/10/2021T13:05:20Z,168,272,303,59.85,31.34,982.30 
11/10/2021T13:05:51Z,167,266,294,59.76,31.35,982.33 
11/10/2021T13:06:21Z,162,256,295,59.61,31.34,982.36 
11/10/2021T13:06:52Z,158,253,283,59.63,31.35,982.36 
11/10/2021T13:07:22Z,154,247,273,59.38,31.35,982.42 
11/10/2021T13:07:52Z,157,249,276,59.52,31.34,982.38 
11/10/2021T13:08:23Z,150,245,270,59.14,31.33,982.45 
11/10/2021T13:08:53Z,150,238,266,59.28,31.33,982.42 
11/10/2021T13:09:24Z,151,240,261,59.30,31.32,982.39 
11/10/2021T13:09:54Z,147,235,265,59.24,31.33,982.42 
11/10/2021T13:10:24Z,144,237,271,59.20,31.32,982.43 
11/10/2021T13:10:54Z,147,237,267,59.36,31.34,982.40 
11/10/2021T13:11:24Z,146,235,256,59.52,31.34,982.37 
11/10/2021T13:11:55Z,143,231,258,59.39,31.34,982.41 
11/10/2021T13:12:25Z,146,225,248,59.42,31.33,982.42 
11/10/2021T13:12:55Z,146,233,262,59.42,31.33,982.42 
11/10/2021T13:13:26Z,144,227,254,59.41,31.33,982.44 
11/10/2021T13:13:56Z,143,232,254,59.56,31.33,982.40 
11/10/2021T13:14:26Z,143,225,244,59.56,31.32,982.41 
11/10/2021T13:14:57Z,146,234,258,59.61,31.31,982.41 
11/10/2021T13:15:27Z,150,239,271,59.50,31.30,982.44 
11/10/2021T13:15:57Z,155,242,269,59.43,31.27,982.47 
11/10/2021T13:16:27Z,154,242,274,59.89,31.28,982.39 
11/10/2021T13:16:58Z,153,248,280,59.79,31.29,982.42 
11/10/2021T13:17:29Z,158,252,277,59.75,31.28,982.43 
11/10/2021T13:17:59Z,159,250,284,59.78,31.28,982.42 
11/10/2021T13:18:29Z,158,259,292,59.89,31.29,982.41 
11/10/2021T13:19:00Z,158,253,284,59.82,31.29,982.43 
11/10/2021T13:19:30Z,159,256,282,59.78,31.30,982.44 
11/10/2021T13:20:00Z,161,257,286,59.57,31.29,982.50 
11/10/2021T13:20:30Z,163,259,285,59.58,31.29,982.49 
11/10/2021T13:21:01Z,163,258,283,59.41,31.27,982.53 
11/10/2021T13:21:32Z,161,265,295,59.68,31.26,982.47 
11/10/2021T13:22:02Z,176,293,331,59.61,31.25,982.50 
11/10/2021T13:22:32Z,183,301,332,59.55,31.25,982.51 
11/10/2021T13:23:03Z,193,324,363,59.55,31.24,982.52 
11/10/2021T13:23:33Z,200,335,376,59.62,31.25,982.50 
11/10/2021T13:24:04Z,200,329,368,59.63,31.24,982.51 
11/10/2021T13:24:34Z,195,318,367,59.73,31.26,982.47 
11/10/2021T13:25:05Z,193,323,366,59.74,31.30,982.46 
11/10/2021T13:25:35Z,209,358,413,59.84,31.38,982.44 
11/10/2021T13:26:05Z,213,362,409,59.64,31.45,982.47 
11/10/2021T13:26:35Z,208,352,408,59.44,31.49,982.52 
11/10/2021T13:27:06Z,210,365,421,59.45,31.54,982.52 
11/10/2021T13:27:37Z,201,344,389,59.42,31.57,982.51 
11/10/2021T13:28:08Z,199,334,376,59.42,31.60,982.52 
11/10/2021T13:28:38Z,202,346,394,59.47,31.62,982.51 
11/10/2021T13:29:08Z,208,354,408,59.49,31.65,982.50 
11/10/2021T13:29:38Z,197,330,374,59.61,31.66,982.48 
11/10/2021T13:30:09Z,208,370,428,59.43,31.66,982.54 
11/10/2021T13:30:39Z,190,326,370,60.00,31.65,982.45 
11/10/2021T13:31:10Z,178,299,339,59.61,31.61,982.52 
11/10/2021T13:31:40Z,175,286,320,58.97,31.50,982.65 
11/10/2021T13:32:10Z,176,292,328,58.92,31.40,982.66 
11/10/2021T13:32:41Z,174,282,322,59.15,31.31,982.60 
11/10/2021T13:33:12Z,173,285,326,59.62,31.26,982.53 
11/10/2021T13:33:42Z,174,286,329,59.52,31.23,982.57 
11/10/2021T13:34:12Z,172,280,315,59.37,31.19,982.60 
11/10/2021T13:34:43Z,168,275,313,59.65,31.17,982.56 
11/10/2021T13:35:13Z,168,271,302,59.82,31.17,982.55 
11/10/2021T13:35:43Z,161,257,288,59.78,31.16,982.58 
11/10/2021T13:36:14Z,161,262,297,59.79,31.17,982.57 
11/10/2021T13:36:44Z,161,260,294,59.75,31.15,982.59 
11/10/2021T13:37:14Z,159,261,294,59.90,31.14,982.56 
11/10/2021T13:37:44Z,155,256,281,60.21,31.12,982.52 
11/10/2021T13:38:15Z,155,251,280,60.16,31.11,982.55 
11/10/2021T13:38:46Z,159,259,294,60.42,31.13,982.52 
11/10/2021T13:39:17Z,157,256,288,60.31,31.17,982.56 
11/10/2021T13:39:47Z,155,250,282,59.93,31.17,982.62 
11/10/2021T13:40:17Z,156,251,291,60.08,31.18,982.60 
11/10/2021T13:40:48Z,153,248,273,59.94,31.20,982.64 
11/10/2021T13:41:19Z,152,241,272,59.70,31.21,982.66 
11/10/2021T13:41:49Z,149,240,267,59.62,31.22,982.68 
11/10/2021T13:42:20Z,148,236,274,59.70,31.23,982.67 
11/10/2021T13:42:50Z,155,247,283,59.66,31.24,982.69 
11/10/2021T13:43:20Z,169,280,319,59.54,31.24,982.72 
11/10/2021T13:43:51Z,161,268,305,59.27,31.24,982.77 
11/10/2021T13:44:21Z,152,250,278,58.53,31.24,982.90 
11/10/2021T13:44:52Z,146,241,273,58.50,31.25,982.87 
11/10/2021T13:45:22Z,136,222,246,58.20,31.23,982.94 
11/10/2021T13:45:52Z,136,220,246,58.15,31.19,982.94 
11/10/2021T13:46:22Z,144,231,259,58.53,31.20,982.85 
11/10/2021T13:46:53Z,149,242,280,58.34,31.21,982.88 
11/10/2021T13:47:24Z,138,228,257,58.18,31.19,982.93 
11/10/2021T13:47:54Z,141,229,258,58.19,31.17,982.92 
11/10/2021T13:48:24Z,149,236,266,58.37,31.14,982.88 
11/10/2021T13:48:54Z,161,257,283,58.59,31.15,982.84 
11/10/2021T13:49:25Z,159,247,279,58.56,31.14,982.87 
11/10/2021T13:49:56Z,154,245,268,58.69,31.16,982.84 
11/10/2021T13:50:27Z,148,240,270,58.27,31.19,982.94 
11/10/2021T13:50:58Z,144,231,257,58.51,31.20,982.89 
11/10/2021T13:51:29Z,140,218,238,58.65,31.20,982.86 
11/10/2021T13:51:59Z,134,216,232,58.49,31.18,982.92 
11/10/2021T13:52:29Z,135,206,224,58.31,31.17,982.96 
11/10/2021T13:53:00Z,123,193,222,58.27,31.16,982.97 
11/10/2021T13:53:30Z,113,179,200,57.52,31.18,983.13 
11/10/2021T13:54:01Z,111,177,195,57.72,31.16,983.05 
11/10/2021T13:54:31Z,106,166,190,57.37,31.12,983.14 
11/10/2021T13:55:01Z,105,167,184,57.48,31.07,983.09 
11/10/2021T13:55:31Z,102,160,177,57.89,31.06,983.00 
11/10/2021T13:56:02Z,101,158,175,57.75,31.03,983.05 
11/10/2021T13:56:32Z,98,154,171,57.71,31.02,983.07 
11/10/2021T13:57:03Z,100,156,173,57.83,31.02,983.03 
11/10/2021T13:57:33Z,97,154,173,58.00,31.04,983.00 
11/10/2021T13:58:04Z,96,149,170,58.09,31.04,982.97 
11/10/2021T13:58:35Z,102,157,174,58.32,31.04,982.95 
11/10/2021T13:59:06Z,99,153,172,58.46,31.07,982.91 
11/10/2021T13:59:37Z,100,154,172,58.29,31.06,982.97 
11/10/2021T14:00:07Z,97,148,161,58.28,31.07,982.98 
11/10/2021T14:00:38Z,94,152,169,58.13,31.09,983.00 
11/10/2021T14:01:09Z,93,145,162,58.00,31.09,983.06 
11/10/2021T14:01:40Z,93,142,158,57.99,31.11,983.06 
11/10/2021T14:02:10Z,92,140,157,57.88,31.13,983.08 
11/10/2021T14:02:41Z,89,138,153,57.77,31.12,983.09 
11/10/2021T14:03:12Z,92,142,157,57.64,31.11,983.13 
11/10/2021T14:03:42Z,95,145,162,57.69,31.12,983.12 
11/10/2021T14:04:13Z,95,145,160,57.61,31.15,983.14 
11/10/2021T14:04:44Z,99,153,169,57.50,31.14,983.17 
11/10/2021T14:05:15Z,99,149,167,56.91,31.13,983.31 
11/10/2021T14:05:45Z,104,161,178,57.43,31.13,983.15 
11/10/2021T14:06:16Z,105,160,177,57.53,31.14,983.13 
11/10/2021T14:06:46Z,109,169,187,57.46,31.11,983.17 
11/10/2021T14:07:16Z,110,168,186,57.57,31.12,983.12 
11/10/2021T14:07:47Z,112,172,193,57.57,31.10,983.14 
11/10/2021T14:08:18Z,110,172,198,57.51,31.11,983.15 
11/10/2021T14:08:48Z,114,177,198,57.50,31.08,983.16 
11/10/2021T14:09:18Z,119,184,202,57.60,31.04,983.14 
11/10/2021T14:09:49Z,117,185,204,58.16,31.06,983.00 
11/10/2021T14:10:20Z,124,191,213,58.04,31.07,983.04 
11/10/2021T14:10:50Z,123,191,220,58.05,31.04,983.06 
11/10/2021T14:11:21Z,121,187,207,58.24,31.04,983.02 
11/10/2021T14:11:51Z,126,196,219,58.20,31.04,983.04 
11/10/2021T14:12:21Z,126,190,218,58.08,31.05,983.07 
11/10/2021T14:12:51Z,123,191,218,58.12,31.05,983.06 
11/10/2021T14:13:22Z,122,186,211,58.31,31.07,983.01 
11/10/2021T14:13:52Z,120,183,202,58.17,31.07,983.05 
11/10/2021T14:14:23Z,119,179,200,58.03,31.08,983.09 
11/10/2021T14:14:53Z,117,179,201,58.04,31.08,983.11 
11/10/2021T14:15:24Z,116,179,197,58.01,31.09,983.12 
11/10/2021T14:15:54Z,113,175,198,57.96,31.07,983.12 
11/10/2021T14:16:24Z,111,173,196,58.01,31.07,983.11 
11/10/2021T14:16:54Z,110,171,190,57.92,31.04,983.15 
11/10/2021T14:17:24Z,111,172,187,57.97,31.05,983.13 
11/10/2021T14:17:55Z,111,170,191,57.95,31.06,983.16 
11/10/2021T14:18:26Z,107,164,188,57.92,31.06,983.16 
11/10/2021T14:18:57Z,104,158,175,58.00,31.06,983.15 
11/10/2021T14:19:27Z,103,161,175,58.01,31.07,983.16 
11/10/2021T14:19:58Z,98,152,168,57.81,31.06,983.22 
11/10/2021T14:20:28Z,96,146,166,57.58,31.07,983.29 
11/10/2021T14:20:59Z,95,148,166,57.73,31.09,983.26 
11/10/2021T14:21:30Z,95,148,165,57.84,31.09,983.22 
11/10/2021T14:22:00Z,95,147,163,57.84,31.12,983.21 
11/10/2021T14:22:31Z,94,147,171,57.74,31.16,983.24 
11/10/2021T14:23:01Z,97,147,165,57.63,31.19,983.29 
11/10/2021T14:23:32Z,95,150,167,57.55,31.22,983.30 
11/10/2021T14:24:02Z,97,151,169,57.50,31.23,983.31 
11/10/2021T14:24:32Z,93,147,165,57.47,31.24,983.31 
11/10/2021T14:25:03Z,93,142,166,57.47,31.25,983.29 
11/10/2021T14:25:33Z,97,146,165,57.48,31.25,983.29 
11/10/2021T14:26:04Z,96,147,164,57.45,31.27,983.30 
11/10/2021T14:26:34Z,95,152,168,57.45,31.27,983.31 
11/10/2021T14:27:05Z,96,149,166,57.43,31.29,983.31 
11/10/2021T14:27:36Z,93,145,161,57.40,31.29,983.32 
11/10/2021T14:28:07Z,94,145,164,57.42,31.29,983.29 
11/10/2021T14:28:37Z,95,146,166,57.41,31.30,983.30 
11/10/2021T14:29:07Z,96,146,165,57.41,31.31,983.31 
11/10/2021T14:29:38Z,95,145,163,57.39,31.32,983.33 
11/10/2021T14:30:08Z,95,145,162,57.39,31.32,983.32 
11/10/2021T14:30:38Z,93,144,159,57.39,31.33,983.33 
11/10/2021T14:31:08Z,93,142,161,57.42,31.33,983.32 
11/10/2021T14:31:39Z,95,145,163,57.42,31.33,983.33 
11/10/2021T14:32:09Z,94,145,169,57.45,31.33,983.33 
11/10/2021T14:32:40Z,96,146,160,57.46,31.34,983.32 
11/10/2021T14:33:11Z,95,149,163,57.46,31.33,983.33 
11/10/2021T14:33:41Z,93,150,165,57.46,31.33,983.33 
11/10/2021T14:34:12Z,95,145,160,57.48,31.34,983.34 
11/10/2021T14:34:43Z,94,146,160,57.48,31.34,983.33 
11/10/2021T14:35:13Z,95,144,163,57.47,31.34,983.34 
11/10/2021T14:35:43Z,97,148,166,57.51,31.34,983.33 
11/10/2021T14:36:13Z,96,151,167,57.54,31.34,983.32 
11/10/2021T14:36:44Z,96,146,160,57.57,31.33,983.31 
11/10/2021T14:37:14Z,96,148,164,57.62,31.33,983.31 
11/10/2021T14:37:45Z,96,146,159,57.63,31.33,983.31 
11/10/2021T14:38:15Z,97,143,158,57.60,31.34,983.31 
11/10/2021T14:38:46Z,98,149,167,57.58,31.34,983.32 
11/10/2021T14:39:16Z,100,147,156,57.60,31.34,983.32 
11/10/2021T14:39:47Z,97,151,163,57.65,31.33,983.32 
11/10/2021T14:40:17Z,97,149,165,57.67,31.33,983.31 
11/10/2021T14:40:47Z,99,152,171,57.65,31.34,983.33 
11/10/2021T14:41:18Z,100,154,178,57.68,31.33,983.32 
11/10/2021T14:41:49Z,102,156,168,57.70,31.32,983.33 
11/10/2021T14:42:19Z,101,155,168,57.67,31.34,983.35 
11/10/2021T14:42:49Z,103,158,172,57.67,31.34,983.35 
11/10/2021T14:43:19Z,101,159,178,57.68,31.33,983.36 
11/10/2021T14:43:49Z,105,158,174,57.70,31.33,983.36 
11/10/2021T14:44:19Z,103,155,171,57.71,31.33,983.36 
11/10/2021T14:44:50Z,102,156,171,57.76,31.32,983.36 
11/10/2021T14:45:20Z,104,158,177,57.78,31.31,983.35 
11/10/2021T14:45:51Z,104,161,176,57.79,31.32,983.35 
11/10/2021T14:46:21Z,106,163,186,57.79,31.32,983.34 
11/10/2021T14:46:52Z,105,164,177,57.79,31.32,983.35 
11/10/2021T14:47:22Z,104,164,179,57.83,31.31,983.35 
11/10/2021T14:47:52Z,103,159,179,57.87,31.30,983.34 
11/10/2021T14:48:23Z,104,159,179,57.85,31.30,983.36 
11/10/2021T14:48:54Z,104,161,179,57.87,31.29,983.36 
11/10/2021T14:49:24Z,105,162,179,57.93,31.29,983.35 
11/10/2021T14:49:54Z,104,164,180,57.94,31.29,983.35 
11/10/2021T14:50:25Z,105,162,179,57.94,31.29,983.36 
11/10/2021T14:50:55Z,104,163,181,57.96,31.29,983.36 
11/10/2021T14:51:26Z,105,160,171,58.02,31.28,983.35 
11/10/2021T14:51:56Z,104,163,178,58.05,31.27,983.35 
11/10/2021T14:52:27Z,106,161,176,58.08,31.27,983.34 
11/10/2021T14:52:58Z,105,165,184,58.07,31.27,983.36 
11/10/2021T14:53:28Z,108,165,183,58.09,31.26,983.36 
11/10/2021T14:53:59Z,101,158,173,58.11,31.26,983.36 
11/10/2021T14:54:29Z,103,159,176,58.15,31.26,983.36 
11/10/2021T14:55:00Z,105,159,172,58.14,31.26,983.36 
11/10/2021T14:55:30Z,106,165,178,58.10,31.27,983.38 
11/10/2021T14:56:01Z,105,159,179,58.13,31.27,983.36 
11/10/2021T14:56:31Z,104,161,180,58.18,31.25,983.36 
11/10/2021T14:57:01Z,102,158,175,58.18,31.26,983.36 
11/10/2021T14:57:31Z,108,166,184,58.19,31.26,983.36 
11/10/2021T14:58:01Z,106,161,177,58.25,31.25,983.33 
11/10/2021T14:58:31Z,103,158,171,58.26,31.25,983.34 
11/10/2021T14:59:02Z,105,160,175,58.27,31.25,983.32 
11/10/2021T14:59:33Z,103,161,175,58.29,31.25,983.34 
11/10/2021T15:00:03Z,105,165,179,58.30,31.25,983.33 
11/10/2021T15:00:34Z,106,162,174,58.34,31.24,983.33 
11/10/2021T15:01:04Z,108,167,181,58.35,31.24,983.32 
11/10/2021T15:01:35Z,104,162,173,58.33,31.24,983.34 
11/10/2021T15:02:05Z,104,160,177,58.39,31.23,983.32 
11/10/2021T15:02:36Z,104,161,176,58.44,31.22,983.31 
11/10/2021T15:03:06Z,105,161,180,58.45,31.22,983.33 
11/10/2021T15:03:37Z,103,159,174,58.45,31.22,983.33 
11/10/2021T15:04:08Z,105,161,177,58.43,31.23,983.33 
11/10/2021T15:04:38Z,104,158,171,58.45,31.23,983.32 
11/10/2021T15:05:09Z,105,160,171,58.47,31.23,983.32 
11/10/2021T15:05:39Z,105,160,177,58.50,31.22,983.31 
11/10/2021T15:06:09Z,103,156,168,58.56,31.20,983.29 
11/10/2021T15:06:40Z,108,163,184,58.81,31.14,983.26 
11/10/2021T15:07:10Z,106,164,181,59.13,31.06,983.21 
11/10/2021T15:08:13Z,108,167,188,59.49,31.01,983.18 
11/10/2021T15:08:42Z,108,167,186,59.50,31.02,983.20 
11/10/2021T15:09:12Z,107,163,184,59.34,31.00,983.24 
11/10/2021T15:09:42Z,106,161,182,59.37,30.99,983.22 
11/10/2021T15:10:12Z,109,168,193,59.66,30.97,983.17 
11/10/2021T15:10:43Z,108,170,191,59.74,30.94,983.18 
11/10/2021T15:11:13Z,107,169,192,59.86,30.94,983.17 
11/10/2021T15:11:43Z,111,168,189,59.54,30.92,983.26 
11/10/2021T15:12:14Z,108,164,182,59.75,30.90,983.22 
11/10/2021T15:12:44Z,110,174,190,59.64,30.92,983.26 
11/10/2021T15:13:15Z,119,188,217,59.50,30.89,983.28 
11/10/2021T15:13:45Z,123,194,218,59.70,30.88,983.24 
11/10/2021T15:14:15Z,122,193,213,59.61,30.88,983.26 
11/10/2021T15:14:46Z,117,185,206,59.68,30.90,983.23 
11/10/2021T15:15:17Z,116,181,208,59.68,30.92,983.24 
11/10/2021T15:15:48Z,110,174,202,59.62,30.94,983.25 
11/10/2021T15:16:19Z,107,168,194,59.54,30.94,983.28 
11/10/2021T15:16:49Z,108,164,184,59.59,30.95,983.26 
11/10/2021T15:17:19Z,101,158,179,59.46,30.92,983.29 
11/10/2021T15:17:49Z,97,154,177,59.60,30.89,983.29 
11/10/2021T15:18:20Z,98,158,184,59.62,30.87,983.28 
11/10/2021T15:18:51Z,94,151,173,59.56,30.86,983.30 
11/10/2021T15:19:21Z,95,151,173,59.57,30.87,983.31 
11/10/2021T15:19:52Z,95,150,170,59.51,30.89,983.30 
11/10/2021T15:20:22Z,95,150,167,59.35,30.93,983.34 
11/10/2021T15:20:53Z,92,145,168,59.26,30.94,983.36 
11/10/2021T15:21:24Z,92,146,165,59.28,30.97,983.33 
11/10/2021T15:21:54Z,89,140,165,59.27,30.97,983.32 
11/10/2021T15:22:25Z,91,143,162,59.37,30.97,983.30 
11/10/2021T15:22:55Z,87,140,161,59.46,30.99,983.28 
11/10/2021T15:23:26Z,88,139,163,59.52,30.99,983.26 
11/10/2021T15:23:56Z,90,143,169,59.63,30.96,983.25 
11/10/2021T15:24:27Z,92,144,166,59.69,30.96,983.25 
11/10/2021T15:24:58Z,90,140,160,59.53,30.96,983.27 
11/10/2021T15:25:28Z,87,138,158,59.63,30.98,983.23 
11/10/2021T15:25:59Z,89,137,156,59.65,31.00,983.22 
11/10/2021T15:26:29Z,86,135,158,59.72,31.00,983.21 
11/10/2021T15:27:00Z,85,137,157,59.72,31.02,983.22 
11/10/2021T15:27:31Z,89,141,159,59.71,31.04,983.21 
11/10/2021T15:28:01Z,95,150,171,59.68,31.04,983.21 
11/10/2021T15:28:31Z,97,152,171,59.68,31.05,983.20 
11/10/2021T15:29:02Z,97,154,176,59.74,31.03,983.19 
11/10/2021T15:29:32Z,98,151,172,59.84,31.02,983.18 
11/10/2021T15:30:03Z,96,152,173,59.88,31.00,983.18 
11/10/2021T15:30:33Z,97,154,171,59.68,30.97,983.23 
11/10/2021T15:31:03Z,95,148,165,59.86,30.95,983.20 
11/10/2021T15:31:34Z,94,151,174,59.98,30.96,983.18 
11/10/2021T15:32:04Z,93,143,166,60.06,30.98,983.16 
11/10/2021T15:32:35Z,89,137,157,59.98,31.02,983.17 
11/10/2021T15:33:06Z,109,167,184,59.84,31.04,983.19 
11/10/2021T15:33:36Z,126,190,215,59.71,31.04,983.22 
11/10/2021T15:34:06Z,128,192,217,59.70,31.05,983.22 
11/10/2021T15:34:37Z,124,185,207,59.65,31.07,983.24 
11/10/2021T15:35:07Z,122,183,208,59.54,31.06,983.24 
11/10/2021T15:35:38Z,118,184,213,59.63,31.03,983.25 
11/10/2021T15:36:08Z,116,183,221,59.77,31.02,983.22 
11/10/2021T15:36:38Z,123,193,231,59.82,31.04,983.21 
11/10/2021T15:37:08Z,130,209,249,59.68,31.04,983.25 
11/10/2021T15:37:39Z,124,209,246,59.61,31.05,983.26 
11/10/2021T15:38:09Z,119,194,236,59.54,31.04,983.28 
11/10/2021T15:38:39Z,115,186,223,59.60,31.05,983.25 
11/10/2021T15:39:09Z,111,183,223,59.71,31.06,983.23 
11/10/2021T15:39:40Z,104,178,224,59.62,31.07,983.26 
11/10/2021T15:40:10Z,100,177,233,59.51,31.05,983.29 
11/10/2021T15:40:41Z,96,172,226,59.66,31.03,983.25 
11/10/2021T15:41:11Z,94,176,232,59.76,31.01,983.24 
11/10/2021T15:41:41Z,95,183,247,59.90,30.99,983.22 
11/10/2021T15:42:11Z,97,172,231,60.26,31.01,983.16 
11/10/2021T15:42:41Z,94,177,237,59.90,30.99,983.22 
11/10/2021T15:43:12Z,90,168,230,60.25,30.98,983.18 
11/10/2021T15:43:42Z,93,176,240,60.46,31.00,983.17 
11/10/2021T15:44:13Z,90,168,228,60.49,30.99,983.17 
11/10/2021T15:44:44Z,92,169,229,60.39,30.99,983.19 
11/10/2021T15:45:14Z,93,170,227,60.54,31.00,983.16 
11/10/2021T15:45:45Z,95,172,226,60.33,31.01,983.20 
11/10/2021T15:46:16Z,94,167,217,60.49,31.04,983.17 
11/10/2021T15:46:47Z,97,167,223,60.36,31.06,983.18 
11/10/2021T15:47:18Z,93,166,222,60.32,31.07,983.20 
11/10/2021T15:47:48Z,95,172,223,60.15,31.07,983.21 
11/10/2021T15:48:19Z,98,175,227,60.07,31.07,983.23 
11/10/2021T15:48:50Z,94,169,222,59.98,31.05,983.24 
11/10/2021T15:49:20Z,95,167,217,59.93,31.03,983.26 
11/10/2021T15:49:50Z,91,157,203,60.05,30.98,983.24 
11/10/2021T15:50:21Z,97,161,213,60.28,31.00,983.21 
11/10/2021T15:50:51Z,104,173,223,60.28,31.01,983.20 
11/10/2021T15:51:21Z,114,190,231,60.13,30.99,983.23 
11/10/2021T15:51:51Z,115,190,235,60.25,30.98,983.21 
11/10/2021T15:52:21Z,111,177,223,60.18,30.99,983.23 
11/10/2021T15:52:51Z,106,170,207,60.27,31.00,983.23 
11/10/2021T15:53:22Z,100,160,195,60.12,31.02,983.26 
11/10/2021T15:53:52Z,100,163,199,60.11,31.02,983.26 
11/10/2021T15:54:22Z,93,152,184,60.19,30.97,983.24 
11/10/2021T15:54:53Z,92,149,179,60.39,30.96,983.23 
11/10/2021T15:55:24Z,91,149,180,60.59,30.99,983.19 
11/10/2021T15:55:55Z,90,144,170,60.21,30.96,983.27 
11/10/2021T15:56:25Z,89,144,170,60.29,30.98,983.25 
11/10/2021T15:56:56Z,87,138,162,60.19,30.93,983.28 
11/10/2021T15:57:26Z,89,144,167,60.38,30.96,983.22 
11/10/2021T15:57:56Z,91,138,161,60.34,30.98,983.24 
11/10/2021T15:58:26Z,89,144,172,60.26,31.01,983.24 
11/10/2021T15:58:57Z,89,141,168,60.16,31.03,983.25 
11/10/2021T15:59:28Z,92,147,170,59.98,31.00,983.28 
11/10/2021T15:59:58Z,88,138,158,60.28,31.01,983.21 
11/10/2021T16:00:28Z,88,142,162,60.21,31.01,983.24 
11/10/2021T16:00:58Z,88,139,158,60.26,31.03,983.21 
11/10/2021T16:01:29Z,94,148,166,60.16,31.01,983.25 
11/10/2021T16:01:59Z,101,156,178,60.16,31.00,983.26 
11/10/2021T16:02:30Z,105,168,199,60.17,31.02,983.25 
11/10/2021T16:03:00Z,112,177,208,60.19,31.06,983.22 
11/10/2021T16:03:31Z,104,163,183,59.81,31.06,983.27 
11/10/2021T16:04:02Z,105,165,190,59.86,31.07,983.27 
11/10/2021T16:04:32Z,103,157,174,60.08,31.07,983.22 
11/10/2021T16:05:03Z,105,162,183,59.90,31.08,983.26 
11/10/2021T16:05:33Z,101,157,181,59.80,31.06,983.28 
11/10/2021T16:06:04Z,100,156,176,59.87,31.06,983.26 
11/10/2021T16:06:34Z,97,148,170,59.82,31.06,983.26 
11/10/2021T16:07:05Z,94,144,163,59.82,31.07,983.26 
11/10/2021T16:07:35Z,91,141,157,59.85,31.06,983.26 
11/10/2021T16:08:06Z,88,134,155,59.93,31.05,983.24 
11/10/2021T16:08:36Z,90,144,164,59.96,31.06,983.25 
11/10/2021T16:09:06Z,89,140,158,59.98,31.05,983.25 
11/10/2021T16:09:37Z,91,141,154,60.04,31.04,983.26 
11/10/2021T16:10:07Z,92,141,160,60.04,31.04,983.26 
11/10/2021T16:10:38Z,89,135,157,60.10,31.01,983.26 
11/10/2021T16:11:08Z,93,146,165,60.18,31.01,983.24 
11/10/2021T16:11:38Z,98,149,167,60.25,31.01,983.23 
11/10/2021T16:12:09Z,97,143,160,59.98,31.00,983.27 
11/10/2021T16:12:39Z,97,146,163,60.11,30.98,983.25 
11/10/2021T16:13:10Z,100,151,169,60.06,30.97,983.26 
11/10/2021T16:13:40Z,102,156,169,60.01,30.95,983.28 
11/10/2021T16:14:10Z,102,158,174,60.17,30.94,983.24 
11/10/2021T16:14:40Z,106,160,179,60.03,30.95,983.28 
11/10/2021T16:15:11Z,106,165,182,60.07,30.96,983.26 
11/10/2021T16:15:41Z,107,165,185,60.13,30.97,983.26 
11/10/2021T16:16:11Z,114,175,195,60.05,30.99,983.27 
11/10/2021T16:16:41Z,139,224,255,60.03,31.06,983.26 
11/10/2021T16:17:11Z,143,241,289,60.00,31.14,983.25 
11/10/2021T16:17:42Z,156,267,316,59.83,31.20,983.28 
11/10/2021T16:18:12Z,139,235,275,59.66,31.22,983.31 
11/10/2021T16:18:43Z,136,227,264,59.67,31.23,983.30 
11/10/2021T16:19:13Z,124,211,246,59.67,31.20,983.30 
11/10/2021T16:19:44Z,105,169,196,60.01,31.15,983.25 
11/10/2021T16:20:15Z,97,155,179,60.06,31.11,983.24 
11/10/2021T16:20:45Z,94,146,165,60.20,31.08,983.22 
11/10/2021T16:21:15Z,88,137,153,59.96,30.98,983.29 
11/10/2021T16:21:46Z,89,136,154,60.71,30.92,983.17 
11/10/2021T16:22:17Z,92,144,160,60.88,30.97,983.18 
11/10/2021T16:22:47Z,96,146,165,60.80,30.96,983.19 
11/10/2021T16:23:17Z,100,156,178,60.64,30.91,983.23 
11/10/2021T16:23:47Z,109,167,184,60.90,30.87,983.21 
11/10/2021T16:24:18Z,103,157,173,60.93,30.88,983.20 
11/10/2021T16:24:48Z,101,154,170,60.74,30.90,983.22 
11/10/2021T16:25:19Z,102,154,167,60.55,30.91,983.25 
11/10/2021T16:25:50Z,102,160,176,60.49,30.91,983.24 
11/10/2021T16:26:20Z,101,156,176,60.47,30.91,983.24 
11/10/2021T16:26:51Z,100,153,172,60.45,30.89,983.24 
11/10/2021T16:27:22Z,99,149,168,60.43,30.89,983.25 
11/10/2021T16:27:53Z,96,150,168,60.36,30.88,983.27 
11/10/2021T16:28:23Z,93,142,160,60.34,30.83,983.30 
11/10/2021T16:28:53Z,89,136,154,60.50,30.82,983.26 
11/10/2021T16:29:24Z,87,131,147,60.34,30.80,983.30 
11/10/2021T16:29:54Z,84,126,147,60.38,30.78,983.30 
11/10/2021T16:30:24Z,82,126,148,60.37,30.80,983.29 
11/10/2021T16:30:55Z,83,126,143,60.30,30.75,983.29 
11/10/2021T16:31:25Z,82,126,143,60.80,30.71,983.23 
11/10/2021T16:31:56Z,80,126,143,60.62,30.78,983.26 
11/10/2021T16:32:27Z,84,125,143,60.38,30.85,983.29 
11/10/2021T16:32:57Z,83,127,142,60.20,30.90,983.30 
11/10/2021T16:33:28Z,82,126,143,60.11,30.93,983.30 
11/10/2021T16:33:58Z,81,125,145,60.00,30.96,983.32 
11/10/2021T16:34:29Z,81,126,142,59.92,30.99,983.31 
11/10/2021T16:34:59Z,79,126,145,59.84,31.01,983.33 
11/10/2021T16:35:29Z,82,124,138,59.78,31.03,983.33 
11/10/2021T16:36:00Z,82,126,143,59.69,31.06,983.34 
11/10/2021T16:36:30Z,82,126,142,59.62,31.08,983.34 
11/10/2021T16:37:00Z,81,128,143,59.58,31.09,983.34 
11/10/2021T16:37:31Z,82,127,145,59.53,31.11,983.33 
11/10/2021T16:38:01Z,83,125,141,59.53,31.11,983.32 
11/10/2021T16:38:32Z,83,125,144,59.54,31.11,983.31 
11/10/2021T16:39:03Z,82,125,140,59.51,31.12,983.32 
11/10/2021T16:39:33Z,83,125,146,59.49,31.12,983.32 
11/10/2021T16:40:04Z,81,124,142,59.45,31.13,983.31 
11/10/2021T16:40:35Z,81,120,139,59.43,31.14,983.31 
11/10/2021T16:41:05Z,82,125,138,59.40,31.16,983.30 
11/10/2021T16:41:35Z,82,123,133,59.36,31.17,983.31 
11/10/2021T16:42:05Z,81,124,140,59.32,31.18,983.30 
11/10/2021T16:42:36Z,84,128,139,59.31,31.18,983.29 
11/10/2021T16:43:06Z,82,126,140,59.34,31.17,983.28 
11/10/2021T16:43:37Z,81,124,141,59.34,31.18,983.28 
11/10/2021T16:44:07Z,83,127,142,59.32,31.18,983.28 
11/10/2021T16:44:38Z,83,127,138,59.31,31.19,983.28 
11/10/2021T16:45:09Z,81,127,144,59.27,31.20,983.30 
11/10/2021T16:45:39Z,84,127,140,59.26,31.20,983.32 
11/10/2021T16:46:10Z,83,124,138,59.25,31.21,983.32 
11/10/2021T16:46:41Z,84,128,142,59.24,31.21,983.32 
11/10/2021T16:47:11Z,85,129,145,59.26,31.20,983.31 
11/10/2021T16:47:42Z,83,128,142,59.27,31.20,983.32 
11/10/2021T16:48:12Z,84,125,145,59.25,31.21,983.31 
11/10/2021T16:48:42Z,84,126,140,59.27,31.21,983.31 
11/10/2021T16:49:13Z,85,125,137,59.27,31.21,983.32 
11/10/2021T16:49:44Z,85,126,138,59.27,31.21,983.32 
11/10/2021T16:50:14Z,83,129,148,59.30,31.21,983.32 
11/10/2021T16:50:44Z,85,127,140,59.33,31.20,983.31 
11/10/2021T16:51:14Z,86,128,140,59.35,31.20,983.32 
11/10/2021T16:51:45Z,86,126,141,59.33,31.21,983.32 
11/10/2021T16:52:15Z,84,126,142,59.34,31.20,983.32 
11/10/2021T16:52:46Z,87,130,143,59.38,31.20,983.30 
11/10/2021T16:53:16Z,84,123,139,59.38,31.20,983.30 
11/10/2021T16:53:46Z,85,126,141,59.40,31.20,983.29 
11/10/2021T16:54:16Z,86,129,146,59.43,31.19,983.30 
11/10/2021T16:54:47Z,85,127,143,59.42,31.19,983.29 
11/10/2021T16:55:17Z,85,126,138,59.45,31.19,983.29 
11/10/2021T16:55:48Z,87,127,141,59.43,31.19,983.29 
11/10/2021T16:56:19Z,88,127,140,59.42,31.20,983.29 
11/10/2021T16:56:49Z,87,130,142,59.43,31.19,983.30 
11/10/2021T16:57:19Z,88,129,146,59.44,31.20,983.29 
11/10/2021T16:57:49Z,88,125,140,59.44,31.20,983.30 
11/10/2021T16:58:20Z,88,131,148,59.47,31.19,983.30 
11/10/2021T16:58:51Z,92,133,146,59.47,31.18,983.30 
11/10/2021T16:59:21Z,88,133,146,59.51,31.18,983.30 
11/10/2021T16:59:52Z,90,134,145,59.55,31.17,983.30 
11/10/2021T17:00:23Z,89,134,149,59.58,31.16,983.28 
11/10/2021T17:00:54Z,91,134,145,59.59,31.15,983.27 
11/10/2021T17:01:25Z,91,136,147,59.61,31.15,983.28 
11/10/2021T17:01:55Z,89,130,144,59.59,31.15,983.28 
11/10/2021T17:02:26Z,90,128,142,59.55,31.16,983.30 
11/10/2021T17:02:56Z,89,135,150,59.57,31.15,983.28 
11/10/2021T17:03:27Z,91,135,144,59.59,31.15,983.28 
11/10/2021T17:03:57Z,90,131,144,59.56,31.15,983.28 
11/10/2021T17:04:28Z,90,130,139,59.54,31.16,983.29 
11/10/2021T17:04:58Z,88,132,147,59.53,31.16,983.30 
11/10/2021T17:05:29Z,88,133,145,59.54,31.15,983.29 
11/10/2021T17:05:59Z,89,133,146,59.56,31.15,983.29 
11/10/2021T17:06:30Z,92,134,146,59.59,31.14,983.28 
11/10/2021T17:07:01Z,89,131,142,59.61,31.13,983.27 
11/10/2021T17:07:31Z,91,132,145,59.62,31.13,983.27 
11/10/2021T17:08:02Z,91,135,152,59.60,31.14,983.28 
11/10/2021T17:08:32Z,94,135,152,59.58,31.14,983.29 
11/10/2021T17:09:03Z,89,130,146,59.58,31.13,983.29 
11/10/2021T17:09:33Z,90,134,145,59.56,31.14,983.29 
11/10/2021T17:10:03Z,90,134,144,59.57,31.13,983.28 
11/10/2021T17:10:34Z,88,133,146,59.62,31.12,983.29 
11/10/2021T17:11:04Z,90,133,149,59.63,31.11,983.27 
11/10/2021T17:11:35Z,90,134,143,59.64,31.11,983.27 
11/10/2021T17:12:06Z,92,136,147,59.62,31.12,983.28 
11/10/2021T17:12:36Z,93,136,149,59.62,31.11,983.27 
11/10/2021T17:13:07Z,94,137,151,59.61,31.11,983.27 
11/10/2021T17:13:37Z,92,136,147,59.63,31.11,983.26 
11/10/2021T17:14:07Z,92,138,151,59.63,31.11,983.27 
11/10/2021T17:14:38Z,92,137,149,59.59,31.11,983.26 
11/10/2021T17:15:08Z,92,135,149,59.64,31.10,983.25 
11/10/2021T17:15:39Z,92,136,148,59.68,31.09,983.25 
11/10/2021T17:16:09Z,93,139,152,59.66,31.10,983.25 
11/10/2021T17:16:40Z,95,139,151,59.66,31.10,983.25 
11/10/2021T17:17:10Z,92,137,150,59.64,31.10,983.26 
11/10/2021T17:17:40Z,90,135,145,59.67,31.09,983.25 
11/10/2021T17:18:10Z,91,135,146,59.71,31.09,983.24 
11/10/2021T17:18:41Z,90,134,142,59.69,31.09,983.24 
11/10/2021T17:19:11Z,89,130,145,59.70,31.09,983.24 
11/10/2021T17:19:41Z,93,139,153,59.71,31.09,983.24 
11/10/2021T17:20:12Z,95,139,150,59.72,31.08,983.25 
11/10/2021T17:20:42Z,92,133,147,59.76,31.07,983.24 
11/10/2021T17:21:13Z,96,143,155,59.82,31.07,983.21 
11/10/2021T17:21:44Z,94,141,150,59.78,31.07,983.22 
11/10/2021T17:22:14Z,93,140,152,59.80,31.06,983.21 
11/10/2021T17:22:44Z,95,140,150,59.85,31.05,983.21 
11/10/2021T17:23:15Z,93,141,155,59.82,31.06,983.22 
11/10/2021T17:23:46Z,96,142,157,59.84,31.06,983.22 
11/10/2021T17:24:16Z,95,139,154,59.84,31.06,983.23 
11/10/2021T17:24:46Z,96,145,160,59.85,31.05,983.23 
11/10/2021T17:25:16Z,97,145,159,59.90,31.04,983.22 
11/10/2021T17:25:47Z,99,146,157,59.92,31.04,983.21 
11/10/2021T17:26:17Z,97,143,152,59.92,31.04,983.22 
11/10/2021T17:26:48Z,94,140,152,59.90,31.04,983.22 
11/10/2021T17:27:19Z,96,143,154,59.93,31.04,983.23 
11/10/2021T17:27:49Z,98,144,157,59.94,31.04,983.23 
11/10/2021T17:28:20Z,96,145,156,59.89,31.05,983.25 
11/10/2021T17:28:50Z,98,145,160,59.89,31.05,983.26 
11/10/2021T17:29:21Z,99,150,162,59.91,31.04,983.25 
11/10/2021T17:29:51Z,99,146,157,59.96,31.03,983.24 
11/10/2021T17:30:22Z,96,144,160,59.95,31.04,983.24 
11/10/2021T17:30:52Z,99,150,159,59.96,31.04,983.24 
11/10/2021T17:31:23Z,100,150,165,59.93,31.04,983.26 
11/10/2021T17:31:53Z,96,149,165,59.94,31.03,983.26 
11/10/2021T17:32:24Z,98,145,158,59.92,31.03,983.26 
11/10/2021T17:32:55Z,99,146,156,59.89,31.04,983.27 
11/10/2021T17:33:26Z,98,142,158,59.89,31.04,983.26 
11/10/2021T17:33:56Z,99,145,159,59.91,31.03,983.24 
11/10/2021T17:34:26Z,102,150,161,59.98,31.01,983.23 
11/10/2021T17:34:56Z,100,149,161,59.95,31.01,983.24 
11/10/2021T17:35:27Z,97,144,162,59.96,31.01,983.23 
11/10/2021T17:35:57Z,99,144,156,59.98,31.01,983.22 
11/10/2021T17:36:28Z,100,150,164,60.00,31.00,983.22 
11/10/2021T17:36:59Z,100,148,163,59.99,31.00,983.21 
11/10/2021T17:37:29Z,99,147,160,59.96,31.01,983.21 
11/10/2021T17:38:00Z,99,146,157,59.98,31.01,983.20 
11/10/2021T17:38:30Z,98,145,160,60.00,31.00,983.19 
11/10/2021T17:39:01Z,102,152,162,59.95,31.01,983.20 
11/10/2021T17:39:32Z,98,148,163,59.96,31.00,983.20 
11/10/2021T17:40:02Z,103,152,161,59.94,31.00,983.21 
11/10/2021T17:40:33Z,99,147,157,59.90,31.01,983.21 
11/10/2021T17:41:03Z,99,147,162,59.92,31.00,983.21 
11/10/2021T17:41:34Z,98,144,162,59.95,30.99,983.19 
11/10/2021T17:42:04Z,100,147,158,59.96,30.99,983.19 
11/10/2021T17:42:35Z,101,147,159,59.96,30.99,983.20 
11/10/2021T17:43:05Z,100,144,161,59.93,31.00,983.20 
11/10/2021T17:43:35Z,100,149,162,59.97,30.99,983.20 
11/10/2021T17:44:06Z,100,149,161,59.95,30.99,983.19 
11/10/2021T17:44:36Z,101,145,153,59.95,30.99,983.21 
11/10/2021T17:45:06Z,102,148,160,59.94,31.00,983.22 
11/10/2021T17:45:37Z,102,153,164,59.93,31.00,983.22 
11/10/2021T17:46:07Z,102,150,164,59.97,30.99,983.21 
11/10/2021T17:46:38Z,102,150,160,59.94,31.00,983.22 
11/10/2021T17:47:08Z,101,151,165,59.96,30.99,983.22 
11/10/2021T17:47:38Z,102,149,164,59.99,30.98,983.22 
11/10/2021T17:48:09Z,100,148,164,60.00,30.98,983.22 
11/10/2021T17:48:39Z,102,151,166,60.02,30.97,983.21 
11/10/2021T17:49:10Z,99,147,161,60.05,30.96,983.21 
11/10/2021T17:49:40Z,103,150,167,60.03,30.97,983.21 
11/10/2021T17:50:10Z,102,150,163,60.00,30.97,983.20 
11/10/2021T17:50:40Z,101,149,159,60.00,30.97,983.19 
11/10/2021T17:51:10Z,96,144,155,60.03,30.97,983.17 
11/10/2021T17:51:41Z,102,149,159,60.03,30.97,983.18 
11/10/2021T17:52:11Z,100,148,158,60.00,30.97,983.19 
11/10/2021T17:52:42Z,101,147,159,60.02,30.97,983.17 
11/10/2021T17:53:13Z,100,150,158,59.99,30.97,983.18 
11/10/2021T17:53:43Z,100,149,155,59.98,30.97,983.18 
11/10/2021T17:54:14Z,100,146,158,59.96,30.98,983.19 
11/10/2021T17:54:44Z,100,147,158,59.99,30.97,983.17 
11/10/2021T17:55:15Z,98,146,162,60.00,30.97,983.17 
11/10/2021T17:55:46Z,98,144,157,60.01,30.97,983.17 
11/10/2021T17:56:16Z,99,147,159,60.01,30.97,983.16 
11/10/2021T17:56:46Z,99,145,159,60.02,30.97,983.16 
11/10/2021T17:57:17Z,99,144,158,60.05,30.96,983.15 
11/10/2021T17:57:47Z,101,143,154,60.02,30.96,983.16 
11/10/2021T17:58:17Z,100,150,163,59.98,30.96,983.17 
11/10/2021T17:58:48Z,97,144,155,59.99,30.96,983.17 
11/10/2021T17:59:18Z,96,142,153,59.97,30.95,983.18 
11/10/2021T17:59:49Z,97,142,155,59.99,30.95,983.17 
11/10/2021T18:00:19Z,99,145,161,59.99,30.95,983.16 
11/10/2021T18:00:50Z,94,142,155,59.99,30.94,983.18 
11/10/2021T18:01:20Z,96,141,156,60.01,30.94,983.17 
11/10/2021T18:01:50Z,98,145,157,59.96,30.94,983.19 
11/10/2021T18:02:21Z,98,144,158,59.91,30.95,983.20 
11/10/2021T18:02:51Z,96,142,155,59.92,30.95,983.20 
11/10/2021T18:03:21Z,93,140,150,59.90,30.96,983.21 
11/10/2021T18:03:51Z,96,138,148,59.89,30.95,983.21 
11/10/2021T18:04:22Z,95,140,153,59.92,30.94,983.20 
11/10/2021T18:04:52Z,94,140,156,59.92,30.93,983.21 
11/10/2021T18:05:22Z,95,139,147,59.88,30.94,983.22 
11/10/2021T18:05:53Z,93,135,148,59.88,30.95,983.22 
11/10/2021T18:06:24Z,94,138,147,59.85,30.94,983.23 
11/10/2021T18:06:55Z,92,140,152,59.81,30.95,983.22 
11/10/2021T18:07:25Z,93,136,145,59.78,30.96,983.21 
11/10/2021T18:07:56Z,91,135,147,59.82,30.95,983.22 
11/10/2021T18:08:26Z,94,138,151,59.77,30.96,983.20 
11/10/2021T18:08:56Z,93,138,148,59.74,30.97,983.21 
11/10/2021T18:09:27Z,92,135,142,59.75,30.96,983.19 
11/10/2021T18:09:58Z,93,135,147,59.79,30.94,983.18 
11/10/2021T18:10:28Z,92,137,150,59.83,30.93,983.19 
11/10/2021T18:10:58Z,92,137,146,59.82,30.93,983.18 
11/10/2021T18:11:29Z,90,135,145,59.78,30.94,983.18 
11/10/2021T18:12:00Z,91,136,148,59.73,30.94,983.20 
11/10/2021T18:12:30Z,89,130,142,59.74,30.94,983.20 
11/10/2021T18:13:01Z,90,134,146,59.74,30.94,983.19 
11/10/2021T18:13:31Z,93,133,140,59.72,30.94,983.21 
11/10/2021T18:14:01Z,92,132,138,59.74,30.94,983.19 
11/10/2021T18:14:31Z,91,135,150,59.76,30.93,983.19 
11/10/2021T18:15:01Z,90,135,145,59.76,30.93,983.18 
11/10/2021T18:15:32Z,89,130,138,59.78,30.93,983.18 
11/10/2021T18:16:03Z,90,130,140,59.76,30.93,983.17 
11/10/2021T18:16:33Z,88,132,142,59.72,30.93,983.19 
11/10/2021T18:17:04Z,90,131,145,59.79,30.92,983.17 
11/10/2021T18:17:34Z,89,133,144,59.81,30.91,983.16 
11/10/2021T18:18:05Z,89,133,145,59.79,30.91,983.16 
11/10/2021T18:18:36Z,87,127,140,59.82,30.90,983.15 
11/10/2021T18:19:06Z,87,127,139,59.84,30.90,983.14 
11/10/2021T18:19:36Z,89,129,142,59.85,30.90,983.12 
11/10/2021T18:20:07Z,89,129,139,59.90,30.89,983.11 
11/10/2021T18:20:37Z,88,130,139,59.88,30.90,983.11 
11/10/2021T18:21:07Z,86,130,141,59.88,30.90,983.10 
11/10/2021T18:21:37Z,86,127,140,59.86,30.90,983.09 
11/10/2021T18:22:08Z,89,133,145,59.89,30.89,983.08 
11/10/2021T18:22:39Z,87,128,138,59.85,30.89,983.09 
11/10/2021T18:23:10Z,85,127,139,59.87,30.88,983.08 
11/10/2021T18:23:40Z,87,130,142,59.92,30.88,983.07 
11/10/2021T18:24:11Z,87,128,137,59.92,30.88,983.08 
11/10/2021T18:24:41Z,87,129,140,59.94,30.87,983.07 
11/10/2021T18:25:12Z,89,130,141,59.98,30.86,983.07 
11/10/2021T18:25:42Z,88,130,139,59.96,30.87,983.08 
11/10/2021T18:26:13Z,88,131,142,59.93,30.88,983.08 
11/10/2021T18:26:44Z,87,126,140,59.95,30.88,983.07 
11/10/2021T18:27:14Z,86,128,140,59.96,30.87,983.07 
11/10/2021T18:28:07Z,87,130,142,59.94,30.88,983.06 
