12/10/2021T04:40:43Z,198,352,403,62.39,29.47,986.13 
12/10/2021T04:41:14Z,172,303,340,61.89,29.67,986.13 
12/10/2021T04:41:44Z,184,328,367,61.14,29.87,986.16 
12/10/2021T04:42:15Z,167,301,349,60.05,30.05,986.24 
12/10/2021T04:42:45Z,150,288,369,59.09,30.21,986.33 
12/10/2021T04:43:15Z,151,284,363,59.24,30.35,986.24 
12/10/2021T04:43:45Z,140,250,291,57.99,30.46,986.42 
12/10/2021T04:44:16Z,139,234,266,56.73,30.58,986.58 
12/10/2021T04:44:47Z,152,259,289,57.40,30.64,986.36 
12/10/2021T04:45:18Z,156,267,305,57.78,30.68,986.25 
12/10/2021T04:45:48Z,158,276,324,57.68,30.71,986.28 
12/10/2021T04:46:19Z,149,257,289,57.51,30.74,986.29 
12/10/2021T04:46:50Z,136,240,278,57.60,30.75,986.24 
12/10/2021T04:47:20Z,124,212,249,57.42,30.77,986.29 
12/10/2021T04:47:49Z,120,211,256,57.64,30.81,986.21 
12/10/2021T04:48:19Z,131,226,264,57.05,30.84,986.33 
12/10/2021T04:48:49Z,133,226,261,56.87,30.87,986.36 
12/10/2021T04:49:20Z,127,207,233,56.48,30.91,986.42 
12/10/2021T04:49:50Z,128,209,229,56.63,30.95,986.35 
12/10/2021T04:50:20Z,142,244,275,56.25,30.94,986.42 
12/10/2021T04:50:51Z,143,247,282,56.97,30.93,986.23 
12/10/2021T04:51:21Z,174,293,328,57.32,30.95,986.15 
12/10/2021T04:51:52Z,242,414,459,57.62,30.95,986.10 
12/10/2021T04:52:22Z,280,566,650,56.75,30.94,986.34 
12/10/2021T04:52:52Z,296,614,711,56.85,30.94,986.30 
12/10/2021T04:53:23Z,219,416,475,55.76,30.95,986.56 
12/10/2021T04:53:53Z,293,606,688,56.77,30.92,986.22 
12/10/2021T04:54:23Z,305,643,737,57.03,30.87,986.17 
12/10/2021T04:54:54Z,315,706,812,57.66,30.85,986.04 
12/10/2021T04:55:24Z,308,675,777,57.87,30.83,986.03 
12/10/2021T04:55:55Z,323,705,818,57.92,30.83,986.03 
12/10/2021T04:56:25Z,324,696,795,57.21,30.84,986.23 
12/10/2021T04:56:56Z,327,721,832,57.62,30.85,986.13 
12/10/2021T04:57:27Z,260,516,584,57.38,30.85,986.19 
12/10/2021T04:57:57Z,276,549,622,57.72,30.85,986.12 
12/10/2021T04:58:28Z,312,680,779,58.27,30.84,986.00 
12/10/2021T04:58:58Z,308,680,777,58.03,30.83,986.09 
12/10/2021T04:59:28Z,321,735,841,57.94,30.83,986.11 
12/10/2021T04:59:58Z,321,710,809,58.06,30.83,986.08 
12/10/2021T05:00:28Z,348,865,1021,58.43,30.83,986.00 
12/10/2021T05:00:59Z,341,818,946,58.53,30.81,986.00 
12/10/2021T05:01:30Z,337,844,986,59.02,30.80,985.91 
12/10/2021T05:02:00Z,323,711,798,58.78,30.80,985.99 
12/10/2021T05:02:30Z,298,636,715,58.37,30.82,986.08 
12/10/2021T05:03:01Z,324,776,885,58.74,30.82,985.97 
12/10/2021T05:03:31Z,353,956,1102,58.78,30.84,985.98 
12/10/2021T05:04:02Z,332,793,917,57.60,30.88,986.22 
12/10/2021T05:04:33Z,355,945,1086,58.14,30.90,986.06 
12/10/2021T05:05:03Z,294,632,715,57.62,30.90,986.17 
12/10/2021T05:05:33Z,323,727,842,57.77,30.90,986.14 
12/10/2021T05:06:04Z,336,863,992,58.21,30.88,986.05 
12/10/2021T05:06:34Z,345,865,1011,58.83,30.87,985.92 
12/10/2021T05:07:05Z,350,892,1046,59.08,30.85,985.90 
12/10/2021T05:07:36Z,345,877,1032,59.16,30.84,985.91 
12/10/2021T05:08:07Z,285,620,704,57.59,30.88,986.22 
12/10/2021T05:08:37Z,227,429,476,56.88,30.95,986.36 
12/10/2021T05:09:07Z,300,639,734,57.88,30.95,986.07 
12/10/2021T05:09:37Z,345,882,1026,57.92,30.95,986.06 
12/10/2021T05:10:07Z,352,905,1052,57.61,30.97,986.15 
12/10/2021T05:10:38Z,331,784,901,57.55,30.96,986.15 
12/10/2021T05:11:09Z,332,785,902,58.08,30.96,986.01 
12/10/2021T05:11:39Z,322,751,857,58.35,30.94,985.94 
12/10/2021T05:12:09Z,327,780,899,57.68,30.95,986.09 
12/10/2021T05:12:40Z,336,775,893,57.67,30.96,986.09 
12/10/2021T05:13:11Z,328,786,900,58.02,30.96,985.99 
12/10/2021T05:13:41Z,342,850,987,58.54,30.97,985.87 
12/10/2021T05:14:12Z,285,643,740,57.81,30.97,986.05 
12/10/2021T05:14:42Z,301,648,732,57.73,30.98,986.07 
12/10/2021T05:15:13Z,339,849,996,58.44,30.98,985.89 
12/10/2021T05:15:43Z,311,694,801,58.17,30.99,985.96 
12/10/2021T05:16:14Z,299,650,744,58.25,31.00,985.94 
12/10/2021T05:16:44Z,335,802,924,58.45,31.00,985.89 
12/10/2021T05:17:15Z,334,782,910,58.48,30.99,985.89 
12/10/2021T05:17:45Z,306,675,767,58.39,30.97,985.92 
12/10/2021T05:18:15Z,314,699,805,58.06,30.96,986.00 
12/10/2021T05:18:46Z,299,651,741,57.76,30.98,986.05 
12/10/2021T05:19:16Z,314,731,849,58.24,30.97,985.93 
12/10/2021T05:19:46Z,282,608,697,58.49,30.98,985.86 
12/10/2021T05:20:16Z,323,765,897,58.72,30.97,985.80 
12/10/2021T05:20:47Z,296,662,754,58.96,30.96,985.78 
12/10/2021T05:21:18Z,314,779,913,59.06,30.97,985.78 
12/10/2021T05:21:48Z,316,774,904,58.74,30.98,985.85 
12/10/2021T05:22:18Z,305,709,830,57.51,31.01,986.12 
12/10/2021T05:22:49Z,322,863,1027,56.57,31.09,986.29 
12/10/2021T05:23:19Z,323,869,1026,55.57,31.15,986.49 
12/10/2021T05:23:50Z,312,731,860,54.45,31.21,986.74 
12/10/2021T05:24:20Z,295,655,755,53.95,31.27,986.80 
12/10/2021T05:24:51Z,321,725,844,54.21,31.28,986.65 
12/10/2021T05:25:21Z,312,688,798,54.50,31.29,986.54 
12/10/2021T05:25:52Z,280,581,663,54.15,31.26,986.58 
12/10/2021T05:26:22Z,241,459,523,52.96,31.30,986.97 
12/10/2021T05:26:53Z,206,376,425,53.14,31.30,986.85 
12/10/2021T05:27:23Z,180,316,352,53.61,31.25,986.67 
12/10/2021T05:27:53Z,188,331,375,52.74,31.23,986.94 
12/10/2021T05:28:24Z,185,319,351,53.99,31.21,986.48 
12/10/2021T05:28:55Z,146,249,274,53.97,31.18,986.44 
12/10/2021T05:29:25Z,199,356,394,54.88,31.15,986.16 
12/10/2021T05:29:55Z,191,338,379,55.43,31.12,986.01 
12/10/2021T05:30:26Z,179,307,347,56.03,31.10,985.86 
12/10/2021T05:30:56Z,179,311,347,56.30,31.10,985.83 
12/10/2021T05:31:26Z,181,310,344,56.27,31.11,985.88 
12/10/2021T05:31:57Z,163,279,310,55.99,31.11,985.97 
12/10/2021T05:32:27Z,161,275,305,55.80,31.12,986.04 
12/10/2021T05:32:57Z,175,313,354,54.15,31.14,986.54 
12/10/2021T05:33:27Z,168,304,340,52.94,31.18,986.92 
12/10/2021T05:33:58Z,179,314,356,54.26,31.24,986.44 
12/10/2021T05:34:28Z,188,332,372,55.33,31.22,986.03 
12/10/2021T05:34:59Z,203,376,433,55.51,31.18,985.99 
12/10/2021T05:35:29Z,206,382,435,55.53,31.16,986.02 
12/10/2021T05:36:00Z,210,391,449,55.55,31.15,986.03 
12/10/2021T05:36:31Z,208,389,452,55.79,31.15,985.94 
12/10/2021T05:37:01Z,185,335,387,55.44,31.16,986.08 
12/10/2021T05:37:32Z,193,353,408,55.23,31.15,986.12 
12/10/2021T05:38:03Z,212,408,479,54.51,31.16,986.36 
12/10/2021T05:38:33Z,185,351,405,53.78,31.17,986.57 
12/10/2021T05:39:03Z,180,329,379,54.02,31.18,986.47 
12/10/2021T05:39:34Z,197,366,412,55.06,31.18,986.07 
12/10/2021T05:40:04Z,199,374,427,55.25,31.16,986.00 
12/10/2021T05:40:35Z,214,409,470,55.54,31.14,985.90 
12/10/2021T05:41:06Z,224,435,504,55.79,31.13,985.82 
12/10/2021T05:41:37Z,228,431,489,56.28,31.12,985.68 
12/10/2021T05:42:07Z,230,446,508,56.52,31.12,985.64 
12/10/2021T05:42:38Z,212,399,447,56.36,31.11,985.74 
12/10/2021T05:43:09Z,187,334,370,56.52,31.09,985.68 
12/10/2021T05:43:39Z,201,367,412,56.60,31.09,985.69 
12/10/2021T05:44:10Z,208,385,429,57.48,31.10,985.45 
12/10/2021T05:44:41Z,207,383,430,57.48,31.10,985.51 
12/10/2021T05:45:11Z,208,368,419,57.09,31.11,985.62 
12/10/2021T05:45:42Z,215,386,436,55.92,31.12,985.96 
12/10/2021T05:46:12Z,179,309,351,55.48,31.12,986.09 
12/10/2021T05:46:42Z,192,338,385,56.20,31.15,985.81 
12/10/2021T05:47:13Z,177,313,354,55.34,31.20,986.05 
12/10/2021T05:47:44Z,176,311,348,55.04,31.25,986.14 
12/10/2021T05:48:14Z,179,312,352,55.12,31.27,986.08 
12/10/2021T05:48:45Z,169,289,320,53.82,31.31,986.43 
12/10/2021T05:49:15Z,158,271,297,51.60,31.37,987.14 
12/10/2021T05:49:46Z,152,253,285,52.07,31.41,986.91 
12/10/2021T05:50:16Z,157,264,288,52.89,31.40,986.51 
12/10/2021T05:50:47Z,187,321,355,52.29,31.38,986.73 
12/10/2021T05:51:17Z,171,294,323,53.37,31.37,986.31 
12/10/2021T05:51:48Z,187,315,348,54.18,31.42,985.98 
12/10/2021T05:52:19Z,205,349,392,54.69,31.43,985.81 
12/10/2021T05:52:49Z,201,352,395,54.52,31.46,985.84 
12/10/2021T05:53:20Z,161,287,324,51.07,31.54,987.08 
12/10/2021T05:53:50Z,134,223,250,48.77,31.66,987.95 
12/10/2021T05:54:21Z,145,245,270,49.87,31.68,987.46 
12/10/2021T05:54:51Z,151,249,272,50.93,31.70,986.88 
12/10/2021T05:55:22Z,145,237,270,50.63,31.68,986.98 
12/10/2021T05:55:53Z,153,257,284,50.76,31.62,986.92 
12/10/2021T05:56:23Z,151,254,286,50.86,31.62,986.93 
12/10/2021T05:56:53Z,175,302,341,52.63,31.57,986.19 
12/10/2021T05:57:24Z,196,346,401,53.57,31.60,985.81 
12/10/2021T05:57:55Z,191,342,392,53.89,31.57,985.74 
12/10/2021T05:58:25Z,184,319,369,54.37,31.53,985.62 
12/10/2021T05:58:55Z,178,306,352,54.83,31.46,985.52 
12/10/2021T05:59:26Z,185,325,363,55.27,31.41,985.44 
12/10/2021T05:59:56Z,181,317,363,56.02,31.36,985.29 
12/10/2021T06:00:26Z,179,306,338,56.05,31.33,985.33 
12/10/2021T06:00:57Z,162,274,304,55.94,31.32,985.41 
12/10/2021T06:01:27Z,157,258,287,55.67,31.32,985.51 
12/10/2021T06:01:58Z,154,257,287,55.68,31.33,985.50 
12/10/2021T06:02:28Z,155,259,295,55.68,31.32,985.51 
12/10/2021T06:02:59Z,154,254,285,55.99,31.32,985.43 
12/10/2021T06:03:29Z,162,273,304,56.08,31.31,985.40 
12/10/2021T06:04:00Z,157,269,298,55.45,31.30,985.64 
12/10/2021T06:04:30Z,154,260,290,54.12,31.30,986.06 
12/10/2021T06:05:00Z,154,257,284,52.19,31.30,986.68 
12/10/2021T06:05:30Z,140,232,256,51.31,31.30,986.97 
12/10/2021T06:06:01Z,141,230,254,51.52,31.33,986.79 
12/10/2021T06:06:31Z,140,229,256,52.52,31.36,986.42 
12/10/2021T06:07:02Z,145,237,256,53.50,31.33,986.00 
12/10/2021T06:07:32Z,143,238,260,53.22,31.31,986.02 
12/10/2021T06:08:03Z,162,272,300,50.12,31.40,987.25 
12/10/2021T06:08:34Z,156,265,291,50.41,31.46,987.03 
12/10/2021T06:09:04Z,162,273,295,51.05,31.47,986.82 
12/10/2021T06:09:35Z,150,249,276,51.01,31.42,986.68 
12/10/2021T06:10:06Z,113,184,200,46.73,31.55,988.37 
12/10/2021T06:10:36Z,131,217,238,49.95,31.53,987.04 
12/10/2021T06:11:06Z,137,216,230,49.59,31.49,987.00 
12/10/2021T06:11:37Z,145,248,273,48.62,31.48,987.52 
12/10/2021T06:12:08Z,135,229,249,49.81,31.45,986.91 
12/10/2021T06:12:38Z,123,203,223,48.64,31.48,987.40 
12/10/2021T06:13:09Z,122,196,218,49.56,31.46,987.03 
12/10/2021T06:13:39Z,125,204,221,49.26,31.44,987.01 
12/10/2021T06:14:10Z,129,221,250,46.43,31.49,988.19 
12/10/2021T06:14:40Z,123,205,234,47.31,31.51,987.89 
12/10/2021T06:15:11Z,115,187,206,47.29,31.51,987.84 
12/10/2021T06:15:41Z,121,202,222,48.70,31.47,987.15 
12/10/2021T06:16:11Z,124,205,224,49.12,31.43,986.98 
12/10/2021T06:16:42Z,123,205,228,50.19,31.39,986.51 
12/10/2021T06:17:12Z,127,210,236,51.21,31.34,986.10 
12/10/2021T06:17:43Z,126,202,228,51.76,31.32,985.90 
12/10/2021T06:18:14Z,125,203,225,52.32,31.30,985.68 
12/10/2021T06:18:44Z,120,199,222,52.19,31.30,985.77 
12/10/2021T06:19:14Z,117,190,212,52.01,31.30,985.83 
12/10/2021T06:19:44Z,116,193,219,51.20,31.32,986.19 
12/10/2021T06:20:15Z,118,192,212,51.81,31.33,985.92 
12/10/2021T06:20:45Z,117,193,210,52.14,31.33,985.75 
12/10/2021T06:21:16Z,114,188,209,52.55,31.33,985.59 
12/10/2021T06:21:46Z,112,184,210,51.91,31.34,985.82 
12/10/2021T06:22:16Z,108,175,190,50.41,31.38,986.44 
12/10/2021T06:22:47Z,144,229,252,50.02,31.44,986.65 
12/10/2021T06:23:17Z,140,222,238,50.06,31.44,986.63 
12/10/2021T06:23:48Z,147,230,252,50.15,31.42,986.55 
12/10/2021T06:24:19Z,157,258,284,50.55,31.42,986.37 
12/10/2021T06:24:49Z,157,247,279,51.27,31.41,986.03 
12/10/2021T06:25:19Z,149,242,267,51.92,31.37,985.74 
12/10/2021T06:25:49Z,153,245,273,52.43,31.34,985.54 
12/10/2021T06:26:19Z,153,239,270,52.48,31.32,985.53 
12/10/2021T06:26:50Z,146,232,254,52.04,31.32,985.66 
12/10/2021T06:27:20Z,136,219,240,51.48,31.33,985.98 
12/10/2021T06:27:50Z,133,218,239,51.00,31.34,986.16 
12/10/2021T06:28:20Z,127,202,218,51.21,31.35,986.07 
12/10/2021T06:28:50Z,124,198,219,50.57,31.35,986.34 
12/10/2021T06:29:20Z,121,195,215,50.44,31.36,986.38 
12/10/2021T06:29:51Z,121,192,211,50.97,31.34,986.16 
12/10/2021T06:30:21Z,121,190,209,51.39,31.31,985.96 
12/10/2021T06:30:52Z,121,196,215,52.01,31.30,985.65 
12/10/2021T06:31:22Z,129,198,217,51.55,31.29,985.85 
12/10/2021T06:31:53Z,126,197,218,51.92,31.29,985.71 
12/10/2021T06:32:23Z,120,190,207,51.76,31.27,985.76 
12/10/2021T06:32:54Z,114,176,191,50.93,31.29,986.09 
12/10/2021T06:33:25Z,106,167,184,50.42,31.33,986.35 
12/10/2021T06:33:55Z,79,120,133,47.00,31.42,987.65 
12/10/2021T06:34:26Z,93,140,151,48.43,31.46,987.07 
12/10/2021T06:34:56Z,90,138,151,47.79,31.47,987.26 
12/10/2021T06:35:27Z,90,137,151,48.61,31.46,987.02 
12/10/2021T06:35:58Z,126,190,207,49.89,31.42,986.39 
12/10/2021T06:36:28Z,131,195,213,49.37,31.39,986.54 
12/10/2021T06:36:59Z,116,176,191,49.19,31.38,986.65 
12/10/2021T06:37:30Z,111,167,182,48.97,31.37,986.71 
12/10/2021T06:38:00Z,109,163,182,49.13,31.37,986.71 
12/10/2021T06:38:31Z,113,167,184,49.72,31.36,986.45 
12/10/2021T06:39:02Z,121,177,197,50.04,31.35,986.23 
12/10/2021T06:39:32Z,107,159,172,49.17,31.34,986.54 
12/10/2021T06:40:02Z,87,130,140,47.44,31.40,987.28 
12/10/2021T06:40:32Z,68,101,112,44.77,31.49,988.23 
12/10/2021T06:41:02Z,61,93,101,45.63,31.58,988.10 
12/10/2021T06:41:33Z,70,104,118,46.72,31.54,987.46 
12/10/2021T06:42:04Z,69,102,111,47.26,31.49,987.22 
12/10/2021T06:42:34Z,68,99,106,47.93,31.45,986.93 
12/10/2021T06:43:05Z,70,107,118,48.68,31.42,986.60 
12/10/2021T06:43:35Z,72,109,120,49.38,31.38,986.30 
12/10/2021T06:44:05Z,74,109,119,49.78,31.35,986.08 
12/10/2021T06:44:35Z,71,107,119,49.53,31.35,986.19 
12/10/2021T06:45:06Z,70,104,116,49.60,31.33,986.11 
12/10/2021T06:45:37Z,62,94,105,48.65,31.36,986.57 
12/10/2021T06:46:07Z,65,96,105,47.77,31.40,986.84 
12/10/2021T06:46:38Z,58,85,93,46.19,31.48,987.52 
12/10/2021T06:47:08Z,56,86,92,45.45,31.57,987.89 
12/10/2021T06:47:38Z,54,87,95,45.05,31.59,988.04 
12/10/2021T06:48:09Z,57,88,99,46.80,31.55,987.29 
12/10/2021T06:48:40Z,60,90,97,48.03,31.48,986.74 
12/10/2021T06:49:11Z,65,101,111,49.20,31.43,986.19 
12/10/2021T06:49:42Z,62,95,110,49.05,31.39,986.12 
12/10/2021T06:50:12Z,55,86,94,46.83,31.47,987.08 
12/10/2021T06:50:43Z,58,89,97,46.90,31.56,987.14 
12/10/2021T06:51:14Z,53,81,92,46.02,31.64,987.46 
12/10/2021T06:51:44Z,57,87,97,48.01,31.61,986.60 
12/10/2021T06:52:15Z,57,89,98,48.24,31.59,986.47 
12/10/2021T06:52:45Z,58,90,99,49.31,31.55,985.99 
12/10/2021T06:53:16Z,55,89,100,48.02,31.56,986.42 
12/10/2021T06:53:46Z,51,83,93,47.20,31.61,986.85 
12/10/2021T06:54:17Z,41,66,76,43.86,31.69,988.03 
12/10/2021T06:54:47Z,43,67,77,44.22,31.79,988.22 
12/10/2021T06:55:18Z,50,80,88,46.49,31.72,987.06 
12/10/2021T06:55:48Z,58,92,104,46.86,31.65,986.86 
12/10/2021T06:56:18Z,63,101,114,47.18,31.60,986.71 
12/10/2021T06:56:49Z,62,97,110,46.25,31.56,987.00 
12/10/2021T06:57:19Z,62,98,109,46.59,31.55,987.00 
12/10/2021T06:57:49Z,57,92,100,45.01,31.55,987.38 
12/10/2021T06:58:20Z,50,79,87,44.51,31.61,987.84 
12/10/2021T06:58:50Z,41,63,73,42.55,31.64,988.50 
12/10/2021T06:59:21Z,41,64,74,43.09,31.65,988.28 
12/10/2021T06:59:51Z,41,64,74,42.25,31.69,988.55 
12/10/2021T07:00:22Z,38,58,71,42.98,31.68,988.36 
12/10/2021T07:00:53Z,39,60,75,44.03,31.61,987.81 
12/10/2021T07:01:24Z,41,65,76,45.00,31.56,987.42 
12/10/2021T07:01:55Z,46,71,82,46.40,31.50,986.79 
12/10/2021T07:02:25Z,46,75,86,46.99,31.46,986.49 
12/10/2021T07:02:56Z,47,77,87,47.00,31.45,986.42 
12/10/2021T07:03:26Z,44,69,80,46.09,31.47,986.71 
12/10/2021T07:03:56Z,38,63,75,44.82,31.51,987.36 
12/10/2021T07:04:26Z,39,64,76,45.22,31.51,987.19 
12/10/2021T07:04:56Z,38,61,76,44.40,31.52,987.38 
12/10/2021T07:05:27Z,32,50,67,42.08,31.67,988.38 
12/10/2021T07:05:57Z,33,52,67,42.81,31.70,988.16 
12/10/2021T07:06:28Z,34,54,70,44.04,31.65,987.59 
12/10/2021T07:06:58Z,35,57,73,44.42,31.59,987.42 
12/10/2021T07:07:29Z,38,61,75,45.21,31.56,987.09 
12/10/2021T07:07:59Z,37,61,74,45.24,31.52,987.00 
12/10/2021T07:08:30Z,40,62,75,45.64,31.52,986.86 
12/10/2021T07:09:01Z,40,63,75,45.29,31.51,986.93 
12/10/2021T07:09:31Z,45,73,84,45.27,31.50,986.95 
12/10/2021T07:10:02Z,46,78,84,45.80,31.50,986.80 
12/10/2021T07:10:33Z,49,78,89,46.97,31.46,986.30 
12/10/2021T07:11:03Z,51,86,97,47.17,31.43,986.09 
12/10/2021T07:11:33Z,51,86,99,47.17,31.43,986.15 
12/10/2021T07:12:04Z,53,89,98,48.11,31.41,985.75 
12/10/2021T07:12:34Z,54,90,101,48.45,31.41,985.55 
12/10/2021T07:13:05Z,55,89,99,48.92,31.42,985.35 
12/10/2021T07:13:36Z,56,93,105,49.14,31.41,985.24 
12/10/2021T07:14:07Z,55,92,105,46.36,31.51,986.22 
12/10/2021T07:14:37Z,55,91,103,47.15,31.62,986.18 
12/10/2021T07:15:08Z,56,90,102,47.68,31.61,985.82 
12/10/2021T07:15:39Z,48,77,85,45.14,31.69,986.77 
12/10/2021T07:16:09Z,47,73,83,45.20,31.73,986.80 
12/10/2021T07:16:39Z,39,61,74,42.81,31.85,987.78 
12/10/2021T07:17:10Z,40,64,75,44.59,31.83,987.14 
12/10/2021T07:17:41Z,36,57,70,42.98,31.82,987.64 
12/10/2021T07:18:11Z,38,60,71,44.53,31.81,987.22 
12/10/2021T07:18:42Z,37,58,72,43.75,31.86,987.25 
12/10/2021T07:19:12Z,33,51,65,41.07,31.99,988.28 
12/10/2021T07:19:43Z,32,49,63,40.12,32.09,988.74 
12/10/2021T07:20:13Z,33,51,66,42.15,32.20,988.03 
12/10/2021T07:20:44Z,36,56,70,43.84,32.13,987.16 
12/10/2021T07:21:15Z,36,54,68,44.00,32.01,986.96 
12/10/2021T07:21:45Z,34,54,69,42.37,32.00,987.50 
12/10/2021T07:22:16Z,33,52,67,42.55,32.13,987.66 
12/10/2021T07:22:47Z,34,53,67,44.03,32.03,986.93 
12/10/2021T07:23:17Z,34,52,66,43.36,31.98,987.11 
12/10/2021T07:23:48Z,35,55,70,44.59,31.97,986.78 
12/10/2021T07:24:19Z,35,55,71,45.61,31.87,986.29 
12/10/2021T07:24:49Z,36,56,70,45.67,31.80,986.25 
12/10/2021T07:25:19Z,35,53,67,45.33,31.75,986.24 
12/10/2021T07:25:50Z,33,52,66,43.58,31.83,987.08 
12/10/2021T07:26:20Z,34,53,68,44.83,31.82,986.57 
12/10/2021T07:26:50Z,34,53,67,45.08,31.79,986.41 
12/10/2021T07:27:21Z,36,55,69,45.26,31.76,986.29 
12/10/2021T07:27:51Z,34,52,67,44.76,31.79,986.49 
12/10/2021T07:28:22Z,34,51,65,43.82,31.82,986.84 
12/10/2021T07:28:52Z,33,51,66,43.79,31.83,986.93 
12/10/2021T07:29:23Z,34,52,68,44.76,31.81,986.54 
12/10/2021T07:29:53Z,37,59,71,44.90,31.80,986.40 
12/10/2021T07:30:24Z,36,54,69,44.94,31.78,986.40 
12/10/2021T07:30:54Z,37,57,69,45.04,31.76,986.30 
12/10/2021T07:31:25Z,35,54,67,42.43,31.86,987.21 
12/10/2021T07:31:55Z,34,53,67,42.29,31.93,987.47 
12/10/2021T07:32:25Z,33,51,67,42.58,31.98,987.32 
12/10/2021T07:32:55Z,32,50,65,41.09,32.02,987.78 
12/10/2021T07:33:25Z,33,51,66,41.68,32.02,987.61 
12/10/2021T07:33:56Z,31,49,63,41.08,32.03,987.79 
12/10/2021T07:34:26Z,32,50,63,41.51,32.04,987.73 
12/10/2021T07:34:57Z,38,58,72,42.99,31.98,987.08 
12/10/2021T07:35:28Z,42,66,76,42.46,31.96,987.16 
12/10/2021T07:35:58Z,41,61,72,43.31,31.93,986.85 
12/10/2021T07:36:29Z,41,60,73,43.32,31.93,986.86 
12/10/2021T07:36:59Z,40,60,71,43.73,31.89,986.59 
12/10/2021T07:37:29Z,36,57,69,43.31,31.93,986.72 
12/10/2021T07:38:00Z,34,52,67,42.04,32.00,987.19 
12/10/2021T07:38:31Z,34,54,70,42.09,32.10,987.23 
12/10/2021T07:39:01Z,32,50,65,42.18,32.12,987.16 
12/10/2021T07:39:32Z,36,56,72,41.62,32.15,987.39 
12/10/2021T07:40:02Z,35,54,69,42.54,32.10,987.04 
12/10/2021T07:40:32Z,35,55,68,43.18,32.04,986.70 
12/10/2021T07:41:03Z,35,57,72,43.70,32.01,986.51 
12/10/2021T07:41:33Z,35,55,69,44.54,31.94,986.15 
12/10/2021T07:42:04Z,34,53,67,44.94,31.89,985.96 
12/10/2021T07:42:34Z,34,52,66,43.97,31.89,986.20 
12/10/2021T07:43:05Z,36,58,71,44.47,31.89,986.16 
12/10/2021T07:43:35Z,36,58,72,45.08,31.85,985.90 
12/10/2021T07:44:06Z,37,55,69,45.55,31.81,985.65 
12/10/2021T07:44:37Z,44,67,80,45.66,31.81,985.61 
12/10/2021T07:45:07Z,62,101,114,45.93,31.80,985.50 
12/10/2021T07:45:37Z,71,114,126,46.30,31.77,985.35 
12/10/2021T07:46:08Z,67,105,114,45.60,31.76,985.58 
12/10/2021T07:46:39Z,78,124,141,46.18,31.77,985.45 
12/10/2021T07:47:09Z,82,128,152,46.60,31.74,985.22 
12/10/2021T07:47:40Z,84,130,147,46.37,31.72,985.28 
12/10/2021T07:48:10Z,78,123,139,46.49,31.71,985.27 
12/10/2021T07:48:40Z,73,112,125,47.16,31.69,985.01 
12/10/2021T07:49:11Z,71,108,119,47.57,31.66,984.86 
12/10/2021T07:49:41Z,63,101,110,48.02,31.63,984.70 
12/10/2021T07:50:11Z,57,92,104,48.61,31.60,984.51 
12/10/2021T07:50:41Z,55,87,97,49.11,31.59,984.31 
12/10/2021T07:51:11Z,55,87,96,49.51,31.59,984.18 
12/10/2021T07:51:41Z,54,86,97,49.00,31.60,984.35 
12/10/2021T07:52:12Z,55,87,96,47.60,31.66,984.88 
12/10/2021T07:52:42Z,49,75,87,45.85,31.79,985.50 
12/10/2021T07:53:12Z,45,71,79,44.16,31.95,986.16 
12/10/2021T07:53:43Z,44,69,76,44.34,32.04,986.19 
12/10/2021T07:54:13Z,44,68,78,45.74,31.97,985.60 
12/10/2021T07:54:43Z,46,69,77,46.71,31.89,985.26 
12/10/2021T07:55:14Z,45,71,81,48.19,31.82,984.66 
12/10/2021T07:55:45Z,46,72,78,48.28,31.76,984.56 
12/10/2021T07:56:16Z,46,71,81,48.49,31.74,984.44 
12/10/2021T07:56:46Z,43,68,78,47.74,31.76,984.73 
12/10/2021T07:57:17Z,41,61,73,47.06,31.79,985.07 
12/10/2021T07:57:48Z,40,63,74,48.06,31.80,984.62 
12/10/2021T07:58:18Z,37,58,70,47.04,31.86,984.96 
12/10/2021T07:58:49Z,36,57,71,46.12,31.93,985.25 
12/10/2021T07:59:19Z,36,56,70,45.58,31.98,985.56 
12/10/2021T07:59:50Z,44,71,82,45.72,31.97,985.49 
12/10/2021T08:00:20Z,41,67,79,46.74,31.91,985.16 
12/10/2021T08:00:50Z,38,61,73,46.11,31.90,985.24 
12/10/2021T08:01:21Z,37,57,71,45.33,31.96,985.60 
12/10/2021T08:01:51Z,33,51,65,43.32,32.01,986.26 
12/10/2021T08:02:22Z,32,48,62,44.04,32.06,986.11 
12/10/2021T08:02:52Z,32,50,65,43.16,32.09,986.34 
12/10/2021T08:03:23Z,31,48,63,43.18,32.09,986.44 
12/10/2021T08:03:54Z,33,51,67,44.50,32.03,985.88 
12/10/2021T08:04:24Z,33,50,65,45.08,31.96,985.60 
12/10/2021T08:04:54Z,33,51,65,45.36,31.87,985.47 
12/10/2021T08:05:25Z,33,50,64,45.46,31.82,985.42 
12/10/2021T08:05:55Z,32,49,63,45.64,31.78,985.36 
12/10/2021T08:06:25Z,33,51,66,45.59,31.76,985.31 
12/10/2021T08:06:56Z,33,51,65,45.62,31.75,985.35 
12/10/2021T08:07:26Z,33,51,66,45.58,31.73,985.33 
12/10/2021T08:07:57Z,33,50,63,45.67,31.71,985.32 
12/10/2021T08:08:27Z,34,51,67,45.97,31.69,985.22 
12/10/2021T08:08:58Z,34,51,66,46.20,31.68,985.10 
12/10/2021T08:09:29Z,33,50,65,46.48,31.65,984.97 
12/10/2021T08:10:00Z,34,52,65,46.70,31.63,984.87 
12/10/2021T08:10:30Z,34,52,65,46.73,31.61,984.84 
12/10/2021T08:11:01Z,34,53,68,46.05,31.60,985.05 
12/10/2021T08:11:32Z,33,51,66,46.13,31.61,985.13 
12/10/2021T08:12:02Z,32,50,64,45.54,31.62,985.22 
12/10/2021T08:12:32Z,33,50,63,46.92,31.61,984.82 
12/10/2021T08:13:02Z,32,50,64,47.06,31.61,984.66 
12/10/2021T08:13:33Z,33,51,67,46.75,31.58,984.74 
12/10/2021T08:14:03Z,33,50,63,46.89,31.58,984.70 
12/10/2021T08:14:34Z,32,49,64,44.72,31.59,985.41 
12/10/2021T08:15:04Z,32,48,60,45.21,31.62,985.38 
12/10/2021T08:15:35Z,30,47,60,44.04,31.63,985.76 
12/10/2021T08:16:06Z,31,47,60,44.47,31.63,985.60 
12/10/2021T08:16:36Z,32,49,62,45.90,31.62,985.12 
12/10/2021T08:17:07Z,32,49,63,45.98,31.60,984.99 
12/10/2021T08:17:38Z,33,49,65,46.45,31.60,984.85 
12/10/2021T08:18:08Z,33,50,62,46.99,31.60,984.59 
12/10/2021T08:18:38Z,32,50,64,47.16,31.60,984.49 
12/10/2021T08:19:09Z,33,50,65,47.22,31.59,984.43 
12/10/2021T08:19:39Z,33,50,63,46.91,31.59,984.55 
12/10/2021T08:20:10Z,33,49,63,47.19,31.59,984.49 
12/10/2021T08:20:40Z,34,51,66,47.43,31.58,984.38 
12/10/2021T08:21:11Z,33,50,64,47.37,31.58,984.37 
12/10/2021T08:21:41Z,32,49,62,44.85,31.60,985.18 
12/10/2021T08:22:12Z,32,48,61,46.19,31.64,985.05 
12/10/2021T08:22:42Z,32,50,63,47.39,31.62,984.38 
12/10/2021T08:23:13Z,33,49,62,47.46,31.60,984.32 
12/10/2021T08:23:44Z,32,49,63,47.30,31.59,984.33 
12/10/2021T08:24:15Z,32,51,64,47.48,31.58,984.27 
12/10/2021T08:24:45Z,32,49,62,46.23,31.57,984.60 
12/10/2021T08:25:16Z,31,48,60,43.14,31.62,985.91 
12/10/2021T08:25:46Z,31,48,61,45.53,31.65,985.28 
12/10/2021T08:26:16Z,32,49,62,47.08,31.63,984.48 
12/10/2021T08:26:47Z,33,49,63,47.39,31.60,984.26 
12/10/2021T08:27:17Z,32,50,63,47.50,31.58,984.19 
12/10/2021T08:27:48Z,32,49,62,47.75,31.56,984.08 
12/10/2021T08:28:19Z,33,51,66,47.72,31.54,984.07 
12/10/2021T08:28:50Z,32,51,64,47.86,31.53,984.04 
12/10/2021T08:29:21Z,33,50,65,47.09,31.52,984.24 
12/10/2021T08:29:51Z,32,49,62,46.82,31.54,984.58 
12/10/2021T08:30:22Z,32,49,62,47.87,31.52,984.05 
12/10/2021T08:30:52Z,32,48,62,48.05,31.51,983.94 
12/10/2021T08:31:22Z,31,48,61,48.16,31.50,983.90 
12/10/2021T08:31:53Z,32,50,62,48.23,31.50,983.86 
12/10/2021T08:32:24Z,33,50,66,45.97,31.55,984.68 
12/10/2021T08:32:54Z,32,51,64,46.75,31.57,984.42 
12/10/2021T08:33:25Z,33,50,64,46.96,31.58,984.42 
12/10/2021T08:33:56Z,31,47,61,44.60,31.61,985.22 
12/10/2021T08:34:26Z,32,50,64,47.64,31.60,984.23 
12/10/2021T08:34:57Z,32,48,61,47.67,31.56,984.03 
12/10/2021T08:35:27Z,33,50,64,47.26,31.55,984.16 
12/10/2021T08:35:58Z,32,49,63,47.81,31.56,984.03 
12/10/2021T08:36:28Z,32,50,63,46.85,31.57,984.32 
12/10/2021T08:36:58Z,32,49,61,47.76,31.57,984.08 
12/10/2021T08:37:29Z,32,50,62,47.64,31.56,984.04 
12/10/2021T08:37:59Z,32,49,61,47.63,31.55,984.06 
12/10/2021T08:38:29Z,32,49,62,47.90,31.54,983.90 
12/10/2021T08:39:00Z,32,50,63,47.84,31.54,983.91 
12/10/2021T08:39:31Z,32,48,61,47.61,31.54,984.02 
12/10/2021T08:40:02Z,33,49,64,47.99,31.52,983.86 
12/10/2021T08:40:33Z,32,50,63,48.11,31.52,983.79 
12/10/2021T08:41:03Z,32,49,64,47.41,31.53,984.04 
12/10/2021T08:41:34Z,32,48,62,48.08,31.54,983.85 
12/10/2021T08:42:04Z,32,48,60,48.26,31.52,983.72 
12/10/2021T08:42:35Z,31,49,62,48.27,31.51,983.73 
12/10/2021T08:43:05Z,32,48,62,47.87,31.51,983.90 
12/10/2021T08:43:36Z,32,48,60,48.19,31.51,983.79 
12/10/2021T08:44:07Z,32,49,63,48.03,31.50,983.82 
12/10/2021T08:44:38Z,31,47,58,48.00,31.50,983.85 
12/10/2021T08:45:08Z,32,48,61,48.05,31.50,983.82 
12/10/2021T08:45:39Z,33,49,64,46.97,31.52,984.12 
12/10/2021T08:46:09Z,32,49,62,47.22,31.55,984.29 
12/10/2021T08:46:39Z,32,49,62,48.13,31.52,983.81 
12/10/2021T08:47:10Z,32,48,62,48.08,31.50,983.81 
12/10/2021T08:47:41Z,31,46,58,44.82,31.55,984.90 
12/10/2021T08:48:11Z,32,49,63,46.35,31.59,984.64 
12/10/2021T08:48:41Z,30,46,58,42.79,31.63,985.70 
12/10/2021T08:49:11Z,28,43,54,41.12,31.73,986.36 
12/10/2021T08:49:41Z,27,42,54,39.85,31.86,986.87 
12/10/2021T08:50:12Z,30,46,58,43.44,31.89,985.99 
12/10/2021T08:50:42Z,32,48,61,47.14,31.76,984.16 
12/10/2021T08:51:12Z,31,47,60,47.47,31.68,983.90 
12/10/2021T08:51:42Z,32,47,61,47.59,31.63,983.86 
12/10/2021T08:52:13Z,30,47,58,47.70,31.60,983.79 
12/10/2021T08:52:44Z,31,47,59,47.58,31.57,983.87 
12/10/2021T08:53:14Z,31,49,62,47.68,31.55,983.80 
12/10/2021T08:53:44Z,31,48,61,47.59,31.54,983.84 
12/10/2021T08:54:15Z,31,46,57,47.53,31.52,983.86 
12/10/2021T08:54:45Z,31,47,59,47.58,31.51,983.83 
12/10/2021T08:55:15Z,31,47,59,47.76,31.50,983.78 
12/10/2021T08:55:46Z,31,46,59,47.84,31.49,983.74 
12/10/2021T08:56:17Z,31,46,58,47.78,31.49,983.77 
12/10/2021T08:56:48Z,31,47,60,47.91,31.48,983.73 
12/10/2021T08:57:18Z,32,47,60,47.98,31.47,983.67 
12/10/2021T08:57:49Z,31,45,58,48.12,31.46,983.61 
12/10/2021T08:58:20Z,31,47,60,48.26,31.45,983.57 
12/10/2021T08:58:50Z,30,46,57,48.29,31.45,983.56 
12/10/2021T08:59:21Z,30,48,61,48.36,31.44,983.53 
12/10/2021T08:59:52Z,32,48,60,48.31,31.44,983.56 
12/10/2021T09:00:23Z,30,47,61,48.48,31.43,983.52 
12/10/2021T09:00:53Z,29,44,54,44.48,31.50,984.82 
12/10/2021T09:01:23Z,31,45,57,46.38,31.55,984.47 
12/10/2021T09:01:54Z,31,47,58,47.38,31.53,984.03 
12/10/2021T09:02:24Z,31,48,61,48.15,31.50,983.62 
12/10/2021T09:02:55Z,31,46,57,48.21,31.47,983.55 
12/10/2021T09:03:25Z,31,47,59,48.26,31.46,983.54 
12/10/2021T09:03:56Z,31,47,58,48.13,31.45,983.54 
12/10/2021T09:04:26Z,31,46,56,48.07,31.46,983.66 
12/10/2021T09:04:57Z,31,48,61,47.71,31.46,983.78 
12/10/2021T09:05:28Z,30,47,58,46.27,31.49,984.32 
12/10/2021T09:05:58Z,31,45,55,47.21,31.50,984.04 
12/10/2021T09:06:29Z,31,47,59,46.58,31.50,984.16 
12/10/2021T09:06:59Z,30,46,59,47.75,31.48,983.75 
12/10/2021T09:07:29Z,31,46,57,48.05,31.45,983.56 
12/10/2021T09:07:59Z,31,45,56,48.00,31.43,983.57 
12/10/2021T09:08:29Z,31,46,58,48.06,31.42,983.54 
12/10/2021T09:09:00Z,30,47,58,48.04,31.40,983.54 
12/10/2021T09:09:31Z,31,48,60,48.14,31.38,983.51 
12/10/2021T09:10:01Z,30,46,56,47.87,31.38,983.56 
12/10/2021T09:10:32Z,30,47,60,47.78,31.39,983.70 
12/10/2021T09:11:03Z,30,45,56,47.79,31.38,983.61 
12/10/2021T09:11:33Z,30,45,58,45.35,31.45,984.52 
12/10/2021T09:12:03Z,30,45,57,45.75,31.48,984.48 
12/10/2021T09:12:34Z,31,46,58,47.74,31.47,983.74 
12/10/2021T09:13:04Z,29,46,60,46.11,31.47,984.24 
12/10/2021T09:13:35Z,31,46,58,47.72,31.45,983.74 
12/10/2021T09:14:05Z,29,44,54,47.81,31.43,983.56 
12/10/2021T09:14:35Z,30,46,57,47.99,31.42,983.52 
12/10/2021T09:15:06Z,31,46,58,47.99,31.41,983.52 
12/10/2021T09:15:37Z,29,44,56,47.71,31.39,983.59 
12/10/2021T09:16:07Z,30,47,61,46.78,31.40,983.90 
12/10/2021T09:16:37Z,30,46,57,47.36,31.42,983.92 
12/10/2021T09:17:07Z,30,46,56,47.33,31.41,983.81 
12/10/2021T09:17:38Z,29,44,55,46.94,31.42,984.02 
12/10/2021T09:18:09Z,29,44,55,47.55,31.40,983.77 
12/10/2021T09:18:39Z,31,46,57,47.71,31.40,983.69 
12/10/2021T09:19:10Z,30,46,57,47.69,31.39,983.66 
12/10/2021T09:19:40Z,29,44,56,47.43,31.39,983.77 
12/10/2021T09:20:11Z,31,46,59,47.68,31.38,983.66 
12/10/2021T09:20:41Z,30,44,55,47.46,31.36,983.76 
12/10/2021T09:21:11Z,30,44,55,47.50,31.35,983.76 
12/10/2021T09:21:42Z,30,46,58,47.65,31.35,983.71 
12/10/2021T09:22:13Z,30,45,57,46.58,31.37,984.07 
12/10/2021T09:22:43Z,30,46,58,47.61,31.36,983.73 
12/10/2021T09:23:13Z,29,44,55,47.74,31.35,983.66 
12/10/2021T09:23:44Z,30,45,58,47.77,31.33,983.61 
12/10/2021T09:24:14Z,30,46,59,47.44,31.35,983.77 
12/10/2021T09:24:45Z,30,45,58,47.82,31.34,983.62 
12/10/2021T09:25:15Z,30,45,56,47.82,31.33,983.61 
12/10/2021T09:25:45Z,29,43,53,46.94,31.36,983.98 
12/10/2021T09:26:15Z,29,44,54,47.87,31.34,983.61 
12/10/2021T09:26:45Z,29,44,56,45.84,31.37,984.23 
12/10/2021T09:27:16Z,26,40,50,42.20,31.49,985.62 
12/10/2021T09:27:47Z,28,43,53,42.66,31.57,985.65 
12/10/2021T09:28:18Z,28,45,56,46.68,31.54,984.27 
12/10/2021T09:28:48Z,28,43,54,47.06,31.48,983.90 
12/10/2021T09:29:19Z,29,44,54,47.12,31.44,983.81 
12/10/2021T09:29:49Z,28,44,55,46.99,31.43,983.89 
12/10/2021T09:30:19Z,28,44,56,46.97,31.40,983.87 
12/10/2021T09:30:49Z,29,43,53,47.17,31.38,983.83 
12/10/2021T09:31:20Z,29,45,56,47.36,31.36,983.72 
12/10/2021T09:31:51Z,29,44,55,47.34,31.35,983.71 
12/10/2021T09:32:21Z,29,42,53,47.28,31.34,983.75 
12/10/2021T09:32:51Z,29,44,55,47.05,31.35,983.83 
12/10/2021T09:33:22Z,29,44,54,47.39,31.33,983.73 
12/10/2021T09:33:52Z,29,44,55,47.44,31.32,983.67 
12/10/2021T09:34:22Z,29,43,53,47.52,31.31,983.64 
12/10/2021T09:34:53Z,29,45,56,47.66,31.30,983.58 
12/10/2021T09:35:23Z,29,43,55,47.68,31.29,983.57 
12/10/2021T09:35:53Z,28,42,53,47.72,31.29,983.55 
12/10/2021T09:36:23Z,28,43,54,47.48,31.29,983.61 
12/10/2021T09:36:54Z,28,42,52,47.62,31.29,983.57 
12/10/2021T09:37:24Z,29,43,54,47.63,31.28,983.55 
12/10/2021T09:37:55Z,29,44,54,47.68,31.27,983.54 
12/10/2021T09:38:26Z,29,44,55,47.75,31.27,983.51 
12/10/2021T09:38:56Z,29,44,55,47.91,31.27,983.47 
12/10/2021T09:39:26Z,29,44,56,48.00,31.27,983.43 
12/10/2021T09:39:56Z,28,44,55,47.97,31.26,983.41 
12/10/2021T09:40:27Z,29,44,54,47.94,31.25,983.41 
12/10/2021T09:40:57Z,28,43,53,47.94,31.26,983.44 
12/10/2021T09:41:28Z,29,44,56,48.08,31.26,983.35 
12/10/2021T09:41:59Z,28,43,54,48.01,31.26,983.39 
12/10/2021T09:42:29Z,28,44,55,47.99,31.26,983.41 
12/10/2021T09:43:00Z,29,44,55,48.04,31.25,983.38 
12/10/2021T09:43:31Z,29,44,55,47.80,31.26,983.49 
12/10/2021T09:44:02Z,28,44,57,48.09,31.26,983.37 
12/10/2021T09:44:32Z,29,43,54,48.21,31.25,983.30 
12/10/2021T09:45:02Z,29,43,54,48.06,31.25,983.32 
12/10/2021T09:45:33Z,28,44,57,47.84,31.27,983.46 
12/10/2021T09:46:04Z,29,44,53,48.12,31.26,983.34 
12/10/2021T09:46:34Z,29,45,57,48.30,31.25,983.29 
12/10/2021T09:47:05Z,29,45,55,48.50,31.23,983.20 
12/10/2021T09:47:35Z,29,44,56,48.48,31.22,983.21 
12/10/2021T09:48:06Z,30,45,57,48.53,31.21,983.19 
12/10/2021T09:48:36Z,29,44,54,47.05,31.23,983.62 
12/10/2021T09:49:06Z,29,45,56,45.91,31.26,984.04 
12/10/2021T09:49:36Z,26,40,48,44.26,31.38,984.97 
12/10/2021T09:50:07Z,28,42,54,47.99,31.33,983.45 
12/10/2021T09:50:37Z,29,44,55,48.20,31.30,983.28 
12/10/2021T09:51:08Z,29,45,56,48.23,31.27,983.25 
12/10/2021T09:51:38Z,28,43,52,48.27,31.25,983.23 
12/10/2021T09:52:09Z,29,44,55,48.43,31.24,983.16 
12/10/2021T09:52:40Z,29,44,53,48.35,31.23,983.17 
12/10/2021T09:53:10Z,30,45,57,48.23,31.23,983.22 
12/10/2021T09:53:40Z,30,46,59,47.74,31.23,983.45 
12/10/2021T09:54:11Z,29,44,54,48.32,31.23,983.24 
12/10/2021T09:54:42Z,29,44,54,48.40,31.23,983.19 
12/10/2021T09:55:12Z,29,45,56,48.50,31.21,983.15 
12/10/2021T09:55:43Z,29,44,57,48.54,31.21,983.14 
12/10/2021T09:56:13Z,28,43,54,48.41,31.20,983.17 
12/10/2021T09:56:44Z,30,45,57,48.48,31.21,983.21 
12/10/2021T09:57:15Z,30,44,54,48.64,31.21,983.13 
12/10/2021T11:51:04Z,37,57,73,54.04,29.79,981.88 
12/10/2021T11:51:34Z,35,57,73,54.50,29.90,981.81 
12/10/2021T11:52:05Z,37,59,73,54.21,30.01,981.94 
12/10/2021T11:52:35Z,37,60,73,53.94,30.16,982.02 
12/10/2021T11:53:06Z,41,65,78,53.84,30.30,982.09 
12/10/2021T11:53:36Z,40,64,80,53.15,30.41,982.27 
12/10/2021T11:54:07Z,38,61,75,52.70,30.54,982.48 
12/10/2021T11:54:38Z,40,62,75,52.99,30.62,982.36 
12/10/2021T11:55:08Z,38,60,75,51.84,30.69,982.72 
12/10/2021T11:55:38Z,40,65,77,52.01,30.76,982.69 
12/10/2021T11:56:09Z,44,73,88,51.87,30.79,982.71 
12/10/2021T11:56:40Z,45,72,85,51.58,30.80,982.82 
12/10/2021T11:57:10Z,41,66,80,49.54,30.85,983.40 
12/10/2021T11:57:41Z,38,60,73,49.46,30.98,983.64 
12/10/2021T11:58:11Z,40,63,79,50.42,30.97,983.13 
12/10/2021T11:58:41Z,40,62,76,50.72,30.96,983.03 
12/10/2021T11:59:12Z,39,63,74,50.67,30.98,983.03 
12/10/2021T11:59:43Z,41,64,77,50.55,30.99,983.07 
12/10/2021T12:00:13Z,39,65,76,51.73,30.99,982.72 
12/10/2021T12:00:44Z,37,61,76,50.85,31.00,982.95 
12/10/2021T12:01:14Z,40,64,77,51.80,30.99,982.66 
12/10/2021T12:01:44Z,40,67,80,52.07,30.96,982.55 
12/10/2021T12:02:14Z,39,63,78,52.34,30.93,982.47 
12/10/2021T12:02:44Z,38,58,71,51.37,30.94,982.79 
12/10/2021T12:03:15Z,45,73,84,52.11,30.96,982.62 
12/10/2021T12:03:45Z,50,77,88,51.72,30.95,982.69 
12/10/2021T12:04:15Z,47,69,82,51.63,30.97,982.75 
12/10/2021T12:04:46Z,44,68,81,51.92,30.98,982.65 
12/10/2021T12:05:17Z,45,71,79,52.26,30.98,982.54 
12/10/2021T12:05:48Z,43,64,77,52.59,30.95,982.39 
12/10/2021T12:06:18Z,40,61,74,52.33,30.94,982.50 
12/10/2021T12:06:49Z,42,65,77,52.54,30.93,982.42 
12/10/2021T12:07:19Z,42,65,76,51.87,30.94,982.68 
12/10/2021T12:07:49Z,41,64,76,52.69,30.93,982.40 
12/10/2021T12:08:20Z,40,61,74,52.65,30.90,982.40 
12/10/2021T12:08:50Z,39,59,74,52.42,30.89,982.49 
12/10/2021T12:09:21Z,39,60,74,52.30,30.88,982.57 
12/10/2021T12:09:52Z,37,59,73,52.15,30.89,982.61 
12/10/2021T12:10:22Z,37,58,72,52.48,30.89,982.50 
12/10/2021T12:10:52Z,36,57,71,52.54,30.90,982.47 
12/10/2021T12:11:22Z,35,56,72,52.66,30.90,982.43 
12/10/2021T12:11:52Z,35,55,70,52.78,30.91,982.38 
12/10/2021T12:12:23Z,36,55,70,52.81,30.90,982.38 
12/10/2021T12:12:53Z,35,56,71,52.80,30.90,982.40 
12/10/2021T12:13:24Z,36,56,71,52.86,30.92,982.36 
12/10/2021T12:13:54Z,39,59,72,53.15,30.91,982.29 
12/10/2021T12:14:25Z,56,85,100,53.25,30.91,982.24 
12/10/2021T12:14:55Z,74,113,121,52.93,30.91,982.38 
12/10/2021T12:15:25Z,75,116,130,53.19,30.91,982.30 
12/10/2021T12:15:55Z,79,121,138,53.28,30.91,982.28 
12/10/2021T12:16:25Z,81,122,137,53.33,30.89,982.26 
12/10/2021T12:16:56Z,76,120,137,53.00,30.90,982.42 
12/10/2021T12:17:27Z,82,133,146,52.93,30.89,982.41 
12/10/2021T12:17:58Z,81,127,143,53.10,30.88,982.39 
12/10/2021T12:18:28Z,77,121,136,53.27,30.89,982.32 
12/10/2021T12:18:58Z,74,116,134,53.34,30.89,982.31 
12/10/2021T12:19:29Z,76,120,133,53.55,30.89,982.26 
12/10/2021T12:20:00Z,82,131,145,53.69,30.87,982.20 
12/10/2021T12:20:30Z,104,171,187,53.50,30.86,982.29 
12/10/2021T12:21:01Z,111,177,198,53.36,30.87,982.36 
12/10/2021T12:21:31Z,104,165,181,53.65,30.90,982.28 
12/10/2021T12:22:01Z,111,179,202,53.24,30.90,982.41 
12/10/2021T12:22:32Z,109,177,197,53.34,30.91,982.40 
12/10/2021T12:23:02Z,103,166,184,53.37,30.91,982.40 
12/10/2021T12:23:33Z,96,153,167,53.37,30.90,982.38 
12/10/2021T12:24:30Z,97,156,172,53.22,30.90,982.45 
12/10/2021T12:25:00Z,93,148,166,53.30,30.91,982.46 
12/10/2021T12:25:31Z,93,150,171,53.13,30.90,982.50 
12/10/2021T12:26:02Z,87,138,157,52.88,30.91,982.59 
12/10/2021T12:26:32Z,84,133,151,53.01,30.91,982.59 
12/10/2021T12:27:02Z,86,139,156,52.77,30.91,982.65 
12/10/2021T12:27:33Z,86,137,150,51.44,30.94,983.11 
12/10/2021T12:28:03Z,82,133,152,52.34,30.99,982.83 
12/10/2021T12:28:34Z,86,141,158,52.82,30.98,982.61 
12/10/2021T12:29:04Z,79,132,145,53.27,30.99,982.46 
12/10/2021T12:29:34Z,81,130,148,53.33,31.00,982.41 
12/10/2021T12:30:05Z,78,128,147,53.27,30.99,982.45 
12/10/2021T12:30:35Z,85,135,149,53.28,30.98,982.47 
12/10/2021T12:31:06Z,81,129,144,53.29,30.97,982.47 
12/10/2021T12:31:36Z,86,142,158,53.66,30.96,982.37 
12/10/2021T12:32:07Z,82,132,150,53.69,30.97,982.37 
12/10/2021T12:32:38Z,78,128,141,53.85,30.96,982.33 
12/10/2021T12:33:08Z,76,127,143,53.73,30.93,982.38 
12/10/2021T12:33:38Z,79,129,147,53.86,30.90,982.39 
12/10/2021T12:34:09Z,78,129,144,54.01,30.89,982.34 
12/10/2021T12:34:40Z,75,125,142,53.92,30.89,982.40 
12/10/2021T12:35:10Z,76,124,140,54.00,30.88,982.42 
12/10/2021T12:35:41Z,80,131,151,53.47,30.89,982.57 
12/10/2021T12:36:11Z,82,136,153,53.37,30.92,982.66 
12/10/2021T12:36:42Z,83,135,154,53.58,30.95,982.59 
12/10/2021T12:37:13Z,81,130,149,53.86,30.96,982.47 
12/10/2021T12:37:43Z,85,138,156,53.76,30.98,982.50 
12/10/2021T12:38:13Z,89,147,164,53.41,30.99,982.64 
12/10/2021T12:38:44Z,88,146,161,53.56,31.02,982.59 
12/10/2021T12:39:14Z,89,147,163,53.49,31.03,982.64 
12/10/2021T12:39:45Z,82,139,158,54.16,31.02,982.38 
12/10/2021T12:40:16Z,81,131,148,53.97,30.99,982.46 
12/10/2021T12:40:47Z,82,133,148,54.08,31.01,982.44 
12/10/2021T12:41:18Z,81,130,143,53.70,31.01,982.59 
12/10/2021T12:41:48Z,80,132,148,53.73,31.01,982.58 
12/10/2021T12:42:19Z,84,132,148,53.49,31.03,982.67 
12/10/2021T12:42:50Z,84,135,159,53.42,31.04,982.68 
12/10/2021T12:43:20Z,83,137,151,53.72,31.05,982.60 
12/10/2021T12:43:51Z,81,135,150,53.34,31.04,982.70 
12/10/2021T12:44:21Z,82,131,148,53.79,31.01,982.59 
12/10/2021T12:44:52Z,82,131,147,53.98,30.99,982.52 
12/10/2021T12:45:22Z,80,127,144,54.24,30.99,982.46 
12/10/2021T12:45:53Z,76,128,143,54.38,31.00,982.40 
12/10/2021T12:46:23Z,79,128,145,54.03,30.99,982.54 
12/10/2021T12:46:54Z,80,130,147,54.10,30.96,982.55 
12/10/2021T12:47:24Z,81,132,149,54.36,30.95,982.47 
12/10/2021T12:47:55Z,84,137,155,53.87,30.91,982.66 
12/10/2021T12:48:25Z,81,134,153,54.61,30.92,982.43 
12/10/2021T12:48:55Z,81,133,152,54.54,30.97,982.44 
12/10/2021T12:49:26Z,85,138,157,54.28,31.01,982.54 
12/10/2021T12:49:56Z,90,147,160,54.04,31.02,982.63 
12/10/2021T12:50:27Z,91,148,164,54.43,31.07,982.51 
12/10/2021T12:50:57Z,91,145,163,54.37,31.09,982.53 
12/10/2021T12:51:28Z,89,146,168,54.15,31.16,982.61 
12/10/2021T12:51:59Z,90,145,161,54.20,31.16,982.61 
12/10/2021T12:52:29Z,89,141,160,54.48,31.17,982.53 
12/10/2021T12:52:59Z,85,135,152,54.34,31.22,982.56 
12/10/2021T12:53:30Z,90,144,164,54.41,31.20,982.55 
12/10/2021T12:54:00Z,92,143,164,54.12,31.16,982.67 
12/10/2021T12:54:30Z,92,145,162,54.26,31.14,982.67 
12/10/2021T12:55:00Z,94,146,161,54.29,31.12,982.66 
12/10/2021T12:55:31Z,100,153,171,53.41,31.09,982.91 
12/10/2021T12:56:02Z,101,160,178,53.51,31.07,982.97 
12/10/2021T12:56:32Z,108,168,186,53.73,31.08,982.85 
12/10/2021T12:57:03Z,104,165,180,53.82,31.09,982.81 
12/10/2021T12:57:33Z,105,166,183,53.81,31.04,982.83 
12/10/2021T12:58:04Z,108,174,194,53.84,31.02,982.82 
12/10/2021T12:58:34Z,106,168,189,54.41,31.00,982.66 
12/10/2021T12:59:05Z,108,171,192,54.31,31.00,982.66 
12/10/2021T12:59:35Z,117,184,206,54.62,31.01,982.62 
12/10/2021T13:00:05Z,117,186,204,54.99,31.04,982.48 
12/10/2021T13:00:36Z,116,185,202,54.83,31.06,982.54 
12/10/2021T13:01:06Z,120,182,201,54.41,31.06,982.72 
12/10/2021T13:01:37Z,124,202,230,54.07,31.04,982.84 
12/10/2021T13:02:07Z,121,190,221,54.41,31.05,982.74 
12/10/2021T13:02:38Z,118,188,215,53.72,31.06,982.94 
12/10/2021T13:03:08Z,117,183,210,53.99,31.07,982.87 
12/10/2021T13:03:39Z,111,174,198,54.03,31.09,982.84 
12/10/2021T13:04:09Z,112,176,198,53.91,31.09,982.90 
12/10/2021T13:04:40Z,111,176,199,54.01,31.06,982.86 
12/10/2021T13:05:10Z,114,176,198,54.01,31.04,982.88 
12/10/2021T13:05:40Z,108,170,193,54.10,31.03,982.87 
12/10/2021T13:06:11Z,109,170,191,54.22,31.04,982.83 
12/10/2021T13:06:42Z,109,172,193,53.77,31.02,982.99 
12/10/2021T13:07:12Z,110,176,194,54.08,31.04,982.89 
12/10/2021T13:07:43Z,105,167,185,54.32,31.06,982.82 
12/10/2021T13:08:13Z,105,168,189,54.22,31.07,982.86 
12/10/2021T13:08:44Z,102,165,185,53.97,31.08,982.93 
12/10/2021T13:09:14Z,103,161,183,53.95,31.08,982.96 
12/10/2021T13:09:45Z,105,164,190,53.46,31.06,983.14 
12/10/2021T13:10:16Z,103,160,179,53.15,31.03,983.26 
12/10/2021T13:10:46Z,100,157,173,53.45,31.02,983.19 
12/10/2021T13:11:16Z,105,167,187,53.83,31.02,983.02 
12/10/2021T13:11:46Z,108,171,188,54.10,31.00,982.93 
12/10/2021T13:12:17Z,105,169,186,54.18,30.98,982.91 
12/10/2021T13:12:47Z,104,165,185,54.44,30.97,982.84 
12/10/2021T13:13:18Z,107,171,192,54.60,30.96,982.78 
12/10/2021T13:13:48Z,109,174,193,54.57,30.96,982.80 
12/10/2021T13:14:19Z,104,173,197,54.51,30.96,982.82 
12/10/2021T13:14:49Z,105,176,196,54.32,30.96,982.90 
12/10/2021T13:15:20Z,104,170,190,54.41,30.95,982.88 
12/10/2021T13:15:51Z,99,164,186,54.62,30.92,982.82 
12/10/2021T13:16:22Z,99,161,185,54.55,30.93,982.85 
12/10/2021T13:16:53Z,98,160,177,54.79,30.95,982.76 
12/10/2021T13:17:23Z,98,163,183,54.57,30.94,982.83 
12/10/2021T13:17:54Z,96,158,183,54.53,30.95,982.86 
12/10/2021T13:18:25Z,96,158,177,54.19,30.99,982.96 
12/10/2021T13:18:56Z,93,151,168,53.71,31.02,983.14 
12/10/2021T13:19:26Z,91,149,167,53.59,31.03,983.17 
12/10/2021T13:19:56Z,91,149,165,53.66,31.03,983.18 
12/10/2021T13:20:27Z,89,145,163,53.22,31.05,983.30 
12/10/2021T13:20:57Z,88,141,161,53.20,31.06,983.32 
12/10/2021T13:21:28Z,90,143,160,53.49,31.06,983.22 
12/10/2021T13:21:59Z,95,158,178,53.70,31.05,983.13 
12/10/2021T13:22:29Z,99,162,185,53.37,31.02,983.24 
12/10/2021T13:22:59Z,100,160,189,53.84,31.05,983.11 
12/10/2021T13:23:30Z,101,163,185,53.65,31.07,983.14 
12/10/2021T13:24:00Z,99,164,182,53.32,31.09,983.28 
12/10/2021T13:24:31Z,96,156,174,53.82,31.09,983.13 
12/10/2021T13:25:02Z,96,159,181,53.89,31.07,983.10 
12/10/2021T13:25:32Z,95,154,173,54.01,31.06,983.04 
12/10/2021T13:26:03Z,94,153,169,54.18,31.04,983.02 
12/10/2021T13:26:34Z,95,153,172,53.82,31.05,983.09 
12/10/2021T13:27:04Z,88,148,167,53.62,31.06,983.30 
12/10/2021T13:27:34Z,93,146,159,54.20,31.07,983.00 
12/10/2021T13:28:05Z,97,160,180,53.49,31.06,983.26 
12/10/2021T13:28:35Z,90,151,173,53.63,31.04,983.25 
12/10/2021T13:29:05Z,90,150,175,53.99,31.03,983.11 
12/10/2021T13:29:35Z,88,146,167,54.05,31.00,983.10 
12/10/2021T13:30:06Z,89,146,164,54.27,31.00,983.02 
12/10/2021T13:30:37Z,89,145,167,54.30,31.01,983.00 
12/10/2021T13:31:07Z,89,142,158,53.97,31.01,983.12 
12/10/2021T13:31:37Z,84,139,154,54.16,31.00,983.10 
12/10/2021T13:32:08Z,85,136,151,54.02,31.02,983.15 
12/10/2021T13:32:39Z,79,129,143,53.76,31.06,983.18 
12/10/2021T13:33:09Z,77,124,137,52.75,31.08,983.64 
12/10/2021T13:33:39Z,88,134,149,53.50,31.05,983.36 
12/10/2021T13:34:10Z,90,141,155,54.09,31.05,983.13 
12/10/2021T13:34:41Z,86,141,156,53.73,31.07,983.23 
12/10/2021T13:35:11Z,87,133,152,53.74,31.06,983.29 
12/10/2021T13:35:41Z,87,139,156,53.76,31.03,983.26 
12/10/2021T13:36:12Z,88,141,157,53.38,31.03,983.41 
12/10/2021T13:36:43Z,90,144,161,53.45,31.02,983.42 
12/10/2021T13:37:13Z,88,142,159,53.58,31.02,983.37 
12/10/2021T13:37:43Z,89,140,157,53.74,31.00,983.30 
12/10/2021T13:38:13Z,88,143,162,52.87,31.01,983.64 
12/10/2021T13:38:44Z,84,136,151,51.92,31.04,983.95 
12/10/2021T13:39:14Z,103,166,187,51.80,31.10,984.03 
12/10/2021T13:39:45Z,98,157,180,52.05,31.13,983.86 
12/10/2021T13:40:15Z,88,136,155,52.49,31.13,983.76 
12/10/2021T13:40:46Z,86,137,153,53.09,31.07,983.49 
12/10/2021T13:41:17Z,95,156,177,53.08,31.05,983.49 
12/10/2021T13:41:47Z,92,147,169,53.35,31.05,983.41 
12/10/2021T13:42:17Z,85,137,151,53.55,31.03,983.32 
12/10/2021T13:42:47Z,91,145,162,53.52,31.04,983.34 
12/10/2021T13:43:18Z,96,153,180,53.59,31.05,983.33 
12/10/2021T13:43:48Z,97,155,175,53.23,31.04,983.48 
12/10/2021T13:44:19Z,96,152,169,53.61,31.04,983.33 
12/10/2021T13:44:49Z,96,148,166,53.45,31.04,983.39 
12/10/2021T13:45:19Z,100,156,175,53.59,31.04,983.36 
12/10/2021T13:45:50Z,101,152,171,53.80,31.03,983.29 
12/10/2021T13:46:20Z,98,154,172,53.71,31.01,983.34 
12/10/2021T13:46:50Z,109,171,193,53.64,30.98,983.39 
12/10/2021T13:47:21Z,111,173,199,53.86,30.97,983.32 
12/10/2021T13:47:52Z,102,159,173,53.93,30.95,983.33 
12/10/2021T13:48:22Z,105,164,186,54.05,30.93,983.30 
12/10/2021T13:48:52Z,110,178,200,54.22,30.93,983.28 
12/10/2021T13:49:23Z,109,172,192,54.09,30.92,983.32 
12/10/2021T13:49:54Z,109,167,185,54.28,30.93,983.25 
12/10/2021T13:50:24Z,113,179,205,54.32,30.93,983.25 
12/10/2021T13:50:55Z,108,171,191,54.08,30.94,983.34 
12/10/2021T13:51:26Z,106,169,188,53.61,30.97,983.54 
12/10/2021T13:51:56Z,112,178,197,53.19,31.00,983.68 
12/10/2021T13:52:27Z,107,168,186,52.95,31.03,983.81 
12/10/2021T13:52:57Z,98,155,168,52.94,31.03,983.77 
12/10/2021T13:53:27Z,112,177,194,52.58,31.00,983.93 
12/10/2021T13:53:58Z,102,164,182,52.92,31.00,983.77 
12/10/2021T13:54:28Z,102,160,178,53.10,31.00,983.73 
12/10/2021T13:54:59Z,97,155,171,53.23,31.01,983.67 
12/10/2021T13:55:29Z,102,159,177,53.44,30.99,983.59 
12/10/2021T13:56:00Z,103,156,174,53.50,30.99,983.55 
12/10/2021T13:56:31Z,104,161,178,53.00,31.00,983.73 
12/10/2021T13:57:01Z,106,167,184,52.98,31.00,983.79 
12/10/2021T13:57:32Z,104,166,187,53.20,31.00,983.69 
12/10/2021T13:58:02Z,101,151,171,52.38,31.02,983.98 
12/10/2021T13:58:33Z,102,162,179,51.90,31.03,984.13 
12/10/2021T13:59:03Z,113,181,202,52.25,31.02,984.06 
12/10/2021T13:59:34Z,120,187,210,52.33,31.02,984.01 
12/10/2021T14:00:04Z,123,194,224,52.46,31.02,983.94 
12/10/2021T14:00:35Z,122,193,217,51.90,31.02,984.14 
12/10/2021T14:01:05Z,122,194,216,52.19,31.02,984.05 
12/10/2021T14:01:36Z,128,205,220,52.36,31.02,983.98 
12/10/2021T14:02:06Z,126,204,222,51.82,30.99,984.17 
12/10/2021T14:02:37Z,140,227,255,51.56,31.01,984.34 
12/10/2021T14:03:07Z,155,252,278,52.46,30.99,984.01 
12/10/2021T14:03:38Z,144,232,257,53.35,30.99,983.63 
12/10/2021T14:04:08Z,140,223,249,53.53,30.99,983.55 
12/10/2021T14:04:38Z,139,217,243,53.71,30.98,983.49 
12/10/2021T14:05:09Z,136,218,240,53.82,31.00,983.44 
12/10/2021T14:05:39Z,137,220,245,53.59,30.98,983.56 
12/10/2021T14:06:09Z,143,231,258,53.87,30.95,983.48 
12/10/2021T14:06:39Z,142,228,246,54.12,30.94,983.40 
12/10/2021T14:07:09Z,136,215,238,54.15,30.94,983.40 
12/10/2021T14:07:40Z,130,208,227,54.22,30.92,983.39 
12/10/2021T14:08:10Z,131,206,227,54.40,30.94,983.36 
12/10/2021T14:08:41Z,136,219,241,53.88,30.98,983.53 
12/10/2021T14:09:12Z,133,210,235,52.88,31.01,983.90 
12/10/2021T14:09:42Z,132,208,230,54.26,31.06,983.39 
12/10/2021T14:10:13Z,128,201,227,54.49,31.09,983.28 
12/10/2021T14:10:43Z,130,203,227,54.48,31.11,983.30 
12/10/2021T14:11:14Z,132,208,231,54.30,31.12,983.37 
12/10/2021T14:11:44Z,136,214,240,54.03,31.15,983.50 
12/10/2021T14:12:15Z,133,210,230,53.68,31.16,983.62 
12/10/2021T14:12:45Z,132,214,231,53.76,31.16,983.60 
12/10/2021T14:13:16Z,132,211,237,54.09,31.19,983.46 
12/10/2021T14:13:47Z,126,198,218,53.87,31.19,983.53 
12/10/2021T14:14:17Z,124,200,220,53.79,31.18,983.57 
12/10/2021T14:14:48Z,122,191,209,53.71,31.16,983.63 
12/10/2021T14:15:18Z,117,187,209,54.01,31.14,983.52 
12/10/2021T14:15:49Z,116,185,202,54.05,31.12,983.52 
12/10/2021T14:16:19Z,116,183,207,53.99,31.11,983.54 
12/10/2021T14:16:49Z,120,191,216,54.22,31.10,983.47 
12/10/2021T14:17:19Z,122,195,217,54.22,31.09,983.46 
12/10/2021T14:17:50Z,125,197,218,54.13,31.09,983.50 
12/10/2021T14:18:20Z,123,195,211,53.18,31.10,983.86 
12/10/2021T14:18:50Z,123,194,211,53.49,31.12,983.83 
12/10/2021T14:19:21Z,120,185,204,53.82,31.12,983.67 
12/10/2021T14:19:52Z,125,197,218,54.15,31.14,983.52 
12/10/2021T14:20:22Z,130,206,222,54.06,31.14,983.54 
12/10/2021T14:20:52Z,131,210,236,53.28,31.18,983.87 
12/10/2021T14:21:23Z,128,203,225,53.99,31.19,983.63 
12/10/2021T14:21:54Z,134,208,229,54.33,31.21,983.46 
12/10/2021T14:22:24Z,148,235,255,54.29,31.18,983.51 
12/10/2021T14:22:54Z,156,244,267,54.39,31.17,983.47 
12/10/2021T14:23:25Z,156,250,270,54.49,31.16,983.46 
12/10/2021T14:23:55Z,163,261,284,54.41,31.16,983.47 
12/10/2021T14:24:25Z,163,262,286,54.72,31.18,983.40 
12/10/2021T14:24:56Z,166,264,287,54.58,31.20,983.44 
12/10/2021T14:25:26Z,172,275,298,54.51,31.20,983.48 
12/10/2021T14:25:57Z,175,284,310,54.48,31.18,983.51 
12/10/2021T14:26:27Z,186,297,323,54.53,31.19,983.49 
12/10/2021T14:26:57Z,190,310,338,54.30,31.17,983.57 
12/10/2021T14:27:27Z,190,302,329,54.48,31.16,983.53 
12/10/2021T14:27:58Z,188,306,334,54.48,31.17,983.52 
12/10/2021T14:28:28Z,193,312,335,54.46,31.18,983.53 
12/10/2021T14:28:59Z,194,310,337,54.35,31.18,983.58 
12/10/2021T14:29:29Z,194,304,325,54.31,31.16,983.63 
12/10/2021T14:30:00Z,188,303,332,54.31,31.17,983.63 
12/10/2021T14:30:30Z,183,288,317,54.27,31.20,983.63 
12/10/2021T14:31:01Z,174,278,304,54.04,31.19,983.76 
12/10/2021T14:31:31Z,170,271,297,54.16,31.15,983.70 
12/10/2021T14:32:02Z,165,258,290,54.11,31.13,983.77 
12/10/2021T14:32:32Z,163,254,281,54.34,31.10,983.68 
12/10/2021T14:33:02Z,158,250,273,54.45,31.11,983.63 
12/10/2021T14:33:32Z,160,249,268,54.60,31.13,983.57 
12/10/2021T14:34:03Z,154,240,258,54.55,31.16,983.59 
12/10/2021T14:34:34Z,144,228,247,54.54,31.18,983.59 
12/10/2021T14:35:04Z,124,191,209,53.21,31.14,984.10 
12/10/2021T14:35:34Z,127,199,217,54.29,31.17,983.71 
12/10/2021T14:36:05Z,122,191,207,54.08,31.18,983.77 
12/10/2021T14:36:35Z,118,182,197,54.28,31.16,983.71 
12/10/2021T14:37:06Z,112,177,192,54.48,31.16,983.66 
12/10/2021T14:37:36Z,107,162,180,53.68,31.08,983.93 
12/10/2021T14:38:06Z,105,159,177,54.00,31.01,983.87 
12/10/2021T14:38:37Z,108,170,189,54.78,30.97,983.64 
12/10/2021T14:39:07Z,105,164,181,55.17,30.98,983.48 
12/10/2021T14:39:37Z,103,156,173,54.71,30.96,983.67 
12/10/2021T14:40:08Z,92,144,160,54.08,30.98,983.90 
12/10/2021T14:40:38Z,90,141,151,54.43,30.99,983.82 
12/10/2021T14:41:09Z,94,140,155,54.85,31.01,983.63 
12/10/2021T14:41:39Z,116,185,200,54.48,31.05,983.76 
12/10/2021T14:42:10Z,125,196,212,54.50,31.07,983.77 
12/10/2021T14:42:40Z,122,196,217,54.73,31.10,983.72 
12/10/2021T14:43:11Z,125,196,220,54.67,31.13,983.70 
12/10/2021T14:43:41Z,114,175,191,53.83,31.13,984.02 
12/10/2021T14:44:11Z,174,295,323,53.77,31.12,984.06 
12/10/2021T14:44:42Z,134,212,231,53.40,31.09,984.19 
12/10/2021T14:45:12Z,119,191,209,53.55,31.06,984.11 
12/10/2021T14:45:43Z,112,172,187,53.44,31.06,984.16 
12/10/2021T14:46:14Z,105,162,178,53.16,31.05,984.27 
12/10/2021T14:46:44Z,104,160,176,53.12,31.04,984.26 
12/10/2021T14:47:15Z,100,153,169,52.98,31.03,984.31 
12/10/2021T14:47:45Z,88,135,148,52.65,31.02,984.45 
12/10/2021T14:48:15Z,90,138,152,53.00,31.01,984.31 
12/10/2021T14:48:46Z,89,134,145,53.07,31.03,984.24 
12/10/2021T14:49:16Z,84,128,141,52.88,31.04,984.30 
12/10/2021T14:49:46Z,82,125,139,53.04,31.03,984.28 
12/10/2021T14:50:16Z,81,127,136,53.18,31.06,984.18 
12/10/2021T14:50:47Z,79,122,134,53.18,31.09,984.16 
12/10/2021T14:51:17Z,75,115,127,53.15,31.10,984.18 
12/10/2021T14:51:47Z,74,114,123,53.16,31.12,984.17 
12/10/2021T14:52:17Z,69,107,116,53.01,31.10,984.23 
12/10/2021T14:52:47Z,69,106,119,53.37,31.09,984.11 
12/10/2021T14:53:18Z,67,102,112,53.56,31.06,984.03 
12/10/2021T14:53:48Z,63,100,112,53.29,31.02,984.15 
12/10/2021T14:54:18Z,66,100,108,53.99,31.03,983.91 
12/10/2021T14:54:48Z,63,98,108,53.57,31.01,984.04 
12/10/2021T14:55:19Z,63,97,108,53.82,31.04,983.94 
12/10/2021T14:55:49Z,62,95,107,53.39,31.05,984.09 
12/10/2021T14:56:20Z,62,96,107,53.61,31.05,984.03 
12/10/2021T14:56:50Z,64,100,115,53.37,31.06,984.11 
12/10/2021T14:57:20Z,62,95,107,53.39,31.08,984.08 
12/10/2021T14:57:50Z,61,95,107,53.07,31.07,984.21 
12/10/2021T14:58:21Z,61,92,100,52.96,31.07,984.23 
12/10/2021T14:58:52Z,59,93,102,53.22,31.07,984.15 
12/10/2021T14:59:23Z,60,93,103,53.24,31.08,984.14 
12/10/2021T14:59:53Z,62,95,109,53.35,31.04,984.10 
12/10/2021T15:00:24Z,60,94,108,53.29,31.04,984.11 
12/10/2021T15:00:54Z,58,88,101,53.16,31.05,984.17 
12/10/2021T15:01:25Z,59,92,103,53.32,31.05,984.10 
12/10/2021T15:01:55Z,61,92,103,53.45,31.04,984.05 
12/10/2021T15:02:25Z,62,95,104,53.68,31.02,983.97 
12/10/2021T15:02:56Z,65,100,107,53.91,31.00,983.88 
12/10/2021T15:03:27Z,62,97,106,53.77,31.02,983.95 
12/10/2021T15:03:57Z,62,97,108,53.64,31.03,984.00 
12/10/2021T15:04:27Z,63,99,115,53.55,31.03,984.01 
12/10/2021T15:04:57Z,64,105,120,53.56,31.05,984.03 
12/10/2021T15:05:28Z,65,101,117,53.41,31.06,984.08 
12/10/2021T15:05:58Z,65,109,125,53.15,31.05,984.16 
12/10/2021T15:06:29Z,64,103,121,53.15,31.05,984.16 
12/10/2021T15:06:59Z,68,107,128,53.00,31.03,984.23 
12/10/2021T15:07:30Z,64,109,125,53.17,31.02,984.17 
12/10/2021T15:08:00Z,63,105,119,52.94,31.01,984.26 
12/10/2021T15:08:30Z,63,101,118,52.43,31.01,984.46 
12/10/2021T15:09:01Z,63,102,115,52.79,30.99,984.35 
12/10/2021T15:09:31Z,62,99,114,52.63,31.00,984.37 
12/10/2021T15:10:01Z,59,95,112,52.57,31.01,984.40 
12/10/2021T15:10:32Z,59,97,113,52.75,31.02,984.33 
12/10/2021T15:11:03Z,60,97,109,53.03,31.02,984.21 
12/10/2021T15:11:33Z,58,95,107,53.26,31.07,984.10 
12/10/2021T15:12:04Z,59,91,108,52.94,31.05,984.23 
12/10/2021T15:12:34Z,58,89,101,52.84,31.03,984.28 
12/10/2021T15:13:04Z,55,91,103,52.56,31.02,984.37 
12/10/2021T15:13:34Z,55,89,99,52.53,30.99,984.44 
12/10/2021T15:14:05Z,55,93,106,52.87,30.97,984.32 
12/10/2021T15:14:35Z,56,90,104,53.27,31.01,984.12 
12/10/2021T15:15:05Z,61,95,107,52.54,30.98,984.40 
12/10/2021T15:15:35Z,65,105,119,52.98,30.96,984.30 
12/10/2021T15:16:05Z,63,101,113,53.34,30.98,984.13 
12/10/2021T15:16:36Z,61,98,111,53.42,31.03,984.09 
12/10/2021T15:17:06Z,61,97,111,53.36,31.08,984.11 
12/10/2021T15:17:37Z,61,95,106,53.29,31.11,984.15 
12/10/2021T15:18:08Z,61,95,110,53.22,31.14,984.17 
12/10/2021T15:18:39Z,61,96,108,53.13,31.17,984.21 
12/10/2021T15:19:10Z,61,94,109,53.08,31.19,984.24 
12/10/2021T15:19:40Z,60,96,107,53.04,31.20,984.26 
12/10/2021T15:20:11Z,60,92,109,53.01,31.21,984.28 
12/10/2021T15:20:41Z,62,97,109,53.01,31.22,984.28 
12/10/2021T15:21:12Z,63,98,115,52.99,31.22,984.29 
12/10/2021T15:21:42Z,60,94,106,52.98,31.23,984.31 
12/10/2021T15:22:12Z,61,98,108,52.97,31.24,984.32 
12/10/2021T15:22:42Z,60,95,109,52.96,31.25,984.32 
12/10/2021T15:23:13Z,60,96,113,52.98,31.25,984.32 
12/10/2021T15:23:43Z,61,94,106,53.03,31.25,984.29 
12/10/2021T15:24:14Z,61,96,106,53.01,31.25,984.30 
12/10/2021T15:24:44Z,59,92,103,53.01,31.26,984.29 
12/10/2021T15:25:14Z,60,93,105,53.04,31.26,984.28 
12/10/2021T15:25:44Z,61,93,105,53.07,31.27,984.27 
12/10/2021T15:26:15Z,60,94,108,53.09,31.27,984.27 
12/10/2021T15:26:45Z,60,97,112,53.10,31.26,984.25 
12/10/2021T15:27:15Z,58,94,107,53.12,31.27,984.25 
12/10/2021T15:27:45Z,57,89,101,53.15,31.26,984.24 
12/10/2021T15:28:16Z,59,92,102,53.18,31.26,984.22 
12/10/2021T15:28:46Z,60,91,105,53.21,31.26,984.23 
12/10/2021T15:29:17Z,58,91,104,53.21,31.26,984.23 
12/10/2021T15:29:47Z,57,92,103,53.22,31.26,984.24 
12/10/2021T15:30:18Z,58,87,101,53.23,31.26,984.24 
12/10/2021T15:30:48Z,60,92,102,53.24,31.27,984.23 
12/10/2021T15:31:18Z,58,90,104,53.21,31.26,984.25 
12/10/2021T15:31:48Z,58,86,93,53.20,31.27,984.26 
12/10/2021T15:32:19Z,57,93,102,53.21,31.28,984.25 
12/10/2021T15:32:49Z,58,88,98,53.24,31.27,984.22 
12/10/2021T15:33:20Z,59,89,100,53.22,31.27,984.25 
12/10/2021T15:33:51Z,58,91,103,53.18,31.26,984.28 
12/10/2021T15:34:21Z,58,93,106,53.19,31.26,984.27 
12/10/2021T15:34:52Z,58,90,101,53.22,31.25,984.27 
12/10/2021T15:35:22Z,58,90,101,53.23,31.25,984.27 
12/10/2021T15:35:53Z,60,94,107,53.24,31.25,984.28 
12/10/2021T15:36:23Z,59,91,103,53.20,31.25,984.29 
12/10/2021T15:36:54Z,58,90,102,53.21,31.25,984.30 
12/10/2021T15:37:24Z,58,92,102,53.20,31.24,984.29 
12/10/2021T15:37:55Z,58,90,101,53.23,31.25,984.27 
12/10/2021T15:38:25Z,57,89,99,53.22,31.25,984.29 
12/10/2021T15:38:56Z,59,88,96,53.14,31.24,984.31 
12/10/2021T15:39:26Z,59,92,102,53.07,31.24,984.34 
12/10/2021T15:39:57Z,60,89,100,53.08,31.23,984.34 
12/10/2021T15:40:27Z,62,92,102,53.09,31.23,984.34 
12/10/2021T15:40:58Z,60,93,103,53.13,31.23,984.32 
12/10/2021T15:41:28Z,60,93,101,53.12,31.23,984.32 
12/10/2021T15:41:59Z,61,93,103,53.02,31.24,984.38 
12/10/2021T15:42:29Z,59,92,101,52.93,31.24,984.41 
12/10/2021T15:42:59Z,59,94,102,52.91,31.23,984.41 
12/10/2021T15:43:29Z,60,91,104,52.83,31.24,984.45 
12/10/2021T15:44:00Z,58,90,99,52.81,31.23,984.46 
12/10/2021T15:44:31Z,58,92,103,52.86,31.22,984.47 
12/10/2021T15:45:01Z,60,91,100,52.90,31.22,984.46 
12/10/2021T15:45:32Z,59,91,101,52.88,31.22,984.47 
12/10/2021T15:46:02Z,58,89,98,52.90,31.22,984.45 
12/10/2021T15:46:33Z,56,87,95,52.83,31.22,984.48 
12/10/2021T15:47:03Z,55,86,93,52.83,31.22,984.49 
12/10/2021T15:47:33Z,55,88,96,52.79,31.22,984.51 
12/10/2021T15:48:04Z,58,87,96,52.79,31.21,984.50 
12/10/2021T15:48:34Z,57,85,92,52.80,31.21,984.50 
12/10/2021T15:49:05Z,58,86,97,52.78,31.20,984.52 
12/10/2021T15:49:36Z,57,88,96,52.78,31.19,984.50 
12/10/2021T15:50:06Z,56,86,96,52.78,31.18,984.50 
12/10/2021T15:50:37Z,56,87,97,52.84,31.19,984.49 
12/10/2021T15:51:07Z,56,87,97,52.79,31.19,984.50 
12/10/2021T15:51:38Z,57,85,96,52.77,31.18,984.51 
12/10/2021T15:52:08Z,55,87,93,52.77,31.19,984.50 
12/10/2021T15:52:38Z,57,87,94,52.78,31.18,984.49 
12/10/2021T15:53:09Z,55,84,96,52.78,31.18,984.49 
12/10/2021T15:53:39Z,55,87,94,52.78,31.17,984.49 
12/10/2021T15:54:10Z,56,87,97,52.80,31.17,984.50 
12/10/2021T15:54:41Z,56,86,95,52.78,31.16,984.50 
12/10/2021T15:55:11Z,55,87,97,52.82,31.16,984.49 
12/10/2021T15:55:41Z,57,88,98,52.70,31.14,984.54 
12/10/2021T15:56:11Z,60,92,104,51.93,31.06,984.81 
12/10/2021T15:56:42Z,60,94,105,52.27,30.99,984.72 
12/10/2021T15:57:12Z,59,93,103,52.33,30.93,984.70 
12/10/2021T15:57:43Z,60,93,105,52.34,30.91,984.69 
12/10/2021T15:58:13Z,59,90,102,52.00,30.89,984.84 
12/10/2021T15:58:43Z,58,95,106,51.88,30.88,984.87 
12/10/2021T15:59:14Z,61,98,111,52.12,30.88,984.80 
12/10/2021T15:59:45Z,62,96,108,52.04,30.87,984.81 
12/10/2021T16:00:15Z,61,94,107,52.19,30.87,984.75 
12/10/2021T16:00:45Z,62,96,109,52.21,30.85,984.74 
12/10/2021T16:01:16Z,61,95,106,52.37,30.85,984.68 
12/10/2021T16:01:47Z,61,96,108,52.32,30.84,984.68 
12/10/2021T16:02:17Z,60,96,107,52.21,30.84,984.73 
12/10/2021T16:02:48Z,62,98,111,52.36,30.84,984.67 
12/10/2021T16:03:18Z,61,96,108,52.46,30.81,984.64 
12/10/2021T16:03:49Z,62,97,108,52.17,30.80,984.75 
12/10/2021T16:04:19Z,61,97,111,52.02,30.79,984.83 
12/10/2021T16:04:50Z,68,103,115,52.23,30.79,984.75 
12/10/2021T16:05:20Z,78,117,129,52.31,30.80,984.70 
12/10/2021T16:05:50Z,75,113,130,52.39,30.83,984.66 
12/10/2021T16:06:21Z,74,111,122,52.41,30.82,984.64 
12/10/2021T16:06:51Z,75,116,125,52.30,30.81,984.69 
12/10/2021T16:07:22Z,72,109,121,52.27,30.78,984.70 
12/10/2021T16:07:53Z,69,103,109,52.21,30.77,984.74 
12/10/2021T16:08:23Z,67,103,113,52.33,30.77,984.70 
12/10/2021T16:08:54Z,69,105,116,52.23,30.78,984.73 
12/10/2021T16:09:24Z,70,106,120,52.29,30.75,984.73 
12/10/2021T16:09:54Z,67,103,116,52.24,30.73,984.76 
12/10/2021T16:10:24Z,68,109,126,52.45,30.75,984.66 
12/10/2021T16:10:55Z,67,104,117,52.46,30.75,984.67 
12/10/2021T16:11:26Z,68,105,116,52.54,30.77,984.61 
12/10/2021T16:11:57Z,67,104,117,52.43,30.75,984.67 
12/10/2021T16:12:27Z,66,104,117,52.38,30.71,984.71 
12/10/2021T16:12:57Z,67,102,114,52.36,30.70,984.72 
12/10/2021T16:13:28Z,68,106,119,52.45,30.65,984.72 
12/10/2021T16:13:59Z,67,102,115,52.45,30.61,984.73 
12/10/2021T16:14:29Z,65,104,118,52.60,30.58,984.69 
12/10/2021T16:15:00Z,67,105,115,52.77,30.62,984.59 
12/10/2021T16:15:30Z,66,102,113,51.98,30.63,984.94 
12/10/2021T16:16:01Z,67,102,114,52.10,30.65,984.91 
12/10/2021T16:16:32Z,65,99,110,52.13,30.68,984.88 
12/10/2021T16:17:02Z,66,105,117,51.99,30.67,984.94 
12/10/2021T16:17:32Z,63,100,112,52.23,30.68,984.83 
12/10/2021T16:18:02Z,63,100,113,52.17,30.70,984.82 
12/10/2021T16:18:33Z,65,100,111,51.91,30.71,984.96 
12/10/2021T16:19:04Z,63,100,112,52.03,30.67,984.96 
12/10/2021T16:19:35Z,63,100,114,52.40,30.69,984.77 
12/10/2021T16:20:05Z,64,103,115,52.34,30.71,984.77 
12/10/2021T16:20:36Z,63,99,110,52.32,30.73,984.78 
12/10/2021T16:21:06Z,61,93,106,52.07,30.70,984.91 
12/10/2021T16:21:37Z,62,100,113,52.16,30.66,984.89 
12/10/2021T16:22:08Z,63,97,114,52.18,30.63,984.91 
12/10/2021T16:22:39Z,63,99,112,52.74,30.62,984.66 
12/10/2021T16:23:09Z,61,93,103,52.50,30.63,984.74 
12/10/2021T16:23:39Z,61,95,105,52.54,30.66,984.70 
12/10/2021T16:24:09Z,60,93,104,52.15,30.67,984.87 
12/10/2021T16:24:40Z,59,94,108,51.94,30.67,984.95 
12/10/2021T16:25:11Z,59,93,106,52.20,30.69,984.85 
12/10/2021T16:25:42Z,60,94,103,52.33,30.69,984.77 
12/10/2021T16:26:12Z,59,95,106,52.24,30.68,984.85 
12/10/2021T16:26:42Z,62,97,110,52.19,30.69,984.83 
12/10/2021T16:27:12Z,59,91,105,52.33,30.69,984.80 
12/10/2021T16:27:42Z,60,94,108,51.71,30.68,985.08 
12/10/2021T16:28:13Z,62,100,117,51.72,30.68,985.06 
12/10/2021T16:28:43Z,59,98,116,52.21,30.71,984.86 
12/10/2021T16:29:14Z,61,97,114,52.01,30.71,984.93 
12/10/2021T16:29:44Z,62,100,116,52.10,30.72,984.87 
12/10/2021T16:30:14Z,63,103,117,52.23,30.71,984.87 
12/10/2021T16:30:44Z,63,99,114,52.51,30.69,984.74 
12/10/2021T16:31:14Z,63,97,111,52.28,30.69,984.83 
12/10/2021T16:31:45Z,60,96,109,52.55,30.70,984.73 
12/10/2021T16:32:15Z,63,101,114,52.49,30.68,984.75 
12/10/2021T16:32:45Z,61,96,108,52.51,30.64,984.77 
12/10/2021T16:33:15Z,62,97,107,52.33,30.63,984.83 
12/10/2021T16:33:46Z,61,97,106,52.62,30.62,984.74 
12/10/2021T16:34:16Z,62,100,112,52.65,30.59,984.75 
12/10/2021T16:34:47Z,59,94,105,52.58,30.60,984.73 
12/10/2021T16:35:18Z,58,90,101,52.29,30.61,984.88 
12/10/2021T16:35:48Z,59,92,105,52.06,30.61,984.98 
12/10/2021T16:36:19Z,60,93,101,52.11,30.60,985.00 
12/10/2021T16:36:49Z,60,94,102,52.48,30.62,984.85 
12/10/2021T16:37:20Z,62,94,107,52.47,30.61,984.82 
12/10/2021T16:37:51Z,59,93,106,52.48,30.61,984.82 
12/10/2021T16:38:22Z,60,93,103,52.49,30.62,984.81 
12/10/2021T16:38:52Z,60,93,105,52.10,30.59,984.99 
12/10/2021T16:39:23Z,59,91,101,51.82,30.57,985.11 
12/10/2021T16:39:53Z,59,89,98,51.80,30.56,985.16 
12/10/2021T16:40:23Z,61,92,103,51.93,30.57,985.08 
12/10/2021T16:40:54Z,62,91,104,52.02,30.54,985.07 
12/10/2021T16:41:24Z,60,91,104,52.09,30.51,985.02 
12/10/2021T16:41:55Z,61,96,103,52.42,30.51,984.91 
12/10/2021T16:42:25Z,60,93,102,52.21,30.52,984.96 
12/10/2021T16:42:56Z,63,95,105,52.45,30.56,984.86 
12/10/2021T16:43:27Z,61,91,101,52.63,30.67,984.73 
12/10/2021T16:43:57Z,61,96,102,52.41,30.76,984.77 
12/10/2021T16:44:28Z,59,89,101,52.16,30.84,984.87 
12/10/2021T16:44:59Z,60,94,107,51.84,30.88,984.97 
12/10/2021T16:45:29Z,59,92,103,51.93,30.90,984.95 
12/10/2021T16:46:00Z,62,92,100,51.72,30.96,985.04 
12/10/2021T16:46:30Z,62,95,104,51.74,31.00,985.03 
12/10/2021T16:47:00Z,63,96,107,51.53,31.04,985.09 
12/10/2021T16:47:31Z,61,96,110,51.28,31.05,985.20 
12/10/2021T16:48:01Z,60,93,104,51.28,31.08,985.19 
12/10/2021T16:48:31Z,60,94,106,51.36,31.10,985.15 
12/10/2021T16:49:02Z,60,96,111,51.31,31.13,985.16 
12/10/2021T16:49:32Z,61,97,109,51.23,31.17,985.19 
12/10/2021T16:50:02Z,64,98,110,51.30,31.19,985.17 
12/10/2021T16:50:32Z,64,100,108,51.41,31.19,985.10 
12/10/2021T16:51:03Z,68,104,113,51.40,31.19,985.10 
12/10/2021T16:51:34Z,67,103,115,51.36,31.18,985.12 
12/10/2021T16:52:05Z,68,105,122,51.42,31.17,985.11 
12/10/2021T16:52:35Z,70,108,120,51.36,31.20,985.14 
12/10/2021T16:53:06Z,70,108,122,51.25,31.22,985.16 
12/10/2021T16:53:37Z,70,107,120,50.89,31.05,985.34 
12/10/2021T16:54:08Z,71,107,117,51.31,30.88,985.23 
12/10/2021T16:54:38Z,83,124,133,51.54,30.76,985.18 
12/10/2021T16:55:09Z,74,111,125,51.89,30.66,985.07 
12/10/2021T16:55:39Z,71,108,117,52.31,30.62,984.89 
12/10/2021T16:56:10Z,69,103,114,52.21,30.59,984.92 
12/10/2021T16:56:40Z,68,103,118,52.18,30.55,984.94 
12/10/2021T16:57:10Z,65,98,109,52.83,30.53,984.75 
12/10/2021T16:57:41Z,66,103,114,52.95,30.54,984.61 
12/10/2021T16:58:12Z,63,98,107,52.75,30.56,984.71 
12/10/2021T16:58:42Z,62,98,108,52.69,30.59,984.73 
12/10/2021T16:59:12Z,63,97,109,52.40,30.59,984.86 
12/10/2021T16:59:43Z,60,95,105,52.58,30.59,984.83 
12/10/2021T17:00:13Z,63,97,107,53.00,30.58,984.62 
12/10/2021T17:00:43Z,62,94,106,53.16,30.50,984.59 
12/10/2021T17:01:14Z,63,99,109,53.38,30.47,984.51 
12/10/2021T17:01:44Z,63,98,110,53.31,30.42,984.55 
12/10/2021T17:02:14Z,62,94,104,53.53,30.42,984.46 
12/10/2021T17:02:45Z,64,97,113,53.12,30.38,984.65 
12/10/2021T17:03:15Z,61,93,104,52.86,30.35,984.78 
12/10/2021T17:03:45Z,62,96,104,52.67,30.34,984.88 
12/10/2021T17:04:15Z,63,97,106,52.64,30.33,984.91 
12/10/2021T17:04:46Z,64,99,110,52.38,30.33,984.98 
12/10/2021T17:05:16Z,65,100,111,52.26,30.33,985.04 
12/10/2021T17:05:46Z,67,102,111,52.43,30.31,985.00 
12/10/2021T17:06:17Z,64,100,108,52.74,30.33,984.85 
12/10/2021T17:06:47Z,63,98,108,52.88,30.37,984.78 
12/10/2021T17:07:18Z,66,99,110,52.22,30.36,985.02 
12/10/2021T17:07:48Z,65,100,110,52.62,30.37,984.89 
12/10/2021T17:08:19Z,64,100,113,52.50,30.37,984.92 
12/10/2021T17:08:49Z,64,99,106,52.50,30.37,984.94 
12/10/2021T17:09:20Z,65,101,115,52.54,30.37,984.96 
12/10/2021T17:09:50Z,65,100,110,53.01,30.48,984.70 
12/10/2021T17:10:21Z,65,97,108,53.16,30.61,984.60 
12/10/2021T17:10:52Z,67,101,115,52.36,30.67,984.89 
12/10/2021T17:11:22Z,64,98,111,52.95,30.73,984.68 
12/10/2021T17:11:53Z,68,106,119,52.49,30.80,984.79 
12/10/2021T17:12:24Z,69,108,124,51.85,30.86,985.05 
12/10/2021T17:12:54Z,71,111,124,51.69,30.89,985.19 
12/10/2021T17:13:25Z,71,112,124,51.92,30.94,985.06 
12/10/2021T17:13:56Z,68,107,120,52.05,30.98,984.98 
12/10/2021T17:14:26Z,68,102,115,51.83,31.01,985.05 
12/10/2021T17:14:56Z,67,105,116,51.77,31.05,985.09 
12/10/2021T17:15:26Z,70,109,121,51.70,31.04,985.11 
12/10/2021T17:15:57Z,69,109,125,51.86,31.00,985.05 
12/10/2021T17:16:28Z,69,108,123,51.62,31.03,985.15 
12/10/2021T17:16:59Z,69,105,117,51.41,31.09,985.23 
12/10/2021T17:17:29Z,68,106,117,51.29,31.10,985.28 
12/10/2021T17:17:59Z,67,104,118,51.51,31.10,985.21 
12/10/2021T17:18:30Z,65,102,116,51.44,31.11,985.19 
12/10/2021T17:19:00Z,68,103,117,51.21,31.11,985.30 
12/10/2021T17:19:31Z,67,102,116,50.78,31.05,985.50 
12/10/2021T17:20:02Z,65,101,115,51.07,31.05,985.38 
12/10/2021T17:20:32Z,67,103,115,50.99,31.02,985.43 
12/10/2021T17:21:02Z,65,101,114,50.77,31.04,985.50 
12/10/2021T17:21:33Z,66,101,117,50.45,31.01,985.64 
12/10/2021T17:22:03Z,61,96,108,50.49,30.96,985.64 
12/10/2021T17:22:33Z,61,93,103,50.53,30.98,985.60 
12/10/2021T17:23:04Z,61,94,104,50.34,31.01,985.68 
12/10/2021T17:23:34Z,61,92,102,50.33,30.99,985.70 
12/10/2021T17:24:05Z,61,96,106,50.36,30.96,985.69 
12/10/2021T17:24:35Z,59,90,103,50.59,30.99,985.57 
12/10/2021T17:25:05Z,58,88,100,50.51,31.01,985.58 
12/10/2021T17:25:36Z,57,89,103,50.23,30.98,985.69 
12/10/2021T17:26:06Z,59,95,108,50.35,30.88,985.71 
12/10/2021T17:26:36Z,59,90,98,50.84,30.96,985.42 
12/10/2021T17:27:06Z,58,88,97,50.71,30.96,985.47 
12/10/2021T17:27:37Z,60,92,106,50.94,30.98,985.37 
12/10/2021T17:28:07Z,59,91,102,50.79,31.01,985.39 
12/10/2021T17:28:37Z,56,88,101,50.51,31.04,985.52 
12/10/2021T17:29:08Z,57,89,98,49.80,31.03,985.79 
12/10/2021T17:29:39Z,57,88,97,50.44,31.01,985.58 
12/10/2021T17:30:09Z,57,88,99,50.45,31.04,985.52 
12/10/2021T17:30:39Z,57,90,101,50.08,31.04,985.66 
12/10/2021T17:31:10Z,57,89,101,50.15,31.04,985.65 
12/10/2021T17:31:40Z,58,89,100,49.92,31.06,985.74 
12/10/2021T17:32:11Z,59,92,103,49.92,31.02,985.76 
12/10/2021T17:32:42Z,59,91,101,50.11,30.99,985.64 
12/10/2021T17:33:13Z,59,92,105,50.79,30.96,985.39 
12/10/2021T17:33:43Z,57,90,101,50.52,30.96,985.42 
12/10/2021T17:34:13Z,57,88,97,49.99,30.92,985.68 
12/10/2021T17:34:44Z,58,90,100,50.44,30.90,985.51 
12/10/2021T17:35:14Z,56,87,98,50.46,30.92,985.48 
12/10/2021T17:35:44Z,56,90,101,50.51,30.93,985.46 
12/10/2021T17:36:14Z,55,86,99,50.24,30.96,985.55 
12/10/2021T17:36:45Z,55,86,93,49.99,30.98,985.67 
12/10/2021T17:37:15Z,55,88,96,49.87,31.00,985.71 
12/10/2021T17:37:45Z,55,85,95,49.55,31.02,985.82 
12/10/2021T17:38:16Z,54,85,98,49.14,31.03,985.98 
12/10/2021T17:38:46Z,53,83,96,48.97,31.03,986.05 
12/10/2021T17:39:17Z,56,83,94,48.71,30.97,986.18 
12/10/2021T17:39:47Z,55,83,91,48.63,30.97,986.14 
12/10/2021T17:40:18Z,53,85,98,47.72,30.92,986.49 
12/10/2021T17:40:48Z,55,86,98,47.61,30.83,986.60 
12/10/2021T17:41:19Z,53,82,90,47.82,30.77,986.53 
12/10/2021T17:41:49Z,53,85,95,48.17,30.78,986.37 
12/10/2021T17:42:19Z,54,83,92,47.99,30.80,986.37 
12/10/2021T17:42:49Z,53,81,89,47.84,30.80,986.42 
12/10/2021T17:43:20Z,54,84,92,47.96,30.79,986.40 
12/10/2021T17:43:50Z,54,84,95,47.69,30.81,986.41 
12/10/2021T17:44:20Z,55,84,93,47.38,30.82,986.55 
12/10/2021T17:44:51Z,54,84,97,47.11,30.82,986.63 
12/10/2021T17:45:22Z,54,86,97,47.40,30.79,986.55 
12/10/2021T17:45:52Z,53,80,91,47.17,30.79,986.61 
12/10/2021T17:46:23Z,56,84,97,47.12,30.81,986.62 
12/10/2021T17:46:53Z,54,86,93,47.39,30.84,986.50 
12/10/2021T17:47:24Z,58,89,99,47.03,30.84,986.63 
12/10/2021T17:47:55Z,56,85,94,46.47,30.83,986.86 
12/10/2021T17:48:25Z,55,87,102,45.18,30.72,987.33 
12/10/2021T17:48:55Z,54,83,94,47.21,30.70,986.63 
12/10/2021T17:49:25Z,56,85,95,45.57,30.68,987.10 
12/10/2021T17:49:56Z,54,85,95,46.78,30.68,986.74 
12/10/2021T17:50:26Z,55,84,96,46.43,30.72,986.80 
12/10/2021T17:50:57Z,54,84,94,46.38,30.74,986.84 
12/10/2021T17:51:27Z,55,87,94,46.15,30.76,986.90 
12/10/2021T17:51:58Z,54,85,94,46.06,30.78,986.96 
12/10/2021T17:52:28Z,53,85,93,45.73,30.79,987.05 
12/10/2021T17:52:59Z,54,82,93,45.84,30.79,987.03 
12/10/2021T17:53:29Z,52,84,94,45.81,30.77,987.05 
12/10/2021T17:54:00Z,51,79,87,46.18,30.78,986.92 
12/10/2021T17:54:30Z,53,84,96,46.10,30.77,986.90 
12/10/2021T17:55:01Z,52,83,94,46.38,30.78,986.74 
12/10/2021T17:55:31Z,54,84,93,46.28,30.78,986.82 
12/10/2021T17:56:02Z,52,83,94,46.31,30.80,986.77 
12/10/2021T17:56:32Z,54,85,94,46.54,30.80,986.68 
12/10/2021T17:57:02Z,54,83,93,47.21,30.81,986.40 
12/10/2021T17:57:33Z,55,86,95,46.92,30.83,986.46 
12/10/2021T17:58:03Z,57,88,99,46.32,30.82,986.68 
12/10/2021T17:58:34Z,72,113,126,46.04,30.74,986.90 
12/10/2021T17:59:04Z,61,93,103,46.66,30.77,986.56 
12/10/2021T17:59:34Z,69,105,113,46.31,30.78,986.75 
12/10/2021T18:00:05Z,70,106,118,46.59,30.78,986.61 
12/10/2021T18:00:35Z,70,109,119,46.54,30.83,986.60 
12/10/2021T18:01:05Z,70,106,118,46.45,30.88,986.59 
12/10/2021T18:01:36Z,70,105,118,46.12,30.94,986.73 
12/10/2021T18:02:06Z,71,108,124,46.23,30.96,986.69 
12/10/2021T18:02:36Z,72,113,127,46.42,30.94,986.62 
12/10/2021T18:03:07Z,72,114,125,46.36,30.92,986.62 
12/10/2021T18:03:37Z,76,114,126,45.83,30.89,986.83 
12/10/2021T18:04:08Z,78,121,132,45.70,30.90,986.93 
12/10/2021T18:04:39Z,81,126,137,45.42,30.90,987.03 
12/10/2021T18:05:09Z,83,130,142,45.75,30.89,986.87 
12/10/2021T18:05:39Z,86,130,143,45.32,30.90,987.02 
12/10/2021T18:06:09Z,88,137,151,45.19,30.92,987.10 
12/10/2021T18:06:40Z,91,138,155,45.25,30.92,987.07 
12/10/2021T18:07:11Z,92,141,158,45.31,30.91,987.05 
12/10/2021T18:07:41Z,95,142,157,45.41,30.88,987.00 
12/10/2021T18:08:11Z,92,139,158,45.39,30.86,987.00 
12/10/2021T18:08:41Z,95,145,160,45.28,30.84,987.04 
12/10/2021T18:09:11Z,91,138,155,45.14,30.77,987.12 
12/10/2021T18:09:42Z,91,140,154,45.50,30.69,987.01 
12/10/2021T18:10:12Z,92,145,158,45.51,30.60,987.01 
12/10/2021T18:10:42Z,91,140,160,45.94,30.61,986.81 
12/10/2021T18:11:12Z,91,139,150,45.82,30.62,986.82 
12/10/2021T18:11:43Z,87,139,153,46.02,30.63,986.73 
12/10/2021T18:12:14Z,90,138,151,45.77,30.66,986.80 
12/10/2021T18:12:45Z,91,138,153,45.87,30.69,986.79 
12/10/2021T18:13:15Z,90,138,157,46.16,30.71,986.63 
12/10/2021T18:13:46Z,87,135,149,46.10,30.73,986.62 
12/10/2021T18:14:17Z,89,136,149,46.16,30.75,986.60 
12/10/2021T18:14:47Z,86,132,151,46.16,30.77,986.60 
12/10/2021T18:15:18Z,89,134,146,46.10,30.78,986.62 
12/10/2021T18:15:48Z,87,135,144,45.98,30.80,986.67 
12/10/2021T18:16:18Z,85,133,152,45.94,30.81,986.70 
12/10/2021T18:16:49Z,87,130,145,45.94,30.82,986.70 
12/10/2021T18:17:20Z,84,129,144,45.92,30.84,986.69 
12/10/2021T18:17:50Z,87,135,150,45.93,30.85,986.68 
12/10/2021T18:18:21Z,87,137,152,45.98,30.85,986.67 
12/10/2021T18:18:51Z,83,130,146,46.01,30.85,986.66 
12/10/2021T18:19:21Z,86,130,141,46.02,30.86,986.65 
12/10/2021T18:19:51Z,84,129,141,46.02,30.87,986.65 
12/10/2021T18:20:22Z,81,123,135,46.12,30.86,986.61 
12/10/2021T18:20:52Z,80,124,135,46.19,30.86,986.58 
12/10/2021T18:21:23Z,83,128,145,46.19,30.87,986.57 
12/10/2021T18:21:53Z,81,128,138,46.19,30.88,986.56 
12/10/2021T18:22:23Z,80,121,131,46.27,30.88,986.52 
12/10/2021T18:22:54Z,82,124,137,46.32,30.88,986.50 
12/10/2021T18:23:25Z,80,124,138,46.35,30.88,986.50 
12/10/2021T18:23:55Z,79,124,137,46.41,30.88,986.48 
12/10/2021T18:24:25Z,78,122,135,46.50,30.87,986.43 
12/10/2021T18:24:55Z,78,122,130,46.51,30.87,986.41 
12/10/2021T18:25:25Z,77,117,127,46.53,30.86,986.41 
12/10/2021T18:25:56Z,75,116,126,46.64,30.85,986.38 
12/10/2021T18:26:26Z,78,117,128,46.64,30.84,986.38 
12/10/2021T18:26:57Z,76,116,128,46.67,30.84,986.37 
12/10/2021T18:27:28Z,74,112,126,46.80,30.83,986.33 
12/10/2021T18:27:58Z,74,112,124,46.82,30.82,986.31 
12/10/2021T18:28:28Z,74,114,129,46.83,30.82,986.31 
12/10/2021T18:28:58Z,73,112,122,46.85,30.82,986.29 
12/10/2021T18:29:29Z,74,112,122,46.87,30.82,986.29 
12/10/2021T18:29:59Z,74,117,128,46.89,30.82,986.28 
12/10/2021T18:30:29Z,72,111,123,46.97,30.82,986.25 
12/10/2021T18:31:00Z,70,107,118,46.99,30.81,986.23 
12/10/2021T18:31:30Z,72,108,117,47.03,30.81,986.23 
12/10/2021T18:32:01Z,73,111,121,47.07,30.81,986.20 
12/10/2021T18:32:31Z,71,109,120,47.10,30.81,986.20 
12/10/2021T18:33:01Z,70,108,121,47.13,30.81,986.18 
12/10/2021T18:33:32Z,65,102,107,47.18,30.80,986.16 
12/10/2021T18:34:03Z,69,104,113,47.18,30.79,986.16 
12/10/2021T18:34:33Z,67,103,112,47.22,30.79,986.15 
12/10/2021T18:35:04Z,68,102,109,47.29,30.78,986.13 
12/10/2021T18:35:35Z,68,102,115,47.28,30.78,986.13 
12/10/2021T18:36:06Z,65,102,112,47.31,30.77,986.13 
12/10/2021T18:36:36Z,69,105,116,47.34,30.77,986.10 
12/10/2021T18:37:07Z,67,101,111,47.37,30.77,986.10 
12/10/2021T18:37:37Z,67,103,112,47.39,30.76,986.10 
12/10/2021T18:38:07Z,67,101,108,47.39,30.77,986.10 
12/10/2021T18:38:38Z,67,100,110,47.43,30.77,986.11 
12/10/2021T18:39:08Z,65,98,108,47.44,30.77,986.09 
12/10/2021T18:39:39Z,66,100,108,47.46,30.76,986.09 
12/10/2021T18:40:09Z,64,96,105,47.48,30.75,986.08 
12/10/2021T18:40:40Z,64,96,104,47.51,30.75,986.06 
12/10/2021T18:41:10Z,65,100,107,47.55,30.75,986.05 
12/10/2021T18:41:41Z,64,96,105,47.58,30.74,986.03 
12/10/2021T18:42:11Z,64,97,105,47.60,30.74,986.01 
12/10/2021T18:42:42Z,64,96,104,47.61,30.74,986.01 
12/10/2021T18:43:12Z,65,95,101,47.58,30.73,986.04 
12/10/2021T18:43:43Z,62,93,103,47.58,30.73,986.02 
12/10/2021T18:44:13Z,61,95,105,47.62,30.74,985.99 
12/10/2021T18:44:44Z,62,94,105,47.65,30.73,985.98 
12/10/2021T18:45:15Z,62,96,105,47.66,30.73,985.98 
12/10/2021T18:45:45Z,61,92,99,47.66,30.73,985.97 
12/10/2021T18:46:15Z,60,88,96,47.69,30.73,985.96 
12/10/2021T18:46:46Z,62,93,100,47.70,30.72,985.94 
12/10/2021T18:47:16Z,60,91,98,47.71,30.72,985.94 
12/10/2021T18:47:47Z,58,87,97,47.77,30.72,985.92 
12/10/2021T18:48:17Z,60,91,98,47.79,30.71,985.89 
12/10/2021T18:48:48Z,60,91,98,47.85,30.70,985.88 
12/10/2021T18:49:19Z,59,90,98,47.87,30.69,985.88 
12/10/2021T18:49:49Z,61,95,99,47.85,30.70,985.89 
12/10/2021T18:50:19Z,59,87,97,47.83,30.70,985.90 
12/10/2021T18:50:50Z,60,89,99,47.87,30.69,985.90 
12/10/2021T18:51:21Z,58,87,95,47.88,30.70,985.89 
12/10/2021T18:51:51Z,59,88,98,47.89,30.69,985.88 
12/10/2021T18:52:21Z,60,89,96,47.92,30.68,985.87 
12/10/2021T18:52:52Z,56,87,92,47.94,30.68,985.88 
12/10/2021T18:53:22Z,58,88,94,47.97,30.68,985.86 
12/10/2021T18:53:53Z,57,84,91,48.00,30.67,985.83 
12/10/2021T18:54:23Z,57,85,93,47.99,30.67,985.84 
12/10/2021T18:54:54Z,56,83,92,47.99,30.67,985.83 
12/10/2021T18:55:24Z,56,85,93,48.02,30.66,985.82 
12/10/2021T18:55:54Z,55,83,91,48.08,30.66,985.80 
12/10/2021T18:56:24Z,56,83,92,48.09,30.66,985.81 
12/10/2021T18:56:55Z,57,86,92,48.05,30.66,985.82 
12/10/2021T18:57:26Z,57,84,91,48.09,30.65,985.80 
12/10/2021T18:57:56Z,56,82,89,48.12,30.65,985.79 
12/10/2021T18:58:26Z,56,83,89,48.17,30.64,985.78 
12/10/2021T18:58:57Z,55,82,90,48.18,30.64,985.78 
12/10/2021T18:59:27Z,55,81,88,48.18,30.64,985.79 
12/10/2021T18:59:58Z,53,81,87,48.16,30.65,985.78 
12/10/2021T19:00:28Z,53,79,87,48.21,30.64,985.78 
12/10/2021T19:00:59Z,55,80,87,48.20,30.64,985.79 
12/10/2021T19:01:29Z,54,80,87,48.24,30.63,985.79 
12/10/2021T19:02:00Z,54,79,84,48.27,30.63,985.78 
12/10/2021T19:02:30Z,55,82,86,48.25,30.63,985.79 
12/10/2021T19:03:01Z,54,80,88,48.29,30.62,985.78 
12/10/2021T19:03:31Z,53,80,87,48.33,30.62,985.77 
12/10/2021T19:04:02Z,54,81,86,48.32,30.61,985.76 
12/10/2021T19:04:32Z,53,80,87,48.36,30.61,985.76 
12/10/2021T19:05:03Z,54,80,85,48.38,30.61,985.74 
12/10/2021T19:05:34Z,53,78,86,48.37,30.61,985.76 
12/10/2021T19:06:04Z,52,81,89,48.41,30.60,985.75 
12/10/2021T19:06:35Z,55,80,88,48.47,30.60,985.72 
12/10/2021T19:07:05Z,53,80,89,48.47,30.60,985.72 
12/10/2021T19:07:36Z,54,80,86,48.45,30.60,985.73 
12/10/2021T19:08:06Z,52,75,80,48.51,30.59,985.72 
12/10/2021T19:08:36Z,52,79,86,48.50,30.59,985.73 
12/10/2021T19:09:06Z,53,81,86,48.52,30.59,985.73 
12/10/2021T19:09:37Z,54,80,84,48.53,30.60,985.71 
12/10/2021T19:10:08Z,53,78,86,48.55,30.60,985.70 
12/10/2021T19:10:38Z,54,81,88,48.52,30.60,985.71 
12/10/2021T19:11:09Z,55,83,89,48.50,30.60,985.73 
12/10/2021T19:11:39Z,54,79,86,48.53,30.60,985.71 
12/10/2021T19:12:10Z,51,77,83,48.53,30.59,985.70 
12/10/2021T19:12:41Z,54,79,88,48.57,30.59,985.70 
12/10/2021T19:13:11Z,51,74,81,48.59,30.58,985.69 
12/10/2021T19:13:41Z,54,78,83,48.63,30.58,985.67 
12/10/2021T19:14:12Z,53,79,86,48.63,30.58,985.67 
12/10/2021T19:14:42Z,53,78,83,48.61,30.58,985.67 
12/10/2021T19:15:13Z,53,81,87,48.62,30.58,985.66 
12/10/2021T19:15:43Z,51,77,85,48.62,30.58,985.65 
12/10/2021T19:16:13Z,53,77,85,48.61,30.58,985.65 
12/10/2021T19:16:43Z,52,80,88,48.64,30.58,985.63 
12/10/2021T19:17:13Z,52,77,83,48.72,30.57,985.60 
12/10/2021T19:17:44Z,51,79,86,48.78,30.56,985.57 
12/10/2021T19:18:15Z,52,78,85,48.76,30.57,985.58 
12/10/2021T19:18:45Z,53,79,84,48.75,30.57,985.59 
12/10/2021T19:19:16Z,52,81,90,48.74,30.57,985.60 
12/10/2021T19:19:47Z,52,77,83,48.76,30.56,985.60 
12/10/2021T19:20:17Z,54,81,86,48.81,30.56,985.59 
12/10/2021T19:20:47Z,52,78,84,48.84,30.56,985.57 
12/10/2021T19:21:18Z,52,77,85,48.87,30.55,985.54 
12/10/2021T19:21:49Z,54,81,88,48.88,30.55,985.54 
12/10/2021T19:22:19Z,54,77,85,48.88,30.55,985.55 
12/10/2021T19:22:50Z,53,77,83,48.90,30.55,985.55 
12/10/2021T19:23:20Z,52,78,84,48.91,30.55,985.54 
12/10/2021T19:23:50Z,52,78,84,48.91,30.55,985.53 
12/10/2021T19:24:20Z,52,77,82,48.91,30.55,985.53 
12/10/2021T19:24:51Z,53,78,84,48.93,30.55,985.54 
12/10/2021T19:25:21Z,54,78,84,48.94,30.55,985.52 
12/10/2021T19:25:51Z,53,79,84,48.94,30.55,985.53 
12/10/2021T19:26:22Z,55,80,89,48.96,30.54,985.51 
12/10/2021T19:26:52Z,53,79,84,49.00,30.53,985.51 
12/10/2021T19:27:22Z,54,80,84,49.04,30.53,985.48 
12/10/2021T19:27:53Z,54,80,87,49.09,30.52,985.49 
12/10/2021T19:28:24Z,53,78,84,49.15,30.52,985.46 
12/10/2021T19:28:54Z,54,80,88,49.16,30.52,985.46 
12/10/2021T19:29:25Z,53,77,83,49.18,30.51,985.46 
12/10/2021T19:29:55Z,53,76,84,49.21,30.52,985.45 
12/10/2021T19:30:25Z,53,81,89,49.24,30.52,985.44 
12/10/2021T19:30:56Z,53,77,84,49.22,30.51,985.44 
12/10/2021T19:31:26Z,52,79,84,49.25,30.51,985.43 
12/10/2021T19:31:57Z,53,78,86,49.23,30.51,985.44 
12/10/2021T19:32:27Z,53,81,90,49.27,30.51,985.42 
12/10/2021T19:32:57Z,53,78,84,49.31,30.51,985.41 
12/10/2021T19:33:28Z,52,76,83,49.31,30.51,985.41 
12/10/2021T19:33:59Z,52,77,84,49.33,30.51,985.39 
12/10/2021T19:34:29Z,52,78,83,49.37,30.51,985.38 
12/10/2021T19:35:00Z,54,79,83,49.35,30.50,985.38 
12/10/2021T19:35:30Z,54,80,86,49.40,30.50,985.37 
12/10/2021T19:36:00Z,55,79,88,49.39,30.50,985.36 
12/10/2021T19:36:31Z,54,79,83,49.42,30.50,985.34 
12/10/2021T19:37:01Z,51,76,80,49.45,30.49,985.32 
12/10/2021T19:37:32Z,53,78,84,49.45,30.49,985.33 
12/10/2021T19:38:03Z,51,78,86,49.48,30.49,985.33 
12/10/2021T19:38:34Z,53,77,82,49.49,30.49,985.31 
12/10/2021T19:39:04Z,51,77,82,49.51,30.49,985.30 
12/10/2021T19:39:34Z,53,78,83,49.51,30.49,985.30 
12/10/2021T19:40:05Z,54,81,90,49.52,30.49,985.30 
12/10/2021T19:40:36Z,53,78,86,49.55,30.49,985.28 
12/10/2021T19:41:06Z,53,77,83,49.55,30.49,985.28 
12/10/2021T19:41:37Z,54,78,83,49.60,30.49,985.26 
12/10/2021T19:42:08Z,52,78,85,49.64,30.49,985.24 
12/10/2021T19:42:39Z,54,79,85,49.63,30.49,985.24 
12/10/2021T19:43:09Z,52,79,88,49.64,30.49,985.25 
12/10/2021T19:43:40Z,52,78,83,49.65,30.49,985.24 
12/10/2021T19:44:11Z,53,79,85,49.69,30.48,985.23 
12/10/2021T19:44:41Z,53,77,85,49.65,30.49,985.23 
12/10/2021T19:45:11Z,54,82,87,49.69,30.48,985.22 
12/10/2021T19:45:41Z,54,79,88,49.70,30.48,985.20 
12/10/2021T19:46:12Z,55,80,87,49.72,30.47,985.19 
12/10/2021T19:46:42Z,55,82,89,49.71,30.47,985.19 
12/10/2021T19:47:13Z,54,79,89,49.73,30.47,985.18 
12/10/2021T19:47:43Z,54,78,81,49.72,30.48,985.17 
12/10/2021T19:48:14Z,52,80,84,49.74,30.47,985.16 
12/10/2021T19:48:44Z,56,81,87,49.75,30.48,985.14 
12/10/2021T19:49:15Z,54,80,86,49.79,30.47,985.13 
12/10/2021T19:49:45Z,55,79,86,49.84,30.47,985.10 
12/10/2021T19:50:16Z,55,82,88,49.89,30.47,985.07 
12/10/2021T19:50:46Z,54,80,86,49.89,30.46,985.08 
12/10/2021T19:51:17Z,54,80,84,49.91,30.46,985.07 
12/10/2021T19:51:47Z,54,80,82,49.92,30.46,985.07 
12/10/2021T19:52:18Z,53,78,84,49.93,30.46,985.07 
12/10/2021T19:52:48Z,54,80,88,49.97,30.46,985.05 
12/10/2021T19:53:19Z,53,81,86,49.98,30.46,985.03 
12/10/2021T19:53:49Z,55,81,86,50.03,30.45,985.02 
12/10/2021T19:54:20Z,54,80,85,50.05,30.44,985.02 
12/10/2021T19:54:50Z,54,80,89,50.08,30.45,985.00 
12/10/2021T19:55:20Z,55,80,87,50.10,30.45,985.00 
12/10/2021T19:55:51Z,54,81,85,50.10,30.46,984.98 
12/10/2021T19:56:21Z,55,79,86,50.11,30.45,984.99 
12/10/2021T19:56:51Z,55,79,84,50.10,30.45,985.00 
12/10/2021T19:57:22Z,54,80,87,50.14,30.45,984.98 
12/10/2021T19:57:52Z,55,82,90,50.11,30.46,985.01 
12/10/2021T19:58:23Z,55,79,86,50.13,30.46,985.00 
12/10/2021T19:58:53Z,54,78,85,50.15,30.46,984.99 
12/10/2021T19:59:24Z,54,80,88,50.18,30.47,984.98 
12/10/2021T19:59:55Z,55,82,88,50.26,30.47,984.93 
12/10/2021T20:00:25Z,55,81,90,50.23,30.47,984.93 
12/10/2021T20:00:55Z,55,82,90,50.31,30.45,984.92 
12/10/2021T20:01:26Z,56,81,88,50.28,30.45,984.93 
12/10/2021T20:01:56Z,54,80,84,50.30,30.44,984.94 
12/10/2021T20:02:27Z,54,80,87,50.31,30.44,984.95 
12/10/2021T20:02:57Z,56,82,91,50.34,30.43,984.94 
12/10/2021T20:03:28Z,56,82,90,50.36,30.43,984.92 
12/10/2021T20:03:58Z,55,81,87,50.34,30.44,984.94 
12/10/2021T20:04:28Z,55,79,86,50.36,30.44,984.94 
12/10/2021T20:04:59Z,54,81,90,50.35,30.45,984.93 
