12/11/2021T03:27:22Z,236,538,625,63.05,21.54,992.43 
12/11/2021T03:27:52Z,255,578,680,63.47,21.69,992.59 
12/11/2021T03:28:22Z,251,590,703,62.99,21.82,992.62 
12/11/2021T03:28:52Z,256,584,678,62.75,21.90,992.61 
12/11/2021T03:29:22Z,261,587,677,62.26,21.98,992.64 
12/11/2021T03:29:52Z,255,586,683,61.58,22.16,992.67 
12/11/2021T03:30:22Z,258,589,684,61.12,22.29,992.71 
12/11/2021T03:30:53Z,257,591,686,60.60,22.37,992.77 
12/11/2021T03:31:23Z,252,584,707,60.29,22.47,992.82 
12/11/2021T03:31:53Z,245,615,799,59.91,22.56,992.87 
12/11/2021T03:32:24Z,240,616,819,59.56,22.65,992.92 
12/11/2021T03:32:54Z,239,621,852,59.16,22.68,992.98 
12/11/2021T03:33:24Z,242,629,845,58.97,22.70,993.02 
12/11/2021T03:33:55Z,248,619,803,58.93,22.72,993.02 
12/11/2021T03:34:25Z,245,611,798,58.94,22.75,993.01 
12/11/2021T03:34:55Z,252,617,767,58.95,22.80,993.00 
12/11/2021T03:35:25Z,255,611,759,58.89,22.84,993.01 
12/11/2021T03:35:56Z,254,616,746,58.87,22.86,993.01 
12/11/2021T03:36:26Z,256,616,748,58.42,22.87,993.10 
12/11/2021T03:36:57Z,257,597,721,58.65,22.82,993.03 
12/11/2021T03:37:27Z,260,607,721,58.84,22.85,992.99 
12/11/2021T03:37:58Z,258,602,700,58.60,22.87,993.05 
12/11/2021T03:38:29Z,259,604,718,58.44,22.89,993.08 
12/11/2021T03:38:59Z,260,602,710,58.51,22.84,993.06 
12/11/2021T03:39:29Z,260,601,701,58.50,22.88,993.05 
12/11/2021T03:39:59Z,258,593,695,58.59,22.82,993.03 
12/11/2021T03:40:29Z,255,586,689,58.54,22.85,993.04 
12/11/2021T03:40:59Z,255,593,699,58.71,22.90,992.99 
12/11/2021T03:41:44Z,256,596,696,58.26,22.98,993.09 
12/11/2021T03:42:14Z,259,597,701,58.12,23.00,993.12 
12/11/2021T03:42:44Z,272,629,737,58.09,23.03,993.13 
12/11/2021T03:43:15Z,276,644,754,58.07,22.98,993.13 
12/11/2021T03:43:45Z,273,629,743,58.44,23.00,993.01 
12/11/2021T03:44:16Z,271,625,735,58.20,23.05,993.06 
12/11/2021T03:44:46Z,281,646,755,58.27,23.09,993.05 
12/11/2021T03:45:17Z,284,659,760,58.05,23.14,993.11 
12/11/2021T03:45:47Z,271,634,734,57.81,23.16,993.16 
12/11/2021T03:46:18Z,269,634,745,57.75,23.13,993.18 
12/11/2021T03:46:48Z,275,635,743,57.86,23.15,993.15 
12/11/2021T03:47:19Z,275,629,733,57.67,23.13,993.21 
12/11/2021T03:47:49Z,262,600,700,57.73,23.11,993.19 
12/11/2021T03:48:20Z,266,617,721,57.86,23.08,993.15 
12/11/2021T03:48:50Z,265,610,701,58.04,23.11,993.09 
12/11/2021T03:49:21Z,262,593,691,57.77,23.13,993.15 
12/11/2021T03:49:51Z,262,587,692,57.56,23.13,993.21 
12/11/2021T03:50:22Z,260,596,705,57.55,23.12,993.21 
12/11/2021T03:50:52Z,263,594,684,57.97,23.11,993.09 
12/11/2021T03:51:22Z,260,592,707,57.86,23.13,993.12 
12/11/2021T03:51:52Z,260,601,687,57.61,23.13,993.17 
12/11/2021T03:52:23Z,257,597,702,57.89,23.13,993.10 
12/11/2021T03:52:53Z,260,586,699,57.94,23.14,993.09 
12/11/2021T03:53:24Z,258,589,699,57.78,23.16,993.14 
12/11/2021T03:53:54Z,262,592,696,57.86,23.18,993.12 
12/11/2021T03:54:25Z,264,599,707,57.83,23.19,993.11 
12/11/2021T03:54:55Z,263,607,714,57.92,23.20,993.11 
12/11/2021T03:55:25Z,260,597,699,57.87,23.23,993.13 
12/11/2021T03:55:56Z,260,596,707,57.74,23.13,993.20 
12/11/2021T03:56:26Z,264,601,700,57.97,22.95,993.18 
12/11/2021T03:56:56Z,259,600,696,58.81,22.99,992.96 
12/11/2021T03:57:26Z,260,590,696,58.42,23.07,993.04 
12/11/2021T03:57:56Z,258,607,706,58.28,23.07,993.08 
12/11/2021T03:58:26Z,261,590,698,58.31,23.16,993.06 
12/11/2021T03:58:57Z,263,604,704,57.91,23.22,993.15 
12/11/2021T03:59:27Z,259,591,681,57.90,23.23,993.17 
12/11/2021T03:59:57Z,259,594,712,57.84,23.24,993.18 
12/11/2021T04:00:28Z,264,596,698,57.75,23.25,993.20 
12/11/2021T04:00:58Z,263,590,693,57.93,23.29,993.13 
12/11/2021T04:01:28Z,263,588,684,57.52,23.35,993.23 
12/11/2021T04:01:59Z,265,593,702,57.49,23.39,993.24 
12/11/2021T04:02:29Z,261,604,701,57.29,23.39,993.31 
12/11/2021T04:02:59Z,263,597,692,57.58,23.40,993.21 
12/11/2021T04:03:29Z,259,595,696,57.27,23.46,993.29 
12/11/2021T04:03:59Z,261,597,697,56.87,23.52,993.38 
12/11/2021T04:04:29Z,260,601,710,56.87,23.54,993.39 
12/11/2021T04:04:59Z,260,607,710,56.52,23.49,993.48 
12/11/2021T04:05:29Z,261,594,698,56.80,23.44,993.41 
12/11/2021T04:06:00Z,261,599,691,56.81,23.40,993.42 
12/11/2021T04:06:31Z,260,600,704,56.97,23.30,993.39 
12/11/2021T04:07:02Z,260,606,717,57.02,23.24,993.38 
12/11/2021T04:07:33Z,266,598,708,57.12,23.23,993.34 
12/11/2021T04:08:03Z,261,601,689,57.30,23.19,993.30 
12/11/2021T04:08:34Z,263,599,691,57.48,23.25,993.22 
12/11/2021T04:09:05Z,265,611,708,57.34,23.24,993.25 
12/11/2021T04:09:36Z,261,603,710,57.76,23.27,993.12 
12/11/2021T04:10:06Z,262,606,711,57.36,23.33,993.21 
12/11/2021T04:10:36Z,262,605,709,57.24,23.39,993.24 
12/11/2021T04:11:07Z,258,600,701,56.98,23.41,993.32 
12/11/2021T04:11:37Z,262,604,707,57.01,23.42,993.31 
12/11/2021T04:12:08Z,255,605,718,57.00,23.36,993.33 
12/11/2021T04:12:38Z,260,596,704,57.27,23.37,993.25 
12/11/2021T04:13:08Z,260,603,694,57.26,23.42,993.23 
12/11/2021T04:13:38Z,259,599,692,57.04,23.41,993.31 
12/11/2021T04:14:08Z,261,598,698,56.98,23.43,993.35 
12/11/2021T04:14:39Z,264,596,694,56.74,23.47,993.41 
12/11/2021T04:15:09Z,259,596,705,56.97,23.49,993.35 
12/11/2021T04:15:39Z,259,609,705,56.83,23.51,993.36 
12/11/2021T04:16:10Z,256,596,701,56.65,23.41,993.43 
12/11/2021T04:16:40Z,259,599,704,56.97,23.43,993.33 
12/11/2021T04:17:10Z,259,605,705,56.82,23.46,993.35 
12/11/2021T04:17:41Z,264,602,699,57.01,23.49,993.28 
12/11/2021T04:18:11Z,262,599,706,56.90,23.56,993.28 
12/11/2021T04:18:41Z,263,601,693,56.57,23.55,993.37 
12/11/2021T04:19:11Z,261,608,714,57.09,23.57,993.23 
12/11/2021T04:19:41Z,262,604,711,57.02,23.62,993.22 
12/11/2021T04:20:12Z,264,604,696,57.09,23.69,993.19 
12/11/2021T04:20:43Z,263,614,711,56.94,23.73,993.23 
12/11/2021T04:21:13Z,265,617,712,56.93,23.71,993.25 
12/11/2021T04:21:44Z,270,611,712,56.92,23.68,993.25 
12/11/2021T04:22:15Z,265,605,714,57.10,23.69,993.18 
12/11/2021T04:22:46Z,260,607,724,56.72,23.72,993.28 
12/11/2021T04:23:16Z,264,611,726,56.57,23.72,993.34 
12/11/2021T04:23:47Z,262,602,714,56.68,23.68,993.31 
12/11/2021T04:24:18Z,266,608,713,56.46,23.63,993.37 
12/11/2021T04:24:49Z,265,607,713,56.87,23.66,993.24 
12/11/2021T04:25:19Z,261,603,714,56.75,23.69,993.26 
12/11/2021T04:25:49Z,265,613,716,56.89,23.75,993.20 
12/11/2021T04:26:20Z,273,621,732,56.67,23.80,993.25 
12/11/2021T04:26:51Z,270,630,742,56.34,23.82,993.34 
12/11/2021T04:27:21Z,272,610,707,56.04,23.83,993.43 
12/11/2021T04:27:52Z,270,625,713,55.88,23.84,993.45 
12/11/2021T04:28:23Z,272,619,714,56.40,23.80,993.30 
12/11/2021T04:28:54Z,260,610,722,56.51,23.75,993.25 
12/11/2021T04:29:24Z,264,606,715,57.27,23.73,993.04 
12/11/2021T04:29:55Z,267,613,713,57.39,23.73,992.98 
12/11/2021T04:30:26Z,266,610,710,57.21,23.78,993.03 
12/11/2021T04:30:57Z,258,594,706,57.13,23.79,993.05 
12/11/2021T04:31:27Z,267,615,695,56.97,23.80,993.11 
12/11/2021T04:31:58Z,265,593,685,56.84,23.84,993.14 
12/11/2021T04:32:28Z,263,610,720,56.74,23.84,993.18 
12/11/2021T04:32:59Z,263,604,703,56.47,23.83,993.26 
12/11/2021T04:33:30Z,262,598,687,56.27,23.80,993.33 
12/11/2021T04:34:01Z,262,599,697,56.21,23.74,993.35 
12/11/2021T04:34:32Z,268,605,710,56.30,23.70,993.33 
12/11/2021T04:35:02Z,261,600,693,56.31,23.68,993.32 
12/11/2021T04:35:33Z,263,609,718,56.70,23.61,993.22 
12/11/2021T04:36:03Z,257,594,691,56.84,23.64,993.17 
12/11/2021T04:36:34Z,263,608,710,56.67,23.71,993.21 
12/11/2021T04:37:04Z,263,607,699,56.22,23.72,993.33 
12/11/2021T04:37:35Z,271,618,714,56.35,23.71,993.29 
12/11/2021T04:38:05Z,267,615,710,56.44,23.72,993.26 
12/11/2021T04:38:36Z,272,630,747,56.58,23.74,993.21 
12/11/2021T04:39:07Z,271,626,735,56.51,23.78,993.20 
12/11/2021T04:39:37Z,277,641,761,56.50,23.81,993.20 
12/11/2021T04:40:08Z,272,630,737,56.07,23.79,993.34 
12/11/2021T04:40:38Z,266,620,735,56.09,23.81,993.33 
12/11/2021T04:41:08Z,265,607,701,55.92,23.81,993.39 
12/11/2021T04:41:39Z,264,607,719,55.76,23.83,993.44 
12/11/2021T04:42:09Z,261,595,703,55.78,23.83,993.43 
12/11/2021T04:42:40Z,262,594,691,55.91,23.80,993.39 
12/11/2021T04:43:10Z,257,596,700,56.08,23.80,993.33 
12/11/2021T04:43:41Z,256,600,698,56.24,23.79,993.28 
12/11/2021T04:44:11Z,257,587,700,56.22,23.80,993.28 
12/11/2021T04:44:41Z,259,587,679,56.04,23.79,993.32 
12/11/2021T04:45:12Z,257,593,680,56.12,23.74,993.32 
12/11/2021T04:45:42Z,254,592,691,56.24,23.73,993.26 
12/11/2021T04:46:12Z,260,589,676,56.36,23.71,993.23 
12/11/2021T04:46:42Z,260,589,691,56.61,23.72,993.14 
12/11/2021T04:47:12Z,256,582,669,56.71,23.71,993.10 
12/11/2021T04:47:43Z,259,585,690,56.48,23.72,993.16 
12/11/2021T04:48:13Z,255,582,669,56.40,23.74,993.21 
12/11/2021T04:48:43Z,262,593,689,56.55,23.74,993.17 
12/11/2021T04:49:13Z,257,586,701,57.04,23.69,993.03 
12/11/2021T04:49:43Z,259,587,687,57.35,23.69,992.92 
12/11/2021T04:50:13Z,258,581,680,57.42,23.74,992.89 
12/11/2021T04:50:43Z,256,587,681,57.32,23.77,992.93 
12/11/2021T04:51:14Z,260,598,703,57.32,23.77,992.92 
12/11/2021T04:51:44Z,261,596,699,57.30,23.75,992.93 
12/11/2021T04:52:15Z,258,596,692,57.35,23.77,992.92 
12/11/2021T04:52:45Z,263,599,699,57.21,23.69,992.98 
12/11/2021T04:53:15Z,254,586,683,57.68,23.72,992.84 
12/11/2021T04:53:46Z,256,592,690,57.09,23.73,993.03 
12/11/2021T04:54:16Z,264,597,704,57.15,23.70,993.05 
12/11/2021T04:54:46Z,256,594,701,57.42,23.74,992.95 
12/11/2021T04:55:16Z,258,598,690,57.14,23.75,993.02 
12/11/2021T04:55:46Z,256,591,680,56.46,23.69,993.23 
12/11/2021T04:56:16Z,256,594,694,56.41,23.59,993.28 
12/11/2021T04:56:47Z,263,600,707,56.89,23.64,993.12 
12/11/2021T04:57:17Z,316,896,1099,56.30,23.63,993.28 
12/11/2021T04:57:47Z,307,762,892,56.35,23.65,993.26 
12/11/2021T04:58:18Z,323,970,1161,56.78,23.71,993.10 
12/11/2021T04:58:48Z,294,759,897,56.24,23.74,993.25 
12/11/2021T04:59:19Z,297,739,862,56.29,23.75,993.23 
12/11/2021T04:59:49Z,296,729,855,56.36,23.78,993.20 
12/11/2021T05:00:20Z,285,698,826,56.00,23.79,993.31 
12/11/2021T05:00:50Z,292,768,922,56.14,23.81,993.25 
12/11/2021T05:01:20Z,292,828,1022,55.91,23.83,993.31 
12/11/2021T05:01:51Z,284,776,951,55.65,23.78,993.38 
12/11/2021T05:02:21Z,286,1031,1356,56.34,23.79,993.14 
12/11/2021T05:02:52Z,287,911,1155,56.23,23.83,993.16 
12/11/2021T05:03:22Z,287,874,1096,56.19,23.85,993.15 
12/11/2021T05:03:53Z,284,858,1079,55.87,23.88,993.22 
12/11/2021T05:04:23Z,279,957,1243,55.83,23.89,993.24 
12/11/2021T05:04:54Z,277,1012,1348,55.69,23.90,993.28 
12/11/2021T05:05:24Z,276,969,1271,56.02,23.91,993.17 
12/11/2021T05:05:55Z,272,946,1240,56.05,23.92,993.15 
12/11/2021T05:06:26Z,274,976,1297,56.16,23.93,993.11 
12/11/2021T05:06:56Z,268,1089,1460,56.31,23.95,993.05 
12/11/2021T05:07:27Z,240,1330,301,56.37,23.95,993.04 
12/11/2021T05:07:57Z,227,1437,551,56.64,23.97,992.94 
12/11/2021T05:08:28Z,269,1143,1555,56.79,24.00,992.89 
12/11/2021T05:08:58Z,282,919,1188,56.76,24.02,992.88 
12/11/2021T05:09:29Z,288,907,1167,56.76,24.03,992.89 
12/11/2021T05:09:59Z,287,862,1094,56.75,24.03,992.87 
12/11/2021T05:10:29Z,286,861,1098,56.74,24.02,992.86 
12/11/2021T05:10:59Z,279,966,1255,56.84,24.06,992.83 
12/11/2021T05:11:30Z,276,1040,1378,56.88,24.09,992.80 
12/11/2021T05:12:00Z,282,1035,1367,56.75,24.09,992.83 
12/11/2021T05:12:30Z,288,959,1250,56.57,24.11,992.88 
12/11/2021T05:13:01Z,284,835,1072,56.66,24.14,992.85 
12/11/2021T05:13:31Z,282,895,1147,56.65,24.16,992.84 
12/11/2021T05:14:02Z,244,1346,342,56.90,24.19,992.77 
12/11/2021T05:14:32Z,205,23,1003,56.96,24.23,992.73 
12/11/2021T05:15:03Z,221,1533,724,56.73,24.25,992.77 
12/11/2021T05:15:33Z,203,111,1239,56.67,24.21,992.83 
12/11/2021T05:16:04Z,273,1146,1568,56.25,24.24,992.96 
12/11/2021T05:16:34Z,256,1265,93,56.17,24.27,992.97 
12/11/2021T05:17:04Z,260,1251,72,56.02,24.31,993.00 
12/11/2021T05:17:35Z,265,1289,82,56.08,24.35,992.97 
12/11/2021T05:18:05Z,273,1127,1545,55.95,24.37,993.01 
12/11/2021T05:18:35Z,281,978,1294,55.65,24.40,993.08 
12/11/2021T05:19:05Z,289,926,1206,55.65,24.38,993.08 
12/11/2021T05:19:35Z,287,1036,1364,55.91,24.36,992.99 
12/11/2021T05:20:06Z,276,1091,1438,56.27,24.37,992.87 
12/11/2021T05:20:36Z,278,1113,1486,56.41,24.43,992.79 
12/11/2021T05:21:07Z,276,1017,1344,55.77,24.49,992.98 
12/11/2021T05:21:38Z,267,1209,1656,55.47,24.53,993.08 
12/11/2021T05:22:08Z,253,1325,204,55.56,24.53,993.05 
12/11/2021T05:22:38Z,247,1375,303,55.62,24.54,993.01 
12/11/2021T05:23:09Z,271,1149,1557,55.41,24.56,993.09 
12/11/2021T05:23:38Z,270,1127,1555,55.07,24.58,993.18 
12/11/2021T05:24:09Z,278,1020,1353,54.82,24.58,993.26 
12/11/2021T05:24:39Z,256,1281,122,55.12,24.58,993.17 
12/11/2021T05:25:10Z,232,1484,515,55.39,24.61,993.05 
12/11/2021T05:25:40Z,267,1212,8,55.04,24.60,993.16 
12/11/2021T05:26:11Z,283,1016,1334,54.69,24.59,993.28 
12/11/2021T05:26:41Z,283,1119,1484,54.79,24.59,993.23 
12/11/2021T05:27:11Z,268,1204,1647,54.61,24.57,993.27 
12/11/2021T05:27:42Z,267,1292,155,55.09,24.52,993.12 
12/11/2021T05:28:13Z,273,1274,23,55.55,24.54,992.94 
12/11/2021T05:28:43Z,282,1134,1525,55.28,24.60,992.99 
12/11/2021T05:29:13Z,283,1122,1481,54.95,24.65,993.09 
12/11/2021T05:29:44Z,282,1145,1489,54.66,24.66,993.20 
12/11/2021T05:30:14Z,288,1045,1373,54.74,24.67,993.16 
12/11/2021T05:30:44Z,282,1141,1518,54.98,24.69,993.10 
12/11/2021T05:31:14Z,265,1291,79,54.91,24.72,993.11 
12/11/2021T05:31:45Z,246,1470,464,55.01,24.76,993.06 
12/11/2021T05:32:15Z,273,921,1174,54.48,24.64,993.24 
12/11/2021T05:32:45Z,211,103,1093,55.74,24.58,992.87 
12/11/2021T05:33:16Z,233,1539,660,55.39,24.63,992.92 
12/11/2021T05:33:46Z,228,1560,609,55.40,24.67,992.93 
12/11/2021T05:34:17Z,222,12,848,55.59,24.67,992.87 
12/11/2021T05:34:47Z,244,1475,440,55.26,24.71,992.95 
12/11/2021T05:35:17Z,225,1576,641,55.47,24.75,992.90 
12/11/2021T05:35:47Z,216,69,956,55.75,24.78,992.78 
12/11/2021T05:36:18Z,203,123,1148,55.74,24.78,992.79 
12/11/2021T05:36:48Z,207,75,1037,55.65,24.78,992.83 
12/11/2021T05:37:19Z,196,221,1330,55.75,24.78,992.80 
12/11/2021T05:37:49Z,205,105,1047,55.66,24.75,992.86 
12/11/2021T05:38:19Z,201,136,1100,55.25,24.73,993.01 
12/11/2021T05:38:50Z,231,1624,709,55.14,24.71,993.07 
12/11/2021T05:39:21Z,250,1486,424,55.24,24.68,993.05 
12/11/2021T05:39:51Z,285,1172,1542,54.59,24.65,993.24 
12/11/2021T05:40:21Z,273,1286,10,55.20,24.65,993.05 
12/11/2021T05:40:51Z,277,898,1148,54.57,24.53,993.27 
12/11/2021T05:41:21Z,265,1345,142,55.50,24.53,992.95 
12/11/2021T05:41:52Z,272,1287,21,55.16,24.55,993.05 
12/11/2021T05:42:22Z,278,1203,1562,55.23,24.57,993.04 
12/11/2021T05:42:53Z,274,1203,1590,55.45,24.58,992.94 
12/11/2021T05:43:23Z,290,898,1115,55.28,24.47,993.01 
12/11/2021T05:43:53Z,289,1002,1253,55.75,24.45,992.87 
12/11/2021T05:44:23Z,288,812,992,55.06,24.38,993.08 
12/11/2021T05:44:54Z,296,909,1125,55.13,24.32,993.11 
12/11/2021T05:45:24Z,300,971,1209,55.95,24.38,992.78 
12/11/2021T05:45:55Z,303,949,1169,55.79,24.44,992.81 
12/11/2021T05:46:25Z,297,960,1181,55.52,24.49,992.87 
12/11/2021T05:46:55Z,299,878,1066,55.32,24.51,992.95 
12/11/2021T05:47:25Z,299,843,1009,55.08,24.52,993.02 
12/11/2021T05:47:56Z,294,779,927,54.73,24.52,993.15 
12/11/2021T05:48:27Z,286,753,890,54.66,24.53,993.16 
12/11/2021T05:48:58Z,286,731,867,54.69,24.51,993.16 
12/11/2021T05:49:28Z,280,730,872,54.89,24.49,993.08 
12/11/2021T05:49:58Z,276,675,798,54.69,24.49,993.15 
12/11/2021T05:50:29Z,277,695,812,54.66,24.49,993.16 
12/11/2021T05:50:59Z,276,675,793,54.60,24.48,993.18 
12/11/2021T05:51:29Z,276,683,810,55.21,24.48,992.97 
12/11/2021T05:52:00Z,279,658,760,54.10,24.37,993.33 
12/11/2021T05:52:30Z,267,612,699,54.52,24.22,993.23 
12/11/2021T05:53:01Z,267,611,717,54.80,24.15,993.12 
12/11/2021T05:53:32Z,262,610,712,55.47,24.11,992.91 
12/11/2021T05:54:02Z,274,646,773,56.20,24.21,992.60 
12/11/2021T05:54:33Z,276,647,763,55.96,24.30,992.64 
12/11/2021T05:55:03Z,267,629,735,55.86,24.36,992.68 
12/11/2021T05:55:34Z,269,634,750,55.84,24.42,992.67 
12/11/2021T05:56:05Z,271,633,728,55.89,24.41,992.64 
12/11/2021T05:56:35Z,267,620,718,55.97,24.42,992.63 
12/11/2021T05:57:06Z,269,629,738,55.96,24.44,992.62 
12/11/2021T05:57:37Z,267,616,721,56.06,24.47,992.59 
12/11/2021T05:58:07Z,264,594,696,55.95,24.49,992.61 
12/11/2021T05:58:37Z,261,591,692,55.83,24.51,992.66 
12/11/2021T05:59:07Z,261,604,712,55.64,24.52,992.73 
12/11/2021T05:59:37Z,257,598,688,55.58,24.54,992.73 
12/11/2021T06:00:08Z,261,593,686,55.63,24.55,992.72 
12/11/2021T06:00:38Z,258,590,695,55.44,24.55,992.77 
12/11/2021T06:01:08Z,256,574,675,55.41,24.50,992.80 
12/11/2021T06:01:38Z,261,587,681,55.82,24.51,992.68 
12/11/2021T06:02:09Z,260,579,680,55.75,24.51,992.68 
12/11/2021T06:02:39Z,255,580,669,55.44,24.50,992.79 
12/11/2021T06:03:09Z,255,573,669,55.85,24.49,992.66 
12/11/2021T06:03:39Z,259,590,686,55.98,24.50,992.61 
12/11/2021T06:04:09Z,254,582,675,55.70,24.52,992.69 
12/11/2021T06:04:40Z,252,579,678,55.66,24.52,992.71 
12/11/2021T06:05:10Z,256,579,675,55.70,24.51,992.69 
12/11/2021T06:05:40Z,256,569,666,55.65,24.51,992.70 
12/11/2021T06:06:10Z,255,566,658,55.82,24.51,992.64 
12/11/2021T06:06:41Z,258,577,670,55.99,24.51,992.56 
12/11/2021T06:07:11Z,252,564,659,55.87,24.52,992.58 
12/11/2021T06:07:41Z,249,557,654,55.86,24.52,992.59 
12/11/2021T06:08:12Z,253,548,634,55.46,24.48,992.70 
12/11/2021T06:08:43Z,250,543,629,56.02,24.43,992.56 
12/11/2021T06:09:13Z,249,558,654,56.20,24.46,992.46 
12/11/2021T06:09:44Z,250,544,637,56.02,24.48,992.51 
12/11/2021T06:10:15Z,248,545,636,55.98,24.49,992.52 
12/11/2021T06:10:45Z,242,529,614,55.21,24.44,992.75 
12/11/2021T06:11:16Z,248,538,630,55.45,24.38,992.69 
12/11/2021T06:11:47Z,245,533,619,56.30,24.41,992.42 
12/11/2021T06:12:17Z,250,552,633,56.24,24.45,992.40 
12/11/2021T06:12:48Z,243,549,643,56.03,24.47,992.45 
12/11/2021T06:13:18Z,252,551,638,56.06,24.50,992.42 
12/11/2021T06:13:48Z,251,551,643,55.95,24.53,992.44 
12/11/2021T06:14:19Z,250,545,630,55.93,24.55,992.44 
12/11/2021T06:14:49Z,253,557,647,56.15,24.58,992.37 
12/11/2021T06:15:20Z,250,553,646,56.08,24.61,992.36 
12/11/2021T06:15:50Z,244,536,630,55.98,24.62,992.39 
12/11/2021T06:16:21Z,247,544,630,55.34,24.60,992.60 
12/11/2021T06:16:55Z,243,529,624,55.36,24.56,992.64 
12/11/2021T06:17:25Z,246,543,629,55.90,24.60,992.42 
12/11/2021T10:13:07Z,183,363,410,63.88,22.28,989.09 
12/11/2021T10:13:38Z,191,371,420,64.31,22.47,989.23 
12/11/2021T10:14:08Z,188,374,434,63.87,22.71,989.25 
12/11/2021T10:14:39Z,190,378,440,63.42,22.94,989.23 
12/11/2021T10:15:10Z,191,370,424,62.98,23.15,989.23 
12/11/2021T10:15:41Z,192,373,423,62.65,23.32,989.23 
12/11/2021T10:16:11Z,194,381,432,62.34,23.42,989.24 
12/11/2021T10:16:42Z,199,382,428,62.71,23.56,989.19 
12/11/2021T10:17:12Z,198,380,435,62.12,23.67,989.22 
12/11/2021T10:17:43Z,194,376,425,61.58,23.74,989.25 
12/11/2021T10:18:14Z,193,367,419,61.28,23.78,989.28 
12/11/2021T10:18:44Z,194,376,424,61.13,23.83,989.27 
12/11/2021T10:19:15Z,193,379,435,61.01,23.87,989.26 
12/11/2021T10:19:45Z,197,388,441,61.23,23.91,989.22 
12/11/2021T10:20:16Z,196,382,438,61.25,23.94,989.20 
12/11/2021T10:20:47Z,198,381,427,61.43,23.99,989.14 
12/11/2021T10:21:18Z,195,380,433,61.53,24.03,989.11 
12/11/2021T10:21:49Z,198,378,435,61.34,24.07,989.16 
12/11/2021T10:22:19Z,193,376,429,61.28,24.10,989.16 
12/11/2021T10:22:50Z,200,380,434,61.20,24.14,989.17 
12/11/2021T10:23:20Z,195,377,436,61.17,24.16,989.17 
12/11/2021T10:23:51Z,195,375,420,60.94,24.19,989.19 
12/11/2021T10:24:22Z,195,373,419,60.84,24.23,989.19 
12/11/2021T10:24:53Z,194,369,419,60.69,24.24,989.21 
12/11/2021T10:25:23Z,197,381,431,61.07,24.25,989.14 
12/11/2021T10:25:53Z,198,384,426,60.82,24.26,989.19 
12/11/2021T10:26:24Z,196,378,434,60.62,24.28,989.20 
12/11/2021T10:26:54Z,191,371,417,60.50,24.30,989.20 
12/11/2021T10:27:25Z,193,377,426,60.45,24.31,989.20 
12/11/2021T10:27:56Z,194,378,436,60.44,24.31,989.17 
12/11/2021T10:28:27Z,199,397,453,61.25,24.31,989.06 
12/11/2021T10:28:57Z,200,385,439,61.43,24.35,989.06 
12/11/2021T10:29:28Z,199,384,434,61.33,24.39,989.07 
12/11/2021T10:29:59Z,199,384,441,60.99,24.38,989.12 
12/11/2021T10:30:30Z,200,389,442,60.93,24.39,989.10 
12/11/2021T10:31:00Z,197,380,435,61.61,24.43,989.03 
12/11/2021T10:31:30Z,196,380,428,60.87,24.44,989.13 
12/11/2021T10:32:00Z,195,381,423,60.64,24.44,989.14 
12/11/2021T10:32:31Z,199,386,444,60.67,24.42,989.13 
12/11/2021T10:33:01Z,204,392,444,60.92,24.40,989.10 
12/11/2021T10:33:32Z,201,389,444,60.95,24.40,989.09 
12/11/2021T10:34:03Z,210,411,468,61.29,24.32,989.05 
12/11/2021T10:34:34Z,205,409,462,61.63,24.31,989.02 
12/11/2021T10:35:04Z,201,392,437,61.30,24.36,989.09 
12/11/2021T10:35:35Z,197,391,442,61.85,24.42,989.01 
12/11/2021T10:36:05Z,199,388,443,61.35,24.44,989.08 
12/11/2021T10:36:35Z,200,388,440,61.70,24.45,989.04 
12/11/2021T10:37:06Z,202,393,453,62.15,24.42,989.00 
12/11/2021T10:37:36Z,203,397,451,62.59,24.41,989.00 
12/11/2021T10:38:07Z,205,394,454,61.98,24.43,989.06 
12/11/2021T10:38:38Z,205,391,435,61.65,24.46,989.09 
12/11/2021T10:39:08Z,204,399,447,61.46,24.47,989.11 
12/11/2021T10:39:39Z,208,397,448,61.69,24.47,989.09 
12/11/2021T10:40:09Z,204,395,443,62.01,24.47,989.06 
12/11/2021T10:40:40Z,207,396,450,61.85,24.46,989.09 
12/11/2021T10:41:11Z,208,399,451,61.52,24.48,989.13 
12/11/2021T10:41:41Z,205,395,457,61.92,24.45,989.07 
12/11/2021T10:42:12Z,204,387,442,61.56,24.44,989.13 
12/11/2021T10:42:42Z,207,397,448,61.69,24.47,989.10 
12/11/2021T10:43:13Z,208,401,452,61.87,24.46,989.08 
12/11/2021T10:43:43Z,206,398,443,61.76,24.46,989.10 
12/11/2021T10:44:14Z,198,394,445,61.65,24.46,989.13 
12/11/2021T10:44:44Z,205,402,461,62.08,24.44,989.06 
12/11/2021T10:45:15Z,206,392,444,62.45,24.46,989.06 
12/11/2021T10:45:45Z,200,391,444,62.61,24.49,989.05 
12/11/2021T10:46:16Z,209,400,449,62.93,24.54,989.02 
12/11/2021T10:46:46Z,203,398,445,62.37,24.62,989.07 
12/11/2021T10:47:17Z,205,391,447,62.17,24.64,989.09 
12/11/2021T10:47:48Z,202,387,449,61.94,24.69,989.10 
12/11/2021T10:48:18Z,205,399,452,62.22,24.69,989.07 
12/11/2021T10:48:49Z,207,399,449,61.85,24.67,989.11 
12/11/2021T10:49:19Z,203,390,442,61.53,24.67,989.13 
12/11/2021T10:49:49Z,204,388,440,61.77,24.68,989.10 
12/11/2021T10:50:20Z,205,393,453,61.88,24.67,989.08 
12/11/2021T10:50:50Z,207,395,452,62.03,24.61,989.08 
12/11/2021T10:51:21Z,208,403,462,62.61,24.58,989.03 
12/11/2021T10:51:51Z,208,405,462,62.50,24.60,989.04 
12/11/2021T10:52:22Z,206,402,460,62.08,24.63,989.09 
12/11/2021T10:52:52Z,205,391,447,61.99,24.65,989.09 
12/11/2021T10:53:22Z,202,391,450,61.58,24.65,989.13 
12/11/2021T10:53:53Z,205,399,455,61.80,24.54,989.10 
12/11/2021T10:54:23Z,207,397,454,62.39,24.58,989.04 
12/11/2021T10:54:54Z,201,391,440,61.94,24.60,989.09 
12/11/2021T10:55:25Z,201,391,450,62.01,24.61,989.08 
12/11/2021T10:55:55Z,202,390,438,61.83,24.60,989.11 
12/11/2021T10:56:26Z,201,385,435,61.69,24.61,989.13 
12/11/2021T10:56:57Z,203,389,441,61.70,24.62,989.11 
12/11/2021T10:57:28Z,203,399,453,61.94,24.65,989.09 
12/11/2021T10:57:58Z,198,385,437,61.28,24.66,989.17 
12/11/2021T10:58:29Z,203,390,444,61.34,24.68,989.16 
12/11/2021T10:58:59Z,204,392,450,61.69,24.66,989.12 
12/11/2021T10:59:30Z,203,390,433,61.84,24.67,989.09 
12/11/2021T11:00:00Z,205,393,441,61.63,24.67,989.12 
12/11/2021T11:00:31Z,202,390,447,61.66,24.67,989.11 
12/11/2021T11:01:02Z,202,389,438,61.73,24.67,989.09 
12/11/2021T11:01:32Z,203,389,443,61.61,24.66,989.10 
12/11/2021T11:02:03Z,195,380,434,61.68,24.68,989.08 
12/11/2021T11:02:34Z,201,383,434,61.61,24.69,989.07 
12/11/2021T11:03:04Z,203,390,442,61.44,24.70,989.10 
12/11/2021T11:03:35Z,203,388,446,61.42,24.69,989.09 
12/11/2021T11:04:05Z,201,394,453,61.45,24.71,989.09 
12/11/2021T11:04:36Z,201,384,441,61.31,24.74,989.10 
12/11/2021T11:05:06Z,199,383,437,61.45,24.74,989.07 
12/11/2021T11:05:36Z,202,389,437,61.32,24.73,989.10 
12/11/2021T11:06:06Z,201,389,443,61.72,24.71,989.04 
12/11/2021T11:06:37Z,201,382,445,61.72,24.70,989.06 
12/11/2021T11:07:07Z,200,389,439,61.84,24.70,989.05 
12/11/2021T11:07:38Z,203,385,438,61.77,24.71,989.07 
12/11/2021T11:08:09Z,200,392,450,61.87,24.71,989.06 
12/11/2021T11:08:39Z,200,385,445,61.87,24.73,989.06 
12/11/2021T11:09:10Z,203,388,442,61.77,24.73,989.07 
12/11/2021T11:09:40Z,202,386,432,61.32,24.75,989.14 
12/11/2021T11:10:11Z,201,394,442,61.35,24.71,989.14 
12/11/2021T11:10:42Z,202,390,441,61.43,24.68,989.14 
12/11/2021T11:11:13Z,203,397,452,61.58,24.67,989.13 
12/11/2021T11:11:43Z,203,396,449,61.55,24.67,989.14 
12/11/2021T11:12:13Z,200,391,449,61.47,24.68,989.15 
12/11/2021T11:12:44Z,205,395,455,61.48,24.69,989.14 
12/11/2021T11:13:14Z,203,391,441,61.44,24.69,989.16 
12/11/2021T11:13:45Z,206,396,444,61.89,24.68,989.11 
12/11/2021T11:14:15Z,203,390,449,61.94,24.69,989.12 
12/11/2021T11:14:46Z,199,398,461,61.36,24.70,989.20 
12/11/2021T11:15:17Z,204,393,447,61.39,24.71,989.19 
12/11/2021T11:15:47Z,201,397,453,61.29,24.70,989.21 
12/11/2021T11:16:18Z,205,389,436,61.19,24.69,989.23 
12/11/2021T11:16:48Z,204,388,437,61.33,24.64,989.21 
12/11/2021T11:17:19Z,203,388,441,61.33,24.58,989.21 
12/11/2021T11:17:49Z,207,400,461,61.46,24.53,989.19 
12/11/2021T11:18:19Z,206,403,453,61.66,24.46,989.19 
12/11/2021T11:18:50Z,201,394,448,62.04,24.48,989.14 
12/11/2021T11:19:21Z,201,391,448,61.81,24.51,989.17 
12/11/2021T11:19:52Z,206,387,436,61.47,24.51,989.21 
12/11/2021T11:20:22Z,207,395,452,61.76,24.46,989.16 
12/11/2021T11:20:53Z,205,394,444,61.84,24.47,989.16 
12/11/2021T11:21:23Z,207,396,455,61.67,24.47,989.19 
12/11/2021T11:21:54Z,209,398,451,61.81,24.43,989.18 
12/11/2021T11:22:24Z,204,394,449,62.18,24.44,989.14 
12/11/2021T11:22:54Z,202,390,442,62.07,24.48,989.16 
12/11/2021T11:23:25Z,200,390,440,61.86,24.56,989.18 
12/11/2021T11:23:55Z,201,394,446,61.60,24.63,989.20 
12/11/2021T11:24:26Z,203,391,453,61.66,24.67,989.18 
12/11/2021T11:25:03Z,204,395,452,61.55,24.63,989.20 
12/11/2021T11:24:29Z,205,402,460,61.44,24.67,989.21 
12/11/2021T11:24:59Z,205,393,453,61.53,24.65,989.20 
12/11/2021T11:25:30Z,203,392,446,62.42,24.67,989.14 
12/11/2021T11:26:01Z,203,397,463,62.40,24.70,989.14 
12/11/2021T11:26:32Z,202,397,457,62.10,24.74,989.19 
12/11/2021T11:27:02Z,205,399,453,61.66,24.75,989.24 
12/11/2021T11:27:32Z,201,396,451,61.39,24.77,989.27 
12/11/2021T11:28:02Z,202,383,444,60.91,24.77,989.33 
12/11/2021T11:28:33Z,203,394,454,60.93,24.76,989.32 
12/11/2021T11:29:04Z,201,391,444,61.02,24.73,989.31 
12/11/2021T11:29:35Z,201,398,449,61.00,24.70,989.33 
12/11/2021T11:30:05Z,203,392,452,61.28,24.67,989.29 
12/11/2021T11:30:36Z,198,388,445,61.18,24.69,989.30 
12/11/2021T11:31:06Z,202,398,455,61.13,24.69,989.31 
12/11/2021T11:31:36Z,204,392,453,61.35,24.70,989.27 
12/11/2021T11:32:07Z,202,395,451,61.19,24.72,989.31 
12/11/2021T11:32:38Z,201,391,460,60.98,24.74,989.34 
12/11/2021T11:33:09Z,201,388,447,61.02,24.67,989.34 
12/11/2021T11:33:39Z,199,390,451,61.49,24.59,989.27 
12/11/2021T11:34:10Z,199,389,447,61.89,24.56,989.25 
12/11/2021T11:34:41Z,203,384,438,61.73,24.59,989.28 
12/11/2021T11:35:11Z,198,387,443,61.60,24.56,989.33 
12/11/2021T11:35:42Z,200,386,444,62.04,24.50,989.28 
12/11/2021T11:36:13Z,200,397,456,62.88,24.41,989.25 
12/11/2021T11:36:44Z,203,393,452,62.65,24.44,989.30 
12/11/2021T11:37:14Z,202,384,443,62.45,24.50,989.33 
12/11/2021T11:37:45Z,196,381,440,62.25,24.53,989.34 
12/11/2021T11:38:15Z,198,380,432,62.11,24.58,989.34 
12/11/2021T11:38:45Z,199,384,439,62.05,24.60,989.34 
12/11/2021T11:39:16Z,199,390,454,62.13,24.57,989.33 
12/11/2021T11:39:46Z,202,386,453,62.71,24.49,989.29 
12/11/2021T11:40:17Z,203,387,441,62.65,24.53,989.32 
12/11/2021T11:40:47Z,199,381,437,62.72,24.55,989.31 
12/11/2021T11:41:18Z,206,379,441,62.81,24.53,989.31 
12/11/2021T11:41:48Z,206,391,444,63.05,24.43,989.31 
12/11/2021T11:42:19Z,203,380,432,62.65,24.52,989.34 
12/11/2021T11:42:49Z,199,383,440,62.57,24.54,989.35 
12/11/2021T11:43:20Z,201,386,435,62.58,24.61,989.32 
12/11/2021T11:43:50Z,197,386,442,62.49,24.67,989.31 
12/11/2021T11:44:20Z,197,382,442,62.54,24.71,989.31 
12/11/2021T11:44:51Z,198,377,432,62.12,24.75,989.37 
12/11/2021T11:45:21Z,201,391,447,61.85,24.78,989.40 
12/11/2021T11:45:52Z,201,391,451,61.73,24.81,989.42 
12/11/2021T11:46:22Z,201,388,444,61.64,24.83,989.42 
12/11/2021T11:46:53Z,201,385,448,61.65,24.85,989.41 
12/11/2021T11:47:23Z,198,383,445,61.87,24.88,989.38 
12/11/2021T11:47:53Z,203,396,449,61.68,24.92,989.41 
12/11/2021T11:48:24Z,197,393,442,61.55,24.95,989.41 
12/11/2021T11:48:55Z,201,389,435,61.40,24.97,989.44 
12/11/2021T11:49:25Z,198,392,453,61.31,24.99,989.45 
12/11/2021T11:49:55Z,204,388,439,61.18,24.97,989.46 
12/11/2021T11:50:25Z,202,393,441,61.40,24.99,989.43 
12/11/2021T11:50:55Z,200,394,452,61.18,24.96,989.47 
12/11/2021T11:51:26Z,203,395,453,61.20,24.91,989.46 
12/11/2021T11:51:57Z,206,397,452,61.70,24.88,989.39 
12/11/2021T11:52:27Z,209,395,447,61.38,24.82,989.46 
12/11/2021T11:52:57Z,204,397,447,61.46,24.78,989.46 
12/11/2021T11:53:28Z,206,395,446,61.62,24.76,989.44 
12/11/2021T11:53:58Z,210,403,460,61.68,24.73,989.45 
12/11/2021T11:54:29Z,213,416,473,62.23,24.56,989.40 
12/11/2021T11:54:59Z,211,410,472,62.67,24.58,989.39 
12/11/2021T11:55:30Z,207,406,464,62.49,24.65,989.41 
12/11/2021T11:56:00Z,210,413,471,62.45,24.70,989.42 
12/11/2021T11:56:31Z,208,399,464,62.29,24.76,989.45 
12/11/2021T11:57:01Z,207,406,464,62.20,24.80,989.46 
12/11/2021T11:57:32Z,208,404,459,62.00,24.82,989.49 
12/11/2021T11:58:03Z,212,408,467,62.11,24.84,989.49 
12/11/2021T11:58:33Z,208,409,466,62.18,24.85,989.47 
12/11/2021T11:59:04Z,208,404,473,62.22,24.85,989.47 
12/11/2021T11:59:34Z,214,406,466,62.31,24.86,989.46 
12/11/2021T12:00:05Z,212,411,468,62.59,24.87,989.45 
12/11/2021T12:00:35Z,210,414,483,62.56,24.89,989.45 
12/11/2021T12:01:06Z,209,405,460,62.40,24.93,989.47 
12/11/2021T12:01:37Z,213,411,454,62.36,24.98,989.48 
12/11/2021T12:02:07Z,214,404,454,62.44,24.99,989.46 
12/11/2021T12:02:38Z,207,403,455,62.56,25.01,989.46 
12/11/2021T12:03:09Z,212,414,474,62.66,25.03,989.46 
12/11/2021T12:03:40Z,214,418,477,62.84,25.07,989.45 
12/11/2021T12:04:10Z,217,415,479,62.75,25.11,989.46 
12/11/2021T12:04:40Z,219,428,483,62.80,25.12,989.46 
12/11/2021T12:05:10Z,217,421,474,62.58,25.12,989.48 
12/11/2021T12:05:41Z,218,413,466,62.37,25.14,989.51 
12/11/2021T12:06:11Z,216,425,489,62.31,25.17,989.51 
12/11/2021T12:06:42Z,218,426,487,62.33,25.20,989.49 
12/11/2021T12:07:12Z,222,430,482,62.36,25.24,989.49 
12/11/2021T12:07:43Z,219,418,478,62.15,25.28,989.53 
12/11/2021T12:08:14Z,220,423,488,61.84,25.24,989.55 
12/11/2021T12:08:44Z,217,424,487,61.99,25.25,989.53 
12/11/2021T12:09:14Z,227,438,509,61.99,25.24,989.53 
12/11/2021T12:09:44Z,226,438,499,62.22,25.24,989.50 
12/11/2021T12:10:15Z,223,438,497,62.30,25.26,989.51 
12/11/2021T12:10:45Z,224,436,504,62.10,25.27,989.52 
12/11/2021T12:11:16Z,225,448,517,61.83,25.18,989.56 
12/11/2021T12:11:47Z,223,437,502,62.17,25.12,989.53 
12/11/2021T12:12:17Z,220,435,499,62.09,25.14,989.54 
12/11/2021T12:12:48Z,221,439,506,61.95,25.16,989.57 
12/11/2021T12:13:18Z,220,435,497,61.87,25.13,989.58 
12/11/2021T12:13:49Z,218,443,521,61.90,25.13,989.58 
12/11/2021T12:14:20Z,225,438,517,61.91,25.14,989.59 
12/11/2021T12:14:50Z,221,439,512,61.68,25.09,989.63 
12/11/2021T12:16:26Z,220,439,509,62.15,25.04,989.57 
12/11/2021T12:16:56Z,218,441,522,61.97,25.06,989.61 
12/11/2021T12:17:27Z,220,435,510,61.78,25.09,989.65 
12/11/2021T12:17:58Z,220,436,511,61.65,25.09,989.67 
12/11/2021T12:18:28Z,219,437,515,61.89,25.10,989.64 
12/11/2021T12:18:59Z,220,433,505,62.06,25.09,989.62 
12/11/2021T12:19:30Z,217,434,501,61.99,25.08,989.62 
12/11/2021T12:20:01Z,220,431,509,61.97,25.10,989.63 
12/11/2021T12:20:31Z,222,434,503,61.88,25.06,989.66 
12/11/2021T12:21:02Z,223,437,518,61.95,25.03,989.66 
12/11/2021T12:21:32Z,221,437,506,62.17,25.03,989.64 
12/11/2021T12:22:03Z,224,440,501,62.14,25.03,989.65 
12/11/2021T12:22:34Z,223,440,507,62.16,25.02,989.65 
12/11/2021T12:23:05Z,225,445,518,62.30,25.02,989.64 
12/11/2021T12:23:35Z,224,452,526,62.39,25.02,989.64 
12/11/2021T12:24:06Z,221,437,507,62.05,25.01,989.69 
12/11/2021T12:24:37Z,221,439,508,62.06,25.00,989.70 
12/11/2021T12:25:07Z,223,438,513,62.21,25.00,989.68 
12/11/2021T12:25:38Z,220,442,504,62.08,25.01,989.70 
12/11/2021T12:26:08Z,227,445,517,62.12,25.00,989.71 
12/11/2021T12:26:39Z,229,456,533,62.12,25.00,989.71 
12/11/2021T12:27:10Z,227,457,533,62.00,25.00,989.73 
12/11/2021T12:27:41Z,226,455,521,62.26,25.01,989.71 
12/11/2021T12:28:11Z,229,459,524,62.22,25.01,989.73 
12/11/2021T12:28:41Z,226,443,514,62.17,25.03,989.75 
12/11/2021T12:29:12Z,225,443,510,62.24,25.04,989.75 
12/11/2021T12:29:42Z,230,441,516,62.04,25.02,989.79 
12/11/2021T12:30:13Z,233,453,527,61.96,25.01,989.80 
12/11/2021T12:30:44Z,233,456,525,62.11,25.01,989.78 
12/11/2021T12:31:14Z,233,459,528,62.19,25.02,989.78 
12/11/2021T12:31:45Z,226,450,530,62.14,25.01,989.80 
12/11/2021T12:32:16Z,226,454,523,62.12,24.98,989.82 
12/11/2021T12:32:47Z,220,458,533,62.16,24.97,989.81 
12/11/2021T12:33:17Z,230,456,524,62.13,24.97,989.81 
12/11/2021T12:33:48Z,230,456,520,62.19,24.99,989.80 
12/11/2021T12:34:19Z,229,453,516,62.21,24.99,989.81 
12/11/2021T12:34:49Z,230,453,524,62.10,24.99,989.83 
12/11/2021T12:35:20Z,229,451,522,62.00,24.99,989.84 
12/11/2021T12:35:50Z,228,448,512,62.15,25.01,989.83 
12/11/2021T12:36:21Z,229,457,530,62.07,25.02,989.84 
12/11/2021T12:36:51Z,226,454,520,62.14,25.02,989.85 
12/11/2021T12:37:22Z,231,450,523,62.03,25.01,989.87 
12/11/2021T12:37:52Z,232,457,517,62.06,25.00,989.87 
12/11/2021T12:38:22Z,228,447,511,62.09,24.97,989.87 
12/11/2021T12:38:53Z,231,454,517,62.19,24.96,989.85 
12/11/2021T12:39:24Z,227,447,511,62.37,24.95,989.85 
12/11/2021T12:39:54Z,229,448,518,62.50,24.94,989.86 
12/11/2021T12:40:25Z,233,462,533,62.04,24.87,989.94 
12/11/2021T12:40:56Z,238,477,544,62.09,24.78,989.94 
12/11/2021T12:41:26Z,239,484,550,62.35,24.72,989.92 
12/11/2021T12:41:57Z,238,475,554,62.42,24.69,989.93 
12/11/2021T12:42:28Z,242,482,558,62.49,24.68,989.94 
12/11/2021T12:42:58Z,240,481,544,62.56,24.65,989.93 
12/11/2021T12:43:29Z,247,497,564,62.72,24.59,989.92 
12/11/2021T12:44:00Z,243,496,573,63.12,24.59,989.90 
12/11/2021T12:44:30Z,240,488,557,63.02,24.61,989.91 
12/11/2021T12:45:01Z,250,494,573,62.93,24.62,989.91 
12/11/2021T12:45:31Z,251,501,582,63.03,24.61,989.92 
12/11/2021T12:46:02Z,250,501,582,63.09,24.62,989.92 
12/11/2021T12:46:32Z,253,510,584,63.21,24.62,989.91 
12/11/2021T12:47:03Z,249,511,581,63.14,24.63,989.93 
12/11/2021T12:47:33Z,254,511,585,63.07,24.65,989.94 
12/11/2021T12:48:03Z,257,507,578,62.94,24.65,989.96 
12/11/2021T12:48:34Z,255,530,611,63.01,24.62,989.95 
12/11/2021T12:49:04Z,258,520,589,63.14,24.59,989.95 
12/11/2021T12:49:34Z,254,518,601,63.27,24.60,989.94 
12/11/2021T12:50:04Z,253,515,594,63.31,24.63,989.94 
12/11/2021T12:50:35Z,259,524,601,63.28,24.65,989.95 
12/11/2021T12:51:05Z,262,531,603,63.31,24.67,989.96 
12/11/2021T12:51:36Z,265,540,617,63.03,24.67,990.00 
12/11/2021T12:52:06Z,269,544,617,62.91,24.66,990.01 
12/11/2021T12:52:36Z,266,538,618,62.86,24.65,990.01 
12/11/2021T12:53:06Z,262,538,622,62.81,24.63,990.03 
12/11/2021T12:53:36Z,259,539,617,62.77,24.61,990.04 
12/11/2021T12:54:07Z,254,525,611,62.77,24.57,990.04 
12/11/2021T12:54:37Z,258,526,609,62.97,24.53,990.03 
12/11/2021T12:55:07Z,258,524,612,63.14,24.52,990.02 
12/11/2021T12:55:37Z,259,521,602,63.30,24.43,990.04 
12/11/2021T12:56:08Z,259,527,602,63.54,24.38,990.05 
12/11/2021T12:56:38Z,257,524,604,63.59,24.35,990.07 
12/11/2021T12:57:09Z,257,524,598,63.68,24.38,990.06 
12/11/2021T12:57:39Z,263,533,611,64.01,24.42,990.05 
12/11/2021T12:58:09Z,259,532,602,64.08,24.41,990.08 
12/11/2021T12:58:39Z,263,542,618,64.04,24.45,990.09 
12/11/2021T12:59:09Z,264,539,625,64.14,24.48,990.08 
12/11/2021T12:59:40Z,267,538,620,63.89,24.49,990.10 
12/11/2021T13:00:10Z,262,541,616,63.72,24.54,990.12 
12/11/2021T13:00:40Z,268,544,627,63.35,24.56,990.12 
12/11/2021T13:01:10Z,269,544,616,63.38,24.56,990.12 
12/11/2021T13:01:40Z,266,541,616,63.34,24.56,990.14 
12/11/2021T13:02:11Z,267,543,625,63.41,24.61,990.12 
12/11/2021T13:02:41Z,265,547,623,63.34,24.66,990.12 
12/11/2021T13:03:11Z,266,550,632,63.34,24.71,990.12 
12/11/2021T13:03:41Z,267,539,624,62.98,24.74,990.14 
12/11/2021T13:04:11Z,262,538,617,62.99,24.72,990.15 
12/11/2021T13:04:42Z,261,528,601,63.11,24.76,990.14 
12/11/2021T13:05:12Z,262,536,617,63.04,24.78,990.16 
12/11/2021T13:05:42Z,261,539,614,62.59,24.80,990.19 
12/11/2021T13:06:12Z,263,526,602,62.42,24.80,990.21 
12/11/2021T13:06:42Z,258,523,598,62.54,24.79,990.20 
12/11/2021T13:07:12Z,256,517,595,62.61,24.80,990.19 
12/11/2021T13:07:43Z,257,521,602,62.81,24.85,990.16 
12/11/2021T13:08:13Z,256,524,598,62.86,24.90,990.14 
12/11/2021T13:08:43Z,255,518,596,62.73,24.95,990.16 
12/11/2021T13:09:13Z,256,507,585,62.45,24.99,990.18 
12/11/2021T13:09:44Z,258,517,584,62.18,25.06,990.16 
12/11/2021T13:10:14Z,253,519,601,61.98,25.12,990.18 
12/11/2021T13:10:44Z,253,516,594,61.70,25.21,990.21 
12/11/2021T13:11:15Z,252,510,581,61.43,25.30,990.21 
12/11/2021T13:11:45Z,248,511,586,60.87,25.34,990.27 
12/11/2021T13:12:15Z,250,511,586,60.67,25.35,990.29 
12/11/2021T13:12:46Z,254,512,584,60.60,25.35,990.30 
12/11/2021T13:13:16Z,255,516,597,60.28,25.31,990.34 
12/11/2021T13:13:47Z,256,510,591,60.26,25.27,990.32 
12/11/2021T13:14:17Z,259,508,581,60.25,25.24,990.35 
12/11/2021T13:14:48Z,255,515,588,60.38,25.19,990.34 
12/11/2021T13:15:18Z,256,509,578,60.60,25.18,990.31 
12/11/2021T13:15:49Z,252,502,588,60.50,25.18,990.33 
12/11/2021T13:16:20Z,252,514,590,60.47,25.18,990.33 
12/11/2021T13:16:50Z,252,511,583,60.40,25.19,990.36 
12/11/2021T13:17:20Z,252,504,567,60.07,25.16,990.39 
12/11/2021T13:17:51Z,255,513,573,60.27,25.17,990.36 
12/11/2021T13:18:22Z,250,506,581,60.04,25.18,990.38 
12/11/2021T13:18:52Z,250,502,574,60.28,25.17,990.33 
12/11/2021T13:19:23Z,254,516,590,60.30,25.17,990.33 
12/11/2021T13:19:53Z,250,511,584,60.33,25.13,990.32 
12/11/2021T13:20:24Z,250,500,572,60.58,25.11,990.28 
12/11/2021T13:20:54Z,250,506,583,60.67,25.08,990.27 
12/11/2021T13:21:24Z,250,504,589,60.88,25.05,990.24 
12/11/2021T13:21:55Z,248,504,575,60.91,25.03,990.24 
12/11/2021T13:22:25Z,252,516,592,60.96,25.05,990.24 
12/11/2021T13:22:56Z,258,527,603,61.08,25.09,990.21 
12/11/2021T13:23:26Z,260,522,591,61.16,25.14,990.19 
12/11/2021T13:23:57Z,254,507,582,61.32,25.22,990.18 
12/11/2021T13:24:27Z,254,516,583,60.89,25.24,990.24 
12/11/2021T13:24:57Z,259,520,606,60.85,25.23,990.24 
12/11/2021T13:25:28Z,252,508,579,60.77,25.28,990.25 
12/11/2021T13:25:58Z,251,517,595,60.86,25.33,990.24 
12/11/2021T13:26:28Z,255,516,594,60.83,25.39,990.24 
12/11/2021T13:26:59Z,259,517,588,60.84,25.46,990.23 
12/11/2021T13:27:29Z,262,530,602,60.16,25.50,990.33 
12/11/2021T13:28:00Z,266,550,623,59.94,25.48,990.35 
12/11/2021T13:28:30Z,265,541,605,60.12,25.43,990.31 
12/11/2021T13:29:00Z,265,545,611,60.17,25.41,990.32 
12/11/2021T13:29:31Z,265,546,612,60.30,25.39,990.32 
12/11/2021T13:30:01Z,266,553,628,60.33,25.38,990.31 
12/11/2021T13:30:32Z,274,566,651,60.33,25.38,990.34 
12/11/2021T13:31:03Z,278,585,670,60.32,25.35,990.35 
12/11/2021T13:31:33Z,277,578,657,60.56,25.33,990.33 
12/11/2021T13:32:04Z,278,572,646,60.64,25.35,990.32 
12/11/2021T13:32:34Z,265,542,621,60.60,25.35,990.32 
12/11/2021T13:33:04Z,266,539,623,60.67,25.34,990.32 
12/11/2021T13:33:35Z,270,540,605,60.55,25.34,990.34 
12/11/2021T13:34:05Z,263,536,613,60.48,25.32,990.36 
12/11/2021T13:34:35Z,262,533,610,60.62,25.32,990.34 
12/11/2021T13:35:05Z,257,529,596,60.79,25.30,990.31 
12/11/2021T13:35:36Z,260,529,593,60.81,25.30,990.33 
12/11/2021T13:36:06Z,260,523,602,60.81,25.30,990.34 
12/11/2021T13:36:36Z,256,519,583,60.83,25.30,990.34 
12/11/2021T13:37:07Z,258,518,591,60.71,25.29,990.38 
12/11/2021T13:37:37Z,257,519,592,60.76,25.27,990.37 
12/11/2021T13:38:07Z,260,518,595,60.76,25.27,990.36 
12/11/2021T13:38:38Z,257,519,591,60.87,25.26,990.35 
12/11/2021T13:39:08Z,259,524,600,60.92,25.25,990.34 
12/11/2021T13:39:39Z,258,511,586,61.12,25.25,990.32 
12/11/2021T13:40:09Z,262,525,591,61.67,25.25,990.27 
12/11/2021T13:40:39Z,260,521,593,62.13,25.28,990.28 
12/11/2021T13:41:10Z,257,527,602,61.75,25.28,990.32 
12/11/2021T13:41:40Z,261,521,600,62.13,25.28,990.28 
12/11/2021T13:42:10Z,258,519,599,62.40,25.30,990.28 
12/11/2021T13:42:40Z,262,532,605,61.96,25.30,990.33 
12/11/2021T13:43:11Z,259,520,588,61.69,25.34,990.35 
12/11/2021T13:43:41Z,259,525,605,61.21,25.36,990.41 
12/11/2021T13:44:11Z,262,517,588,61.05,25.40,990.42 
12/11/2021T13:44:42Z,257,529,596,60.74,25.40,990.45 
12/11/2021T13:45:12Z,256,529,604,60.52,25.38,990.46 
12/11/2021T13:45:42Z,256,524,595,60.67,25.39,990.44 
12/11/2021T13:46:13Z,261,525,593,60.48,25.38,990.48 
12/11/2021T13:46:43Z,258,522,596,60.43,25.39,990.46 
12/11/2021T13:47:13Z,260,524,595,60.42,25.39,990.48 
12/11/2021T13:47:43Z,256,517,586,60.29,25.38,990.50 
12/11/2021T13:48:14Z,258,518,587,60.20,25.36,990.50 
12/11/2021T13:48:44Z,260,526,603,60.25,25.35,990.49 
12/11/2021T13:49:14Z,259,528,600,60.14,25.33,990.52 
12/11/2021T13:49:44Z,259,521,590,60.25,25.32,990.50 
12/11/2021T13:50:15Z,265,523,596,60.32,25.30,990.47 
12/11/2021T13:50:45Z,257,526,593,60.56,25.30,990.43 
12/11/2021T13:51:15Z,262,530,604,60.66,25.33,990.43 
12/11/2021T13:51:45Z,257,531,595,60.65,25.35,990.43 
12/11/2021T13:52:15Z,260,535,607,60.73,25.36,990.41 
12/11/2021T13:52:46Z,256,510,585,60.55,25.39,990.44 
12/11/2021T13:53:16Z,264,527,593,60.35,25.42,990.47 
12/11/2021T13:53:46Z,259,523,600,60.19,25.42,990.51 
12/11/2021T13:54:16Z,260,525,593,60.22,25.45,990.49 
12/11/2021T13:54:46Z,256,519,598,59.87,25.45,990.55 
12/11/2021T13:55:17Z,261,523,606,59.97,25.46,990.52 
12/11/2021T13:55:47Z,264,535,616,59.93,25.47,990.53 
12/11/2021T13:56:17Z,263,539,616,59.89,25.49,990.55 
12/11/2021T13:56:48Z,268,537,612,59.93,25.52,990.56 
12/11/2021T13:57:19Z,269,548,616,59.97,25.53,990.54 
12/11/2021T13:57:49Z,267,541,634,60.12,25.55,990.53 
12/11/2021T13:58:19Z,261,533,614,60.01,25.55,990.55 
12/11/2021T13:58:49Z,265,539,609,59.95,25.55,990.57 
12/11/2021T13:59:20Z,263,544,617,59.87,25.55,990.59 
12/11/2021T13:59:50Z,264,538,618,59.83,25.53,990.60 
12/11/2021T14:00:20Z,261,531,612,59.85,25.50,990.62 
12/11/2021T14:00:50Z,260,530,608,59.77,25.50,990.63 
12/11/2021T14:01:21Z,261,530,603,59.58,25.46,990.69 
12/11/2021T14:01:51Z,257,531,598,59.67,25.45,990.66 
12/11/2021T14:02:21Z,258,527,605,59.79,25.44,990.62 
12/11/2021T14:02:51Z,255,521,598,59.73,25.42,990.63 
12/11/2021T14:03:22Z,258,530,603,59.58,25.40,990.65 
12/11/2021T14:03:52Z,257,527,611,59.64,25.39,990.64 
12/11/2021T14:04:23Z,254,518,593,59.60,25.37,990.64 
12/11/2021T14:04:53Z,259,521,602,59.61,25.36,990.65 
12/11/2021T14:05:23Z,258,510,583,59.65,25.36,990.64 
12/11/2021T14:05:54Z,255,519,596,59.63,25.35,990.64 
12/11/2021T14:06:24Z,260,526,601,59.57,25.33,990.65 
12/11/2021T14:06:54Z,255,522,588,59.63,25.28,990.63 
12/11/2021T14:07:24Z,258,520,590,59.87,25.28,990.58 
12/11/2021T14:07:55Z,257,522,586,59.80,25.29,990.60 
12/11/2021T14:08:25Z,258,528,590,59.74,25.29,990.62 
12/11/2021T14:08:55Z,261,524,611,59.73,25.27,990.61 
12/11/2021T14:09:26Z,258,528,611,59.76,25.26,990.61 
12/11/2021T14:09:56Z,255,526,597,59.65,25.26,990.65 
12/11/2021T14:10:26Z,258,517,596,59.57,25.25,990.68 
12/11/2021T14:10:56Z,265,536,607,59.63,25.24,990.68 
12/11/2021T14:11:27Z,257,525,583,59.67,25.25,990.67 
12/11/2021T14:11:57Z,261,539,605,59.76,25.24,990.65 
12/11/2021T14:12:27Z,265,540,606,59.72,25.26,990.66 
12/11/2021T14:12:57Z,261,530,596,59.64,25.28,990.67 
12/11/2021T14:13:28Z,264,542,623,59.47,25.28,990.69 
12/11/2021T14:13:58Z,264,545,628,59.53,25.27,990.67 
12/11/2021T14:14:28Z,268,548,633,59.54,25.26,990.66 
12/11/2021T14:14:59Z,270,533,608,59.59,25.26,990.65 
12/11/2021T14:15:30Z,274,554,636,59.42,25.24,990.69 
12/11/2021T14:16:01Z,275,571,654,59.59,25.21,990.66 
12/11/2021T14:16:31Z,271,563,644,59.51,25.22,990.68 
12/11/2021T14:17:02Z,276,567,645,59.42,25.23,990.69 
12/11/2021T14:17:33Z,272,550,623,59.53,25.23,990.67 
12/11/2021T14:18:03Z,271,548,630,59.65,25.24,990.63 
12/11/2021T14:18:34Z,273,557,634,59.57,25.24,990.66 
12/11/2021T14:19:05Z,274,547,630,59.47,25.25,990.69 
12/11/2021T14:19:36Z,266,556,635,59.36,25.26,990.71 
12/11/2021T14:20:06Z,269,553,636,59.24,25.27,990.74 
12/11/2021T14:20:36Z,266,546,615,59.13,25.29,990.75 
12/11/2021T14:21:07Z,268,541,608,59.06,25.30,990.77 
12/11/2021T14:21:37Z,273,544,613,59.02,25.30,990.77 
12/11/2021T14:22:08Z,267,541,619,58.92,25.30,990.79 
12/11/2021T14:22:38Z,269,548,624,58.79,25.29,990.82 
12/11/2021T14:23:08Z,269,544,616,58.70,25.29,990.83 
12/11/2021T14:23:38Z,265,541,614,58.91,25.31,990.75 
12/11/2021T14:24:08Z,261,530,596,58.69,25.32,990.81 
12/11/2021T14:24:38Z,262,532,599,58.61,25.31,990.83 
12/11/2021T14:25:08Z,267,536,610,58.79,25.32,990.76 
12/11/2021T14:25:38Z,263,528,602,58.67,25.32,990.78 
12/11/2021T14:26:08Z,263,530,609,58.65,25.33,990.78 
12/11/2021T14:26:39Z,264,527,594,58.88,25.35,990.72 
12/11/2021T14:27:09Z,263,524,595,58.77,25.38,990.74 
12/11/2021T14:27:39Z,258,533,598,58.59,25.42,990.76 
12/11/2021T14:28:09Z,262,528,607,58.63,25.44,990.76 
12/11/2021T14:28:40Z,261,524,601,58.59,25.41,990.77 
12/11/2021T14:29:10Z,262,526,597,58.77,25.38,990.75 
12/11/2021T14:29:40Z,262,522,589,58.97,25.36,990.72 
12/11/2021T14:30:10Z,268,534,599,59.04,25.26,990.71 
12/11/2021T14:30:41Z,266,533,604,59.27,25.19,990.67 
12/11/2021T14:31:12Z,269,540,606,59.48,25.11,990.68 
12/11/2021T14:31:43Z,270,542,608,59.95,25.08,990.59 
12/11/2021T14:32:13Z,270,540,611,60.40,25.06,990.53 
12/11/2021T14:32:44Z,267,541,613,60.42,25.06,990.55 
12/11/2021T14:33:14Z,270,543,610,60.25,25.01,990.61 
12/11/2021T14:33:45Z,271,540,610,60.39,24.98,990.59 
12/11/2021T14:34:16Z,272,549,630,60.63,24.96,990.57 
12/11/2021T14:34:46Z,272,549,623,60.70,24.97,990.57 
12/11/2021T14:35:16Z,270,541,602,60.66,24.99,990.58 
12/11/2021T14:35:46Z,274,540,621,60.61,24.99,990.59 
12/11/2021T14:36:17Z,271,537,620,60.46,24.97,990.63 
12/11/2021T14:36:48Z,265,539,609,60.70,25.00,990.59 
12/11/2021T14:37:19Z,270,534,609,60.51,25.00,990.62 
12/11/2021T14:37:49Z,268,544,630,60.38,25.00,990.66 
12/11/2021T14:38:19Z,269,543,616,60.39,25.03,990.65 
12/11/2021T14:38:49Z,270,536,611,60.46,25.06,990.62 
12/11/2021T14:39:20Z,275,534,590,60.26,25.07,990.67 
12/11/2021T14:39:51Z,272,544,615,60.27,25.07,990.67 
12/11/2021T14:40:22Z,268,535,606,60.23,25.06,990.69 
12/11/2021T14:40:52Z,266,539,623,60.24,25.04,990.69 
12/11/2021T14:41:22Z,267,537,603,60.39,25.00,990.68 
12/11/2021T14:41:52Z,266,531,612,60.54,25.00,990.65 
12/11/2021T14:42:23Z,269,538,623,60.55,25.02,990.67 
12/11/2021T14:42:53Z,265,538,612,60.65,25.06,990.65 
12/11/2021T14:43:23Z,267,542,611,60.63,25.10,990.66 
12/11/2021T14:43:54Z,268,536,604,60.37,25.07,990.73 
12/11/2021T14:44:25Z,265,536,600,60.36,25.12,990.72 
12/11/2021T14:44:55Z,268,540,605,60.20,25.15,990.76 
12/11/2021T14:45:25Z,264,531,607,60.15,25.21,990.76 
12/11/2021T14:45:56Z,266,527,600,60.01,25.25,990.80 
12/11/2021T14:46:26Z,265,534,597,60.08,25.28,990.75 
12/11/2021T14:46:56Z,262,521,592,59.86,25.29,990.81 
12/11/2021T14:47:26Z,263,526,596,59.80,25.31,990.84 
12/11/2021T14:47:57Z,260,522,582,59.64,25.33,990.85 
12/11/2021T14:48:27Z,254,523,597,59.86,25.35,990.80 
12/11/2021T14:48:58Z,261,518,580,59.45,25.37,990.88 
12/11/2021T14:49:28Z,258,519,579,59.37,25.36,990.88 
12/11/2021T14:49:58Z,255,511,576,59.29,25.36,990.88 
12/11/2021T14:50:28Z,260,522,584,59.45,25.36,990.83 
12/11/2021T14:50:59Z,259,518,588,59.27,25.35,990.86 
12/11/2021T14:51:29Z,258,520,585,59.64,25.37,990.76 
12/11/2021T14:52:00Z,254,502,570,59.48,25.38,990.79 
12/11/2021T14:52:30Z,250,501,581,59.44,25.38,990.80 
12/11/2021T14:53:01Z,254,505,570,59.14,25.36,990.86 
12/11/2021T14:53:31Z,252,503,567,59.04,25.32,990.88 
12/11/2021T14:54:02Z,252,504,568,59.24,25.31,990.82 
12/11/2021T14:54:33Z,251,495,566,59.10,25.30,990.88 
12/11/2021T14:55:03Z,250,496,566,59.15,25.30,990.88 
12/11/2021T14:55:34Z,244,494,564,59.03,25.30,990.93 
12/11/2021T14:56:04Z,246,494,570,58.85,25.28,990.98 
12/11/2021T14:56:35Z,248,495,575,58.94,25.27,990.96 
12/11/2021T14:57:06Z,253,508,573,59.08,25.26,990.91 
12/11/2021T14:57:36Z,251,498,571,59.17,25.25,990.90 
12/11/2021T14:58:07Z,254,502,573,59.19,25.23,990.90 
12/11/2021T14:58:37Z,253,517,589,59.64,25.22,990.80 
12/11/2021T14:59:07Z,255,507,585,59.75,25.23,990.79 
12/11/2021T14:59:38Z,258,516,585,59.70,25.22,990.80 
12/11/2021T15:00:08Z,259,510,579,59.67,25.20,990.82 
12/11/2021T15:00:38Z,260,518,593,59.78,25.24,990.80 
12/11/2021T15:01:08Z,264,536,610,59.48,25.26,990.87 
12/11/2021T15:01:38Z,265,537,601,59.51,25.27,990.85 
12/11/2021T15:02:08Z,265,530,598,59.42,25.25,990.89 
12/11/2021T15:02:39Z,267,541,606,59.53,25.21,990.88 
12/11/2021T15:03:09Z,270,542,605,59.54,25.20,990.89 
12/11/2021T15:03:40Z,271,554,626,59.59,25.20,990.90 
12/11/2021T15:04:11Z,273,555,626,59.48,25.19,990.92 
12/11/2021T15:04:42Z,268,550,628,59.48,25.16,990.94 
12/11/2021T15:05:12Z,274,550,622,59.57,25.18,990.94 
12/11/2021T15:05:43Z,273,552,624,59.39,25.20,990.99 
12/11/2021T15:06:14Z,273,552,616,59.23,25.22,991.02 
12/11/2021T15:06:44Z,277,558,635,59.47,25.23,990.96 
12/11/2021T15:07:15Z,277,563,642,59.45,25.24,990.98 
12/11/2021T15:07:45Z,281,573,650,59.23,25.24,991.04 
12/11/2021T15:08:16Z,281,571,646,59.24,25.23,991.03 
12/11/2021T15:08:47Z,278,569,645,59.36,25.23,991.01 
12/11/2021T15:09:17Z,288,598,670,58.98,25.22,991.08 
12/11/2021T15:09:47Z,292,599,676,58.83,25.22,991.11 
12/11/2021T15:10:18Z,289,592,677,58.80,25.23,991.10 
12/11/2021T15:10:48Z,293,589,671,58.51,25.20,991.18 
12/11/2021T15:11:18Z,290,595,669,58.70,25.19,991.14 
12/11/2021T15:11:49Z,289,597,674,58.83,25.20,991.11 
12/11/2021T15:12:19Z,293,610,693,58.73,25.20,991.14 
12/11/2021T15:12:49Z,292,602,692,58.85,25.18,991.10 
12/11/2021T15:13:20Z,296,605,689,58.97,25.14,991.07 
12/11/2021T15:13:50Z,295,615,698,58.95,25.12,991.11 
12/11/2021T15:14:20Z,294,603,687,59.16,25.09,991.05 
12/11/2021T15:14:50Z,293,611,693,59.19,25.05,991.04 
12/11/2021T15:15:21Z,290,598,679,59.36,25.07,990.98 
12/11/2021T15:15:51Z,288,599,674,59.24,25.07,991.00 
12/11/2021T15:16:21Z,290,612,695,59.42,25.04,990.97 
12/11/2021T15:16:52Z,290,601,684,59.69,25.04,990.91 
12/11/2021T15:17:22Z,287,595,687,59.69,25.06,990.92 
12/11/2021T15:17:52Z,291,598,673,59.65,25.08,990.95 
12/11/2021T15:18:23Z,286,600,685,59.58,25.10,990.96 
12/11/2021T15:18:53Z,286,582,666,59.65,25.10,990.96 
12/11/2021T15:19:23Z,284,583,660,59.58,25.10,990.98 
12/11/2021T15:19:54Z,284,594,676,59.51,25.09,991.01 
12/11/2021T15:20:24Z,283,591,675,59.68,25.09,990.95 
12/11/2021T15:20:55Z,280,582,662,59.57,25.08,990.98 
12/11/2021T15:21:25Z,280,574,657,59.78,25.09,990.93 
12/11/2021T15:21:56Z,280,573,650,59.66,25.09,990.96 
12/11/2021T15:22:27Z,279,569,658,59.35,25.07,991.05 
12/11/2021T15:22:57Z,276,578,661,59.75,25.02,991.00 
12/11/2021T15:23:28Z,281,575,658,59.59,25.05,991.03 
12/11/2021T15:23:58Z,275,581,676,59.50,25.04,991.06 
12/11/2021T15:24:29Z,284,580,668,59.68,25.04,991.01 
12/11/2021T15:24:59Z,289,586,663,59.58,25.04,991.03 
12/11/2021T15:25:30Z,285,583,660,59.36,25.03,991.08 
12/11/2021T15:26:00Z,286,583,645,59.09,25.03,991.15 
12/11/2021T15:26:31Z,287,576,653,59.04,25.02,991.14 
12/11/2021T15:27:01Z,287,584,667,59.01,25.01,991.13 
12/11/2021T15:27:32Z,284,580,659,59.06,24.99,991.11 
12/11/2021T15:28:02Z,280,586,665,59.09,24.98,991.10 
12/11/2021T15:28:33Z,282,579,654,58.99,24.98,991.11 
12/11/2021T15:29:03Z,280,577,659,59.13,25.00,991.06 
12/11/2021T15:29:34Z,274,569,656,59.57,25.04,990.95 
12/11/2021T15:30:05Z,277,573,647,59.03,25.02,991.08 
12/11/2021T15:30:35Z,270,551,628,58.58,24.98,991.20 
12/11/2021T15:31:05Z,269,549,623,58.63,24.98,991.18 
12/11/2021T15:31:36Z,269,545,627,58.64,24.96,991.18 
12/11/2021T15:32:06Z,268,547,630,58.37,24.96,991.23 
12/11/2021T15:32:37Z,266,549,623,58.36,24.92,991.22 
12/11/2021T15:33:07Z,269,547,613,58.45,24.94,991.19 
12/11/2021T15:33:37Z,262,540,618,58.59,24.99,991.17 
12/11/2021T15:34:08Z,265,548,637,58.67,25.08,991.13 
12/11/2021T15:34:38Z,265,544,625,57.99,25.03,991.31 
12/11/2021T15:35:08Z,263,532,605,58.54,25.00,991.19 
12/11/2021T15:35:38Z,268,539,620,58.47,25.04,991.19 
12/11/2021T15:36:08Z,265,529,597,58.40,25.14,991.18 
12/11/2021T15:36:39Z,262,526,606,58.53,25.22,991.11 
12/11/2021T15:37:09Z,263,526,607,58.03,25.26,991.25 
12/11/2021T15:37:39Z,260,519,592,57.99,25.32,991.25 
12/11/2021T15:38:09Z,265,537,620,57.88,25.32,991.28 
12/11/2021T15:38:40Z,265,537,620,57.43,25.28,991.40 
12/11/2021T15:39:10Z,266,537,620,57.38,25.20,991.42 
12/11/2021T15:39:41Z,267,545,622,57.55,25.18,991.37 
12/11/2021T15:40:11Z,268,537,611,57.63,25.19,991.33 
12/11/2021T15:40:41Z,262,546,619,57.59,25.14,991.37 
12/11/2021T15:41:12Z,262,525,600,57.66,25.11,991.35 
12/11/2021T15:41:42Z,258,519,598,57.90,25.13,991.25 
12/11/2021T15:42:12Z,263,532,608,57.60,25.15,991.32 
12/11/2021T15:42:42Z,255,523,602,57.16,25.13,991.47 
12/11/2021T15:43:13Z,259,527,594,57.23,25.15,991.42 
12/11/2021T15:43:44Z,257,526,605,57.20,25.17,991.41 
12/11/2021T15:44:14Z,248,514,588,57.20,25.19,991.39 
12/11/2021T15:44:44Z,253,526,599,57.10,25.23,991.39 
12/11/2021T15:45:15Z,254,521,595,57.14,25.25,991.37 
12/11/2021T15:45:45Z,257,512,592,57.18,25.27,991.35 
12/11/2021T15:46:16Z,256,520,600,57.11,25.31,991.36 
12/11/2021T15:46:46Z,257,521,602,57.01,25.34,991.37 
12/11/2021T15:47:16Z,250,512,592,56.96,25.33,991.39 
12/11/2021T15:47:47Z,258,509,582,57.06,25.34,991.35 
12/11/2021T15:48:17Z,250,511,583,56.97,25.37,991.35 
12/11/2021T15:48:48Z,249,507,573,56.95,25.38,991.37 
12/11/2021T15:49:18Z,247,505,579,56.90,25.38,991.39 
12/11/2021T15:49:49Z,245,499,563,56.77,25.41,991.42 
12/11/2021T15:50:19Z,246,511,581,57.08,25.42,991.33 
12/11/2021T15:50:50Z,248,504,579,57.13,25.45,991.32 
12/11/2021T15:51:20Z,249,500,559,56.92,25.46,991.38 
12/11/2021T15:51:51Z,246,499,569,57.00,25.44,991.38 
12/11/2021T15:52:21Z,253,502,569,57.11,25.43,991.34 
12/11/2021T15:52:51Z,250,509,576,57.15,25.44,991.33 
12/11/2021T15:53:22Z,247,509,573,56.68,25.39,991.49 
12/11/2021T15:53:52Z,251,507,572,56.84,25.34,991.47 
12/11/2021T15:54:23Z,247,512,584,56.95,25.31,991.41 
12/11/2021T15:54:54Z,250,504,589,56.84,25.27,991.48 
12/11/2021T15:55:24Z,253,521,592,57.14,25.22,991.40 
12/11/2021T15:55:54Z,263,535,608,57.65,25.25,991.22 
12/11/2021T15:56:25Z,256,515,587,57.59,25.25,991.24 
12/11/2021T15:56:55Z,258,523,598,57.19,25.29,991.37 
12/11/2021T15:57:25Z,254,526,614,56.99,25.33,991.42 
12/11/2021T15:57:55Z,255,521,586,56.80,25.34,991.48 
12/11/2021T15:58:26Z,252,519,591,57.01,25.36,991.40 
12/11/2021T15:58:56Z,256,522,586,56.76,25.38,991.49 
12/11/2021T15:59:27Z,258,534,611,56.48,25.38,991.57 
12/11/2021T15:59:57Z,256,522,599,56.16,25.30,991.68 
12/11/2021T16:00:27Z,252,516,595,56.49,25.31,991.56 
12/11/2021T16:00:58Z,249,505,588,56.88,25.34,991.40 
12/11/2021T16:01:28Z,249,499,576,56.65,25.32,991.49 
12/11/2021T16:01:59Z,247,504,571,56.71,25.37,991.45 
12/11/2021T16:02:30Z,240,501,574,56.40,25.42,991.51 
12/11/2021T16:03:00Z,245,496,565,55.96,25.40,991.67 
12/11/2021T16:03:31Z,246,499,570,56.09,25.42,991.64 
12/11/2021T16:04:01Z,244,494,571,55.89,25.45,991.70 
12/11/2021T16:04:32Z,246,495,570,56.23,25.47,991.58 
12/11/2021T16:05:03Z,240,491,555,56.24,25.51,991.55 
12/11/2021T16:05:34Z,245,498,565,55.87,25.55,991.65 
12/11/2021T16:06:04Z,241,491,567,55.66,25.60,991.69 
12/11/2021T16:06:35Z,245,503,571,55.71,25.60,991.67 
12/11/2021T16:07:05Z,248,502,580,55.71,25.58,991.68 
12/11/2021T16:07:35Z,248,500,578,55.79,25.62,991.62 
12/11/2021T16:08:06Z,248,496,573,55.86,25.67,991.61 
12/11/2021T16:08:37Z,243,496,573,55.51,25.69,991.70 
12/11/2021T16:09:07Z,248,505,580,55.06,25.68,991.86 
12/11/2021T16:09:38Z,245,509,573,55.23,25.69,991.78 
12/11/2021T16:10:08Z,250,499,570,55.26,25.71,991.75 
12/11/2021T16:10:39Z,247,503,573,55.28,25.70,991.74 
12/11/2021T16:11:10Z,248,510,576,55.23,25.70,991.74 
12/11/2021T16:11:40Z,249,507,582,55.31,25.65,991.72 
12/11/2021T16:12:11Z,249,506,573,55.42,25.64,991.68 
12/11/2021T16:12:41Z,244,506,589,55.44,25.61,991.68 
12/11/2021T16:13:12Z,246,503,582,55.02,25.53,991.86 
12/11/2021T16:13:42Z,245,501,574,55.44,25.49,991.72 
12/11/2021T16:14:13Z,242,495,556,55.30,25.43,991.79 
12/11/2021T16:14:44Z,245,494,554,55.39,25.43,991.76 
12/11/2021T16:15:14Z,245,487,558,55.44,25.41,991.75 
12/11/2021T16:15:45Z,242,491,569,55.36,25.38,991.80 
12/11/2021T16:16:16Z,239,496,577,55.12,25.31,991.88 
12/11/2021T16:16:46Z,239,493,572,55.39,25.26,991.78 
12/11/2021T16:17:17Z,241,489,555,55.44,25.23,991.79 
12/11/2021T16:17:47Z,242,498,569,55.45,25.19,991.79 
12/11/2021T16:18:18Z,241,488,558,55.58,25.17,991.75 
12/11/2021T16:18:49Z,244,497,567,55.61,25.14,991.76 
12/11/2021T16:19:19Z,250,510,588,55.67,25.08,991.75 
12/11/2021T16:19:50Z,249,509,588,55.79,25.01,991.74 
12/11/2021T16:20:20Z,249,513,581,55.81,24.98,991.72 
12/11/2021T16:20:51Z,251,507,581,55.91,24.93,991.70 
12/11/2021T16:21:21Z,252,528,594,56.03,24.89,991.66 
12/11/2021T16:21:51Z,256,524,593,56.17,24.86,991.61 
12/11/2021T16:22:22Z,254,513,597,56.52,24.82,991.49 
12/11/2021T16:22:52Z,262,523,601,56.56,24.83,991.47 
12/11/2021T16:23:22Z,257,528,608,56.42,24.84,991.50 
12/11/2021T16:23:53Z,259,526,605,56.74,24.83,991.40 
12/11/2021T16:24:23Z,255,520,593,56.94,24.82,991.33 
12/11/2021T16:24:54Z,252,520,604,57.17,24.82,991.27 
12/11/2021T16:25:24Z,254,517,597,56.99,24.79,991.33 
12/11/2021T16:25:54Z,252,521,597,56.96,24.74,991.35 
12/11/2021T16:26:25Z,254,516,581,57.07,24.74,991.33 
12/11/2021T16:26:55Z,247,515,585,57.14,24.74,991.30 
12/11/2021T16:27:26Z,255,521,602,56.99,24.73,991.36 
12/11/2021T16:27:56Z,252,522,599,56.87,24.73,991.39 
12/11/2021T16:28:26Z,257,526,596,56.99,24.70,991.37 
12/11/2021T16:28:57Z,257,536,612,56.87,24.67,991.40 
12/11/2021T16:29:27Z,256,516,584,57.10,24.65,991.33 
12/11/2021T16:29:57Z,253,522,603,57.00,24.65,991.36 
12/11/2021T16:30:27Z,264,543,618,57.11,24.63,991.34 
12/11/2021T16:30:57Z,257,520,589,57.21,24.62,991.30 
12/11/2021T16:31:28Z,257,529,593,57.25,24.63,991.28 
12/11/2021T16:31:58Z,256,526,596,57.14,24.64,991.32 
12/11/2021T16:32:29Z,254,530,599,56.87,24.61,991.40 
12/11/2021T16:32:59Z,250,517,592,56.88,24.58,991.41 
12/11/2021T16:33:30Z,249,514,601,56.88,24.56,991.42 
12/11/2021T16:34:00Z,249,512,588,57.09,24.56,991.38 
12/11/2021T16:34:31Z,242,502,575,57.01,24.59,991.40 
12/11/2021T16:35:01Z,244,502,573,56.83,24.62,991.46 
12/11/2021T16:35:31Z,247,504,567,56.71,24.63,991.51 
12/11/2021T16:36:01Z,245,496,574,56.70,24.64,991.53 
12/11/2021T16:36:31Z,246,501,577,56.72,24.61,991.53 
12/11/2021T16:37:02Z,246,503,575,56.53,24.57,991.59 
12/11/2021T16:37:32Z,244,510,588,56.68,24.47,991.58 
12/11/2021T16:38:03Z,251,510,587,56.88,24.39,991.56 
12/11/2021T16:38:34Z,247,504,572,57.12,24.29,991.51 
12/11/2021T16:39:04Z,247,499,571,57.32,24.21,991.47 
12/11/2021T16:39:35Z,246,510,583,57.53,24.10,991.46 
12/11/2021T16:40:05Z,246,503,571,57.82,24.05,991.40 
12/11/2021T16:40:36Z,243,505,584,57.99,24.09,991.33 
12/11/2021T16:41:07Z,243,500,585,57.98,24.11,991.35 
12/11/2021T16:41:37Z,246,501,578,57.98,24.15,991.36 
12/11/2021T16:42:07Z,241,495,582,57.92,24.20,991.39 
12/11/2021T16:42:38Z,247,502,582,57.72,24.23,991.42 
12/11/2021T16:43:09Z,244,500,585,57.73,24.21,991.44 
12/11/2021T16:43:40Z,236,491,575,58.00,24.23,991.33 
12/11/2021T16:44:10Z,244,509,583,57.91,24.25,991.31 
12/11/2021T16:44:41Z,246,502,578,57.76,24.28,991.35 
12/11/2021T16:45:12Z,240,496,567,57.62,24.31,991.39 
12/11/2021T16:45:42Z,239,497,572,57.48,24.35,991.43 
12/11/2021T16:46:13Z,241,491,571,57.32,24.41,991.48 
12/11/2021T16:46:44Z,237,484,565,57.20,24.44,991.51 
12/11/2021T16:47:14Z,239,490,571,57.08,24.48,991.55 
12/11/2021T16:47:45Z,245,494,568,56.98,24.51,991.59 
12/11/2021T16:48:15Z,243,487,563,56.93,24.53,991.59 
12/11/2021T16:48:46Z,238,496,564,56.87,24.56,991.60 
12/11/2021T16:49:16Z,240,494,577,56.80,24.58,991.62 
12/11/2021T16:49:47Z,237,487,566,56.76,24.59,991.63 
12/11/2021T16:50:18Z,237,494,577,56.77,24.60,991.64 
12/11/2021T16:50:48Z,239,487,583,56.72,24.62,991.66 
12/11/2021T16:51:19Z,242,491,559,56.67,24.63,991.67 
12/11/2021T16:51:50Z,243,490,560,56.68,24.63,991.67 
12/11/2021T16:52:20Z,240,483,558,56.64,24.64,991.68 
12/11/2021T16:52:51Z,239,484,555,56.60,24.65,991.70 
12/11/2021T16:53:21Z,234,483,560,56.59,24.66,991.71 
12/11/2021T16:53:51Z,237,475,559,56.57,24.67,991.71 
12/11/2021T16:54:22Z,240,482,559,56.55,24.67,991.72 
12/11/2021T16:54:53Z,241,487,560,56.57,24.67,991.71 
12/11/2021T16:55:23Z,242,493,564,56.60,24.67,991.69 
12/11/2021T16:55:54Z,236,478,541,56.59,24.67,991.69 
12/11/2021T16:56:24Z,240,484,554,56.62,24.66,991.68 
12/11/2021T16:56:55Z,237,479,556,56.60,24.67,991.66 
12/11/2021T16:57:25Z,236,476,549,56.65,24.66,991.66 
12/11/2021T16:57:56Z,240,480,565,56.66,24.66,991.65 
12/11/2021T16:58:26Z,236,481,558,56.67,24.66,991.66 
12/11/2021T16:58:57Z,237,480,553,56.67,24.66,991.66 
12/11/2021T16:59:28Z,237,485,558,56.67,24.66,991.67 
12/11/2021T16:59:58Z,241,482,544,56.65,24.66,991.69 
12/11/2021T17:00:29Z,238,488,553,56.69,24.65,991.71 
12/11/2021T17:01:00Z,235,477,557,56.69,24.66,991.71 
12/11/2021T17:01:30Z,239,476,545,56.76,24.65,991.69 
12/11/2021T17:02:01Z,239,481,555,56.74,24.64,991.68 
12/11/2021T17:02:32Z,236,477,552,56.78,24.64,991.65 
12/11/2021T17:03:03Z,239,482,551,56.82,24.63,991.64 
12/11/2021T17:03:33Z,238,484,554,56.79,24.64,991.63 
12/11/2021T17:04:03Z,235,470,528,56.76,24.64,991.63 
12/11/2021T17:04:34Z,238,481,550,56.78,24.64,991.61 
12/11/2021T17:05:04Z,240,481,541,56.82,24.63,991.59 
12/11/2021T17:05:34Z,237,482,557,56.85,24.62,991.60 
12/11/2021T17:06:05Z,233,470,535,56.85,24.62,991.59 
12/11/2021T17:06:36Z,236,472,549,56.92,24.62,991.59 
12/11/2021T17:07:06Z,236,476,544,56.95,24.61,991.59 
12/11/2021T17:07:37Z,236,474,542,56.90,24.61,991.60 
12/11/2021T17:08:07Z,240,480,549,56.93,24.61,991.58 
12/11/2021T17:08:38Z,233,478,554,56.96,24.61,991.58 
12/11/2021T17:09:09Z,235,472,545,56.95,24.60,991.57 
12/11/2021T17:09:39Z,241,485,551,56.90,24.60,991.60 
12/11/2021T17:10:10Z,235,475,542,56.95,24.59,991.60 
12/11/2021T17:10:41Z,235,483,543,56.95,24.60,991.61 
12/11/2021T17:11:11Z,237,473,536,57.00,24.59,991.61 
12/11/2021T17:11:41Z,240,473,538,57.03,24.58,991.62 
12/11/2021T17:12:12Z,234,467,532,57.06,24.57,991.62 
12/11/2021T17:12:43Z,235,467,535,57.01,24.58,991.64 
12/11/2021T17:13:14Z,233,474,545,57.06,24.57,991.62 
12/11/2021T17:13:44Z,238,471,536,57.05,24.56,991.62 
12/11/2021T17:14:15Z,235,471,537,57.13,24.55,991.60 
12/11/2021T17:14:46Z,236,473,539,57.17,24.54,991.60 
12/11/2021T17:15:16Z,239,477,544,57.15,24.54,991.62 
12/11/2021T17:15:47Z,235,472,543,57.12,24.53,991.62 
12/11/2021T17:16:17Z,235,464,527,57.12,24.53,991.64 
12/11/2021T17:16:48Z,236,477,529,57.15,24.52,991.61 
12/11/2021T17:17:18Z,235,468,548,57.19,24.52,991.61 
12/11/2021T17:17:49Z,234,466,539,57.18,24.51,991.60 
12/11/2021T17:18:19Z,234,472,542,57.23,24.51,991.58 
12/11/2021T17:18:49Z,235,467,531,57.25,24.50,991.59 
12/11/2021T17:19:20Z,234,465,540,57.26,24.50,991.57 
12/11/2021T17:19:50Z,237,472,540,57.23,24.49,991.58 
12/11/2021T17:20:21Z,235,470,533,57.23,24.49,991.59 
12/11/2021T17:20:51Z,233,472,545,57.26,24.49,991.59 
12/11/2021T17:21:21Z,231,468,533,57.30,24.48,991.57 
12/11/2021T17:21:52Z,234,466,529,57.28,24.48,991.59 
12/11/2021T17:22:22Z,236,470,533,57.27,24.48,991.60 
12/11/2021T17:22:53Z,231,471,550,57.31,24.48,991.60 
12/11/2021T17:23:23Z,235,473,540,57.26,24.48,991.63 
12/11/2021T17:23:53Z,235,470,540,57.30,24.47,991.64 
12/11/2021T17:24:23Z,235,470,539,57.24,24.47,991.67 
12/11/2021T17:24:53Z,233,471,539,57.30,24.47,991.66 
12/11/2021T17:25:24Z,233,461,523,57.32,24.47,991.65 
12/11/2021T17:25:55Z,234,469,528,57.28,24.47,991.65 
12/11/2021T17:26:25Z,229,468,530,57.28,24.47,991.64 
12/11/2021T17:26:56Z,237,474,536,57.30,24.46,991.63 
12/11/2021T17:27:26Z,234,462,534,57.30,24.46,991.64 
12/11/2021T17:27:57Z,233,467,530,57.26,24.46,991.66 
12/11/2021T17:28:27Z,231,468,534,57.40,24.45,991.60 
12/11/2021T17:28:58Z,236,468,540,57.32,24.45,991.63 
12/11/2021T17:29:29Z,231,470,536,57.31,24.45,991.65 
12/11/2021T17:30:20Z,236,471,532,57.36,24.44,991.63 
12/11/2021T17:30:50Z,234,474,545,57.36,24.43,991.65 
