13/11/2021T03:01:00Z,213,430,494,58.66,21.00,993.23 
13/11/2021T03:01:31Z,228,462,546,57.74,21.08,993.44 
13/11/2021T03:02:01Z,229,467,542,56.05,21.24,994.01 
13/11/2021T03:02:31Z,232,484,561,55.24,21.39,994.18 
13/11/2021T03:03:02Z,231,474,549,55.29,21.53,994.10 
13/11/2021T03:03:33Z,233,474,550,54.97,21.66,994.15 
13/11/2021T03:04:03Z,228,469,546,54.68,21.76,994.20 
13/11/2021T03:04:34Z,230,464,532,54.24,21.87,994.27 
13/11/2021T03:05:05Z,232,468,539,53.73,21.95,994.39 
13/11/2021T03:05:36Z,228,467,562,53.47,22.00,994.44 
13/11/2021T03:06:06Z,229,504,652,53.34,22.01,994.46 
13/11/2021T03:06:37Z,235,531,702,53.50,21.98,994.41 
13/11/2021T03:07:08Z,219,513,683,53.42,22.02,994.40 
13/11/2021T03:07:38Z,219,544,776,53.13,22.02,994.50 
13/11/2021T03:08:09Z,221,521,695,53.10,21.93,994.54 
13/11/2021T03:08:39Z,223,512,677,53.79,21.91,994.33 
13/11/2021T03:09:10Z,224,515,684,53.80,21.96,994.30 
13/11/2021T03:09:41Z,222,509,660,53.48,22.00,994.40 
13/11/2021T03:10:11Z,223,504,640,53.43,22.05,994.42 
13/11/2021T03:10:42Z,227,497,621,53.24,22.10,994.46 
13/11/2021T03:11:13Z,226,493,601,53.36,22.14,994.43 
13/11/2021T03:11:44Z,226,479,579,53.03,22.07,994.55 
13/11/2021T03:12:14Z,227,481,590,53.17,22.08,994.51 
13/11/2021T03:12:45Z,224,473,582,53.05,22.12,994.54 
13/11/2021T03:13:16Z,230,490,589,53.41,22.13,994.42 
13/11/2021T03:13:46Z,229,475,570,53.27,22.14,994.43 
13/11/2021T03:14:17Z,230,481,577,53.32,22.16,994.42 
13/11/2021T03:14:48Z,230,471,562,53.09,22.15,994.47 
13/11/2021T03:15:18Z,233,477,555,53.24,22.12,994.45 
13/11/2021T03:15:49Z,235,480,550,53.26,22.17,994.42 
13/11/2021T03:16:20Z,233,474,556,53.29,22.17,994.40 
13/11/2021T03:16:51Z,236,469,540,53.27,22.20,994.40 
13/11/2021T03:17:21Z,238,489,568,53.40,22.22,994.34 
13/11/2021T03:17:52Z,242,502,576,53.11,22.12,994.44 
13/11/2021T03:18:22Z,240,495,567,53.72,22.00,994.27 
13/11/2021T03:18:53Z,238,493,577,53.84,21.99,994.23 
13/11/2021T03:19:24Z,239,492,586,54.05,22.04,994.12 
13/11/2021T03:19:54Z,244,502,582,54.08,22.10,994.10 
13/11/2021T03:20:24Z,249,516,599,54.03,21.90,994.18 
13/11/2021T03:20:55Z,242,499,590,54.99,21.93,993.84 
13/11/2021T03:21:25Z,244,503,589,54.33,21.98,994.03 
13/11/2021T03:21:56Z,240,501,586,54.29,21.93,994.08 
13/11/2021T03:22:26Z,242,496,573,54.51,22.06,993.99 
13/11/2021T03:22:57Z,242,497,580,54.20,22.21,994.03 
13/11/2021T03:23:28Z,244,496,575,53.60,22.27,994.26 
13/11/2021T03:23:58Z,246,494,572,53.88,22.23,994.19 
13/11/2021T03:24:29Z,241,495,572,53.70,22.34,994.21 
13/11/2021T03:24:59Z,243,500,571,53.52,22.42,994.28 
13/11/2021T03:25:30Z,235,502,579,53.55,22.53,994.24 
13/11/2021T03:26:00Z,237,495,570,52.66,22.47,994.57 
13/11/2021T03:26:31Z,238,487,563,53.48,22.48,994.32 
13/11/2021T03:27:02Z,237,485,575,52.99,22.55,994.41 
13/11/2021T03:27:32Z,247,504,572,52.90,22.34,994.58 
13/11/2021T03:28:03Z,240,484,558,53.69,22.46,994.23 
13/11/2021T03:28:33Z,236,487,566,53.44,22.59,994.26 
13/11/2021T03:29:04Z,239,489,561,53.11,22.71,994.36 
13/11/2021T03:29:34Z,235,485,552,53.12,22.79,994.35 
13/11/2021T03:30:05Z,239,490,560,53.07,22.87,994.35 
13/11/2021T03:30:35Z,242,487,566,52.67,22.91,994.48 
13/11/2021T03:31:05Z,241,496,571,52.59,22.90,994.53 
13/11/2021T03:31:36Z,245,500,576,52.00,22.82,994.76 
13/11/2021T03:32:06Z,242,490,552,52.72,22.84,994.52 
13/11/2021T03:32:37Z,241,497,569,52.45,22.91,994.59 
13/11/2021T03:33:08Z,242,489,558,52.28,22.95,994.64 
13/11/2021T03:33:38Z,245,505,574,52.10,22.90,994.73 
13/11/2021T03:34:09Z,247,513,590,52.37,22.84,994.65 
13/11/2021T03:34:39Z,242,504,574,52.39,22.86,994.64 
13/11/2021T03:35:10Z,246,509,590,52.37,22.90,994.62 
13/11/2021T03:35:40Z,247,509,587,52.46,22.94,994.58 
13/11/2021T03:36:11Z,253,516,591,52.23,22.77,994.70 
13/11/2021T03:36:41Z,249,508,582,52.77,22.74,994.53 
13/11/2021T03:37:12Z,248,508,577,52.69,22.78,994.55 
13/11/2021T03:37:42Z,247,522,592,53.10,22.83,994.39 
13/11/2021T03:38:13Z,250,528,602,53.14,22.89,994.36 
13/11/2021T03:38:44Z,248,528,604,52.62,22.83,994.56 
13/11/2021T03:39:14Z,250,524,595,53.24,22.82,994.38 
13/11/2021T03:39:45Z,247,517,602,53.24,22.94,994.33 
13/11/2021T03:40:15Z,248,508,587,52.95,22.99,994.42 
13/11/2021T03:40:46Z,260,557,645,52.41,22.88,994.63 
13/11/2021T03:41:16Z,262,548,624,52.58,22.62,994.72 
13/11/2021T03:41:46Z,253,530,611,53.48,22.55,994.40 
13/11/2021T03:42:17Z,254,529,599,53.42,22.71,994.32 
13/11/2021T03:42:47Z,248,521,605,53.29,22.81,994.34 
13/11/2021T03:43:18Z,262,537,614,52.86,22.90,994.44 
13/11/2021T03:43:48Z,261,535,611,52.75,22.92,994.49 
13/11/2021T03:44:18Z,257,535,614,52.66,22.98,994.49 
13/11/2021T03:44:48Z,263,548,616,52.75,22.95,994.48 
13/11/2021T03:45:18Z,263,540,616,52.74,23.02,994.45 
13/11/2021T03:45:48Z,260,537,616,52.49,23.03,994.56 
13/11/2021T03:46:19Z,258,535,615,52.37,23.01,994.62 
13/11/2021T03:46:49Z,254,527,616,52.12,23.05,994.67 
13/11/2021T03:47:19Z,257,533,596,51.94,23.04,994.77 
13/11/2021T03:47:50Z,253,529,609,51.78,23.04,994.80 
13/11/2021T03:48:20Z,255,519,599,51.51,23.04,994.88 
13/11/2021T03:48:51Z,251,517,596,50.93,22.98,995.12 
13/11/2021T03:49:21Z,248,513,592,51.06,22.97,995.05 
13/11/2021T03:49:52Z,245,516,602,51.10,22.95,995.07 
13/11/2021T03:50:22Z,247,510,594,51.71,22.94,994.82 
13/11/2021T03:50:53Z,245,505,583,51.47,22.91,994.89 
13/11/2021T03:51:23Z,256,523,588,50.74,22.81,995.24 
13/11/2021T03:51:54Z,298,764,892,50.75,22.72,995.27 
13/11/2021T03:52:24Z,281,1358,209,52.20,22.72,994.76 
13/11/2021T03:52:54Z,275,1549,498,51.89,22.80,994.75 
13/11/2021T03:53:24Z,262,1501,509,51.57,22.84,994.86 
13/11/2021T03:53:54Z,281,828,1034,51.17,22.68,995.08 
13/11/2021T03:54:24Z,257,1432,418,52.03,22.67,994.77 
13/11/2021T03:54:55Z,307,1017,1297,51.83,22.76,994.78 
13/11/2021T03:55:25Z,299,822,1002,51.89,22.85,994.72 
13/11/2021T03:55:56Z,292,965,1247,51.33,22.82,994.95 
13/11/2021T03:56:26Z,292,945,1216,51.55,22.83,994.89 
13/11/2021T03:56:57Z,252,1334,375,51.65,22.82,994.87 
13/11/2021T03:57:27Z,251,1285,176,51.36,22.86,994.96 
13/11/2021T03:57:57Z,287,908,1186,51.44,22.85,994.96 
13/11/2021T03:58:28Z,284,778,963,51.64,22.85,994.90 
13/11/2021T03:58:58Z,284,857,1086,51.78,22.92,994.79 
13/11/2021T03:59:29Z,267,1176,1652,51.39,22.98,994.91 
13/11/2021T03:59:59Z,279,1012,1337,51.01,22.96,995.07 
13/11/2021T04:00:29Z,269,1074,1507,50.95,22.86,995.15 
13/11/2021T04:01:00Z,285,897,1156,51.28,22.85,995.05 
13/11/2021T04:01:31Z,269,1178,35,51.47,22.90,994.90 
13/11/2021T04:02:01Z,251,1261,163,51.19,22.94,994.98 
13/11/2021T04:02:32Z,275,683,821,50.85,22.85,995.18 
13/11/2021T04:03:02Z,276,712,876,51.14,22.83,995.10 
13/11/2021T04:03:32Z,266,1072,1464,51.32,22.77,995.07 
13/11/2021T04:04:03Z,274,852,1097,51.73,22.85,994.85 
13/11/2021T04:04:33Z,272,684,817,51.86,22.94,994.76 
13/11/2021T04:05:04Z,273,855,1097,51.81,22.97,994.76 
13/11/2021T04:05:34Z,267,1121,1582,51.57,23.03,994.84 
13/11/2021T04:06:04Z,279,750,906,51.69,23.07,994.78 
13/11/2021T04:06:35Z,268,685,835,51.61,22.93,994.88 
13/11/2021T04:07:05Z,260,590,700,51.47,22.76,994.99 
13/11/2021T04:07:36Z,283,778,968,52.36,22.76,994.67 
13/11/2021T04:08:06Z,278,873,1096,52.33,22.81,994.64 
13/11/2021T04:08:37Z,281,916,1188,52.35,22.89,994.59 
13/11/2021T04:09:07Z,281,965,1284,52.01,22.97,994.68 
13/11/2021T04:09:38Z,279,797,991,51.78,23.01,994.77 
13/11/2021T04:10:09Z,278,843,1067,51.95,22.97,994.74 
13/11/2021T04:10:39Z,275,985,1322,52.22,23.03,994.62 
13/11/2021T04:11:10Z,276,951,1264,52.31,23.07,994.58 
13/11/2021T04:11:40Z,273,1092,1496,52.14,23.09,994.63 
13/11/2021T04:12:11Z,259,1201,18,52.07,23.11,994.65 
13/11/2021T04:12:41Z,216,1318,515,52.27,22.97,994.61 
13/11/2021T04:13:12Z,179,214,150,52.25,23.02,994.60 
13/11/2021T04:13:42Z,273,1053,1412,52.24,23.04,994.61 
13/11/2021T04:14:12Z,281,903,1176,52.09,23.01,994.69 
13/11/2021T04:14:43Z,282,905,1155,52.29,22.98,994.62 
13/11/2021T04:15:14Z,280,926,1188,52.23,23.00,994.65 
13/11/2021T04:15:44Z,279,839,1070,52.02,23.03,994.69 
13/11/2021T04:16:15Z,276,988,1286,51.98,23.00,994.72 
13/11/2021T04:16:45Z,254,1294,216,52.18,23.02,994.62 
13/11/2021T04:17:15Z,196,100,1189,52.14,23.05,994.61 
13/11/2021T04:17:46Z,194,134,1457,52.18,23.09,994.58 
13/11/2021T04:18:16Z,269,1035,1420,52.00,23.09,994.66 
13/11/2021T04:18:46Z,273,889,1123,52.05,23.06,994.66 
13/11/2021T04:19:16Z,283,832,1035,51.97,23.06,994.70 
13/11/2021T04:19:47Z,264,929,1241,51.65,23.06,994.81 
13/11/2021T04:20:17Z,279,758,940,51.20,23.05,994.97 
13/11/2021T04:20:48Z,272,1034,1391,51.38,23.02,994.92 
13/11/2021T04:21:18Z,243,1323,458,51.73,22.94,994.82 
13/11/2021T04:21:49Z,242,1420,341,52.02,23.00,994.66 
13/11/2021T04:22:19Z,227,1581,802,51.80,23.07,994.72 
13/11/2021T04:22:49Z,238,1473,577,51.45,23.11,994.82 
13/11/2021T04:23:20Z,275,710,870,50.94,23.03,995.02 
13/11/2021T04:23:50Z,276,737,900,50.93,22.84,995.12 
13/11/2021T04:24:20Z,235,1505,594,52.11,22.91,994.62 
13/11/2021T04:24:51Z,284,1042,1372,51.22,22.97,994.88 
13/11/2021T04:25:21Z,286,1078,1418,51.09,23.03,994.92 
13/11/2021T04:25:52Z,282,1108,1458,50.54,23.05,995.09 
13/11/2021T04:26:22Z,295,951,1194,50.17,23.05,995.27 
13/11/2021T04:26:53Z,294,906,1112,50.36,23.08,995.18 
13/11/2021T04:27:23Z,282,1030,1323,50.43,23.12,995.11 
13/11/2021T04:27:53Z,289,1061,1385,50.12,23.14,995.20 
13/11/2021T04:28:24Z,278,1176,1573,50.70,23.20,994.99 
13/11/2021T04:28:54Z,279,1140,1504,50.33,23.26,995.07 
13/11/2021T04:29:25Z,291,1018,1333,49.66,23.19,995.34 
13/11/2021T04:29:55Z,257,1379,277,50.75,23.25,994.93 
13/11/2021T04:30:26Z,263,1282,53,50.65,23.32,994.91 
13/11/2021T04:30:56Z,292,926,1156,50.45,23.29,994.99 
13/11/2021T04:31:26Z,292,1104,1433,50.93,23.33,994.79 
13/11/2021T04:31:56Z,283,1123,1479,50.68,23.36,994.84 
13/11/2021T04:32:27Z,270,1194,1622,49.96,23.33,995.15 
13/11/2021T04:32:58Z,251,1392,313,50.40,23.39,994.98 
13/11/2021T04:33:28Z,265,1257,39,49.82,23.34,995.17 
13/11/2021T04:33:59Z,266,1201,1652,50.50,23.32,994.99 
13/11/2021T04:34:29Z,263,1262,22,50.49,23.41,994.89 
13/11/2021T04:35:00Z,276,1015,1332,50.48,23.42,994.91 
13/11/2021T04:35:30Z,271,1206,1620,50.63,23.50,994.84 
13/11/2021T04:36:01Z,281,830,1010,49.30,23.41,995.28 
13/11/2021T04:36:31Z,280,910,1146,50.02,23.36,995.12 
13/11/2021T04:37:01Z,282,922,1155,49.68,23.29,995.21 
13/11/2021T04:37:32Z,286,1076,1373,50.62,23.32,994.89 
13/11/2021T04:38:02Z,282,772,936,49.92,23.25,995.11 
13/11/2021T04:38:33Z,281,1246,17,50.84,23.36,994.74 
13/11/2021T04:39:03Z,291,995,1264,50.87,23.39,994.71 
13/11/2021T04:39:33Z,291,1110,1407,51.16,23.47,994.60 
13/11/2021T04:40:04Z,295,1037,1319,51.12,23.51,994.57 
13/11/2021T04:40:35Z,293,1039,1342,51.10,23.54,994.56 
13/11/2021T04:41:05Z,300,1012,1285,51.07,23.56,994.55 
13/11/2021T04:41:35Z,292,873,1055,50.93,23.58,994.60 
13/11/2021T04:42:06Z,296,864,1044,50.74,23.60,994.67 
13/11/2021T04:42:36Z,304,869,1070,50.78,23.62,994.66 
13/11/2021T04:43:07Z,289,764,916,50.64,23.62,994.71 
13/11/2021T04:43:37Z,286,715,855,50.89,23.63,994.62 
13/11/2021T04:44:08Z,287,737,872,50.68,23.64,994.67 
13/11/2021T04:44:39Z,289,744,886,50.75,23.65,994.67 
13/11/2021T04:45:09Z,291,775,947,50.68,23.66,994.69 
13/11/2021T04:45:40Z,290,732,857,50.78,23.66,994.65 
13/11/2021T04:46:11Z,282,657,754,50.70,23.66,994.67 
13/11/2021T04:46:41Z,277,644,746,50.80,23.65,994.65 
13/11/2021T04:47:11Z,278,659,748,50.78,23.67,994.66 
13/11/2021T04:47:42Z,275,629,728,50.61,23.67,994.73 
13/11/2021T04:48:12Z,268,595,681,50.21,23.66,994.88 
13/11/2021T04:48:43Z,256,542,612,49.67,23.51,995.11 
13/11/2021T04:49:14Z,253,537,619,49.91,23.47,995.01 
13/11/2021T04:49:44Z,249,509,585,49.69,23.39,995.14 
13/11/2021T04:50:15Z,244,519,598,49.11,23.30,995.36 
13/11/2021T04:50:45Z,253,542,620,50.82,23.38,994.76 
13/11/2021T04:51:16Z,255,550,632,50.40,23.47,994.80 
13/11/2021T04:51:46Z,251,541,632,50.34,23.53,994.79 
13/11/2021T04:52:17Z,252,539,621,50.10,23.57,994.83 
13/11/2021T04:52:47Z,248,523,606,50.00,23.62,994.88 
13/11/2021T04:53:18Z,248,517,593,50.08,23.67,994.82 
13/11/2021T04:53:48Z,249,519,587,50.10,23.70,994.79 
13/11/2021T04:54:19Z,249,517,586,49.99,23.73,994.83 
13/11/2021T04:54:49Z,258,544,610,49.98,23.74,994.84 
13/11/2021T04:55:20Z,263,549,621,49.94,23.76,994.84 
13/11/2021T04:55:50Z,265,549,616,50.29,23.77,994.72 
13/11/2021T04:56:21Z,270,571,637,50.00,23.72,994.83 
13/11/2021T04:56:51Z,261,548,631,50.34,23.76,994.69 
13/11/2021T04:57:21Z,253,536,611,50.02,23.78,994.78 
13/11/2021T04:57:52Z,243,515,583,48.99,23.69,995.15 
13/11/2021T04:58:23Z,243,491,553,48.45,23.60,995.41 
13/11/2021T04:58:53Z,243,507,585,49.27,23.60,995.16 
13/11/2021T04:59:24Z,244,506,578,49.63,23.72,994.93 
13/11/2021T04:59:54Z,243,503,568,49.50,23.81,994.92 
13/11/2021T05:00:25Z,246,498,563,48.80,23.81,995.13 
13/11/2021T05:00:56Z,240,483,543,49.36,23.84,994.96 
13/11/2021T05:01:26Z,242,488,559,49.11,23.88,995.01 
13/11/2021T05:01:57Z,241,481,553,48.89,23.86,995.12 
13/11/2021T05:02:28Z,241,482,547,49.27,23.85,994.99 
13/11/2021T05:02:58Z,236,479,547,49.58,23.84,994.87 
13/11/2021T05:03:29Z,239,477,553,49.55,23.83,994.85 
13/11/2021T05:04:00Z,243,477,541,49.63,23.83,994.83 
13/11/2021T05:04:30Z,241,480,533,49.49,23.78,994.88 
13/11/2021T05:05:01Z,236,477,538,50.02,23.77,994.70 
13/11/2021T05:05:32Z,237,482,560,49.97,23.82,994.68 
13/11/2021T05:06:02Z,237,482,552,50.04,23.85,994.63 
13/11/2021T05:06:33Z,238,484,555,50.04,23.85,994.64 
13/11/2021T05:07:03Z,235,481,551,50.49,23.87,994.47 
13/11/2021T05:07:34Z,238,483,541,50.42,23.87,994.47 
13/11/2021T05:08:04Z,235,482,558,49.93,23.88,994.64 
13/11/2021T05:08:34Z,244,491,558,49.82,23.75,994.72 
13/11/2021T05:09:05Z,239,495,563,48.74,23.62,995.16 
13/11/2021T05:09:36Z,240,488,554,50.00,23.60,994.73 
13/11/2021T05:10:06Z,237,483,545,50.76,23.71,994.38 
13/11/2021T05:10:36Z,240,483,552,50.44,23.77,994.45 
13/11/2021T05:11:07Z,242,490,557,48.74,23.70,995.02 
13/11/2021T05:11:37Z,242,489,549,50.58,23.76,994.45 
13/11/2021T05:12:08Z,241,478,534,49.85,23.83,994.60 
13/11/2021T05:12:38Z,241,490,548,49.02,23.82,994.89 
13/11/2021T05:13:09Z,241,489,546,49.56,23.83,994.79 
13/11/2021T05:13:40Z,243,497,570,49.17,23.75,994.90 
13/11/2021T05:14:10Z,240,491,561,49.46,23.72,994.79 
13/11/2021T05:14:41Z,243,512,578,48.45,23.64,995.14 
13/11/2021T05:15:12Z,243,511,581,48.14,23.57,995.29 
13/11/2021T05:15:42Z,242,499,574,49.82,23.57,994.78 
13/11/2021T05:16:12Z,241,497,566,50.30,23.66,994.46 
13/11/2021T05:16:43Z,244,498,564,49.37,23.65,994.73 
13/11/2021T05:17:14Z,241,491,562,49.17,23.54,994.94 
13/11/2021T05:17:44Z,236,487,555,49.83,23.60,994.58 
13/11/2021T05:18:15Z,237,492,558,48.32,23.50,995.14 
13/11/2021T05:18:45Z,246,509,574,47.94,23.42,995.35 
13/11/2021T05:19:16Z,242,506,573,49.56,23.41,994.84 
13/11/2021T05:19:47Z,239,490,560,50.60,23.57,994.34 
13/11/2021T05:20:17Z,237,485,559,51.06,23.69,994.06 
13/11/2021T05:20:48Z,238,490,554,51.11,23.78,993.98 
13/11/2021T05:21:19Z,238,486,556,51.14,23.80,993.96 
13/11/2021T05:21:49Z,239,482,554,51.25,23.78,993.90 
13/11/2021T05:22:20Z,239,487,559,50.71,23.73,994.14 
13/11/2021T05:22:51Z,240,493,548,51.55,23.85,993.80 
13/11/2021T05:23:22Z,241,493,553,51.19,23.95,993.88 
13/11/2021T05:23:52Z,236,480,549,51.17,23.97,993.89 
13/11/2021T05:24:23Z,236,479,555,51.22,23.99,993.88 
13/11/2021T05:24:53Z,240,483,549,50.09,23.99,994.23 
13/11/2021T05:25:24Z,233,477,534,49.83,23.97,994.42 
13/11/2021T05:25:54Z,239,480,536,50.60,23.97,994.17 
13/11/2021T05:26:25Z,234,479,543,50.99,24.05,993.97 
13/11/2021T05:26:56Z,236,479,547,50.73,24.09,994.02 
13/11/2021T05:27:26Z,241,487,556,50.69,24.12,994.04 
13/11/2021T05:27:57Z,237,476,537,50.29,24.14,994.16 
13/11/2021T05:28:28Z,234,473,544,49.47,24.14,994.47 
13/11/2021T05:28:58Z,234,485,552,50.22,24.12,994.26 
13/11/2021T05:29:29Z,237,485,549,50.05,24.17,994.23 
13/11/2021T05:29:59Z,235,476,541,49.57,24.17,994.42 
13/11/2021T05:30:30Z,236,483,547,49.86,24.22,994.29 
13/11/2021T05:31:01Z,238,480,543,49.85,24.28,994.27 
13/11/2021T05:31:31Z,237,485,556,49.75,24.28,994.30 
13/11/2021T05:32:02Z,237,494,555,49.79,24.27,994.29 
13/11/2021T05:32:33Z,238,488,554,50.49,24.27,994.08 
13/11/2021T05:33:03Z,239,474,537,50.65,24.24,993.96 
13/11/2021T05:33:34Z,236,482,551,50.49,24.20,994.06 
13/11/2021T05:34:05Z,239,487,547,50.91,24.17,993.90 
13/11/2021T05:34:35Z,233,477,530,50.97,24.14,993.89 
13/11/2021T05:35:06Z,237,484,545,50.99,24.12,993.86 
13/11/2021T05:35:37Z,244,496,571,51.11,24.10,993.82 
13/11/2021T05:36:07Z,239,494,553,51.23,24.07,993.80 
13/11/2021T05:36:38Z,237,482,553,51.65,24.05,993.64 
13/11/2021T05:37:08Z,241,496,563,51.72,24.03,993.60 
13/11/2021T05:37:39Z,236,496,571,51.53,24.01,993.64 
13/11/2021T05:38:10Z,239,484,559,50.71,24.02,993.92 
13/11/2021T05:38:40Z,236,495,568,51.17,24.00,993.85 
13/11/2021T05:39:11Z,235,487,540,51.52,24.07,993.65 
13/11/2021T05:39:41Z,237,476,542,51.34,24.14,993.69 
13/11/2021T05:40:12Z,237,477,540,50.77,24.15,993.87 
13/11/2021T05:40:43Z,234,470,537,50.72,24.17,993.92 
13/11/2021T05:41:13Z,234,473,540,50.50,24.20,993.99 
13/11/2021T05:41:44Z,235,476,544,51.01,24.19,993.82 
13/11/2021T05:42:15Z,241,517,591,50.13,24.15,994.10 
13/11/2021T05:42:46Z,235,475,550,50.51,24.19,993.97 
13/11/2021T05:43:16Z,234,473,550,51.25,24.21,993.72 
13/11/2021T05:43:47Z,232,478,543,50.65,24.22,993.85 
13/11/2021T05:44:18Z,234,482,543,50.44,24.22,993.97 
13/11/2021T05:44:48Z,238,479,547,50.34,24.21,994.00 
13/11/2021T05:45:19Z,234,473,536,50.44,24.19,993.97 
13/11/2021T05:45:50Z,228,475,536,50.02,24.18,994.11 
13/11/2021T05:46:20Z,231,463,520,49.95,24.15,994.16 
13/11/2021T05:46:50Z,232,471,532,48.38,23.99,994.75 
13/11/2021T05:47:21Z,226,459,521,49.60,23.92,994.42 
13/11/2021T05:47:52Z,230,466,515,50.12,23.95,994.15 
13/11/2021T05:48:22Z,228,462,532,50.60,23.98,993.95 
13/11/2021T05:48:53Z,231,455,522,50.28,24.02,994.02 
13/11/2021T05:49:24Z,229,461,519,49.18,24.02,994.39 
13/11/2021T05:49:54Z,229,452,516,49.38,23.99,994.44 
13/11/2021T05:50:25Z,230,459,514,50.44,24.06,993.96 
13/11/2021T05:50:55Z,224,450,509,50.20,24.11,994.04 
13/11/2021T05:51:26Z,225,470,544,49.39,24.09,994.28 
13/11/2021T05:51:57Z,230,468,546,50.56,24.01,993.97 
13/11/2021T05:52:28Z,227,466,536,50.87,24.06,993.73 
13/11/2021T05:52:58Z,236,487,552,50.73,24.07,993.78 
13/11/2021T05:53:29Z,233,475,545,50.84,24.08,993.71 
13/11/2021T05:53:59Z,228,471,536,50.91,24.09,993.72 
13/11/2021T05:54:30Z,235,478,546,51.11,24.12,993.61 
13/11/2021T05:55:01Z,234,482,544,50.88,24.09,993.66 
13/11/2021T05:55:31Z,237,483,556,51.23,24.08,993.59 
13/11/2021T05:56:01Z,233,487,558,51.06,24.14,993.60 
13/11/2021T05:56:32Z,237,487,547,50.77,24.18,993.71 
13/11/2021T05:57:02Z,235,487,562,50.72,24.22,993.73 
13/11/2021T05:57:33Z,234,487,559,50.82,24.25,993.70 
13/11/2021T05:58:04Z,238,496,570,49.36,24.23,994.19 
13/11/2021T05:58:34Z,235,492,559,49.86,24.27,994.06 
13/11/2021T05:59:05Z,231,486,554,49.59,24.26,994.16 
13/11/2021T05:59:36Z,233,483,551,49.83,24.26,994.04 
13/11/2021T06:00:06Z,218,424,484,47.90,24.15,994.76 
13/11/2021T06:00:36Z,221,444,501,49.10,24.13,994.47 
13/11/2021T06:01:06Z,231,467,532,49.22,24.18,994.28 
13/11/2021T06:01:37Z,228,460,518,50.03,24.27,993.97 
13/11/2021T06:02:08Z,235,494,570,49.94,24.32,993.93 
13/11/2021T06:02:39Z,237,488,571,50.18,24.37,993.82 
13/11/2021T06:03:09Z,232,471,540,50.28,24.41,993.75 
13/11/2021T06:03:40Z,225,439,498,50.01,24.44,993.82 
13/11/2021T06:04:11Z,227,446,508,49.80,24.54,993.86 
13/11/2021T06:04:42Z,233,463,532,49.44,24.58,994.03 
13/11/2021T06:05:12Z,218,441,506,49.53,24.62,993.96 
13/11/2021T06:05:42Z,210,412,468,47.23,24.56,994.74 
13/11/2021T06:06:13Z,218,431,498,49.17,24.56,994.18 
13/11/2021T06:06:43Z,221,446,506,50.05,24.58,993.78 
13/11/2021T06:07:14Z,226,456,519,50.39,24.59,993.62 
13/11/2021T06:07:45Z,225,449,508,51.02,24.56,993.38 
13/11/2021T06:08:15Z,231,461,529,50.75,24.51,993.43 
13/11/2021T06:08:46Z,230,460,522,50.25,24.43,993.61 
13/11/2021T06:09:17Z,226,452,517,51.26,24.41,993.32 
13/11/2021T06:09:48Z,227,459,524,51.05,24.40,993.33 
13/11/2021T06:10:18Z,227,457,531,50.77,24.39,993.45 
13/11/2021T06:10:48Z,227,458,525,50.72,24.39,993.47 
13/11/2021T06:11:18Z,224,455,527,50.61,24.37,993.49 
13/11/2021T06:11:49Z,225,453,529,50.62,24.35,993.50 
13/11/2021T06:12:20Z,229,454,522,50.28,24.37,993.58 
13/11/2021T06:12:51Z,221,446,501,49.70,24.36,993.81 
13/11/2021T06:13:21Z,218,438,496,49.01,24.36,994.07 
13/11/2021T06:13:51Z,212,422,479,48.77,24.35,994.22 
13/11/2021T06:14:22Z,216,423,476,48.88,24.41,994.15 
13/11/2021T06:14:53Z,215,421,485,48.65,24.43,994.21 
13/11/2021T06:15:24Z,209,427,479,49.07,24.50,994.00 
13/11/2021T06:15:54Z,215,432,488,48.99,24.53,994.04 
13/11/2021T06:16:25Z,220,439,504,49.14,24.52,993.97 
13/11/2021T06:16:55Z,220,435,507,49.61,24.50,993.80 
13/11/2021T06:17:26Z,222,440,503,49.91,24.47,993.66 
13/11/2021T06:17:57Z,217,437,499,49.86,24.44,993.68 
13/11/2021T06:18:27Z,216,421,487,49.44,24.45,993.81 
13/11/2021T06:18:58Z,214,426,484,49.01,24.46,993.99 
13/11/2021T06:19:28Z,217,428,483,48.50,24.43,994.12 
13/11/2021T06:19:59Z,226,437,497,48.30,24.34,994.31 
13/11/2021T06:20:30Z,224,429,483,49.31,24.36,993.90 
13/11/2021T06:21:01Z,222,437,492,48.63,24.34,994.09 
13/11/2021T06:21:31Z,224,437,489,46.35,24.26,994.89 
13/11/2021T06:22:01Z,211,424,483,46.79,24.24,994.86 
13/11/2021T06:22:31Z,217,433,499,47.99,24.29,994.38 
13/11/2021T06:23:02Z,221,446,509,48.45,24.30,994.14 
13/11/2021T06:23:33Z,222,443,504,48.17,24.34,994.21 
13/11/2021T06:24:03Z,221,430,497,48.48,24.37,994.09 
13/11/2021T06:24:34Z,224,439,501,47.70,24.33,994.32 
13/11/2021T06:25:04Z,230,465,533,49.07,24.23,993.98 
13/11/2021T06:25:35Z,219,438,495,49.93,24.27,993.53 
13/11/2021T06:26:05Z,223,437,502,48.29,24.20,994.06 
13/11/2021T06:26:35Z,221,437,492,49.79,24.24,993.63 
13/11/2021T06:27:06Z,222,441,513,49.74,24.27,993.56 
13/11/2021T06:27:37Z,220,439,493,48.39,24.27,993.94 
13/11/2021T06:28:07Z,217,433,490,47.13,24.20,994.48 
13/11/2021T06:28:37Z,223,440,504,49.22,24.22,993.86 
13/11/2021T06:29:08Z,213,427,488,48.14,24.26,994.04 
13/11/2021T06:29:38Z,217,439,505,48.41,24.23,993.99 
13/11/2021T06:30:09Z,215,431,499,49.15,24.26,993.73 
13/11/2021T06:30:39Z,220,443,497,47.74,24.23,994.21 
13/11/2021T06:31:10Z,219,435,502,49.94,24.30,993.40 
13/11/2021T06:31:41Z,220,440,493,49.32,24.36,993.55 
13/11/2021T06:32:11Z,218,432,488,49.38,24.40,993.54 
13/11/2021T06:32:42Z,221,438,500,49.66,24.43,993.38 
13/11/2021T06:33:13Z,212,428,494,49.43,24.45,993.47 
13/11/2021T06:33:44Z,216,426,475,49.94,24.49,993.27 
13/11/2021T06:34:14Z,221,423,473,49.68,24.49,993.34 
13/11/2021T06:34:45Z,215,418,464,49.93,24.50,993.25 
13/11/2021T06:35:16Z,213,425,474,49.79,24.48,993.30 
13/11/2021T06:35:46Z,211,415,475,49.21,24.42,993.49 
13/11/2021T06:36:17Z,212,417,477,50.41,24.40,993.11 
13/11/2021T06:36:47Z,215,417,475,50.33,24.42,993.05 
13/11/2021T06:37:18Z,212,413,473,50.25,24.46,993.06 
13/11/2021T06:37:48Z,211,405,461,50.02,24.46,993.12 
13/11/2021T06:38:19Z,208,411,468,49.17,24.47,993.42 
13/11/2021T06:38:49Z,225,439,501,48.68,24.40,993.68 
13/11/2021T06:39:20Z,211,409,471,49.54,24.48,993.31 
13/11/2021T06:39:51Z,213,417,463,48.94,24.53,993.47 
13/11/2021T06:40:21Z,206,398,452,48.28,24.58,993.70 
13/11/2021T06:40:52Z,200,390,444,47.44,24.61,993.99 
13/11/2021T06:41:23Z,201,391,450,48.14,24.64,993.80 
13/11/2021T06:41:53Z,204,395,455,48.73,24.66,993.51 
13/11/2021T06:42:23Z,201,386,442,48.60,24.68,993.53 
13/11/2021T06:42:54Z,204,388,443,46.76,24.67,994.06 
13/11/2021T06:43:25Z,204,396,458,47.96,24.72,993.81 
13/11/2021T06:43:55Z,203,391,449,48.97,24.76,993.38 
13/11/2021T06:44:26Z,198,382,429,48.62,24.81,993.41 
13/11/2021T06:44:56Z,204,389,440,48.90,24.84,993.34 
13/11/2021T06:45:26Z,202,398,445,49.14,24.86,993.22 
13/11/2021T06:45:57Z,209,406,467,47.89,24.82,993.57 
13/11/2021T06:46:27Z,207,407,454,48.74,24.83,993.41 
13/11/2021T06:46:58Z,207,395,453,48.77,24.87,993.32 
13/11/2021T06:47:29Z,209,402,461,48.89,24.85,993.28 
13/11/2021T06:48:00Z,210,408,462,49.11,24.83,993.21 
13/11/2021T06:48:30Z,209,409,454,49.24,24.80,993.12 
13/11/2021T06:49:01Z,210,411,472,49.39,24.70,993.08 
13/11/2021T06:49:31Z,207,405,462,49.73,24.69,992.97 
13/11/2021T06:50:02Z,208,400,457,49.83,24.73,992.89 
13/11/2021T06:50:33Z,208,404,457,50.33,24.76,992.69 
13/11/2021T06:51:03Z,204,395,452,50.16,24.77,992.70 
13/11/2021T06:51:34Z,207,388,458,49.48,24.80,992.93 
13/11/2021T06:52:04Z,200,384,431,49.40,24.85,992.97 
13/11/2021T06:52:35Z,196,372,425,48.28,24.89,993.37 
13/11/2021T06:53:05Z,197,377,426,48.37,24.96,993.37 
13/11/2021T06:53:36Z,190,372,417,47.36,24.99,993.65 
13/11/2021T06:54:06Z,197,370,415,47.63,25.02,993.61 
13/11/2021T06:54:37Z,197,373,425,48.07,25.07,993.43 
13/11/2021T06:55:07Z,198,380,427,48.18,25.03,993.37 
13/11/2021T06:55:37Z,200,372,416,49.05,25.07,993.03 
13/11/2021T06:56:08Z,199,378,430,49.38,25.08,992.86 
13/11/2021T06:56:39Z,201,382,439,49.49,25.03,992.85 
13/11/2021T06:57:10Z,200,390,441,49.93,25.07,992.63 
13/11/2021T06:57:40Z,201,392,441,50.06,25.10,992.52 
13/11/2021T06:58:11Z,200,381,436,50.48,25.10,992.37 
13/11/2021T06:58:42Z,204,392,442,51.25,25.06,992.07 
13/11/2021T06:59:12Z,202,387,432,50.83,25.03,992.23 
13/11/2021T06:59:43Z,200,383,434,51.03,25.00,992.17 
13/11/2021T07:00:14Z,205,383,431,51.12,24.98,992.12 
13/11/2021T07:00:44Z,205,412,467,50.91,24.94,992.19 
13/11/2021T07:01:14Z,217,421,486,50.67,24.89,992.29 
13/11/2021T07:01:45Z,221,426,482,50.77,24.84,992.29 
13/11/2021T07:02:16Z,217,415,469,50.65,24.78,992.36 
13/11/2021T07:02:46Z,219,424,488,50.82,24.77,992.27 
13/11/2021T07:03:17Z,220,427,485,50.39,24.74,992.42 
13/11/2021T07:03:48Z,214,418,467,50.46,24.74,992.41 
13/11/2021T07:04:18Z,217,413,472,50.76,24.77,992.29 
13/11/2021T07:04:49Z,212,409,465,50.46,24.76,992.38 
13/11/2021T07:05:20Z,213,402,466,50.82,24.77,992.24 
13/11/2021T07:05:50Z,209,402,452,50.78,24.77,992.24 
13/11/2021T07:06:21Z,209,391,435,50.68,24.74,992.27 
13/11/2021T07:06:52Z,204,392,437,51.21,24.72,992.09 
13/11/2021T07:07:22Z,203,393,449,50.74,24.72,992.21 
13/11/2021T07:07:52Z,200,380,438,50.48,24.72,992.32 
13/11/2021T07:08:23Z,198,382,433,49.35,24.60,992.75 
13/11/2021T07:08:53Z,201,385,426,51.13,24.63,992.10 
13/11/2021T07:09:24Z,200,379,433,50.44,24.65,992.31 
13/11/2021T07:09:54Z,199,375,432,50.06,24.67,992.46 
13/11/2021T07:10:25Z,193,369,423,49.83,24.68,992.55 
13/11/2021T07:10:56Z,199,370,411,49.75,24.71,992.56 
13/11/2021T07:11:26Z,194,369,417,49.45,24.73,992.69 
13/11/2021T07:11:57Z,188,361,407,48.44,24.71,993.00 
13/11/2021T07:12:27Z,188,355,410,46.95,24.65,993.53 
13/11/2021T07:12:57Z,186,342,391,46.35,24.63,993.72 
13/11/2021T07:13:27Z,185,343,388,46.83,24.68,993.66 
13/11/2021T07:13:58Z,189,348,386,48.39,24.74,993.06 
13/11/2021T07:14:28Z,190,360,404,49.32,24.77,992.68 
13/11/2021T07:14:58Z,188,355,408,48.59,24.74,992.87 
13/11/2021T07:15:29Z,192,363,412,49.69,24.75,992.50 
13/11/2021T07:15:59Z,186,359,408,46.70,24.70,993.37 
13/11/2021T07:16:29Z,186,343,385,46.17,24.69,993.67 
13/11/2021T07:17:00Z,183,335,381,46.59,24.68,993.55 
13/11/2021T07:17:30Z,185,340,381,44.61,24.71,994.15 
13/11/2021T07:18:00Z,182,347,396,46.05,24.73,993.73 
13/11/2021T07:18:31Z,182,350,388,48.26,24.80,992.96 
13/11/2021T07:19:01Z,186,346,382,48.28,24.81,992.83 
13/11/2021T07:19:31Z,188,346,390,49.40,24.87,992.44 
13/11/2021T07:20:02Z,187,338,379,49.66,24.92,992.29 
13/11/2021T07:20:32Z,188,342,382,49.35,24.83,992.36 
13/11/2021T07:21:03Z,182,334,375,46.80,24.74,993.20 
13/11/2021T07:21:33Z,175,326,365,47.19,24.86,993.26 
13/11/2021T07:22:03Z,180,333,372,48.57,24.95,992.69 
13/11/2021T07:22:34Z,180,332,374,48.17,24.96,992.79 
13/11/2021T07:23:04Z,183,328,368,49.25,24.97,992.43 
13/11/2021T07:23:35Z,183,337,388,48.74,24.95,992.50 
13/11/2021T07:24:05Z,185,336,385,49.17,24.88,992.46 
13/11/2021T07:24:35Z,186,340,384,49.57,24.91,992.24 
13/11/2021T07:25:06Z,183,333,374,49.07,24.93,992.38 
13/11/2021T07:25:36Z,177,325,364,48.95,24.96,992.43 
13/11/2021T07:26:06Z,176,327,368,48.79,25.01,992.47 
13/11/2021T07:26:36Z,176,317,357,48.64,25.09,992.50 
13/11/2021T07:27:07Z,174,316,354,47.40,25.09,992.90 
13/11/2021T07:27:38Z,174,318,354,48.21,25.08,992.74 
13/11/2021T07:28:08Z,177,328,373,47.85,24.98,992.80 
13/11/2021T07:28:39Z,177,329,376,48.22,24.94,992.72 
13/11/2021T07:29:09Z,175,318,353,47.93,24.94,992.77 
13/11/2021T07:29:40Z,174,324,359,48.41,24.95,992.61 
13/11/2021T07:30:10Z,174,317,365,48.80,24.93,992.49 
13/11/2021T07:30:40Z,172,320,360,48.89,24.94,992.36 
13/11/2021T07:31:11Z,170,311,361,47.91,24.88,992.75 
13/11/2021T07:31:41Z,169,315,356,49.13,24.87,992.34 
13/11/2021T07:32:11Z,171,312,353,48.59,24.91,992.40 
13/11/2021T07:32:42Z,166,299,339,46.61,24.82,993.20 
13/11/2021T07:33:12Z,167,302,339,47.89,24.87,992.77 
13/11/2021T07:33:42Z,166,299,334,47.98,24.94,992.70 
13/11/2021T07:34:12Z,165,302,338,47.06,24.92,992.86 
13/11/2021T07:34:42Z,149,265,296,42.27,24.89,994.38 
13/11/2021T07:35:13Z,156,283,314,46.74,24.96,993.21 
13/11/2021T07:35:43Z,164,291,332,47.72,25.01,992.66 
13/11/2021T07:36:14Z,163,299,326,47.89,25.02,992.61 
13/11/2021T07:36:44Z,158,282,322,47.31,24.97,992.74 
13/11/2021T07:37:14Z,159,277,315,47.77,24.93,992.63 
13/11/2021T07:37:44Z,155,273,308,43.60,24.88,993.79 
13/11/2021T07:38:14Z,155,281,319,44.76,24.91,993.59 
13/11/2021T07:38:44Z,148,263,289,42.03,24.87,994.38 
13/11/2021T07:39:15Z,151,272,306,44.28,24.82,993.83 
13/11/2021T07:39:45Z,151,270,306,42.08,24.86,994.22 
13/11/2021T07:40:16Z,154,275,317,41.70,24.90,994.48 
13/11/2021T07:40:46Z,149,278,307,42.66,24.89,994.15 
13/11/2021T07:41:17Z,153,278,313,45.29,24.93,993.36 
13/11/2021T07:41:47Z,153,280,319,44.88,24.92,993.31 
13/11/2021T07:42:17Z,155,278,316,43.93,24.96,993.54 
13/11/2021T07:42:48Z,154,277,316,42.36,24.95,994.02 
13/11/2021T07:43:18Z,153,279,312,44.32,25.00,993.60 
13/11/2021T07:43:48Z,155,280,313,46.79,25.09,992.72 
13/11/2021T07:44:19Z,155,278,308,47.41,25.11,992.44 
13/11/2021T07:44:49Z,156,274,305,47.75,25.13,992.25 
13/11/2021T07:45:19Z,152,271,306,47.03,25.10,992.45 
13/11/2021T07:45:49Z,153,279,311,46.88,25.09,992.51 
13/11/2021T07:46:20Z,154,280,312,47.32,25.13,992.35 
13/11/2021T07:46:50Z,155,278,315,47.16,25.15,992.33 
13/11/2021T07:47:20Z,157,282,320,46.10,25.11,992.71 
13/11/2021T07:47:50Z,152,282,322,45.60,25.10,992.82 
13/11/2021T07:48:21Z,151,272,310,43.73,25.08,993.33 
13/11/2021T07:48:51Z,141,250,276,40.23,25.07,994.35 
13/11/2021T07:49:21Z,137,238,263,40.31,25.13,994.34 
13/11/2021T07:49:52Z,144,260,288,43.83,25.23,993.35 
13/11/2021T07:50:23Z,147,257,287,44.20,25.31,993.10 
13/11/2021T07:50:53Z,148,266,302,45.64,25.31,992.60 
13/11/2021T07:51:24Z,149,263,293,45.56,25.25,992.62 
13/11/2021T07:51:54Z,149,267,298,46.05,25.18,992.48 
13/11/2021T07:52:25Z,151,271,298,45.66,25.11,992.50 
13/11/2021T07:52:55Z,146,253,284,41.46,24.98,993.74 
13/11/2021T07:53:26Z,146,265,294,45.04,25.03,992.95 
13/11/2021T07:53:56Z,144,257,289,45.26,25.03,992.70 
13/11/2021T07:54:26Z,145,257,286,44.65,24.98,992.87 
13/11/2021T07:54:57Z,145,254,291,42.48,25.03,993.42 
13/11/2021T07:55:27Z,145,268,298,45.44,25.08,992.75 
13/11/2021T07:55:57Z,146,262,288,46.07,25.12,992.37 
13/11/2021T07:56:28Z,147,263,293,44.59,25.02,992.86 
13/11/2021T07:56:58Z,148,257,289,46.20,25.07,992.36 
13/11/2021T07:57:28Z,148,260,294,44.01,25.05,992.94 
13/11/2021T07:57:59Z,151,266,292,46.40,25.09,992.35 
13/11/2021T07:58:29Z,149,262,291,47.12,25.11,992.04 
13/11/2021T07:59:00Z,151,262,289,46.67,25.09,992.13 
13/11/2021T07:59:31Z,152,265,296,46.91,25.06,992.09 
13/11/2021T08:00:01Z,149,255,280,45.20,24.95,992.47 
13/11/2021T08:00:31Z,143,249,278,43.60,24.90,993.11 
13/11/2021T08:01:02Z,143,246,267,44.93,24.96,992.68 
13/11/2021T08:01:32Z,138,240,261,43.39,25.00,993.11 
13/11/2021T08:02:03Z,164,290,319,41.37,25.00,993.61 
13/11/2021T08:02:33Z,165,282,310,40.75,24.96,993.86 
13/11/2021T08:03:03Z,147,252,279,42.83,24.97,993.26 
13/11/2021T08:03:34Z,153,266,297,41.96,24.99,993.45 
13/11/2021T08:04:04Z,153,269,296,41.19,25.03,993.64 
13/11/2021T08:04:35Z,143,246,275,40.51,24.99,993.82 
13/11/2021T08:05:05Z,143,247,275,42.47,25.03,993.36 
13/11/2021T08:05:36Z,142,247,269,42.61,25.08,993.12 
13/11/2021T08:06:06Z,128,221,253,39.77,24.99,993.79 
13/11/2021T08:06:36Z,137,238,264,41.17,24.99,993.64 
13/11/2021T08:07:06Z,142,245,272,42.85,25.01,993.04 
13/11/2021T08:07:36Z,142,244,268,42.85,25.01,992.91 
13/11/2021T08:08:07Z,136,235,257,41.64,24.92,993.29 
13/11/2021T08:08:37Z,139,232,257,42.19,24.91,993.18 
13/11/2021T08:09:07Z,133,226,249,40.44,24.93,993.49 
13/11/2021T08:09:38Z,129,217,242,40.15,24.94,993.64 
13/11/2021T08:10:08Z,127,221,249,37.53,24.92,994.29 
13/11/2021T08:10:39Z,125,215,239,37.01,24.97,994.44 
13/11/2021T08:11:09Z,123,210,235,36.23,24.96,994.52 
13/11/2021T08:11:39Z,126,212,237,38.52,24.97,993.98 
13/11/2021T08:12:09Z,125,213,236,39.22,25.02,993.72 
13/11/2021T08:12:40Z,131,225,245,42.15,25.09,992.90 
13/11/2021T08:13:11Z,129,224,250,41.72,25.10,992.86 
13/11/2021T08:13:41Z,130,222,249,42.62,25.12,992.66 
13/11/2021T08:14:11Z,128,224,246,42.48,25.13,992.62 
13/11/2021T08:14:42Z,129,222,248,42.85,25.14,992.52 
13/11/2021T08:15:12Z,131,224,253,43.10,25.12,992.44 
13/11/2021T08:15:43Z,132,235,261,43.41,25.08,992.35 
13/11/2021T08:16:13Z,132,228,258,43.64,25.07,992.26 
13/11/2021T08:16:44Z,137,233,254,43.72,25.03,992.26 
13/11/2021T08:17:14Z,130,229,258,43.99,25.02,992.18 
13/11/2021T08:17:45Z,131,228,260,44.18,24.98,992.12 
13/11/2021T08:18:15Z,131,223,257,44.44,24.98,992.04 
13/11/2021T08:18:45Z,130,225,257,44.60,24.98,992.00 
13/11/2021T08:19:16Z,131,233,256,44.87,24.95,991.91 
13/11/2021T08:19:46Z,134,235,264,44.90,24.87,991.89 
13/11/2021T08:20:16Z,136,239,266,44.75,24.78,991.90 
13/11/2021T08:20:47Z,133,228,261,44.95,24.76,991.86 
13/11/2021T08:21:17Z,132,234,261,44.92,24.81,991.83 
13/11/2021T08:21:48Z,135,233,260,43.92,24.81,992.04 
13/11/2021T08:22:18Z,137,237,266,42.22,24.77,992.56 
13/11/2021T08:22:49Z,135,236,261,44.24,24.81,992.14 
13/11/2021T08:23:19Z,133,228,256,45.39,24.87,991.72 
13/11/2021T08:23:50Z,150,251,279,44.39,24.88,991.88 
13/11/2021T08:24:20Z,155,265,297,43.26,24.85,992.18 
13/11/2021T08:24:51Z,151,262,290,43.31,24.87,992.30 
13/11/2021T08:25:22Z,139,245,276,42.79,24.88,992.34 
13/11/2021T08:25:52Z,138,240,267,40.11,24.86,993.00 
13/11/2021T08:26:22Z,142,245,269,41.38,24.84,992.86 
13/11/2021T08:26:52Z,136,232,261,40.91,24.88,992.79 
13/11/2021T08:27:22Z,133,222,240,38.49,24.95,993.45 
13/11/2021T08:27:53Z,129,223,246,37.57,24.97,993.56 
13/11/2021T08:28:23Z,125,215,239,37.77,24.98,993.65 
13/11/2021T08:28:54Z,131,223,246,40.10,25.09,992.99 
13/11/2021T08:29:24Z,129,222,246,41.15,25.05,992.68 
13/11/2021T08:29:54Z,133,225,252,41.82,25.04,992.38 
13/11/2021T08:30:24Z,132,224,250,41.71,25.07,992.45 
13/11/2021T08:30:55Z,135,231,252,42.93,25.13,992.09 
13/11/2021T08:31:25Z,135,230,254,42.94,25.16,992.01 
13/11/2021T08:31:55Z,133,231,261,42.60,25.14,992.08 
13/11/2021T08:32:25Z,134,227,249,42.25,25.13,992.21 
13/11/2021T08:32:56Z,133,232,256,41.76,25.10,992.29 
13/11/2021T08:33:26Z,137,234,262,41.49,25.11,992.34 
13/11/2021T08:33:57Z,133,233,263,41.52,25.10,992.41 
13/11/2021T08:34:27Z,133,229,256,42.21,25.10,992.20 
13/11/2021T08:34:57Z,136,230,256,43.18,25.14,991.94 
13/11/2021T08:35:28Z,140,242,262,43.27,25.10,991.84 
13/11/2021T08:35:58Z,141,248,276,43.68,25.07,991.72 
13/11/2021T08:36:29Z,141,245,270,43.37,25.06,991.82 
13/11/2021T08:37:00Z,137,240,263,40.84,25.09,992.29 
13/11/2021T08:37:30Z,137,236,258,41.88,25.11,992.33 
13/11/2021T08:38:00Z,139,244,271,43.23,25.14,991.87 
13/11/2021T08:38:31Z,140,237,257,43.11,25.13,991.84 
13/11/2021T08:39:01Z,140,237,271,43.01,25.13,991.87 
13/11/2021T08:39:31Z,139,236,265,43.86,25.15,991.66 
13/11/2021T08:40:02Z,138,237,263,44.58,25.23,991.35 
13/11/2021T08:40:32Z,136,237,263,43.43,25.27,991.64 
13/11/2021T08:41:02Z,138,232,257,43.69,25.31,991.58 
13/11/2021T08:41:32Z,134,230,257,43.69,25.33,991.56 
13/11/2021T08:42:03Z,137,235,262,44.13,25.34,991.46 
13/11/2021T08:42:33Z,137,235,261,44.54,25.35,991.31 
13/11/2021T08:43:04Z,141,242,276,44.73,25.36,991.24 
13/11/2021T08:43:34Z,139,248,286,43.79,25.26,991.45 
13/11/2021T08:44:05Z,139,244,286,42.41,25.20,991.92 
13/11/2021T08:44:35Z,138,237,269,45.05,25.26,991.26 
13/11/2021T08:45:06Z,136,244,270,45.36,25.34,991.08 
13/11/2021T08:45:36Z,135,240,276,44.30,25.37,991.28 
13/11/2021T08:46:07Z,134,235,269,43.76,25.34,991.47 
13/11/2021T08:46:38Z,137,241,272,43.43,25.27,991.66 
13/11/2021T08:47:09Z,136,235,269,44.36,25.27,991.39 
13/11/2021T08:47:39Z,135,235,270,44.26,25.25,991.38 
13/11/2021T08:48:09Z,140,237,272,43.80,25.22,991.56 
13/11/2021T08:48:39Z,135,233,263,44.48,25.22,991.36 
13/11/2021T08:49:09Z,136,227,261,44.78,25.22,991.25 
13/11/2021T08:49:40Z,135,238,265,45.19,25.22,991.13 
13/11/2021T08:50:11Z,136,239,273,45.45,25.15,991.05 
13/11/2021T08:50:41Z,137,241,273,45.93,25.14,990.91 
13/11/2021T08:51:11Z,135,237,270,45.93,25.16,990.88 
13/11/2021T08:51:42Z,135,236,268,45.68,25.17,990.94 
13/11/2021T08:52:13Z,134,239,278,45.93,25.17,990.87 
13/11/2021T08:52:43Z,136,242,264,46.22,25.16,990.77 
13/11/2021T08:53:13Z,139,239,272,46.38,25.14,990.73 
13/11/2021T08:53:44Z,138,236,265,46.56,25.15,990.68 
13/11/2021T08:54:14Z,135,240,271,46.21,25.11,990.74 
13/11/2021T08:54:44Z,134,244,276,46.23,25.05,990.79 
13/11/2021T08:55:14Z,139,244,275,46.32,24.99,990.75 
13/11/2021T08:55:44Z,140,245,282,46.51,24.90,990.71 
13/11/2021T08:56:15Z,139,246,276,46.87,24.84,990.66 
13/11/2021T08:56:45Z,140,247,282,47.24,24.88,990.52 
13/11/2021T08:57:15Z,138,241,279,46.96,24.89,990.60 
13/11/2021T08:57:46Z,141,248,285,46.93,24.86,990.61 
13/11/2021T08:58:17Z,140,246,286,47.29,24.89,990.51 
13/11/2021T08:58:47Z,140,246,283,47.18,24.94,990.51 
13/11/2021T08:59:18Z,140,247,282,46.49,24.95,990.71 
13/11/2021T08:59:48Z,134,240,278,46.66,24.97,990.68 
13/11/2021T09:00:19Z,135,235,265,44.46,24.92,991.24 
13/11/2021T09:00:49Z,137,240,277,45.77,24.96,990.97 
13/11/2021T09:01:19Z,128,225,249,42.54,24.98,991.63 
13/11/2021T09:01:49Z,119,205,225,39.23,25.04,992.58 
13/11/2021T09:02:20Z,114,198,223,37.17,25.07,992.98 
13/11/2021T09:02:51Z,108,188,208,38.49,25.15,992.88 
13/11/2021T09:03:21Z,122,208,231,43.48,25.28,991.54 
13/11/2021T09:03:51Z,122,208,232,40.82,25.21,992.03 
13/11/2021T09:04:22Z,122,211,236,44.35,25.29,991.21 
13/11/2021T09:04:52Z,125,212,236,44.49,25.31,991.06 
13/11/2021T09:05:23Z,121,211,234,42.10,25.27,991.56 
13/11/2021T09:05:53Z,121,208,239,42.70,25.30,991.61 
13/11/2021T09:06:23Z,123,208,239,44.23,25.34,991.17 
13/11/2021T09:06:54Z,124,218,243,44.64,25.36,991.01 
13/11/2021T09:07:25Z,123,211,247,45.05,25.38,990.86 
13/11/2021T09:07:55Z,123,214,243,44.71,25.36,990.94 
13/11/2021T09:08:26Z,126,220,245,44.69,25.38,990.93 
13/11/2021T09:08:56Z,129,220,256,44.89,25.35,990.91 
13/11/2021T09:09:26Z,127,223,246,45.13,25.33,990.83 
13/11/2021T09:09:57Z,129,221,249,45.22,25.33,990.78 
13/11/2021T09:10:27Z,128,221,245,45.27,25.31,990.77 
13/11/2021T09:10:57Z,128,225,257,45.22,25.29,990.78 
13/11/2021T09:11:27Z,126,222,256,45.42,25.26,990.74 
13/11/2021T09:11:57Z,125,221,251,45.51,25.27,990.70 
13/11/2021T09:12:28Z,127,219,252,45.38,25.24,990.74 
13/11/2021T09:12:59Z,123,216,248,45.60,25.21,990.69 
13/11/2021T09:13:29Z,125,221,254,45.48,25.18,990.74 
13/11/2021T09:14:00Z,122,217,249,45.63,25.16,990.70 
13/11/2021T09:14:30Z,124,213,247,45.68,25.16,990.66 
13/11/2021T09:15:01Z,122,213,243,45.79,25.11,990.69 
13/11/2021T09:15:31Z,123,217,249,45.81,25.07,990.65 
13/11/2021T09:16:02Z,127,222,260,45.72,24.96,990.74 
13/11/2021T09:16:32Z,125,213,242,46.50,25.01,990.50 
13/11/2021T09:17:03Z,126,218,253,46.46,25.07,990.49 
13/11/2021T09:17:34Z,126,225,264,46.07,25.08,990.57 
13/11/2021T09:18:04Z,123,231,287,45.07,25.03,990.83 
13/11/2021T09:18:35Z,127,234,289,45.67,25.01,990.75 
13/11/2021T09:19:05Z,125,230,280,46.01,25.03,990.62 
13/11/2021T09:19:36Z,125,229,277,44.67,25.02,990.89 
13/11/2021T09:20:06Z,120,218,253,41.93,25.03,991.65 
13/11/2021T09:20:37Z,118,210,240,42.71,25.15,991.59 
13/11/2021T09:21:07Z,119,210,243,43.46,25.20,991.28 
13/11/2021T09:21:37Z,121,211,259,44.83,25.26,990.92 
13/11/2021T09:22:08Z,122,224,286,44.39,25.21,991.00 
13/11/2021T09:22:38Z,121,218,272,44.55,25.20,990.93 
13/11/2021T09:23:08Z,117,211,261,43.33,25.21,991.23 
13/11/2021T09:23:39Z,114,206,242,42.41,25.19,991.56 
13/11/2021T09:24:09Z,116,206,241,42.77,25.25,991.51 
13/11/2021T09:24:40Z,115,205,242,43.07,25.28,991.37 
13/11/2021T09:25:11Z,115,205,244,44.96,25.29,990.90 
13/11/2021T09:25:41Z,119,214,258,45.27,25.30,990.72 
13/11/2021T09:26:11Z,117,215,256,44.69,25.28,990.87 
13/11/2021T09:26:42Z,117,213,264,44.12,25.25,991.03 
13/11/2021T09:27:12Z,116,220,276,43.73,25.21,991.18 
13/11/2021T09:27:43Z,112,212,280,43.89,25.21,991.13 
13/11/2021T09:28:13Z,113,207,282,43.95,25.22,991.12 
13/11/2021T09:28:44Z,110,205,265,43.83,25.22,991.16 
13/11/2021T09:29:14Z,109,196,246,42.71,25.18,991.34 
13/11/2021T09:29:44Z,107,189,232,41.04,25.09,991.92 
13/11/2021T09:30:15Z,109,193,240,42.70,25.12,991.55 
13/11/2021T09:30:45Z,108,188,231,43.28,25.17,991.34 
13/11/2021T09:31:16Z,107,195,238,44.24,25.19,991.05 
13/11/2021T09:31:47Z,113,203,249,44.24,25.15,991.00 
13/11/2021T09:32:17Z,109,195,246,44.31,25.12,990.98 
13/11/2021T09:32:48Z,109,198,230,44.50,25.11,990.94 
13/11/2021T09:33:19Z,108,196,232,44.78,25.13,990.84 
13/11/2021T09:33:49Z,110,196,234,44.96,25.10,990.82 
13/11/2021T09:34:20Z,109,192,227,43.91,25.00,991.12 
13/11/2021T09:34:51Z,109,195,237,44.68,25.01,990.91 
13/11/2021T09:35:21Z,111,188,223,44.21,24.94,991.04 
13/11/2021T09:35:52Z,94,167,187,39.47,24.88,992.10 
13/11/2021T09:36:23Z,96,167,195,40.79,24.89,992.06 
13/11/2021T09:36:53Z,92,154,180,39.65,24.94,992.23 
13/11/2021T09:37:24Z,99,172,199,42.69,25.06,991.54 
13/11/2021T09:37:54Z,102,174,197,43.15,25.10,991.31 
13/11/2021T09:38:24Z,99,170,200,43.55,25.13,991.16 
13/11/2021T09:38:55Z,99,174,199,43.44,25.12,991.14 
13/11/2021T09:39:26Z,100,167,193,43.96,25.07,991.06 
13/11/2021T09:39:56Z,100,173,200,43.59,24.97,991.15 
13/11/2021T09:40:27Z,102,176,200,44.18,24.98,990.98 
13/11/2021T09:40:58Z,102,170,193,44.99,25.00,990.77 
13/11/2021T09:41:28Z,100,170,198,44.82,25.02,990.76 
13/11/2021T09:41:58Z,99,165,186,43.98,24.98,990.96 
13/11/2021T09:42:29Z,101,168,192,43.07,24.81,991.31 
13/11/2021T09:42:59Z,92,159,180,41.74,24.76,991.55 
13/11/2021T09:43:29Z,88,149,164,38.64,24.77,992.37 
13/11/2021T09:43:59Z,87,144,161,38.84,24.75,992.43 
13/11/2021T09:44:29Z,92,153,179,41.13,24.84,991.86 
13/11/2021T09:44:59Z,91,156,177,40.95,24.90,991.82 
13/11/2021T09:45:29Z,91,153,169,41.60,24.94,991.64 
13/11/2021T09:46:00Z,95,155,171,40.17,24.91,991.94 
13/11/2021T09:46:30Z,91,153,175,41.73,24.86,991.71 
13/11/2021T09:47:01Z,94,152,173,42.53,24.87,991.40 
13/11/2021T09:47:31Z,90,149,163,40.80,24.81,991.80 
13/11/2021T09:48:01Z,90,155,176,42.34,24.84,991.46 
13/11/2021T09:48:32Z,95,163,183,42.80,24.79,991.35 
13/11/2021T09:49:02Z,95,160,178,44.11,24.87,990.97 
13/11/2021T09:49:33Z,93,157,180,43.96,24.91,990.90 
13/11/2021T09:50:03Z,91,155,175,43.63,24.91,991.00 
13/11/2021T09:50:34Z,92,155,173,43.38,24.85,991.11 
13/11/2021T09:51:05Z,93,154,170,43.53,24.82,991.10 
13/11/2021T09:51:35Z,94,160,173,43.77,24.84,991.02 
13/11/2021T09:52:05Z,91,154,170,43.56,24.83,991.03 
13/11/2021T09:52:36Z,96,161,180,42.17,24.76,991.43 
13/11/2021T09:53:07Z,92,159,175,43.56,24.83,991.08 
13/11/2021T09:53:38Z,96,161,177,43.14,24.78,991.17 
13/11/2021T09:54:08Z,97,163,184,43.90,24.79,991.00 
13/11/2021T09:54:38Z,96,160,175,43.96,24.80,990.96 
13/11/2021T09:55:09Z,96,162,181,44.28,24.76,990.87 
13/11/2021T09:55:39Z,103,168,185,45.32,24.67,990.60 
13/11/2021T09:56:10Z,100,162,184,45.61,24.70,990.46 
13/11/2021T09:56:41Z,104,168,187,45.39,24.73,990.49 
13/11/2021T09:57:11Z,108,176,194,45.23,24.68,990.57 
13/11/2021T09:57:42Z,106,172,190,45.82,24.72,990.40 
13/11/2021T09:58:12Z,108,173,190,45.90,24.68,990.38 
13/11/2021T09:58:42Z,108,177,192,46.56,24.71,990.20 
13/11/2021T09:59:12Z,104,175,188,46.56,24.69,990.18 
13/11/2021T09:59:43Z,104,172,188,46.91,24.65,990.11 
13/11/2021T10:00:13Z,99,165,182,47.05,24.72,990.05 
13/11/2021T10:00:44Z,100,162,181,46.94,24.73,990.06 
13/11/2021T10:01:14Z,99,167,188,47.16,24.72,989.99 
13/11/2021T10:01:45Z,99,161,179,47.00,24.76,990.01 
13/11/2021T10:02:15Z,102,166,185,46.41,24.79,990.14 
13/11/2021T10:02:45Z,104,169,184,46.13,24.76,990.25 
13/11/2021T10:03:16Z,102,165,186,46.58,24.76,990.16 
13/11/2021T10:03:46Z,101,164,179,47.11,24.77,989.99 
13/11/2021T10:04:17Z,97,161,179,47.04,24.74,989.99 
13/11/2021T10:04:48Z,97,160,174,47.16,24.71,989.98 
13/11/2021T10:05:18Z,98,166,182,47.60,24.68,989.85 
13/11/2021T10:05:49Z,98,160,177,47.81,24.67,989.79 
13/11/2021T10:06:19Z,95,159,178,48.10,24.66,989.71 
13/11/2021T10:06:50Z,98,163,181,47.90,24.65,989.75 
13/11/2021T10:07:20Z,102,168,182,47.84,24.65,989.77 
13/11/2021T10:07:51Z,100,165,182,47.75,24.65,989.80 
13/11/2021T10:08:22Z,100,161,179,47.87,24.70,989.78 
13/11/2021T10:08:52Z,97,159,174,47.86,24.75,989.75 
13/11/2021T10:09:22Z,97,158,176,48.00,24.80,989.72 
13/11/2021T10:09:52Z,96,161,179,48.02,24.84,989.68 
13/11/2021T10:10:23Z,97,156,177,48.12,24.89,989.63 
13/11/2021T10:10:53Z,92,149,163,47.67,24.93,989.75 
13/11/2021T10:11:24Z,95,156,172,47.78,24.98,989.74 
13/11/2021T10:11:54Z,94,155,172,47.26,25.02,989.84 
13/11/2021T10:12:25Z,93,153,167,47.14,25.07,989.90 
13/11/2021T10:12:55Z,92,151,164,46.80,25.09,989.97 
13/11/2021T10:13:26Z,93,151,166,47.31,25.07,989.89 
13/11/2021T10:13:57Z,94,152,169,47.42,25.01,989.84 
13/11/2021T10:14:27Z,94,157,171,47.40,24.95,989.86 
13/11/2021T10:14:58Z,96,157,170,46.94,24.84,990.01 
13/11/2021T10:15:29Z,95,156,174,47.75,24.83,989.81 
13/11/2021T10:15:59Z,93,156,170,47.68,24.84,989.81 
13/11/2021T10:16:30Z,94,155,174,47.20,24.80,989.94 
13/11/2021T10:17:01Z,94,154,166,47.28,24.81,989.91 
13/11/2021T10:17:31Z,91,150,170,47.26,24.81,989.93 
13/11/2021T10:18:02Z,91,145,161,47.14,24.81,989.96 
13/11/2021T10:18:33Z,89,144,159,47.37,24.81,989.89 
13/11/2021T10:19:03Z,92,149,162,47.52,24.85,989.83 
13/11/2021T10:19:33Z,91,147,162,47.32,24.92,989.85 
13/11/2021T10:20:04Z,92,150,168,46.80,24.94,989.98 
13/11/2021T10:20:34Z,90,149,167,46.05,24.96,990.19 
13/11/2021T10:21:05Z,89,147,164,46.05,24.97,990.25 
13/11/2021T10:21:36Z,89,151,169,46.27,24.97,990.16 
13/11/2021T10:22:06Z,90,147,170,45.74,24.96,990.32 
13/11/2021T10:22:36Z,89,151,168,45.80,24.97,990.33 
13/11/2021T10:23:06Z,86,141,156,45.68,24.94,990.36 
13/11/2021T10:23:36Z,88,138,155,45.72,24.91,990.36 
13/11/2021T10:24:07Z,85,138,153,45.68,24.88,990.38 
13/11/2021T10:24:37Z,86,141,157,45.54,24.85,990.45 
13/11/2021T10:25:08Z,88,145,161,45.94,24.83,990.35 
13/11/2021T10:25:39Z,87,143,161,46.13,24.80,990.27 
13/11/2021T10:26:10Z,84,140,156,46.18,24.77,990.27 
13/11/2021T10:26:41Z,89,147,167,46.07,24.74,990.29 
13/11/2021T10:27:11Z,88,146,169,46.29,24.69,990.25 
13/11/2021T10:27:41Z,90,149,166,46.93,24.62,990.09 
13/11/2021T10:28:12Z,88,147,162,46.83,24.64,990.07 
13/11/2021T10:28:42Z,90,147,165,46.98,24.65,990.03 
13/11/2021T10:29:13Z,90,149,166,46.79,24.61,990.06 
13/11/2021T10:29:44Z,91,154,167,46.69,24.47,990.14 
13/11/2021T10:30:14Z,89,152,168,47.40,24.53,989.92 
13/11/2021T10:30:44Z,86,141,154,46.94,24.53,990.02 
13/11/2021T10:31:14Z,86,144,162,47.00,24.58,989.98 
13/11/2021T10:31:45Z,106,169,188,46.93,24.63,990.00 
13/11/2021T10:32:15Z,100,161,177,46.74,24.69,990.01 
13/11/2021T10:32:45Z,96,156,172,46.58,24.68,990.10 
13/11/2021T10:33:16Z,96,158,171,46.94,24.72,989.98 
13/11/2021T10:33:46Z,96,156,175,46.85,24.71,989.98 
13/11/2021T10:34:16Z,100,157,170,47.12,24.73,989.89 
13/11/2021T10:34:47Z,92,156,169,46.98,24.71,989.93 
13/11/2021T10:35:17Z,91,145,165,47.12,24.68,989.90 
13/11/2021T10:35:48Z,93,151,167,47.11,24.64,989.93 
13/11/2021T10:36:18Z,88,145,161,47.55,24.62,989.80 
13/11/2021T10:36:49Z,89,148,164,47.75,24.59,989.75 
13/11/2021T10:37:19Z,91,149,165,47.66,24.58,989.78 
13/11/2021T10:37:49Z,92,149,163,47.80,24.57,989.74 
13/11/2021T10:38:20Z,94,150,164,47.59,24.56,989.78 
13/11/2021T10:38:50Z,91,149,164,47.65,24.54,989.81 
13/11/2021T10:39:21Z,90,150,159,47.93,24.53,989.73 
13/11/2021T10:39:51Z,88,145,164,48.54,24.47,989.57 
13/11/2021T10:40:21Z,88,145,163,48.65,24.48,989.50 
13/11/2021T10:40:52Z,88,148,164,48.71,24.48,989.48 
13/11/2021T10:41:23Z,88,144,159,48.49,24.47,989.53 
13/11/2021T10:41:53Z,89,146,159,48.33,24.47,989.60 
13/11/2021T10:42:24Z,87,144,160,48.19,24.48,989.62 
13/11/2021T10:42:54Z,89,147,161,48.13,24.48,989.66 
13/11/2021T10:43:25Z,87,140,153,48.25,24.48,989.63 
13/11/2021T10:43:55Z,88,142,157,48.11,24.48,989.67 
13/11/2021T10:44:26Z,84,143,163,48.22,24.49,989.64 
13/11/2021T10:44:56Z,86,143,155,48.14,24.49,989.64 
13/11/2021T10:45:27Z,84,141,156,48.51,24.50,989.55 
13/11/2021T10:45:58Z,81,139,153,48.77,24.50,989.44 
13/11/2021T10:46:28Z,83,138,156,48.86,24.52,989.39 
13/11/2021T10:46:58Z,82,136,156,48.62,24.51,989.46 
13/11/2021T10:47:29Z,82,137,152,48.64,24.54,989.44 
13/11/2021T10:47:59Z,82,138,158,48.76,24.58,989.39 
13/11/2021T10:48:30Z,81,137,158,48.40,24.62,989.47 
13/11/2021T10:49:01Z,82,137,153,48.34,24.63,989.51 
13/11/2021T10:49:31Z,81,136,153,48.57,24.65,989.43 
13/11/2021T10:50:02Z,83,140,160,48.50,24.65,989.45 
13/11/2021T10:50:32Z,86,139,158,48.41,24.65,989.49 
13/11/2021T10:51:03Z,113,174,193,48.60,24.66,989.43 
13/11/2021T10:51:33Z,132,206,223,48.68,24.67,989.40 
13/11/2021T10:52:03Z,115,179,194,48.79,24.67,989.36 
13/11/2021T10:52:34Z,105,166,185,48.89,24.67,989.35 
13/11/2021T10:53:04Z,103,164,190,48.93,24.67,989.32 
13/11/2021T10:53:35Z,99,159,180,48.62,24.64,989.41 
13/11/2021T10:54:05Z,99,159,180,48.79,24.63,989.38 
13/11/2021T10:54:36Z,97,162,180,48.57,24.59,989.44 
13/11/2021T10:55:06Z,96,155,171,48.64,24.55,989.43 
13/11/2021T10:55:37Z,97,158,181,48.65,24.52,989.45 
13/11/2021T10:56:07Z,98,154,175,48.77,24.49,989.40 
13/11/2021T10:56:37Z,96,152,168,48.92,24.47,989.38 
13/11/2021T10:57:08Z,95,153,169,48.92,24.46,989.38 
13/11/2021T10:57:38Z,95,149,163,48.98,24.46,989.37 
13/11/2021T10:58:09Z,94,147,165,48.99,24.45,989.36 
13/11/2021T10:58:39Z,96,159,172,49.18,24.46,989.29 
13/11/2021T10:59:10Z,89,144,160,49.37,24.37,989.27 
13/11/2021T10:59:41Z,92,150,165,49.95,24.40,989.10 
13/11/2021T11:00:11Z,89,147,164,49.64,24.47,989.17 
13/11/2021T11:00:42Z,89,147,166,49.50,24.49,989.20 
13/11/2021T11:01:12Z,90,145,166,49.49,24.49,989.22 
13/11/2021T11:01:42Z,89,143,159,49.34,24.51,989.26 
13/11/2021T11:02:13Z,86,139,155,48.96,24.52,989.37 
13/11/2021T11:02:43Z,88,141,160,48.72,24.51,989.45 
13/11/2021T11:03:13Z,88,145,158,48.70,24.51,989.46 
13/11/2021T11:03:44Z,89,144,160,48.99,24.53,989.40 
13/11/2021T11:04:14Z,84,139,159,49.48,24.57,989.25 
13/11/2021T11:04:44Z,88,143,164,49.31,24.59,989.26 
13/11/2021T11:05:14Z,85,138,155,49.13,24.56,989.33 
13/11/2021T11:05:45Z,85,136,152,49.43,24.54,989.26 
13/11/2021T11:06:16Z,86,137,153,49.26,24.53,989.29 
13/11/2021T11:06:47Z,83,135,152,49.13,24.49,989.36 
13/11/2021T11:07:17Z,81,134,148,49.20,24.44,989.36 
13/11/2021T11:07:48Z,83,136,151,49.33,24.42,989.31 
13/11/2021T11:08:18Z,90,148,170,49.57,24.41,989.25 
13/11/2021T11:08:49Z,99,161,178,50.07,24.29,989.13 
13/11/2021T11:09:19Z,100,164,178,50.16,24.34,989.07 
13/11/2021T11:09:49Z,107,173,190,49.91,24.38,989.12 
13/11/2021T11:10:19Z,109,179,198,49.67,24.37,989.20 
13/11/2021T11:10:50Z,110,183,207,49.47,24.33,989.26 
13/11/2021T11:11:21Z,105,173,192,49.85,24.38,989.15 
13/11/2021T11:11:51Z,100,164,180,49.87,24.38,989.14 
13/11/2021T11:12:21Z,98,160,174,49.80,24.37,989.14 
13/11/2021T11:12:52Z,96,155,169,49.57,24.34,989.22 
13/11/2021T11:13:22Z,94,152,168,49.96,24.34,989.12 
13/11/2021T11:13:52Z,91,151,167,50.00,24.37,989.09 
13/11/2021T11:14:22Z,88,144,164,50.02,24.35,989.08 
13/11/2021T11:14:53Z,86,143,158,50.15,24.34,989.04 
13/11/2021T11:15:24Z,87,139,157,49.97,24.34,989.07 
13/11/2021T11:15:54Z,83,134,150,49.89,24.33,989.10 
13/11/2021T11:16:24Z,84,135,148,49.83,24.33,989.13 
13/11/2021T11:16:55Z,82,134,152,49.80,24.33,989.15 
13/11/2021T11:17:26Z,80,133,148,49.93,24.34,989.09 
13/11/2021T11:17:56Z,82,133,147,50.04,24.37,989.07 
13/11/2021T11:18:26Z,82,134,149,50.11,24.44,989.03 
13/11/2021T11:18:57Z,84,135,154,49.95,24.47,989.07 
13/11/2021T11:19:28Z,81,130,144,50.02,24.49,989.05 
13/11/2021T11:19:58Z,81,135,150,49.95,24.54,989.07 
13/11/2021T11:20:28Z,83,136,150,49.87,24.58,989.08 
13/11/2021T11:20:59Z,82,136,152,49.95,24.53,989.09 
13/11/2021T11:21:29Z,77,130,147,49.67,24.51,989.18 
13/11/2021T11:21:59Z,78,130,145,50.17,24.49,989.06 
13/11/2021T11:22:30Z,77,129,145,50.41,24.50,988.98 
13/11/2021T11:23:01Z,77,130,147,50.35,24.50,989.00 
13/11/2021T11:23:31Z,78,132,145,50.07,24.51,989.07 
13/11/2021T11:24:01Z,76,128,146,49.90,24.48,989.15 
13/11/2021T11:24:32Z,77,125,143,49.91,24.43,989.17 
13/11/2021T11:25:02Z,76,127,149,49.96,24.40,989.17 
13/11/2021T11:25:32Z,77,124,138,49.84,24.39,989.22 
13/11/2021T11:26:03Z,78,124,137,49.84,24.39,989.22 
13/11/2021T11:26:33Z,78,129,146,49.68,24.39,989.27 
13/11/2021T11:27:04Z,79,128,144,49.66,24.40,989.28 
13/11/2021T11:27:34Z,76,127,142,49.65,24.38,989.30 
13/11/2021T11:28:05Z,82,131,151,49.68,24.37,989.30 
13/11/2021T11:28:36Z,87,139,153,49.60,24.35,989.34 
13/11/2021T11:29:06Z,86,137,150,49.68,24.37,989.30 
13/11/2021T11:29:37Z,86,139,148,48.96,24.37,989.51 
13/11/2021T11:30:07Z,85,135,149,49.17,24.40,989.49 
13/11/2021T11:30:38Z,82,132,147,48.86,24.43,989.55 
13/11/2021T11:31:09Z,80,127,138,48.69,24.44,989.62 
13/11/2021T11:31:39Z,80,129,149,48.76,24.48,989.57 
13/11/2021T11:32:10Z,78,127,139,48.89,24.53,989.52 
13/11/2021T11:32:40Z,81,129,144,48.77,24.54,989.56 
13/11/2021T11:33:11Z,77,125,138,48.66,24.53,989.60 
13/11/2021T11:33:41Z,79,129,143,49.15,24.51,989.48 
13/11/2021T11:34:12Z,78,123,136,49.18,24.50,989.43 
13/11/2021T11:34:42Z,77,125,142,49.05,24.47,989.48 
13/11/2021T11:35:12Z,78,123,138,49.10,24.44,989.49 
13/11/2021T11:35:43Z,77,122,138,48.81,24.41,989.57 
13/11/2021T11:36:13Z,76,122,130,48.78,24.39,989.63 
13/11/2021T11:36:43Z,74,119,135,49.45,24.40,989.41 
13/11/2021T11:37:14Z,74,122,134,49.85,24.43,989.25 
13/11/2021T11:37:45Z,74,121,134,49.85,24.46,989.22 
13/11/2021T11:38:15Z,73,122,134,49.73,24.44,989.27 
13/11/2021T11:38:45Z,75,120,132,49.50,24.44,989.36 
13/11/2021T11:39:16Z,73,117,130,49.66,24.45,989.30 
13/11/2021T11:39:47Z,74,122,140,49.70,24.42,989.29 
13/11/2021T11:40:17Z,72,118,133,49.68,24.39,989.30 
13/11/2021T11:40:48Z,75,119,129,49.68,24.39,989.31 
13/11/2021T11:41:19Z,77,123,140,49.75,24.40,989.29 
13/11/2021T11:41:49Z,76,128,144,49.37,24.44,989.38 
13/11/2021T11:42:20Z,75,123,142,48.85,24.42,989.56 
13/11/2021T11:42:51Z,77,124,137,48.79,24.42,989.60 
13/11/2021T11:43:21Z,76,123,142,48.93,24.43,989.58 
13/11/2021T11:43:52Z,77,122,140,48.76,24.45,989.59 
13/11/2021T11:44:23Z,75,121,134,48.60,24.43,989.67 
13/11/2021T11:44:53Z,72,120,139,48.62,24.43,989.67 
13/11/2021T11:45:23Z,75,121,137,48.41,24.41,989.73 
13/11/2021T11:45:54Z,74,122,138,48.64,24.39,989.68 
13/11/2021T11:46:24Z,76,119,138,49.19,24.38,989.51 
13/11/2021T11:46:55Z,74,120,138,49.31,24.43,989.44 
13/11/2021T11:47:25Z,74,123,139,48.94,24.42,989.53 
13/11/2021T11:47:56Z,75,123,139,49.27,24.40,989.47 
13/11/2021T11:48:26Z,76,121,133,49.53,24.42,989.36 
13/11/2021T11:48:57Z,78,125,139,49.65,24.43,989.33 
13/11/2021T11:49:27Z,74,121,130,49.79,24.44,989.28 
13/11/2021T11:49:57Z,76,123,139,49.67,24.46,989.31 
13/11/2021T11:50:28Z,77,122,137,49.75,24.49,989.28 
13/11/2021T11:50:58Z,75,123,138,49.62,24.50,989.30 
13/11/2021T11:51:29Z,74,121,135,49.52,24.51,989.34 
13/11/2021T11:51:59Z,73,117,131,49.25,24.54,989.45 
13/11/2021T11:52:29Z,75,116,130,49.27,24.56,989.44 
13/11/2021T11:52:59Z,72,116,133,49.38,24.52,989.45 
13/11/2021T11:53:30Z,70,118,135,49.78,24.53,989.32 
13/11/2021T11:54:00Z,75,125,140,49.26,24.55,989.46 
13/11/2021T11:54:30Z,74,125,142,49.40,24.56,989.45 
13/11/2021T11:55:00Z,73,121,141,49.58,24.60,989.37 
13/11/2021T11:55:31Z,75,124,143,49.56,24.61,989.38 
13/11/2021T11:56:02Z,74,123,144,49.47,24.64,989.38 
13/11/2021T11:56:32Z,73,129,146,49.30,24.66,989.45 
13/11/2021T11:57:02Z,73,126,152,48.97,24.66,989.57 
13/11/2021T11:57:32Z,75,129,157,48.91,24.65,989.58 
13/11/2021T11:58:03Z,74,127,153,49.31,24.68,989.47 
13/11/2021T11:58:34Z,73,123,144,49.09,24.73,989.52 
13/11/2021T11:59:04Z,75,128,150,48.93,24.78,989.56 
13/11/2021T11:59:35Z,74,123,142,48.83,24.79,989.61 
13/11/2021T12:00:05Z,75,123,145,48.97,24.82,989.57 
13/11/2021T12:00:35Z,74,124,144,49.10,24.85,989.51 
13/11/2021T12:01:05Z,74,123,145,49.11,24.88,989.49 
13/11/2021T12:01:35Z,73,122,148,48.15,24.87,989.77 
13/11/2021T12:02:05Z,73,125,146,47.77,24.84,989.91 
13/11/2021T12:02:36Z,72,123,146,48.03,24.85,989.86 
13/11/2021T12:03:07Z,72,122,146,47.96,24.84,989.88 
13/11/2021T12:03:37Z,73,121,148,48.30,24.87,989.79 
13/11/2021T12:04:08Z,71,119,143,48.51,24.88,989.71 
13/11/2021T12:04:38Z,71,123,143,48.64,24.89,989.66 
13/11/2021T12:05:09Z,73,122,146,48.63,24.91,989.66 
13/11/2021T12:05:39Z,71,119,144,48.40,24.94,989.71 
13/11/2021T12:06:10Z,73,120,139,47.89,24.93,989.88 
13/11/2021T12:06:41Z,74,123,145,47.93,24.91,989.88 
13/11/2021T12:07:11Z,74,123,146,48.19,24.92,989.81 
13/11/2021T12:07:41Z,74,121,141,48.17,24.94,989.83 
13/11/2021T12:08:11Z,75,126,146,48.13,24.95,989.83 
13/11/2021T12:08:42Z,84,137,155,47.95,24.96,989.87 
13/11/2021T12:09:13Z,96,158,183,48.09,24.97,989.86 
13/11/2021T12:09:44Z,96,156,177,48.23,24.97,989.81 
13/11/2021T12:10:14Z,108,174,196,48.20,24.97,989.81 
13/11/2021T12:10:45Z,110,177,200,48.08,24.98,989.85 
13/11/2021T12:11:15Z,103,164,186,47.84,25.00,989.91 
13/11/2021T12:11:46Z,111,176,198,47.21,25.00,990.11 
13/11/2021T12:12:16Z,112,182,203,47.34,25.01,990.07 
13/11/2021T12:12:47Z,105,176,197,47.18,25.02,990.14 
13/11/2021T12:13:17Z,99,158,175,47.32,25.05,990.08 
13/11/2021T12:13:48Z,93,148,168,47.32,25.09,990.09 
13/11/2021T12:14:19Z,89,141,163,47.04,25.10,990.18 
13/11/2021T12:14:50Z,87,142,161,47.25,25.11,990.12 
13/11/2021T12:15:21Z,84,137,155,47.27,25.11,990.12 
13/11/2021T12:15:51Z,85,137,162,47.25,25.09,990.12 
13/11/2021T12:16:21Z,82,137,156,46.74,25.08,990.27 
13/11/2021T12:16:51Z,82,135,157,46.74,25.07,990.30 
13/11/2021T12:17:21Z,87,138,158,47.02,25.08,990.23 
13/11/2021T12:17:51Z,92,146,166,46.76,25.06,990.28 
13/11/2021T12:18:21Z,101,159,182,46.91,25.06,990.23 
13/11/2021T12:18:52Z,100,157,180,46.68,25.06,990.28 
13/11/2021T12:19:22Z,97,152,174,46.95,25.06,990.21 
13/11/2021T12:19:53Z,97,155,172,46.76,25.05,990.25 
13/11/2021T12:20:24Z,91,147,163,46.64,25.05,990.30 
13/11/2021T12:20:54Z,89,141,160,46.61,25.08,990.30 
13/11/2021T12:21:25Z,90,145,166,46.60,25.11,990.29 
13/11/2021T12:21:56Z,89,144,164,46.56,25.11,990.32 
13/11/2021T12:22:26Z,90,147,166,45.96,25.10,990.47 
13/11/2021T12:22:57Z,92,147,162,45.91,25.04,990.55 
13/11/2021T12:23:27Z,103,162,178,46.49,25.02,990.35 
13/11/2021T12:23:58Z,96,159,179,46.46,24.99,990.39 
13/11/2021T12:24:29Z,90,146,163,46.43,24.95,990.42 
13/11/2021T12:24:59Z,92,151,171,46.24,24.93,990.47 
13/11/2021T12:25:30Z,103,164,182,46.94,24.95,990.28 
13/11/2021T12:26:00Z,100,157,180,46.58,24.95,990.35 
13/11/2021T12:26:31Z,92,144,158,46.05,24.94,990.54 
13/11/2021T12:27:01Z,91,144,165,46.30,24.95,990.52 
13/11/2021T12:27:32Z,90,147,165,46.41,24.98,990.45 
13/11/2021T12:28:03Z,89,146,163,46.46,24.99,990.46 
13/11/2021T12:28:34Z,92,149,163,46.74,25.00,990.37 
13/11/2021T12:29:04Z,91,143,161,46.71,24.99,990.37 
13/11/2021T12:29:35Z,92,147,159,46.67,24.96,990.39 
13/11/2021T12:30:05Z,90,141,162,47.06,24.97,990.28 
13/11/2021T12:30:36Z,91,148,166,47.23,25.00,990.19 
13/11/2021T12:31:06Z,91,148,162,47.28,24.97,990.17 
13/11/2021T12:31:37Z,91,149,164,47.39,24.98,990.13 
13/11/2021T12:32:07Z,93,148,166,47.04,24.97,990.23 
13/11/2021T12:32:38Z,91,148,164,47.37,24.99,990.17 
13/11/2021T12:33:08Z,90,149,166,47.45,25.00,990.13 
13/11/2021T12:33:39Z,92,148,165,47.14,24.97,990.23 
13/11/2021T12:34:09Z,96,155,173,47.37,24.96,990.19 
13/11/2021T12:34:40Z,93,150,167,47.88,24.98,990.03 
13/11/2021T12:35:10Z,96,154,173,47.82,24.97,990.04 
13/11/2021T12:35:41Z,94,153,170,47.79,24.96,990.05 
13/11/2021T12:36:11Z,95,155,173,48.11,24.96,989.98 
13/11/2021T12:36:41Z,96,153,172,47.83,24.94,990.05 
13/11/2021T12:37:11Z,96,156,172,47.96,24.92,990.03 
13/11/2021T12:37:42Z,95,151,169,47.44,24.91,990.16 
13/11/2021T12:38:12Z,96,152,172,47.23,24.89,990.29 
13/11/2021T12:38:43Z,100,159,179,47.07,24.88,990.36 
13/11/2021T12:39:14Z,101,159,176,47.07,24.86,990.36 
13/11/2021T12:39:45Z,99,157,174,47.24,24.83,990.35 
13/11/2021T12:40:16Z,99,156,172,47.09,24.80,990.38 
13/11/2021T12:40:46Z,98,161,187,47.40,24.77,990.33 
13/11/2021T12:41:17Z,98,159,179,47.73,24.76,990.22 
13/11/2021T12:41:47Z,103,164,184,47.58,24.76,990.24 
13/11/2021T12:42:17Z,100,156,179,46.83,24.76,990.48 
13/11/2021T12:42:48Z,101,159,179,47.03,24.74,990.50 
13/11/2021T12:43:19Z,100,162,182,47.34,24.73,990.40 
13/11/2021T12:43:49Z,103,169,191,47.33,24.71,990.43 
13/11/2021T12:44:19Z,101,164,191,47.53,24.72,990.37 
13/11/2021T12:44:50Z,107,173,193,47.55,24.76,990.35 
13/11/2021T12:45:20Z,112,184,207,47.55,24.76,990.38 
13/11/2021T12:45:51Z,116,193,213,47.44,24.76,990.38 
13/11/2021T12:46:22Z,111,180,199,47.44,24.74,990.42 
13/11/2021T12:46:52Z,112,180,203,47.63,24.76,990.35 
13/11/2021T12:47:23Z,112,182,198,47.22,24.77,990.46 
13/11/2021T12:47:53Z,117,193,224,46.74,24.76,990.66 
13/11/2021T12:48:24Z,115,193,216,46.91,24.74,990.65 
13/11/2021T12:48:54Z,125,209,232,46.51,24.68,990.80 
13/11/2021T12:49:24Z,117,197,227,47.05,24.71,990.59 
13/11/2021T12:49:54Z,121,200,225,46.88,24.72,990.65 
13/11/2021T12:50:25Z,120,202,222,46.97,24.73,990.61 
13/11/2021T12:50:55Z,117,195,218,47.50,24.69,990.47 
13/11/2021T12:51:26Z,117,190,211,47.29,24.67,990.49 
13/11/2021T12:51:56Z,119,196,219,46.87,24.65,990.70 
13/11/2021T12:52:27Z,118,204,234,46.94,24.66,990.67 
13/11/2021T12:52:57Z,121,205,235,46.66,24.67,990.77 
13/11/2021T12:53:27Z,124,210,236,46.93,24.66,990.69 
13/11/2021T12:53:58Z,119,204,228,47.04,24.67,990.62 
13/11/2021T12:54:28Z,120,200,224,47.19,24.64,990.60 
13/11/2021T12:54:58Z,122,209,233,47.36,24.62,990.53 
13/11/2021T12:55:30Z,123,208,236,47.65,24.61,990.43 
13/11/2021T12:56:01Z,128,215,245,47.61,24.59,990.48 
13/11/2021T12:56:31Z,128,215,249,47.44,24.57,990.57 
13/11/2021T12:57:01Z,126,212,233,47.46,24.55,990.57 
13/11/2021T12:57:31Z,125,200,223,47.70,24.55,990.50 
13/11/2021T12:58:01Z,120,198,224,47.58,24.59,990.51 
13/11/2021T12:58:32Z,118,198,223,47.98,24.64,990.36 
13/11/2021T12:59:02Z,121,198,229,47.90,24.63,990.39 
13/11/2021T12:59:32Z,116,194,213,47.70,24.63,990.43 
13/11/2021T13:00:03Z,121,200,219,47.68,24.68,990.46 
13/11/2021T13:00:34Z,119,197,222,47.15,24.67,990.69 
13/11/2021T13:01:05Z,115,186,214,46.74,24.63,990.81 
13/11/2021T13:01:35Z,113,188,207,47.14,24.64,990.72 
13/11/2021T13:02:05Z,116,192,212,47.10,24.68,990.69 
13/11/2021T13:02:36Z,115,185,207,47.28,24.67,990.65 
13/11/2021T13:03:06Z,118,189,213,47.27,24.69,990.61 
13/11/2021T13:03:36Z,115,192,212,47.22,24.73,990.64 
13/11/2021T13:04:06Z,114,190,212,47.01,24.76,990.66 
13/11/2021T13:04:37Z,117,195,217,47.09,24.77,990.66 
13/11/2021T13:05:07Z,116,188,210,46.84,24.75,990.76 
13/11/2021T13:05:38Z,116,194,213,46.46,24.70,990.91 
13/11/2021T13:06:08Z,120,199,219,46.63,24.70,990.89 
13/11/2021T13:06:39Z,119,196,219,46.74,24.68,990.85 
13/11/2021T13:07:10Z,117,196,216,46.97,24.68,990.80 
13/11/2021T13:07:40Z,122,205,232,47.18,24.66,990.73 
13/11/2021T13:08:10Z,121,202,227,47.37,24.67,990.66 
13/11/2021T13:08:41Z,126,202,220,47.12,24.64,990.73 
13/11/2021T13:09:12Z,123,204,231,47.77,24.67,990.54 
13/11/2021T13:09:42Z,123,204,226,47.66,24.73,990.50 
13/11/2021T13:10:13Z,127,204,231,47.40,24.75,990.58 
13/11/2021T13:10:43Z,132,211,238,47.35,24.76,990.62 
13/11/2021T13:11:14Z,131,223,251,47.24,24.72,990.71 
13/11/2021T13:11:45Z,137,225,257,47.12,24.70,990.77 
13/11/2021T13:12:15Z,135,231,259,46.99,24.67,990.85 
13/11/2021T13:12:45Z,134,222,250,46.83,24.68,990.90 
13/11/2021T13:13:16Z,130,214,241,46.83,24.69,990.90 
13/11/2021T13:13:47Z,134,219,237,46.81,24.69,990.92 
13/11/2021T13:14:17Z,128,214,242,46.95,24.68,990.88 
13/11/2021T13:14:48Z,123,206,229,47.24,24.67,990.80 
13/11/2021T13:15:18Z,124,201,228,46.96,24.66,990.87 
13/11/2021T13:15:49Z,125,200,230,47.02,24.69,990.87 
13/11/2021T13:16:19Z,123,202,226,47.16,24.76,990.81 
13/11/2021T13:16:49Z,125,208,232,47.00,24.79,990.83 
13/11/2021T13:17:20Z,132,223,255,46.85,24.81,990.90 
13/11/2021T13:17:51Z,136,233,255,46.98,24.80,990.87 
13/11/2021T13:18:21Z,138,232,262,47.19,24.81,990.79 
13/11/2021T13:18:52Z,133,225,250,47.28,24.81,990.76 
13/11/2021T13:19:22Z,136,233,260,47.39,24.80,990.76 
13/11/2021T13:19:52Z,136,228,250,47.61,24.79,990.69 
13/11/2021T13:20:23Z,135,230,258,47.30,24.74,990.83 
13/11/2021T13:20:53Z,133,228,256,47.79,24.79,990.64 
13/11/2021T13:21:24Z,134,225,252,47.35,24.81,990.76 
13/11/2021T13:21:54Z,134,227,253,47.32,24.80,990.81 
13/11/2021T13:22:25Z,137,229,260,47.57,24.82,990.71 
13/11/2021T13:22:56Z,131,215,240,47.68,24.87,990.67 
13/11/2021T13:23:26Z,128,214,238,47.29,24.88,990.77 
13/11/2021T13:23:56Z,127,214,246,47.22,24.88,990.84 
13/11/2021T13:24:27Z,128,213,243,47.45,24.89,990.76 
13/11/2021T13:24:57Z,127,217,242,47.52,24.93,990.70 
13/11/2021T13:25:28Z,125,209,237,47.62,24.95,990.67 
13/11/2021T13:25:58Z,124,208,232,47.87,24.99,990.59 
13/11/2021T13:26:29Z,131,220,245,48.07,25.01,990.54 
13/11/2021T13:26:59Z,134,231,259,47.89,25.03,990.55 
13/11/2021T13:27:29Z,132,226,261,47.86,25.02,990.62 
13/11/2021T13:28:00Z,143,250,287,48.32,25.05,990.47 
13/11/2021T13:28:30Z,144,249,284,47.97,25.05,990.55 
13/11/2021T13:29:00Z,139,238,270,47.94,25.03,990.60 
13/11/2021T13:29:31Z,138,238,271,47.99,25.01,990.57 
13/11/2021T13:30:01Z,129,215,242,47.38,25.00,990.77 
13/11/2021T13:30:32Z,131,226,254,47.95,24.98,990.65 
13/11/2021T13:31:03Z,132,222,251,47.83,24.96,990.64 
13/11/2021T13:31:33Z,137,237,266,47.79,24.95,990.68 
13/11/2021T13:32:04Z,136,238,265,47.94,24.96,990.60 
13/11/2021T13:32:34Z,136,239,268,47.94,25.00,990.60 
13/11/2021T13:33:04Z,137,242,281,48.12,25.05,990.52 
13/11/2021T13:33:35Z,136,242,272,48.06,25.07,990.55 
13/11/2021T13:34:06Z,136,241,265,47.97,25.10,990.55 
13/11/2021T13:34:37Z,133,228,259,47.72,25.10,990.65 
13/11/2021T13:35:07Z,136,235,264,47.87,25.12,990.62 
13/11/2021T13:35:38Z,137,239,272,47.80,25.11,990.64 
13/11/2021T13:36:09Z,131,223,254,47.61,25.12,990.69 
13/11/2021T13:36:40Z,135,229,259,47.66,25.11,990.69 
13/11/2021T13:37:10Z,136,228,261,47.47,25.09,990.75 
13/11/2021T13:37:41Z,141,237,257,47.33,25.05,990.82 
13/11/2021T13:38:11Z,151,249,278,46.84,25.00,990.99 
13/11/2021T13:38:41Z,154,254,287,47.32,24.97,990.89 
13/11/2021T13:39:12Z,148,248,276,47.43,24.94,990.85 
13/11/2021T13:39:42Z,141,238,269,48.00,24.92,990.66 
13/11/2021T13:40:13Z,140,236,268,47.67,24.89,990.76 
13/11/2021T13:40:43Z,139,230,254,47.50,24.85,990.87 
13/11/2021T13:41:13Z,136,227,256,47.92,24.89,990.64 
13/11/2021T13:41:44Z,141,235,265,47.55,24.95,990.74 
13/11/2021T13:42:15Z,138,225,248,47.57,25.04,990.73 
13/11/2021T13:42:45Z,138,229,260,47.36,25.15,990.77 
13/11/2021T13:43:15Z,142,234,258,47.06,25.22,990.84 
13/11/2021T13:43:46Z,140,231,263,46.48,25.25,991.06 
13/11/2021T13:44:16Z,142,230,256,46.65,25.28,991.05 
13/11/2021T13:44:47Z,140,229,251,46.10,25.32,991.20 
13/11/2021T13:45:17Z,139,223,245,45.11,25.32,991.49 
13/11/2021T13:45:48Z,135,223,250,45.18,25.32,991.49 
13/11/2021T13:46:18Z,133,219,238,45.53,25.32,991.37 
13/11/2021T13:46:48Z,136,221,243,45.54,25.33,991.37 
13/11/2021T13:47:19Z,136,224,249,45.40,25.34,991.41 
13/11/2021T13:47:49Z,137,227,250,45.40,25.34,991.43 
13/11/2021T13:48:19Z,139,225,257,45.64,25.35,991.37 
13/11/2021T13:48:49Z,140,225,251,45.72,25.35,991.33 
13/11/2021T13:49:19Z,136,223,250,46.08,25.37,991.22 
13/11/2021T13:49:50Z,134,225,250,45.87,25.38,991.24 
13/11/2021T13:50:20Z,142,235,265,46.02,25.38,991.21 
13/11/2021T13:50:50Z,144,239,261,46.44,25.40,991.09 
13/11/2021T13:51:21Z,148,240,260,46.08,25.38,991.18 
13/11/2021T13:51:51Z,149,245,275,45.96,25.36,991.24 
13/11/2021T13:52:22Z,144,242,278,46.39,25.36,991.14 
13/11/2021T13:52:52Z,147,241,266,46.07,25.33,991.20 
13/11/2021T13:53:22Z,145,240,273,46.01,25.30,991.24 
13/11/2021T13:53:53Z,143,238,263,46.01,25.30,991.27 
13/11/2021T13:54:24Z,142,233,260,47.01,25.30,990.97 
13/11/2021T13:54:54Z,144,237,271,46.85,25.29,991.01 
13/11/2021T13:55:24Z,141,237,271,46.10,25.25,991.19 
13/11/2021T13:55:55Z,142,232,260,46.40,25.24,991.16 
13/11/2021T13:56:25Z,140,227,253,46.42,25.23,991.14 
13/11/2021T13:56:56Z,141,229,253,45.63,25.16,991.42 
13/11/2021T13:57:27Z,139,236,268,44.86,25.01,991.64 
13/11/2021T13:57:57Z,142,232,268,45.98,24.93,991.45 
13/11/2021T13:58:27Z,143,231,263,45.19,24.91,991.63 
13/11/2021T13:58:58Z,142,234,265,45.38,24.89,991.60 
13/11/2021T13:59:28Z,142,225,256,45.23,24.90,991.63 
13/11/2021T13:59:58Z,139,227,261,45.28,24.90,991.61 
13/11/2021T14:00:28Z,142,235,269,45.67,24.90,991.50 
13/11/2021T14:00:59Z,139,229,255,46.04,24.91,991.35 
13/11/2021T14:01:30Z,144,234,262,45.96,24.89,991.35 
13/11/2021T14:02:00Z,140,228,258,46.01,24.89,991.36 
13/11/2021T14:02:31Z,141,227,251,46.22,24.90,991.29 
13/11/2021T14:03:01Z,142,234,265,46.03,24.91,991.35 
13/11/2021T14:03:32Z,142,229,257,45.82,24.92,991.41 
13/11/2021T14:04:02Z,139,224,254,45.79,24.90,991.46 
13/11/2021T14:04:33Z,143,231,264,45.80,24.89,991.44 
13/11/2021T14:05:03Z,140,228,258,45.50,24.86,991.52 
13/11/2021T14:05:34Z,142,230,252,45.82,24.86,991.47 
13/11/2021T14:06:04Z,157,253,282,45.98,24.89,991.40 
13/11/2021T14:06:34Z,181,296,328,45.95,24.89,991.39 
13/11/2021T14:07:04Z,172,271,299,45.95,24.89,991.40 
13/11/2021T14:07:35Z,160,262,295,45.79,24.92,991.46 
13/11/2021T14:08:05Z,157,257,284,45.81,24.93,991.47 
13/11/2021T14:08:35Z,152,249,269,46.22,24.92,991.37 
13/11/2021T14:09:06Z,157,253,279,46.53,24.90,991.27 
13/11/2021T14:09:36Z,157,249,280,46.70,24.91,991.18 
13/11/2021T14:10:06Z,155,251,280,46.69,24.92,991.16 
13/11/2021T14:10:36Z,156,255,286,46.79,24.93,991.11 
13/11/2021T14:11:07Z,155,254,286,46.95,24.92,991.04 
13/11/2021T14:11:37Z,155,248,282,46.93,24.95,991.01 
13/11/2021T14:12:08Z,156,257,286,46.85,24.95,991.05 
13/11/2021T14:12:38Z,160,262,289,46.51,24.96,991.17 
13/11/2021T14:13:09Z,156,253,290,46.52,24.97,991.19 
13/11/2021T14:13:39Z,155,265,296,46.85,24.94,991.11 
13/11/2021T14:14:09Z,158,260,302,46.89,24.95,991.07 
13/11/2021T14:14:39Z,159,264,303,46.99,24.97,991.04 
13/11/2021T14:15:10Z,163,268,303,47.16,24.99,990.94 
13/11/2021T14:15:40Z,166,279,312,47.25,25.00,990.92 
13/11/2021T14:16:11Z,171,282,315,47.23,25.02,990.89 
13/11/2021T14:16:41Z,169,277,322,47.28,25.01,990.91 
13/11/2021T14:17:12Z,171,285,322,47.31,25.02,990.88 
13/11/2021T14:17:42Z,170,284,329,47.16,24.99,990.95 
13/11/2021T14:18:12Z,170,286,325,47.56,25.01,990.82 
13/11/2021T14:18:42Z,167,284,319,47.61,25.02,990.79 
13/11/2021T14:19:13Z,168,277,313,47.59,25.03,990.78 
13/11/2021T14:19:43Z,168,275,312,47.49,25.06,990.81 
13/11/2021T14:20:13Z,166,274,308,47.26,25.07,990.87 
13/11/2021T14:20:44Z,165,271,304,47.09,25.08,990.95 
13/11/2021T14:21:14Z,168,268,303,47.32,25.08,990.89 
13/11/2021T14:21:44Z,168,272,304,47.03,25.07,990.99 
13/11/2021T14:22:14Z,163,270,309,46.70,25.06,991.11 
13/11/2021T14:22:45Z,167,272,308,46.83,25.06,991.09 
13/11/2021T14:23:15Z,166,268,304,46.46,25.06,991.25 
13/11/2021T14:23:46Z,163,271,303,46.28,25.07,991.31 
13/11/2021T14:24:16Z,165,266,296,46.32,25.08,991.31 
13/11/2021T14:24:47Z,161,270,297,46.49,25.11,991.26 
13/11/2021T14:25:17Z,165,270,305,46.62,25.11,991.20 
13/11/2021T14:25:47Z,162,265,306,46.83,25.12,991.10 
13/11/2021T14:26:17Z,163,275,307,46.75,25.12,991.11 
13/11/2021T14:26:48Z,163,269,296,46.33,25.11,991.25 
13/11/2021T14:27:18Z,161,267,298,45.84,25.08,991.48 
13/11/2021T14:27:49Z,159,258,285,45.83,25.07,991.52 
13/11/2021T14:28:19Z,160,260,290,45.67,25.02,991.59 
13/11/2021T14:28:50Z,158,262,292,45.92,24.97,991.54 
13/11/2021T14:29:20Z,158,256,292,46.25,25.02,991.38 
13/11/2021T14:29:50Z,157,260,299,46.08,25.04,991.43 
13/11/2021T14:30:20Z,160,264,298,46.25,25.07,991.35 
13/11/2021T14:30:50Z,160,257,286,46.35,25.10,991.30 
13/11/2021T14:31:21Z,160,262,296,46.23,25.12,991.35 
13/11/2021T14:31:51Z,159,264,300,46.18,25.12,991.34 
13/11/2021T14:32:22Z,158,264,303,45.97,25.12,991.43 
13/11/2021T14:32:52Z,161,262,297,45.34,25.09,991.63 
13/11/2021T14:33:22Z,157,260,294,45.27,25.06,991.66 
13/11/2021T14:33:53Z,162,260,295,45.05,25.04,991.75 
13/11/2021T14:34:23Z,156,256,292,45.44,25.03,991.66 
13/11/2021T14:34:53Z,159,264,293,45.46,25.03,991.62 
13/11/2021T14:35:23Z,160,263,295,45.24,25.02,991.67 
13/11/2021T14:35:54Z,162,264,302,44.96,24.98,991.78 
13/11/2021T14:36:24Z,158,261,295,45.18,24.95,991.69 
13/11/2021T14:36:55Z,160,263,300,45.22,24.93,991.72 
13/11/2021T14:37:25Z,156,261,296,45.53,24.91,991.58 
13/11/2021T14:37:56Z,157,263,292,45.94,24.87,991.49 
13/11/2021T14:38:26Z,159,264,293,46.12,24.88,991.37 
13/11/2021T14:38:56Z,158,258,287,45.81,24.88,991.49 
13/11/2021T14:39:27Z,164,268,303,45.91,24.87,991.46 
13/11/2021T14:39:57Z,164,277,318,45.54,24.78,991.59 
13/11/2021T14:40:28Z,167,279,316,45.74,24.78,991.53 
13/11/2021T14:40:59Z,169,286,321,45.73,24.78,991.56 
13/11/2021T14:41:29Z,172,279,308,45.41,24.73,991.66 
13/11/2021T14:42:00Z,169,276,309,45.88,24.68,991.54 
13/11/2021T14:42:31Z,169,287,320,46.09,24.65,991.47 
13/11/2021T14:43:02Z,169,282,313,45.82,24.66,991.56 
13/11/2021T14:43:32Z,169,278,310,46.18,24.68,991.43 
13/11/2021T14:44:02Z,168,280,312,46.08,24.62,991.44 
13/11/2021T14:44:32Z,169,281,317,45.99,24.62,991.48 
13/11/2021T14:45:02Z,164,269,299,45.91,24.58,991.51 
13/11/2021T14:45:32Z,164,274,309,46.27,24.64,991.37 
13/11/2021T14:46:03Z,163,273,310,46.27,24.72,991.35 
13/11/2021T14:46:33Z,167,274,308,46.40,24.75,991.29 
13/11/2021T14:47:04Z,164,275,311,46.68,24.80,991.16 
13/11/2021T14:47:34Z,164,274,307,46.83,24.76,991.13 
13/11/2021T14:48:04Z,163,265,295,47.07,24.83,991.01 
13/11/2021T14:48:34Z,164,266,299,47.42,24.90,990.90 
13/11/2021T14:49:05Z,161,263,295,47.39,24.91,990.83 
13/11/2021T14:49:35Z,162,260,292,46.59,24.94,991.12 
13/11/2021T14:50:05Z,158,259,288,46.57,24.95,991.18 
13/11/2021T14:50:36Z,158,262,292,46.51,24.96,991.20 
13/11/2021T14:51:07Z,156,257,281,46.37,24.97,991.25 
13/11/2021T14:51:37Z,157,254,282,46.25,24.98,991.28 
13/11/2021T14:52:07Z,155,255,279,46.59,24.99,991.19 
13/11/2021T14:52:38Z,157,256,282,46.67,24.98,991.17 
13/11/2021T14:53:09Z,157,257,287,46.83,24.99,991.10 
13/11/2021T14:53:39Z,160,263,290,46.58,24.96,991.18 
13/11/2021T14:54:10Z,159,259,289,46.53,24.93,991.24 
13/11/2021T14:54:40Z,160,264,294,46.60,24.94,991.22 
13/11/2021T14:55:11Z,159,261,288,46.81,24.94,991.16 
13/11/2021T14:55:41Z,162,265,299,46.69,24.94,991.20 
13/11/2021T14:56:12Z,161,258,289,46.41,24.96,991.26 
13/11/2021T14:56:42Z,158,260,293,46.19,25.01,991.33 
13/11/2021T14:57:13Z,157,254,281,45.84,25.06,991.45 
13/11/2021T14:57:43Z,159,256,283,45.47,25.09,991.57 
13/11/2021T14:58:13Z,161,257,287,45.75,25.11,991.50 
13/11/2021T14:58:44Z,159,256,283,45.39,25.15,991.58 
13/11/2021T14:59:14Z,160,253,290,45.36,25.14,991.63 
13/11/2021T14:59:44Z,158,258,288,45.77,25.15,991.52 
13/11/2021T15:00:14Z,159,261,289,45.76,25.11,991.49 
13/11/2021T15:00:44Z,156,258,288,46.09,25.09,991.43 
13/11/2021T15:01:14Z,158,254,285,45.82,25.15,991.46 
13/11/2021T15:01:44Z,164,265,290,45.81,25.17,991.46 
13/11/2021T15:02:15Z,163,266,287,45.93,25.12,991.45 
13/11/2021T15:02:45Z,158,258,289,45.94,25.16,991.43 
13/11/2021T15:03:15Z,161,263,290,45.75,25.19,991.51 
13/11/2021T15:03:46Z,160,267,307,45.42,25.26,991.61 
13/11/2021T15:04:16Z,157,268,313,44.92,25.25,991.73 
13/11/2021T15:04:47Z,160,273,319,45.11,25.19,991.72 
13/11/2021T15:05:17Z,163,268,305,45.15,25.15,991.74 
13/11/2021T15:05:47Z,158,261,293,46.16,25.14,991.44 
13/11/2021T15:06:17Z,162,263,305,45.70,25.08,991.50 
13/11/2021T15:06:48Z,164,264,292,45.71,25.07,991.56 
13/11/2021T15:07:18Z,164,265,302,45.98,25.08,991.50 
13/11/2021T15:07:49Z,161,264,298,45.48,25.02,991.60 
13/11/2021T15:08:19Z,166,273,308,45.03,24.90,991.79 
13/11/2021T15:08:49Z,164,270,305,46.32,24.85,991.47 
13/11/2021T15:09:20Z,165,266,296,46.03,24.90,991.48 
13/11/2021T15:09:51Z,159,266,301,45.50,24.89,991.66 
13/11/2021T15:10:21Z,159,258,284,45.54,24.91,991.63 
13/11/2021T15:10:51Z,159,262,291,45.58,24.94,991.60 
13/11/2021T15:11:21Z,161,262,288,45.08,24.87,991.79 
13/11/2021T15:11:52Z,157,255,281,45.23,24.89,991.74 
13/11/2021T15:12:22Z,159,254,287,44.97,24.91,991.83 
13/11/2021T15:12:53Z,154,252,281,44.89,24.92,991.88 
13/11/2021T15:13:24Z,156,253,285,44.90,24.92,991.84 
13/11/2021T15:13:55Z,160,259,289,44.79,24.92,991.86 
13/11/2021T15:14:25Z,155,251,283,45.05,24.93,991.79 
13/11/2021T15:14:55Z,156,254,285,44.76,24.94,991.85 
13/11/2021T15:15:26Z,154,248,279,44.90,24.95,991.83 
13/11/2021T15:15:57Z,159,254,278,45.19,24.96,991.72 
13/11/2021T15:16:27Z,159,257,285,45.22,24.98,991.68 
13/11/2021T15:16:58Z,160,260,288,45.19,24.97,991.70 
13/11/2021T15:17:28Z,157,252,283,44.98,24.96,991.76 
13/11/2021T15:17:58Z,159,253,287,44.45,24.88,991.96 
13/11/2021T15:18:29Z,159,257,292,44.57,24.81,991.97 
13/11/2021T15:19:00Z,160,260,294,44.68,24.78,991.91 
13/11/2021T15:19:30Z,158,256,282,45.24,24.81,991.72 
13/11/2021T15:20:00Z,158,262,293,44.93,24.84,991.77 
13/11/2021T15:20:31Z,159,261,294,44.43,24.78,991.97 
13/11/2021T15:21:01Z,160,259,289,45.17,24.80,991.76 
13/11/2021T15:21:32Z,163,262,289,45.35,24.77,991.68 
13/11/2021T15:22:02Z,165,273,305,45.06,24.74,991.75 
13/11/2021T15:22:33Z,164,270,299,45.39,24.71,991.71 
13/11/2021T15:23:03Z,166,275,310,44.89,24.70,991.81 
13/11/2021T15:23:33Z,163,272,297,44.97,24.68,991.84 
13/11/2021T15:24:04Z,165,274,312,45.30,24.73,991.72 
13/11/2021T15:24:34Z,168,278,310,45.41,24.81,991.64 
13/11/2021T15:25:05Z,167,280,311,45.19,24.85,991.67 
13/11/2021T15:25:35Z,170,284,316,45.16,24.82,991.70 
13/11/2021T15:26:05Z,172,286,319,44.40,24.79,991.88 
13/11/2021T15:26:35Z,172,282,315,45.23,24.76,991.72 
13/11/2021T15:27:05Z,170,284,318,45.09,24.80,991.71 
13/11/2021T15:27:36Z,168,280,311,45.48,24.84,991.62 
13/11/2021T15:28:07Z,169,277,312,45.09,24.87,991.69 
13/11/2021T15:28:37Z,166,274,310,45.17,24.88,991.66 
13/11/2021T15:29:07Z,166,275,314,45.06,24.86,991.70 
13/11/2021T15:29:38Z,196,331,374,44.93,24.87,991.72 
13/11/2021T15:30:09Z,197,332,375,45.00,24.87,991.71 
13/11/2021T15:30:39Z,188,320,357,44.97,24.90,991.72 
13/11/2021T15:31:09Z,188,318,356,44.98,24.94,991.70 
13/11/2021T15:31:39Z,184,309,345,44.71,24.92,991.78 
13/11/2021T15:32:09Z,183,298,335,44.81,24.93,991.76 
13/11/2021T15:32:39Z,182,299,339,44.77,24.96,991.76 
13/11/2021T15:33:10Z,178,298,335,44.45,24.98,991.85 
13/11/2021T15:33:40Z,172,292,330,44.55,25.02,991.81 
13/11/2021T15:34:10Z,175,293,329,44.39,25.03,991.84 
13/11/2021T15:34:41Z,176,291,320,44.28,25.04,991.88 
13/11/2021T15:35:12Z,175,294,328,44.27,25.07,991.89 
13/11/2021T15:35:42Z,174,294,331,44.10,25.06,991.95 
13/11/2021T15:36:12Z,174,289,327,44.17,25.06,991.92 
13/11/2021T15:36:43Z,174,283,312,44.10,25.05,991.96 
13/11/2021T15:37:13Z,172,286,321,43.92,25.00,992.02 
13/11/2021T15:37:43Z,175,298,335,44.01,24.98,992.02 
13/11/2021T15:38:13Z,170,285,324,44.20,24.99,991.95 
13/11/2021T15:38:44Z,174,286,321,43.96,24.96,992.03 
13/11/2021T15:39:15Z,171,282,316,44.25,24.93,991.99 
13/11/2021T15:39:45Z,170,285,316,44.34,24.95,991.94 
13/11/2021T15:40:16Z,174,292,323,43.99,24.96,992.04 
13/11/2021T15:40:46Z,173,285,321,43.71,24.90,992.16 
13/11/2021T15:41:16Z,171,281,312,44.03,24.90,992.08 
13/11/2021T15:41:47Z,169,278,314,43.99,24.90,992.10 
13/11/2021T15:42:18Z,166,274,301,43.93,24.89,992.12 
13/11/2021T15:42:48Z,171,287,328,44.13,24.80,992.11 
13/11/2021T15:43:19Z,169,293,338,44.24,24.79,992.05 
13/11/2021T15:43:49Z,171,286,334,44.44,24.87,991.94 
13/11/2021T15:44:19Z,175,296,342,44.08,24.89,992.04 
13/11/2021T15:44:50Z,176,290,334,44.41,24.93,991.93 
13/11/2021T15:45:20Z,174,295,337,44.45,24.97,991.93 
13/11/2021T15:45:51Z,176,296,336,44.53,25.03,991.88 
13/11/2021T15:46:21Z,176,292,331,44.46,25.10,991.87 
13/11/2021T15:46:52Z,174,293,333,44.28,25.13,991.95 
13/11/2021T15:47:22Z,170,285,314,44.16,25.13,991.98 
13/11/2021T15:47:52Z,174,293,323,44.26,25.15,991.96 
13/11/2021T15:48:22Z,172,286,323,44.22,25.16,991.97 
13/11/2021T15:48:53Z,168,276,315,44.21,25.19,991.95 
13/11/2021T15:49:23Z,166,277,308,44.06,25.18,992.01 
13/11/2021T15:49:53Z,167,282,314,44.33,25.21,991.91 
13/11/2021T15:50:23Z,164,279,315,44.18,25.24,991.93 
13/11/2021T15:50:53Z,167,276,313,44.17,25.26,991.92 
13/11/2021T15:51:24Z,167,277,312,44.08,25.28,991.95 
13/11/2021T15:51:54Z,166,274,308,44.07,25.29,991.96 
13/11/2021T15:52:24Z,162,269,303,43.97,25.26,992.00 
13/11/2021T15:52:55Z,164,278,305,44.12,25.29,991.93 
13/11/2021T15:53:26Z,163,269,306,44.02,25.32,991.97 
13/11/2021T15:53:57Z,160,263,291,43.88,25.33,991.98 
13/11/2021T15:54:27Z,159,255,293,43.60,25.31,992.08 
13/11/2021T15:54:57Z,159,256,288,43.44,25.30,992.14 
13/11/2021T15:55:27Z,158,253,279,43.46,25.28,992.12 
13/11/2021T15:55:58Z,159,258,291,43.48,25.28,992.11 
13/11/2021T15:56:28Z,170,283,318,43.37,25.27,992.13 
13/11/2021T15:56:59Z,165,271,304,43.34,25.27,992.12 
13/11/2021T15:57:29Z,164,265,293,43.31,25.27,992.14 
13/11/2021T15:58:00Z,160,261,292,43.30,25.26,992.12 
13/11/2021T15:58:30Z,154,253,286,43.31,25.25,992.10 
13/11/2021T15:59:00Z,157,257,284,43.07,25.19,992.16 
13/11/2021T15:59:31Z,152,254,286,43.48,25.20,992.04 
13/11/2021T16:00:02Z,153,252,282,43.09,25.15,992.14 
13/11/2021T16:00:32Z,151,249,285,43.13,25.14,992.16 
13/11/2021T16:01:02Z,152,242,262,42.91,25.13,992.20 
13/11/2021T16:01:33Z,154,248,278,43.66,25.13,992.01 
13/11/2021T16:02:03Z,156,257,295,43.39,25.10,992.02 
13/11/2021T16:02:34Z,153,250,291,43.31,25.06,992.08 
13/11/2021T16:03:04Z,155,255,283,43.41,25.05,992.04 
13/11/2021T16:03:34Z,149,248,284,43.45,25.03,992.06 
13/11/2021T16:04:04Z,152,249,279,43.51,25.02,992.05 
13/11/2021T16:04:35Z,155,253,288,43.36,24.99,992.13 
13/11/2021T16:05:05Z,158,257,286,43.72,25.03,992.04 
13/11/2021T16:05:35Z,158,259,289,43.50,25.09,992.07 
13/11/2021T16:06:06Z,162,265,296,43.50,25.14,992.07 
13/11/2021T16:06:36Z,161,266,294,43.39,25.13,992.10 
13/11/2021T16:07:06Z,165,272,309,43.31,25.12,992.10 
13/11/2021T16:07:37Z,164,272,311,43.51,25.05,992.07 
13/11/2021T16:08:07Z,165,279,322,43.89,24.99,991.95 
13/11/2021T16:08:38Z,164,275,317,43.56,24.99,992.03 
13/11/2021T16:09:08Z,171,281,317,43.64,25.00,992.02 
13/11/2021T16:09:38Z,185,312,347,43.41,24.97,992.08 
13/11/2021T16:10:08Z,200,336,378,43.50,24.88,992.13 
13/11/2021T16:10:39Z,183,306,341,44.01,24.91,991.92 
13/11/2021T16:11:10Z,189,311,342,43.50,24.89,992.06 
13/11/2021T16:11:40Z,184,305,339,43.77,24.88,992.00 
13/11/2021T16:12:10Z,180,303,332,44.17,24.89,991.88 
13/11/2021T16:12:40Z,181,304,332,43.84,24.86,991.94 
13/11/2021T16:13:10Z,180,300,325,43.97,24.85,991.92 
13/11/2021T16:13:40Z,177,297,330,44.24,24.85,991.85 
13/11/2021T16:14:11Z,179,290,322,43.95,24.82,991.92 
13/11/2021T16:14:41Z,177,289,321,43.57,24.76,992.05 
13/11/2021T16:15:12Z,174,285,314,43.63,24.70,992.11 
13/11/2021T16:15:42Z,170,287,313,43.74,24.71,992.06 
13/11/2021T16:16:13Z,170,281,310,43.75,24.70,992.11 
13/11/2021T16:16:43Z,169,271,298,43.34,24.62,992.23 
13/11/2021T16:17:13Z,165,272,299,43.64,24.59,992.17 
13/11/2021T16:17:44Z,166,272,302,43.89,24.59,992.07 
13/11/2021T16:18:14Z,170,277,300,43.85,24.60,992.08 
13/11/2021T16:18:44Z,174,280,311,43.79,24.62,992.10 
13/11/2021T16:19:14Z,168,273,305,43.93,24.64,992.03 
13/11/2021T16:19:44Z,169,279,312,43.83,24.66,992.06 
13/11/2021T16:20:15Z,168,278,301,43.85,24.68,992.05 
13/11/2021T16:20:45Z,169,279,311,43.63,24.68,992.13 
13/11/2021T16:21:16Z,169,276,308,43.99,24.67,992.02 
13/11/2021T16:21:47Z,173,281,316,43.49,24.62,992.16 
13/11/2021T16:22:17Z,173,277,308,44.11,24.55,992.06 
13/11/2021T16:22:47Z,173,278,306,44.28,24.62,991.92 
13/11/2021T16:23:17Z,167,273,302,43.93,24.68,991.99 
13/11/2021T16:23:47Z,163,265,291,43.78,24.69,992.07 
13/11/2021T16:24:17Z,161,264,290,43.78,24.68,992.08 
13/11/2021T16:24:48Z,162,262,283,43.79,24.72,992.03 
13/11/2021T16:25:18Z,156,254,280,43.51,24.73,992.14 
13/11/2021T16:25:48Z,156,252,277,43.59,24.76,992.12 
13/11/2021T16:26:18Z,160,262,294,43.52,24.76,992.12 
13/11/2021T16:26:49Z,158,262,290,43.75,24.61,992.15 
13/11/2021T16:27:19Z,161,263,290,44.29,24.55,991.99 
13/11/2021T16:27:50Z,162,263,289,44.59,24.50,991.91 
13/11/2021T16:28:20Z,165,262,289,44.86,24.56,991.74 
13/11/2021T16:28:50Z,164,267,293,45.07,24.60,991.67 
13/11/2021T16:29:21Z,162,262,286,44.63,24.65,991.74 
13/11/2021T16:29:51Z,162,265,296,44.74,24.70,991.67 
13/11/2021T16:30:21Z,165,270,293,44.52,24.71,991.70 
13/11/2021T16:30:51Z,161,266,295,44.06,24.71,991.81 
13/11/2021T16:31:21Z,162,270,311,43.57,24.64,992.04 
13/11/2021T16:31:51Z,160,264,311,43.55,24.53,992.07 
13/11/2021T16:32:21Z,158,263,302,43.92,24.44,992.02 
13/11/2021T16:32:52Z,163,274,326,44.01,24.40,991.99 
13/11/2021T16:33:22Z,160,273,321,44.07,24.40,991.96 
13/11/2021T16:33:52Z,156,265,309,44.09,24.40,991.96 
13/11/2021T16:34:23Z,156,262,310,44.09,24.43,991.95 
13/11/2021T16:34:53Z,157,261,299,44.13,24.45,991.92 
13/11/2021T16:35:23Z,155,260,288,44.24,24.49,991.87 
13/11/2021T16:35:54Z,154,261,296,44.13,24.50,991.89 
13/11/2021T16:36:24Z,154,263,309,44.06,24.53,991.92 
13/11/2021T16:36:54Z,153,259,301,44.02,24.56,991.93 
13/11/2021T16:37:25Z,155,263,306,44.02,24.58,991.94 
13/11/2021T16:37:55Z,155,258,298,44.03,24.60,991.96 
13/11/2021T16:38:25Z,152,256,305,44.05,24.62,991.95 
13/11/2021T16:38:55Z,152,253,297,44.09,24.64,991.92 
13/11/2021T16:39:26Z,154,261,300,44.14,24.66,991.89 
13/11/2021T16:39:57Z,153,252,288,44.17,24.68,991.87 
13/11/2021T16:40:27Z,150,257,300,44.20,24.68,991.88 
13/11/2021T16:40:58Z,155,259,303,44.26,24.69,991.85 
13/11/2021T16:41:28Z,149,248,286,44.32,24.69,991.81 
13/11/2021T16:41:58Z,152,250,292,44.43,24.69,991.76 
13/11/2021T16:42:29Z,150,247,281,44.47,24.69,991.73 
13/11/2021T16:43:00Z,153,251,285,44.55,24.70,991.70 
13/11/2021T16:43:30Z,155,254,291,44.63,24.70,991.68 
13/11/2021T16:44:00Z,160,260,291,44.71,24.69,991.63 
13/11/2021T16:44:31Z,160,267,298,44.76,24.69,991.61 
13/11/2021T16:45:01Z,157,262,295,44.85,24.70,991.58 
13/11/2021T16:45:32Z,156,259,288,44.91,24.69,991.56 
13/11/2021T16:46:02Z,157,259,286,44.98,24.69,991.54 
13/11/2021T16:46:32Z,158,258,289,45.03,24.68,991.52 
13/11/2021T16:47:02Z,156,259,294,45.10,24.68,991.50 
13/11/2021T16:47:33Z,162,271,306,45.15,24.69,991.48 
13/11/2021T16:48:03Z,166,271,300,45.23,24.68,991.45 
13/11/2021T16:48:33Z,162,265,293,45.26,24.68,991.44 
13/11/2021T16:49:04Z,161,267,298,45.31,24.67,991.43 
13/11/2021T16:49:34Z,166,270,297,45.35,24.67,991.42 
13/11/2021T16:50:05Z,163,273,303,45.46,24.66,991.39 
13/11/2021T16:50:36Z,162,270,300,45.55,24.66,991.38 
13/11/2021T16:51:06Z,164,269,303,45.57,24.65,991.37 
13/11/2021T16:51:36Z,162,262,298,45.58,24.65,991.37 
13/11/2021T16:52:07Z,162,265,295,45.60,24.65,991.36 
13/11/2021T16:52:37Z,163,268,294,45.65,24.64,991.34 
13/11/2021T16:53:07Z,162,269,296,45.71,24.64,991.32 
13/11/2021T16:53:38Z,161,265,288,45.77,24.63,991.30 
13/11/2021T16:54:08Z,160,261,292,45.81,24.63,991.29 
13/11/2021T16:54:38Z,164,268,297,45.90,24.61,991.24 
13/11/2021T16:55:09Z,161,261,285,45.90,24.61,991.22 
13/11/2021T16:55:39Z,159,259,284,45.92,24.60,991.21 
13/11/2021T16:56:09Z,159,258,289,45.97,24.60,991.18 
13/11/2021T16:56:39Z,157,254,282,46.05,24.59,991.13 
13/11/2021T16:57:10Z,157,260,281,46.09,24.58,991.12 
13/11/2021T16:57:41Z,161,261,290,46.14,24.57,991.11 
13/11/2021T16:58:11Z,159,256,284,46.17,24.57,991.10 
13/11/2021T16:58:41Z,155,257,285,46.16,24.57,991.11 
13/11/2021T16:59:12Z,157,259,289,46.22,24.57,991.11 
13/11/2021T16:59:42Z,155,255,285,46.21,24.56,991.09 
13/11/2021T17:00:13Z,156,258,282,46.30,24.55,991.07 
13/11/2021T17:00:43Z,155,256,286,46.32,24.55,991.07 
13/11/2021T17:01:13Z,156,253,277,46.37,24.55,991.05 
13/11/2021T17:01:43Z,156,252,282,46.42,24.54,991.02 
13/11/2021T17:02:13Z,154,250,277,46.40,24.54,991.03 
13/11/2021T17:02:44Z,155,255,282,46.49,24.53,991.02 
13/11/2021T17:03:14Z,156,250,274,46.53,24.52,991.01 
13/11/2021T17:03:45Z,156,253,275,46.62,24.51,990.99 
13/11/2021T17:04:15Z,156,249,277,46.67,24.50,990.98 
13/11/2021T17:04:45Z,153,248,278,46.69,24.50,990.98 
13/11/2021T17:05:16Z,157,250,280,46.72,24.50,990.99 
13/11/2021T17:05:46Z,153,242,270,46.70,24.50,990.98 
13/11/2021T17:06:16Z,154,247,274,46.68,24.50,990.98 
13/11/2021T17:06:47Z,153,249,279,46.70,24.49,990.97 
13/11/2021T17:07:17Z,153,245,263,46.66,24.50,990.95 
13/11/2021T17:07:47Z,151,243,269,46.74,24.50,990.94 
13/11/2021T17:08:17Z,148,246,267,46.73,24.49,990.94 
13/11/2021T17:08:48Z,153,246,269,46.76,24.49,990.92 
13/11/2021T17:09:18Z,154,248,271,46.89,24.47,990.88 
13/11/2021T17:09:48Z,155,243,270,46.89,24.47,990.88 
13/11/2021T17:10:18Z,153,245,271,47.03,24.45,990.82 
13/11/2021T17:10:49Z,152,246,265,47.07,24.45,990.81 
13/11/2021T17:11:19Z,154,247,271,47.05,24.44,990.83 
13/11/2021T17:11:50Z,151,244,270,47.15,24.42,990.80 
13/11/2021T17:12:20Z,150,242,268,47.16,24.42,990.79 
13/11/2021T17:12:50Z,151,240,263,47.08,24.42,990.81 
13/11/2021T17:13:20Z,151,241,259,47.14,24.42,990.80 
13/11/2021T17:13:51Z,149,238,258,47.06,24.42,990.81 
13/11/2021T17:14:22Z,149,242,267,47.02,24.43,990.84 
13/11/2021T17:14:52Z,149,236,260,47.10,24.43,990.82 
13/11/2021T17:15:22Z,148,233,251,47.05,24.43,990.82 
13/11/2021T17:15:53Z,149,238,257,47.03,24.43,990.82 
13/11/2021T17:16:23Z,149,234,261,47.12,24.43,990.79 
13/11/2021T17:16:54Z,148,234,255,47.25,24.42,990.74 
13/11/2021T17:17:24Z,148,237,260,47.31,24.41,990.73 
13/11/2021T17:17:55Z,147,239,259,47.20,24.41,990.76 
13/11/2021T17:18:49Z,149,236,258,47.12,24.41,990.82 
13/11/2021T17:19:19Z,148,232,249,47.08,24.42,990.84 
