14/09/2021T11:25:45Z,23,32,36,59.30,27.42,977.67 
14/09/2021T11:26:15Z,23,35,41,56.64,27.32,977.90 
14/09/2021T11:26:46Z,21,31,35,55.36,27.24,978.11 
14/09/2021T11:27:16Z,22,29,32,53.93,27.09,978.33 
14/09/2021T11:27:47Z,21,32,36,53.19,26.91,978.47 
14/09/2021T11:28:18Z,21,32,38,53.32,26.84,978.40 
14/09/2021T11:28:48Z,21,32,37,54.84,26.94,977.98 
14/09/2021T11:29:18Z,21,31,34,56.47,27.02,977.72 
14/09/2021T11:29:49Z,20,30,34,57.61,27.09,977.58 
14/09/2021T11:30:19Z,21,32,36,58.60,27.26,977.50 
14/09/2021T11:30:50Z,21,31,36,59.70,27.32,977.46 
14/09/2021T11:31:21Z,21,30,31,59.39,27.43,977.59 
14/09/2021T11:31:51Z,20,29,32,57.16,27.35,977.84 
14/09/2021T11:32:22Z,20,28,33,55.77,27.22,978.03 
14/09/2021T11:32:52Z,20,29,33,54.31,27.11,978.25 
14/09/2021T11:33:22Z,19,30,33,53.64,27.02,978.35 
14/09/2021T11:33:53Z,18,25,28,52.43,26.94,978.60 
14/09/2021T11:34:24Z,23,35,43,53.77,26.90,978.18 
14/09/2021T11:34:54Z,27,42,52,55.19,26.98,977.83 
14/09/2021T11:35:24Z,25,37,45,56.79,27.02,977.58 
14/09/2021T11:35:55Z,25,38,46,58.00,27.13,977.49 
14/09/2021T11:36:25Z,31,49,62,58.86,27.26,977.46 
14/09/2021T11:36:55Z,28,43,55,59.70,27.38,977.45 
14/09/2021T11:37:26Z,27,41,52,58.68,27.41,977.60 
14/09/2021T11:37:56Z,26,42,51,56.49,27.33,977.90 
14/09/2021T11:38:27Z,26,40,50,55.25,27.23,978.08 
14/09/2021T11:38:57Z,26,40,51,54.23,27.08,978.27 
14/09/2021T11:39:27Z,27,42,52,53.09,26.93,978.52 
14/09/2021T11:39:58Z,35,56,69,52.99,26.89,978.45 
14/09/2021T11:40:29Z,31,50,61,55.17,26.88,977.88 
14/09/2021T11:40:59Z,29,46,59,56.45,27.06,977.64 
14/09/2021T11:41:30Z,28,44,55,57.39,27.26,977.54 
14/09/2021T11:42:00Z,28,44,55,58.44,27.43,977.45 
14/09/2021T11:42:31Z,28,42,52,59.16,27.57,977.43 
14/09/2021T11:43:01Z,28,43,53,58.45,27.66,977.57 
14/09/2021T11:43:32Z,27,43,55,56.80,27.55,977.79 
14/09/2021T11:44:02Z,27,41,55,55.52,27.39,978.01 
14/09/2021T11:44:32Z,27,42,51,54.61,27.21,978.19 
14/09/2021T11:47:58Z,27,40,50,58.68,27.72,977.51 
14/09/2021T12:07:17Z,18,27,30,59.93,26.30,977.77 
14/09/2021T12:07:48Z,19,29,32,58.33,26.06,977.95 
14/09/2021T12:27:28Z,12,16,17,57.41,27.24,978.09 
14/09/2021T12:27:58Z,14,19,20,58.99,27.08,977.95 
14/09/2021T12:28:28Z,14,17,18,60.22,27.04,977.91 
14/09/2021T12:28:59Z,13,19,20,61.13,27.11,977.88 
14/09/2021T12:29:29Z,12,16,18,61.01,27.15,977.94 
14/09/2021T12:29:59Z,13,18,20,58.57,27.12,978.11 
14/09/2021T12:30:30Z,12,16,18,57.11,27.05,978.21 
14/09/2021T12:31:00Z,12,15,16,55.56,26.96,978.36 
14/09/2021T12:31:30Z,12,16,17,54.53,26.84,978.47 
14/09/2021T12:32:01Z,13,18,18,55.19,26.88,978.27 
14/09/2021T12:32:31Z,31,47,57,56.56,26.96,978.04 
14/09/2021T12:33:02Z,24,36,42,57.73,27.03,977.95 
14/09/2021T12:33:32Z,21,29,30,59.00,27.09,977.90 
14/09/2021T12:34:03Z,19,26,26,59.92,27.15,977.90 
14/09/2021T12:34:34Z,18,25,26,60.94,27.25,977.87 
14/09/2021T12:35:05Z,19,28,30,59.73,27.31,978.04 
14/09/2021T12:35:35Z,18,28,30,57.67,27.22,978.23 
14/09/2021T12:36:06Z,17,25,27,56.32,27.08,978.36 
14/09/2021T12:36:37Z,19,26,27,55.02,26.97,978.50 
14/09/2021T12:37:07Z,18,25,27,54.56,26.94,978.52 
14/09/2021T12:37:37Z,18,28,30,55.87,26.90,978.20 
14/09/2021T12:38:08Z,18,24,26,57.03,27.03,978.05 
14/09/2021T12:38:38Z,18,27,30,58.08,27.08,977.98 
14/09/2021T12:39:09Z,21,34,40,59.21,27.13,977.92 
14/09/2021T12:39:39Z,20,29,31,60.06,27.23,977.91 
14/09/2021T12:40:10Z,18,27,30,60.48,27.31,977.92 
14/09/2021T12:40:40Z,18,26,28,58.42,27.27,978.18 
14/09/2021T12:41:11Z,19,26,28,57.06,27.13,978.27 
14/09/2021T12:41:41Z,20,29,31,55.61,27.07,978.43 
14/09/2021T12:42:11Z,18,25,26,54.44,26.95,978.58 
14/09/2021T12:42:41Z,19,27,29,54.66,26.89,978.45 
14/09/2021T12:43:12Z,18,24,27,56.08,26.97,978.16 
14/09/2021T12:43:43Z,19,26,29,57.43,26.97,978.03 
14/09/2021T12:44:13Z,18,26,28,58.50,27.05,977.97 
14/09/2021T12:44:44Z,17,25,27,59.63,27.10,977.93 
14/09/2021T12:45:14Z,18,26,28,60.73,27.17,977.93 
14/09/2021T12:45:45Z,19,24,27,59.98,27.30,978.05 
14/09/2021T12:46:16Z,20,29,31,57.26,27.28,978.33 
14/09/2021T12:46:46Z,19,28,30,55.81,27.21,978.46 
14/09/2021T12:47:17Z,18,27,29,54.67,27.09,978.58 
14/09/2021T12:47:47Z,19,27,32,54.61,27.04,978.50 
14/09/2021T12:48:18Z,19,27,29,55.82,27.31,978.23 
14/09/2021T12:48:49Z,18,27,30,57.32,27.59,978.10 
14/09/2021T12:49:19Z,18,28,30,57.88,27.78,978.08 
14/09/2021T12:49:49Z,18,28,32,59.24,27.73,978.04 
14/09/2021T12:50:20Z,22,34,39,58.60,27.68,978.11 
14/09/2021T12:50:51Z,21,30,36,58.96,27.71,978.12 
14/09/2021T12:51:21Z,21,31,37,56.95,27.65,978.36 
14/09/2021T12:51:52Z,20,29,32,55.53,27.50,978.53 
14/09/2021T12:52:22Z,19,28,29,54.30,27.33,978.67 
14/09/2021T12:52:52Z,18,26,29,53.35,27.22,978.82 
14/09/2021T12:53:22Z,18,26,28,54.50,27.21,978.49 
14/09/2021T12:53:53Z,19,28,29,55.90,27.22,978.25 
14/09/2021T12:54:23Z,19,28,30,57.66,27.21,978.11 
14/09/2021T12:54:54Z,19,26,28,59.48,27.26,978.09 
14/09/2021T12:55:25Z,19,28,30,60.75,27.32,978.08 
14/09/2021T12:55:55Z,19,28,30,61.38,27.37,978.12 
14/09/2021T12:56:26Z,26,39,46,60.22,27.37,978.29 
14/09/2021T12:56:56Z,22,33,39,57.98,27.25,978.46 
14/09/2021T12:57:27Z,20,30,33,56.52,27.11,978.61 
14/09/2021T12:57:57Z,21,30,36,55.35,27.03,978.75 
14/09/2021T12:58:28Z,20,30,33,55.53,26.96,978.63 
14/09/2021T12:58:58Z,21,30,34,57.18,27.04,978.36 
14/09/2021T12:59:29Z,20,29,32,58.39,27.11,978.27 
14/09/2021T12:59:59Z,21,31,35,59.34,27.19,978.24 
14/09/2021T13:00:30Z,20,29,31,60.10,27.28,978.23 
14/09/2021T13:01:01Z,20,27,29,60.87,27.34,978.23 
14/09/2021T13:01:31Z,21,30,32,59.68,27.40,978.39 
14/09/2021T13:02:02Z,19,29,31,57.70,27.31,978.56 
14/09/2021T13:02:33Z,20,29,31,56.22,27.12,978.69 
14/09/2021T13:03:03Z,19,29,30,55.19,26.98,978.83 
14/09/2021T13:03:34Z,18,26,27,55.54,26.89,978.68 
14/09/2021T13:04:04Z,18,26,27,57.06,26.91,978.44 
14/09/2021T13:04:35Z,17,25,27,58.26,26.96,978.36 
14/09/2021T13:05:05Z,18,26,29,59.28,27.05,978.30 
14/09/2021T13:05:36Z,19,28,32,60.05,27.14,978.30 
14/09/2021T13:06:06Z,18,27,28,60.87,27.19,978.29 
14/09/2021T13:06:36Z,17,24,26,60.50,27.27,978.37 
14/09/2021T13:07:07Z,17,25,28,58.09,27.16,978.58 
14/09/2021T13:07:37Z,18,25,26,57.19,27.07,978.67 
14/09/2021T13:08:07Z,18,25,27,55.19,26.96,978.92 
14/09/2021T13:08:38Z,17,24,26,55.16,26.90,978.82 
14/09/2021T13:09:09Z,18,25,26,56.73,26.98,978.52 
14/09/2021T13:09:40Z,18,25,26,58.03,27.04,978.40 
14/09/2021T13:10:10Z,17,24,26,58.95,27.22,978.36 
14/09/2021T13:10:40Z,17,23,28,60.14,27.08,978.32 
14/09/2021T13:11:11Z,19,26,27,61.58,27.01,978.30 
14/09/2021T13:11:41Z,17,23,24,61.94,26.99,978.38 
14/09/2021T13:12:11Z,18,26,27,59.43,26.86,978.57 
14/09/2021T13:12:42Z,18,24,26,57.69,26.60,978.74 
14/09/2021T13:13:12Z,18,27,29,56.78,26.34,978.85 
14/09/2021T13:13:42Z,17,23,27,56.11,26.12,978.92 
14/09/2021T13:14:13Z,17,26,27,57.57,26.00,978.65 
14/09/2021T13:14:43Z,18,26,26,59.66,26.06,978.49 
14/09/2021T13:15:13Z,19,26,29,61.00,26.23,978.44 
14/09/2021T13:15:44Z,17,24,26,61.68,26.38,978.43 
14/09/2021T13:16:14Z,18,24,25,62.42,26.52,978.43 
14/09/2021T13:16:45Z,23,33,37,63.23,26.62,978.43 
14/09/2021T13:17:15Z,30,46,57,62.20,26.63,978.51 
14/09/2021T13:17:45Z,30,47,60,59.47,26.47,978.68 
14/09/2021T13:18:15Z,31,47,63,58.07,26.21,978.80 
14/09/2021T13:18:45Z,35,56,68,57.38,26.01,978.84 
14/09/2021T13:19:15Z,36,58,72,57.99,25.89,978.73 
14/09/2021T13:19:45Z,42,68,77,59.55,26.01,978.60 
14/09/2021T13:20:16Z,46,75,83,60.57,26.16,978.55 
14/09/2021T13:20:46Z,52,82,90,61.59,26.26,978.52 
14/09/2021T13:21:16Z,43,69,77,62.40,26.35,978.50 
14/09/2021T13:21:47Z,48,78,84,62.77,26.46,978.52 
14/09/2021T13:22:17Z,50,82,93,62.71,26.50,978.56 
14/09/2021T13:22:47Z,45,73,83,59.93,26.34,978.74 
14/09/2021T13:23:18Z,42,67,75,58.60,26.14,978.84 
14/09/2021T13:23:48Z,41,67,77,57.17,25.95,978.94 
14/09/2021T13:24:19Z,40,63,75,57.67,25.85,978.84 
14/09/2021T13:24:49Z,40,65,75,59.49,25.91,978.65 
14/09/2021T13:25:20Z,39,64,74,60.55,26.06,978.62 
14/09/2021T13:25:50Z,38,61,74,61.25,26.19,978.61 
14/09/2021T13:26:21Z,39,63,74,61.51,26.28,978.61 
14/09/2021T13:26:52Z,40,63,73,61.82,26.42,978.60 
14/09/2021T13:27:22Z,38,60,71,62.30,26.50,978.59 
14/09/2021T13:27:53Z,37,57,72,59.61,26.38,978.79 
14/09/2021T13:28:23Z,36,58,70,58.06,26.14,978.94 
14/09/2021T13:28:54Z,35,54,68,56.95,25.94,978.99 
14/09/2021T13:29:24Z,36,58,71,58.51,25.88,978.77 
14/09/2021T13:29:55Z,35,54,67,59.78,25.89,978.71 
14/09/2021T13:30:26Z,35,54,68,60.04,26.02,978.72 
14/09/2021T13:30:57Z,35,54,69,60.93,26.16,978.68 
14/09/2021T13:31:28Z,34,51,64,61.43,26.30,978.66 
14/09/2021T13:31:59Z,33,52,67,62.02,26.44,978.66 
14/09/2021T13:32:29Z,33,51,66,60.81,26.48,978.79 
14/09/2021T13:33:00Z,33,50,63,58.82,26.20,978.95 
14/09/2021T13:33:30Z,32,50,65,57.41,25.91,979.07 
14/09/2021T13:34:00Z,32,50,63,57.76,25.77,978.99 
14/09/2021T13:34:31Z,31,48,61,59.27,25.83,978.84 
14/09/2021T13:35:02Z,31,49,62,60.55,25.96,978.79 
14/09/2021T13:35:33Z,31,49,61,61.28,26.03,978.81 
14/09/2021T13:36:03Z,32,49,61,62.21,26.10,978.81 
14/09/2021T13:36:33Z,30,48,60,63.57,26.24,978.80 
14/09/2021T13:37:03Z,30,48,60,63.67,26.34,978.83 
14/09/2021T13:37:34Z,30,46,58,62.14,26.26,978.92 
14/09/2021T13:38:04Z,31,46,60,59.19,26.11,979.10 
14/09/2021T13:38:35Z,31,48,62,57.93,25.92,979.15 
14/09/2021T13:39:05Z,34,53,66,59.14,25.85,979.01 
14/09/2021T13:39:36Z,37,57,71,61.00,25.95,978.92 
14/09/2021T13:40:07Z,45,74,83,62.20,26.11,978.91 
14/09/2021T13:40:37Z,46,73,82,62.99,26.23,978.91 
14/09/2021T13:41:08Z,40,65,77,63.69,26.35,978.94 
14/09/2021T13:41:38Z,36,60,71,64.14,26.45,978.94 
14/09/2021T13:42:08Z,39,60,72,62.98,26.44,979.00 
14/09/2021T13:42:39Z,37,56,70,61.06,26.26,979.09 
14/09/2021T13:43:10Z,36,54,68,59.19,26.04,979.18 
14/09/2021T13:43:41Z,34,54,68,58.64,25.88,979.22 
14/09/2021T13:44:11Z,35,55,69,59.66,25.86,979.12 
14/09/2021T13:44:42Z,34,54,68,60.95,25.96,979.06 
14/09/2021T13:45:12Z,34,54,68,61.99,26.12,979.04 
14/09/2021T13:45:42Z,36,55,69,61.95,26.31,979.07 
14/09/2021T13:46:12Z,34,51,64,63.15,26.38,979.02 
14/09/2021T13:46:43Z,33,50,64,63.95,26.44,979.06 
14/09/2021T13:47:14Z,32,49,62,62.93,26.42,979.10 
14/09/2021T13:47:45Z,33,51,65,60.16,26.19,979.23 
14/09/2021T13:48:15Z,32,48,60,58.84,25.99,979.29 
14/09/2021T13:48:45Z,32,49,61,58.91,25.80,979.25 
14/09/2021T13:49:16Z,32,49,63,60.79,25.81,979.12 
14/09/2021T13:49:46Z,31,48,61,61.80,25.94,979.10 
14/09/2021T13:50:17Z,31,48,60,62.53,26.07,979.10 
14/09/2021T13:50:48Z,30,47,60,63.47,26.20,979.07 
14/09/2021T13:51:18Z,30,46,57,64.42,26.28,979.08 
14/09/2021T13:51:48Z,31,45,57,63.99,26.39,979.14 
14/09/2021T13:52:19Z,30,46,57,61.15,26.30,979.25 
14/09/2021T13:52:50Z,30,46,57,59.62,26.14,979.31 
14/09/2021T13:53:20Z,30,44,55,58.51,25.96,979.40 
14/09/2021T13:53:51Z,29,43,53,58.63,25.83,979.34 
14/09/2021T13:54:21Z,28,43,53,60.17,25.87,979.22 
14/09/2021T13:54:52Z,29,45,56,61.11,26.01,979.20 
14/09/2021T13:55:23Z,29,45,57,61.13,26.20,979.22 
14/09/2021T13:55:53Z,29,44,57,62.02,26.36,979.20 
14/09/2021T13:56:23Z,28,42,51,63.16,26.49,979.18 
14/09/2021T13:56:54Z,27,40,50,62.61,26.54,979.24 
14/09/2021T13:57:25Z,27,42,53,60.55,26.31,979.34 
14/09/2021T13:57:55Z,27,40,50,59.62,26.17,979.39 
14/09/2021T13:58:25Z,27,40,50,58.44,25.96,979.45 
14/09/2021T13:58:56Z,27,40,49,59.31,25.94,979.35 
14/09/2021T13:59:26Z,27,40,50,60.95,25.97,979.27 
14/09/2021T14:00:22Z,27,40,49,62.93,26.31,979.26 
14/09/2021T14:00:52Z,26,37,47,62.67,26.48,979.30 
14/09/2021T14:01:22Z,27,41,52,63.59,26.56,979.30 
14/09/2021T14:01:52Z,26,39,48,62.62,26.54,979.36 
14/09/2021T14:02:22Z,26,39,47,60.01,26.32,979.49 
14/09/2021T14:02:53Z,26,38,45,58.68,26.14,979.55 
14/09/2021T14:03:23Z,25,40,49,58.07,26.04,979.57 
14/09/2021T14:03:53Z,25,37,44,59.26,26.01,979.47 
14/09/2021T14:04:24Z,25,38,45,61.27,26.02,979.39 
14/09/2021T14:04:54Z,25,36,43,62.38,26.11,979.39 
14/09/2021T14:05:25Z,25,38,44,63.05,26.23,979.40 
14/09/2021T14:05:55Z,24,36,42,63.71,26.32,979.41 
14/09/2021T14:06:26Z,24,35,42,64.00,26.39,979.43 
14/09/2021T14:06:57Z,24,35,43,61.88,26.35,979.52 
14/09/2021T14:07:27Z,25,35,41,59.70,26.19,979.62 
14/09/2021T14:07:58Z,24,34,41,58.57,25.98,979.68 
14/09/2021T14:08:29Z,23,34,39,59.42,25.87,979.59 
14/09/2021T14:08:59Z,23,34,40,61.20,25.87,979.49 
14/09/2021T14:09:30Z,22,35,40,62.44,25.98,979.47 
14/09/2021T14:10:00Z,23,36,41,63.22,26.14,979.48 
14/09/2021T14:10:31Z,23,35,41,63.90,26.26,979.47 
14/09/2021T14:11:02Z,23,34,41,64.61,26.33,979.47 
14/09/2021T14:11:32Z,23,34,40,63.23,26.35,979.54 
14/09/2021T14:12:03Z,22,34,38,60.63,26.17,979.63 
14/09/2021T14:12:33Z,23,34,43,59.19,26.01,979.72 
14/09/2021T14:13:03Z,22,32,37,59.34,25.93,979.66 
14/09/2021T14:13:34Z,22,33,38,61.14,25.94,979.54 
14/09/2021T14:14:05Z,23,33,38,62.46,26.00,979.51 
14/09/2021T14:14:35Z,23,35,41,63.31,26.10,979.52 
14/09/2021T14:15:06Z,22,33,39,63.30,26.21,979.56 
14/09/2021T14:15:37Z,23,34,39,62.88,26.40,979.58 
14/09/2021T14:16:08Z,23,34,42,62.53,26.56,979.58 
14/09/2021T14:16:38Z,23,34,38,62.38,26.73,979.59 
14/09/2021T14:17:09Z,22,33,39,62.09,26.85,979.60 
14/09/2021T14:17:39Z,22,33,38,61.82,26.95,979.59 
14/09/2021T14:18:09Z,23,35,41,61.07,27.11,979.60 
14/09/2021T14:18:39Z,22,33,38,60.85,27.26,979.57 
14/09/2021T14:19:10Z,21,33,39,61.00,27.38,979.55 
14/09/2021T14:19:40Z,22,31,36,60.63,27.55,979.55 
14/09/2021T14:20:11Z,22,33,38,60.66,27.67,979.56 
14/09/2021T14:20:41Z,23,35,41,60.36,27.77,979.55 
14/09/2021T14:21:12Z,22,32,38,60.14,27.83,979.55 
14/09/2021T14:21:43Z,22,31,35,60.12,27.88,979.57 
14/09/2021T14:22:13Z,22,32,37,60.22,27.92,979.56 
14/09/2021T14:22:44Z,21,32,35,60.13,27.96,979.59 
14/09/2021T14:23:14Z,22,33,39,59.95,28.02,979.59 
14/09/2021T14:23:45Z,22,32,34,59.84,28.09,979.60 
14/09/2021T14:24:16Z,22,34,40,59.81,28.11,979.62 
14/09/2021T14:24:46Z,22,33,40,59.80,28.16,979.62 
14/09/2021T14:25:17Z,21,31,34,59.70,28.21,979.62 
14/09/2021T14:25:47Z,22,32,36,59.83,28.20,979.63 
14/09/2021T14:26:18Z,21,33,38,59.77,28.26,979.65 
14/09/2021T14:26:48Z,20,31,39,59.65,28.31,979.67 
14/09/2021T14:27:19Z,21,30,33,59.61,28.33,979.68 
14/09/2021T14:27:50Z,21,33,38,59.57,28.40,979.69 
14/09/2021T14:28:20Z,21,32,37,59.47,28.45,979.71 
14/09/2021T14:28:50Z,21,32,36,59.43,28.48,979.72 
14/09/2021T14:29:21Z,21,32,37,59.38,28.52,979.70 
14/09/2021T14:29:51Z,21,30,37,59.31,28.55,979.70 
14/09/2021T14:30:22Z,21,31,35,59.30,28.57,979.70 
14/09/2021T14:30:52Z,22,31,33,59.36,28.58,979.72 
14/09/2021T14:31:22Z,21,30,33,59.41,28.59,979.73 
14/09/2021T14:31:53Z,22,31,33,59.32,28.62,979.74 
14/09/2021T14:32:23Z,20,29,32,59.33,28.64,979.77 
14/09/2021T14:32:53Z,21,29,32,59.32,28.65,979.77 
14/09/2021T14:33:24Z,21,31,35,59.30,28.67,979.79 
14/09/2021T14:33:54Z,21,30,33,59.25,28.71,979.82 
14/09/2021T14:34:25Z,20,29,32,59.15,28.75,979.85 
14/09/2021T14:34:55Z,20,29,31,59.16,28.77,979.85 
14/09/2021T14:35:26Z,21,31,36,59.18,28.78,979.85 
14/09/2021T14:35:56Z,21,30,33,59.20,28.82,979.86 
14/09/2021T14:36:27Z,21,30,33,59.16,28.83,979.88 
14/09/2021T14:36:57Z,20,28,30,59.15,28.85,979.87 
14/09/2021T14:37:27Z,21,30,32,59.20,28.84,979.87 
14/09/2021T14:37:57Z,21,31,34,59.26,28.86,979.89 
14/09/2021T14:38:28Z,20,27,30,59.18,28.89,979.90 
14/09/2021T14:38:59Z,21,30,32,59.25,28.88,979.90 
14/09/2021T14:39:30Z,21,29,33,59.24,28.89,979.91 
14/09/2021T14:40:00Z,22,30,34,59.31,28.90,979.91 
14/09/2021T14:40:30Z,21,30,33,59.31,28.91,979.93 
14/09/2021T14:41:01Z,21,28,31,59.25,28.94,979.93 
14/09/2021T14:41:32Z,21,31,33,59.33,28.92,979.93 
14/09/2021T14:42:02Z,20,29,31,59.34,28.94,979.93 
14/09/2021T14:42:32Z,20,29,32,60.00,28.94,979.89 
14/09/2021T14:43:03Z,21,30,33,60.33,28.97,979.91 
14/09/2021T14:43:33Z,21,28,33,60.31,29.01,979.93 
14/09/2021T14:44:04Z,21,28,30,60.28,29.02,979.94 
14/09/2021T14:44:35Z,20,29,32,60.06,29.06,979.97 
14/09/2021T14:45:05Z,20,30,35,59.94,29.07,979.98 
14/09/2021T14:45:36Z,21,29,31,59.82,29.08,979.99 
14/09/2021T14:46:06Z,20,29,31,60.09,29.04,979.98 
14/09/2021T14:46:36Z,21,28,31,60.18,29.09,980.00 
14/09/2021T14:47:07Z,20,29,34,60.05,29.10,980.02 
14/09/2021T14:47:38Z,20,29,32,60.17,29.06,980.05 
14/09/2021T14:48:08Z,21,30,32,60.03,29.08,980.08 
14/09/2021T14:48:38Z,21,30,33,59.98,29.09,980.09 
14/09/2021T14:49:09Z,21,30,34,59.98,29.11,980.10 
14/09/2021T14:49:39Z,22,30,33,59.96,29.13,980.12 
14/09/2021T14:50:10Z,21,30,32,60.10,29.12,980.13 
14/09/2021T14:50:41Z,21,30,34,60.14,29.11,980.15 
14/09/2021T14:51:11Z,21,31,33,60.17,29.14,980.16 
14/09/2021T14:51:41Z,21,29,31,60.21,29.15,980.18 
14/09/2021T14:52:12Z,20,30,36,60.26,29.15,980.21 
14/09/2021T14:52:42Z,21,30,32,60.42,29.14,980.22 
14/09/2021T14:53:13Z,21,30,34,60.42,29.18,980.23 
14/09/2021T14:53:44Z,20,28,30,60.51,29.16,980.24 
14/09/2021T14:54:14Z,20,28,31,60.62,29.13,980.27 
14/09/2021T14:54:45Z,20,27,30,60.71,29.13,980.26 
14/09/2021T14:55:16Z,21,31,35,60.70,29.16,980.25 
14/09/2021T14:55:46Z,20,30,33,60.74,29.18,980.28 
14/09/2021T14:56:16Z,21,30,32,60.84,29.15,980.28 
14/09/2021T14:56:46Z,21,30,33,60.94,29.16,980.28 
14/09/2021T14:57:17Z,21,29,31,60.92,29.17,980.29 
14/09/2021T14:57:47Z,20,30,36,60.94,29.18,980.31 
14/09/2021T14:58:17Z,21,29,31,60.96,29.20,980.31 
14/09/2021T14:58:48Z,21,31,34,61.01,29.21,980.33 
14/09/2021T14:59:18Z,21,31,34,61.06,29.23,980.32 
14/09/2021T14:59:49Z,21,29,31,61.05,29.24,980.33 
14/09/2021T15:00:19Z,20,29,31,61.13,29.22,980.33 
14/09/2021T15:00:50Z,20,29,32,61.27,29.19,980.33 
14/09/2021T15:01:20Z,21,30,33,61.34,29.19,980.34 
14/09/2021T15:01:50Z,20,29,32,61.43,29.21,980.34 
14/09/2021T15:02:21Z,20,30,32,61.40,29.24,980.33 
14/09/2021T15:02:51Z,21,29,32,61.44,29.24,980.34 
14/09/2021T15:03:21Z,21,30,34,61.50,29.25,980.33 
14/09/2021T15:03:52Z,21,28,30,61.49,29.26,980.34 
14/09/2021T15:04:23Z,20,30,31,61.57,29.24,980.33 
14/09/2021T15:04:53Z,21,30,34,61.66,29.23,980.33 
14/09/2021T15:05:24Z,22,32,37,61.64,29.26,980.36 
14/09/2021T15:05:54Z,21,29,31,61.71,29.25,980.38 
14/09/2021T15:06:25Z,21,30,37,61.79,29.24,980.39 
14/09/2021T15:06:55Z,21,31,34,61.87,29.25,980.39 
14/09/2021T15:07:26Z,20,29,32,61.88,29.26,980.39 
14/09/2021T15:07:56Z,22,30,35,61.90,29.27,980.39 
14/09/2021T15:08:27Z,21,31,36,61.82,29.30,980.40 
14/09/2021T15:08:57Z,21,31,35,61.91,29.28,980.40 
14/09/2021T15:09:27Z,20,29,32,61.98,29.28,980.41 
14/09/2021T15:09:57Z,22,31,34,62.02,29.28,980.44 
14/09/2021T15:10:28Z,20,29,32,62.07,29.29,980.43 
14/09/2021T15:10:59Z,21,31,35,62.12,29.29,980.45 
14/09/2021T15:11:29Z,22,31,35,62.16,29.29,980.47 
14/09/2021T15:11:59Z,22,31,35,62.09,29.32,980.50 
14/09/2021T15:12:30Z,21,30,34,62.13,29.32,980.53 
14/09/2021T15:13:01Z,22,31,34,62.22,29.31,980.53 
14/09/2021T15:13:31Z,20,30,32,62.14,29.33,980.54 
14/09/2021T15:14:01Z,20,30,31,62.14,29.34,980.55 
14/09/2021T15:14:32Z,21,31,36,62.17,29.33,980.53 
14/09/2021T15:15:02Z,22,31,36,62.22,29.33,980.54 
14/09/2021T15:15:32Z,21,30,33,62.16,29.34,980.56 
14/09/2021T15:16:03Z,22,31,34,62.13,29.37,980.57 
14/09/2021T15:16:34Z,22,32,37,62.14,29.37,980.59 
14/09/2021T15:17:05Z,21,31,33,62.19,29.37,980.61 
14/09/2021T15:17:35Z,21,31,35,62.27,29.36,980.62 
14/09/2021T15:18:05Z,22,31,36,62.27,29.38,980.65 
14/09/2021T15:18:36Z,21,30,33,62.24,29.39,980.66 
14/09/2021T15:19:06Z,22,32,37,62.31,29.38,980.66 
14/09/2021T15:19:37Z,22,32,35,62.36,29.38,980.68 
14/09/2021T15:20:08Z,23,31,35,62.31,29.40,980.70 
14/09/2021T15:20:39Z,22,31,33,62.31,29.40,980.71 
14/09/2021T15:21:09Z,23,32,38,62.33,29.41,980.72 
14/09/2021T15:21:39Z,22,31,34,62.32,29.42,980.74 
14/09/2021T15:22:10Z,22,32,35,62.34,29.42,980.74 
14/09/2021T15:22:41Z,22,32,37,62.36,29.43,980.75 
14/09/2021T15:23:11Z,22,32,38,62.32,29.45,980.75 
14/09/2021T15:23:41Z,23,33,38,62.35,29.45,980.76 
14/09/2021T15:24:12Z,22,31,36,62.36,29.46,980.76 
14/09/2021T15:24:42Z,23,34,39,62.39,29.46,980.75 
14/09/2021T15:25:12Z,23,32,36,62.49,29.43,980.75 
14/09/2021T15:25:43Z,24,34,40,62.52,29.43,980.76 
14/09/2021T15:26:13Z,23,32,37,62.54,29.45,980.77 
14/09/2021T15:26:44Z,23,33,38,62.52,29.46,980.79 
14/09/2021T15:27:14Z,23,33,38,62.59,29.47,980.81 
14/09/2021T15:27:45Z,23,35,40,62.58,29.49,980.81 
14/09/2021T15:28:16Z,23,32,36,62.57,29.49,980.83 
14/09/2021T15:28:46Z,23,33,37,62.61,29.50,980.84 
14/09/2021T15:29:16Z,24,35,39,62.63,29.50,980.85 
14/09/2021T15:29:47Z,24,35,40,62.68,29.50,980.84 
14/09/2021T15:30:17Z,24,35,43,62.73,29.52,980.84 
14/09/2021T15:30:48Z,23,35,41,62.70,29.52,980.82 
14/09/2021T15:31:19Z,25,36,44,62.82,29.53,980.81 
14/09/2021T15:31:49Z,25,36,44,62.80,29.55,980.80 
14/09/2021T15:32:20Z,25,36,43,62.70,29.55,980.80 
14/09/2021T15:32:51Z,24,35,41,62.76,29.55,980.83 
14/09/2021T15:33:21Z,26,37,46,62.79,29.55,980.86 
14/09/2021T15:33:52Z,24,35,43,62.85,29.55,980.89 
14/09/2021T15:34:22Z,24,35,44,62.84,29.56,980.91 
14/09/2021T15:34:53Z,26,37,46,63.46,29.58,980.91 
14/09/2021T15:35:24Z,26,38,46,63.21,29.59,980.95 
14/09/2021T15:35:54Z,25,36,43,63.11,29.60,980.95 
14/09/2021T15:36:24Z,26,37,45,63.18,29.61,980.98 
14/09/2021T15:36:54Z,25,36,42,62.95,29.61,981.00 
14/09/2021T15:37:25Z,26,37,45,62.86,29.60,981.02 
14/09/2021T15:37:56Z,26,38,45,62.84,29.62,981.06 
14/09/2021T15:38:26Z,26,37,44,62.86,29.60,981.08 
14/09/2021T15:38:57Z,26,37,47,62.99,29.61,981.11 
14/09/2021T15:39:27Z,26,37,45,62.95,29.61,981.14 
14/09/2021T15:39:58Z,26,39,46,62.93,29.61,981.17 
14/09/2021T15:40:28Z,27,38,46,62.91,29.62,981.19 
14/09/2021T15:40:59Z,26,37,44,62.85,29.62,981.20 
14/09/2021T15:41:29Z,26,38,45,62.87,29.61,981.21 
14/09/2021T15:42:00Z,26,36,43,62.85,29.62,981.21 
14/09/2021T15:42:30Z,27,38,45,62.74,29.65,981.21 
14/09/2021T15:43:00Z,26,38,48,62.70,29.63,981.21 
14/09/2021T15:43:30Z,26,38,47,62.66,29.64,981.23 
14/09/2021T15:44:01Z,26,38,46,62.61,29.65,981.23 
14/09/2021T15:44:32Z,26,38,45,62.52,29.69,981.24 
14/09/2021T15:45:02Z,26,36,46,62.49,29.68,981.26 
14/09/2021T15:45:33Z,26,38,46,62.51,29.67,981.27 
14/09/2021T15:46:04Z,24,35,41,62.39,29.70,981.29 
14/09/2021T15:46:34Z,26,38,47,62.30,29.72,981.29 
14/09/2021T15:47:04Z,26,40,48,62.32,29.69,981.30 
14/09/2021T15:47:35Z,26,37,45,62.32,29.69,981.32 
14/09/2021T15:48:05Z,26,37,45,62.28,29.70,981.33 
14/09/2021T15:48:36Z,27,38,47,62.23,29.70,981.33 
14/09/2021T15:49:07Z,26,38,45,62.25,29.69,981.33 
14/09/2021T15:49:37Z,27,38,46,62.19,29.71,981.34 
14/09/2021T15:50:08Z,26,37,43,62.17,29.71,981.35 
14/09/2021T15:50:38Z,27,38,46,62.17,29.71,981.37 
14/09/2021T15:51:09Z,25,36,43,62.10,29.73,981.38 
14/09/2021T15:51:39Z,26,36,44,62.04,29.75,981.39 
14/09/2021T15:52:09Z,27,39,46,62.03,29.75,981.39 
14/09/2021T15:52:39Z,27,38,46,62.03,29.74,981.40 
14/09/2021T15:53:10Z,27,39,47,61.89,29.78,981.42 
14/09/2021T15:53:40Z,26,39,45,61.97,29.75,981.40 
14/09/2021T15:54:11Z,27,38,45,62.00,29.74,981.42 
14/09/2021T15:54:41Z,27,39,47,61.95,29.76,981.42 
14/09/2021T15:55:12Z,26,37,46,61.91,29.77,981.43 
14/09/2021T15:55:42Z,26,38,47,61.90,29.77,981.43 
14/09/2021T15:56:13Z,26,38,47,62.06,29.78,981.41 
14/09/2021T15:56:44Z,27,38,46,62.05,29.80,981.42 
14/09/2021T15:57:14Z,26,37,44,61.85,29.80,981.44 
14/09/2021T15:57:44Z,26,38,48,61.91,29.78,981.44 
14/09/2021T15:58:15Z,27,38,49,61.88,29.79,981.45 
14/09/2021T15:58:45Z,27,39,47,61.84,29.81,981.46 
14/09/2021T15:59:16Z,27,39,47,61.89,29.80,981.47 
14/09/2021T15:59:46Z,27,39,47,61.93,29.80,981.48 
14/09/2021T16:00:17Z,26,37,45,61.90,29.81,981.51 
14/09/2021T16:00:48Z,27,39,48,61.88,29.82,981.56 
14/09/2021T16:01:18Z,26,37,45,61.85,29.83,981.59 
14/09/2021T16:01:48Z,27,38,46,61.83,29.82,981.62 
14/09/2021T16:02:19Z,27,38,45,61.84,29.82,981.67 
14/09/2021T16:02:50Z,26,37,44,61.83,29.82,981.70 
14/09/2021T16:03:20Z,27,38,46,61.85,29.82,981.75 
14/09/2021T16:03:51Z,27,38,47,61.77,29.85,981.79 
14/09/2021T16:04:22Z,26,39,50,61.74,29.86,981.84 
14/09/2021T16:04:52Z,27,39,47,61.75,29.86,981.89 
14/09/2021T16:05:22Z,27,39,48,61.68,29.88,981.97 
14/09/2021T16:05:53Z,26,37,45,61.66,29.88,982.10 
14/09/2021T16:06:23Z,27,38,45,61.50,29.92,982.20 
14/09/2021T16:06:54Z,26,36,45,61.54,29.93,982.22 
14/09/2021T16:07:25Z,27,39,49,61.60,29.91,982.22 
14/09/2021T16:07:55Z,27,39,47,61.56,29.92,982.26 
14/09/2021T16:08:25Z,27,39,47,61.50,29.93,982.28 
14/09/2021T16:08:56Z,27,41,50,61.62,29.90,982.30 
14/09/2021T16:09:26Z,27,40,49,61.67,29.89,982.31 
14/09/2021T16:09:57Z,28,43,53,61.73,29.87,982.34 
14/09/2021T16:10:27Z,28,41,50,61.70,29.88,982.36 
14/09/2021T16:10:58Z,27,38,46,61.69,29.88,982.38 
14/09/2021T16:11:29Z,27,40,48,61.72,29.88,982.37 
14/09/2021T16:11:59Z,27,41,49,61.71,29.89,982.40 
14/09/2021T16:12:30Z,28,41,50,61.72,29.89,982.43 
14/09/2021T16:13:01Z,27,41,50,61.74,29.89,982.46 
14/09/2021T16:13:32Z,27,42,52,61.76,29.89,982.46 
14/09/2021T16:14:02Z,27,40,49,61.72,29.90,982.46 
14/09/2021T16:14:33Z,28,41,49,61.76,29.89,982.50 
14/09/2021T16:15:03Z,28,40,47,61.77,29.89,982.49 
14/09/2021T16:15:34Z,28,41,49,61.76,29.89,982.44 
14/09/2021T16:16:04Z,27,40,48,61.74,29.90,982.44 
14/09/2021T16:16:35Z,27,39,48,61.76,29.90,982.47 
14/09/2021T16:17:05Z,28,41,50,61.81,29.89,982.42 
14/09/2021T16:17:36Z,28,41,49,61.78,29.90,982.38 
14/09/2021T16:18:07Z,27,40,50,61.73,29.93,982.33 
14/09/2021T16:18:38Z,27,41,50,61.79,29.92,982.31 
14/09/2021T16:19:08Z,27,40,47,61.82,29.93,982.27 
14/09/2021T16:19:39Z,27,40,47,61.79,29.93,982.20 
14/09/2021T16:20:09Z,28,40,49,61.85,29.93,982.15 
14/09/2021T16:20:39Z,27,39,48,61.92,29.94,982.14 
14/09/2021T16:21:10Z,27,40,49,61.95,29.93,982.10 
14/09/2021T16:21:41Z,26,38,47,62.28,29.92,982.04 
14/09/2021T16:22:12Z,26,39,48,62.25,29.92,982.00 
14/09/2021T16:22:43Z,26,38,46,62.50,29.94,981.95 
14/09/2021T16:23:13Z,26,38,47,62.26,29.94,981.98 
14/09/2021T16:23:44Z,25,37,43,62.71,29.93,981.95 
14/09/2021T16:24:14Z,26,38,45,62.47,29.94,981.91 
14/09/2021T16:24:44Z,26,38,46,62.53,29.95,981.86 
14/09/2021T16:25:15Z,26,37,44,63.06,29.94,981.79 
14/09/2021T16:25:45Z,24,35,42,63.40,29.93,981.74 
14/09/2021T16:26:16Z,25,36,44,63.13,29.94,981.73 
14/09/2021T16:26:46Z,22,32,37,63.25,29.94,981.70 
14/09/2021T16:27:17Z,25,36,42,62.99,29.93,981.71 
14/09/2021T16:27:47Z,26,38,46,62.42,29.95,981.70 
14/09/2021T16:28:18Z,27,39,49,62.29,29.98,981.66 
14/09/2021T16:28:49Z,26,36,44,62.41,29.98,981.62 
14/09/2021T16:29:20Z,25,37,45,62.55,29.97,981.60 
14/09/2021T16:29:50Z,23,34,41,63.01,29.97,981.57 
14/09/2021T16:30:21Z,24,33,37,62.96,29.96,981.59 
14/09/2021T16:30:51Z,26,37,45,62.31,29.98,981.60 
14/09/2021T16:31:22Z,26,37,45,62.31,29.99,981.57 
14/09/2021T16:31:53Z,26,37,44,62.46,30.00,981.55 
14/09/2021T16:32:23Z,25,37,45,62.23,30.00,981.52 
14/09/2021T16:32:54Z,26,37,46,62.24,30.00,981.49 
14/09/2021T16:33:25Z,25,35,42,62.72,29.99,981.47 
14/09/2021T16:33:55Z,23,32,36,62.98,29.98,981.46 
14/09/2021T16:34:26Z,23,35,40,62.70,29.99,981.45 
14/09/2021T16:34:56Z,24,36,44,62.73,29.99,981.44 
14/09/2021T16:35:27Z,24,35,41,62.91,29.98,981.42 
14/09/2021T16:35:57Z,23,31,33,63.09,29.98,981.40 
14/09/2021T16:36:28Z,23,31,35,63.22,29.97,981.37 
14/09/2021T16:36:59Z,23,33,38,63.16,29.97,981.36 
14/09/2021T16:37:29Z,23,33,37,63.14,29.97,981.35 
14/09/2021T16:38:00Z,23,33,38,63.05,29.97,981.34 
14/09/2021T16:38:30Z,24,33,37,63.06,29.97,981.32 
14/09/2021T16:39:00Z,24,34,41,63.16,29.98,981.30 
14/09/2021T16:39:31Z,23,32,38,63.29,29.97,981.29 
14/09/2021T16:40:01Z,23,34,40,63.39,29.98,981.26 
14/09/2021T16:40:31Z,22,32,37,63.54,29.97,981.26 
14/09/2021T16:41:02Z,23,32,36,63.60,29.97,981.25 
14/09/2021T16:41:32Z,22,31,38,63.57,29.98,981.22 
14/09/2021T16:42:03Z,22,32,36,63.78,29.98,981.21 
14/09/2021T16:42:33Z,22,30,33,64.04,29.95,981.21 
14/09/2021T16:43:04Z,21,32,35,63.87,29.96,981.20 
14/09/2021T16:43:35Z,22,32,36,63.62,29.97,981.21 
14/09/2021T16:44:05Z,21,30,32,63.98,29.97,981.19 
14/09/2021T16:44:36Z,22,31,35,63.78,29.97,981.20 
14/09/2021T16:45:06Z,22,31,35,63.48,29.98,981.19 
14/09/2021T16:45:37Z,23,34,40,62.98,30.00,981.21 
14/09/2021T16:46:07Z,23,34,42,62.71,30.03,981.20 
14/09/2021T16:46:38Z,23,35,41,62.61,30.04,981.21 
14/09/2021T16:47:09Z,23,33,39,62.43,30.06,981.22 
14/09/2021T16:47:39Z,24,33,36,62.37,30.09,981.23 
14/09/2021T16:48:10Z,23,35,41,62.33,30.10,981.24 
14/09/2021T16:48:40Z,24,32,36,62.39,30.09,981.23 
14/09/2021T16:49:10Z,23,34,39,62.39,30.09,981.23 
14/09/2021T16:49:41Z,24,35,43,62.38,30.10,981.22 
14/09/2021T16:50:11Z,24,34,39,62.34,30.10,981.22 
14/09/2021T16:50:42Z,23,34,40,62.38,30.11,981.22 
14/09/2021T16:51:12Z,23,33,38,62.47,30.11,981.23 
14/09/2021T16:51:43Z,23,32,35,62.43,30.11,981.24 
14/09/2021T16:52:14Z,22,32,36,62.48,30.12,981.24 
14/09/2021T16:52:44Z,22,32,35,62.43,30.12,981.24 
14/09/2021T16:53:15Z,22,32,35,62.38,30.12,981.25 
14/09/2021T16:53:45Z,23,35,42,62.30,30.13,981.25 
14/09/2021T16:54:16Z,22,32,37,62.28,30.13,981.24 
14/09/2021T16:54:47Z,22,32,37,62.19,30.14,981.23 
14/09/2021T16:55:17Z,23,33,39,62.19,30.15,981.22 
14/09/2021T16:55:48Z,22,33,37,62.22,30.16,981.22 
14/09/2021T16:56:19Z,22,32,38,62.23,30.15,981.21 
14/09/2021T16:56:49Z,23,31,33,62.28,30.15,981.18 
14/09/2021T16:57:20Z,22,32,36,62.32,30.15,981.15 
14/09/2021T16:57:50Z,22,32,37,62.28,30.15,981.16 
14/09/2021T16:58:21Z,22,30,34,62.28,30.15,981.15 
14/09/2021T16:58:51Z,22,32,38,62.29,30.16,981.16 
14/09/2021T16:59:22Z,20,29,32,62.34,30.16,981.15 
14/09/2021T16:59:53Z,21,29,33,62.29,30.17,981.16 
14/09/2021T17:00:23Z,22,31,34,62.33,30.17,981.16 
14/09/2021T17:00:54Z,22,32,34,62.31,30.17,981.18 
14/09/2021T17:01:24Z,22,31,36,62.35,30.17,981.18 
14/09/2021T17:01:55Z,21,30,33,62.30,30.17,981.17 
14/09/2021T17:02:26Z,22,31,34,62.17,30.19,981.16 
14/09/2021T17:02:57Z,22,32,37,62.21,30.18,981.15 
14/09/2021T17:03:27Z,21,31,35,62.27,30.18,981.15 
14/09/2021T17:03:58Z,21,31,35,62.22,30.19,981.13 
14/09/2021T17:04:28Z,21,30,32,62.12,30.20,981.13 
14/09/2021T17:04:58Z,20,26,28,62.27,30.19,981.13 
14/09/2021T17:05:29Z,21,30,33,62.22,30.19,981.13 
14/09/2021T17:05:59Z,21,30,32,62.08,30.20,981.12 
14/09/2021T17:06:30Z,21,29,31,62.08,30.22,981.09 
14/09/2021T17:07:00Z,21,30,33,62.15,30.22,981.09 
14/09/2021T17:07:30Z,20,29,31,62.19,30.22,981.09 
14/09/2021T17:08:01Z,21,29,31,62.15,30.22,981.08 
14/09/2021T17:08:31Z,21,29,31,62.19,30.22,981.05 
14/09/2021T17:09:02Z,21,29,31,62.27,30.22,981.04 
14/09/2021T17:09:32Z,19,25,26,62.28,30.22,981.04 
14/09/2021T17:10:02Z,21,27,31,62.32,30.21,981.05 
14/09/2021T17:10:33Z,19,27,31,62.35,30.20,981.06 
14/09/2021T17:11:03Z,19,27,27,62.43,30.19,981.03 
14/09/2021T17:11:33Z,19,28,32,62.46,30.19,981.02 
14/09/2021T17:12:03Z,21,30,32,62.52,30.20,981.03 
14/09/2021T17:12:33Z,20,27,28,62.53,30.20,981.02 
14/09/2021T17:13:04Z,21,29,32,62.49,30.20,981.00 
14/09/2021T17:13:34Z,21,30,32,62.44,30.19,981.00 
14/09/2021T17:14:04Z,21,28,30,62.32,30.21,981.01 
14/09/2021T17:14:35Z,21,30,33,62.22,30.22,981.01 
14/09/2021T17:15:06Z,21,28,29,62.41,30.20,980.99 
14/09/2021T17:15:36Z,20,29,30,62.45,30.19,980.99 
14/09/2021T17:16:06Z,20,27,29,62.43,30.19,980.98 
14/09/2021T17:16:36Z,21,30,34,62.39,30.20,980.99 
14/09/2021T17:17:07Z,20,29,31,62.33,30.21,980.98 
14/09/2021T17:17:38Z,21,29,34,62.43,30.22,980.98 
14/09/2021T17:18:08Z,20,28,30,62.43,30.21,980.99 
14/09/2021T17:18:39Z,21,30,33,62.39,30.22,981.01 
14/09/2021T17:19:09Z,20,30,33,62.51,30.21,981.00 
14/09/2021T17:19:40Z,21,28,31,62.51,30.21,981.01 
14/09/2021T17:20:10Z,20,25,28,62.47,30.21,981.03 
14/09/2021T17:20:41Z,20,27,28,62.44,30.22,981.03 
14/09/2021T17:21:11Z,20,29,31,62.34,30.23,981.03 
14/09/2021T17:21:41Z,20,29,33,62.29,30.23,981.03 
14/09/2021T17:22:12Z,20,28,31,62.30,30.23,981.02 
14/09/2021T17:22:43Z,20,28,31,62.44,30.23,981.00 
14/09/2021T17:23:14Z,20,25,26,62.38,30.23,981.02 
14/09/2021T17:23:43Z,20,27,28,62.26,30.25,981.04 
14/09/2021T17:24:14Z,19,29,31,62.23,30.25,981.05 
14/09/2021T17:24:45Z,20,28,29,62.35,30.25,981.03 
14/09/2021T17:25:15Z,19,27,30,62.25,30.25,981.05 
14/09/2021T17:25:45Z,21,30,32,62.20,30.26,981.06 
14/09/2021T17:26:16Z,20,29,32,62.13,30.26,981.06 
14/09/2021T17:26:46Z,20,28,30,62.13,30.26,981.07 
14/09/2021T17:27:16Z,19,26,29,62.26,30.25,981.08 
14/09/2021T17:27:47Z,21,29,30,62.17,30.25,981.08 
14/09/2021T17:28:18Z,20,26,26,62.06,30.26,981.10 
14/09/2021T17:28:49Z,19,26,28,62.06,30.27,981.10 
14/09/2021T17:29:20Z,19,25,26,62.03,30.28,981.10 
14/09/2021T17:29:50Z,20,29,31,62.05,30.27,981.12 
14/09/2021T17:30:21Z,19,27,29,62.00,30.28,981.12 
14/09/2021T17:30:52Z,19,28,31,62.00,30.28,981.11 
14/09/2021T17:31:23Z,22,28,30,61.96,30.29,981.11 
14/09/2021T17:31:53Z,20,28,30,61.97,30.28,981.12 
14/09/2021T17:32:24Z,20,27,28,61.92,30.28,981.11 
14/09/2021T17:32:55Z,19,27,28,62.00,30.28,981.10 
14/09/2021T17:33:26Z,20,28,30,62.31,30.26,981.10 
14/09/2021T17:33:57Z,20,27,29,62.25,30.26,981.12 
14/09/2021T17:34:27Z,20,26,29,62.34,30.25,981.13 
14/09/2021T17:34:58Z,20,27,29,62.28,30.25,981.15 
14/09/2021T17:35:29Z,19,27,28,62.07,30.26,981.17 
14/09/2021T17:36:00Z,20,29,33,62.11,30.27,981.16 
14/09/2021T17:36:30Z,19,27,32,62.00,30.28,981.19 
14/09/2021T17:37:00Z,19,28,29,62.19,30.27,981.17 
14/09/2021T17:37:31Z,20,29,32,62.22,30.27,981.19 
14/09/2021T17:38:02Z,19,25,27,62.36,30.26,981.21 
14/09/2021T17:38:33Z,19,29,32,62.24,30.27,981.21 
14/09/2021T17:39:03Z,21,31,38,62.14,30.27,981.20 
14/09/2021T17:39:34Z,20,28,32,61.92,30.29,981.21 
14/09/2021T17:40:05Z,20,28,31,61.80,30.30,981.22 
14/09/2021T17:40:36Z,19,25,29,61.71,30.31,981.21 
14/09/2021T17:41:06Z,20,29,32,61.65,30.32,981.20 
14/09/2021T17:41:36Z,19,28,31,61.99,30.30,981.20 
14/09/2021T17:42:06Z,19,27,29,62.10,30.28,981.20 
14/09/2021T17:42:37Z,19,27,28,62.31,30.28,981.20 
14/09/2021T17:43:07Z,20,29,30,62.20,30.28,981.21 
14/09/2021T17:43:38Z,19,26,27,61.97,30.30,981.21 
14/09/2021T17:44:09Z,20,28,30,61.83,30.32,981.20 
14/09/2021T17:44:39Z,20,27,30,61.82,30.32,981.19 
14/09/2021T17:45:10Z,20,26,27,61.93,30.30,981.18 
14/09/2021T17:45:40Z,19,27,28,61.85,30.30,981.18 
14/09/2021T17:46:10Z,18,25,26,61.81,30.31,981.17 
14/09/2021T17:46:41Z,19,28,30,61.90,30.31,981.17 
14/09/2021T17:47:11Z,19,26,27,61.91,30.31,981.17 
14/09/2021T17:47:41Z,20,28,31,61.96,30.30,981.16 
14/09/2021T17:48:12Z,19,28,31,61.96,30.30,981.16 
14/09/2021T17:48:42Z,21,29,32,61.89,30.31,981.17 
14/09/2021T17:49:13Z,20,30,31,61.88,30.31,981.16 
14/09/2021T17:49:43Z,19,26,27,61.96,30.31,981.17 
14/09/2021T17:50:13Z,19,27,29,61.94,30.31,981.17 
14/09/2021T17:50:43Z,20,27,30,61.81,30.32,981.17 
14/09/2021T17:51:14Z,20,29,31,61.75,30.34,981.16 
14/09/2021T17:51:45Z,19,27,29,61.80,30.34,981.17 
14/09/2021T17:52:15Z,19,24,24,62.07,30.33,981.14 
14/09/2021T17:52:46Z,19,26,26,62.10,30.32,981.14 
14/09/2021T17:53:17Z,19,26,27,62.11,30.32,981.15 
14/09/2021T17:53:48Z,20,28,31,62.18,30.32,981.16 
14/09/2021T17:54:18Z,19,27,29,62.14,30.33,981.15 
14/09/2021T17:54:49Z,19,26,29,62.06,30.33,981.15 
14/09/2021T17:55:20Z,19,27,30,62.00,30.34,981.17 
14/09/2021T17:55:51Z,19,25,27,61.98,30.34,981.16 
14/09/2021T17:56:21Z,19,26,29,61.98,30.34,981.16 
14/09/2021T17:56:52Z,19,24,25,61.93,30.34,981.14 
14/09/2021T17:57:23Z,18,24,25,61.85,30.36,981.14 
14/09/2021T17:57:54Z,19,24,25,61.95,30.36,981.13 
14/09/2021T17:58:25Z,19,27,29,62.02,30.35,981.14 
14/09/2021T17:58:56Z,18,24,25,62.03,30.35,981.14 
14/09/2021T17:59:26Z,19,27,27,61.95,30.36,981.14 
14/09/2021T17:59:57Z,19,28,29,61.92,30.37,981.15 
14/09/2021T18:00:27Z,19,27,30,61.87,30.37,981.14 
14/09/2021T18:00:57Z,19,27,30,61.83,30.39,981.14 
14/09/2021T18:01:28Z,19,28,30,61.83,30.39,981.18 
14/09/2021T18:01:58Z,19,26,29,61.89,30.38,981.16 
14/09/2021T18:02:29Z,18,25,28,61.91,30.38,981.15 
14/09/2021T18:03:00Z,19,26,30,61.99,30.37,981.16 
14/09/2021T18:03:31Z,19,26,26,61.95,30.38,981.15 
14/09/2021T18:04:01Z,19,28,31,61.91,30.39,981.16 
14/09/2021T18:04:31Z,19,25,26,61.96,30.39,981.16 
14/09/2021T18:05:02Z,18,24,25,61.91,30.39,981.15 
14/09/2021T18:05:33Z,19,28,31,61.96,30.38,981.15 
14/09/2021T18:06:03Z,18,27,28,61.94,30.38,981.15 
14/09/2021T18:06:33Z,18,23,26,62.02,30.38,981.15 
14/09/2021T18:07:04Z,19,24,26,62.02,30.38,981.16 
14/09/2021T18:07:34Z,19,28,29,62.01,30.38,981.17 
14/09/2021T18:08:05Z,19,27,28,62.00,30.39,981.16 
14/09/2021T18:08:35Z,19,28,30,62.11,30.37,981.15 
14/09/2021T18:09:06Z,19,26,27,62.03,30.38,981.17 
14/09/2021T18:09:36Z,19,25,27,61.93,30.40,981.15 
14/09/2021T18:10:06Z,19,25,28,62.01,30.40,981.16 
14/09/2021T18:10:37Z,19,24,26,62.17,30.39,981.14 
14/09/2021T18:11:08Z,19,26,28,62.25,30.38,981.12 
14/09/2021T18:11:38Z,18,26,28,62.05,30.39,981.15 
14/09/2021T18:12:09Z,20,28,29,61.92,30.40,981.14 
14/09/2021T18:12:40Z,19,27,30,61.97,30.40,981.14 
14/09/2021T18:13:10Z,18,26,27,61.99,30.41,981.16 
14/09/2021T18:13:41Z,19,26,27,62.02,30.40,981.15 
14/09/2021T18:14:11Z,17,22,22,62.02,30.40,981.18 
14/09/2021T18:14:41Z,17,26,30,61.92,30.41,981.16 
14/09/2021T18:15:11Z,18,25,26,61.94,30.42,981.13 
14/09/2021T18:15:42Z,18,23,25,61.97,30.42,981.11 
14/09/2021T18:16:13Z,18,25,27,61.92,30.42,981.11 
14/09/2021T18:16:43Z,18,26,30,61.85,30.44,981.12 
14/09/2021T18:17:13Z,18,26,28,61.87,30.45,981.12 
14/09/2021T18:17:44Z,17,25,26,61.95,30.43,981.07 
14/09/2021T18:18:14Z,18,23,24,61.98,30.43,981.06 
14/09/2021T18:18:45Z,19,26,29,61.92,30.44,981.05 
14/09/2021T18:19:16Z,19,26,27,62.14,30.42,981.02 
14/09/2021T18:19:46Z,18,25,26,62.18,30.42,981.03 
14/09/2021T18:20:17Z,18,25,25,62.01,30.43,981.04 
14/09/2021T18:20:47Z,18,26,27,62.07,30.44,981.05 
14/09/2021T18:21:18Z,18,23,25,62.41,30.42,981.02 
14/09/2021T18:21:49Z,18,24,26,62.63,30.41,981.02 
14/09/2021T18:22:20Z,19,24,25,62.60,30.41,981.03 
14/09/2021T18:22:50Z,17,23,26,62.61,30.40,981.05 
14/09/2021T18:23:21Z,19,27,28,62.36,30.42,981.06 
14/09/2021T18:23:52Z,18,26,27,62.22,30.42,981.08 
14/09/2021T18:24:23Z,19,29,30,62.01,30.44,981.08 
14/09/2021T18:24:53Z,19,26,28,61.97,30.45,981.08 
14/09/2021T18:25:23Z,20,27,30,61.92,30.44,981.09 
14/09/2021T18:25:54Z,20,28,31,61.95,30.44,981.08 
14/09/2021T18:26:24Z,19,28,30,61.91,30.44,981.09 
14/09/2021T18:26:55Z,20,30,33,61.82,30.45,981.10 
14/09/2021T18:27:25Z,20,30,33,61.68,30.46,981.09 
14/09/2021T18:27:56Z,21,32,38,61.43,30.48,981.11 
14/09/2021T18:28:26Z,21,32,38,61.51,30.49,981.10 
14/09/2021T18:28:57Z,21,31,34,61.59,30.46,981.09 
14/09/2021T18:29:27Z,21,31,33,61.49,30.47,981.10 
14/09/2021T18:29:58Z,20,29,33,61.41,30.47,981.11 
14/09/2021T18:30:29Z,21,31,35,61.82,30.46,981.10 
14/09/2021T18:30:59Z,21,30,31,62.19,30.43,981.11 
14/09/2021T18:31:30Z,20,32,37,62.20,30.42,981.11 
14/09/2021T18:32:01Z,20,29,34,61.95,30.43,981.10 
14/09/2021T18:32:32Z,21,30,33,61.67,30.45,981.08 
14/09/2021T18:33:02Z,21,30,33,61.74,30.44,981.05 
14/09/2021T18:33:33Z,20,31,35,61.70,30.43,981.07 
14/09/2021T18:34:04Z,21,32,37,61.65,30.43,981.07 
14/09/2021T18:34:35Z,21,33,38,61.54,30.45,981.09 
14/09/2021T18:35:05Z,21,31,40,61.56,30.45,981.08 
14/09/2021T18:35:35Z,21,31,36,61.54,30.44,981.08 
14/09/2021T18:36:06Z,21,32,39,61.40,30.46,981.07 
14/09/2021T18:36:37Z,21,31,33,61.45,30.45,981.08 
14/09/2021T18:37:08Z,20,30,34,61.52,30.44,981.12 
14/09/2021T18:37:38Z,20,30,35,61.64,30.44,981.12 
14/09/2021T18:38:09Z,21,32,37,61.31,30.45,981.11 
14/09/2021T18:38:39Z,21,31,35,61.30,30.46,981.09 
14/09/2021T18:39:09Z,21,30,34,61.42,30.45,981.08 
14/09/2021T18:39:40Z,21,31,37,61.38,30.44,981.10 
14/09/2021T18:40:11Z,21,33,38,61.45,30.44,981.10 
14/09/2021T18:40:41Z,21,31,34,61.43,30.44,981.13 
14/09/2021T18:41:11Z,21,30,35,61.28,30.45,981.14 
14/09/2021T18:41:42Z,21,31,37,61.17,30.45,981.14 
14/09/2021T18:42:12Z,21,32,37,61.06,30.46,981.13 
14/09/2021T18:42:43Z,21,32,39,61.05,30.47,981.13 
14/09/2021T18:43:14Z,21,30,35,61.09,30.47,981.13 
14/09/2021T18:43:45Z,20,29,32,61.20,30.45,981.13 
14/09/2021T18:44:15Z,21,31,37,61.29,30.43,981.14 
14/09/2021T18:44:45Z,21,32,39,61.19,30.42,981.12 
14/09/2021T18:45:16Z,21,31,34,61.21,30.42,981.11 
14/09/2021T18:45:46Z,22,33,40,61.24,30.42,981.11 
14/09/2021T18:46:16Z,21,32,34,60.99,30.43,981.12 
14/09/2021T18:46:47Z,21,31,37,61.10,30.43,981.09 
14/09/2021T18:47:18Z,21,32,39,61.11,30.43,981.08 
14/09/2021T18:47:48Z,21,32,39,60.96,30.43,981.11 
14/09/2021T18:48:19Z,21,31,35,60.66,30.46,981.11 
14/09/2021T18:48:50Z,21,32,38,60.42,30.49,981.12 
14/09/2021T18:49:21Z,22,33,40,60.63,30.47,981.10 
14/09/2021T18:49:51Z,22,34,40,60.81,30.47,981.09 
14/09/2021T18:50:21Z,22,32,36,60.92,30.45,981.09 
14/09/2021T18:50:52Z,21,32,39,60.95,30.45,981.10 
14/09/2021T18:51:23Z,21,33,40,60.77,30.46,981.12 
14/09/2021T18:51:54Z,22,34,42,60.78,30.46,981.12 
14/09/2021T18:52:24Z,22,32,39,60.91,30.44,981.12 
14/09/2021T18:52:54Z,22,34,41,60.92,30.43,981.12 
14/09/2021T18:53:24Z,22,35,44,60.67,30.44,981.13 
14/09/2021T18:53:55Z,21,32,37,60.62,30.44,981.12 
14/09/2021T18:54:25Z,22,33,39,60.75,30.43,981.10 
14/09/2021T18:54:55Z,22,34,42,60.65,30.44,981.11 
14/09/2021T18:55:26Z,22,34,40,60.74,30.43,981.08 
14/09/2021T18:55:57Z,23,34,44,60.65,30.43,981.08 
14/09/2021T18:56:27Z,23,35,42,60.61,30.43,981.08 
14/09/2021T18:56:57Z,23,33,40,60.99,30.42,981.07 
14/09/2021T18:57:28Z,23,36,45,60.92,30.42,981.08 
14/09/2021T18:57:59Z,23,34,42,60.86,30.43,981.07 
14/09/2021T18:58:29Z,22,33,40,60.98,30.43,981.05 
14/09/2021T18:59:00Z,23,36,43,60.96,30.42,981.05 
14/09/2021T18:59:30Z,22,34,42,60.92,30.41,981.06 
14/09/2021T19:00:00Z,23,36,45,60.69,30.42,981.06 
14/09/2021T19:00:31Z,22,35,44,60.83,30.43,981.04 
14/09/2021T19:01:01Z,22,34,40,60.99,30.42,981.02 
14/09/2021T19:01:32Z,22,32,40,60.96,30.41,981.03 
14/09/2021T19:02:03Z,23,35,43,60.95,30.41,981.02 
14/09/2021T19:02:33Z,22,35,42,60.86,30.42,981.02 
14/09/2021T19:03:04Z,22,34,38,61.18,30.41,981.01 
14/09/2021T19:03:35Z,21,33,41,61.29,30.40,981.01 
14/09/2021T19:04:06Z,21,32,37,61.21,30.40,981.01 
14/09/2021T19:04:36Z,23,35,44,61.01,30.40,981.02 
14/09/2021T19:05:07Z,22,34,39,61.03,30.40,981.01 
14/09/2021T19:05:37Z,23,35,42,60.84,30.41,981.03 
14/09/2021T19:06:08Z,22,35,44,60.72,30.42,981.01 
14/09/2021T19:06:39Z,21,35,44,60.86,30.43,981.00 
14/09/2021T19:07:09Z,22,33,42,61.01,30.42,980.97 
14/09/2021T19:07:40Z,22,33,42,60.89,30.42,980.99 
14/09/2021T19:08:10Z,22,33,40,60.93,30.42,980.96 
14/09/2021T19:08:40Z,22,34,40,60.96,30.42,980.96 
14/09/2021T19:09:11Z,22,34,41,60.98,30.42,980.95 
14/09/2021T19:09:42Z,21,32,38,61.10,30.41,980.93 
14/09/2021T19:10:12Z,21,32,37,61.21,30.41,980.93 
14/09/2021T19:10:42Z,22,32,38,61.22,30.41,980.93 
14/09/2021T19:11:13Z,22,34,41,61.21,30.41,980.93 
14/09/2021T19:11:43Z,20,32,37,61.33,30.41,980.93 
14/09/2021T19:12:14Z,21,34,41,61.23,30.41,980.93 
14/09/2021T19:12:44Z,21,34,41,61.17,30.41,980.92 
14/09/2021T19:13:15Z,23,35,43,61.16,30.41,980.92 
14/09/2021T19:13:46Z,21,33,41,61.28,30.41,980.92 
14/09/2021T19:14:16Z,21,33,40,61.32,30.41,980.92 
14/09/2021T19:14:47Z,21,34,39,61.42,30.40,980.92 
14/09/2021T19:15:17Z,21,32,39,61.37,30.41,980.92 
14/09/2021T19:15:48Z,22,33,38,61.14,30.43,980.95 
14/09/2021T19:16:18Z,22,34,40,61.10,30.45,980.94 
14/09/2021T19:16:49Z,21,33,41,61.33,30.43,980.92 
14/09/2021T19:17:20Z,21,33,39,61.36,30.42,980.91 
14/09/2021T19:17:50Z,21,32,39,61.15,30.43,980.91 
14/09/2021T19:18:21Z,21,33,42,61.35,30.43,980.90 
14/09/2021T19:18:52Z,20,30,34,61.47,30.43,980.92 
14/09/2021T19:19:23Z,21,33,40,61.33,30.44,980.93 
14/09/2021T19:19:53Z,19,30,37,61.54,30.44,980.92 
14/09/2021T19:20:24Z,20,30,36,61.42,30.45,980.94 
14/09/2021T19:20:54Z,19,30,34,61.43,30.45,980.93 
14/09/2021T19:21:25Z,21,32,37,61.49,30.44,980.91 
14/09/2021T19:21:55Z,21,32,40,61.50,30.44,980.91 
14/09/2021T19:22:25Z,21,32,38,61.37,30.45,980.91 
14/09/2021T19:22:56Z,20,31,35,61.42,30.45,980.92 
14/09/2021T19:23:27Z,20,30,35,61.39,30.45,980.90 
14/09/2021T19:23:57Z,21,31,36,61.48,30.45,980.88 
14/09/2021T19:24:27Z,20,30,35,61.59,30.44,980.89 
14/09/2021T19:24:58Z,19,28,33,61.62,30.43,980.88 
14/09/2021T19:25:29Z,20,31,38,61.49,30.44,980.89 
14/09/2021T19:25:59Z,19,30,33,61.57,30.44,980.87 
14/09/2021T19:26:30Z,19,29,33,61.44,30.44,980.89 
14/09/2021T19:27:00Z,21,30,36,61.39,30.46,980.88 
14/09/2021T19:27:31Z,19,31,36,61.51,30.45,980.88 
14/09/2021T19:28:01Z,19,30,34,61.61,30.45,980.87 
14/09/2021T19:28:32Z,19,28,32,61.62,30.44,980.87 
14/09/2021T19:29:02Z,19,30,37,61.68,30.45,980.85 
14/09/2021T19:29:33Z,18,28,32,61.82,30.43,980.84 
14/09/2021T19:30:03Z,19,29,32,61.75,30.44,980.85 
14/09/2021T19:30:34Z,19,29,33,61.66,30.45,980.84 
14/09/2021T19:31:04Z,17,25,28,61.83,30.45,980.82 
14/09/2021T19:31:35Z,19,29,34,61.76,30.45,980.82 
14/09/2021T19:32:05Z,19,29,32,61.71,30.45,980.83 
14/09/2021T19:32:36Z,19,30,32,61.66,30.45,980.81 
14/09/2021T19:33:06Z,17,26,28,61.77,30.45,980.81 
14/09/2021T19:33:37Z,17,24,27,61.76,30.45,980.79 
14/09/2021T19:34:07Z,19,28,32,61.63,30.46,980.79 
14/09/2021T19:34:38Z,19,29,32,61.63,30.47,980.79 
14/09/2021T19:35:08Z,19,26,30,61.71,30.46,980.79 
14/09/2021T19:35:39Z,18,25,29,61.69,30.46,980.78 
14/09/2021T19:36:09Z,19,29,31,61.73,30.46,980.77 
14/09/2021T19:36:40Z,17,25,27,61.69,30.47,980.76 
14/09/2021T19:37:10Z,17,26,29,61.85,30.46,980.75 
14/09/2021T19:37:41Z,17,25,29,61.95,30.46,980.74 
14/09/2021T19:38:12Z,18,25,26,61.89,30.46,980.75 
14/09/2021T19:38:42Z,18,25,28,61.88,30.46,980.72 
14/09/2021T19:39:12Z,16,25,27,61.94,30.45,980.72 
14/09/2021T19:39:43Z,17,25,30,61.98,30.45,980.73 
14/09/2021T19:40:13Z,17,24,25,61.87,30.46,980.72 
14/09/2021T19:40:44Z,16,26,28,61.90,30.46,980.71 
14/09/2021T19:41:14Z,17,25,29,61.87,30.46,980.70 
14/09/2021T19:41:44Z,18,24,28,61.84,30.47,980.69 
14/09/2021T19:42:15Z,17,23,26,61.90,30.46,980.69 
14/09/2021T19:42:46Z,18,24,28,61.86,30.48,980.69 
14/09/2021T19:43:16Z,18,27,31,61.94,30.47,980.70 
14/09/2021T19:43:47Z,18,26,29,61.93,30.48,980.70 
14/09/2021T19:44:17Z,16,23,27,61.92,30.48,980.71 
14/09/2021T19:44:48Z,17,25,27,61.88,30.47,980.71 
14/09/2021T19:45:19Z,17,25,29,61.88,30.48,980.69 
14/09/2021T19:45:49Z,16,22,24,61.91,30.47,980.70 
14/09/2021T19:46:20Z,16,24,27,61.85,30.48,980.70 
14/09/2021T19:46:51Z,16,22,23,61.83,30.48,980.70 
14/09/2021T19:47:22Z,15,20,22,61.91,30.48,980.69 
14/09/2021T19:47:52Z,14,22,24,61.95,30.48,980.70 
14/09/2021T19:48:23Z,17,24,25,61.89,30.48,980.68 
14/09/2021T19:48:53Z,18,25,26,61.94,30.48,980.70 
14/09/2021T19:49:23Z,16,22,26,62.01,30.48,980.69 
14/09/2021T19:49:54Z,15,21,26,62.02,30.47,980.70 
14/09/2021T19:50:24Z,15,22,24,62.00,30.47,980.70 
14/09/2021T19:50:55Z,15,23,25,61.93,30.48,980.70 
14/09/2021T19:51:25Z,15,21,23,62.00,30.48,980.69 
14/09/2021T19:51:56Z,16,24,27,61.99,30.48,980.69 
14/09/2021T19:52:27Z,16,25,28,61.96,30.48,980.69 
14/09/2021T19:52:57Z,16,24,26,61.87,30.50,980.69 
14/09/2021T19:53:28Z,15,20,21,61.92,30.50,980.69 
14/09/2021T19:53:58Z,16,23,24,62.02,30.49,980.70 
14/09/2021T19:54:29Z,15,24,26,61.90,30.51,980.71 
14/09/2021T19:55:00Z,14,23,25,61.85,30.52,980.69 
14/09/2021T19:55:31Z,15,21,23,61.91,30.51,980.68 
14/09/2021T19:56:01Z,14,22,24,61.86,30.52,980.69 
14/09/2021T19:56:31Z,15,21,24,61.87,30.52,980.68 
14/09/2021T19:57:02Z,14,20,23,62.04,30.51,980.65 
14/09/2021T19:57:33Z,13,17,19,62.14,30.49,980.69 
14/09/2021T19:58:03Z,16,23,25,61.93,30.51,980.72 
14/09/2021T19:58:34Z,14,20,21,61.85,30.53,980.71 
14/09/2021T19:59:04Z,14,22,25,61.95,30.52,980.69 
14/09/2021T19:59:35Z,13,19,21,61.91,30.52,980.69 
14/09/2021T20:00:05Z,14,20,23,61.96,30.52,980.69 
14/09/2021T20:00:36Z,14,21,23,61.95,30.51,980.72 
14/09/2021T20:01:06Z,14,21,22,62.00,30.51,980.71 
14/09/2021T20:01:37Z,14,19,20,62.00,30.51,980.73 
14/09/2021T20:02:07Z,14,22,25,61.95,30.52,980.70 
14/09/2021T20:02:38Z,13,19,21,61.92,30.52,980.70 
14/09/2021T20:03:09Z,13,19,19,61.88,30.53,980.70 
14/09/2021T20:03:40Z,13,17,19,61.93,30.53,980.70 
14/09/2021T20:04:11Z,14,19,20,61.99,30.52,980.69 
14/09/2021T20:04:42Z,13,20,21,62.01,30.52,980.68 
14/09/2021T20:05:12Z,15,22,23,61.95,30.52,980.69 
14/09/2021T20:05:42Z,14,18,20,62.06,30.51,980.70 
14/09/2021T20:06:12Z,14,19,21,62.08,30.51,980.68 
14/09/2021T20:06:43Z,14,21,21,62.06,30.52,980.69 
14/09/2021T20:07:13Z,13,19,20,62.06,30.53,980.68 
14/09/2021T20:07:43Z,14,21,22,62.11,30.52,980.67 
14/09/2021T20:08:14Z,15,20,23,62.07,30.52,980.66 
14/09/2021T20:08:45Z,14,18,23,62.06,30.52,980.67 
14/09/2021T20:09:16Z,15,21,23,61.97,30.53,980.68 
14/09/2021T20:09:46Z,16,20,21,61.98,30.54,980.66 
14/09/2021T20:10:17Z,13,20,20,62.12,30.53,980.66 
14/09/2021T20:10:48Z,14,18,19,62.06,30.54,980.66 
14/09/2021T20:11:18Z,13,17,19,62.04,30.54,980.66 
14/09/2021T20:11:49Z,13,17,21,61.99,30.54,980.67 
14/09/2021T20:12:19Z,13,17,19,61.92,30.55,980.67 
14/09/2021T20:12:50Z,12,17,18,61.90,30.55,980.65 
14/09/2021T20:13:21Z,13,18,19,62.00,30.54,980.63 
14/09/2021T20:13:51Z,13,17,19,62.09,30.53,980.64 
14/09/2021T20:14:22Z,13,16,18,62.09,30.53,980.64 
14/09/2021T20:14:52Z,12,17,18,62.14,30.53,980.67 
14/09/2021T20:15:23Z,12,18,19,62.05,30.54,980.69 
14/09/2021T20:15:53Z,11,15,17,62.21,30.54,980.69 
14/09/2021T20:16:24Z,13,17,17,62.13,30.54,980.67 
14/09/2021T20:16:55Z,11,14,14,62.13,30.53,980.67 
14/09/2021T20:17:26Z,13,17,17,62.11,30.53,980.69 
14/09/2021T20:17:57Z,13,19,20,62.05,30.54,980.69 
14/09/2021T20:18:28Z,12,16,18,62.01,30.55,980.70 
14/09/2021T20:18:58Z,13,17,17,62.03,30.55,980.70 
14/09/2021T20:19:29Z,12,17,17,62.00,30.55,980.70 
14/09/2021T20:19:59Z,12,18,20,62.03,30.55,980.70 
14/09/2021T20:20:30Z,13,17,18,62.00,30.56,980.71 
14/09/2021T20:21:00Z,13,17,20,61.98,30.57,980.70 
14/09/2021T20:21:31Z,13,16,18,61.92,30.58,980.68 
14/09/2021T20:22:01Z,12,16,18,62.03,30.56,980.68 
14/09/2021T20:22:32Z,11,16,17,62.03,30.56,980.68 
14/09/2021T20:23:03Z,13,17,17,61.99,30.56,980.65 
14/09/2021T20:23:34Z,12,17,22,61.99,30.56,980.65 
14/09/2021T20:24:05Z,11,14,17,61.99,30.56,980.65 
14/09/2021T20:24:35Z,11,14,16,61.96,30.56,980.64 
14/09/2021T20:25:05Z,11,15,16,61.94,30.57,980.64 
14/09/2021T20:25:35Z,11,16,16,61.96,30.56,980.63 
14/09/2021T20:26:06Z,11,15,15,61.90,30.58,980.63 
14/09/2021T20:26:36Z,11,14,15,61.95,30.57,980.62 
14/09/2021T20:27:07Z,11,15,17,61.96,30.57,980.63 
14/09/2021T20:27:38Z,11,14,16,61.98,30.57,980.63 
14/09/2021T20:28:08Z,11,14,15,61.92,30.58,980.63 
14/09/2021T20:28:39Z,10,16,17,61.92,30.58,980.64 
14/09/2021T20:29:09Z,12,15,17,61.87,30.58,980.60 
14/09/2021T20:29:40Z,11,15,16,61.88,30.58,980.60 
14/09/2021T20:30:10Z,12,16,17,61.89,30.59,980.59 
14/09/2021T20:30:41Z,11,15,15,61.96,30.58,980.58 
14/09/2021T20:31:12Z,11,15,15,61.92,30.58,980.59 
14/09/2021T20:31:42Z,10,16,16,61.91,30.58,980.58 
14/09/2021T20:32:13Z,10,14,16,61.86,30.59,980.58 
14/09/2021T20:32:44Z,11,16,17,61.93,30.59,980.58 
14/09/2021T20:33:15Z,12,15,18,61.88,30.59,980.57 
14/09/2021T20:33:45Z,12,18,20,61.78,30.61,980.56 
14/09/2021T20:34:16Z,11,14,14,61.78,30.61,980.55 
14/09/2021T20:34:47Z,11,14,15,61.86,30.60,980.52 
14/09/2021T20:35:18Z,11,14,15,61.90,30.59,980.52 
14/09/2021T20:35:49Z,11,13,14,61.87,30.60,980.54 
14/09/2021T20:36:20Z,11,14,14,61.87,30.60,980.55 
14/09/2021T20:36:50Z,11,16,18,61.90,30.60,980.54 
14/09/2021T20:37:21Z,12,16,18,61.90,30.59,980.52 
14/09/2021T20:37:52Z,11,15,17,61.82,30.61,980.52 
14/09/2021T20:38:22Z,12,15,16,61.87,30.61,980.50 
14/09/2021T20:38:53Z,11,13,14,61.95,30.60,980.50 
14/09/2021T20:39:24Z,10,12,14,61.92,30.60,980.53 
14/09/2021T20:39:55Z,11,15,16,61.94,30.59,980.54 
14/09/2021T20:40:26Z,11,15,17,61.90,30.59,980.56 
14/09/2021T20:40:56Z,12,16,17,61.84,30.60,980.54 
14/09/2021T20:41:27Z,11,13,15,61.90,30.60,980.54 
14/09/2021T20:41:58Z,10,13,14,61.89,30.60,980.55 
14/09/2021T20:42:29Z,11,14,15,61.91,30.60,980.53 
14/09/2021T20:42:59Z,11,14,15,61.93,30.60,980.54 
14/09/2021T20:43:29Z,11,16,19,61.85,30.61,980.56 
14/09/2021T20:44:00Z,10,13,16,61.83,30.62,980.55 
14/09/2021T20:44:31Z,11,15,16,61.85,30.62,980.55 
14/09/2021T20:45:01Z,11,14,16,61.94,30.61,980.53 
14/09/2021T20:45:32Z,11,15,17,61.94,30.60,980.52 
14/09/2021T20:46:02Z,11,14,17,61.91,30.61,980.54 
14/09/2021T20:46:33Z,11,14,15,61.83,30.63,980.54 
14/09/2021T20:47:04Z,11,16,20,61.84,30.63,980.54 
14/09/2021T20:47:34Z,11,17,19,61.87,30.63,980.54 
14/09/2021T20:48:04Z,11,13,15,61.84,30.63,980.54 
14/09/2021T20:48:35Z,12,14,17,61.85,30.63,980.53 
14/09/2021T20:49:05Z,10,14,15,61.83,30.63,980.53 
14/09/2021T20:49:36Z,11,14,15,61.80,30.64,980.54 
14/09/2021T20:50:07Z,10,13,15,61.79,30.64,980.55 
14/09/2021T20:50:38Z,10,12,13,61.79,30.64,980.57 
14/09/2021T20:51:09Z,10,13,14,61.79,30.65,980.58 
14/09/2021T20:51:40Z,11,12,13,61.83,30.64,980.57 
14/09/2021T20:52:10Z,9,13,14,61.82,30.64,980.57 
14/09/2021T20:52:41Z,10,13,14,61.83,30.64,980.56 
14/09/2021T20:53:12Z,11,14,16,61.84,30.63,980.57 
14/09/2021T20:53:42Z,10,13,14,61.90,30.62,980.57 
14/09/2021T20:54:13Z,10,11,11,61.81,30.65,980.58 
14/09/2021T20:54:44Z,10,14,17,61.90,30.63,980.56 
14/09/2021T20:55:15Z,11,14,14,61.91,30.63,980.58 
14/09/2021T20:55:45Z,11,14,15,61.86,30.64,980.58 
14/09/2021T20:56:16Z,11,13,15,61.92,30.64,980.59 
14/09/2021T20:56:47Z,10,12,15,61.97,30.63,980.59 
14/09/2021T20:57:18Z,9,13,14,61.99,30.62,980.59 
14/09/2021T20:57:48Z,9,11,14,61.91,30.63,980.60 
14/09/2021T20:58:19Z,10,12,15,61.88,30.64,980.61 
14/09/2021T20:58:50Z,10,14,14,61.86,30.65,980.62 
14/09/2021T20:59:21Z,11,14,15,61.88,30.65,980.63 
14/09/2021T20:59:52Z,10,13,14,61.95,30.64,980.62 
14/09/2021T21:00:23Z,10,13,17,61.95,30.64,980.61 
14/09/2021T21:00:54Z,11,13,13,61.86,30.65,980.63 
14/09/2021T21:01:25Z,10,11,12,61.86,30.65,980.64 
14/09/2021T21:01:55Z,9,13,14,61.81,30.66,980.63 
14/09/2021T21:02:26Z,10,12,13,61.75,30.68,980.63 
14/09/2021T21:02:57Z,10,12,13,61.86,30.65,980.62 
14/09/2021T21:03:28Z,10,13,13,61.81,30.66,980.64 
14/09/2021T21:03:59Z,10,13,13,61.79,30.66,980.63 
14/09/2021T21:04:30Z,10,15,15,61.82,30.66,980.63 
14/09/2021T21:05:01Z,9,11,11,61.80,30.66,980.63 
14/09/2021T21:05:32Z,9,11,11,61.81,30.66,980.64 
14/09/2021T21:06:02Z,8,10,12,61.74,30.67,980.64 
14/09/2021T21:06:33Z,8,11,12,61.69,30.69,980.64 
14/09/2021T21:07:04Z,8,11,11,61.73,30.68,980.62 
14/09/2021T21:07:35Z,9,11,11,61.83,30.67,980.63 
14/09/2021T21:08:06Z,8,12,13,61.82,30.67,980.63 
14/09/2021T21:08:37Z,9,11,12,61.79,30.67,980.63 
14/09/2021T21:09:08Z,10,13,13,61.86,30.65,980.61 
14/09/2021T21:09:39Z,10,14,14,61.81,30.67,980.63 
14/09/2021T21:10:09Z,8,10,11,61.78,30.68,980.63 
14/09/2021T21:10:40Z,10,14,15,61.80,30.67,980.64 
14/09/2021T21:11:10Z,9,12,13,61.82,30.67,980.65 
14/09/2021T21:11:41Z,8,12,12,61.83,30.66,980.65 
14/09/2021T21:12:11Z,8,11,11,61.78,30.66,980.66 
14/09/2021T21:12:42Z,9,13,13,61.82,30.66,980.67 
14/09/2021T21:13:12Z,8,10,11,61.80,30.66,980.65 
14/09/2021T21:13:42Z,8,10,11,61.75,30.67,980.68 
14/09/2021T21:14:13Z,9,11,11,61.74,30.68,980.67 
14/09/2021T21:14:43Z,8,11,11,61.74,30.68,980.67 
14/09/2021T21:15:13Z,9,12,13,61.80,30.66,980.69 
14/09/2021T21:15:44Z,8,10,11,61.81,30.66,980.71 
14/09/2021T21:16:15Z,8,10,13,61.82,30.66,980.68 
14/09/2021T21:16:46Z,9,10,11,61.77,30.67,980.68 
14/09/2021T21:17:17Z,8,9,10,61.77,30.67,980.69 
14/09/2021T21:17:48Z,8,11,12,61.77,30.67,980.67 
14/09/2021T21:18:18Z,8,11,13,61.79,30.66,980.68 
14/09/2021T21:18:49Z,8,11,12,61.84,30.65,980.68 
14/09/2021T21:19:20Z,8,10,11,61.90,30.64,980.67 
14/09/2021T21:19:51Z,8,11,11,61.88,30.64,980.67 
14/09/2021T21:20:22Z,10,11,13,61.83,30.65,980.67 
14/09/2021T21:20:52Z,9,11,11,61.83,30.65,980.66 
14/09/2021T21:21:23Z,8,10,11,61.85,30.64,980.64 
14/09/2021T21:21:54Z,8,10,10,61.90,30.63,980.64 
14/09/2021T21:22:25Z,8,11,12,62.02,30.62,980.63 
14/09/2021T21:22:56Z,7,9,9,62.13,30.60,980.63 
14/09/2021T21:23:27Z,8,9,10,62.08,30.61,980.62 
14/09/2021T21:23:57Z,8,10,11,61.97,30.63,980.63 
14/09/2021T21:24:27Z,8,12,12,61.93,30.63,980.62 
14/09/2021T21:24:58Z,8,10,11,61.95,30.63,980.62 
14/09/2021T21:25:29Z,7,8,8,61.92,30.64,980.62 
14/09/2021T21:25:59Z,7,9,9,61.98,30.64,980.61 
14/09/2021T21:26:30Z,7,9,10,61.97,30.63,980.62 
14/09/2021T21:27:01Z,8,11,12,62.00,30.63,980.62 
14/09/2021T21:27:32Z,8,11,11,61.98,30.63,980.61 
14/09/2021T21:28:03Z,7,10,10,61.96,30.63,980.59 
14/09/2021T21:28:34Z,8,10,10,62.00,30.62,980.59 
14/09/2021T21:29:05Z,8,10,11,62.00,30.62,980.58 
14/09/2021T21:29:35Z,9,11,11,61.94,30.63,980.58 
14/09/2021T21:30:06Z,8,11,11,61.96,30.62,980.56 
14/09/2021T21:30:37Z,8,10,12,61.99,30.63,980.56 
14/09/2021T21:31:08Z,8,10,11,62.00,30.62,980.56 
14/09/2021T21:31:39Z,8,9,10,62.00,30.62,980.55 
14/09/2021T21:32:10Z,9,10,12,61.96,30.62,980.57 
14/09/2021T21:32:41Z,8,10,10,61.98,30.62,980.56 
14/09/2021T21:33:12Z,8,10,11,61.99,30.62,980.57 
14/09/2021T21:33:42Z,8,10,10,61.99,30.61,980.57 
14/09/2021T21:34:13Z,9,11,12,61.96,30.62,980.57 
14/09/2021T21:34:44Z,8,9,10,61.97,30.61,980.56 
14/09/2021T21:35:15Z,8,10,11,61.94,30.61,980.56 
14/09/2021T21:35:46Z,8,10,11,61.97,30.61,980.54 
14/09/2021T21:36:17Z,7,8,8,62.00,30.60,980.54 
14/09/2021T21:36:48Z,7,9,9,62.05,30.59,980.53 
14/09/2021T21:37:19Z,8,9,11,62.04,30.60,980.52 
14/09/2021T21:37:49Z,7,9,10,62.07,30.59,980.53 
14/09/2021T21:38:19Z,7,10,11,62.04,30.59,980.52 
14/09/2021T21:38:49Z,7,10,12,62.01,30.59,980.52 
14/09/2021T21:39:20Z,7,10,11,61.96,30.61,980.51 
14/09/2021T21:39:51Z,8,10,12,61.93,30.62,980.50 
14/09/2021T21:40:22Z,9,12,13,61.91,30.62,980.50 
14/09/2021T21:40:53Z,8,10,11,61.91,30.62,980.50 
14/09/2021T21:41:23Z,7,9,10,61.93,30.62,980.49 
14/09/2021T21:41:54Z,8,10,11,62.00,30.61,980.48 
14/09/2021T21:42:25Z,7,8,10,62.01,30.61,980.47 
14/09/2021T21:42:56Z,7,9,10,62.00,30.60,980.45 
14/09/2021T21:43:27Z,7,8,9,62.03,30.60,980.45 
14/09/2021T21:43:58Z,7,8,10,62.03,30.59,980.43 
14/09/2021T21:44:29Z,6,9,9,62.02,30.60,980.42 
14/09/2021T21:44:59Z,8,8,8,62.03,30.59,980.41 
14/09/2021T21:45:30Z,6,7,7,62.04,30.59,980.40 
14/09/2021T21:46:01Z,7,9,9,61.99,30.60,980.43 
14/09/2021T21:46:32Z,7,8,8,62.00,30.60,980.42 
14/09/2021T21:47:03Z,6,7,8,61.98,30.60,980.43 
14/09/2021T21:47:34Z,7,8,8,62.01,30.60,980.43 
14/09/2021T21:48:05Z,7,10,10,61.97,30.60,980.44 
14/09/2021T21:48:36Z,7,8,8,62.00,30.60,980.43 
14/09/2021T21:49:06Z,7,10,10,62.05,30.59,980.43 
14/09/2021T21:49:37Z,7,9,9,62.07,30.58,980.41 
14/09/2021T21:50:08Z,7,8,9,62.06,30.58,980.41 
14/09/2021T21:50:39Z,7,7,7,62.03,30.59,980.41 
14/09/2021T21:51:10Z,7,8,8,62.05,30.59,980.39 
14/09/2021T21:51:41Z,7,8,8,62.05,30.59,980.38 
14/09/2021T21:52:12Z,7,8,10,62.03,30.59,980.37 
14/09/2021T21:52:43Z,7,9,10,62.00,30.60,980.37 
14/09/2021T21:53:13Z,7,8,9,61.99,30.60,980.36 
14/09/2021T21:53:44Z,6,7,9,62.03,30.59,980.35 
14/09/2021T21:54:15Z,7,8,9,62.06,30.59,980.32 
14/09/2021T21:54:46Z,6,6,7,62.07,30.59,980.31 
14/09/2021T21:55:17Z,8,9,9,62.02,30.59,980.31 
14/09/2021T21:55:48Z,7,8,8,62.04,30.59,980.30 
14/09/2021T21:56:19Z,6,8,8,62.06,30.58,980.30 
14/09/2021T21:56:50Z,6,8,8,62.09,30.58,980.29 
14/09/2021T21:57:20Z,7,9,10,62.08,30.58,980.29 
14/09/2021T21:57:51Z,6,8,8,62.10,30.58,980.29 
14/09/2021T21:58:22Z,7,8,9,62.09,30.58,980.28 
14/09/2021T21:58:52Z,6,7,7,62.12,30.58,980.26 
14/09/2021T21:59:23Z,6,8,8,62.11,30.57,980.27 
14/09/2021T21:59:54Z,7,9,9,62.09,30.57,980.26 
14/09/2021T22:00:25Z,5,7,8,62.10,30.58,980.26 
14/09/2021T22:00:56Z,5,7,7,62.09,30.58,980.26 
14/09/2021T22:01:27Z,6,7,9,62.10,30.57,980.25 
14/09/2021T22:01:58Z,6,8,9,62.10,30.57,980.24 
14/09/2021T22:02:29Z,7,8,8,62.11,30.57,980.24 
14/09/2021T22:02:59Z,6,7,7,62.09,30.58,980.24 
14/09/2021T22:03:30Z,7,8,8,62.12,30.58,980.23 
14/09/2021T22:04:01Z,6,7,8,62.13,30.58,980.25 
14/09/2021T22:04:32Z,6,7,7,62.11,30.57,980.25 
14/09/2021T22:05:02Z,7,9,10,62.13,30.57,980.23 
14/09/2021T22:05:33Z,7,9,10,62.14,30.58,980.21 
14/09/2021T22:06:03Z,6,8,8,62.12,30.57,980.20 
14/09/2021T22:06:34Z,7,8,8,62.07,30.59,980.20 
14/09/2021T22:07:05Z,6,7,9,62.10,30.58,980.20 
14/09/2021T22:07:36Z,6,8,8,62.12,30.58,980.20 
14/09/2021T22:08:07Z,6,8,8,62.12,30.58,980.21 
14/09/2021T22:08:38Z,6,7,7,62.10,30.57,980.21 
14/09/2021T22:09:09Z,6,7,7,62.11,30.58,980.21 
14/09/2021T22:09:40Z,5,7,8,62.11,30.57,980.21 
14/09/2021T22:10:10Z,6,7,8,62.09,30.58,980.23 
14/09/2021T22:10:41Z,7,8,9,62.11,30.57,980.23 
14/09/2021T22:11:12Z,6,7,9,62.13,30.57,980.24 
14/09/2021T22:11:43Z,6,8,8,62.13,30.57,980.26 
14/09/2021T22:12:14Z,6,7,7,62.12,30.58,980.27 
14/09/2021T22:12:45Z,6,7,7,62.08,30.58,980.28 
14/09/2021T22:13:16Z,6,7,8,62.09,30.57,980.27 
14/09/2021T22:13:47Z,6,8,8,62.11,30.57,980.26 
14/09/2021T22:14:17Z,6,7,7,62.09,30.58,980.27 
14/09/2021T22:14:48Z,6,7,7,62.10,30.58,980.26 
14/09/2021T22:15:19Z,6,7,9,62.16,30.56,980.25 
14/09/2021T22:15:50Z,6,7,7,62.15,30.57,980.25 
14/09/2021T22:16:21Z,6,8,9,62.14,30.57,980.26 
14/09/2021T22:16:52Z,6,7,9,62.11,30.58,980.27 
14/09/2021T22:17:23Z,7,8,8,62.13,30.58,980.28 
14/09/2021T22:17:53Z,6,6,6,62.10,30.58,980.28 
14/09/2021T22:18:24Z,6,8,9,62.09,30.59,980.27 
14/09/2021T22:18:55Z,5,7,7,62.10,30.58,980.28 
14/09/2021T22:19:26Z,6,7,8,62.08,30.58,980.28 
14/09/2021T22:19:57Z,7,8,9,62.07,30.59,980.28 
14/09/2021T22:20:28Z,6,6,7,62.12,30.58,980.29 
14/09/2021T22:20:59Z,5,6,6,62.11,30.57,980.30 
14/09/2021T22:21:30Z,6,7,8,62.10,30.57,980.30 
14/09/2021T22:22:00Z,7,8,8,62.11,30.58,980.29 
14/09/2021T22:22:31Z,5,6,7,62.16,30.56,980.28 
14/09/2021T22:23:02Z,5,6,7,62.19,30.55,980.27 
14/09/2021T22:23:33Z,5,6,7,62.18,30.56,980.27 
14/09/2021T22:24:04Z,7,8,8,62.17,30.56,980.28 
14/09/2021T22:24:35Z,5,6,8,62.21,30.55,980.27 
14/09/2021T22:25:06Z,5,6,6,62.22,30.54,980.29 
14/09/2021T22:25:37Z,5,6,6,62.23,30.55,980.32 
14/09/2021T22:26:07Z,6,7,8,62.21,30.55,980.33 
14/09/2021T22:26:38Z,5,7,7,62.22,30.55,980.33 
14/09/2021T22:27:09Z,6,7,9,62.19,30.56,980.33 
14/09/2021T22:27:40Z,6,8,8,62.13,30.58,980.31 
14/09/2021T22:28:11Z,6,7,8,62.13,30.57,980.32 
14/09/2021T22:28:42Z,5,6,7,62.13,30.57,980.33 
14/09/2021T22:29:13Z,6,7,9,62.16,30.56,980.31 
14/09/2021T22:29:44Z,5,6,7,62.20,30.56,980.30 
14/09/2021T22:30:15Z,6,7,8,62.25,30.54,980.29 
14/09/2021T22:30:46Z,6,8,9,62.26,30.53,980.28 
14/09/2021T22:31:17Z,6,7,8,62.21,30.54,980.30 
14/09/2021T22:31:48Z,6,8,8,62.18,30.55,980.30 
14/09/2021T22:32:19Z,5,6,6,62.16,30.56,980.31 
14/09/2021T22:32:50Z,5,7,8,62.12,30.57,980.31 
14/09/2021T22:33:21Z,5,6,8,62.08,30.57,980.32 
14/09/2021T22:33:51Z,6,7,8,62.08,30.58,980.33 
14/09/2021T22:34:22Z,7,9,9,62.07,30.58,980.32 
14/09/2021T22:34:53Z,6,8,8,62.05,30.58,980.31 
14/09/2021T22:35:24Z,6,7,8,62.03,30.58,980.29 
14/09/2021T22:35:55Z,5,7,7,62.05,30.58,980.29 
14/09/2021T22:36:26Z,5,6,6,62.06,30.58,980.28 
14/09/2021T22:36:57Z,6,6,6,62.03,30.59,980.30 
14/09/2021T22:37:28Z,5,6,7,62.04,30.59,980.29 
14/09/2021T22:37:58Z,5,7,8,62.10,30.58,980.30 
14/09/2021T22:38:29Z,5,6,7,62.07,30.58,980.30 
14/09/2021T22:39:00Z,5,6,7,62.08,30.58,980.30 
14/09/2021T22:39:31Z,5,6,6,62.13,30.56,980.31 
14/09/2021T22:40:02Z,5,6,8,62.10,30.56,980.31 
14/09/2021T22:40:33Z,6,7,8,62.09,30.56,980.31 
14/09/2021T22:41:04Z,5,6,7,62.17,30.55,980.29 
14/09/2021T22:41:35Z,5,5,5,62.17,30.54,980.28 
14/09/2021T22:42:05Z,5,6,7,62.20,30.54,980.27 
14/09/2021T22:42:36Z,4,4,4,62.17,30.54,980.27 
14/09/2021T22:43:07Z,5,6,6,62.23,30.52,980.24 
14/09/2021T22:43:38Z,5,6,6,62.22,30.53,980.21 
14/09/2021T22:44:09Z,5,6,7,62.24,30.53,980.19 
14/09/2021T22:44:40Z,6,7,8,62.20,30.53,980.17 
14/09/2021T22:45:11Z,5,6,7,62.19,30.54,980.17 
14/09/2021T22:45:42Z,5,6,6,62.17,30.54,980.15 
14/09/2021T22:46:12Z,6,6,9,62.20,30.52,980.13 
14/09/2021T22:46:43Z,5,6,7,62.19,30.53,980.11 
14/09/2021T22:47:13Z,5,6,8,62.25,30.52,980.09 
14/09/2021T22:47:44Z,6,8,9,62.29,30.52,980.08 
14/09/2021T22:48:15Z,6,7,7,62.29,30.51,980.09 
14/09/2021T22:48:45Z,6,7,7,62.27,30.52,980.10 
14/09/2021T22:49:16Z,5,6,6,62.27,30.52,980.11 
14/09/2021T22:49:46Z,5,7,9,62.29,30.51,980.12 
14/09/2021T22:50:17Z,5,6,6,62.30,30.51,980.13 
14/09/2021T22:50:48Z,5,6,6,62.30,30.51,980.14 
14/09/2021T22:51:18Z,6,7,7,62.25,30.52,980.15 
14/09/2021T22:51:49Z,6,7,9,62.28,30.51,980.14 
14/09/2021T22:52:20Z,6,7,7,62.30,30.51,980.13 
14/09/2021T22:52:51Z,4,5,5,62.31,30.50,980.12 
14/09/2021T22:53:22Z,4,5,5,62.28,30.51,980.12 
14/09/2021T22:53:52Z,5,6,7,62.28,30.51,980.12 
14/09/2021T22:54:22Z,5,7,8,62.31,30.51,980.11 
14/09/2021T22:54:53Z,5,9,9,62.31,30.51,980.11 
14/09/2021T22:55:24Z,6,6,6,62.36,30.50,980.11 
14/09/2021T22:55:55Z,4,5,5,62.41,30.48,980.09 
14/09/2021T22:56:25Z,5,7,7,62.40,30.48,980.10 
14/09/2021T22:56:56Z,5,6,6,62.40,30.49,980.09 
14/09/2021T22:57:27Z,4,5,5,62.36,30.49,980.09 
14/09/2021T22:57:58Z,6,7,7,62.41,30.48,980.10 
14/09/2021T22:58:29Z,5,6,6,62.37,30.49,980.12 
14/09/2021T22:59:00Z,4,6,6,62.37,30.49,980.11 
14/09/2021T22:59:31Z,5,6,7,62.36,30.49,980.12 
14/09/2021T23:00:01Z,5,6,7,62.36,30.50,980.12 
14/09/2021T23:00:32Z,5,7,8,62.36,30.49,980.13 
14/09/2021T23:01:03Z,5,6,6,62.43,30.48,980.12 
14/09/2021T23:01:34Z,5,6,6,62.45,30.47,980.12 
14/09/2021T23:02:05Z,6,6,6,62.48,30.47,980.12 
14/09/2021T23:02:36Z,6,7,8,62.47,30.46,980.12 
14/09/2021T23:03:07Z,5,6,7,62.55,30.45,980.12 
14/09/2021T23:03:38Z,4,6,6,62.50,30.45,980.12 
14/09/2021T23:04:08Z,6,6,6,62.51,30.45,980.12 
14/09/2021T23:04:39Z,4,6,7,62.56,30.45,980.13 
14/09/2021T23:05:10Z,5,8,9,62.57,30.44,980.13 
14/09/2021T23:05:41Z,5,6,7,62.58,30.43,980.12 
14/09/2021T23:06:12Z,6,6,7,62.59,30.43,980.10 
14/09/2021T23:06:42Z,5,6,7,62.57,30.43,980.10 
14/09/2021T23:07:13Z,6,6,6,62.53,30.44,980.12 
14/09/2021T23:07:44Z,5,6,6,62.58,30.44,980.13 
14/09/2021T23:08:15Z,4,6,7,62.61,30.43,980.12 
14/09/2021T23:08:46Z,5,6,6,62.62,30.43,980.11 
14/09/2021T23:09:17Z,6,7,7,62.61,30.42,980.10 
14/09/2021T23:09:48Z,5,7,7,62.55,30.43,980.09 
14/09/2021T23:10:19Z,5,6,6,62.58,30.43,980.10 
14/09/2021T23:10:49Z,5,5,5,62.55,30.43,980.10 
14/09/2021T23:11:20Z,5,6,7,62.63,30.42,980.11 
14/09/2021T23:11:51Z,5,6,6,62.64,30.42,980.10 
14/09/2021T23:12:22Z,5,6,7,62.60,30.42,980.10 
14/09/2021T23:12:53Z,4,6,7,62.56,30.42,980.09 
14/09/2021T23:13:24Z,6,7,7,62.57,30.43,980.07 
14/09/2021T23:13:55Z,5,8,9,62.63,30.42,980.07 
14/09/2021T23:14:25Z,5,7,8,62.60,30.42,980.06 
14/09/2021T23:14:56Z,4,5,6,62.62,30.42,980.07 
14/09/2021T23:15:27Z,5,6,6,62.60,30.42,980.07 
14/09/2021T23:15:58Z,4,5,6,62.61,30.42,980.06 
14/09/2021T23:16:29Z,4,5,6,62.63,30.42,980.05 
14/09/2021T23:17:00Z,3,4,5,62.63,30.41,980.05 
14/09/2021T23:17:31Z,6,6,7,62.71,30.39,980.03 
14/09/2021T23:18:02Z,5,6,7,62.67,30.39,980.04 
14/09/2021T23:18:32Z,5,5,6,62.68,30.40,980.02 
14/09/2021T23:19:03Z,5,7,8,62.62,30.40,980.02 
14/09/2021T23:19:34Z,6,7,8,62.61,30.41,980.01 
14/09/2021T23:20:05Z,5,6,6,62.60,30.40,980.02 
14/09/2021T23:20:36Z,5,6,6,62.58,30.41,980.02 
14/09/2021T23:21:07Z,6,7,9,62.60,30.41,980.01 
14/09/2021T23:21:36Z,6,6,7,62.58,30.41,980.02 
14/09/2021T23:22:07Z,5,7,8,62.57,30.41,980.00 
14/09/2021T23:22:38Z,6,7,7,62.63,30.41,980.00 
14/09/2021T23:23:09Z,5,7,7,62.65,30.40,980.00 
14/09/2021T23:23:40Z,5,6,7,62.63,30.40,980.00 
14/09/2021T23:24:11Z,5,7,7,62.61,30.41,980.00 
14/09/2021T23:24:42Z,5,6,6,62.61,30.41,979.98 
14/09/2021T23:25:12Z,5,5,8,62.64,30.40,979.98 
14/09/2021T23:25:43Z,5,7,8,62.60,30.39,979.98 
14/09/2021T23:26:14Z,5,6,6,62.63,30.39,979.97 
14/09/2021T23:26:45Z,5,6,6,62.69,30.38,979.98 
14/09/2021T23:27:16Z,4,5,6,62.66,30.38,979.98 
14/09/2021T23:27:46Z,4,5,6,62.71,30.38,979.96 
14/09/2021T23:28:17Z,5,6,6,62.70,30.38,979.96 
14/09/2021T23:28:48Z,5,6,7,62.70,30.38,979.96 
14/09/2021T23:29:19Z,5,6,7,62.69,30.38,979.95 
14/09/2021T23:29:50Z,6,8,8,62.66,30.38,979.95 
14/09/2021T23:30:21Z,6,6,7,62.68,30.38,979.96 
14/09/2021T23:30:52Z,5,6,7,62.69,30.38,979.96 
14/09/2021T23:31:22Z,5,7,7,62.69,30.38,979.95 
14/09/2021T23:31:53Z,5,6,8,62.71,30.38,979.96 
14/09/2021T23:32:24Z,6,8,9,62.73,30.38,979.96 
14/09/2021T23:32:55Z,5,6,8,62.73,30.37,979.96 
14/09/2021T23:33:25Z,5,8,8,62.74,30.37,979.97 
14/09/2021T23:33:56Z,5,7,7,62.72,30.38,980.00 
14/09/2021T23:34:27Z,5,7,7,62.73,30.37,980.00 
14/09/2021T23:34:58Z,6,7,8,62.78,30.37,979.98 
14/09/2021T23:35:29Z,4,5,5,62.77,30.37,980.00 
14/09/2021T23:36:00Z,6,7,8,62.70,30.37,980.01 
14/09/2021T23:36:31Z,5,6,7,62.73,30.37,980.01 
14/09/2021T23:37:02Z,5,7,8,62.71,30.37,980.01 
14/09/2021T23:37:32Z,5,6,6,62.76,30.37,980.00 
14/09/2021T23:38:03Z,6,7,7,62.76,30.36,980.01 
14/09/2021T23:38:34Z,5,6,9,62.71,30.36,980.01 
14/09/2021T23:39:05Z,5,6,7,62.72,30.37,980.00 
14/09/2021T23:39:36Z,5,5,6,62.74,30.36,980.01 
14/09/2021T23:40:07Z,5,6,6,62.76,30.36,980.01 
14/09/2021T23:40:38Z,5,6,6,62.78,30.36,979.99 
14/09/2021T23:41:09Z,5,6,6,62.82,30.35,980.01 
14/09/2021T23:41:39Z,6,7,8,62.77,30.36,980.02 
14/09/2021T23:42:10Z,6,7,7,62.78,30.35,980.04 
14/09/2021T23:42:41Z,5,7,7,62.79,30.35,980.02 
14/09/2021T23:43:12Z,5,7,8,62.80,30.34,980.01 
14/09/2021T23:43:42Z,5,7,9,62.79,30.34,980.00 
14/09/2021T23:44:13Z,6,7,8,62.77,30.35,980.02 
14/09/2021T23:44:44Z,5,6,6,62.75,30.34,980.02 
14/09/2021T23:45:15Z,5,8,9,62.72,30.35,980.02 
14/09/2021T23:45:46Z,5,7,7,62.76,30.34,980.02 
14/09/2021T23:46:17Z,5,6,7,62.77,30.34,980.04 
14/09/2021T23:46:48Z,5,6,6,62.74,30.34,980.06 
14/09/2021T23:47:19Z,5,6,6,62.73,30.35,980.05 
14/09/2021T23:47:49Z,6,7,7,62.73,30.35,980.07 
14/09/2021T23:48:20Z,6,7,7,62.77,30.35,980.06 
14/09/2021T23:48:51Z,5,6,7,62.74,30.34,980.05 
14/09/2021T23:49:22Z,5,6,6,62.73,30.35,980.07 
14/09/2021T23:49:53Z,5,6,6,62.75,30.35,980.09 
14/09/2021T23:50:24Z,5,6,6,62.70,30.35,980.11 
14/09/2021T23:50:55Z,5,7,7,62.73,30.35,980.13 
14/09/2021T23:51:26Z,5,7,8,62.72,30.35,980.14 
14/09/2021T23:51:56Z,6,7,7,62.69,30.36,980.15 
14/09/2021T23:52:27Z,5,6,6,62.70,30.36,980.17 
14/09/2021T23:52:58Z,6,7,8,62.70,30.35,980.18 
14/09/2021T23:53:29Z,5,6,7,62.67,30.36,980.19 
14/09/2021T23:54:00Z,5,6,6,62.68,30.35,980.20 
14/09/2021T23:54:30Z,6,9,10,62.70,30.36,980.21 
14/09/2021T23:55:01Z,4,5,6,62.71,30.35,980.24 
14/09/2021T23:55:32Z,5,6,6,62.72,30.35,980.25 
14/09/2021T23:56:03Z,5,6,6,62.77,30.35,980.26 
14/09/2021T23:56:34Z,5,6,8,62.74,30.36,980.26 
14/09/2021T23:57:05Z,5,7,8,62.75,30.35,980.25 
14/09/2021T23:57:36Z,5,7,7,62.79,30.34,980.24 
14/09/2021T23:58:06Z,5,6,7,62.79,30.34,980.25 
14/09/2021T23:58:37Z,5,7,7,62.75,30.35,980.26 
14/09/2021T23:59:08Z,6,7,7,62.78,30.34,980.27 
14/09/2021T23:59:39Z,6,7,8,62.79,30.34,980.28 
