14/11/2021T03:07:43Z,147,257,279,52.04,20.88,992.49 
14/11/2021T03:08:14Z,161,278,310,51.07,21.04,992.86 
14/11/2021T03:08:45Z,156,280,315,49.98,21.26,993.23 
14/11/2021T03:09:14Z,156,268,300,50.11,21.48,993.19 
14/11/2021T03:09:45Z,157,274,307,48.40,21.57,993.64 
14/11/2021T03:10:15Z,162,285,319,47.51,21.64,993.92 
14/11/2021T03:10:45Z,162,284,312,47.61,21.67,993.92 
14/11/2021T03:11:16Z,159,277,320,47.42,21.80,993.92 
14/11/2021T03:11:47Z,160,283,320,46.31,21.84,994.19 
14/11/2021T03:12:17Z,161,282,322,45.92,21.73,994.36 
14/11/2021T03:12:47Z,162,279,325,46.62,21.83,994.10 
14/11/2021T03:13:17Z,163,283,322,46.15,21.83,994.25 
14/11/2021T03:13:48Z,161,286,325,46.30,21.93,994.20 
14/11/2021T03:14:18Z,162,285,312,45.88,22.04,994.30 
14/11/2021T03:14:49Z,161,283,320,45.86,22.16,994.29 
14/11/2021T03:15:20Z,161,280,320,45.43,22.24,994.36 
14/11/2021T03:15:50Z,157,367,585,45.23,22.29,994.41 
14/11/2021T03:16:20Z,149,474,894,44.75,22.13,994.56 
14/11/2021T03:16:50Z,153,489,918,45.41,22.15,994.39 
14/11/2021T03:17:20Z,151,449,809,45.28,22.18,994.41 
14/11/2021T03:17:51Z,156,432,739,44.90,22.18,994.52 
14/11/2021T03:18:21Z,163,403,645,45.37,22.20,994.39 
14/11/2021T03:18:52Z,164,370,531,45.33,22.18,994.39 
14/11/2021T03:19:23Z,164,354,496,45.51,22.12,994.36 
14/11/2021T03:19:54Z,163,365,525,45.21,22.20,994.39 
14/11/2021T03:20:24Z,162,333,446,45.69,22.23,994.31 
14/11/2021T03:20:54Z,161,325,433,45.53,22.28,994.32 
14/11/2021T03:21:25Z,160,327,424,45.24,22.33,994.38 
14/11/2021T03:21:55Z,162,318,406,45.26,22.37,994.36 
14/11/2021T03:22:26Z,162,310,389,45.16,22.40,994.39 
14/11/2021T03:22:56Z,165,308,372,44.89,22.39,994.46 
14/11/2021T03:23:26Z,163,298,344,44.80,22.38,994.50 
14/11/2021T03:23:56Z,166,304,355,45.18,22.39,994.36 
14/11/2021T03:24:26Z,163,292,339,45.08,22.41,994.37 
14/11/2021T03:24:57Z,165,296,339,44.95,22.41,994.44 
14/11/2021T03:25:27Z,163,291,333,45.22,22.47,994.31 
14/11/2021T03:25:57Z,166,293,334,44.97,22.49,994.36 
14/11/2021T03:26:28Z,165,292,326,44.46,22.47,994.53 
14/11/2021T03:26:58Z,167,293,334,44.36,22.42,994.56 
14/11/2021T03:27:29Z,168,298,338,44.68,22.39,994.54 
14/11/2021T03:28:00Z,167,294,329,44.68,22.42,994.50 
14/11/2021T03:28:30Z,167,294,330,44.55,22.42,994.53 
14/11/2021T03:29:01Z,165,287,327,44.66,22.43,994.51 
14/11/2021T03:29:31Z,166,300,344,44.51,22.42,994.55 
14/11/2021T03:30:01Z,170,298,335,45.13,22.44,994.37 
14/11/2021T03:30:32Z,167,300,336,44.94,22.48,994.38 
14/11/2021T03:31:02Z,168,289,324,44.67,22.47,994.46 
14/11/2021T03:31:32Z,169,299,336,44.80,22.44,994.43 
14/11/2021T03:32:02Z,172,295,328,44.81,22.47,994.39 
14/11/2021T03:32:33Z,168,296,336,45.02,22.53,994.31 
14/11/2021T03:33:03Z,169,297,333,44.96,22.56,994.31 
14/11/2021T03:33:34Z,169,295,333,44.96,22.57,994.30 
14/11/2021T03:34:04Z,172,300,334,45.02,22.62,994.27 
14/11/2021T03:34:35Z,168,297,327,44.88,22.65,994.29 
14/11/2021T03:35:05Z,165,285,319,44.57,22.66,994.36 
14/11/2021T03:35:36Z,169,294,332,44.53,22.69,994.37 
14/11/2021T03:36:07Z,167,301,334,44.45,22.67,994.40 
14/11/2021T03:36:37Z,173,310,352,44.08,22.55,994.52 
14/11/2021T03:37:07Z,170,304,338,44.95,22.56,994.29 
14/11/2021T03:37:37Z,171,297,334,44.92,22.62,994.24 
14/11/2021T03:38:08Z,171,304,348,44.48,22.67,994.30 
14/11/2021T03:38:38Z,174,306,343,44.32,22.61,994.39 
14/11/2021T03:39:08Z,173,314,355,44.50,22.62,994.34 
14/11/2021T03:39:39Z,173,306,344,44.49,22.64,994.33 
14/11/2021T03:40:10Z,175,304,345,44.28,22.67,994.36 
14/11/2021T03:40:40Z,182,317,356,44.32,22.58,994.37 
14/11/2021T03:41:10Z,193,349,383,44.68,22.40,994.33 
14/11/2021T03:41:41Z,209,383,421,45.00,22.29,994.25 
14/11/2021T03:42:11Z,190,341,379,45.49,22.36,994.06 
14/11/2021T03:42:41Z,189,336,377,44.89,22.42,994.17 
14/11/2021T03:43:12Z,190,338,373,45.05,22.47,994.16 
14/11/2021T03:43:42Z,182,327,359,44.75,22.53,994.20 
14/11/2021T03:44:13Z,185,331,371,43.98,22.41,994.50 
14/11/2021T03:44:44Z,184,325,364,44.72,22.40,994.32 
14/11/2021T03:45:14Z,180,318,355,44.62,22.44,994.32 
14/11/2021T03:45:44Z,181,321,363,44.53,22.37,994.39 
14/11/2021T03:46:14Z,187,327,371,44.88,22.44,994.24 
14/11/2021T03:46:44Z,180,324,362,44.96,22.53,994.19 
14/11/2021T03:47:15Z,178,319,358,44.38,22.56,994.32 
14/11/2021T03:47:46Z,184,331,370,44.23,22.46,994.42 
14/11/2021T03:48:16Z,184,325,368,44.89,22.50,994.24 
14/11/2021T03:48:47Z,179,315,355,44.97,22.57,994.17 
14/11/2021T03:49:17Z,178,319,363,45.00,22.68,994.13 
14/11/2021T03:49:47Z,178,316,355,44.66,22.76,994.18 
14/11/2021T03:50:18Z,183,320,363,44.73,22.79,994.17 
14/11/2021T03:50:48Z,181,327,369,44.97,22.85,994.09 
14/11/2021T03:51:19Z,181,323,365,44.98,22.89,994.08 
14/11/2021T03:51:49Z,181,323,363,45.07,22.93,994.04 
14/11/2021T03:52:20Z,181,321,359,44.19,22.87,994.30 
14/11/2021T03:52:50Z,177,319,356,45.07,22.96,994.09 
14/11/2021T03:53:21Z,178,321,364,44.65,23.00,994.16 
14/11/2021T03:53:51Z,183,325,372,44.67,23.01,994.16 
14/11/2021T03:54:22Z,180,319,359,44.76,23.07,994.13 
14/11/2021T03:54:52Z,174,314,349,44.68,23.10,994.17 
14/11/2021T03:55:23Z,180,319,365,44.62,23.11,994.17 
14/11/2021T03:55:53Z,184,325,361,44.65,23.07,994.17 
14/11/2021T03:56:23Z,182,327,370,45.08,23.14,994.05 
14/11/2021T03:56:53Z,182,329,365,44.94,23.19,994.06 
14/11/2021T03:57:24Z,183,326,364,45.20,23.23,994.00 
14/11/2021T03:57:54Z,179,317,359,45.17,23.28,993.98 
14/11/2021T03:58:24Z,180,322,356,44.93,23.28,994.04 
14/11/2021T03:58:54Z,178,325,361,44.84,23.31,994.07 
14/11/2021T03:59:25Z,178,316,360,45.00,23.35,994.03 
14/11/2021T03:59:55Z,177,318,359,45.29,23.36,993.95 
14/11/2021T04:00:26Z,177,318,365,45.40,23.39,993.92 
14/11/2021T04:00:56Z,178,322,358,44.83,23.40,994.07 
14/11/2021T04:01:27Z,175,317,360,45.51,23.44,993.91 
14/11/2021T04:01:57Z,179,317,355,45.53,23.46,993.88 
14/11/2021T04:02:27Z,181,319,366,46.09,23.47,993.71 
14/11/2021T04:02:57Z,181,329,368,45.72,23.48,993.78 
14/11/2021T04:03:27Z,181,330,368,45.31,23.49,993.92 
14/11/2021T04:03:57Z,179,323,361,45.14,23.50,993.97 
14/11/2021T04:04:27Z,183,335,373,44.91,23.49,994.03 
14/11/2021T04:04:58Z,181,326,360,44.87,23.49,994.07 
14/11/2021T04:05:28Z,182,328,369,44.59,23.48,994.15 
14/11/2021T04:05:58Z,182,323,362,44.90,23.46,994.10 
14/11/2021T04:06:29Z,181,327,368,45.19,23.49,994.00 
14/11/2021T04:06:59Z,179,325,360,44.72,23.53,994.11 
14/11/2021T04:07:29Z,184,332,372,43.32,23.44,994.47 
14/11/2021T04:08:00Z,181,327,373,44.31,23.30,994.40 
14/11/2021T04:08:30Z,181,325,362,45.07,23.37,994.09 
14/11/2021T04:09:01Z,181,325,366,44.48,23.39,994.23 
14/11/2021T04:09:31Z,180,323,361,44.22,23.33,994.35 
14/11/2021T04:10:01Z,182,329,365,44.31,23.25,994.35 
14/11/2021T04:10:31Z,182,328,371,44.84,23.32,994.18 
14/11/2021T04:11:02Z,179,321,363,44.50,23.35,994.27 
14/11/2021T04:11:33Z,182,332,368,44.80,23.38,994.20 
14/11/2021T04:12:03Z,183,327,367,44.48,23.40,994.26 
14/11/2021T04:12:34Z,181,329,367,44.07,23.41,994.39 
14/11/2021T04:13:04Z,180,315,353,44.04,23.42,994.43 
14/11/2021T04:13:34Z,183,324,359,44.18,23.45,994.38 
14/11/2021T04:14:04Z,181,325,366,44.25,23.47,994.37 
14/11/2021T04:14:35Z,179,321,365,44.74,23.51,994.24 
14/11/2021T04:15:06Z,178,327,369,43.88,23.40,994.42 
14/11/2021T04:15:36Z,179,325,359,44.77,23.40,994.26 
14/11/2021T04:16:07Z,177,317,355,44.79,23.45,994.20 
14/11/2021T04:16:37Z,176,312,354,44.73,23.49,994.20 
14/11/2021T04:17:07Z,178,322,362,43.70,23.46,994.40 
14/11/2021T04:17:38Z,181,326,367,44.38,23.39,994.37 
14/11/2021T04:18:08Z,180,321,364,44.82,23.44,994.19 
14/11/2021T04:18:38Z,178,323,369,44.50,23.49,994.23 
14/11/2021T04:19:09Z,179,331,378,44.48,23.52,994.25 
14/11/2021T04:19:39Z,183,331,374,44.65,23.55,994.21 
14/11/2021T04:20:09Z,180,326,368,44.26,23.56,994.30 
14/11/2021T04:20:39Z,178,329,371,44.16,23.58,994.33 
14/11/2021T04:21:09Z,180,323,364,44.15,23.60,994.35 
14/11/2021T04:21:39Z,176,329,370,44.28,23.64,994.30 
14/11/2021T04:22:10Z,181,328,376,44.31,23.66,994.29 
14/11/2021T04:22:40Z,180,327,379,44.27,23.67,994.27 
14/11/2021T04:23:11Z,183,329,370,43.84,23.64,994.39 
14/11/2021T04:23:41Z,184,333,369,44.13,23.67,994.32 
14/11/2021T04:24:11Z,185,338,371,43.53,23.66,994.43 
14/11/2021T04:24:41Z,186,338,391,43.26,23.54,994.55 
14/11/2021T04:25:11Z,188,344,383,43.53,23.47,994.53 
14/11/2021T04:25:42Z,182,338,379,44.30,23.57,994.27 
14/11/2021T04:26:12Z,188,337,381,44.43,23.64,994.22 
14/11/2021T04:26:42Z,184,334,377,44.71,23.68,994.14 
14/11/2021T04:27:12Z,183,331,375,44.88,23.70,994.08 
14/11/2021T04:27:42Z,184,342,380,44.71,23.70,994.10 
14/11/2021T04:28:12Z,184,334,377,44.19,23.68,994.24 
14/11/2021T04:28:43Z,187,330,371,44.68,23.66,994.19 
14/11/2021T04:29:13Z,184,334,377,44.64,23.69,994.15 
14/11/2021T04:29:43Z,184,338,385,44.58,23.69,994.15 
14/11/2021T04:30:14Z,185,340,376,44.92,23.69,994.07 
14/11/2021T04:30:44Z,186,338,384,44.73,23.71,994.09 
14/11/2021T04:31:14Z,276,492,544,44.83,23.73,994.05 
14/11/2021T04:31:44Z,307,630,721,44.71,23.72,994.08 
14/11/2021T04:32:14Z,339,1163,1438,44.58,23.72,994.12 
14/11/2021T04:32:45Z,334,1107,1367,44.19,23.70,994.23 
14/11/2021T04:33:15Z,305,1161,1537,44.24,23.70,994.25 
14/11/2021T04:33:46Z,307,829,1003,44.46,23.69,994.18 
14/11/2021T04:34:16Z,269,565,641,44.52,23.64,994.18 
14/11/2021T04:34:47Z,291,808,1002,45.07,23.66,994.00 
14/11/2021T04:35:18Z,283,761,952,45.28,23.70,993.88 
14/11/2021T04:35:48Z,278,671,825,45.38,23.73,993.82 
14/11/2021T04:36:18Z,271,656,802,45.51,23.74,993.77 
14/11/2021T04:36:49Z,275,750,937,45.49,23.76,993.75 
14/11/2021T04:37:19Z,266,1007,1417,45.36,23.77,993.79 
14/11/2021T04:37:49Z,269,824,1068,45.34,23.79,993.77 
14/11/2021T04:38:20Z,268,941,1269,45.49,23.80,993.73 
14/11/2021T04:38:51Z,272,826,1081,45.40,23.81,993.74 
14/11/2021T04:39:22Z,263,750,969,45.06,23.81,993.83 
14/11/2021T04:39:52Z,269,779,999,44.85,23.83,993.89 
14/11/2021T04:40:22Z,268,904,1223,44.87,23.85,993.88 
14/11/2021T04:40:52Z,250,712,922,44.12,23.79,994.07 
14/11/2021T04:41:23Z,261,761,977,44.64,23.77,994.01 
14/11/2021T04:41:54Z,261,851,1125,44.69,23.82,993.95 
14/11/2021T04:42:24Z,252,1062,1525,44.69,23.84,993.93 
14/11/2021T04:42:54Z,259,937,1295,44.69,23.86,993.93 
14/11/2021T04:43:25Z,263,943,1270,44.67,23.88,993.92 
14/11/2021T04:43:56Z,251,1125,1630,44.37,23.89,994.00 
14/11/2021T04:44:26Z,243,1017,1444,44.35,23.87,994.01 
14/11/2021T04:44:56Z,248,825,1139,44.81,23.77,993.93 
14/11/2021T04:45:26Z,262,916,1248,45.01,23.78,993.85 
14/11/2021T04:45:56Z,260,758,1027,45.24,23.77,993.78 
14/11/2021T04:46:27Z,267,924,1277,45.36,23.78,993.74 
14/11/2021T04:46:57Z,261,912,1243,45.39,23.80,993.70 
14/11/2021T04:47:27Z,265,976,1353,45.34,23.79,993.70 
14/11/2021T04:47:58Z,260,849,1142,45.20,23.75,993.76 
14/11/2021T04:48:28Z,260,1027,1451,45.25,23.77,993.71 
14/11/2021T04:48:59Z,249,773,1020,44.19,23.73,993.97 
14/11/2021T04:49:29Z,254,871,1175,44.82,23.71,993.90 
14/11/2021T04:50:00Z,261,1106,1576,45.25,23.77,993.74 
14/11/2021T04:50:30Z,242,1274,161,45.47,23.80,993.65 
14/11/2021T04:51:01Z,256,1102,1582,45.57,23.83,993.61 
14/11/2021T04:51:31Z,270,977,1350,45.70,23.82,993.58 
14/11/2021T04:52:01Z,267,960,1311,45.44,23.80,993.62 
14/11/2021T04:52:32Z,270,902,1196,45.39,23.82,993.63 
14/11/2021T04:53:02Z,270,911,1216,45.17,23.81,993.67 
14/11/2021T04:53:33Z,264,1106,1528,45.45,23.80,993.64 
14/11/2021T04:54:03Z,266,910,1197,45.34,23.82,993.64 
14/11/2021T04:54:34Z,262,1032,1432,45.03,23.78,993.71 
14/11/2021T04:55:04Z,241,667,858,41.73,23.66,994.53 
14/11/2021T04:55:35Z,264,1016,1410,43.84,23.65,994.24 
14/11/2021T04:56:05Z,253,1133,1622,43.75,23.69,994.10 
14/11/2021T04:56:36Z,257,1196,1714,43.95,23.72,994.09 
14/11/2021T04:57:06Z,264,1136,1588,44.17,23.77,993.99 
14/11/2021T04:57:37Z,272,976,1324,44.16,23.80,993.97 
14/11/2021T04:58:07Z,266,1063,1460,44.53,23.76,993.92 
14/11/2021T04:58:38Z,262,1229,25,44.69,23.80,993.84 
14/11/2021T04:59:08Z,263,1313,148,44.74,23.85,993.81 
14/11/2021T04:59:39Z,258,1312,169,44.94,23.88,993.75 
14/11/2021T05:00:09Z,264,1130,1588,44.65,23.86,993.83 
14/11/2021T05:00:39Z,249,1353,312,44.87,23.85,993.79 
14/11/2021T05:01:10Z,267,748,933,43.87,23.78,994.06 
14/11/2021T05:01:41Z,255,882,1181,44.46,23.73,993.98 
14/11/2021T05:02:11Z,283,943,1244,44.34,23.70,993.98 
14/11/2021T05:02:41Z,287,1025,1337,44.90,23.78,993.84 
14/11/2021T05:03:11Z,277,1199,1642,45.08,23.85,993.76 
14/11/2021T05:03:42Z,227,1534,667,45.20,23.89,993.71 
14/11/2021T05:04:12Z,244,1392,326,45.51,23.93,993.63 
14/11/2021T05:04:43Z,269,1218,1692,45.46,23.94,993.62 
14/11/2021T05:05:13Z,252,1356,224,45.43,23.95,993.63 
14/11/2021T05:05:43Z,239,1431,393,45.55,23.95,993.59 
14/11/2021T05:06:14Z,257,1290,158,45.70,23.95,993.55 
14/11/2021T05:06:45Z,282,1099,1458,45.65,23.97,993.56 
14/11/2021T05:07:15Z,268,1141,1540,45.60,23.98,993.56 
14/11/2021T05:07:45Z,245,1155,1717,45.88,23.88,993.53 
14/11/2021T05:08:16Z,249,1222,18,45.63,23.88,993.57 
14/11/2021T05:08:46Z,259,1084,1495,44.92,23.89,993.70 
14/11/2021T05:09:16Z,244,795,1043,44.37,23.84,993.93 
14/11/2021T05:09:47Z,266,1079,1465,45.33,23.89,993.74 
14/11/2021T05:10:17Z,276,1029,1388,45.35,23.96,993.66 
14/11/2021T05:10:48Z,273,1183,1606,45.77,24.04,993.52 
14/11/2021T05:11:19Z,276,1180,1609,45.85,24.10,993.47 
14/11/2021T05:11:49Z,278,1147,1597,45.96,24.12,993.41 
14/11/2021T05:12:20Z,284,1071,1427,46.30,24.14,993.32 
14/11/2021T05:12:50Z,280,1104,1473,46.67,24.18,993.19 
14/11/2021T05:13:20Z,287,958,1216,46.63,24.22,993.17 
14/11/2021T05:13:51Z,285,901,1173,46.62,24.27,993.16 
14/11/2021T05:14:21Z,284,910,1181,46.62,24.31,993.16 
14/11/2021T05:14:52Z,279,801,1020,46.41,24.31,993.20 
14/11/2021T05:15:22Z,288,866,1119,46.66,24.36,993.15 
14/11/2021T05:15:53Z,279,769,960,46.33,24.40,993.22 
14/11/2021T05:16:24Z,284,767,959,46.52,24.45,993.16 
14/11/2021T05:16:54Z,273,745,919,46.48,24.47,993.18 
14/11/2021T05:17:24Z,256,628,756,46.34,24.45,993.21 
14/11/2021T05:17:54Z,253,604,735,46.64,24.44,993.15 
14/11/2021T05:18:24Z,243,547,657,46.43,24.38,993.23 
14/11/2021T05:18:55Z,254,601,735,46.51,24.39,993.18 
14/11/2021T05:19:25Z,251,581,705,46.60,24.42,993.16 
14/11/2021T05:19:56Z,236,519,624,45.72,24.44,993.36 
14/11/2021T05:20:26Z,220,460,540,45.45,24.46,993.47 
14/11/2021T05:20:57Z,223,464,552,45.39,24.51,993.48 
14/11/2021T05:21:28Z,227,485,573,45.53,24.56,993.44 
14/11/2021T05:21:58Z,241,525,617,45.66,24.62,993.38 
14/11/2021T05:22:29Z,242,542,638,45.94,24.65,993.29 
14/11/2021T05:22:59Z,247,564,668,46.11,24.66,993.24 
14/11/2021T05:23:30Z,237,520,613,45.96,24.66,993.26 
14/11/2021T05:24:00Z,228,475,553,46.21,24.67,993.19 
14/11/2021T05:24:31Z,225,469,545,46.33,24.68,993.16 
14/11/2021T05:25:02Z,217,439,516,46.29,24.68,993.16 
14/11/2021T05:25:33Z,214,435,517,46.55,24.68,993.10 
14/11/2021T05:26:03Z,212,427,500,46.64,24.67,993.08 
14/11/2021T05:26:34Z,214,433,504,46.74,24.68,993.03 
14/11/2021T05:27:04Z,212,425,485,46.47,24.70,993.09 
14/11/2021T05:27:35Z,211,404,466,46.52,24.73,993.09 
14/11/2021T05:28:06Z,207,403,471,46.60,24.75,993.06 
14/11/2021T05:28:36Z,203,389,451,46.79,24.76,993.00 
14/11/2021T05:29:06Z,203,390,446,47.11,24.80,992.91 
14/11/2021T05:29:37Z,209,400,461,47.48,24.82,992.79 
14/11/2021T05:30:08Z,206,398,458,47.59,24.84,992.74 
14/11/2021T05:30:38Z,204,403,472,47.51,24.84,992.77 
14/11/2021T05:31:09Z,199,389,450,47.47,24.85,992.78 
14/11/2021T05:31:39Z,198,377,440,47.55,24.85,992.75 
14/11/2021T05:32:10Z,201,391,458,47.64,24.86,992.72 
14/11/2021T05:32:40Z,198,381,444,47.62,24.86,992.73 
14/11/2021T05:33:11Z,198,384,456,47.61,24.86,992.72 
14/11/2021T05:33:41Z,199,382,461,47.81,24.87,992.65 
14/11/2021T05:34:12Z,192,366,430,47.91,24.85,992.62 
14/11/2021T05:34:42Z,189,358,419,48.37,24.81,992.50 
14/11/2021T05:35:13Z,189,345,400,48.57,24.87,992.41 
14/11/2021T05:35:43Z,188,357,411,48.28,24.93,992.48 
14/11/2021T05:36:14Z,192,360,422,48.02,24.97,992.55 
14/11/2021T05:36:45Z,190,356,418,47.61,24.99,992.68 
14/11/2021T05:37:16Z,188,358,424,47.65,25.02,992.67 
14/11/2021T05:37:46Z,186,352,407,47.10,25.05,992.78 
14/11/2021T05:38:17Z,186,354,406,47.30,25.07,992.76 
14/11/2021T05:38:47Z,190,354,397,47.36,25.06,992.78 
14/11/2021T05:39:18Z,186,353,408,47.47,25.09,992.73 
14/11/2021T05:39:48Z,184,343,398,47.16,25.11,992.79 
14/11/2021T05:40:19Z,184,339,389,47.12,25.13,992.82 
14/11/2021T05:40:50Z,182,335,378,47.57,25.14,992.70 
14/11/2021T05:41:20Z,188,337,380,47.50,25.15,992.66 
14/11/2021T05:41:51Z,188,346,401,47.66,25.15,992.64 
14/11/2021T05:42:21Z,184,340,384,47.45,25.10,992.70 
14/11/2021T05:42:52Z,184,337,386,47.73,25.12,992.61 
14/11/2021T05:43:22Z,184,334,383,47.87,25.11,992.54 
14/11/2021T05:43:52Z,181,336,380,48.03,25.10,992.52 
14/11/2021T05:44:23Z,182,334,386,48.17,25.11,992.46 
14/11/2021T05:44:53Z,186,339,396,48.50,25.12,992.36 
14/11/2021T05:45:23Z,184,339,385,48.32,25.11,992.37 
14/11/2021T05:45:53Z,182,326,370,47.96,25.11,992.50 
14/11/2021T05:46:23Z,181,327,378,48.10,25.13,992.45 
14/11/2021T05:46:53Z,178,318,369,48.16,25.15,992.42 
14/11/2021T05:47:23Z,177,327,365,47.53,25.15,992.59 
14/11/2021T05:47:54Z,180,328,367,47.11,25.15,992.73 
14/11/2021T05:48:24Z,176,312,359,47.20,25.17,992.74 
14/11/2021T05:48:55Z,175,317,353,47.40,25.19,992.70 
14/11/2021T05:49:25Z,178,321,360,47.65,25.23,992.57 
14/11/2021T05:49:56Z,179,324,365,47.68,25.24,992.56 
14/11/2021T05:50:26Z,179,332,374,47.80,25.25,992.52 
14/11/2021T05:50:57Z,180,324,364,47.49,25.23,992.61 
14/11/2021T05:51:27Z,181,328,365,47.43,25.22,992.65 
14/11/2021T05:51:58Z,180,322,359,47.85,25.20,992.57 
14/11/2021T05:52:28Z,175,321,366,48.30,25.19,992.42 
14/11/2021T05:52:58Z,176,319,356,48.24,25.18,992.41 
14/11/2021T05:53:29Z,174,323,366,48.37,25.18,992.36 
14/11/2021T05:53:59Z,182,318,365,48.52,25.18,992.30 
14/11/2021T05:54:30Z,181,331,376,48.64,25.16,992.27 
14/11/2021T05:55:00Z,180,322,366,48.54,25.15,992.29 
14/11/2021T05:55:30Z,177,323,363,48.34,25.13,992.34 
14/11/2021T05:56:01Z,179,319,362,48.17,25.12,992.39 
14/11/2021T05:56:31Z,177,321,364,48.13,25.10,992.41 
14/11/2021T05:57:01Z,178,317,360,48.06,25.08,992.42 
14/11/2021T05:57:31Z,179,323,369,48.04,25.07,992.41 
14/11/2021T05:58:02Z,179,325,367,48.10,25.05,992.41 
14/11/2021T05:58:32Z,179,320,370,48.38,25.04,992.32 
14/11/2021T05:59:02Z,182,324,370,48.13,25.01,992.38 
14/11/2021T05:59:33Z,191,346,400,48.08,24.97,992.40 
14/11/2021T06:00:03Z,188,345,390,48.08,24.94,992.39 
14/11/2021T06:00:33Z,186,343,380,47.97,24.90,992.44 
14/11/2021T06:01:03Z,187,334,375,47.95,24.85,992.48 
14/11/2021T06:01:33Z,189,334,376,47.86,24.82,992.49 
14/11/2021T06:02:03Z,190,334,376,48.53,24.79,992.33 
14/11/2021T06:02:33Z,191,341,383,48.57,24.84,992.25 
14/11/2021T06:03:04Z,197,364,415,48.56,24.87,992.25 
14/11/2021T06:03:35Z,212,397,463,48.52,24.87,992.25 
14/11/2021T06:04:05Z,207,379,441,48.49,24.86,992.27 
14/11/2021T06:04:36Z,204,378,436,48.56,24.84,992.26 
14/11/2021T06:05:06Z,197,359,412,48.59,24.82,992.23 
14/11/2021T06:05:37Z,197,363,425,48.69,24.82,992.19 
14/11/2021T06:06:08Z,196,356,401,48.81,24.81,992.13 
14/11/2021T06:06:39Z,195,352,395,48.86,24.80,992.09 
14/11/2021T06:07:09Z,194,348,399,48.72,24.78,992.13 
14/11/2021T06:07:39Z,186,326,372,48.76,24.76,992.10 
14/11/2021T06:08:09Z,188,331,376,48.65,24.77,992.12 
14/11/2021T06:08:40Z,183,324,367,48.57,24.79,992.13 
14/11/2021T06:09:10Z,184,338,375,48.72,24.83,992.05 
14/11/2021T06:09:40Z,183,325,363,48.23,24.85,992.16 
14/11/2021T06:10:10Z,181,321,359,48.20,24.88,992.16 
14/11/2021T06:10:41Z,180,311,354,48.11,24.88,992.18 
14/11/2021T06:11:11Z,175,306,337,47.32,24.90,992.41 
14/11/2021T06:11:41Z,180,316,355,47.68,24.93,992.31 
14/11/2021T06:12:12Z,179,315,355,47.49,24.93,992.34 
14/11/2021T06:12:42Z,177,309,344,47.17,24.93,992.46 
14/11/2021T06:13:12Z,177,308,351,47.43,24.93,992.36 
14/11/2021T06:13:43Z,182,322,368,47.65,24.94,992.27 
14/11/2021T06:14:13Z,180,317,359,47.41,24.94,992.32 
14/11/2021T06:14:44Z,178,312,348,47.10,24.92,992.43 
14/11/2021T06:15:15Z,177,312,357,46.86,24.93,992.51 
14/11/2021T06:15:45Z,190,336,376,45.24,24.85,992.89 
14/11/2021T06:16:16Z,187,330,368,46.48,24.82,992.65 
14/11/2021T06:16:46Z,184,326,372,46.36,24.83,992.63 
14/11/2021T06:17:16Z,184,331,377,46.70,24.86,992.53 
14/11/2021T06:17:46Z,185,328,372,46.93,24.86,992.45 
14/11/2021T06:18:17Z,184,325,367,46.88,24.84,992.44 
14/11/2021T06:18:47Z,181,322,358,46.85,24.82,992.44 
14/11/2021T06:19:17Z,193,348,398,46.67,24.78,992.50 
14/11/2021T06:19:47Z,194,347,396,46.82,24.80,992.43 
14/11/2021T06:20:18Z,192,337,381,46.85,24.81,992.41 
14/11/2021T06:20:48Z,187,333,379,46.93,24.81,992.37 
14/11/2021T06:21:19Z,183,323,367,46.86,24.79,992.38 
14/11/2021T06:21:49Z,180,317,356,47.12,24.76,992.34 
14/11/2021T06:22:19Z,179,318,367,47.18,24.73,992.27 
14/11/2021T06:22:49Z,175,304,334,47.26,24.70,992.25 
14/11/2021T06:23:19Z,178,319,362,47.18,24.62,992.24 
14/11/2021T06:23:50Z,198,370,417,46.90,24.57,992.32 
14/11/2021T06:24:20Z,180,320,359,47.81,24.60,992.07 
14/11/2021T06:24:50Z,191,352,396,47.18,24.63,992.19 
14/11/2021T06:25:20Z,192,348,394,47.11,24.66,992.23 
14/11/2021T06:25:50Z,187,341,393,47.50,24.67,992.11 
14/11/2021T06:26:21Z,183,341,387,47.67,24.67,992.03 
14/11/2021T06:26:51Z,182,332,376,47.63,24.65,992.02 
14/11/2021T06:27:21Z,177,323,366,47.38,24.64,992.10 
14/11/2021T06:27:52Z,175,312,352,46.98,24.61,992.20 
14/11/2021T06:28:22Z,172,302,345,47.28,24.57,992.18 
14/11/2021T06:28:52Z,172,310,346,47.32,24.54,992.14 
14/11/2021T06:29:23Z,169,296,334,47.08,24.54,992.20 
14/11/2021T06:29:53Z,170,299,339,47.41,24.54,992.12 
14/11/2021T06:30:23Z,172,298,331,47.44,24.53,992.06 
14/11/2021T06:30:54Z,173,300,337,47.60,24.52,992.02 
14/11/2021T06:31:24Z,170,297,330,47.28,24.53,992.09 
14/11/2021T06:31:54Z,171,292,335,47.37,24.54,992.08 
14/11/2021T06:32:24Z,169,290,324,47.10,24.53,992.12 
14/11/2021T06:32:55Z,172,293,326,47.60,24.55,992.00 
14/11/2021T06:33:26Z,170,288,326,47.69,24.55,991.94 
14/11/2021T06:33:56Z,167,293,328,47.61,24.56,991.95 
14/11/2021T06:34:27Z,155,263,285,40.57,24.54,993.47 
14/11/2021T06:34:57Z,154,265,305,41.95,24.65,993.49 
14/11/2021T06:35:28Z,165,281,314,46.15,24.76,992.40 
14/11/2021T06:35:58Z,169,290,321,46.68,24.81,992.10 
14/11/2021T06:36:28Z,167,291,319,46.38,24.82,992.15 
14/11/2021T06:36:59Z,164,282,315,46.42,24.80,992.15 
14/11/2021T06:37:29Z,161,278,316,46.46,24.79,992.13 
14/11/2021T06:37:59Z,163,279,313,46.65,24.72,992.11 
14/11/2021T06:38:29Z,164,283,310,46.83,24.70,992.04 
14/11/2021T06:39:00Z,164,280,308,46.96,24.69,991.98 
14/11/2021T06:39:30Z,163,278,313,46.87,24.67,992.02 
14/11/2021T06:40:00Z,170,295,328,46.71,24.64,992.08 
14/11/2021T06:40:30Z,180,329,366,46.76,24.61,992.05 
14/11/2021T06:41:01Z,189,356,407,46.74,24.60,992.06 
14/11/2021T06:41:32Z,185,354,406,46.57,24.63,992.06 
14/11/2021T06:42:02Z,193,371,433,46.53,24.65,992.07 
14/11/2021T06:42:32Z,188,349,394,46.72,24.66,992.00 
14/11/2021T06:43:03Z,194,361,406,46.65,24.61,992.03 
14/11/2021T06:43:33Z,190,358,410,46.86,24.66,991.91 
14/11/2021T06:44:04Z,194,367,418,46.73,24.68,991.95 
14/11/2021T06:44:34Z,195,365,422,46.65,24.68,991.96 
14/11/2021T06:45:05Z,190,357,404,46.63,24.68,991.95 
14/11/2021T06:45:36Z,189,353,404,46.52,24.67,992.00 
14/11/2021T06:46:06Z,189,346,386,46.50,24.67,992.01 
14/11/2021T06:46:36Z,183,340,392,46.73,24.66,991.92 
14/11/2021T06:47:07Z,182,335,381,47.07,24.64,991.82 
14/11/2021T06:47:37Z,179,331,374,47.30,24.66,991.73 
14/11/2021T06:48:08Z,179,326,373,47.18,24.69,991.73 
14/11/2021T06:48:38Z,178,330,377,47.10,24.71,991.75 
14/11/2021T06:49:08Z,176,321,362,47.04,24.72,991.73 
14/11/2021T06:49:38Z,178,314,351,46.97,24.74,991.75 
14/11/2021T06:50:08Z,174,314,351,46.98,24.76,991.74 
14/11/2021T06:50:39Z,175,314,349,47.17,24.78,991.68 
14/11/2021T06:51:09Z,172,310,353,46.84,24.77,991.75 
14/11/2021T06:51:39Z,172,307,347,46.64,24.79,991.82 
14/11/2021T06:52:09Z,175,311,355,46.52,24.82,991.83 
14/11/2021T06:52:39Z,169,309,356,46.31,24.79,991.90 
14/11/2021T06:53:09Z,168,307,351,46.07,24.80,991.97 
14/11/2021T06:53:40Z,173,310,353,45.52,24.83,992.12 
14/11/2021T06:54:11Z,175,328,379,45.49,24.85,992.13 
14/11/2021T06:54:41Z,176,321,375,45.17,24.85,992.18 
14/11/2021T06:55:11Z,171,309,355,43.81,24.76,992.59 
14/11/2021T06:55:42Z,174,315,352,45.34,24.75,992.24 
14/11/2021T06:56:12Z,167,296,331,43.06,24.72,992.64 
14/11/2021T06:56:42Z,160,285,319,42.34,24.65,993.05 
14/11/2021T06:57:13Z,162,287,320,44.33,24.66,992.53 
14/11/2021T06:57:43Z,163,291,328,44.52,24.64,992.42 
14/11/2021T06:58:14Z,165,293,324,45.21,24.67,992.23 
14/11/2021T06:58:44Z,161,285,320,45.24,24.66,992.21 
14/11/2021T06:59:15Z,160,278,308,44.88,24.63,992.26 
14/11/2021T06:59:45Z,160,280,312,45.61,24.66,992.10 
14/11/2021T07:00:15Z,157,274,311,45.24,24.69,992.16 
14/11/2021T07:00:46Z,148,250,276,42.55,24.62,992.75 
14/11/2021T07:01:16Z,148,260,290,43.66,24.62,992.64 
14/11/2021T07:01:47Z,145,253,280,43.55,24.64,992.60 
14/11/2021T07:02:18Z,143,247,280,44.27,24.66,992.47 
14/11/2021T07:02:48Z,137,235,263,43.67,24.66,992.54 
14/11/2021T07:03:19Z,132,225,248,43.18,24.58,992.73 
14/11/2021T07:03:49Z,136,234,259,43.61,24.59,992.57 
14/11/2021T07:04:20Z,131,222,246,43.40,24.58,992.68 
14/11/2021T07:04:51Z,128,213,235,42.69,24.57,992.81 
14/11/2021T07:05:21Z,134,229,252,43.33,24.60,992.63 
14/11/2021T07:05:51Z,136,234,260,43.71,24.64,992.55 
14/11/2021T07:06:21Z,129,221,249,42.40,24.65,992.80 
14/11/2021T07:06:52Z,120,199,220,41.15,24.60,993.12 
14/11/2021T07:07:22Z,123,209,229,42.05,24.61,992.95 
14/11/2021T07:07:53Z,125,208,231,42.37,24.62,992.83 
14/11/2021T07:08:23Z,125,210,229,42.87,24.60,992.72 
14/11/2021T07:08:53Z,124,207,224,43.01,24.57,992.64 
14/11/2021T07:09:24Z,128,212,234,43.85,24.61,992.39 
14/11/2021T07:09:54Z,127,216,243,44.02,24.63,992.31 
14/11/2021T07:10:24Z,126,217,242,43.99,24.65,992.29 
14/11/2021T07:10:55Z,123,209,231,44.26,24.67,992.22 
14/11/2021T07:11:25Z,125,213,238,44.50,24.68,992.12 
14/11/2021T07:11:56Z,126,210,232,44.25,24.68,992.18 
14/11/2021T07:12:26Z,123,209,230,42.92,24.69,992.48 
14/11/2021T07:12:57Z,122,199,221,42.28,24.77,992.64 
14/11/2021T07:13:27Z,126,214,232,43.20,24.82,992.46 
14/11/2021T07:13:58Z,135,225,247,42.27,24.76,992.66 
14/11/2021T07:14:28Z,136,224,250,44.20,24.75,992.25 
14/11/2021T07:14:58Z,131,221,247,45.19,24.79,991.90 
14/11/2021T07:15:29Z,130,213,237,44.73,24.82,991.93 
14/11/2021T07:16:00Z,129,213,232,44.83,24.85,991.92 
14/11/2021T07:16:30Z,127,207,230,44.53,24.88,991.99 
14/11/2021T07:17:01Z,125,206,226,45.06,24.94,991.86 
14/11/2021T07:17:32Z,125,207,233,44.88,25.01,991.83 
14/11/2021T07:18:02Z,121,203,226,44.70,25.11,991.88 
14/11/2021T07:18:33Z,122,200,222,45.30,25.21,991.71 
14/11/2021T07:19:03Z,122,210,226,44.74,25.23,991.78 
14/11/2021T07:19:33Z,139,236,264,44.12,25.25,991.95 
14/11/2021T07:20:04Z,131,220,244,44.27,25.27,991.92 
14/11/2021T07:20:34Z,120,205,231,43.13,25.26,992.18 
14/11/2021T07:21:04Z,119,202,229,44.12,25.29,992.00 
14/11/2021T07:21:35Z,121,205,228,44.97,25.35,991.73 
14/11/2021T07:22:05Z,123,212,237,44.75,25.38,991.72 
14/11/2021T07:22:35Z,122,202,222,44.60,25.36,991.81 
14/11/2021T07:23:05Z,123,204,221,44.77,25.34,991.78 
14/11/2021T07:23:35Z,118,203,228,44.17,25.32,991.90 
14/11/2021T07:24:06Z,120,205,231,43.38,25.30,992.11 
14/11/2021T07:24:36Z,115,197,223,44.18,25.39,991.99 
14/11/2021T07:25:07Z,115,186,207,42.40,25.41,992.25 
14/11/2021T07:25:37Z,109,179,200,41.86,25.41,992.58 
14/11/2021T07:26:07Z,110,179,199,42.33,25.47,992.43 
14/11/2021T07:26:37Z,105,171,188,39.74,25.50,992.88 
14/11/2021T07:27:07Z,108,176,195,40.72,25.51,992.78 
14/11/2021T07:27:38Z,104,172,186,41.00,25.58,992.70 
14/11/2021T07:28:08Z,107,180,199,41.50,25.70,992.51 
14/11/2021T07:28:38Z,106,169,187,39.08,25.74,992.95 
14/11/2021T07:29:09Z,100,162,182,37.19,25.75,993.40 
14/11/2021T07:29:40Z,101,168,188,37.53,25.68,993.31 
14/11/2021T07:30:10Z,106,175,190,39.55,25.56,992.93 
14/11/2021T07:30:41Z,106,173,191,41.23,25.54,992.49 
14/11/2021T07:31:11Z,104,170,187,41.65,25.54,992.32 
14/11/2021T07:31:41Z,106,171,189,41.78,25.53,992.27 
14/11/2021T07:32:12Z,104,170,187,42.34,25.53,992.11 
14/11/2021T07:32:42Z,103,172,194,41.89,25.53,992.18 
14/11/2021T07:33:12Z,100,167,190,40.82,25.53,992.40 
14/11/2021T07:33:43Z,103,167,189,40.51,25.43,992.53 
14/11/2021T07:34:13Z,105,167,185,41.11,25.47,992.45 
14/11/2021T07:34:44Z,106,174,192,41.05,25.49,992.37 
14/11/2021T07:35:15Z,106,174,191,41.89,25.46,992.22 
14/11/2021T07:35:46Z,103,168,186,42.69,25.48,992.01 
14/11/2021T07:36:16Z,105,170,187,42.69,25.48,991.94 
14/11/2021T07:36:47Z,106,172,191,42.35,25.46,992.00 
14/11/2021T07:37:17Z,105,172,193,42.70,25.45,991.95 
14/11/2021T07:37:48Z,103,170,190,42.86,25.43,991.88 
14/11/2021T07:38:18Z,104,170,186,43.07,25.41,991.79 
14/11/2021T07:38:49Z,106,178,195,43.27,25.38,991.77 
14/11/2021T07:39:20Z,105,175,190,43.45,25.39,991.66 
14/11/2021T07:39:50Z,103,171,192,43.67,25.39,991.62 
14/11/2021T07:40:21Z,105,171,191,43.62,25.38,991.59 
14/11/2021T07:40:51Z,106,175,198,43.40,25.34,991.68 
14/11/2021T07:41:21Z,107,174,192,43.60,25.35,991.62 
14/11/2021T07:41:52Z,155,237,258,43.96,25.37,991.52 
14/11/2021T07:42:22Z,180,266,296,44.16,25.39,991.46 
14/11/2021T07:42:53Z,133,212,232,43.92,25.42,991.47 
14/11/2021T07:43:24Z,123,201,224,43.31,25.41,991.66 
14/11/2021T07:43:54Z,132,213,235,44.38,25.40,991.44 
14/11/2021T07:44:24Z,132,216,236,44.38,25.42,991.37 
14/11/2021T07:44:55Z,126,204,229,44.49,25.44,991.35 
14/11/2021T07:45:26Z,134,222,244,44.93,25.44,991.22 
14/11/2021T07:45:56Z,138,227,247,44.75,25.45,991.23 
14/11/2021T07:46:27Z,123,205,226,44.97,25.46,991.17 
14/11/2021T07:46:57Z,121,200,222,44.76,25.44,991.21 
14/11/2021T07:47:28Z,123,206,236,44.83,25.43,991.20 
14/11/2021T07:47:58Z,125,207,237,44.88,25.43,991.18 
14/11/2021T07:48:29Z,123,206,229,44.78,25.41,991.20 
14/11/2021T07:49:00Z,120,207,230,44.88,25.39,991.17 
14/11/2021T07:49:30Z,118,200,221,44.57,25.39,991.25 
14/11/2021T07:50:01Z,115,192,216,43.54,25.40,991.46 
14/11/2021T07:50:31Z,117,198,221,44.46,25.45,991.28 
14/11/2021T07:51:02Z,119,205,228,44.33,25.46,991.25 
14/11/2021T07:51:32Z,119,200,225,43.82,25.43,991.37 
14/11/2021T07:52:03Z,116,192,213,43.43,25.40,991.49 
14/11/2021T07:52:33Z,112,184,209,43.03,25.36,991.57 
14/11/2021T07:53:04Z,118,194,219,43.55,25.33,991.48 
14/11/2021T07:53:35Z,121,207,231,44.16,25.32,991.31 
14/11/2021T07:54:05Z,121,203,227,44.32,25.32,991.26 
14/11/2021T07:54:36Z,117,197,221,44.73,25.35,991.12 
14/11/2021T07:55:06Z,141,258,299,44.18,25.31,991.21 
14/11/2021T07:55:36Z,171,343,412,43.62,25.26,991.35 
14/11/2021T07:56:07Z,182,373,444,42.76,25.25,991.58 
14/11/2021T07:56:37Z,168,325,388,43.38,25.27,991.44 
14/11/2021T07:57:07Z,156,300,347,43.35,25.28,991.42 
14/11/2021T07:57:37Z,148,273,327,43.48,25.28,991.41 
14/11/2021T07:58:08Z,144,259,299,43.75,25.26,991.33 
14/11/2021T07:58:38Z,139,254,291,44.12,25.22,991.22 
14/11/2021T07:59:08Z,135,236,273,44.34,25.15,991.16 
14/11/2021T07:59:39Z,130,234,261,44.29,25.10,991.16 
14/11/2021T08:00:09Z,130,228,263,44.43,25.07,991.17 
14/11/2021T08:00:40Z,124,217,249,44.51,25.06,991.11 
14/11/2021T08:01:10Z,120,206,231,44.01,25.05,991.27 
14/11/2021T08:01:40Z,120,208,235,44.53,25.04,991.12 
14/11/2021T08:02:11Z,120,211,239,44.55,25.04,991.10 
14/11/2021T08:02:41Z,119,204,231,44.59,25.02,991.06 
14/11/2021T08:03:11Z,121,208,234,44.93,25.01,990.97 
14/11/2021T08:03:42Z,121,205,228,44.78,25.00,990.97 
14/11/2021T08:04:13Z,119,201,227,44.46,25.01,991.05 
14/11/2021T08:04:43Z,117,207,235,44.57,25.00,991.04 
14/11/2021T08:05:13Z,114,195,225,44.41,24.97,991.11 
14/11/2021T08:05:44Z,122,208,241,44.08,24.96,991.21 
14/11/2021T08:06:14Z,158,285,329,44.15,24.87,991.24 
14/11/2021T08:06:44Z,138,237,273,44.36,24.85,991.12 
14/11/2021T08:07:15Z,137,240,277,44.17,24.87,991.20 
14/11/2021T08:07:45Z,130,225,251,44.52,24.95,991.08 
14/11/2021T08:08:16Z,129,220,253,44.34,24.93,991.10 
14/11/2021T08:08:47Z,128,217,250,44.69,24.92,990.97 
14/11/2021T08:09:17Z,126,218,245,44.54,24.96,990.97 
14/11/2021T08:09:48Z,122,211,235,43.91,24.97,991.12 
14/11/2021T08:10:18Z,125,216,242,44.15,24.98,991.11 
14/11/2021T08:10:49Z,125,217,250,44.49,25.00,990.99 
14/11/2021T08:11:19Z,125,215,252,44.45,25.00,990.97 
14/11/2021T08:11:50Z,144,237,263,40.48,24.91,991.78 
14/11/2021T08:12:20Z,133,222,251,40.00,24.91,992.11 
14/11/2021T08:12:51Z,134,223,249,39.33,24.89,992.24 
14/11/2021T08:13:22Z,130,217,245,41.73,24.90,991.83 
14/11/2021T08:13:52Z,126,217,249,43.26,24.93,991.36 
14/11/2021T08:14:23Z,128,220,248,42.87,24.86,991.46 
14/11/2021T08:14:53Z,128,217,254,43.05,24.86,991.36 
14/11/2021T08:15:24Z,131,218,240,42.48,24.81,991.50 
14/11/2021T08:15:54Z,129,214,236,42.86,24.82,991.42 
14/11/2021T08:16:24Z,129,211,235,43.27,24.86,991.32 
14/11/2021T08:16:54Z,126,207,230,43.02,24.89,991.34 
14/11/2021T08:17:24Z,122,211,242,43.11,24.89,991.35 
14/11/2021T08:17:55Z,124,204,234,43.30,24.90,991.27 
14/11/2021T08:18:25Z,120,205,234,43.01,24.88,991.34 
14/11/2021T08:18:56Z,119,199,233,42.69,24.84,991.45 
14/11/2021T08:19:26Z,121,208,234,43.03,24.82,991.38 
14/11/2021T08:19:56Z,125,204,228,43.00,24.82,991.39 
14/11/2021T08:20:26Z,124,207,233,43.40,24.83,991.28 
14/11/2021T08:20:57Z,123,203,224,43.14,24.85,991.30 
14/11/2021T08:21:28Z,123,211,235,42.33,24.88,991.49 
14/11/2021T08:21:58Z,123,202,232,42.77,24.93,991.38 
14/11/2021T08:22:29Z,125,203,227,42.62,24.97,991.37 
14/11/2021T08:23:00Z,126,203,228,42.21,24.96,991.51 
14/11/2021T08:23:30Z,124,201,224,42.98,24.95,991.34 
14/11/2021T08:24:01Z,123,203,227,43.49,24.94,991.18 
14/11/2021T08:24:31Z,124,207,230,43.28,24.93,991.21 
14/11/2021T08:25:01Z,127,209,238,43.52,24.94,991.16 
14/11/2021T08:25:31Z,129,212,231,42.97,24.96,991.22 
14/11/2021T08:26:01Z,117,193,214,41.20,24.91,991.67 
14/11/2021T08:26:32Z,120,197,218,42.74,24.89,991.42 
14/11/2021T08:27:02Z,120,195,218,43.27,24.89,991.24 
14/11/2021T08:27:33Z,113,188,204,41.08,24.90,991.61 
14/11/2021T08:28:03Z,111,183,203,40.92,24.91,991.83 
14/11/2021T08:28:33Z,115,189,203,42.66,24.93,991.43 
14/11/2021T08:29:04Z,117,192,212,43.17,24.93,991.25 
14/11/2021T08:29:34Z,116,186,212,43.50,24.90,991.15 
14/11/2021T08:30:04Z,117,189,211,43.36,24.88,991.11 
14/11/2021T08:30:35Z,107,175,192,41.23,24.88,991.62 
14/11/2021T08:31:05Z,108,176,191,40.77,24.90,991.75 
14/11/2021T08:31:36Z,100,164,180,38.14,24.88,992.27 
14/11/2021T08:32:07Z,98,160,178,38.68,24.93,992.29 
14/11/2021T08:32:38Z,104,168,183,40.12,24.95,991.89 
14/11/2021T08:33:08Z,106,169,185,40.91,24.96,991.68 
14/11/2021T08:33:39Z,106,176,192,41.49,24.94,991.51 
14/11/2021T08:34:10Z,104,171,185,42.70,24.90,991.25 
14/11/2021T08:34:40Z,107,174,190,40.87,24.84,991.45 
14/11/2021T08:35:10Z,97,159,173,40.06,24.80,991.79 
14/11/2021T08:35:41Z,104,170,187,41.45,24.87,991.49 
14/11/2021T08:36:11Z,97,157,172,38.27,24.87,992.03 
14/11/2021T08:36:41Z,99,156,170,40.67,24.93,991.72 
14/11/2021T08:37:12Z,98,160,175,41.79,24.96,991.38 
14/11/2021T08:37:43Z,99,160,173,42.80,24.93,991.14 
14/11/2021T08:38:13Z,97,163,179,43.70,25.02,990.83 
14/11/2021T08:38:44Z,100,163,182,43.39,25.09,990.82 
14/11/2021T08:39:15Z,95,156,177,43.39,25.10,990.85 
14/11/2021T08:39:45Z,98,159,176,43.81,25.13,990.72 
14/11/2021T08:40:16Z,98,162,181,42.54,25.09,990.96 
14/11/2021T08:40:47Z,96,156,170,42.93,25.13,990.95 
14/11/2021T08:41:17Z,95,151,172,43.52,25.17,990.77 
14/11/2021T08:41:48Z,94,153,170,43.25,25.17,990.82 
14/11/2021T08:42:18Z,94,156,173,43.25,25.13,990.84 
14/11/2021T08:42:49Z,95,152,168,43.81,25.14,990.68 
14/11/2021T08:43:20Z,95,153,164,43.78,25.13,990.66 
14/11/2021T08:43:50Z,94,156,173,43.82,25.09,990.67 
14/11/2021T08:44:21Z,93,152,166,43.72,25.09,990.68 
14/11/2021T08:44:51Z,90,148,163,43.67,25.08,990.69 
14/11/2021T08:45:21Z,90,147,168,43.08,25.05,990.81 
14/11/2021T08:45:52Z,91,150,164,43.41,24.99,990.82 
14/11/2021T08:46:22Z,87,147,165,43.40,24.99,990.79 
14/11/2021T08:46:53Z,88,143,161,43.44,24.99,990.77 
14/11/2021T08:47:24Z,89,144,163,43.65,24.98,990.73 
14/11/2021T08:47:54Z,85,142,157,43.49,24.96,990.72 
14/11/2021T08:48:24Z,85,145,160,43.03,24.93,990.83 
14/11/2021T08:48:54Z,87,142,158,42.93,24.92,990.88 
14/11/2021T08:49:25Z,87,145,167,43.05,24.86,990.91 
14/11/2021T08:49:56Z,84,139,160,43.40,24.91,990.75 
14/11/2021T08:50:26Z,85,140,158,43.04,24.93,990.82 
14/11/2021T08:50:56Z,95,155,170,43.13,24.87,990.87 
14/11/2021T08:51:26Z,91,148,161,43.91,24.92,990.63 
14/11/2021T08:51:57Z,92,151,164,44.01,24.97,990.57 
14/11/2021T08:52:28Z,98,162,180,44.21,25.01,990.51 
14/11/2021T08:52:58Z,100,164,182,43.83,25.03,990.56 
14/11/2021T08:53:28Z,99,167,193,43.93,25.05,990.55 
14/11/2021T08:53:58Z,97,163,185,43.88,25.05,990.55 
14/11/2021T08:54:29Z,97,159,185,43.99,25.06,990.52 
14/11/2021T08:55:00Z,95,157,182,43.71,25.07,990.56 
14/11/2021T08:55:30Z,94,155,176,43.78,25.06,990.57 
14/11/2021T08:56:00Z,97,162,185,43.84,25.10,990.51 
14/11/2021T08:56:31Z,95,159,184,43.90,25.13,990.49 
14/11/2021T08:57:01Z,94,159,181,43.92,25.14,990.49 
14/11/2021T08:57:31Z,94,156,176,44.19,25.14,990.41 
14/11/2021T08:58:01Z,95,152,166,44.01,25.14,990.44 
14/11/2021T08:58:32Z,93,150,171,44.20,25.15,990.38 
14/11/2021T08:59:02Z,93,149,166,43.92,25.14,990.46 
14/11/2021T08:59:32Z,95,152,174,43.63,25.15,990.52 
14/11/2021T09:00:02Z,91,151,170,43.81,25.19,990.47 
14/11/2021T09:00:33Z,96,155,172,43.34,25.19,990.56 
14/11/2021T09:01:04Z,94,153,170,43.51,25.19,990.55 
14/11/2021T09:01:34Z,91,151,165,44.08,25.16,990.45 
14/11/2021T09:02:04Z,92,147,156,39.21,25.10,991.33 
14/11/2021T09:02:35Z,88,140,158,38.70,25.18,991.70 
14/11/2021T09:03:05Z,87,140,154,39.24,25.24,991.65 
14/11/2021T09:03:35Z,88,145,160,41.57,25.25,991.09 
14/11/2021T09:04:05Z,86,142,157,42.68,25.26,990.75 
14/11/2021T09:04:36Z,86,141,161,38.72,25.25,991.52 
14/11/2021T09:05:07Z,88,141,156,41.05,25.34,991.20 
14/11/2021T09:05:37Z,91,150,173,42.87,25.38,990.68 
14/11/2021T09:06:08Z,95,155,173,42.76,25.38,990.63 
14/11/2021T09:06:38Z,117,182,198,40.83,25.31,991.00 
14/11/2021T09:07:09Z,108,175,192,42.40,25.24,990.82 
14/11/2021T09:07:40Z,105,169,193,42.65,25.26,990.66 
14/11/2021T09:08:10Z,108,174,191,42.07,25.25,990.74 
14/11/2021T09:08:40Z,105,169,195,42.80,25.24,990.68 
14/11/2021T09:09:11Z,105,172,190,42.75,25.26,990.61 
14/11/2021T09:09:41Z,106,167,186,42.41,25.25,990.69 
14/11/2021T09:10:11Z,105,163,184,42.23,25.26,990.72 
14/11/2021T09:10:42Z,100,163,180,43.05,25.28,990.52 
14/11/2021T09:11:12Z,103,167,182,42.12,25.27,990.72 
14/11/2021T09:11:42Z,101,162,179,42.85,25.26,990.59 
14/11/2021T09:12:13Z,102,165,184,41.68,25.19,990.82 
14/11/2021T09:12:44Z,101,166,178,40.34,25.13,991.13 
14/11/2021T09:13:14Z,100,158,176,41.24,25.13,991.03 
14/11/2021T09:13:45Z,99,159,177,41.23,25.13,991.03 
14/11/2021T09:14:16Z,96,153,168,41.97,25.12,990.87 
14/11/2021T09:14:46Z,95,160,176,42.32,25.10,990.76 
14/11/2021T09:15:17Z,96,156,175,42.63,25.09,990.70 
14/11/2021T09:15:47Z,98,156,177,42.86,25.08,990.63 
14/11/2021T09:16:18Z,95,155,175,43.13,25.06,990.56 
14/11/2021T09:16:49Z,94,153,172,43.37,25.04,990.48 
14/11/2021T09:17:20Z,92,153,166,43.57,25.01,990.42 
14/11/2021T09:17:50Z,96,154,169,43.72,24.99,990.38 
14/11/2021T09:18:21Z,94,155,173,43.88,24.97,990.35 
14/11/2021T09:18:51Z,94,156,171,44.10,24.95,990.29 
14/11/2021T09:19:21Z,96,154,169,44.20,24.94,990.26 
14/11/2021T09:19:51Z,92,154,168,44.35,24.93,990.21 
14/11/2021T09:20:22Z,94,155,174,44.42,24.91,990.19 
14/11/2021T09:20:52Z,92,144,163,44.55,24.89,990.15 
14/11/2021T09:21:22Z,95,154,174,44.69,24.87,990.12 
14/11/2021T09:21:53Z,89,145,161,44.82,24.85,990.08 
14/11/2021T09:22:23Z,93,152,167,44.92,24.84,990.05 
14/11/2021T09:22:53Z,91,151,165,45.08,24.82,990.01 
14/11/2021T09:23:24Z,91,147,165,45.24,24.81,989.95 
14/11/2021T09:23:54Z,91,143,160,45.31,24.80,989.93 
14/11/2021T09:24:25Z,90,145,158,45.38,24.78,989.91 
14/11/2021T09:24:56Z,91,144,157,45.43,24.78,989.89 
14/11/2021T09:25:26Z,90,142,160,45.50,24.77,989.88 
14/11/2021T09:25:57Z,88,143,160,45.62,24.76,989.84 
14/11/2021T09:26:28Z,90,146,161,45.69,24.74,989.82 
14/11/2021T09:26:58Z,90,145,162,45.75,24.74,989.79 
14/11/2021T09:27:29Z,88,146,162,45.83,24.72,989.78 
14/11/2021T09:27:59Z,91,145,161,45.96,24.71,989.75 
14/11/2021T09:28:30Z,89,147,165,46.09,24.70,989.71 
14/11/2021T09:29:01Z,90,146,161,46.09,24.69,989.71 
14/11/2021T09:29:31Z,89,143,160,46.16,24.68,989.70 
14/11/2021T09:30:02Z,88,141,155,46.25,24.68,989.67 
14/11/2021T09:30:32Z,87,139,157,46.31,24.67,989.64 
14/11/2021T09:31:03Z,92,143,156,46.34,24.67,989.63 
14/11/2021T09:31:34Z,86,143,157,46.43,24.66,989.62 
14/11/2021T09:32:05Z,87,143,157,46.50,24.66,989.60 
14/11/2021T09:32:35Z,88,146,165,46.54,24.64,989.58 
14/11/2021T09:33:06Z,86,141,159,46.55,24.64,989.58 
14/11/2021T09:33:36Z,88,142,159,46.62,24.64,989.56 
14/11/2021T09:34:06Z,85,138,151,46.64,24.63,989.55 
14/11/2021T09:34:37Z,88,145,156,46.73,24.63,989.53 
14/11/2021T09:35:08Z,89,145,161,46.72,24.62,989.53 
14/11/2021T09:35:38Z,88,138,153,46.80,24.60,989.51 
14/11/2021T09:36:09Z,88,145,157,46.86,24.60,989.49 
14/11/2021T09:36:39Z,86,139,157,46.87,24.59,989.48 
14/11/2021T09:37:09Z,86,139,156,46.96,24.58,989.47 
14/11/2021T09:37:40Z,88,138,152,47.01,24.58,989.44 
14/11/2021T09:38:11Z,88,143,156,47.05,24.58,989.43 
14/11/2021T09:38:41Z,86,139,153,47.06,24.58,989.43 
14/11/2021T09:39:11Z,86,137,148,47.04,24.58,989.43 
14/11/2021T09:39:41Z,87,140,154,47.12,24.57,989.41 
14/11/2021T09:40:11Z,88,139,154,47.17,24.56,989.39 
14/11/2021T09:40:41Z,89,141,162,47.27,24.55,989.35 
14/11/2021T09:41:11Z,84,137,149,47.28,24.55,989.35 
14/11/2021T09:41:42Z,86,139,155,47.29,24.55,989.35 
14/11/2021T09:42:12Z,87,141,162,47.34,24.54,989.33 
14/11/2021T09:42:43Z,87,141,154,47.36,24.53,989.32 
14/11/2021T09:43:14Z,87,137,155,47.40,24.52,989.31 
14/11/2021T09:43:44Z,85,138,153,47.43,24.51,989.30 
14/11/2021T09:44:14Z,85,136,146,47.49,24.50,989.29 
14/11/2021T09:44:45Z,84,134,147,47.49,24.50,989.27 
14/11/2021T09:45:16Z,87,141,157,47.54,24.49,989.27 
14/11/2021T09:45:46Z,87,141,153,47.53,24.49,989.26 
14/11/2021T09:46:17Z,86,140,156,47.49,24.49,989.25 
14/11/2021T09:46:48Z,85,143,155,47.58,24.48,989.23 
14/11/2021T09:47:18Z,85,141,157,47.61,24.48,989.22 
14/11/2021T09:47:48Z,88,145,162,47.66,24.48,989.21 
14/11/2021T09:48:19Z,84,137,157,47.69,24.47,989.18 
14/11/2021T09:48:50Z,85,138,155,47.67,24.47,989.18 
14/11/2021T09:49:21Z,85,137,151,47.65,24.48,989.20 
14/11/2021T09:49:51Z,86,138,152,47.63,24.48,989.20 
14/11/2021T09:50:22Z,85,138,153,47.65,24.47,989.20 
14/11/2021T09:50:52Z,85,137,150,47.81,24.45,989.16 
14/11/2021T09:51:23Z,85,136,149,47.82,24.44,989.16 
14/11/2021T09:51:53Z,85,135,146,47.81,24.44,989.17 
14/11/2021T09:52:24Z,85,137,149,47.81,24.44,989.18 
14/11/2021T09:52:54Z,83,134,150,47.87,24.44,989.16 
14/11/2021T09:53:25Z,84,137,151,47.91,24.44,989.15 
14/11/2021T09:53:55Z,85,138,151,47.92,24.44,989.15 
14/11/2021T09:54:26Z,83,134,147,47.93,24.44,989.15 
14/11/2021T09:54:56Z,84,138,151,47.88,24.44,989.18 
14/11/2021T09:55:27Z,84,137,152,47.93,24.44,989.18 
14/11/2021T09:55:58Z,85,136,147,47.95,24.43,989.17 
14/11/2021T09:56:28Z,83,132,148,48.00,24.42,989.14 
14/11/2021T09:56:59Z,83,135,149,47.95,24.43,989.14 
14/11/2021T09:57:29Z,83,136,149,48.04,24.42,989.13 
14/11/2021T09:57:59Z,83,133,147,48.02,24.42,989.14 
14/11/2021T09:58:30Z,81,134,150,48.04,24.41,989.12 
14/11/2021T09:59:12Z,84,137,150,48.10,24.40,989.11 
14/11/2021T09:59:43Z,84,132,143,48.14,24.40,989.09 
14/11/2021T10:25:32Z,101,174,187,48.04,24.50,989.03 
14/11/2021T10:26:03Z,111,187,208,49.58,24.21,988.66 
14/11/2021T10:26:33Z,112,186,207,50.03,24.08,988.53 
14/11/2021T10:27:03Z,120,198,220,50.12,23.99,988.49 
14/11/2021T10:27:34Z,112,185,204,50.81,24.00,988.29 
14/11/2021T10:28:04Z,113,190,205,50.83,24.02,988.27 
14/11/2021T10:28:34Z,109,180,197,50.82,24.05,988.25 
14/11/2021T10:29:04Z,104,172,196,50.63,24.10,988.29 
14/11/2021T10:29:34Z,105,172,189,50.41,24.14,988.32 
14/11/2021T10:30:12Z,105,171,190,50.26,24.18,988.38 
14/11/2021T10:30:43Z,105,177,194,50.55,24.25,988.27 
14/11/2021T10:31:13Z,101,168,185,50.38,24.32,988.30 
14/11/2021T10:31:44Z,101,167,184,50.19,24.39,988.35 
14/11/2021T10:32:15Z,100,171,193,50.14,24.44,988.34 
14/11/2021T10:32:45Z,100,166,188,49.84,24.47,988.41 
14/11/2021T10:33:16Z,101,168,187,49.63,24.54,988.45 
14/11/2021T10:33:46Z,100,164,181,49.31,24.58,988.52 
14/11/2021T10:34:16Z,98,166,190,49.04,24.59,988.63 
14/11/2021T10:34:47Z,97,166,189,49.13,24.63,988.59 
14/11/2021T10:35:17Z,98,164,186,49.43,24.65,988.50 
14/11/2021T10:35:48Z,100,168,186,49.50,24.71,988.42 
14/11/2021T10:36:18Z,96,162,180,49.22,24.75,988.49 
14/11/2021T10:36:48Z,98,162,180,48.72,24.75,988.62 
14/11/2021T10:37:19Z,96,163,183,48.69,24.74,988.68 
14/11/2021T10:37:50Z,96,159,175,48.90,24.74,988.62 
14/11/2021T10:38:21Z,99,164,184,49.04,24.75,988.55 
14/11/2021T10:38:51Z,99,158,178,48.99,24.74,988.59 
14/11/2021T10:39:21Z,99,162,184,49.17,24.73,988.53 
14/11/2021T10:39:52Z,98,163,180,49.18,24.72,988.52 
14/11/2021T10:40:23Z,100,165,182,49.06,24.72,988.55 
14/11/2021T10:40:54Z,97,164,182,49.01,24.72,988.58 
14/11/2021T10:41:24Z,99,166,186,48.95,24.72,988.60 
14/11/2021T10:41:54Z,98,164,182,49.09,24.71,988.56 
14/11/2021T10:42:25Z,100,170,186,49.25,24.72,988.50 
14/11/2021T10:42:56Z,99,167,183,49.12,24.73,988.53 
14/11/2021T10:43:26Z,100,168,191,49.05,24.74,988.55 
14/11/2021T10:43:56Z,100,166,187,48.88,24.74,988.61 
14/11/2021T10:44:27Z,101,164,182,48.94,24.75,988.61 
14/11/2021T10:44:57Z,100,165,183,48.74,24.75,988.67 
14/11/2021T10:45:28Z,100,165,181,48.85,24.74,988.63 
14/11/2021T10:45:59Z,102,166,184,49.17,24.76,988.53 
14/11/2021T10:46:29Z,102,166,184,49.32,24.80,988.46 
14/11/2021T10:46:59Z,101,169,195,49.08,24.78,988.53 
14/11/2021T10:47:29Z,100,163,186,49.28,24.77,988.49 
14/11/2021T10:48:00Z,102,169,192,49.21,24.77,988.50 
14/11/2021T10:48:31Z,103,173,193,49.26,24.76,988.48 
14/11/2021T10:49:02Z,100,169,187,49.34,24.74,988.47 
14/11/2021T10:49:32Z,97,166,189,49.09,24.72,988.52 
14/11/2021T10:50:02Z,102,168,190,49.21,24.71,988.51 
14/11/2021T10:50:32Z,101,167,184,49.05,24.69,988.57 
14/11/2021T10:51:03Z,100,168,190,49.01,24.68,988.58 
14/11/2021T10:51:34Z,101,169,182,48.99,24.67,988.60 
14/11/2021T10:52:04Z,100,168,193,48.80,24.65,988.66 
14/11/2021T10:52:35Z,104,173,195,49.22,24.68,988.52 
14/11/2021T10:53:05Z,101,169,190,49.40,24.69,988.45 
14/11/2021T10:53:36Z,100,169,194,49.21,24.70,988.51 
14/11/2021T10:54:06Z,104,175,195,49.21,24.69,988.52 
14/11/2021T10:54:36Z,107,177,202,49.50,24.69,988.45 
14/11/2021T10:55:06Z,107,180,202,49.93,24.67,988.29 
14/11/2021T10:55:37Z,111,185,206,50.08,24.68,988.23 
14/11/2021T10:56:07Z,109,184,203,49.88,24.69,988.26 
14/11/2021T10:56:38Z,112,190,210,49.82,24.64,988.28 
14/11/2021T10:57:09Z,109,184,206,50.03,24.65,988.23 
14/11/2021T10:57:40Z,110,183,203,50.08,24.65,988.18 
14/11/2021T10:58:10Z,111,182,204,50.03,24.66,988.19 
14/11/2021T10:58:40Z,110,186,207,50.12,24.68,988.16 
14/11/2021T10:59:11Z,111,186,208,50.35,24.71,988.07 
14/11/2021T10:59:41Z,111,183,206,50.09,24.72,988.12 
14/11/2021T11:00:12Z,115,189,214,49.99,24.72,988.13 
14/11/2021T11:00:42Z,116,195,216,49.98,24.70,988.16 
14/11/2021T11:01:12Z,114,189,212,49.90,24.69,988.16 
14/11/2021T11:01:42Z,115,190,210,50.00,24.66,988.14 
14/11/2021T11:02:13Z,120,200,219,50.12,24.64,988.10 
14/11/2021T11:02:43Z,118,193,209,50.68,24.71,987.92 
14/11/2021T11:03:14Z,116,198,222,50.37,24.76,987.94 
14/11/2021T11:03:44Z,115,195,215,50.43,24.84,987.93 
14/11/2021T11:04:15Z,115,197,214,49.63,24.86,988.13 
14/11/2021T11:04:46Z,117,196,219,49.52,24.87,988.17 
14/11/2021T11:05:16Z,114,191,210,49.86,24.83,988.10 
14/11/2021T11:05:47Z,117,192,214,49.99,24.88,988.03 
14/11/2021T11:06:18Z,118,195,218,50.10,24.89,987.98 
14/11/2021T11:06:48Z,114,195,213,50.09,24.92,987.96 
14/11/2021T11:07:18Z,112,188,210,49.86,24.93,988.01 
14/11/2021T11:07:48Z,118,193,223,49.97,24.94,987.98 
14/11/2021T11:08:18Z,116,192,220,49.98,24.98,987.98 
14/11/2021T11:08:49Z,115,193,209,49.94,25.02,987.97 
14/11/2021T11:09:19Z,115,193,211,49.75,25.04,988.02 
14/11/2021T11:09:50Z,117,197,221,49.88,25.06,988.00 
14/11/2021T11:10:20Z,125,206,232,49.89,25.09,987.98 
14/11/2021T11:10:51Z,196,338,374,50.00,25.10,987.95 
14/11/2021T11:11:21Z,218,364,396,50.03,25.14,987.93 
14/11/2021T11:11:52Z,168,282,308,50.15,25.18,987.90 
14/11/2021T11:12:22Z,154,260,291,50.11,25.22,987.89 
14/11/2021T11:12:52Z,145,243,267,49.95,25.28,987.92 
14/11/2021T11:13:23Z,145,241,265,50.09,25.32,987.88 
14/11/2021T11:13:53Z,145,235,259,50.08,25.35,987.88 
14/11/2021T11:14:24Z,140,235,260,49.94,25.38,987.91 
14/11/2021T11:14:54Z,143,236,256,49.89,25.41,987.93 
14/11/2021T11:15:24Z,141,234,257,49.58,25.43,988.02 
14/11/2021T11:15:54Z,142,235,262,49.52,25.44,988.07 
14/11/2021T11:16:25Z,140,232,262,49.61,25.47,988.05 
14/11/2021T11:16:55Z,140,236,262,49.17,25.48,988.18 
14/11/2021T11:17:25Z,137,239,261,49.24,25.46,988.22 
14/11/2021T11:17:56Z,138,240,268,49.69,25.46,988.05 
14/11/2021T11:18:26Z,139,237,271,49.43,25.47,988.15 
14/11/2021T11:18:56Z,139,237,265,49.62,25.46,988.10 
14/11/2021T11:19:26Z,143,242,271,49.61,25.49,988.12 
14/11/2021T11:19:56Z,140,247,279,49.89,25.51,988.02 
14/11/2021T11:20:27Z,144,247,276,49.70,25.50,988.06 
14/11/2021T11:20:57Z,144,245,279,49.80,25.51,988.04 
14/11/2021T11:21:27Z,143,250,283,49.73,25.50,988.05 
14/11/2021T11:21:58Z,140,241,270,49.02,25.45,988.29 
14/11/2021T11:22:29Z,139,238,266,49.41,25.43,988.18 
14/11/2021T11:22:59Z,137,235,261,49.29,25.42,988.23 
14/11/2021T11:23:29Z,138,236,264,49.27,25.41,988.25 
14/11/2021T11:24:00Z,136,232,255,49.46,25.41,988.20 
14/11/2021T11:24:30Z,136,229,254,49.59,25.37,988.19 
14/11/2021T11:25:00Z,137,237,262,49.86,25.40,988.08 
14/11/2021T11:25:31Z,137,229,261,50.07,25.40,988.03 
14/11/2021T11:26:01Z,134,230,260,50.19,25.39,987.98 
14/11/2021T11:26:32Z,132,228,252,50.16,25.39,987.98 
14/11/2021T11:27:02Z,135,227,256,50.30,25.39,987.96 
14/11/2021T11:27:32Z,133,226,251,50.24,25.39,987.97 
14/11/2021T11:28:03Z,137,230,256,50.12,25.38,988.01 
14/11/2021T11:28:34Z,135,230,261,49.78,25.40,988.12 
14/11/2021T11:29:04Z,134,234,262,49.61,25.39,988.17 
14/11/2021T11:29:34Z,136,233,257,49.75,25.36,988.18 
14/11/2021T11:30:05Z,132,230,260,49.98,25.35,988.09 
14/11/2021T11:30:35Z,133,227,253,49.92,25.34,988.11 
14/11/2021T11:31:05Z,134,236,270,50.04,25.34,988.07 
14/11/2021T11:31:36Z,137,233,264,50.29,25.33,988.02 
14/11/2021T11:32:06Z,136,236,266,50.15,25.32,988.04 
14/11/2021T11:32:37Z,129,227,260,50.11,25.31,988.07 
14/11/2021T11:33:07Z,131,228,257,50.06,25.31,988.08 
14/11/2021T11:33:37Z,132,234,261,50.00,25.32,988.11 
14/11/2021T11:34:08Z,129,229,255,49.92,25.33,988.13 
14/11/2021T11:34:38Z,130,226,257,49.69,25.34,988.20 
14/11/2021T11:35:08Z,130,229,261,50.03,25.35,988.11 
14/11/2021T11:35:39Z,130,227,258,50.09,25.39,988.06 
14/11/2021T11:36:09Z,131,229,258,50.22,25.42,988.01 
14/11/2021T11:36:40Z,131,231,255,50.24,25.45,987.98 
14/11/2021T11:37:11Z,132,226,245,49.94,25.44,988.07 
14/11/2021T11:37:41Z,133,226,251,50.01,25.46,988.05 
14/11/2021T11:38:11Z,129,232,259,49.78,25.47,988.10 
14/11/2021T11:38:42Z,131,226,252,49.62,25.48,988.15 
14/11/2021T11:39:13Z,127,221,243,49.65,25.50,988.15 
14/11/2021T11:39:43Z,136,235,262,49.77,25.49,988.12 
14/11/2021T11:40:13Z,137,232,259,49.83,25.49,988.09 
14/11/2021T11:40:43Z,134,233,259,49.98,25.49,988.05 
14/11/2021T11:41:13Z,134,230,260,50.11,25.52,987.98 
14/11/2021T11:41:43Z,137,232,265,50.07,25.53,987.99 
14/11/2021T11:42:14Z,134,224,254,50.13,25.53,987.97 
14/11/2021T11:42:44Z,134,229,258,50.00,25.53,988.00 
14/11/2021T11:43:14Z,132,227,256,50.12,25.53,987.97 
14/11/2021T11:43:44Z,131,232,261,50.10,25.53,987.97 
14/11/2021T11:44:15Z,130,219,248,49.99,25.55,988.00 
14/11/2021T11:44:46Z,133,229,261,49.92,25.56,988.01 
14/11/2021T11:45:17Z,131,227,256,49.71,25.57,988.09 
14/11/2021T11:45:47Z,132,228,253,50.07,25.57,987.98 
14/11/2021T11:46:18Z,132,229,258,50.15,25.59,987.97 
14/11/2021T11:46:48Z,131,222,249,50.12,25.62,987.96 
14/11/2021T11:47:19Z,131,222,249,50.24,25.64,987.93 
14/11/2021T11:47:49Z,131,223,259,50.10,25.62,987.98 
14/11/2021T11:48:20Z,133,228,256,50.02,25.62,988.01 
14/11/2021T11:48:51Z,135,232,259,50.01,25.58,988.00 
14/11/2021T11:49:21Z,133,226,255,50.21,25.53,987.97 
14/11/2021T11:49:51Z,137,234,262,50.32,25.51,987.91 
14/11/2021T11:50:22Z,133,226,256,50.23,25.47,987.96 
14/11/2021T11:50:53Z,134,235,261,50.31,25.41,987.97 
14/11/2021T11:51:23Z,132,225,257,50.29,25.38,987.96 
14/11/2021T11:51:54Z,133,224,256,50.23,25.35,987.98 
14/11/2021T11:52:24Z,133,224,253,50.45,25.31,987.91 
14/11/2021T11:52:54Z,134,229,254,50.63,25.28,987.85 
14/11/2021T11:53:25Z,133,222,254,50.82,25.27,987.78 
14/11/2021T11:53:55Z,131,227,254,50.75,25.26,987.79 
14/11/2021T11:54:26Z,133,226,254,51.10,25.26,987.67 
14/11/2021T11:54:56Z,134,225,250,50.89,25.27,987.73 
14/11/2021T11:55:26Z,137,233,255,51.25,25.27,987.61 
14/11/2021T11:55:56Z,135,229,250,50.93,25.26,987.70 
14/11/2021T11:56:26Z,135,233,262,50.93,25.25,987.72 
14/11/2021T11:56:57Z,135,227,250,50.96,25.26,987.73 
14/11/2021T11:57:27Z,135,230,255,50.79,25.26,987.76 
14/11/2021T11:57:58Z,135,233,262,50.55,25.26,987.84 
14/11/2021T11:58:28Z,138,231,264,50.74,25.28,987.81 
14/11/2021T11:58:59Z,143,246,273,51.09,25.28,987.71 
14/11/2021T11:59:29Z,146,244,273,50.97,25.28,987.75 
14/11/2021T11:59:59Z,141,240,265,50.97,25.29,987.75 
14/11/2021T12:00:30Z,143,241,264,50.92,25.30,987.75 
14/11/2021T12:01:00Z,142,240,266,51.35,25.32,987.63 
14/11/2021T12:01:30Z,142,237,268,51.32,25.32,987.63 
14/11/2021T12:02:00Z,144,235,269,51.25,25.32,987.64 
14/11/2021T12:02:31Z,145,243,278,50.96,25.31,987.76 
14/11/2021T12:03:01Z,143,249,280,51.28,25.35,987.67 
14/11/2021T12:03:31Z,140,236,278,51.33,25.37,987.62 
14/11/2021T12:04:02Z,141,239,269,51.13,25.41,987.68 
14/11/2021T12:04:32Z,141,239,262,51.07,25.46,987.68 
14/11/2021T12:05:02Z,143,242,271,51.12,25.48,987.69 
14/11/2021T12:05:33Z,138,238,272,50.64,25.49,987.81 
14/11/2021T12:06:03Z,139,234,270,50.36,25.47,987.93 
14/11/2021T12:06:34Z,134,233,263,50.31,25.43,987.98 
14/11/2021T12:07:04Z,136,234,271,50.39,25.36,987.97 
14/11/2021T12:07:35Z,138,234,267,50.38,25.32,988.00 
14/11/2021T12:08:05Z,139,231,266,50.57,25.28,987.95 
14/11/2021T12:08:35Z,138,229,264,50.55,25.26,987.95 
14/11/2021T12:09:06Z,134,229,263,50.54,25.24,987.94 
14/11/2021T12:09:36Z,135,228,267,50.67,25.23,987.91 
14/11/2021T12:10:06Z,135,229,265,50.70,25.23,987.93 
14/11/2021T12:10:36Z,137,235,266,50.85,25.25,987.85 
14/11/2021T12:11:07Z,138,234,263,50.94,25.27,987.83 
14/11/2021T12:11:37Z,133,233,272,51.05,25.31,987.78 
14/11/2021T12:12:08Z,135,233,262,50.89,25.31,987.81 
14/11/2021T12:12:38Z,137,231,261,50.89,25.33,987.82 
14/11/2021T12:13:09Z,140,239,269,51.06,25.34,987.77 
14/11/2021T12:13:39Z,141,237,271,51.07,25.36,987.75 
14/11/2021T12:14:10Z,143,245,278,51.26,25.36,987.70 
14/11/2021T12:14:40Z,146,244,282,51.07,25.38,987.75 
14/11/2021T12:15:11Z,144,242,271,51.03,25.39,987.76 
14/11/2021T12:15:42Z,144,248,282,51.00,25.40,987.78 
14/11/2021T12:16:12Z,144,242,277,51.19,25.42,987.74 
14/11/2021T12:16:42Z,146,246,283,51.20,25.45,987.71 
14/11/2021T12:17:12Z,143,243,280,50.98,25.46,987.80 
14/11/2021T12:17:43Z,148,251,283,50.99,25.42,987.82 
14/11/2021T12:18:13Z,146,245,281,51.02,25.42,987.84 
14/11/2021T12:18:44Z,148,251,287,51.07,25.43,987.81 
14/11/2021T12:19:15Z,146,248,283,51.23,25.43,987.77 
14/11/2021T12:19:45Z,146,247,287,51.34,25.45,987.72 
14/11/2021T12:20:16Z,143,249,281,51.42,25.46,987.68 
14/11/2021T12:20:46Z,145,248,273,51.32,25.48,987.71 
14/11/2021T12:21:16Z,147,244,278,51.32,25.49,987.71 
14/11/2021T12:21:47Z,144,247,275,51.50,25.52,987.66 
14/11/2021T12:22:17Z,142,237,275,51.48,25.53,987.66 
14/11/2021T12:22:47Z,146,246,276,51.33,25.51,987.73 
14/11/2021T12:23:18Z,144,241,274,51.30,25.51,987.74 
14/11/2021T12:23:48Z,140,236,275,51.20,25.51,987.79 
14/11/2021T12:24:18Z,142,240,280,51.40,25.50,987.73 
14/11/2021T12:24:49Z,146,245,279,51.14,25.50,987.81 
14/11/2021T12:25:19Z,144,246,276,51.08,25.50,987.86 
14/11/2021T12:25:50Z,145,245,278,51.16,25.48,987.85 
14/11/2021T12:26:20Z,142,241,275,51.19,25.48,987.84 
14/11/2021T12:26:50Z,146,242,277,51.40,25.48,987.79 
14/11/2021T12:27:21Z,146,246,275,51.15,25.46,987.87 
14/11/2021T12:27:51Z,146,254,283,51.10,25.45,987.92 
14/11/2021T12:28:22Z,150,256,289,51.31,25.44,987.86 
14/11/2021T12:28:53Z,149,253,286,51.35,25.46,987.84 
14/11/2021T12:29:23Z,148,246,280,51.40,25.51,987.79 
14/11/2021T12:29:53Z,155,256,287,51.20,25.55,987.85 
14/11/2021T12:30:24Z,161,272,309,50.91,25.58,987.93 
14/11/2021T12:30:55Z,175,296,325,50.73,25.61,988.00 
14/11/2021T12:31:25Z,186,310,336,50.56,25.60,988.06 
14/11/2021T12:31:55Z,183,306,336,50.17,25.59,988.17 
14/11/2021T12:32:26Z,182,299,330,49.71,25.57,988.34 
14/11/2021T12:32:56Z,179,297,326,49.14,25.55,988.53 
14/11/2021T12:33:26Z,176,292,321,49.37,25.53,988.52 
14/11/2021T12:33:57Z,173,288,326,49.51,25.52,988.47 
14/11/2021T12:34:27Z,176,291,320,49.63,25.52,988.44 
14/11/2021T12:34:57Z,173,289,324,50.28,25.55,988.22 
14/11/2021T12:35:27Z,173,284,318,49.68,25.54,988.38 
14/11/2021T12:35:58Z,168,280,306,49.66,25.54,988.42 
14/11/2021T12:36:29Z,170,277,305,49.70,25.54,988.41 
14/11/2021T12:36:59Z,180,298,326,49.79,25.55,988.38 
14/11/2021T12:37:29Z,179,293,325,49.70,25.54,988.43 
14/11/2021T12:37:59Z,172,281,308,49.87,25.55,988.37 
14/11/2021T12:38:29Z,170,280,312,49.92,25.57,988.37 
14/11/2021T12:38:59Z,167,273,307,49.95,25.61,988.35 
14/11/2021T12:39:30Z,164,275,309,49.67,25.63,988.43 
14/11/2021T12:40:00Z,169,279,307,49.63,25.66,988.46 
14/11/2021T12:40:31Z,166,276,310,49.51,25.67,988.49 
14/11/2021T12:41:01Z,167,280,308,49.52,25.68,988.52 
14/11/2021T12:41:31Z,164,275,311,49.33,25.69,988.57 
14/11/2021T12:42:01Z,164,270,303,49.17,25.66,988.66 
14/11/2021T12:42:32Z,162,273,302,49.23,25.64,988.67 
14/11/2021T12:43:03Z,159,268,302,49.31,25.62,988.65 
14/11/2021T12:43:33Z,161,267,300,49.28,25.60,988.66 
14/11/2021T12:44:04Z,161,266,295,49.43,25.58,988.64 
14/11/2021T12:44:34Z,162,273,300,49.43,25.56,988.63 
14/11/2021T12:45:05Z,165,267,297,49.39,25.55,988.64 
14/11/2021T12:45:35Z,162,268,302,49.59,25.53,988.59 
14/11/2021T12:46:05Z,161,279,319,49.46,25.51,988.62 
14/11/2021T12:46:36Z,162,266,296,49.46,25.48,988.63 
14/11/2021T12:47:06Z,158,261,285,49.71,25.46,988.58 
14/11/2021T12:47:36Z,160,263,289,49.94,25.45,988.51 
14/11/2021T12:48:07Z,157,270,299,50.06,25.46,988.46 
14/11/2021T12:48:37Z,159,270,301,49.98,25.47,988.48 
14/11/2021T12:49:08Z,160,265,293,50.10,25.49,988.44 
14/11/2021T12:49:39Z,157,263,298,50.07,25.49,988.45 
14/11/2021T12:50:09Z,160,271,304,49.97,25.48,988.49 
14/11/2021T12:50:39Z,159,268,301,50.06,25.47,988.50 
14/11/2021T12:51:10Z,160,266,299,50.06,25.44,988.52 
14/11/2021T12:51:40Z,162,275,306,50.30,25.39,988.47 
14/11/2021T12:52:11Z,161,273,306,50.48,25.38,988.42 
14/11/2021T12:52:42Z,162,278,312,50.60,25.39,988.40 
14/11/2021T12:53:12Z,161,271,304,50.64,25.35,988.38 
14/11/2021T12:53:42Z,162,270,304,50.74,25.34,988.35 
14/11/2021T12:54:13Z,164,275,312,50.70,25.33,988.38 
14/11/2021T12:54:43Z,164,281,318,51.00,25.30,988.29 
14/11/2021T12:55:13Z,166,282,314,50.62,25.18,988.40 
14/11/2021T12:55:44Z,167,282,318,51.16,25.20,988.26 
14/11/2021T12:56:15Z,171,288,322,51.27,25.22,988.21 
14/11/2021T12:56:45Z,189,335,370,51.12,25.24,988.26 
14/11/2021T12:57:16Z,195,341,381,51.36,25.27,988.19 
14/11/2021T12:57:46Z,192,337,380,51.23,25.24,988.23 
14/11/2021T12:58:17Z,191,333,377,51.67,25.23,988.12 
14/11/2021T12:58:47Z,191,333,377,51.57,25.19,988.15 
14/11/2021T12:59:18Z,187,327,361,51.88,25.16,988.08 
14/11/2021T12:59:48Z,181,310,343,51.71,25.18,988.15 
14/11/2021T13:00:19Z,183,313,350,51.89,25.21,988.10 
14/11/2021T13:00:49Z,180,306,346,51.59,25.24,988.17 
14/11/2021T13:01:20Z,182,314,354,51.68,25.26,988.17 
14/11/2021T13:01:50Z,178,305,345,51.91,25.27,988.09 
14/11/2021T13:02:20Z,181,311,351,52.02,25.34,988.05 
14/11/2021T13:02:50Z,181,313,358,52.08,25.42,988.00 
14/11/2021T13:03:20Z,178,310,357,52.17,25.44,987.99 
14/11/2021T13:03:51Z,178,310,355,52.41,25.43,987.92 
14/11/2021T13:04:21Z,179,307,359,52.35,25.45,987.96 
14/11/2021T13:04:51Z,181,314,361,51.98,25.51,988.05 
14/11/2021T13:05:22Z,179,313,364,51.66,25.53,988.16 
14/11/2021T13:05:52Z,180,316,362,51.52,25.55,988.24 
14/11/2021T13:06:22Z,181,310,353,51.31,25.55,988.32 
14/11/2021T13:06:52Z,189,320,362,51.29,25.55,988.34 
14/11/2021T13:07:23Z,191,322,365,51.26,25.54,988.37 
14/11/2021T13:07:53Z,197,337,379,51.25,25.48,988.42 
14/11/2021T13:08:23Z,197,341,382,51.44,25.40,988.43 
14/11/2021T13:08:53Z,194,332,376,51.49,25.40,988.41 
14/11/2021T13:09:24Z,195,339,378,51.45,25.40,988.42 
14/11/2021T13:09:54Z,193,334,382,51.53,25.41,988.41 
14/11/2021T13:10:24Z,193,334,386,51.44,25.41,988.43 
14/11/2021T13:10:54Z,196,339,385,51.32,25.40,988.48 
14/11/2021T13:11:24Z,202,349,387,51.28,25.38,988.53 
14/11/2021T13:11:55Z,200,344,389,51.24,25.36,988.54 
14/11/2021T13:12:25Z,202,350,396,51.33,25.32,988.55 
14/11/2021T13:12:55Z,199,344,393,51.60,25.30,988.48 
14/11/2021T13:13:25Z,201,337,390,51.54,25.30,988.50 
14/11/2021T13:13:56Z,201,341,390,51.47,25.27,988.53 
14/11/2021T13:14:26Z,201,339,390,51.16,25.23,988.62 
14/11/2021T13:14:56Z,202,341,385,51.32,25.19,988.62 
14/11/2021T13:15:27Z,201,341,385,51.38,25.16,988.60 
14/11/2021T13:15:57Z,198,338,383,51.14,25.13,988.68 
14/11/2021T13:16:27Z,198,335,388,51.32,25.09,988.67 
14/11/2021T13:16:57Z,194,330,373,51.28,25.06,988.68 
14/11/2021T13:17:27Z,197,344,395,51.25,25.02,988.69 
14/11/2021T13:17:57Z,197,332,368,51.22,24.98,988.73 
14/11/2021T13:18:28Z,193,328,374,51.53,24.97,988.64 
14/11/2021T13:18:58Z,195,325,370,51.45,24.96,988.65 
14/11/2021T13:19:29Z,192,330,371,51.20,24.94,988.72 
14/11/2021T13:19:59Z,190,322,353,51.21,24.95,988.73 
14/11/2021T13:20:29Z,190,321,360,51.26,24.96,988.73 
14/11/2021T13:20:59Z,188,317,356,51.35,24.95,988.69 
14/11/2021T13:21:30Z,189,321,365,51.33,24.96,988.69 
14/11/2021T13:22:00Z,189,320,358,51.02,24.96,988.79 
14/11/2021T13:22:30Z,185,313,352,50.64,24.99,988.91 
14/11/2021T13:23:01Z,190,317,355,50.50,25.02,988.95 
14/11/2021T13:23:31Z,185,308,347,50.10,25.04,989.08 
14/11/2021T13:24:01Z,184,309,344,49.74,25.04,989.21 
14/11/2021T13:24:32Z,182,306,345,49.67,25.02,989.26 
14/11/2021T13:25:02Z,182,307,348,49.89,25.03,989.20 
14/11/2021T13:25:32Z,180,308,344,49.40,25.02,989.32 
14/11/2021T13:26:02Z,177,301,337,49.23,25.02,989.39 
14/11/2021T13:26:33Z,182,307,344,49.11,25.02,989.46 
14/11/2021T13:27:03Z,179,301,333,49.20,25.04,989.44 
14/11/2021T13:27:33Z,175,292,327,49.09,25.04,989.48 
14/11/2021T13:28:04Z,175,296,334,49.11,25.04,989.48 
14/11/2021T13:28:34Z,172,292,332,48.94,25.04,989.54 
14/11/2021T13:29:05Z,174,290,326,48.71,25.02,989.61 
14/11/2021T13:29:35Z,172,293,329,49.11,25.00,989.52 
14/11/2021T13:30:06Z,174,293,327,48.38,24.93,989.71 
14/11/2021T13:30:37Z,172,291,331,49.13,24.86,989.56 
14/11/2021T13:31:07Z,172,292,325,49.11,24.89,989.53 
14/11/2021T13:31:37Z,175,297,334,48.94,24.90,989.58 
14/11/2021T13:32:08Z,171,290,323,48.58,24.89,989.71 
14/11/2021T13:32:38Z,173,285,319,48.62,24.92,989.70 
14/11/2021T13:33:08Z,170,287,316,48.71,24.93,989.69 
14/11/2021T13:33:39Z,173,297,335,48.85,24.95,989.64 
14/11/2021T13:34:10Z,175,291,326,49.15,24.97,989.55 
14/11/2021T13:34:40Z,176,286,322,49.46,24.97,989.45 
14/11/2021T13:35:10Z,172,297,334,49.59,24.97,989.38 
14/11/2021T13:35:41Z,181,306,337,49.24,24.98,989.47 
14/11/2021T13:36:11Z,184,307,348,48.94,24.98,989.59 
14/11/2021T13:36:41Z,183,309,348,49.01,25.00,989.57 
14/11/2021T13:37:12Z,181,310,354,49.18,25.03,989.52 
14/11/2021T13:37:42Z,178,308,352,49.02,25.05,989.55 
14/11/2021T13:38:12Z,176,302,342,48.98,25.08,989.56 
14/11/2021T13:38:43Z,181,308,346,48.69,25.10,989.62 
14/11/2021T13:39:14Z,182,311,351,48.28,25.10,989.77 
14/11/2021T13:39:44Z,182,314,341,48.20,25.11,989.79 
14/11/2021T13:40:14Z,179,306,343,48.05,25.12,989.85 
14/11/2021T13:40:45Z,177,299,332,48.06,25.13,989.85 
14/11/2021T13:41:16Z,181,303,339,48.41,25.16,989.72 
14/11/2021T13:41:46Z,179,306,342,48.56,25.17,989.65 
14/11/2021T13:42:16Z,183,306,343,48.86,25.18,989.57 
14/11/2021T13:42:46Z,185,310,358,50.10,25.13,989.21 
14/11/2021T13:43:16Z,184,317,363,49.87,25.14,989.21 
14/11/2021T13:43:46Z,189,318,358,49.66,25.11,989.28 
14/11/2021T13:44:16Z,180,308,347,49.46,25.09,989.35 
14/11/2021T13:44:47Z,181,315,353,49.37,25.09,989.41 
14/11/2021T13:45:17Z,183,320,361,49.34,25.05,989.44 
14/11/2021T13:45:47Z,185,317,361,49.40,25.00,989.44 
14/11/2021T13:46:17Z,184,313,356,49.28,24.96,989.48 
14/11/2021T13:46:47Z,186,316,350,49.51,24.92,989.42 
14/11/2021T13:47:18Z,184,313,352,49.43,24.88,989.43 
14/11/2021T13:47:48Z,188,322,369,49.48,24.81,989.43 
14/11/2021T13:48:18Z,187,328,380,49.87,24.79,989.32 
14/11/2021T13:48:48Z,186,329,383,49.96,24.81,989.25 
14/11/2021T13:49:19Z,192,330,376,49.81,24.84,989.29 
14/11/2021T13:49:49Z,188,323,371,49.62,24.84,989.34 
14/11/2021T13:50:19Z,189,329,366,49.49,24.85,989.37 
14/11/2021T13:50:50Z,189,326,369,49.41,24.76,989.42 
14/11/2021T13:51:20Z,189,322,364,49.99,24.78,989.26 
14/11/2021T13:51:51Z,189,330,371,50.10,24.82,989.18 
14/11/2021T13:52:22Z,186,321,361,50.12,24.82,989.17 
14/11/2021T13:52:52Z,188,323,363,50.21,24.83,989.14 
14/11/2021T13:53:23Z,189,323,360,50.23,24.84,989.12 
14/11/2021T13:53:53Z,187,323,361,50.34,24.84,989.08 
14/11/2021T13:54:23Z,187,329,370,50.19,24.87,989.11 
14/11/2021T13:54:53Z,187,323,363,49.88,24.89,989.18 
14/11/2021T13:55:24Z,189,317,353,49.68,24.90,989.26 
14/11/2021T13:55:54Z,186,313,353,49.47,24.91,989.32 
14/11/2021T13:56:24Z,184,316,353,49.52,24.93,989.31 
14/11/2021T13:56:55Z,184,316,356,49.38,24.93,989.34 
14/11/2021T13:57:26Z,184,315,357,49.34,24.90,989.38 
14/11/2021T13:57:57Z,188,326,364,49.32,24.89,989.37 
14/11/2021T13:58:27Z,187,319,350,49.35,24.88,989.37 
14/11/2021T13:58:57Z,186,321,357,49.40,24.87,989.35 
14/11/2021T13:59:27Z,190,323,356,48.87,24.73,989.52 
14/11/2021T13:59:58Z,191,329,367,49.99,24.70,989.22 
14/11/2021T14:00:29Z,191,321,359,50.20,24.76,989.12 
14/11/2021T14:00:59Z,189,318,354,50.61,24.81,988.96 
14/11/2021T14:01:29Z,186,320,362,50.48,24.87,988.98 
14/11/2021T14:02:00Z,189,323,357,50.08,24.91,989.09 
14/11/2021T14:02:30Z,189,321,364,49.99,24.95,989.12 
14/11/2021T14:03:00Z,195,332,367,50.16,24.97,989.06 
14/11/2021T14:03:30Z,195,336,380,50.31,24.99,989.01 
14/11/2021T14:04:01Z,195,333,374,50.48,24.97,988.95 
14/11/2021T14:04:31Z,197,338,379,50.44,24.97,988.95 
14/11/2021T14:05:01Z,196,332,376,50.10,24.98,989.08 
14/11/2021T14:05:31Z,194,329,368,50.30,25.00,989.04 
14/11/2021T14:06:01Z,191,318,351,50.39,25.03,988.99 
14/11/2021T14:06:32Z,192,325,363,50.20,25.02,989.08 
14/11/2021T14:07:02Z,190,321,365,50.19,25.02,989.13 
14/11/2021T14:07:32Z,191,322,361,50.01,25.01,989.20 
14/11/2021T14:08:02Z,194,332,376,49.93,24.96,989.28 
14/11/2021T14:08:33Z,193,333,373,50.12,24.93,989.24 
14/11/2021T14:09:04Z,198,338,384,50.07,24.88,989.27 
14/11/2021T14:09:34Z,196,334,382,50.14,24.82,989.29 
14/11/2021T14:10:04Z,199,342,381,50.09,24.81,989.28 
14/11/2021T14:10:35Z,200,344,381,49.89,24.79,989.38 
14/11/2021T14:11:05Z,203,338,385,50.03,24.77,989.34 
14/11/2021T14:11:35Z,202,340,384,50.09,24.72,989.32 
14/11/2021T14:12:06Z,203,341,380,49.91,24.69,989.37 
14/11/2021T14:12:36Z,199,340,382,49.98,24.68,989.36 
14/11/2021T14:13:06Z,197,329,370,50.08,24.68,989.34 
14/11/2021T14:13:37Z,198,342,381,49.52,24.66,989.49 
14/11/2021T14:14:07Z,195,335,374,49.25,24.61,989.61 
14/11/2021T14:14:37Z,198,331,373,49.37,24.59,989.58 
14/11/2021T14:15:08Z,196,331,362,49.41,24.59,989.56 
14/11/2021T14:15:38Z,200,337,373,49.48,24.57,989.57 
14/11/2021T14:16:08Z,193,331,372,49.51,24.56,989.52 
14/11/2021T14:16:39Z,192,328,369,49.67,24.55,989.51 
14/11/2021T14:17:10Z,196,326,366,49.42,24.54,989.54 
14/11/2021T14:17:40Z,193,322,357,50.02,24.54,989.42 
14/11/2021T14:18:11Z,195,332,377,51.09,24.59,989.06 
14/11/2021T14:18:41Z,193,331,368,50.86,24.60,989.06 
14/11/2021T14:19:11Z,190,321,359,50.74,24.64,989.06 
14/11/2021T14:19:41Z,191,320,356,49.91,24.64,989.31 
14/11/2021T14:20:12Z,187,322,362,50.32,24.71,989.24 
14/11/2021T14:20:43Z,188,319,359,49.93,24.76,989.31 
14/11/2021T14:21:13Z,189,320,364,50.27,24.81,989.22 
14/11/2021T14:21:44Z,187,319,364,50.24,24.85,989.20 
14/11/2021T14:22:14Z,189,315,353,49.66,24.90,989.37 
14/11/2021T14:22:44Z,187,320,363,49.28,24.90,989.51 
14/11/2021T14:23:15Z,188,320,355,49.25,24.86,989.56 
14/11/2021T14:23:45Z,191,324,358,49.67,24.88,989.47 
14/11/2021T14:24:16Z,194,324,362,49.97,24.91,989.35 
14/11/2021T14:24:46Z,193,330,363,50.25,24.87,989.31 
14/11/2021T14:25:16Z,196,330,357,50.17,24.88,989.31 
14/11/2021T14:25:47Z,192,326,360,50.46,24.91,989.23 
14/11/2021T14:26:18Z,203,358,402,50.26,24.83,989.28 
14/11/2021T14:26:48Z,195,343,385,50.85,24.82,989.13 
14/11/2021T14:27:19Z,195,334,379,50.85,24.86,989.11 
14/11/2021T14:27:49Z,202,353,401,50.90,24.89,989.11 
14/11/2021T14:28:19Z,204,351,397,50.82,24.92,989.12 
14/11/2021T14:28:49Z,199,341,380,50.46,24.97,989.22 
14/11/2021T14:29:19Z,202,341,382,50.04,24.98,989.37 
14/11/2021T14:29:50Z,199,336,383,49.51,24.91,989.56 
14/11/2021T14:30:21Z,196,333,381,50.34,24.88,989.39 
14/11/2021T14:30:51Z,196,333,367,49.96,24.93,989.46 
14/11/2021T14:31:21Z,196,329,366,49.26,24.93,989.71 
14/11/2021T14:31:52Z,196,332,377,49.19,24.98,989.77 
14/11/2021T14:32:22Z,193,323,365,49.36,25.02,989.70 
14/11/2021T14:32:52Z,190,323,355,49.02,25.04,989.81 
14/11/2021T14:33:23Z,192,330,363,48.95,25.05,989.84 
14/11/2021T14:33:53Z,197,327,357,48.60,25.07,989.95 
14/11/2021T14:34:24Z,192,324,361,48.79,25.08,989.93 
14/11/2021T14:34:54Z,191,326,357,49.30,25.07,989.76 
14/11/2021T14:35:24Z,191,321,355,48.67,25.06,989.92 
14/11/2021T14:35:55Z,189,323,362,48.23,25.06,990.10 
14/11/2021T14:36:25Z,188,314,347,48.20,25.07,990.13 
14/11/2021T14:36:55Z,185,315,355,48.28,25.08,990.10 
14/11/2021T14:37:25Z,188,320,360,48.31,25.08,990.09 
14/11/2021T14:37:55Z,187,320,359,48.17,25.06,990.12 
14/11/2021T14:38:26Z,189,318,357,48.37,25.07,990.07 
14/11/2021T14:38:56Z,190,319,363,48.15,25.08,990.14 
14/11/2021T14:39:26Z,191,317,357,48.27,25.08,990.10 
14/11/2021T14:39:56Z,189,317,351,48.22,25.07,990.11 
14/11/2021T14:40:26Z,188,314,353,48.06,25.08,990.19 
14/11/2021T14:40:57Z,183,314,355,48.13,25.09,990.17 
14/11/2021T14:41:27Z,188,321,366,48.38,25.10,990.12 
14/11/2021T14:41:58Z,189,326,365,48.30,25.10,990.12 
14/11/2021T14:42:28Z,189,322,366,48.19,25.11,990.19 
14/11/2021T14:42:58Z,192,325,362,48.44,25.14,990.13 
14/11/2021T14:43:29Z,196,336,373,48.55,25.17,990.09 
14/11/2021T14:44:00Z,188,326,366,48.44,25.18,990.10 
14/11/2021T14:44:30Z,197,339,377,48.16,25.14,990.22 
14/11/2021T14:45:00Z,196,332,366,48.24,25.18,990.19 
14/11/2021T14:45:31Z,200,341,381,48.00,25.16,990.26 
14/11/2021T14:46:01Z,199,328,365,47.78,25.18,990.34 
14/11/2021T14:46:31Z,198,340,374,48.20,25.18,990.24 
14/11/2021T14:47:01Z,199,338,383,48.18,25.17,990.24 
14/11/2021T14:47:31Z,195,334,376,48.06,25.17,990.27 
14/11/2021T14:48:01Z,197,333,370,47.82,25.09,990.37 
14/11/2021T14:48:32Z,200,340,376,48.27,25.07,990.26 
14/11/2021T14:49:02Z,197,332,369,48.39,25.12,990.18 
14/11/2021T14:49:33Z,195,336,375,48.20,25.18,990.21 
14/11/2021T14:50:04Z,196,327,361,47.97,25.21,990.28 
14/11/2021T14:50:34Z,200,333,371,47.78,25.23,990.33 
14/11/2021T14:51:04Z,200,332,371,47.77,25.24,990.35 
14/11/2021T14:51:34Z,196,325,363,47.76,25.26,990.37 
14/11/2021T14:52:05Z,194,330,365,47.52,25.27,990.44 
14/11/2021T14:52:35Z,197,328,367,47.66,25.29,990.41 
14/11/2021T14:53:05Z,195,327,367,47.81,25.32,990.37 
14/11/2021T14:53:36Z,201,337,371,47.58,25.31,990.43 
14/11/2021T14:54:06Z,196,335,377,47.73,25.29,990.40 
14/11/2021T14:54:37Z,194,330,369,47.67,25.26,990.40 
14/11/2021T14:55:07Z,193,332,366,47.19,25.24,990.54 
14/11/2021T14:55:38Z,191,328,368,47.19,25.20,990.58 
14/11/2021T14:56:08Z,197,330,374,46.99,25.14,990.66 
14/11/2021T14:56:39Z,193,326,366,47.05,25.12,990.67 
14/11/2021T14:57:09Z,192,337,376,47.16,25.08,990.65 
14/11/2021T14:57:39Z,197,335,378,47.09,25.01,990.70 
14/11/2021T14:58:09Z,194,333,375,47.60,24.96,990.57 
14/11/2021T14:58:40Z,196,337,390,47.70,24.95,990.53 
14/11/2021T14:59:10Z,197,337,385,47.42,24.94,990.62 
14/11/2021T14:59:40Z,198,341,391,47.15,24.94,990.71 
14/11/2021T15:00:11Z,201,348,398,47.11,24.93,990.74 
14/11/2021T15:00:41Z,202,340,390,47.09,24.91,990.76 
14/11/2021T15:01:12Z,201,341,388,47.09,24.86,990.78 
14/11/2021T15:01:42Z,199,343,392,47.09,24.82,990.81 
14/11/2021T15:02:12Z,207,354,403,47.38,24.67,990.81 
14/11/2021T15:02:43Z,208,353,395,47.85,24.55,990.71 
14/11/2021T15:03:14Z,207,355,394,48.17,24.57,990.53 
14/11/2021T15:03:45Z,208,347,386,47.76,24.57,990.65 
14/11/2021T15:04:15Z,206,352,389,48.02,24.58,990.60 
14/11/2021T15:04:46Z,207,357,398,47.61,24.60,990.69 
14/11/2021T15:05:16Z,211,362,404,47.28,24.59,990.81 
14/11/2021T15:05:47Z,214,364,405,47.34,24.57,990.81 
14/11/2021T15:06:18Z,217,368,410,47.38,24.56,990.80 
14/11/2021T15:06:49Z,215,368,406,47.49,24.56,990.78 
14/11/2021T15:07:20Z,212,363,405,47.43,24.58,990.78 
14/11/2021T15:07:50Z,207,365,413,47.19,24.58,990.84 
14/11/2021T15:08:21Z,208,360,410,47.28,24.56,990.86 
14/11/2021T15:08:52Z,213,362,415,47.65,24.56,990.72 
14/11/2021T15:09:23Z,210,360,410,47.52,24.55,990.71 
14/11/2021T15:09:54Z,211,358,405,47.63,24.54,990.68 
14/11/2021T15:10:25Z,212,362,399,47.47,24.55,990.74 
14/11/2021T15:10:55Z,215,368,409,47.40,24.52,990.78 
14/11/2021T15:11:26Z,210,357,403,47.78,24.52,990.67 
14/11/2021T15:11:57Z,212,366,409,47.75,24.56,990.64 
14/11/2021T15:12:27Z,210,354,389,47.78,24.59,990.62 
14/11/2021T15:12:58Z,205,355,393,47.71,24.61,990.62 
14/11/2021T15:13:28Z,205,359,403,47.63,24.64,990.63 
14/11/2021T15:13:59Z,206,354,390,47.62,24.68,990.61 
14/11/2021T15:14:29Z,199,348,384,47.61,24.70,990.60 
14/11/2021T15:14:59Z,201,343,388,47.65,24.75,990.54 
14/11/2021T15:15:30Z,200,345,389,47.47,24.76,990.61 
14/11/2021T15:16:00Z,198,333,370,47.51,24.78,990.58 
14/11/2021T15:16:30Z,196,330,361,47.41,24.80,990.61 
14/11/2021T15:17:00Z,195,325,368,47.29,24.81,990.64 
14/11/2021T15:17:31Z,198,327,368,46.90,24.82,990.78 
14/11/2021T15:18:01Z,197,333,373,46.92,24.82,990.80 
14/11/2021T15:18:31Z,193,331,367,46.80,24.82,990.84 
14/11/2021T15:19:02Z,189,328,371,46.80,24.81,990.87 
14/11/2021T15:19:32Z,191,327,364,47.01,24.81,990.83 
14/11/2021T15:20:02Z,194,334,379,47.33,24.81,990.69 
14/11/2021T15:20:33Z,205,359,413,47.64,24.81,990.59 
14/11/2021T15:21:04Z,212,373,419,47.89,24.71,990.56 
14/11/2021T15:21:34Z,212,368,414,48.14,24.73,990.46 
14/11/2021T15:22:05Z,209,358,400,48.02,24.65,990.54 
14/11/2021T15:22:36Z,208,354,392,48.52,24.66,990.35 
14/11/2021T15:23:07Z,202,348,392,48.52,24.65,990.34 
14/11/2021T15:23:37Z,209,355,394,48.38,24.57,990.40 
14/11/2021T15:24:07Z,206,351,396,48.43,24.54,990.40 
14/11/2021T15:24:38Z,211,354,393,48.27,24.49,990.51 
14/11/2021T15:25:09Z,208,345,383,48.62,24.42,990.43 
14/11/2021T15:25:40Z,206,351,397,48.96,24.38,990.34 
14/11/2021T15:26:11Z,209,361,400,49.20,24.34,990.26 
14/11/2021T15:26:41Z,208,355,407,49.79,24.35,990.05 
14/11/2021T15:27:12Z,214,364,407,49.56,24.35,990.05 
14/11/2021T15:27:43Z,210,356,403,49.39,24.32,990.17 
14/11/2021T15:28:14Z,213,359,401,49.90,24.34,989.97 
14/11/2021T15:28:44Z,211,363,406,49.83,24.35,989.97 
14/11/2021T15:29:15Z,211,362,404,49.51,24.37,990.05 
14/11/2021T15:29:46Z,210,359,405,49.48,24.40,990.06 
14/11/2021T15:30:17Z,218,374,411,49.41,24.41,990.06 
14/11/2021T15:30:47Z,224,391,444,49.15,24.37,990.19 
14/11/2021T15:31:18Z,225,389,435,49.32,24.34,990.17 
14/11/2021T15:31:49Z,224,388,435,49.71,24.31,990.07 
14/11/2021T15:32:19Z,225,383,426,49.85,24.32,990.01 
14/11/2021T15:32:50Z,225,377,414,49.84,24.32,989.99 
14/11/2021T15:33:21Z,221,377,418,50.00,24.30,989.95 
14/11/2021T15:33:52Z,217,375,415,49.98,24.29,989.94 
14/11/2021T15:34:22Z,214,371,414,49.65,24.24,990.11 
14/11/2021T15:34:52Z,216,372,418,48.94,23.88,990.40 
14/11/2021T15:35:22Z,216,368,406,50.84,23.81,989.90 
14/11/2021T15:35:53Z,212,358,401,50.77,23.88,989.86 
14/11/2021T15:36:23Z,208,353,394,50.27,23.96,989.96 
14/11/2021T15:36:54Z,210,356,391,50.14,24.03,990.00 
14/11/2021T15:37:24Z,211,354,387,49.88,24.08,990.07 
14/11/2021T15:37:55Z,212,360,402,49.85,24.09,990.09 
14/11/2021T15:38:25Z,206,354,395,49.92,24.11,990.08 
14/11/2021T15:38:55Z,204,347,389,49.95,24.14,990.05 
14/11/2021T15:39:26Z,209,358,399,49.93,24.16,990.05 
14/11/2021T15:39:57Z,205,350,382,49.80,24.17,990.10 
14/11/2021T15:40:27Z,203,342,380,49.68,24.17,990.14 
14/11/2021T15:40:57Z,206,351,393,49.82,24.10,990.15 
14/11/2021T15:41:28Z,209,356,393,50.22,24.12,990.03 
14/11/2021T15:41:59Z,209,358,404,50.13,24.17,990.03 
14/11/2021T15:42:29Z,210,351,383,49.91,24.18,990.09 
14/11/2021T15:43:00Z,214,365,400,49.92,24.20,990.08 
14/11/2021T15:43:31Z,216,367,408,49.97,24.20,990.04 
14/11/2021T15:44:01Z,218,374,419,49.97,24.18,990.06 
14/11/2021T15:44:31Z,217,372,415,49.94,24.18,990.08 
14/11/2021T15:45:02Z,215,366,415,50.14,24.19,990.02 
14/11/2021T15:45:32Z,213,368,403,50.05,24.19,990.02 
14/11/2021T15:46:02Z,213,359,397,49.77,24.17,990.13 
14/11/2021T15:46:33Z,212,363,402,49.67,24.14,990.20 
14/11/2021T15:47:03Z,211,369,402,49.61,24.11,990.23 
14/11/2021T15:47:33Z,211,365,400,49.75,24.10,990.20 
14/11/2021T15:48:04Z,209,354,394,49.90,24.11,990.16 
14/11/2021T15:48:34Z,211,360,409,49.93,24.09,990.14 
14/11/2021T15:49:05Z,209,347,388,50.12,24.07,990.08 
14/11/2021T15:49:36Z,208,349,387,49.95,24.07,990.11 
14/11/2021T15:50:06Z,204,342,381,49.63,24.06,990.22 
14/11/2021T15:50:36Z,204,343,383,49.32,24.05,990.34 
14/11/2021T15:51:07Z,206,347,391,49.27,24.03,990.37 
14/11/2021T15:51:37Z,205,347,388,49.47,24.04,990.33 
14/11/2021T15:52:07Z,204,344,381,49.78,24.08,990.22 
14/11/2021T15:52:37Z,207,354,392,49.73,24.08,990.21 
14/11/2021T15:53:08Z,209,352,407,49.85,24.09,990.17 
14/11/2021T15:53:38Z,207,350,391,49.82,24.10,990.18 
14/11/2021T15:54:09Z,209,344,394,49.94,24.11,990.15 
14/11/2021T15:54:39Z,203,341,384,50.14,24.14,990.07 
14/11/2021T15:55:09Z,203,349,386,50.23,24.18,990.01 
14/11/2021T15:55:40Z,201,333,370,50.04,24.20,990.06 
14/11/2021T15:56:10Z,207,336,380,49.92,24.21,990.13 
14/11/2021T15:56:40Z,203,348,387,49.91,24.20,990.13 
14/11/2021T15:57:11Z,211,355,395,50.13,24.16,990.10 
14/11/2021T15:57:41Z,206,347,379,50.22,24.14,990.09 
14/11/2021T15:58:12Z,208,351,394,50.03,24.12,990.13 
14/11/2021T15:58:43Z,214,354,395,50.12,24.10,990.13 
14/11/2021T15:59:13Z,218,365,404,50.22,24.05,990.12 
14/11/2021T15:59:44Z,222,379,414,50.53,23.99,990.04 
14/11/2021T16:00:14Z,221,379,414,50.74,23.96,989.97 
14/11/2021T16:00:45Z,230,391,433,50.89,23.96,989.93 
14/11/2021T16:01:15Z,239,398,439,50.78,23.96,989.95 
14/11/2021T16:01:46Z,236,399,442,50.71,23.96,989.97 
14/11/2021T16:02:17Z,230,393,443,50.68,23.96,989.98 
14/11/2021T16:02:47Z,230,381,431,50.53,23.97,990.02 
14/11/2021T16:03:18Z,225,391,434,50.32,23.97,990.10 
14/11/2021T16:03:49Z,228,388,429,50.36,23.98,990.09 
14/11/2021T16:04:19Z,227,393,432,50.25,23.99,990.15 
14/11/2021T16:04:49Z,229,390,439,50.19,24.00,990.16 
14/11/2021T16:05:20Z,230,385,436,50.23,24.01,990.13 
14/11/2021T16:05:50Z,233,395,438,50.29,24.02,990.12 
14/11/2021T16:06:21Z,231,396,445,50.23,24.02,990.13 
14/11/2021T16:06:51Z,233,394,436,50.17,24.02,990.15 
14/11/2021T16:07:22Z,227,390,432,49.97,24.02,990.22 
14/11/2021T16:07:53Z,226,381,423,49.91,24.03,990.25 
14/11/2021T16:08:23Z,228,386,438,49.94,24.05,990.26 
14/11/2021T16:08:54Z,225,388,433,49.96,24.06,990.25 
14/11/2021T16:09:24Z,224,385,432,49.97,24.08,990.23 
14/11/2021T16:09:55Z,221,377,422,49.80,24.09,990.27 
14/11/2021T16:10:25Z,215,368,412,49.80,24.09,990.30 
14/11/2021T16:10:56Z,225,378,424,49.78,24.09,990.31 
14/11/2021T16:11:26Z,222,380,429,49.85,24.09,990.29 
14/11/2021T16:11:56Z,225,386,428,49.62,24.09,990.34 
14/11/2021T16:12:27Z,230,389,426,49.56,24.06,990.37 
14/11/2021T16:12:58Z,227,387,431,49.69,24.04,990.34 
14/11/2021T16:13:28Z,229,396,434,49.56,24.03,990.37 
14/11/2021T16:13:59Z,224,389,432,49.30,24.02,990.45 
14/11/2021T16:14:29Z,220,376,415,49.24,24.02,990.48 
14/11/2021T16:15:00Z,213,371,417,48.91,24.03,990.57 
14/11/2021T16:15:31Z,214,368,404,49.24,24.04,990.49 
14/11/2021T16:16:01Z,221,369,411,49.35,24.07,990.45 
14/11/2021T16:16:32Z,221,377,421,49.43,24.05,990.41 
14/11/2021T16:17:03Z,220,377,416,49.55,24.04,990.37 
14/11/2021T16:17:33Z,221,376,422,49.22,24.06,990.44 
14/11/2021T16:18:04Z,213,371,421,48.59,24.01,990.63 
14/11/2021T16:18:35Z,207,359,404,48.36,23.97,990.77 
14/11/2021T16:19:05Z,208,359,395,48.43,23.96,990.76 
14/11/2021T16:19:36Z,208,355,395,48.51,23.97,990.74 
14/11/2021T16:20:06Z,206,356,396,48.57,23.99,990.71 
14/11/2021T16:20:36Z,208,362,409,48.59,24.03,990.69 
14/11/2021T16:21:07Z,208,356,394,48.57,24.07,990.69 
14/11/2021T16:21:37Z,207,363,407,48.51,24.10,990.69 
14/11/2021T16:22:07Z,207,355,404,48.45,24.14,990.71 
14/11/2021T16:22:38Z,208,359,403,48.40,24.17,990.70 
14/11/2021T16:23:09Z,206,359,412,48.39,24.20,990.69 
14/11/2021T16:23:39Z,206,347,394,48.41,24.22,990.69 
14/11/2021T16:24:10Z,211,352,394,48.40,24.24,990.70 
14/11/2021T16:24:40Z,205,350,391,48.43,24.24,990.69 
14/11/2021T16:25:10Z,209,350,392,48.45,24.25,990.68 
14/11/2021T16:25:40Z,204,342,382,48.51,24.25,990.67 
14/11/2021T16:26:10Z,205,350,388,48.55,24.25,990.66 
14/11/2021T16:26:41Z,203,345,385,48.58,24.26,990.63 
14/11/2021T16:27:11Z,207,346,389,48.57,24.28,990.65 
14/11/2021T16:27:42Z,209,350,382,48.60,24.28,990.65 
14/11/2021T16:28:12Z,203,347,386,48.60,24.29,990.66 
14/11/2021T16:28:42Z,203,342,382,48.63,24.29,990.66 
14/11/2021T16:29:12Z,201,346,386,48.67,24.29,990.64 
14/11/2021T16:29:42Z,203,341,378,48.67,24.29,990.64 
14/11/2021T16:30:13Z,199,333,376,48.71,24.28,990.64 
14/11/2021T16:30:43Z,201,349,387,48.76,24.28,990.61 
14/11/2021T16:31:13Z,197,335,373,48.77,24.28,990.62 
14/11/2021T16:31:43Z,201,333,376,48.80,24.28,990.61 
14/11/2021T16:32:13Z,202,338,376,48.84,24.28,990.59 
14/11/2021T16:32:44Z,195,335,371,48.87,24.28,990.57 
14/11/2021T16:33:14Z,196,329,359,48.86,24.28,990.57 
14/11/2021T16:33:44Z,196,338,373,48.88,24.28,990.57 
14/11/2021T16:34:15Z,196,330,366,48.87,24.28,990.58 
14/11/2021T16:34:45Z,196,330,362,48.93,24.27,990.57 
14/11/2021T16:35:15Z,198,331,372,48.98,24.26,990.54 
14/11/2021T16:35:45Z,195,329,367,49.04,24.24,990.53 
14/11/2021T16:36:16Z,192,326,361,49.06,24.24,990.52 
14/11/2021T16:36:46Z,197,334,367,49.07,24.24,990.50 
14/11/2021T16:37:16Z,192,329,360,49.10,24.23,990.51 
14/11/2021T16:37:47Z,198,329,366,49.17,24.22,990.50 
14/11/2021T16:38:17Z,195,325,368,49.16,24.22,990.51 
14/11/2021T16:38:47Z,194,321,355,49.14,24.22,990.54 
14/11/2021T16:39:17Z,193,326,364,49.17,24.21,990.54 
14/11/2021T16:39:48Z,193,324,360,49.19,24.21,990.56 
14/11/2021T16:40:19Z,192,322,358,49.20,24.21,990.57 
14/11/2021T16:40:49Z,195,322,355,49.19,24.21,990.58 
14/11/2021T16:41:19Z,193,317,347,49.17,24.21,990.60 
14/11/2021T16:41:49Z,192,319,349,49.15,24.22,990.61 
14/11/2021T16:42:20Z,191,313,350,49.17,24.21,990.61 
14/11/2021T16:42:50Z,191,309,341,49.23,24.20,990.58 
14/11/2021T16:43:21Z,191,315,351,49.27,24.20,990.55 
14/11/2021T16:43:52Z,190,319,347,49.32,24.18,990.52 
14/11/2021T16:44:22Z,191,321,349,49.33,24.17,990.51 
14/11/2021T16:44:52Z,190,316,352,49.34,24.18,990.51 
14/11/2021T16:45:22Z,194,315,351,49.34,24.17,990.52 
14/11/2021T16:45:53Z,190,314,351,49.33,24.16,990.50 
14/11/2021T16:46:24Z,191,319,349,49.36,24.16,990.49 
14/11/2021T16:46:54Z,192,316,352,49.54,24.15,990.44 
14/11/2021T16:47:24Z,194,324,355,49.55,24.14,990.43 
14/11/2021T16:47:55Z,193,319,348,49.54,24.13,990.44 
14/11/2021T16:48:26Z,191,318,348,49.56,24.13,990.43 
14/11/2021T16:48:56Z,191,315,339,49.51,24.14,990.45 
14/11/2021T16:49:27Z,193,314,343,49.63,24.13,990.43 
14/11/2021T16:49:57Z,188,316,337,49.72,24.13,990.40 
14/11/2021T16:50:27Z,192,324,352,49.72,24.12,990.42 
14/11/2021T16:50:57Z,194,317,352,49.76,24.11,990.41 
14/11/2021T16:51:28Z,190,315,352,49.83,24.10,990.39 
14/11/2021T16:51:58Z,188,314,356,49.80,24.10,990.41 
14/11/2021T16:52:28Z,193,315,353,49.80,24.10,990.42 
14/11/2021T16:52:58Z,191,313,349,49.89,24.09,990.41 
14/11/2021T16:53:29Z,194,317,347,49.91,24.09,990.42 
14/11/2021T16:53:59Z,191,316,352,49.93,24.08,990.42 
14/11/2021T16:54:29Z,188,316,351,49.89,24.07,990.45 
14/11/2021T16:55:00Z,187,315,341,50.03,24.07,990.41 
14/11/2021T16:55:30Z,190,318,351,50.05,24.06,990.39 
14/11/2021T16:56:01Z,188,312,343,50.02,24.06,990.40 
14/11/2021T16:56:31Z,187,314,338,49.97,24.07,990.40 
14/11/2021T16:57:02Z,188,315,348,49.97,24.07,990.37 
14/11/2021T16:57:32Z,191,315,349,50.04,24.07,990.36 
14/11/2021T16:58:02Z,194,315,343,50.08,24.06,990.34 
14/11/2021T16:58:33Z,192,316,348,50.11,24.06,990.32 
14/11/2021T16:59:03Z,186,312,342,50.09,24.06,990.33 
14/11/2021T16:59:33Z,191,316,347,50.03,24.06,990.37 
14/11/2021T17:00:03Z,189,311,340,50.08,24.05,990.36 
14/11/2021T17:00:46Z,194,315,374,50.22,24.04,990.32 
