15/09/2021T00:00:09Z,6,7,8,62.78,30.34,980.30 
15/09/2021T00:00:40Z,4,5,6,62.76,30.34,980.30 
15/09/2021T00:01:11Z,5,6,7,62.74,30.35,980.31 
15/09/2021T00:01:42Z,5,6,6,62.77,30.35,980.28 
15/09/2021T00:02:13Z,6,6,9,62.80,30.34,980.29 
15/09/2021T00:02:44Z,6,7,7,62.80,30.34,980.31 
15/09/2021T00:03:15Z,6,8,8,62.76,30.35,980.32 
15/09/2021T00:03:46Z,5,7,8,62.80,30.34,980.32 
15/09/2021T00:04:16Z,6,7,7,62.82,30.34,980.31 
15/09/2021T00:04:47Z,5,7,8,62.81,30.33,980.32 
15/09/2021T00:05:18Z,6,7,7,62.74,30.34,980.32 
15/09/2021T00:05:49Z,6,8,9,62.80,30.35,980.32 
15/09/2021T00:06:19Z,5,6,8,62.80,30.35,980.32 
15/09/2021T00:06:50Z,6,7,9,62.84,30.34,980.32 
15/09/2021T00:07:21Z,6,7,7,62.84,30.34,980.31 
15/09/2021T00:07:52Z,5,6,7,62.80,30.34,980.30 
15/09/2021T00:08:23Z,7,8,8,62.85,30.34,980.31 
15/09/2021T00:08:54Z,6,8,8,62.86,30.33,980.31 
15/09/2021T00:09:25Z,6,7,8,62.87,30.33,980.32 
15/09/2021T00:09:56Z,5,6,7,62.84,30.33,980.34 
15/09/2021T00:10:26Z,7,8,8,62.85,30.33,980.34 
15/09/2021T00:10:57Z,6,7,8,62.88,30.33,980.37 
15/09/2021T00:11:28Z,6,9,9,62.84,30.34,980.36 
15/09/2021T00:11:59Z,6,7,8,62.88,30.33,980.37 
15/09/2021T00:12:30Z,6,7,8,62.86,30.32,980.38 
15/09/2021T00:13:01Z,5,6,6,62.82,30.33,980.39 
15/09/2021T00:13:32Z,5,7,8,62.84,30.33,980.38 
15/09/2021T00:14:02Z,6,7,8,62.86,30.33,980.39 
15/09/2021T00:14:33Z,6,10,11,62.90,30.32,980.40 
15/09/2021T00:15:04Z,5,6,8,62.84,30.33,980.39 
15/09/2021T00:15:34Z,5,6,6,62.84,30.33,980.40 
15/09/2021T00:16:05Z,5,7,7,62.83,30.33,980.42 
15/09/2021T00:16:36Z,6,7,7,62.84,30.34,980.41 
15/09/2021T00:17:07Z,5,7,8,62.82,30.34,980.42 
15/09/2021T00:17:38Z,6,8,8,62.86,30.33,980.44 
15/09/2021T00:18:09Z,5,6,6,62.82,30.33,980.43 
15/09/2021T00:18:40Z,5,6,7,62.85,30.33,980.41 
15/09/2021T00:19:11Z,6,6,7,62.86,30.33,980.41 
15/09/2021T00:19:41Z,6,8,8,62.86,30.33,980.43 
15/09/2021T00:20:12Z,6,7,7,62.84,30.33,980.44 
15/09/2021T00:20:43Z,6,7,7,62.82,30.33,980.45 
15/09/2021T00:21:14Z,5,6,6,62.84,30.33,980.46 
15/09/2021T00:21:45Z,6,7,8,62.85,30.33,980.46 
15/09/2021T00:22:16Z,6,7,7,62.87,30.32,980.49 
15/09/2021T00:22:47Z,6,7,7,62.85,30.33,980.49 
15/09/2021T00:23:18Z,5,6,6,62.89,30.32,980.48 
15/09/2021T00:23:48Z,6,7,8,62.87,30.32,980.49 
15/09/2021T00:24:19Z,6,7,7,62.88,30.32,980.49 
15/09/2021T00:24:50Z,6,8,8,62.82,30.33,980.49 
15/09/2021T00:25:21Z,5,6,7,62.84,30.32,980.49 
15/09/2021T00:25:51Z,6,8,9,62.84,30.33,980.48 
15/09/2021T00:26:21Z,7,9,9,62.90,30.32,980.49 
15/09/2021T00:26:52Z,6,7,7,62.93,30.31,980.48 
15/09/2021T00:27:23Z,6,7,7,62.89,30.33,980.46 
15/09/2021T00:27:54Z,5,6,8,62.90,30.32,980.46 
15/09/2021T00:28:25Z,5,6,7,62.83,30.33,980.45 
15/09/2021T00:28:56Z,6,7,8,62.86,30.33,980.45 
15/09/2021T00:29:27Z,6,8,9,62.85,30.33,980.47 
15/09/2021T00:29:57Z,7,8,8,62.82,30.34,980.48 
15/09/2021T00:30:28Z,5,6,7,62.82,30.34,980.49 
15/09/2021T00:30:59Z,7,8,9,62.89,30.33,980.49 
15/09/2021T00:31:30Z,6,6,7,62.90,30.32,980.46 
15/09/2021T00:32:01Z,6,8,10,62.93,30.31,980.45 
15/09/2021T00:32:32Z,6,7,8,62.93,30.32,980.45 
15/09/2021T00:33:03Z,5,6,8,62.94,30.31,980.44 
15/09/2021T00:33:34Z,7,9,9,62.92,30.31,980.45 
15/09/2021T00:34:04Z,6,8,8,62.94,30.31,980.44 
15/09/2021T00:34:35Z,6,7,7,62.94,30.31,980.44 
15/09/2021T00:35:06Z,7,8,9,62.96,30.30,980.44 
15/09/2021T00:35:37Z,6,8,8,63.00,30.30,980.45 
15/09/2021T00:36:07Z,6,8,10,62.96,30.30,980.46 
15/09/2021T00:36:38Z,6,8,9,62.94,30.31,980.49 
15/09/2021T00:37:08Z,6,7,8,62.91,30.31,980.49 
15/09/2021T00:37:39Z,6,8,8,62.96,30.31,980.47 
15/09/2021T00:38:10Z,6,8,8,62.93,30.32,980.46 
15/09/2021T00:38:41Z,7,9,9,62.91,30.32,980.47 
15/09/2021T00:39:12Z,7,9,9,62.94,30.31,980.48 
15/09/2021T00:39:42Z,7,8,10,62.92,30.31,980.49 
15/09/2021T00:40:13Z,7,9,9,62.93,30.31,980.50 
15/09/2021T00:40:44Z,7,8,9,62.93,30.31,980.52 
15/09/2021T00:41:15Z,7,8,9,62.88,30.32,980.52 
15/09/2021T00:41:45Z,6,8,9,62.90,30.32,980.52 
15/09/2021T00:42:16Z,7,8,9,62.84,30.33,980.53 
15/09/2021T00:42:47Z,6,10,10,62.87,30.33,980.55 
15/09/2021T00:43:18Z,6,8,9,62.86,30.33,980.56 
15/09/2021T00:43:48Z,7,8,9,62.89,30.33,980.57 
15/09/2021T00:44:19Z,8,10,12,62.88,30.32,980.60 
15/09/2021T00:44:50Z,6,8,9,62.84,30.33,980.61 
15/09/2021T00:45:21Z,6,7,7,62.86,30.33,980.62 
15/09/2021T00:45:52Z,6,8,8,62.87,30.33,980.63 
15/09/2021T00:46:23Z,7,9,10,62.84,30.34,980.65 
15/09/2021T00:46:54Z,7,9,9,62.86,30.34,980.66 
15/09/2021T00:47:25Z,6,7,7,62.91,30.33,980.65 
15/09/2021T00:47:55Z,8,10,10,62.88,30.33,980.67 
15/09/2021T00:48:26Z,7,10,10,62.90,30.33,980.67 
15/09/2021T00:48:57Z,7,9,10,62.91,30.33,980.69 
15/09/2021T00:49:28Z,8,10,11,62.95,30.32,980.70 
15/09/2021T00:49:58Z,8,9,10,62.91,30.33,980.72 
15/09/2021T00:50:29Z,7,9,10,62.90,30.34,980.71 
15/09/2021T00:51:00Z,7,9,9,62.88,30.33,980.71 
15/09/2021T00:51:31Z,7,9,12,62.87,30.34,980.73 
15/09/2021T00:52:02Z,6,7,7,62.93,30.33,980.73 
15/09/2021T00:52:33Z,8,10,10,62.93,30.33,980.77 
15/09/2021T00:53:04Z,7,9,9,62.91,30.33,980.78 
15/09/2021T00:53:35Z,7,8,8,62.97,30.33,980.79 
15/09/2021T00:54:05Z,7,9,9,62.89,30.34,980.80 
15/09/2021T00:54:36Z,6,7,7,62.92,30.34,980.80 
15/09/2021T00:55:07Z,8,9,9,62.87,30.35,980.80 
15/09/2021T00:55:38Z,8,9,10,62.86,30.35,980.81 
15/09/2021T00:56:09Z,6,8,8,62.89,30.35,980.83 
15/09/2021T00:56:40Z,7,9,9,62.89,30.35,980.85 
15/09/2021T00:57:11Z,7,9,9,62.93,30.35,980.85 
15/09/2021T00:57:42Z,8,9,9,62.95,30.34,980.84 
15/09/2021T00:58:12Z,8,9,9,62.92,30.34,980.84 
15/09/2021T00:58:43Z,8,10,11,62.93,30.34,980.85 
15/09/2021T00:59:14Z,8,11,12,62.96,30.34,980.84 
15/09/2021T00:59:45Z,8,9,10,63.04,30.33,980.86 
15/09/2021T01:00:15Z,9,11,11,62.96,30.34,980.87 
15/09/2021T01:00:46Z,8,10,10,63.01,30.33,980.87 
15/09/2021T01:01:17Z,6,7,7,63.02,30.33,980.87 
15/09/2021T01:01:48Z,6,8,9,62.97,30.34,980.88 
15/09/2021T01:02:18Z,8,10,10,63.00,30.33,980.87 
15/09/2021T01:02:49Z,7,8,8,62.94,30.35,980.86 
15/09/2021T01:03:20Z,7,7,9,62.96,30.34,980.88 
15/09/2021T01:03:51Z,8,10,10,62.95,30.34,980.88 
15/09/2021T01:04:22Z,7,9,10,62.97,30.34,980.88 
15/09/2021T01:04:52Z,7,10,11,62.90,30.36,980.91 
15/09/2021T01:05:23Z,7,9,10,63.02,30.34,980.92 
15/09/2021T01:05:54Z,7,8,8,62.96,30.34,980.93 
15/09/2021T01:06:25Z,8,10,10,62.97,30.35,980.93 
15/09/2021T01:06:55Z,7,10,12,63.00,30.35,980.93 
15/09/2021T01:07:26Z,7,9,9,63.03,30.34,980.95 
15/09/2021T01:07:56Z,8,9,9,63.00,30.35,980.94 
15/09/2021T01:08:27Z,8,11,12,62.95,30.35,980.95 
15/09/2021T01:08:58Z,7,9,10,62.98,30.35,980.93 
15/09/2021T01:09:29Z,7,8,8,63.00,30.35,980.94 
15/09/2021T01:10:00Z,7,9,9,63.07,30.34,980.94 
15/09/2021T01:10:31Z,8,10,10,63.05,30.34,980.96 
15/09/2021T01:11:02Z,8,9,9,63.06,30.34,980.97 
15/09/2021T01:11:32Z,7,9,9,63.03,30.35,980.96 
15/09/2021T01:12:03Z,7,9,11,63.01,30.35,980.96 
15/09/2021T01:12:34Z,8,9,11,63.03,30.35,980.97 
15/09/2021T01:13:04Z,8,10,10,63.03,30.35,980.97 
15/09/2021T01:13:35Z,7,9,10,62.98,30.36,980.96 
15/09/2021T01:14:05Z,8,10,10,62.99,30.36,980.97 
15/09/2021T01:14:36Z,8,9,9,63.00,30.36,980.97 
15/09/2021T01:15:07Z,8,10,10,63.01,30.36,980.98 
15/09/2021T01:15:38Z,9,10,10,62.98,30.36,980.97 
15/09/2021T01:16:09Z,9,10,10,62.91,30.38,980.98 
15/09/2021T01:16:40Z,7,7,8,62.99,30.37,981.00 
15/09/2021T01:17:11Z,9,10,10,63.06,30.36,981.02 
15/09/2021T01:17:42Z,7,8,10,62.98,30.37,981.01 
15/09/2021T01:18:12Z,7,8,8,63.02,30.37,981.01 
15/09/2021T01:18:43Z,9,10,10,63.03,30.37,981.04 
15/09/2021T01:19:14Z,7,8,9,63.08,30.36,981.06 
15/09/2021T01:19:45Z,7,8,9,63.02,30.37,981.06 
15/09/2021T01:20:16Z,8,10,10,63.05,30.37,981.05 
15/09/2021T01:20:47Z,7,8,9,63.03,30.37,981.07 
15/09/2021T01:21:18Z,7,9,9,63.00,30.38,981.07 
15/09/2021T01:21:49Z,8,9,9,62.96,30.38,981.08 
15/09/2021T01:22:19Z,8,10,10,62.99,30.38,981.08 
15/09/2021T01:22:50Z,8,9,10,63.00,30.38,981.09 
15/09/2021T01:23:21Z,8,9,10,62.97,30.39,981.13 
15/09/2021T01:23:52Z,8,10,11,62.94,30.39,981.12 
15/09/2021T01:24:23Z,8,10,10,62.88,30.40,981.14 
15/09/2021T01:24:54Z,8,9,10,62.84,30.41,981.13 
15/09/2021T01:25:25Z,8,10,10,62.95,30.40,981.14 
15/09/2021T01:25:56Z,8,9,9,62.89,30.41,981.12 
15/09/2021T01:26:26Z,8,9,10,63.00,30.40,981.12 
15/09/2021T01:26:57Z,7,9,10,62.97,30.40,981.15 
15/09/2021T01:27:28Z,8,10,11,62.95,30.40,981.16 
15/09/2021T01:27:59Z,8,11,11,62.96,30.40,981.15 
15/09/2021T01:28:29Z,7,9,10,62.97,30.40,981.14 
15/09/2021T01:29:00Z,8,10,11,63.00,30.40,981.12 
15/09/2021T01:29:31Z,7,10,10,63.04,30.40,981.12 
15/09/2021T01:30:02Z,7,9,9,63.00,30.40,981.14 
15/09/2021T01:30:33Z,8,9,10,62.99,30.40,981.15 
15/09/2021T01:31:04Z,8,11,13,63.00,30.40,981.14 
15/09/2021T01:31:35Z,8,10,10,62.94,30.41,981.14 
15/09/2021T01:32:05Z,7,11,11,62.98,30.41,981.15 
15/09/2021T01:32:35Z,8,11,11,62.98,30.41,981.16 
15/09/2021T01:33:06Z,8,9,9,62.94,30.41,981.16 
15/09/2021T01:33:37Z,8,9,9,63.06,30.40,981.16 
15/09/2021T01:34:08Z,9,10,10,63.04,30.40,981.16 
15/09/2021T01:34:39Z,7,10,11,63.06,30.40,981.16 
15/09/2021T01:35:09Z,7,8,9,63.08,30.40,981.15 
15/09/2021T01:35:40Z,8,9,9,63.13,30.39,981.18 
15/09/2021T01:36:11Z,8,10,11,63.13,30.40,981.15 
15/09/2021T01:36:42Z,9,11,11,63.16,30.40,981.16 
15/09/2021T01:37:13Z,7,9,10,63.18,30.39,981.14 
15/09/2021T01:37:44Z,7,9,10,63.17,30.40,981.16 
15/09/2021T01:38:15Z,8,9,9,63.10,30.40,981.16 
15/09/2021T01:38:45Z,8,10,11,63.04,30.42,981.15 
15/09/2021T01:39:15Z,8,10,12,63.14,30.41,981.16 
15/09/2021T01:39:46Z,8,10,11,63.18,30.41,981.19 
15/09/2021T01:40:17Z,8,9,10,63.20,30.40,981.20 
15/09/2021T01:40:48Z,9,11,11,63.16,30.41,981.20 
15/09/2021T01:41:19Z,9,12,12,63.17,30.41,981.21 
15/09/2021T01:41:49Z,8,11,13,63.17,30.41,981.19 
15/09/2021T01:42:20Z,8,9,10,63.15,30.41,981.17 
15/09/2021T01:42:51Z,7,9,9,63.08,30.42,981.21 
15/09/2021T01:43:22Z,8,10,10,63.09,30.43,981.22 
15/09/2021T01:43:53Z,8,10,11,63.23,30.42,981.22 
15/09/2021T01:44:23Z,9,11,12,63.26,30.41,981.25 
15/09/2021T01:44:53Z,9,11,13,63.14,30.42,981.25 
15/09/2021T01:45:24Z,9,11,12,63.24,30.42,981.25 
15/09/2021T01:45:55Z,8,9,10,63.28,30.42,981.27 
15/09/2021T01:46:26Z,9,10,11,63.13,30.43,981.28 
15/09/2021T01:46:57Z,8,11,11,63.09,30.44,981.30 
15/09/2021T01:47:28Z,10,12,12,63.22,30.44,981.27 
15/09/2021T01:47:59Z,7,9,10,63.28,30.43,981.28 
15/09/2021T01:48:29Z,10,12,14,63.40,30.42,981.31 
15/09/2021T01:49:00Z,9,12,12,63.41,30.41,981.32 
15/09/2021T01:49:31Z,9,12,13,63.39,30.41,981.33 
15/09/2021T01:50:02Z,8,11,11,63.25,30.43,981.34 
15/09/2021T01:50:33Z,9,12,12,63.23,30.44,981.35 
15/09/2021T01:51:04Z,8,11,12,63.41,30.43,981.33 
15/09/2021T01:51:34Z,10,12,14,63.35,30.43,981.36 
15/09/2021T01:52:04Z,8,10,12,63.36,30.43,981.37 
15/09/2021T01:52:35Z,9,12,14,63.32,30.43,981.37 
15/09/2021T01:53:05Z,9,11,11,63.32,30.43,981.37 
15/09/2021T01:53:36Z,8,10,11,63.27,30.44,981.39 
15/09/2021T01:54:07Z,9,10,11,63.21,30.45,981.39 
15/09/2021T01:54:38Z,10,12,12,63.25,30.45,981.40 
15/09/2021T01:55:08Z,9,11,12,63.25,30.45,981.42 
15/09/2021T01:55:39Z,9,11,12,63.26,30.45,981.42 
15/09/2021T01:56:10Z,8,11,13,63.23,30.45,981.42 
15/09/2021T01:56:41Z,9,11,11,63.17,30.46,981.42 
15/09/2021T01:57:12Z,9,11,11,63.20,30.46,981.44 
15/09/2021T01:57:43Z,9,11,13,63.23,30.46,981.46 
15/09/2021T01:58:14Z,9,10,11,63.23,30.46,981.45 
15/09/2021T01:58:44Z,9,12,13,63.26,30.46,981.45 
15/09/2021T01:59:15Z,9,12,12,63.23,30.46,981.46 
15/09/2021T01:59:46Z,10,11,11,63.22,30.47,981.47 
15/09/2021T02:00:16Z,9,11,12,63.23,30.47,981.49 
15/09/2021T02:00:47Z,9,14,15,63.11,30.48,981.50 
15/09/2021T02:01:18Z,9,12,12,63.20,30.48,981.50 
15/09/2021T02:01:48Z,9,11,11,63.18,30.48,981.52 
15/09/2021T02:02:19Z,8,10,10,63.11,30.48,981.52 
15/09/2021T02:02:50Z,9,11,11,63.14,30.49,981.53 
15/09/2021T02:03:21Z,9,11,12,63.30,30.47,981.53 
15/09/2021T02:03:52Z,9,11,12,63.28,30.47,981.52 
15/09/2021T02:04:23Z,9,11,11,63.18,30.48,981.54 
15/09/2021T02:04:53Z,9,11,12,63.24,30.48,981.55 
15/09/2021T02:05:24Z,11,14,14,63.41,30.47,981.55 
15/09/2021T02:05:55Z,9,11,11,63.36,30.47,981.56 
15/09/2021T02:06:25Z,10,12,12,63.42,30.47,981.56 
15/09/2021T02:06:55Z,10,12,12,63.39,30.47,981.57 
15/09/2021T02:07:26Z,9,10,11,63.31,30.47,981.57 
15/09/2021T02:07:57Z,10,11,13,63.32,30.48,981.57 
15/09/2021T02:08:28Z,9,12,12,63.34,30.48,981.58 
15/09/2021T02:08:59Z,10,12,13,63.35,30.48,981.58 
15/09/2021T02:09:30Z,10,12,12,63.28,30.49,981.58 
15/09/2021T02:10:01Z,9,10,11,63.31,30.49,981.58 
15/09/2021T02:10:32Z,11,12,13,63.34,30.49,981.59 
15/09/2021T02:11:02Z,10,12,12,63.19,30.50,981.60 
15/09/2021T02:11:33Z,9,10,10,63.23,30.50,981.60 
15/09/2021T02:12:04Z,9,11,13,63.13,30.51,981.61 
15/09/2021T02:12:35Z,10,13,13,63.34,30.50,981.63 
15/09/2021T02:13:06Z,9,10,10,63.20,30.51,981.63 
15/09/2021T02:13:37Z,10,12,12,63.18,30.51,981.61 
15/09/2021T02:14:08Z,9,10,11,63.11,30.52,981.63 
15/09/2021T02:14:39Z,10,11,12,63.21,30.52,981.62 
15/09/2021T02:15:09Z,9,10,11,63.27,30.51,981.62 
15/09/2021T02:15:40Z,9,12,15,63.23,30.50,981.62 
15/09/2021T02:16:11Z,9,12,13,63.27,30.51,981.61 
15/09/2021T02:16:41Z,9,10,11,63.30,30.51,981.61 
15/09/2021T02:17:12Z,9,11,13,63.26,30.50,981.63 
15/09/2021T02:17:42Z,9,11,11,63.24,30.50,981.64 
15/09/2021T02:18:13Z,8,11,11,63.28,30.50,981.65 
15/09/2021T02:18:44Z,9,11,11,63.16,30.51,981.65 
15/09/2021T02:19:15Z,9,10,10,63.12,30.53,981.64 
15/09/2021T02:19:45Z,10,13,14,63.16,30.52,981.65 
15/09/2021T02:20:16Z,10,13,14,63.13,30.52,981.66 
15/09/2021T02:20:47Z,10,13,13,63.08,30.53,981.64 
15/09/2021T02:21:18Z,9,11,11,63.13,30.52,981.64 
15/09/2021T02:21:48Z,10,14,15,63.19,30.51,981.63 
15/09/2021T02:22:19Z,8,11,11,63.12,30.51,981.64 
15/09/2021T02:22:50Z,9,13,14,63.07,30.52,981.63 
15/09/2021T02:23:21Z,9,11,11,63.08,30.53,981.63 
15/09/2021T02:23:51Z,9,12,12,63.06,30.53,981.63 
15/09/2021T02:24:22Z,10,12,12,63.14,30.52,981.65 
15/09/2021T02:24:53Z,8,10,11,63.14,30.52,981.64 
15/09/2021T02:25:24Z,10,12,13,63.16,30.51,981.64 
15/09/2021T02:25:55Z,9,10,12,63.11,30.53,981.64 
15/09/2021T02:26:26Z,8,10,10,63.15,30.51,981.66 
15/09/2021T02:26:57Z,9,11,12,63.08,30.52,981.65 
15/09/2021T02:27:28Z,9,10,11,63.09,30.52,981.66 
15/09/2021T02:27:58Z,10,11,12,63.02,30.54,981.67 
15/09/2021T02:28:29Z,7,8,10,63.01,30.55,981.68 
15/09/2021T02:29:00Z,9,10,11,63.06,30.54,981.67 
15/09/2021T02:29:30Z,10,13,15,63.06,30.53,981.67 
15/09/2021T02:30:01Z,9,12,13,63.03,30.53,981.67 
15/09/2021T02:30:31Z,9,12,13,63.02,30.53,981.68 
15/09/2021T02:31:01Z,10,11,12,63.08,30.53,981.70 
15/09/2021T02:31:32Z,10,12,12,63.15,30.52,981.71 
15/09/2021T02:32:03Z,9,12,12,63.04,30.53,981.73 
15/09/2021T02:32:33Z,8,11,12,63.07,30.53,981.73 
15/09/2021T02:33:03Z,8,10,11,63.07,30.53,981.74 
15/09/2021T02:33:34Z,10,12,12,63.08,30.53,981.72 
15/09/2021T02:34:05Z,8,9,10,63.06,30.54,981.73 
15/09/2021T02:34:36Z,9,10,11,63.01,30.55,981.75 
15/09/2021T02:35:07Z,8,11,12,63.02,30.55,981.76 
15/09/2021T02:35:37Z,10,12,13,63.07,30.55,981.73 
15/09/2021T02:36:08Z,9,11,13,63.05,30.55,981.74 
15/09/2021T02:36:38Z,10,13,13,63.11,30.54,981.73 
15/09/2021T02:37:09Z,12,13,14,63.16,30.53,981.74 
15/09/2021T02:37:40Z,10,12,12,63.09,30.54,981.76 
15/09/2021T02:38:10Z,9,13,14,63.10,30.53,981.75 
15/09/2021T02:38:41Z,9,12,13,63.07,30.54,981.75 
15/09/2021T02:39:12Z,10,12,14,63.16,30.53,981.75 
15/09/2021T02:39:43Z,10,13,15,63.15,30.53,981.76 
15/09/2021T02:40:14Z,11,13,15,63.14,30.54,981.78 
15/09/2021T02:40:44Z,10,14,14,63.22,30.54,981.78 
15/09/2021T02:41:15Z,8,10,10,63.17,30.54,981.78 
15/09/2021T02:41:46Z,9,12,14,63.20,30.54,981.78 
15/09/2021T02:42:16Z,9,13,14,63.24,30.54,981.78 
15/09/2021T02:42:47Z,9,11,13,63.18,30.54,981.78 
15/09/2021T02:43:18Z,10,11,12,63.21,30.54,981.78 
15/09/2021T02:43:49Z,10,12,12,63.16,30.54,981.80 
15/09/2021T02:44:20Z,10,12,14,63.16,30.54,981.79 
15/09/2021T02:44:51Z,10,13,14,63.20,30.54,981.80 
15/09/2021T02:45:21Z,10,13,13,63.20,30.54,981.80 
15/09/2021T02:45:51Z,11,14,14,63.27,30.53,981.77 
15/09/2021T02:46:22Z,10,12,12,63.24,30.54,981.77 
15/09/2021T02:46:53Z,10,12,14,63.24,30.54,981.78 
15/09/2021T02:47:24Z,10,12,12,63.24,30.54,981.79 
15/09/2021T02:47:55Z,11,14,14,63.12,30.56,981.80 
15/09/2021T02:48:26Z,12,15,16,63.18,30.56,981.80 
15/09/2021T02:48:57Z,10,12,13,63.15,30.56,981.81 
15/09/2021T02:49:28Z,10,12,12,63.16,30.55,981.80 
15/09/2021T02:49:59Z,9,10,10,63.16,30.55,981.80 
15/09/2021T02:50:30Z,9,11,11,63.15,30.55,981.79 
15/09/2021T02:51:01Z,9,11,12,63.20,30.54,981.77 
15/09/2021T02:51:31Z,9,11,12,63.16,30.55,981.76 
15/09/2021T02:52:02Z,10,12,12,63.20,30.55,981.78 
15/09/2021T02:52:33Z,10,12,12,63.26,30.54,981.77 
15/09/2021T02:53:04Z,10,12,12,63.27,30.55,981.78 
15/09/2021T02:53:35Z,10,12,13,63.26,30.54,981.78 
15/09/2021T02:54:06Z,10,12,13,63.17,30.55,981.78 
15/09/2021T02:54:37Z,10,12,12,63.21,30.55,981.78 
15/09/2021T02:55:08Z,10,12,13,63.22,30.54,981.77 
15/09/2021T02:55:38Z,10,13,13,63.23,30.54,981.77 
15/09/2021T02:56:09Z,9,11,12,63.22,30.54,981.75 
15/09/2021T02:56:40Z,10,12,12,63.24,30.54,981.74 
15/09/2021T02:57:11Z,10,11,12,63.28,30.54,981.74 
15/09/2021T02:57:42Z,9,10,12,63.29,30.54,981.74 
15/09/2021T02:58:13Z,8,9,10,63.28,30.53,981.74 
15/09/2021T02:58:44Z,8,10,11,63.26,30.54,981.73 
15/09/2021T02:59:15Z,10,11,12,63.15,30.55,981.72 
15/09/2021T02:59:45Z,8,10,10,63.16,30.55,981.71 
15/09/2021T03:00:16Z,8,10,11,63.18,30.55,981.73 
15/09/2021T03:00:47Z,9,11,12,63.16,30.55,981.73 
15/09/2021T03:01:17Z,9,11,11,63.20,30.55,981.73 
15/09/2021T03:01:47Z,9,14,14,63.26,30.55,981.72 
15/09/2021T03:02:18Z,11,13,14,63.39,30.54,981.72 
15/09/2021T03:02:49Z,11,13,16,63.26,30.55,981.72 
15/09/2021T03:03:20Z,10,12,13,63.23,30.55,981.74 
15/09/2021T03:03:50Z,11,14,14,63.19,30.57,981.75 
15/09/2021T03:04:21Z,9,12,13,63.22,30.55,981.74 
15/09/2021T03:04:51Z,11,14,15,63.20,30.56,981.74 
15/09/2021T03:05:21Z,9,12,13,63.23,30.56,981.73 
15/09/2021T03:05:52Z,10,12,13,63.20,30.56,981.72 
15/09/2021T03:06:23Z,10,11,13,63.22,30.57,981.72 
15/09/2021T03:06:54Z,9,12,14,63.18,30.58,981.72 
15/09/2021T03:07:24Z,9,12,13,63.32,30.56,981.71 
15/09/2021T03:07:54Z,10,13,14,63.28,30.57,981.70 
15/09/2021T03:08:25Z,8,10,11,63.30,30.57,981.72 
15/09/2021T03:08:55Z,9,14,15,63.34,30.56,981.73 
15/09/2021T03:09:26Z,9,11,14,63.30,30.56,981.71 
15/09/2021T03:09:57Z,8,9,10,63.30,30.57,981.72 
15/09/2021T03:10:28Z,8,12,13,63.24,30.57,981.72 
15/09/2021T03:10:59Z,10,13,13,63.21,30.57,981.71 
15/09/2021T03:11:30Z,9,12,12,63.21,30.56,981.74 
15/09/2021T03:12:01Z,9,12,14,63.16,30.56,981.75 
15/09/2021T03:12:31Z,9,12,13,63.18,30.55,981.75 
15/09/2021T03:13:02Z,10,14,15,63.16,30.56,981.76 
15/09/2021T03:13:33Z,10,12,15,63.10,30.57,981.77 
15/09/2021T03:14:04Z,9,13,13,63.03,30.57,981.76 
15/09/2021T03:14:35Z,10,12,12,62.96,30.56,981.77 
15/09/2021T03:15:05Z,10,12,13,63.11,30.55,981.77 
15/09/2021T03:15:36Z,9,10,11,63.09,30.55,981.79 
15/09/2021T03:16:07Z,8,12,13,63.02,30.56,981.80 
15/09/2021T03:16:38Z,10,13,14,63.02,30.56,981.82 
15/09/2021T03:17:08Z,9,13,14,62.99,30.55,981.82 
15/09/2021T03:17:39Z,9,12,13,62.95,30.55,981.81 
15/09/2021T03:18:10Z,10,12,14,62.99,30.55,981.84 
15/09/2021T03:18:41Z,10,13,13,62.92,30.55,981.89 
15/09/2021T03:19:11Z,9,10,10,62.82,30.56,981.88 
15/09/2021T03:19:41Z,9,11,13,62.83,30.56,981.86 
15/09/2021T03:20:11Z,9,13,15,62.65,30.57,981.87 
15/09/2021T03:20:42Z,10,12,14,62.71,30.57,981.87 
15/09/2021T03:21:12Z,10,14,14,62.95,30.58,981.87 
15/09/2021T03:21:42Z,11,13,14,62.91,30.59,981.90 
15/09/2021T03:22:12Z,12,18,20,62.88,30.59,981.90 
15/09/2021T03:22:43Z,11,16,17,62.82,30.59,981.89 
15/09/2021T03:23:13Z,13,18,21,62.77,30.58,981.90 
15/09/2021T03:23:43Z,11,17,17,62.81,30.60,981.93 
15/09/2021T03:24:14Z,12,16,18,62.94,30.60,981.92 
15/09/2021T03:24:45Z,14,18,19,62.92,30.60,981.93 
15/09/2021T03:25:16Z,14,19,20,62.84,30.60,981.97 
15/09/2021T03:25:47Z,15,18,21,62.69,30.60,981.97 
15/09/2021T03:26:17Z,13,16,16,62.61,30.60,981.97 
15/09/2021T03:26:48Z,12,16,18,62.64,30.61,981.98 
15/09/2021T03:27:18Z,14,19,21,62.53,30.61,981.99 
15/09/2021T03:27:48Z,15,19,21,62.68,30.60,982.00 
15/09/2021T03:28:19Z,13,18,19,62.72,30.61,981.99 
15/09/2021T03:28:50Z,13,16,17,62.58,30.61,981.99 
15/09/2021T03:29:20Z,13,17,17,62.58,30.61,981.99 
15/09/2021T03:29:50Z,12,15,17,62.62,30.62,981.97 
15/09/2021T03:30:21Z,13,17,17,62.52,30.62,981.97 
15/09/2021T03:30:51Z,13,16,17,62.57,30.63,981.97 
15/09/2021T03:31:22Z,11,17,18,62.21,30.63,982.00 
15/09/2021T03:31:52Z,12,16,17,62.07,30.63,982.00 
15/09/2021T03:32:23Z,13,18,18,62.37,30.63,981.99 
15/09/2021T03:32:54Z,16,20,21,62.68,30.62,981.97 
15/09/2021T03:33:24Z,14,20,22,62.66,30.61,981.99 
15/09/2021T03:33:55Z,14,19,23,62.66,30.62,981.99 
15/09/2021T03:34:25Z,18,24,25,62.86,30.63,982.00 
15/09/2021T03:34:56Z,19,25,28,62.74,30.63,982.01 
15/09/2021T03:35:27Z,20,25,27,62.66,30.64,982.02 
15/09/2021T03:35:57Z,21,30,33,62.48,30.65,982.00 
15/09/2021T03:36:28Z,24,33,36,62.39,30.65,982.00 
15/09/2021T03:36:58Z,21,29,31,62.46,30.67,982.00 
15/09/2021T03:37:29Z,24,34,38,62.23,30.67,981.98 
15/09/2021T03:37:59Z,26,37,44,62.31,30.68,981.98 
15/09/2021T03:38:30Z,27,37,44,62.33,30.69,981.97 
15/09/2021T03:39:00Z,25,35,41,62.29,30.69,981.98 
15/09/2021T03:39:31Z,21,27,28,62.16,30.70,982.00 
15/09/2021T03:40:01Z,23,32,36,62.12,30.70,981.99 
15/09/2021T03:40:31Z,24,33,39,62.37,30.70,982.00 
15/09/2021T03:41:02Z,22,32,35,62.14,30.69,982.03 
15/09/2021T03:41:33Z,20,29,32,61.91,30.67,982.02 
15/09/2021T03:42:03Z,20,28,30,62.10,30.68,982.00 
15/09/2021T03:42:33Z,22,29,33,62.40,30.69,981.99 
15/09/2021T03:43:03Z,19,25,26,62.18,30.71,982.00 
15/09/2021T03:43:34Z,20,26,27,61.79,30.72,982.02 
15/09/2021T03:44:04Z,19,23,24,61.27,30.71,982.02 
15/09/2021T03:44:35Z,19,23,24,61.28,30.71,982.01 
15/09/2021T03:45:05Z,19,24,25,61.33,30.71,982.01 
15/09/2021T03:45:36Z,16,20,21,61.25,30.72,981.99 
15/09/2021T03:46:06Z,17,21,22,61.42,30.73,981.97 
15/09/2021T03:46:36Z,15,18,19,61.32,30.74,981.98 
15/09/2021T03:47:07Z,16,20,21,61.38,30.75,981.98 
15/09/2021T03:47:38Z,16,21,24,61.35,30.76,981.97 
15/09/2021T03:48:09Z,16,20,22,61.11,30.75,981.98 
15/09/2021T03:48:39Z,16,21,22,61.13,30.75,981.97 
15/09/2021T03:49:10Z,15,20,20,60.97,30.74,982.00 
15/09/2021T03:49:40Z,15,20,21,61.08,30.74,981.99 
15/09/2021T03:50:11Z,14,18,20,60.99,30.75,981.99 
15/09/2021T03:50:42Z,14,18,19,60.84,30.74,982.02 
15/09/2021T03:51:12Z,15,21,22,60.87,30.75,982.02 
15/09/2021T03:51:43Z,15,19,20,60.79,30.75,982.03 
15/09/2021T03:52:14Z,16,20,21,60.90,30.76,982.02 
15/09/2021T03:52:45Z,16,19,21,60.96,30.77,982.03 
15/09/2021T03:53:16Z,16,20,22,60.88,30.78,982.05 
15/09/2021T03:53:46Z,15,19,20,60.75,30.76,982.03 
15/09/2021T03:54:17Z,13,17,18,60.85,30.74,982.02 
15/09/2021T03:54:48Z,15,18,19,60.87,30.75,982.02 
15/09/2021T03:55:18Z,15,19,19,60.80,30.76,982.02 
15/09/2021T03:55:48Z,15,20,21,60.91,30.77,982.02 
15/09/2021T03:56:19Z,15,19,20,60.66,30.76,982.04 
15/09/2021T03:56:49Z,15,19,20,60.72,30.76,982.03 
15/09/2021T03:57:20Z,14,18,20,60.56,30.75,982.04 
15/09/2021T03:57:51Z,14,19,20,60.51,30.75,982.03 
15/09/2021T03:58:21Z,15,19,21,60.63,30.77,982.01 
15/09/2021T03:58:52Z,15,19,20,60.55,30.78,982.03 
15/09/2021T03:59:22Z,13,18,20,60.27,30.76,982.05 
15/09/2021T03:59:53Z,14,17,18,60.48,30.75,982.04 
15/09/2021T04:00:24Z,15,17,18,60.66,30.75,982.02 
15/09/2021T04:00:55Z,14,18,20,60.53,30.76,982.06 
15/09/2021T04:01:25Z,12,17,18,60.34,30.75,982.07 
15/09/2021T04:01:56Z,14,20,21,60.51,30.74,982.07 
15/09/2021T04:02:26Z,14,17,18,60.32,30.73,982.10 
15/09/2021T04:02:57Z,14,18,19,60.32,30.73,982.09 
15/09/2021T04:03:28Z,13,15,16,60.61,30.72,982.05 
15/09/2021T04:03:59Z,15,18,19,60.72,30.73,982.09 
15/09/2021T04:04:29Z,14,17,17,60.43,30.74,982.10 
15/09/2021T04:05:00Z,13,15,16,60.17,30.74,982.13 
15/09/2021T04:05:31Z,15,18,19,60.19,30.74,982.13 
15/09/2021T04:06:01Z,15,19,22,60.27,30.75,982.14 
15/09/2021T04:06:32Z,13,17,17,60.19,30.77,982.10 
15/09/2021T04:07:03Z,14,17,18,59.83,30.78,982.12 
15/09/2021T04:07:33Z,14,18,19,59.72,30.77,982.16 
15/09/2021T04:08:04Z,12,16,16,59.68,30.77,982.16 
15/09/2021T04:08:34Z,14,18,20,59.59,30.77,982.16 
15/09/2021T04:09:05Z,12,17,18,59.42,30.77,982.16 
15/09/2021T04:09:35Z,13,17,18,59.45,30.77,982.15 
15/09/2021T04:10:06Z,14,16,18,59.51,30.77,982.17 
15/09/2021T04:10:36Z,15,17,17,59.11,30.75,982.23 
15/09/2021T04:11:07Z,12,16,16,58.77,30.65,982.27 
15/09/2021T04:11:38Z,10,13,13,57.79,30.50,982.34 
15/09/2021T04:12:09Z,9,12,12,57.76,30.35,982.31 
15/09/2021T04:12:40Z,10,12,13,58.31,30.31,982.26 
15/09/2021T04:13:11Z,10,12,13,58.83,30.32,982.17 
15/09/2021T04:13:42Z,10,12,13,59.12,30.34,982.18 
15/09/2021T04:14:12Z,11,16,19,59.56,30.32,982.16 
15/09/2021T04:14:43Z,11,20,25,59.47,30.27,982.20 
15/09/2021T04:15:13Z,11,19,27,59.59,30.21,982.20 
15/09/2021T04:15:44Z,12,19,26,59.72,30.19,982.19 
15/09/2021T04:16:14Z,13,23,39,60.00,30.16,982.18 
15/09/2021T04:16:45Z,13,24,38,60.37,30.12,982.18 
15/09/2021T04:17:15Z,12,21,32,60.53,30.10,982.20 
15/09/2021T04:17:46Z,11,17,25,60.65,30.04,982.18 
15/09/2021T04:18:16Z,9,13,16,60.38,29.98,982.24 
15/09/2021T04:18:47Z,10,16,22,60.08,29.92,982.27 
15/09/2021T04:19:17Z,8,12,15,59.57,29.87,982.29 
15/09/2021T04:19:47Z,9,13,14,58.94,29.82,982.35 
15/09/2021T04:20:18Z,10,12,12,58.97,29.82,982.32 
15/09/2021T04:20:49Z,10,14,16,60.86,29.79,982.26 
15/09/2021T04:21:20Z,10,14,16,60.15,29.65,982.34 
15/09/2021T04:21:50Z,10,14,15,59.28,29.43,982.42 
15/09/2021T04:22:21Z,10,14,18,58.88,29.19,982.45 
15/09/2021T04:22:51Z,10,14,16,58.00,28.93,982.60 
15/09/2021T04:23:22Z,8,11,12,58.02,28.71,982.56 
15/09/2021T04:23:52Z,8,10,14,57.22,28.58,982.70 
15/09/2021T04:24:23Z,8,10,12,56.99,28.50,982.71 
15/09/2021T04:24:54Z,8,10,14,56.12,28.35,982.85 
15/09/2021T04:25:25Z,9,13,14,55.70,28.18,982.94 
15/09/2021T04:25:55Z,9,11,14,55.26,28.01,983.02 
15/09/2021T04:26:26Z,8,10,13,54.79,27.84,983.07 
15/09/2021T04:26:57Z,7,9,10,54.69,27.73,983.09 
15/09/2021T04:27:28Z,8,12,15,54.37,27.69,983.12 
15/09/2021T04:27:59Z,9,10,13,53.43,27.77,983.33 
15/09/2021T04:28:30Z,8,10,13,52.68,27.81,983.43 
15/09/2021T04:29:00Z,10,14,15,52.81,27.73,983.31 
15/09/2021T04:29:31Z,9,12,14,52.86,27.57,983.29 
15/09/2021T04:30:01Z,9,12,15,52.17,27.52,983.50 
15/09/2021T04:30:32Z,9,13,13,53.08,27.59,983.15 
15/09/2021T04:31:02Z,10,14,16,53.76,27.62,982.97 
15/09/2021T04:31:33Z,10,13,14,52.80,27.79,983.26 
15/09/2021T04:32:04Z,8,11,14,52.35,28.01,983.33 
15/09/2021T04:32:35Z,8,11,14,52.08,28.22,983.34 
15/09/2021T04:33:05Z,9,11,13,52.22,28.43,983.22 
15/09/2021T04:33:36Z,9,13,15,52.41,28.59,983.10 
15/09/2021T04:34:07Z,9,12,15,52.24,28.75,983.12 
15/09/2021T04:34:38Z,9,13,14,52.26,28.95,983.09 
15/09/2021T04:35:08Z,9,12,13,51.98,29.10,983.15 
15/09/2021T04:35:39Z,10,13,14,51.74,29.19,983.14 
15/09/2021T04:36:10Z,10,13,14,51.70,29.27,983.15 
15/09/2021T04:36:41Z,9,12,12,51.68,29.33,983.16 
15/09/2021T04:37:12Z,9,12,14,51.83,29.37,983.05 
15/09/2021T04:37:43Z,8,11,13,51.97,29.41,983.00 
15/09/2021T04:38:14Z,9,12,14,52.11,29.46,982.87 
15/09/2021T04:38:44Z,9,12,13,52.20,29.49,982.87 
15/09/2021T04:39:15Z,10,13,14,52.35,29.52,982.82 
15/09/2021T04:39:46Z,9,11,11,52.50,29.54,982.77 
15/09/2021T04:40:17Z,10,12,13,52.58,29.56,982.78 
15/09/2021T04:40:48Z,10,12,13,52.62,29.58,982.80 
15/09/2021T04:41:18Z,10,13,13,52.82,29.59,982.71 
15/09/2021T04:41:49Z,9,12,13,52.91,29.60,982.71 
15/09/2021T04:42:20Z,8,11,12,53.07,29.62,982.66 
15/09/2021T04:42:51Z,8,11,12,53.17,29.65,982.65 
15/09/2021T04:43:21Z,9,12,13,53.32,29.68,982.64 
15/09/2021T04:43:52Z,10,14,14,53.42,29.68,982.60 
15/09/2021T04:44:22Z,10,13,14,53.42,29.72,982.57 
15/09/2021T04:44:53Z,10,11,12,53.42,29.75,982.62 
15/09/2021T04:45:24Z,9,12,12,53.60,29.74,982.61 
15/09/2021T04:45:55Z,9,12,14,53.69,29.74,982.57 
15/09/2021T04:46:26Z,9,11,11,53.84,29.73,982.54 
15/09/2021T04:46:57Z,9,12,14,53.91,29.74,982.57 
15/09/2021T04:47:27Z,10,12,13,53.96,29.75,982.54 
15/09/2021T04:47:58Z,9,13,14,54.27,29.76,982.48 
15/09/2021T04:48:29Z,10,13,14,54.40,29.69,982.51 
15/09/2021T04:48:59Z,11,14,14,54.62,29.33,982.51 
15/09/2021T04:49:30Z,11,14,15,55.93,29.12,982.45 
15/09/2021T04:50:01Z,10,14,16,54.99,28.91,982.76 
15/09/2021T04:50:32Z,11,13,14,54.44,28.78,982.88 
15/09/2021T04:51:03Z,11,14,14,54.18,28.57,982.93 
15/09/2021T04:51:34Z,10,13,13,54.00,28.42,982.97 
15/09/2021T04:52:04Z,10,15,16,53.79,28.31,983.03 
15/09/2021T04:52:35Z,10,12,13,53.49,28.22,983.13 
15/09/2021T04:53:06Z,10,14,16,53.34,28.15,983.16 
15/09/2021T04:53:36Z,11,15,16,53.15,28.05,983.17 
15/09/2021T04:54:06Z,10,14,16,53.40,27.92,983.09 
15/09/2021T04:54:37Z,11,15,16,53.98,27.81,982.90 
15/09/2021T04:55:07Z,11,17,19,53.99,27.81,982.92 
15/09/2021T04:55:37Z,13,18,18,54.21,27.79,982.85 
15/09/2021T04:56:07Z,14,19,21,53.90,27.80,982.96 
15/09/2021T04:56:38Z,13,18,19,53.74,27.76,983.02 
15/09/2021T04:57:08Z,15,18,19,53.82,27.70,982.99 
15/09/2021T04:57:39Z,13,17,18,54.90,27.71,982.65 
15/09/2021T04:58:10Z,13,17,18,54.88,27.77,982.70 
15/09/2021T04:58:41Z,13,17,18,55.17,27.83,982.63 
15/09/2021T04:59:11Z,13,17,17,55.59,27.90,982.53 
15/09/2021T04:59:42Z,14,18,20,55.55,27.88,982.61 
15/09/2021T05:00:13Z,14,19,20,55.74,27.86,982.58 
15/09/2021T05:00:43Z,12,16,17,56.11,27.82,982.53 
15/09/2021T05:01:14Z,12,17,18,56.19,27.79,982.56 
15/09/2021T05:01:44Z,13,18,19,56.17,27.72,982.57 
15/09/2021T05:02:14Z,12,16,19,56.11,27.67,982.61 
15/09/2021T05:02:44Z,11,14,16,56.22,27.64,982.58 
15/09/2021T05:03:15Z,12,15,15,56.42,27.59,982.55 
15/09/2021T05:03:45Z,11,14,14,56.71,27.51,982.49 
15/09/2021T05:04:16Z,11,14,16,55.68,27.34,982.83 
15/09/2021T05:04:47Z,12,15,16,54.30,27.01,983.18 
15/09/2021T05:05:17Z,11,15,15,53.67,26.75,983.35 
15/09/2021T05:05:48Z,10,12,13,53.57,26.42,983.39 
15/09/2021T05:06:19Z,11,14,14,53.26,26.22,983.47 
15/09/2021T05:06:50Z,11,16,16,52.68,26.18,983.68 
15/09/2021T05:07:21Z,11,15,17,52.27,26.02,983.79 
15/09/2021T05:07:51Z,10,14,16,52.18,25.90,983.76 
15/09/2021T05:08:22Z,11,14,15,51.50,25.81,983.97 
15/09/2021T05:08:53Z,9,11,14,51.82,25.81,983.82 
15/09/2021T05:09:24Z,11,14,16,51.51,25.65,983.89 
15/09/2021T05:09:54Z,10,14,15,51.28,25.53,984.01 
15/09/2021T05:10:25Z,11,15,16,51.46,25.41,983.93 
15/09/2021T05:10:56Z,11,14,15,51.04,25.40,984.06 
15/09/2021T05:11:27Z,11,14,14,51.01,25.42,984.04 
15/09/2021T05:11:57Z,10,15,17,50.39,25.38,984.24 
15/09/2021T05:12:27Z,10,14,15,50.26,25.35,984.29 
15/09/2021T05:12:58Z,10,13,14,49.95,25.26,984.37 
15/09/2021T05:13:29Z,9,13,14,50.14,25.21,984.28 
15/09/2021T05:14:00Z,10,13,14,50.07,25.09,984.30 
15/09/2021T05:14:30Z,10,13,14,50.36,25.01,984.17 
15/09/2021T05:15:01Z,10,13,17,50.10,25.04,984.29 
15/09/2021T05:15:32Z,9,11,12,50.26,25.00,984.17 
15/09/2021T05:16:02Z,11,15,15,49.93,24.95,984.30 
15/09/2021T05:16:33Z,10,15,18,50.10,24.89,984.23 
15/09/2021T05:17:03Z,11,16,17,50.17,24.85,984.19 
15/09/2021T05:17:34Z,10,12,13,49.84,24.88,984.31 
15/09/2021T05:18:05Z,10,13,14,49.97,24.83,984.24 
15/09/2021T05:18:35Z,11,16,17,49.60,24.77,984.38 
15/09/2021T05:19:06Z,9,12,13,49.78,24.73,984.32 
15/09/2021T05:19:37Z,10,13,15,49.52,24.69,984.37 
15/09/2021T05:20:08Z,11,15,15,49.65,24.69,984.30 
15/09/2021T05:20:39Z,11,14,14,49.06,24.70,984.54 
15/09/2021T05:21:10Z,12,15,16,49.21,24.61,984.46 
15/09/2021T05:21:41Z,11,14,15,49.11,24.59,984.51 
15/09/2021T05:22:11Z,10,15,15,49.05,24.57,984.50 
15/09/2021T05:22:42Z,10,14,15,49.21,24.54,984.42 
15/09/2021T05:23:12Z,10,14,17,49.20,24.56,984.41 
15/09/2021T05:23:43Z,10,15,15,48.90,24.57,984.51 
15/09/2021T05:24:14Z,9,13,14,48.88,24.57,984.47 
15/09/2021T05:24:44Z,10,13,14,48.82,24.49,984.51 
15/09/2021T05:25:15Z,9,12,14,48.83,24.50,984.47 
15/09/2021T05:25:46Z,10,12,14,48.92,24.48,984.41 
15/09/2021T05:26:17Z,11,14,16,48.83,24.48,984.43 
15/09/2021T05:26:48Z,11,12,13,48.77,24.49,984.43 
15/09/2021T05:27:19Z,10,12,14,48.57,24.51,984.51 
15/09/2021T05:27:50Z,11,13,13,49.14,24.39,984.24 
15/09/2021T05:28:20Z,10,13,13,49.12,24.36,984.21 
15/09/2021T05:28:51Z,10,13,14,49.57,24.37,984.01 
15/09/2021T05:29:22Z,9,14,15,49.61,24.35,983.99 
15/09/2021T05:29:53Z,10,13,15,49.47,24.37,984.03 
15/09/2021T05:30:23Z,10,12,15,49.56,24.51,983.98 
15/09/2021T05:30:54Z,9,12,13,48.50,24.74,984.42 
15/09/2021T05:31:25Z,10,14,17,47.97,24.83,984.62 
15/09/2021T05:31:56Z,9,14,17,47.56,24.84,984.77 
15/09/2021T05:32:27Z,9,12,12,47.45,24.87,984.80 
15/09/2021T05:32:58Z,9,12,14,47.24,24.85,984.87 
15/09/2021T05:33:29Z,9,12,13,47.74,24.85,984.64 
15/09/2021T05:33:59Z,9,13,16,48.08,24.76,984.48 
15/09/2021T05:34:30Z,9,12,12,48.47,24.73,984.32 
15/09/2021T05:35:01Z,8,11,11,48.60,24.62,984.22 
15/09/2021T05:35:32Z,10,12,12,48.42,24.65,984.28 
15/09/2021T05:36:03Z,9,12,13,48.13,24.65,984.43 
15/09/2021T05:36:34Z,10,13,14,47.90,24.64,984.51 
15/09/2021T05:37:04Z,10,14,15,48.57,24.55,984.25 
15/09/2021T05:37:35Z,9,12,13,47.92,24.51,984.48 
15/09/2021T05:38:06Z,11,14,15,47.90,24.46,984.53 
15/09/2021T05:38:37Z,10,14,14,47.70,24.44,984.59 
15/09/2021T05:39:08Z,10,13,15,47.81,24.39,984.56 
15/09/2021T05:39:39Z,10,12,13,47.67,24.40,984.59 
15/09/2021T05:40:10Z,9,11,11,47.63,24.37,984.63 
15/09/2021T05:40:40Z,9,12,13,47.72,24.33,984.57 
15/09/2021T05:41:11Z,9,11,13,47.88,24.34,984.45 
15/09/2021T05:41:42Z,8,11,13,47.72,24.33,984.52 
15/09/2021T05:42:12Z,10,14,15,47.52,24.27,984.60 
15/09/2021T05:42:43Z,10,13,13,47.57,24.24,984.59 
15/09/2021T05:43:13Z,9,13,13,47.25,24.23,984.72 
15/09/2021T05:43:44Z,11,15,16,47.46,24.13,984.65 
15/09/2021T05:44:15Z,11,14,15,47.70,24.15,984.50 
15/09/2021T05:44:46Z,10,13,15,47.61,24.13,984.59 
15/09/2021T05:45:17Z,10,13,16,47.41,24.17,984.59 
15/09/2021T05:45:47Z,9,14,16,47.11,24.16,984.69 
15/09/2021T05:46:17Z,11,16,16,46.85,24.12,984.80 
15/09/2021T05:46:48Z,11,14,15,47.07,24.11,984.70 
15/09/2021T05:47:19Z,11,15,17,46.90,24.14,984.75 
15/09/2021T05:47:49Z,10,15,16,46.80,24.16,984.79 
15/09/2021T05:49:53Z,12,15,15,44.58,24.97,985.48 
15/09/2021T05:50:24Z,10,13,15,45.38,24.67,985.21 
15/09/2021T05:50:55Z,11,14,16,45.68,24.51,985.07 
15/09/2021T05:51:26Z,12,18,20,46.36,24.31,984.80 
15/09/2021T05:51:57Z,12,16,17,47.36,24.23,984.34 
15/09/2021T05:52:27Z,12,15,16,47.26,24.13,984.38 
15/09/2021T05:52:58Z,15,22,25,47.02,24.02,984.49 
15/09/2021T05:53:29Z,22,34,40,47.00,23.98,984.50 
15/09/2021T05:53:59Z,23,35,44,46.66,23.96,984.64 
15/09/2021T05:54:30Z,26,41,53,46.65,23.99,984.63 
15/09/2021T05:55:01Z,26,41,51,46.44,23.90,984.71 
15/09/2021T05:55:31Z,26,41,51,46.82,23.84,984.56 
15/09/2021T05:56:02Z,26,41,50,46.62,23.79,984.64 
15/09/2021T05:56:32Z,26,40,50,46.56,23.79,984.66 
15/09/2021T05:57:02Z,26,41,50,46.45,23.72,984.71 
15/09/2021T05:57:33Z,25,39,48,46.41,23.69,984.71 
15/09/2021T05:58:04Z,25,38,47,46.60,23.72,984.64 
15/09/2021T05:58:35Z,25,39,47,46.19,23.72,984.77 
15/09/2021T05:59:05Z,25,39,49,46.36,23.73,984.70 
15/09/2021T05:59:36Z,24,37,46,46.00,23.70,984.79 
15/09/2021T06:00:07Z,24,35,43,46.38,23.65,984.65 
15/09/2021T06:00:37Z,23,37,46,46.03,23.64,984.76 
15/09/2021T06:01:07Z,22,34,44,46.30,23.68,984.63 
15/09/2021T06:01:38Z,23,36,41,47.44,23.68,984.19 
15/09/2021T06:02:08Z,23,36,41,50.41,23.90,982.81 
15/09/2021T06:02:38Z,22,35,43,52.42,24.20,981.91 
15/09/2021T06:03:09Z,26,41,52,53.76,24.42,981.50 
15/09/2021T06:03:40Z,27,42,52,55.32,24.64,981.23 
15/09/2021T06:04:10Z,26,40,49,56.68,24.84,981.30 
15/09/2021T06:04:41Z,25,39,49,58.09,25.04,981.46 
15/09/2021T06:05:12Z,25,39,49,58.88,25.23,981.63 
15/09/2021T06:05:42Z,25,38,48,59.88,25.36,981.70 
15/09/2021T06:06:12Z,26,43,53,60.95,25.50,981.75 
15/09/2021T06:06:42Z,27,44,54,61.74,25.64,981.81 
15/09/2021T06:07:12Z,27,42,53,62.52,25.78,981.82 
15/09/2021T06:07:43Z,26,42,53,63.52,25.88,981.80 
15/09/2021T06:08:13Z,26,41,51,64.12,25.99,981.79 
15/09/2021T06:08:44Z,27,42,51,64.72,26.12,981.78 
15/09/2021T06:09:15Z,25,40,48,65.40,26.21,981.78 
15/09/2021T06:09:45Z,26,40,49,66.25,26.25,981.76 
15/09/2021T06:10:16Z,26,40,48,66.63,26.35,981.76 
15/09/2021T06:10:47Z,26,39,48,64.93,26.31,981.81 
15/09/2021T06:11:17Z,26,39,49,62.29,26.12,981.87 
15/09/2021T06:11:47Z,25,39,49,60.88,25.89,981.93 
15/09/2021T06:12:18Z,25,39,48,59.51,25.68,982.00 
15/09/2021T06:12:49Z,25,37,46,61.24,25.64,981.83 
15/09/2021T06:13:20Z,26,40,51,62.83,25.74,981.79 
15/09/2021T06:13:50Z,24,37,44,63.41,25.88,981.76 
15/09/2021T06:14:20Z,25,38,47,64.50,26.02,981.72 
15/09/2021T06:14:51Z,24,37,45,64.96,26.16,981.71 
15/09/2021T06:15:22Z,25,39,47,65.91,26.31,981.69 
15/09/2021T06:15:53Z,26,41,49,66.18,26.45,981.69 
15/09/2021T06:16:23Z,26,39,47,63.69,26.43,981.74 
15/09/2021T06:16:54Z,25,38,48,61.49,26.26,981.83 
15/09/2021T06:17:24Z,25,38,47,60.31,26.09,981.84 
15/09/2021T06:17:55Z,25,41,52,59.00,25.87,981.95 
15/09/2021T06:18:25Z,26,39,50,60.58,25.80,981.77 
15/09/2021T06:18:56Z,29,45,56,62.40,25.91,981.67 
15/09/2021T06:19:27Z,28,44,55,63.37,26.03,981.64 
15/09/2021T06:19:57Z,26,41,52,64.39,26.18,981.61 
15/09/2021T06:20:28Z,28,43,53,65.24,26.33,981.60 
15/09/2021T06:20:58Z,28,44,54,65.96,26.45,981.59 
15/09/2021T06:21:28Z,28,43,54,63.95,26.51,981.61 
15/09/2021T06:21:59Z,30,45,57,61.67,26.34,981.69 
15/09/2021T06:22:29Z,28,43,53,60.14,26.14,981.74 
15/09/2021T06:23:00Z,28,44,52,59.02,25.90,981.80 
15/09/2021T06:23:31Z,28,43,53,57.79,25.74,981.93 
15/09/2021T06:24:01Z,27,40,50,58.94,25.67,981.71 
15/09/2021T06:24:31Z,27,42,52,60.88,25.81,981.58 
15/09/2021T06:25:02Z,27,43,52,61.92,25.98,981.54 
15/09/2021T06:25:32Z,28,42,52,62.65,26.16,981.55 
15/09/2021T06:26:03Z,27,42,54,63.87,26.31,981.52 
15/09/2021T06:26:33Z,27,40,49,64.83,26.45,981.51 
15/09/2021T06:27:04Z,27,40,50,63.57,26.50,981.56 
15/09/2021T06:27:34Z,25,39,49,61.19,26.38,981.64 
15/09/2021T06:28:05Z,26,40,50,59.86,26.19,981.70 
15/09/2021T06:28:35Z,25,38,48,58.55,25.98,981.82 
15/09/2021T06:29:06Z,25,37,46,58.30,25.83,981.82 
15/09/2021T06:29:36Z,27,41,50,57.81,25.74,981.85 
15/09/2021T06:30:07Z,27,40,48,60.06,25.79,981.57 
15/09/2021T06:30:37Z,26,39,47,62.01,25.99,981.51 
15/09/2021T06:31:08Z,26,39,46,62.73,26.24,981.52 
15/09/2021T06:31:39Z,26,38,45,64.16,26.38,981.50 
15/09/2021T06:32:10Z,25,38,44,64.88,26.54,981.50 
15/09/2021T06:32:40Z,24,37,44,65.53,26.68,981.50 
15/09/2021T06:33:11Z,24,36,42,63.21,26.70,981.56 
15/09/2021T06:33:41Z,24,36,45,61.19,26.55,981.59 
15/09/2021T06:34:11Z,24,36,45,60.09,26.40,981.63 
15/09/2021T06:34:42Z,23,34,40,59.04,26.18,981.70 
15/09/2021T06:35:12Z,24,33,42,58.28,25.99,981.77 
15/09/2021T06:35:43Z,22,33,39,57.33,25.84,981.85 
15/09/2021T06:36:13Z,23,33,38,56.44,25.73,981.96 
15/09/2021T06:36:44Z,22,35,42,58.52,25.71,981.57 
15/09/2021T06:37:14Z,24,34,42,60.34,25.94,981.46 
15/09/2021T06:37:44Z,23,33,37,61.29,26.16,981.47 
15/09/2021T06:38:15Z,22,32,35,62.49,26.34,981.42 
15/09/2021T06:38:45Z,22,32,35,63.23,26.51,981.44 
15/09/2021T06:39:15Z,22,33,38,64.10,26.67,981.45 
15/09/2021T06:39:45Z,22,32,36,62.53,26.71,981.51 
15/09/2021T06:40:16Z,22,32,35,60.20,26.56,981.61 
15/09/2021T06:40:46Z,22,32,36,59.34,26.35,981.64 
15/09/2021T06:41:16Z,21,29,33,57.87,26.22,981.76 
15/09/2021T06:41:46Z,21,31,33,57.01,26.05,981.83 
15/09/2021T06:42:16Z,20,27,31,56.19,25.83,981.96 
15/09/2021T06:42:47Z,20,29,31,56.62,25.73,981.80 
15/09/2021T06:43:18Z,20,28,31,59.51,25.87,981.41 
15/09/2021T06:43:48Z,19,26,29,60.81,26.04,981.43 
15/09/2021T06:44:19Z,21,30,31,62.41,26.23,981.40 
15/09/2021T06:44:50Z,23,34,40,63.13,26.41,981.40 
15/09/2021T06:45:20Z,25,37,44,64.21,26.59,981.39 
15/09/2021T06:45:51Z,25,37,44,64.04,26.70,981.41 
15/09/2021T06:46:21Z,23,36,43,61.35,26.64,981.50 
15/09/2021T06:46:52Z,24,36,44,60.02,26.50,981.53 
15/09/2021T06:47:22Z,23,35,42,58.82,26.25,981.59 
15/09/2021T06:47:53Z,22,34,40,57.78,26.07,981.70 
15/09/2021T06:48:23Z,24,37,44,57.07,25.84,981.73 
15/09/2021T06:48:54Z,23,36,44,56.28,25.69,981.86 
15/09/2021T06:49:24Z,23,36,41,58.72,25.72,981.42 
15/09/2021T06:49:55Z,23,33,39,60.52,25.92,981.33 
15/09/2021T06:50:26Z,22,33,37,61.44,26.13,981.35 
15/09/2021T06:50:56Z,23,33,41,62.37,26.32,981.33 
15/09/2021T06:51:27Z,22,34,40,63.29,26.47,981.34 
15/09/2021T06:51:57Z,22,33,39,63.90,26.64,981.33 
15/09/2021T06:52:28Z,22,34,41,61.76,26.64,981.43 
15/09/2021T06:52:58Z,22,33,39,59.94,26.49,981.50 
15/09/2021T06:53:29Z,22,34,41,58.80,26.33,981.58 
15/09/2021T06:54:00Z,21,32,38,57.40,26.16,981.70 
15/09/2021T06:54:30Z,21,32,35,56.41,25.98,981.81 
15/09/2021T06:55:01Z,21,32,38,55.87,25.83,981.87 
15/09/2021T06:55:31Z,22,35,42,56.68,25.82,981.64 
15/09/2021T06:56:01Z,23,37,47,59.37,25.94,981.31 
15/09/2021T06:56:32Z,24,36,43,60.49,26.13,981.29 
15/09/2021T06:57:02Z,23,35,43,61.91,26.28,981.26 
15/09/2021T06:57:32Z,22,35,42,63.06,26.43,981.26 
15/09/2021T06:58:03Z,22,33,38,63.91,26.59,981.26 
15/09/2021T06:58:33Z,23,33,40,62.98,26.69,981.33 
15/09/2021T06:59:03Z,24,34,40,60.69,26.64,981.41 
15/09/2021T06:59:34Z,22,34,41,59.17,26.51,981.48 
15/09/2021T07:00:04Z,24,34,40,58.06,26.38,981.54 
15/09/2021T07:00:34Z,26,38,46,56.53,26.24,981.72 
15/09/2021T07:01:05Z,24,36,43,56.25,26.12,981.69 
15/09/2021T07:01:36Z,25,38,48,55.40,26.01,981.81 
15/09/2021T07:02:06Z,25,37,44,54.88,25.88,981.88 
15/09/2021T07:02:37Z,27,40,49,57.46,25.92,981.32 
15/09/2021T07:03:07Z,25,37,44,59.11,26.09,981.22 
15/09/2021T07:03:38Z,24,37,44,60.39,26.26,981.20 
15/09/2021T07:04:09Z,24,38,46,61.45,26.44,981.23 
15/09/2021T07:04:39Z,25,37,46,62.70,26.60,981.23 
15/09/2021T07:05:10Z,25,37,46,63.26,26.73,981.24 
15/09/2021T07:05:40Z,24,35,42,60.77,26.70,981.35 
15/09/2021T07:06:11Z,22,34,40,59.28,26.52,981.44 
15/09/2021T07:06:41Z,23,34,42,58.32,26.32,981.47 
15/09/2021T07:07:12Z,23,35,45,57.56,26.17,981.56 
15/09/2021T07:07:42Z,22,34,39,56.54,26.04,981.67 
15/09/2021T07:08:13Z,23,33,38,55.67,25.85,981.78 
15/09/2021T07:08:43Z,22,34,41,55.36,25.77,981.81 
15/09/2021T07:09:14Z,20,30,34,56.00,25.74,981.60 
15/09/2021T07:09:44Z,21,31,35,58.63,25.87,981.23 
15/09/2021T07:10:14Z,23,33,39,59.83,26.08,981.17 
15/09/2021T07:10:44Z,22,31,36,61.11,26.26,981.18 
15/09/2021T07:11:15Z,21,31,33,62.34,26.43,981.18 
15/09/2021T07:11:45Z,21,29,32,63.02,26.59,981.18 
15/09/2021T07:12:16Z,21,31,36,62.18,26.68,981.23 
15/09/2021T07:12:47Z,20,31,36,60.36,26.54,981.29 
15/09/2021T07:13:18Z,20,30,34,58.99,26.39,981.40 
15/09/2021T07:13:49Z,21,31,35,57.97,26.19,981.48 
15/09/2021T07:14:19Z,22,31,35,56.67,26.01,981.61 
15/09/2021T07:14:50Z,23,36,42,56.16,25.90,981.65 
15/09/2021T07:15:20Z,22,35,41,55.66,25.74,981.69 
15/09/2021T07:15:50Z,22,34,43,58.11,25.82,981.24 
15/09/2021T07:16:21Z,22,32,37,60.01,25.99,981.09 
15/09/2021T07:16:51Z,22,33,39,61.34,26.18,981.11 
15/09/2021T07:17:22Z,22,33,38,62.00,26.35,981.15 
15/09/2021T07:17:52Z,20,30,33,62.97,26.52,981.10 
15/09/2021T07:18:23Z,21,30,35,63.35,26.64,981.11 
15/09/2021T07:18:54Z,21,33,39,60.82,26.61,981.22 
15/09/2021T07:19:24Z,20,32,36,59.34,26.47,981.29 
15/09/2021T07:19:55Z,19,28,33,57.96,26.27,981.41 
15/09/2021T07:20:26Z,20,30,33,57.08,26.06,981.48 
15/09/2021T07:20:56Z,18,27,29,55.97,25.91,981.66 
15/09/2021T07:21:26Z,20,29,33,55.51,25.74,981.70 
15/09/2021T07:21:57Z,19,29,31,54.40,25.62,981.90 
15/09/2021T07:22:28Z,19,25,26,56.64,25.57,981.31 
15/09/2021T07:22:58Z,19,27,29,58.94,25.74,981.07 
15/09/2021T07:23:29Z,18,24,26,60.23,25.93,981.04 
15/09/2021T07:23:59Z,18,27,28,61.37,26.15,981.04 
15/09/2021T07:24:30Z,19,30,33,62.12,26.36,981.04 
15/09/2021T07:25:01Z,20,31,35,63.16,26.52,981.04 
15/09/2021T07:25:31Z,20,30,35,61.44,26.58,981.12 
15/09/2021T07:26:02Z,20,29,31,59.64,26.44,981.20 
15/09/2021T07:26:33Z,19,29,32,58.50,26.26,981.27 
15/09/2021T07:27:03Z,19,28,29,57.27,26.06,981.38 
15/09/2021T07:27:33Z,19,28,31,56.28,25.88,981.52 
15/09/2021T07:28:04Z,18,29,32,55.88,25.66,981.53 
15/09/2021T07:28:35Z,19,29,32,55.19,25.54,981.68 
15/09/2021T07:29:05Z,18,26,29,55.81,25.49,981.45 
15/09/2021T07:29:36Z,19,30,32,58.50,25.66,981.00 
15/09/2021T07:30:06Z,21,32,37,59.86,25.85,980.96 
15/09/2021T07:30:37Z,19,28,31,60.81,26.08,980.95 
15/09/2021T07:31:08Z,20,31,35,61.64,26.28,980.94 
15/09/2021T07:31:38Z,21,30,35,62.71,26.47,980.92 
15/09/2021T07:32:08Z,21,31,36,62.39,26.58,980.98 
15/09/2021T07:32:39Z,21,33,39,60.09,26.55,981.08 
15/09/2021T07:33:09Z,21,30,34,58.58,26.42,981.19 
15/09/2021T07:33:40Z,21,31,34,57.59,26.25,981.24 
15/09/2021T07:34:10Z,20,30,34,56.36,26.08,981.40 
15/09/2021T07:34:41Z,20,30,32,55.76,25.90,981.45 
15/09/2021T07:35:12Z,19,27,29,54.96,25.73,981.60 
15/09/2021T07:35:42Z,20,30,33,54.42,25.61,981.69 
15/09/2021T07:36:13Z,19,28,30,55.25,25.52,981.41 
15/09/2021T07:36:43Z,18,28,31,57.88,25.71,980.94 
15/09/2021T07:37:14Z,19,28,30,60.93,26.00,980.82 
15/09/2021T07:37:45Z,18,24,25,62.91,26.27,980.86 
15/09/2021T07:38:15Z,17,23,23,63.44,26.49,980.87 
15/09/2021T07:38:46Z,17,27,30,64.10,26.69,980.85 
15/09/2021T07:39:16Z,18,26,28,63.23,26.75,980.90 
15/09/2021T07:39:47Z,17,24,25,61.11,26.60,980.98 
15/09/2021T07:40:18Z,19,24,24,59.44,26.43,981.07 
15/09/2021T07:40:48Z,18,25,25,58.04,26.20,981.14 
15/09/2021T07:41:18Z,16,22,23,57.51,26.08,981.18 
15/09/2021T07:41:49Z,17,25,26,56.19,25.94,981.34 
15/09/2021T07:42:20Z,17,25,27,55.40,25.76,981.42 
15/09/2021T07:42:50Z,17,23,27,54.65,25.58,981.56 
15/09/2021T07:43:21Z,17,24,25,54.32,25.46,981.59 
15/09/2021T07:43:51Z,18,27,28,56.36,25.51,981.06 
15/09/2021T07:44:22Z,18,24,25,58.42,25.69,980.83 
15/09/2021T07:44:52Z,16,23,24,59.49,25.92,980.79 
15/09/2021T07:45:23Z,18,23,25,60.44,26.11,980.80 
15/09/2021T07:45:53Z,18,23,25,61.82,26.28,980.79 
15/09/2021T07:46:23Z,17,25,27,62.63,26.41,980.84 
15/09/2021T07:46:54Z,17,24,27,60.44,26.47,980.97 
15/09/2021T07:47:25Z,16,20,21,58.91,26.37,981.05 
15/09/2021T07:47:56Z,16,21,22,57.80,26.19,981.10 
15/09/2021T07:48:26Z,17,24,25,57.14,26.02,981.14 
15/09/2021T07:48:57Z,15,21,23,56.12,25.84,981.31 
15/09/2021T07:49:28Z,14,20,22,55.63,25.64,981.37 
15/09/2021T07:49:59Z,16,22,24,55.34,25.54,981.39 
15/09/2021T07:50:29Z,15,21,23,56.82,25.58,981.04 
15/09/2021T07:51:00Z,15,20,22,59.16,25.72,980.78 
15/09/2021T07:51:31Z,15,19,22,60.55,25.92,980.76 
15/09/2021T07:52:02Z,15,22,23,61.64,26.10,980.78 
15/09/2021T07:52:32Z,16,21,22,62.69,26.31,980.78 
15/09/2021T07:53:03Z,14,19,21,63.35,26.48,980.78 
15/09/2021T07:53:33Z,14,18,21,61.73,26.55,980.86 
15/09/2021T07:54:03Z,14,19,20,60.01,26.39,980.92 
15/09/2021T07:54:34Z,13,17,17,58.48,26.23,981.01 
15/09/2021T07:55:04Z,14,20,21,57.40,26.03,981.10 
15/09/2021T07:55:35Z,15,23,26,56.37,25.87,981.23 
15/09/2021T07:56:05Z,15,20,21,55.74,25.74,981.28 
15/09/2021T07:56:35Z,16,21,23,57.09,25.72,980.97 
15/09/2021T07:57:06Z,16,23,26,59.11,25.89,980.75 
15/09/2021T07:57:36Z,19,28,30,60.46,26.07,980.74 
15/09/2021T07:58:06Z,18,25,26,61.61,26.27,980.73 
15/09/2021T07:58:37Z,19,27,28,62.66,26.45,980.71 
15/09/2021T07:59:08Z,17,24,26,63.49,26.61,980.69 
15/09/2021T07:59:38Z,18,25,25,61.94,26.62,980.79 
15/09/2021T08:00:09Z,17,27,29,59.84,26.48,980.89 
15/09/2021T08:00:40Z,19,26,27,58.63,26.29,980.95 
15/09/2021T08:01:10Z,18,26,27,57.44,26.11,981.06 
15/09/2021T08:01:41Z,18,28,29,56.55,25.89,981.14 
15/09/2021T08:02:12Z,18,25,27,56.11,25.70,981.19 
15/09/2021T08:02:42Z,19,28,31,56.29,25.62,981.09 
15/09/2021T08:03:13Z,41,57,65,58.61,25.80,980.73 
15/09/2021T08:03:44Z,64,87,93,59.85,26.04,980.69 
15/09/2021T08:04:14Z,40,56,67,61.17,26.23,980.66 
15/09/2021T08:04:45Z,35,50,62,62.13,26.39,980.65 
15/09/2021T08:05:16Z,34,50,62,63.00,26.54,980.64 
15/09/2021T08:05:47Z,32,47,59,62.79,26.65,980.65 
15/09/2021T08:06:17Z,59,83,89,60.61,26.60,980.76 
15/09/2021T08:06:47Z,85,113,117,58.75,26.45,980.88 
15/09/2021T08:07:17Z,60,79,81,57.62,26.25,980.94 
15/09/2021T08:07:48Z,56,74,80,56.76,26.08,981.02 
15/09/2021T08:08:18Z,53,70,75,55.96,25.88,981.12 
15/09/2021T08:08:49Z,50,69,76,55.07,25.72,981.26 
