15/11/2021T03:29:17Z,131,234,251,54.72,20.77,991.56 
15/11/2021T03:29:48Z,148,265,305,53.83,20.93,991.87 
15/11/2021T03:30:18Z,147,262,293,52.78,21.18,992.25 
15/11/2021T03:30:49Z,153,273,304,51.21,21.36,992.59 
15/11/2021T03:31:20Z,162,296,326,49.60,21.45,993.05 
15/11/2021T03:31:50Z,154,275,306,49.99,21.61,992.87 
15/11/2021T03:32:21Z,152,275,307,49.29,21.75,993.02 
15/11/2021T03:32:51Z,158,281,320,48.15,21.86,993.24 
15/11/2021T03:33:21Z,162,290,333,47.29,21.94,993.40 
15/11/2021T03:33:52Z,164,301,345,46.83,21.99,993.49 
15/11/2021T03:34:22Z,160,297,342,46.88,22.07,993.44 
15/11/2021T03:34:52Z,163,303,355,46.74,22.16,993.45 
15/11/2021T03:35:22Z,167,305,348,46.44,22.23,993.50 
15/11/2021T03:35:53Z,169,312,349,46.22,22.30,993.53 
15/11/2021T03:36:23Z,165,312,355,45.94,22.33,993.59 
15/11/2021T03:36:53Z,160,296,336,45.86,22.37,993.59 
15/11/2021T03:37:24Z,162,304,361,45.64,22.40,993.62 
15/11/2021T03:37:54Z,165,315,367,45.86,22.42,993.59 
15/11/2021T03:38:24Z,167,317,378,45.83,22.48,993.57 
15/11/2021T03:38:55Z,166,387,547,45.81,22.53,993.56 
15/11/2021T03:39:26Z,168,401,592,45.65,22.57,993.58 
15/11/2021T03:39:56Z,167,411,632,45.32,22.57,993.66 
15/11/2021T03:40:26Z,164,420,663,45.47,22.54,993.64 
15/11/2021T03:40:57Z,168,367,495,45.23,22.44,993.71 
15/11/2021T03:41:28Z,165,427,681,45.68,22.35,993.62 
15/11/2021T03:41:58Z,162,445,739,45.72,22.35,993.60 
15/11/2021T03:42:29Z,165,434,673,45.61,22.38,993.62 
15/11/2021T03:42:59Z,166,407,623,45.78,22.43,993.58 
15/11/2021T03:43:30Z,166,405,605,45.68,22.47,993.57 
15/11/2021T03:44:00Z,170,367,521,45.40,22.48,993.62 
15/11/2021T03:44:31Z,168,375,528,45.83,22.51,993.54 
15/11/2021T03:45:01Z,168,358,486,45.42,22.52,993.61 
15/11/2021T03:45:32Z,165,348,479,45.55,22.56,993.57 
15/11/2021T03:46:02Z,169,346,444,45.35,22.59,993.62 
15/11/2021T03:46:32Z,167,330,396,45.57,22.62,993.58 
15/11/2021T03:47:03Z,168,335,399,45.35,22.60,993.62 
15/11/2021T03:47:34Z,167,329,407,45.17,22.58,993.66 
15/11/2021T03:48:04Z,167,317,378,44.57,22.58,993.78 
15/11/2021T03:48:34Z,168,316,373,45.14,22.60,993.69 
15/11/2021T03:49:05Z,159,298,354,45.23,22.67,993.61 
15/11/2021T03:49:35Z,163,306,363,44.62,22.74,993.73 
15/11/2021T03:50:05Z,160,303,348,42.66,22.62,994.16 
15/11/2021T03:50:36Z,165,302,354,44.30,22.68,993.75 
15/11/2021T03:51:06Z,160,287,331,43.83,22.71,993.81 
15/11/2021T03:51:36Z,171,310,345,43.48,22.72,993.89 
15/11/2021T03:52:07Z,173,314,354,43.46,22.65,993.91 
15/11/2021T03:52:37Z,164,306,359,43.83,22.65,993.82 
15/11/2021T03:53:08Z,166,311,362,44.08,22.70,993.75 
15/11/2021T03:53:38Z,168,309,355,44.08,22.75,993.73 
15/11/2021T03:54:08Z,168,310,356,44.05,22.80,993.72 
15/11/2021T03:54:38Z,176,319,367,44.02,22.84,993.74 
15/11/2021T03:55:08Z,171,315,362,43.95,22.88,993.72 
15/11/2021T03:55:39Z,172,322,374,43.84,22.91,993.73 
15/11/2021T03:56:10Z,173,327,369,43.75,22.88,993.78 
15/11/2021T03:56:40Z,173,321,361,44.13,22.96,993.66 
15/11/2021T03:57:10Z,170,315,359,43.17,22.94,993.84 
15/11/2021T03:57:41Z,168,310,354,44.16,22.92,993.70 
15/11/2021T03:58:12Z,170,313,362,43.66,22.94,993.71 
15/11/2021T03:58:42Z,174,314,354,44.03,22.96,993.66 
15/11/2021T03:59:12Z,168,307,353,43.92,22.99,993.67 
15/11/2021T03:59:43Z,169,310,355,43.51,23.02,993.75 
15/11/2021T04:00:13Z,169,310,350,42.97,22.98,993.87 
15/11/2021T04:00:43Z,169,303,340,42.97,22.82,993.95 
15/11/2021T04:01:13Z,169,304,346,44.01,22.88,993.67 
15/11/2021T04:01:44Z,166,305,341,43.53,22.89,993.75 
15/11/2021T04:02:15Z,164,307,350,43.67,22.95,993.69 
15/11/2021T04:02:45Z,164,304,354,43.43,22.99,993.70 
15/11/2021T04:03:15Z,166,302,350,43.20,23.01,993.75 
15/11/2021T04:03:45Z,164,299,337,43.29,23.03,993.74 
15/11/2021T04:04:16Z,166,297,344,43.42,23.06,993.70 
15/11/2021T04:04:46Z,165,300,341,43.52,23.07,993.65 
15/11/2021T04:05:16Z,164,297,336,43.44,23.05,993.66 
15/11/2021T04:05:46Z,170,306,350,43.78,23.00,993.61 
15/11/2021T04:06:17Z,167,302,346,43.93,23.03,993.54 
15/11/2021T04:06:48Z,166,305,361,43.77,23.02,993.57 
15/11/2021T04:07:18Z,168,321,387,43.74,22.97,993.60 
15/11/2021T04:07:48Z,168,315,373,44.12,23.04,993.49 
15/11/2021T04:08:18Z,171,323,382,44.00,23.11,993.50 
15/11/2021T04:08:49Z,174,331,407,43.93,23.15,993.51 
15/11/2021T04:09:19Z,177,330,395,43.80,23.17,993.53 
15/11/2021T04:09:50Z,174,330,402,43.64,23.17,993.59 
15/11/2021T04:10:20Z,173,330,392,43.23,23.12,993.69 
15/11/2021T04:10:50Z,176,328,396,43.25,23.09,993.66 
15/11/2021T04:11:21Z,190,367,430,42.66,22.91,993.82 
15/11/2021T04:11:51Z,185,360,430,42.95,22.78,993.83 
15/11/2021T04:12:22Z,191,361,436,42.65,22.65,993.86 
15/11/2021T04:12:52Z,261,576,698,42.74,22.52,993.90 
15/11/2021T04:13:23Z,265,794,1000,43.50,22.45,993.76 
15/11/2021T04:13:53Z,265,648,796,43.49,22.42,993.69 
15/11/2021T04:14:24Z,299,821,1027,44.38,22.48,993.51 
15/11/2021T04:14:54Z,300,1033,1331,44.08,22.58,993.51 
15/11/2021T04:15:25Z,262,674,837,43.30,22.60,993.65 
15/11/2021T04:15:55Z,199,366,417,43.81,22.54,993.61 
15/11/2021T04:16:25Z,270,629,744,44.67,22.60,993.38 
15/11/2021T04:16:56Z,271,645,785,44.63,22.72,993.33 
15/11/2021T04:17:26Z,270,1108,1510,44.76,22.81,993.29 
15/11/2021T04:17:57Z,282,1018,1347,44.87,22.87,993.24 
15/11/2021T04:18:27Z,277,747,929,45.13,22.93,993.18 
15/11/2021T04:18:58Z,264,638,781,45.04,22.95,993.17 
15/11/2021T04:19:28Z,230,503,589,45.09,22.89,993.20 
15/11/2021T04:19:59Z,234,512,617,45.48,22.87,993.11 
15/11/2021T04:20:29Z,273,742,939,45.60,22.84,993.07 
15/11/2021T04:21:00Z,270,1064,1471,45.57,22.89,993.05 
15/11/2021T04:21:30Z,252,1194,44,45.26,22.94,993.11 
15/11/2021T04:22:00Z,268,963,1304,45.20,22.99,993.13 
15/11/2021T04:22:30Z,259,678,864,45.27,23.04,993.09 
15/11/2021T04:23:00Z,267,860,1152,45.06,23.07,993.11 
15/11/2021T04:23:31Z,269,918,1220,44.67,23.07,993.22 
15/11/2021T04:24:01Z,244,653,826,43.97,22.95,993.40 
15/11/2021T04:24:31Z,252,786,1035,44.39,22.92,993.34 
15/11/2021T04:25:02Z,266,1044,1410,44.04,22.92,993.40 
15/11/2021T04:25:32Z,271,1025,1404,44.50,22.95,993.34 
15/11/2021T04:26:02Z,276,1025,1410,44.20,23.01,993.37 
15/11/2021T04:26:33Z,257,834,1109,43.83,22.95,993.46 
15/11/2021T04:27:03Z,241,1336,404,44.57,22.95,993.33 
15/11/2021T04:27:33Z,247,1289,220,44.66,23.00,993.26 
15/11/2021T04:28:04Z,233,1231,198,44.79,22.98,993.24 
15/11/2021T04:28:34Z,264,882,1190,45.14,22.95,993.15 
15/11/2021T04:29:05Z,240,730,953,45.13,22.86,993.17 
15/11/2021T04:29:35Z,262,1077,1505,45.10,22.86,993.16 
15/11/2021T04:30:06Z,270,1086,1475,45.19,22.96,993.11 
15/11/2021T04:30:36Z,269,917,1216,45.17,23.00,993.11 
15/11/2021T04:31:06Z,261,712,897,45.31,23.04,993.06 
15/11/2021T04:31:37Z,267,1029,1401,45.30,23.07,993.06 
15/11/2021T04:32:08Z,269,1013,1389,45.52,23.10,993.02 
15/11/2021T04:32:38Z,267,896,1173,45.98,23.10,992.92 
15/11/2021T04:33:09Z,242,569,683,45.30,23.02,993.03 
15/11/2021T04:33:39Z,268,815,1044,44.67,22.98,993.23 
15/11/2021T04:34:09Z,281,894,1145,44.99,23.05,993.19 
15/11/2021T04:34:40Z,282,973,1291,44.20,23.11,993.33 
15/11/2021T04:35:10Z,273,1061,1438,44.78,23.16,993.22 
15/11/2021T04:35:40Z,277,962,1280,45.45,23.20,993.03 
15/11/2021T04:36:11Z,271,785,1005,45.65,23.21,992.95 
15/11/2021T04:36:41Z,276,980,1319,45.63,23.22,992.94 
15/11/2021T04:37:11Z,281,956,1276,45.57,23.25,992.93 
15/11/2021T04:37:42Z,271,851,1076,45.34,23.26,992.98 
15/11/2021T04:38:12Z,276,953,1270,45.63,23.28,992.92 
15/11/2021T04:38:42Z,250,1294,271,45.68,23.30,992.88 
15/11/2021T04:39:13Z,226,1083,1585,45.26,23.28,992.97 
15/11/2021T04:39:44Z,239,793,1070,45.40,23.20,993.00 
15/11/2021T04:40:14Z,264,1039,1420,44.93,23.22,993.04 
15/11/2021T04:40:45Z,270,1089,1517,45.69,23.27,992.91 
15/11/2021T04:41:15Z,261,787,998,44.87,23.29,993.03 
15/11/2021T04:41:46Z,260,1083,1477,45.22,23.27,993.00 
15/11/2021T04:42:16Z,260,1012,1349,45.09,23.29,992.99 
15/11/2021T04:42:47Z,277,1030,1381,45.34,23.32,992.94 
15/11/2021T04:43:17Z,267,912,1233,44.56,23.34,993.06 
15/11/2021T04:43:48Z,258,1011,1368,44.66,23.26,993.15 
15/11/2021T04:44:18Z,273,1078,1454,45.24,23.35,992.95 
15/11/2021T04:44:48Z,269,1013,1367,44.45,23.37,993.10 
15/11/2021T04:45:19Z,266,1189,1661,44.34,23.40,993.14 
15/11/2021T04:45:49Z,278,870,1118,43.73,23.35,993.30 
15/11/2021T04:46:19Z,242,562,677,42.92,23.25,993.48 
15/11/2021T04:46:50Z,251,697,894,43.51,23.19,993.43 
15/11/2021T04:47:20Z,264,694,868,44.34,23.19,993.26 
15/11/2021T04:47:51Z,280,772,962,44.67,23.28,993.10 
15/11/2021T04:48:22Z,285,856,1078,44.79,23.36,993.04 
15/11/2021T04:48:52Z,287,911,1173,44.95,23.44,992.99 
15/11/2021T04:49:23Z,280,810,1011,44.84,23.46,992.98 
15/11/2021T04:49:53Z,277,720,896,44.82,23.49,992.98 
15/11/2021T04:50:23Z,273,701,858,44.87,23.51,992.94 
15/11/2021T04:50:54Z,245,566,669,43.95,23.43,993.14 
15/11/2021T04:51:24Z,217,433,501,43.70,23.35,993.24 
15/11/2021T04:51:55Z,264,642,778,44.74,23.39,993.00 
15/11/2021T04:52:26Z,216,423,486,42.51,23.30,993.42 
15/11/2021T04:52:56Z,208,396,448,42.04,23.20,993.65 
15/11/2021T04:53:26Z,199,364,409,42.81,23.12,993.51 
15/11/2021T04:53:57Z,195,355,401,43.81,23.03,993.32 
15/11/2021T04:54:27Z,194,354,393,43.49,23.01,993.28 
15/11/2021T04:54:58Z,208,403,459,44.09,23.08,993.21 
15/11/2021T04:55:29Z,227,473,546,44.85,23.19,992.96 
15/11/2021T04:55:59Z,234,490,569,45.01,23.27,992.85 
15/11/2021T04:56:29Z,225,457,534,45.36,23.31,992.74 
15/11/2021T04:57:00Z,225,460,538,44.86,23.32,992.82 
15/11/2021T04:57:30Z,203,384,439,43.95,23.15,993.10 
15/11/2021T04:58:01Z,223,459,528,45.30,23.19,992.81 
15/11/2021T04:58:32Z,212,428,511,45.04,23.24,992.82 
15/11/2021T04:59:02Z,205,408,476,44.93,23.24,992.82 
15/11/2021T04:59:33Z,196,368,420,44.21,23.20,993.00 
15/11/2021T05:00:04Z,213,419,480,45.39,23.28,992.73 
15/11/2021T05:00:34Z,204,385,441,44.94,23.36,992.77 
15/11/2021T05:01:05Z,207,398,461,45.27,23.41,992.72 
15/11/2021T05:01:35Z,205,388,452,45.43,23.42,992.68 
15/11/2021T05:02:06Z,199,383,441,46.02,23.40,992.53 
15/11/2021T05:02:36Z,202,386,443,46.03,23.46,992.49 
15/11/2021T05:03:07Z,201,385,446,45.56,23.49,992.56 
15/11/2021T05:03:38Z,200,380,427,45.37,23.52,992.61 
15/11/2021T05:04:08Z,202,376,426,45.18,23.56,992.65 
15/11/2021T05:04:39Z,197,368,408,44.54,23.58,992.74 
15/11/2021T05:05:10Z,190,341,381,43.35,23.49,993.02 
15/11/2021T05:05:40Z,190,339,377,43.36,23.37,993.10 
15/11/2021T05:06:10Z,191,349,394,44.75,23.37,992.82 
15/11/2021T05:06:40Z,192,356,402,44.79,23.47,992.74 
15/11/2021T05:07:11Z,198,362,406,44.65,23.46,992.75 
15/11/2021T05:07:42Z,195,365,416,45.70,23.47,992.54 
15/11/2021T05:08:12Z,194,358,407,45.45,23.49,992.53 
15/11/2021T05:08:42Z,193,353,403,45.54,23.50,992.49 
15/11/2021T05:09:12Z,194,345,382,44.32,23.42,992.74 
15/11/2021T05:09:42Z,187,339,381,44.06,23.34,992.84 
15/11/2021T05:10:13Z,184,339,381,44.88,23.32,992.71 
15/11/2021T05:10:44Z,187,342,384,45.07,23.41,992.61 
15/11/2021T05:11:14Z,189,348,391,45.90,23.49,992.40 
15/11/2021T05:11:44Z,189,344,382,45.37,23.49,992.45 
15/11/2021T05:12:15Z,183,320,362,42.62,23.38,993.04 
15/11/2021T05:12:45Z,178,313,349,41.89,23.32,993.29 
15/11/2021T05:13:16Z,175,311,342,41.88,23.30,993.33 
15/11/2021T05:13:47Z,176,315,354,41.69,23.25,993.36 
15/11/2021T05:14:17Z,177,314,347,43.11,23.29,993.10 
15/11/2021T05:14:48Z,176,312,346,44.32,23.33,992.79 
15/11/2021T05:15:18Z,181,322,358,45.08,23.47,992.56 
15/11/2021T05:15:48Z,183,320,351,43.86,23.45,992.78 
15/11/2021T05:16:18Z,178,322,365,43.53,23.42,992.87 
15/11/2021T05:16:48Z,178,308,354,43.88,23.46,992.87 
15/11/2021T05:17:18Z,178,313,352,44.79,23.55,992.63 
15/11/2021T05:17:49Z,183,325,365,44.78,23.63,992.57 
15/11/2021T05:18:19Z,183,334,369,44.95,23.70,992.54 
15/11/2021T05:18:49Z,184,339,377,45.05,23.67,992.49 
15/11/2021T05:19:19Z,183,336,375,44.38,23.66,992.60 
15/11/2021T05:19:50Z,177,315,355,42.48,23.66,993.03 
15/11/2021T05:20:21Z,172,305,342,41.88,23.63,993.22 
15/11/2021T05:20:51Z,179,319,358,41.65,23.63,993.30 
15/11/2021T05:21:21Z,175,314,353,43.78,23.75,992.86 
15/11/2021T05:21:51Z,178,323,355,44.20,23.80,992.66 
15/11/2021T05:22:22Z,182,327,363,43.91,23.79,992.66 
15/11/2021T05:22:52Z,185,326,361,43.82,23.72,992.77 
15/11/2021T05:23:22Z,183,319,364,45.11,23.75,992.47 
15/11/2021T05:23:53Z,181,325,362,45.64,23.86,992.30 
15/11/2021T05:24:23Z,175,315,355,45.63,23.97,992.24 
15/11/2021T05:24:53Z,178,325,363,45.41,24.04,992.27 
15/11/2021T05:25:24Z,180,325,373,45.22,24.03,992.30 
15/11/2021T05:25:54Z,182,332,377,44.22,23.92,992.52 
15/11/2021T05:26:24Z,193,360,413,44.01,23.80,992.64 
15/11/2021T05:26:55Z,181,329,368,45.12,23.85,992.41 
15/11/2021T05:27:25Z,184,327,377,45.55,23.98,992.25 
15/11/2021T05:27:56Z,179,320,372,44.04,23.96,992.54 
15/11/2021T05:28:26Z,181,329,368,44.34,23.96,992.49 
15/11/2021T05:28:56Z,173,311,347,43.83,23.95,992.64 
15/11/2021T05:29:27Z,173,313,353,45.26,24.03,992.33 
15/11/2021T05:29:57Z,211,361,396,45.83,24.08,992.15 
15/11/2021T05:30:28Z,201,355,394,45.98,24.04,992.12 
15/11/2021T05:30:58Z,187,336,378,45.26,24.08,992.24 
15/11/2021T05:31:29Z,186,336,374,45.02,24.03,992.30 
15/11/2021T05:31:59Z,185,326,364,45.10,24.02,992.33 
15/11/2021T05:32:30Z,188,341,378,44.89,24.10,992.34 
15/11/2021T05:33:00Z,190,358,397,45.27,24.10,992.28 
15/11/2021T05:33:31Z,190,360,408,46.11,24.15,992.07 
15/11/2021T05:34:02Z,188,343,389,46.64,24.18,991.94 
15/11/2021T05:34:32Z,186,339,377,46.64,24.16,991.91 
15/11/2021T05:35:02Z,189,348,394,46.69,24.20,991.89 
15/11/2021T05:35:33Z,193,355,400,46.83,24.23,991.83 
15/11/2021T05:36:04Z,194,360,403,46.68,24.23,991.85 
15/11/2021T05:36:35Z,192,358,401,46.43,24.28,991.89 
15/11/2021T05:37:06Z,190,370,414,46.33,24.32,991.92 
15/11/2021T05:37:37Z,192,359,404,46.70,24.34,991.82 
15/11/2021T05:38:07Z,189,353,400,46.26,24.31,991.94 
15/11/2021T05:38:38Z,188,348,406,46.64,24.38,991.86 
15/11/2021T05:39:09Z,192,357,400,46.60,24.39,991.87 
15/11/2021T05:39:39Z,197,377,423,45.52,24.32,992.07 
15/11/2021T05:40:09Z,186,344,383,42.12,24.22,992.77 
15/11/2021T05:40:39Z,189,339,387,43.31,24.20,992.71 
15/11/2021T05:41:09Z,196,365,419,43.57,24.20,992.57 
15/11/2021T05:41:40Z,196,361,412,43.46,24.19,992.62 
15/11/2021T05:42:10Z,200,371,426,43.43,24.21,992.62 
15/11/2021T05:42:41Z,191,353,399,42.49,24.16,992.80 
15/11/2021T05:43:11Z,185,332,378,43.17,24.19,992.67 
15/11/2021T05:43:41Z,185,335,383,42.38,24.16,992.85 
15/11/2021T05:44:11Z,192,353,403,43.40,24.16,992.63 
15/11/2021T05:44:42Z,190,352,400,42.72,24.13,992.74 
15/11/2021T05:45:12Z,192,355,398,44.12,24.14,992.49 
15/11/2021T05:45:43Z,192,356,402,44.78,24.21,992.28 
15/11/2021T05:46:13Z,190,344,386,45.30,24.27,992.13 
15/11/2021T05:46:43Z,189,349,395,45.99,24.26,991.95 
15/11/2021T05:47:14Z,191,362,408,45.64,24.25,991.99 
15/11/2021T05:47:45Z,203,382,439,44.46,24.18,992.20 
15/11/2021T05:48:15Z,197,375,415,45.14,24.16,992.17 
15/11/2021T05:48:46Z,196,367,410,46.09,24.25,991.89 
15/11/2021T05:49:17Z,194,353,398,46.58,24.30,991.74 
15/11/2021T05:49:47Z,193,352,403,46.66,24.32,991.68 
15/11/2021T05:50:18Z,188,348,404,46.80,24.34,991.66 
15/11/2021T05:50:48Z,193,354,404,46.78,24.37,991.65 
15/11/2021T05:51:18Z,187,347,391,46.35,24.41,991.72 
15/11/2021T05:51:49Z,190,346,389,45.27,24.46,991.94 
15/11/2021T05:52:19Z,187,338,382,45.79,24.48,991.89 
15/11/2021T05:52:49Z,188,340,384,46.09,24.48,991.80 
15/11/2021T05:53:19Z,185,333,374,46.23,24.47,991.77 
15/11/2021T05:53:50Z,184,338,387,46.37,24.49,991.71 
15/11/2021T05:54:20Z,185,339,384,46.42,24.47,991.68 
15/11/2021T05:54:50Z,189,345,381,46.70,24.46,991.62 
15/11/2021T05:55:21Z,187,341,378,46.97,24.43,991.55 
15/11/2021T05:55:51Z,188,342,380,47.06,24.43,991.50 
15/11/2021T05:56:21Z,192,337,385,46.65,24.37,991.58 
15/11/2021T05:56:51Z,191,345,383,46.44,24.35,991.65 
15/11/2021T05:57:22Z,194,351,388,46.79,24.38,991.56 
15/11/2021T05:57:52Z,188,346,389,46.82,24.43,991.50 
15/11/2021T05:58:23Z,191,345,388,45.93,24.34,991.69 
15/11/2021T05:58:53Z,179,319,359,42.47,24.23,992.38 
15/11/2021T05:59:23Z,182,319,354,43.33,24.23,992.36 
15/11/2021T05:59:53Z,181,322,357,44.40,24.25,992.13 
15/11/2021T06:00:23Z,183,331,376,45.18,24.29,991.91 
15/11/2021T06:00:53Z,184,332,375,45.83,24.33,991.73 
15/11/2021T06:01:23Z,184,331,377,46.16,24.36,991.62 
15/11/2021T06:01:54Z,187,344,390,46.63,24.35,991.49 
15/11/2021T06:02:24Z,187,349,391,46.94,24.32,991.41 
15/11/2021T06:02:55Z,189,339,387,47.35,24.34,991.31 
15/11/2021T06:03:25Z,188,340,384,47.27,24.34,991.31 
15/11/2021T06:03:55Z,186,328,368,46.27,24.35,991.50 
15/11/2021T06:04:25Z,186,329,369,45.78,24.38,991.61 
15/11/2021T06:04:55Z,181,318,359,43.80,24.43,992.03 
15/11/2021T06:05:26Z,178,319,354,44.44,24.53,991.94 
15/11/2021T06:05:57Z,181,315,352,45.86,24.59,991.60 
15/11/2021T06:06:27Z,180,323,355,46.11,24.61,991.47 
15/11/2021T06:06:57Z,189,329,364,45.03,24.54,991.73 
15/11/2021T06:07:28Z,181,327,366,46.30,24.59,991.45 
15/11/2021T06:07:58Z,182,325,364,44.35,24.59,991.80 
15/11/2021T06:08:29Z,180,311,350,45.50,24.64,991.66 
15/11/2021T06:08:59Z,180,316,349,45.80,24.69,991.55 
15/11/2021T06:09:29Z,180,323,358,45.48,24.75,991.56 
15/11/2021T06:09:59Z,179,317,358,43.63,24.75,991.96 
15/11/2021T06:10:29Z,183,317,355,43.50,24.68,992.11 
15/11/2021T06:11:00Z,180,321,357,45.71,24.74,991.60 
15/11/2021T06:11:30Z,176,310,341,46.58,24.81,991.34 
15/11/2021T06:12:00Z,176,319,356,47.21,24.81,991.17 
15/11/2021T06:12:31Z,178,321,354,47.83,24.84,990.98 
15/11/2021T06:13:02Z,178,316,355,47.02,24.79,991.12 
15/11/2021T06:13:32Z,181,317,355,47.38,24.76,991.07 
15/11/2021T06:14:02Z,177,323,361,47.04,24.79,991.13 
15/11/2021T06:14:32Z,181,325,362,47.43,24.80,991.05 
15/11/2021T06:15:03Z,182,323,366,47.59,24.82,990.98 
15/11/2021T06:15:34Z,182,324,365,47.83,24.81,990.92 
15/11/2021T06:16:04Z,184,328,361,47.91,24.80,990.90 
15/11/2021T06:16:34Z,178,327,368,48.25,24.77,990.83 
15/11/2021T06:17:04Z,179,319,357,48.73,24.76,990.68 
15/11/2021T06:17:35Z,180,325,366,48.83,24.77,990.65 
15/11/2021T06:18:05Z,178,318,368,48.71,24.79,990.66 
15/11/2021T06:18:35Z,180,320,365,48.55,24.80,990.69 
15/11/2021T06:19:06Z,179,313,342,48.57,24.81,990.67 
15/11/2021T06:19:36Z,179,315,351,48.68,24.81,990.65 
15/11/2021T06:20:06Z,179,315,349,48.77,24.81,990.61 
15/11/2021T06:20:37Z,179,322,357,48.78,24.80,990.61 
15/11/2021T06:21:07Z,180,330,370,48.99,24.77,990.57 
15/11/2021T06:21:37Z,181,325,364,48.96,24.78,990.57 
15/11/2021T06:22:08Z,183,323,363,49.36,24.80,990.48 
15/11/2021T06:22:38Z,180,319,361,49.33,24.79,990.47 
15/11/2021T06:23:08Z,178,320,350,49.19,24.78,990.50 
15/11/2021T06:23:38Z,179,312,348,49.11,24.79,990.52 
15/11/2021T06:24:09Z,179,319,357,48.92,24.75,990.58 
15/11/2021T06:24:39Z,177,317,356,49.67,24.73,990.43 
15/11/2021T06:25:10Z,177,309,349,49.83,24.73,990.37 
15/11/2021T06:25:40Z,179,313,352,49.67,24.73,990.41 
15/11/2021T06:26:10Z,175,308,351,49.63,24.75,990.40 
15/11/2021T06:26:41Z,174,319,357,49.63,24.76,990.40 
15/11/2021T06:27:11Z,175,317,349,49.32,24.76,990.45 
15/11/2021T06:27:42Z,180,320,362,48.70,24.72,990.60 
15/11/2021T06:28:12Z,181,328,365,48.35,24.61,990.75 
15/11/2021T06:28:42Z,176,316,349,49.24,24.68,990.47 
15/11/2021T06:29:13Z,175,311,353,48.81,24.70,990.57 
15/11/2021T06:29:43Z,178,317,352,48.92,24.74,990.53 
15/11/2021T06:30:14Z,177,318,355,48.74,24.77,990.56 
15/11/2021T06:30:44Z,179,316,352,48.69,24.79,990.57 
15/11/2021T06:31:15Z,175,322,359,49.24,24.80,990.46 
15/11/2021T06:31:45Z,174,314,352,48.98,24.81,990.49 
15/11/2021T06:32:16Z,180,324,364,49.22,24.84,990.43 
15/11/2021T06:32:46Z,174,318,357,49.36,24.84,990.39 
15/11/2021T06:33:17Z,177,318,355,49.03,24.84,990.46 
15/11/2021T06:33:47Z,173,313,343,48.97,24.84,990.51 
15/11/2021T06:34:17Z,166,297,330,44.68,24.72,991.29 
15/11/2021T06:34:47Z,160,280,314,42.60,24.63,991.93 
15/11/2021T06:35:18Z,162,290,323,45.65,24.65,991.39 
15/11/2021T06:35:48Z,165,296,329,46.70,24.72,991.06 
15/11/2021T06:36:19Z,163,297,334,46.48,24.74,991.05 
15/11/2021T06:36:49Z,166,292,330,44.46,24.68,991.43 
15/11/2021T06:37:19Z,164,289,325,47.17,24.72,990.99 
15/11/2021T06:37:49Z,169,300,333,46.76,24.73,990.95 
15/11/2021T06:38:20Z,168,296,338,47.08,24.71,990.89 
15/11/2021T06:38:51Z,165,300,338,47.29,24.78,990.81 
15/11/2021T06:39:21Z,168,295,328,47.29,24.84,990.76 
15/11/2021T06:39:51Z,167,297,337,47.95,24.87,990.62 
15/11/2021T06:40:21Z,167,300,346,47.64,24.87,990.64 
15/11/2021T06:40:51Z,166,300,337,47.38,24.87,990.68 
15/11/2021T06:41:22Z,163,293,327,47.59,24.89,990.63 
15/11/2021T06:41:52Z,166,294,335,47.13,24.91,990.73 
15/11/2021T06:42:23Z,163,289,326,47.43,24.93,990.68 
15/11/2021T06:42:53Z,162,288,321,47.37,24.96,990.65 
15/11/2021T06:43:24Z,161,287,321,47.37,24.96,990.68 
15/11/2021T06:44:11Z,161,288,321,48.05,24.95,990.50 
15/11/2021T06:44:41Z,161,288,322,48.02,24.93,990.48 
15/11/2021T06:45:11Z,160,287,319,47.67,24.90,990.53 
15/11/2021T06:45:42Z,160,284,321,46.63,24.80,990.83 
15/11/2021T06:46:12Z,160,288,318,47.50,24.82,990.60 
15/11/2021T06:46:42Z,158,282,311,47.37,24.84,990.61 
15/11/2021T06:47:12Z,156,273,305,47.38,24.86,990.61 
15/11/2021T06:47:42Z,157,279,312,47.92,24.87,990.47 
15/11/2021T06:48:13Z,158,280,309,47.80,24.88,990.48 
15/11/2021T06:48:43Z,155,273,312,46.57,24.83,990.71 
15/11/2021T06:49:13Z,161,292,322,46.12,24.71,990.93 
15/11/2021T06:49:44Z,167,294,324,46.71,24.70,990.79 
15/11/2021T06:50:14Z,163,291,322,47.51,24.75,990.58 
15/11/2021T06:50:44Z,162,288,324,48.17,24.82,990.39 
15/11/2021T06:51:15Z,163,288,322,47.87,24.86,990.41 
15/11/2021T06:51:45Z,163,291,321,47.99,24.87,990.37 
15/11/2021T06:52:16Z,167,297,333,48.14,24.88,990.32 
15/11/2021T06:52:46Z,163,292,327,46.08,24.80,990.72 
15/11/2021T06:53:16Z,159,283,319,47.21,24.75,990.66 
15/11/2021T06:53:46Z,165,294,327,48.23,24.80,990.32 
15/11/2021T06:54:17Z,165,291,325,48.64,24.83,990.19 
15/11/2021T06:54:47Z,162,283,324,48.84,24.83,990.12 
15/11/2021T06:55:18Z,161,291,329,48.13,24.83,990.29 
15/11/2021T06:55:48Z,160,283,319,48.73,24.83,990.13 
15/11/2021T06:56:18Z,159,284,322,48.73,24.81,990.11 
15/11/2021T06:56:49Z,157,286,321,48.10,24.80,990.26 
15/11/2021T06:57:19Z,155,281,314,47.82,24.79,990.33 
15/11/2021T06:57:49Z,157,280,313,47.99,24.77,990.32 
15/11/2021T06:58:20Z,161,282,310,47.77,24.75,990.35 
15/11/2021T06:58:50Z,160,290,323,48.36,24.75,990.21 
15/11/2021T06:59:21Z,163,293,323,47.88,24.74,990.31 
15/11/2021T06:59:51Z,163,288,324,48.08,24.71,990.26 
15/11/2021T07:00:22Z,163,290,328,46.87,24.68,990.48 
15/11/2021T07:00:52Z,160,276,314,47.49,24.72,990.42 
15/11/2021T07:01:22Z,156,273,306,45.80,24.71,990.67 
15/11/2021T07:01:52Z,150,264,294,47.36,24.71,990.49 
15/11/2021T07:02:23Z,156,274,311,47.31,24.74,990.39 
15/11/2021T07:02:53Z,150,262,292,44.95,24.66,990.87 
15/11/2021T07:03:23Z,148,264,289,47.24,24.68,990.51 
15/11/2021T07:03:54Z,148,260,289,46.18,24.70,990.62 
15/11/2021T07:04:24Z,145,255,286,45.00,24.67,990.87 
15/11/2021T07:04:55Z,141,242,272,43.94,24.66,991.20 
15/11/2021T07:05:25Z,142,250,278,45.15,24.69,990.99 
15/11/2021T07:05:55Z,146,253,279,46.31,24.77,990.59 
15/11/2021T07:06:26Z,144,252,289,46.98,24.83,990.42 
15/11/2021T07:06:56Z,146,255,288,47.28,24.87,990.31 
15/11/2021T07:07:27Z,147,257,280,47.29,24.90,990.28 
15/11/2021T07:07:58Z,145,254,280,47.21,24.90,990.27 
15/11/2021T07:08:28Z,143,250,277,47.69,24.92,990.14 
15/11/2021T07:08:59Z,146,259,285,47.64,24.93,990.12 
15/11/2021T07:09:29Z,146,253,279,46.19,24.86,990.42 
15/11/2021T07:10:00Z,146,255,289,47.13,24.83,990.31 
15/11/2021T07:10:31Z,141,248,279,46.50,24.85,990.37 
15/11/2021T07:11:01Z,139,248,278,46.46,24.87,990.43 
15/11/2021T07:11:31Z,142,246,270,46.47,24.89,990.42 
15/11/2021T07:12:02Z,143,249,278,46.62,24.88,990.40 
15/11/2021T07:12:32Z,141,250,280,45.36,24.78,990.63 
15/11/2021T07:13:02Z,140,240,263,44.05,24.65,991.01 
15/11/2021T07:13:32Z,130,224,246,43.42,24.60,991.22 
15/11/2021T07:14:03Z,135,239,270,45.77,24.64,990.70 
15/11/2021T07:14:33Z,136,236,253,45.80,24.68,990.59 
15/11/2021T07:15:04Z,138,238,262,45.78,24.68,990.59 
15/11/2021T07:15:34Z,137,239,265,46.37,24.66,990.46 
15/11/2021T07:16:04Z,139,243,270,46.44,24.64,990.40 
15/11/2021T07:16:35Z,147,257,283,46.68,24.68,990.33 
15/11/2021T07:17:05Z,149,250,282,46.61,24.69,990.34 
15/11/2021T07:17:36Z,146,254,280,46.84,24.73,990.26 
15/11/2021T07:18:06Z,143,247,269,46.51,24.75,990.30 
15/11/2021T07:18:36Z,139,236,263,46.69,24.77,990.27 
15/11/2021T07:19:07Z,137,232,257,46.38,24.75,990.31 
15/11/2021T07:19:38Z,139,244,267,46.89,24.73,990.23 
15/11/2021T07:20:08Z,137,238,260,46.56,24.71,990.27 
15/11/2021T07:20:39Z,136,233,258,46.63,24.70,990.26 
15/11/2021T07:21:09Z,131,229,254,46.59,24.70,990.25 
15/11/2021T07:21:40Z,135,236,264,46.45,24.67,990.29 
15/11/2021T07:22:10Z,134,228,249,46.57,24.70,990.25 
15/11/2021T07:22:40Z,130,227,252,46.53,24.70,990.26 
15/11/2021T07:23:10Z,132,227,252,46.35,24.70,990.28 
15/11/2021T07:23:41Z,130,225,258,46.62,24.72,990.22 
15/11/2021T07:24:11Z,127,224,249,46.11,24.70,990.30 
15/11/2021T07:24:42Z,130,223,246,46.83,24.72,990.15 
15/11/2021T07:25:12Z,131,222,245,46.58,24.73,990.17 
15/11/2021T07:25:43Z,131,222,246,46.71,24.73,990.18 
15/11/2021T07:26:13Z,130,222,246,46.29,24.75,990.24 
15/11/2021T07:26:44Z,126,221,247,46.60,24.77,990.17 
15/11/2021T07:27:14Z,130,226,248,46.62,24.79,990.13 
15/11/2021T07:27:44Z,128,218,248,46.69,24.81,990.10 
15/11/2021T07:28:14Z,127,217,241,46.59,24.84,990.10 
15/11/2021T07:28:44Z,125,216,235,46.41,24.86,990.13 
15/11/2021T07:29:15Z,128,219,245,46.13,24.87,990.19 
15/11/2021T07:29:45Z,125,219,242,46.15,24.88,990.20 
15/11/2021T07:30:15Z,126,217,241,45.75,24.90,990.26 
15/11/2021T07:30:45Z,125,217,244,45.56,24.89,990.31 
15/11/2021T07:31:16Z,123,215,236,45.13,24.85,990.41 
15/11/2021T07:31:47Z,123,210,231,45.55,24.86,990.33 
15/11/2021T07:32:17Z,120,213,236,45.40,24.85,990.35 
15/11/2021T07:32:47Z,122,209,231,45.85,24.87,990.23 
15/11/2021T07:33:17Z,120,207,232,45.97,24.87,990.18 
15/11/2021T07:33:48Z,120,207,229,45.39,24.84,990.29 
15/11/2021T07:34:18Z,120,207,235,45.91,24.83,990.19 
15/11/2021T07:34:49Z,120,205,226,45.43,24.86,990.27 
15/11/2021T07:35:19Z,115,200,225,45.36,24.87,990.31 
15/11/2021T07:35:50Z,116,199,225,44.55,24.78,990.48 
15/11/2021T07:36:20Z,119,204,224,45.92,24.80,990.20 
15/11/2021T07:36:51Z,119,205,228,45.86,24.89,990.13 
15/11/2021T07:37:21Z,116,201,225,45.27,24.94,990.25 
15/11/2021T07:37:52Z,118,201,223,45.16,24.94,990.32 
15/11/2021T07:38:22Z,120,206,231,45.29,24.95,990.24 
15/11/2021T07:38:53Z,120,207,230,45.06,24.89,990.34 
15/11/2021T07:39:23Z,118,206,224,45.71,24.93,990.16 
15/11/2021T07:39:54Z,122,205,232,41.76,24.93,990.80 
15/11/2021T07:40:24Z,120,209,233,38.36,24.99,991.62 
15/11/2021T07:40:54Z,122,207,231,41.79,25.10,991.05 
15/11/2021T07:41:25Z,121,207,232,44.06,25.15,990.43 
15/11/2021T07:41:56Z,124,211,229,43.93,25.17,990.38 
15/11/2021T07:42:26Z,122,207,225,44.37,25.14,990.32 
15/11/2021T07:42:56Z,125,210,235,44.76,25.16,990.22 
15/11/2021T07:43:27Z,122,202,225,44.58,25.15,990.25 
15/11/2021T07:43:57Z,123,204,223,44.41,25.14,990.27 
15/11/2021T07:44:28Z,119,202,230,43.30,25.11,990.51 
15/11/2021T07:44:58Z,118,200,223,44.06,25.09,990.41 
15/11/2021T07:45:29Z,122,201,225,42.37,25.02,990.65 
15/11/2021T07:46:00Z,135,224,242,41.29,24.97,990.97 
15/11/2021T07:46:30Z,129,208,227,41.20,25.00,990.93 
15/11/2021T07:47:01Z,119,195,212,40.18,25.02,991.21 
15/11/2021T07:47:32Z,114,190,207,40.56,25.08,991.16 
15/11/2021T07:48:02Z,118,195,217,42.69,25.14,990.67 
15/11/2021T07:48:33Z,110,185,204,42.43,25.12,990.65 
15/11/2021T07:49:03Z,113,188,207,42.75,25.11,990.56 
15/11/2021T07:49:33Z,112,191,207,43.17,25.12,990.45 
15/11/2021T07:50:03Z,111,186,201,42.57,25.14,990.54 
15/11/2021T07:50:34Z,109,186,208,42.54,25.13,990.58 
15/11/2021T07:51:04Z,110,184,199,42.92,25.08,990.51 
15/11/2021T07:51:35Z,110,183,206,42.86,25.04,990.50 
15/11/2021T07:52:05Z,115,212,248,43.16,25.02,990.41 
15/11/2021T07:52:36Z,109,189,213,38.22,24.95,991.34 
15/11/2021T07:53:07Z,108,186,216,39.83,24.92,991.21 
15/11/2021T07:53:37Z,111,190,213,40.31,24.95,991.01 
15/11/2021T07:54:08Z,109,189,214,41.45,25.00,990.79 
15/11/2021T07:54:39Z,108,184,214,40.68,25.00,990.84 
15/11/2021T07:55:09Z,108,183,202,39.91,24.97,990.99 
15/11/2021T07:55:40Z,101,178,199,38.19,24.98,991.44 
15/11/2021T07:56:10Z,105,178,197,39.28,25.02,991.18 
15/11/2021T07:56:41Z,106,174,190,39.01,24.99,991.26 
15/11/2021T07:57:11Z,107,183,200,40.44,25.02,990.93 
15/11/2021T07:57:41Z,109,183,201,40.77,24.99,990.82 
15/11/2021T07:58:12Z,107,182,200,41.23,24.97,990.70 
15/11/2021T07:58:43Z,106,179,194,42.00,25.03,990.53 
15/11/2021T07:59:13Z,106,179,199,41.11,25.04,990.63 
15/11/2021T07:59:44Z,108,186,206,41.37,24.98,990.61 
15/11/2021T08:00:14Z,109,182,200,42.54,24.99,990.36 
15/11/2021T08:00:45Z,107,182,205,42.89,25.02,990.24 
15/11/2021T08:01:16Z,106,184,201,42.81,25.02,990.23 
15/11/2021T08:01:46Z,107,185,207,43.07,25.00,990.18 
15/11/2021T08:02:16Z,108,182,203,43.63,24.98,990.07 
15/11/2021T08:02:47Z,111,193,218,43.49,24.95,990.07 
15/11/2021T08:03:18Z,110,194,222,43.59,24.92,990.06 
15/11/2021T08:03:49Z,114,199,227,43.55,24.90,990.06 
15/11/2021T08:04:19Z,115,200,224,43.56,24.87,990.06 
15/11/2021T08:04:50Z,118,201,223,43.91,24.84,990.00 
15/11/2021T08:05:20Z,119,205,223,43.55,24.80,990.05 
15/11/2021T08:05:50Z,118,208,235,43.88,24.74,990.01 
15/11/2021T08:06:20Z,119,205,227,44.08,24.69,989.96 
15/11/2021T08:06:51Z,119,206,231,44.56,24.69,989.85 
15/11/2021T08:07:21Z,116,207,230,44.79,24.72,989.78 
15/11/2021T08:07:52Z,119,208,234,44.67,24.70,989.77 
15/11/2021T08:08:22Z,125,217,242,44.86,24.56,989.78 
15/11/2021T08:08:53Z,120,213,237,45.20,24.59,989.65 
15/11/2021T08:09:23Z,122,214,242,45.08,24.59,989.67 
15/11/2021T08:09:53Z,124,219,241,44.70,24.58,989.75 
15/11/2021T08:10:24Z,123,217,239,44.98,24.63,989.67 
15/11/2021T08:10:54Z,123,219,245,45.00,24.69,989.66 
15/11/2021T08:11:25Z,123,220,246,44.91,24.72,989.65 
15/11/2021T08:11:56Z,122,213,247,44.52,24.73,989.69 
15/11/2021T08:12:27Z,126,224,248,44.07,24.72,989.80 
15/11/2021T08:12:57Z,122,216,248,45.17,24.72,989.60 
15/11/2021T08:13:27Z,126,223,256,45.53,24.73,989.48 
15/11/2021T08:13:58Z,128,226,253,45.80,24.74,989.41 
15/11/2021T08:14:28Z,143,244,281,44.78,24.62,989.59 
15/11/2021T08:14:58Z,134,240,273,46.03,24.59,989.38 
15/11/2021T08:15:29Z,136,240,267,45.67,24.61,989.41 
15/11/2021T08:15:59Z,134,242,277,45.55,24.60,989.43 
15/11/2021T08:16:29Z,133,233,259,45.85,24.61,989.36 
15/11/2021T08:16:59Z,129,224,254,45.84,24.62,989.35 
15/11/2021T08:17:29Z,124,218,247,45.50,24.59,989.39 
15/11/2021T08:17:59Z,122,215,236,45.89,24.58,989.34 
15/11/2021T08:18:29Z,121,209,234,45.63,24.60,989.37 
15/11/2021T08:19:00Z,122,213,236,45.38,24.60,989.41 
15/11/2021T08:19:30Z,122,212,238,45.35,24.58,989.44 
15/11/2021T08:20:01Z,124,214,236,45.77,24.61,989.33 
15/11/2021T08:20:32Z,120,210,235,45.96,24.61,989.26 
15/11/2021T08:21:02Z,124,216,242,46.29,24.62,989.19 
15/11/2021T08:21:33Z,127,221,243,46.43,24.59,989.14 
15/11/2021T08:22:03Z,124,222,246,46.75,24.61,989.07 
15/11/2021T08:22:34Z,124,220,249,46.61,24.63,989.07 
15/11/2021T08:23:04Z,126,230,258,46.23,24.64,989.16 
15/11/2021T08:23:35Z,157,303,355,45.97,24.62,989.22 
15/11/2021T08:24:05Z,198,418,504,45.72,24.63,989.25 
15/11/2021T08:24:36Z,230,536,639,44.67,24.73,989.48 
15/11/2021T08:25:07Z,195,400,470,45.79,24.85,989.24 
15/11/2021T08:25:37Z,175,335,382,45.54,24.92,989.24 
15/11/2021T08:26:07Z,181,336,380,45.40,24.96,989.28 
15/11/2021T08:26:37Z,198,388,456,44.47,24.95,989.46 
15/11/2021T08:27:08Z,170,319,372,44.91,24.95,989.41 
15/11/2021T08:27:39Z,131,238,269,44.77,24.88,989.44 
15/11/2021T08:28:09Z,140,255,289,45.74,24.87,989.26 
15/11/2021T08:28:39Z,130,235,266,47.47,24.95,988.87 
15/11/2021T08:29:09Z,143,256,284,46.79,25.00,988.91 
15/11/2021T08:29:40Z,157,287,328,45.95,24.99,989.12 
15/11/2021T08:30:10Z,150,274,310,45.14,24.96,989.29 
15/11/2021T08:30:40Z,144,262,298,45.33,24.90,989.29 
15/11/2021T08:31:10Z,145,262,296,45.41,24.90,989.23 
15/11/2021T08:31:41Z,162,301,343,45.40,24.81,989.27 
15/11/2021T08:32:12Z,156,289,330,45.84,24.83,989.15 
15/11/2021T08:32:42Z,149,272,311,45.42,24.87,989.19 
15/11/2021T08:33:12Z,147,263,302,46.38,24.89,989.02 
15/11/2021T08:33:43Z,148,268,310,46.36,24.91,988.96 
15/11/2021T08:34:14Z,148,274,304,46.11,24.91,989.03 
15/11/2021T08:34:44Z,145,262,296,46.16,24.92,989.01 
15/11/2021T08:35:14Z,147,259,299,46.09,24.93,989.01 
15/11/2021T08:35:44Z,145,259,300,46.19,24.94,988.99 
15/11/2021T08:36:14Z,146,260,298,46.18,24.94,988.97 
15/11/2021T08:36:45Z,145,269,314,45.21,24.90,989.15 
15/11/2021T08:37:15Z,147,270,307,45.70,24.89,989.12 
15/11/2021T08:37:45Z,149,275,321,45.92,24.93,989.03 
15/11/2021T08:38:15Z,145,266,306,45.23,24.96,989.20 
15/11/2021T08:38:45Z,146,269,306,45.62,24.98,989.12 
15/11/2021T08:39:15Z,132,229,260,44.45,24.90,989.37 
15/11/2021T08:39:46Z,139,251,288,45.80,24.90,989.11 
15/11/2021T08:40:16Z,136,244,279,45.80,24.90,989.07 
15/11/2021T08:40:46Z,134,239,271,45.58,24.89,989.10 
15/11/2021T08:41:17Z,134,242,272,45.07,24.85,989.21 
15/11/2021T08:41:47Z,138,249,284,45.58,24.77,989.15 
15/11/2021T08:42:17Z,136,232,277,45.58,24.76,989.09 
15/11/2021T08:42:48Z,130,233,265,45.40,24.75,989.16 
15/11/2021T08:43:19Z,130,238,265,45.58,24.70,989.13 
15/11/2021T08:43:49Z,132,236,264,45.75,24.71,989.06 
15/11/2021T08:44:19Z,131,236,267,45.23,24.72,989.18 
15/11/2021T08:44:50Z,132,237,266,45.38,24.73,989.15 
15/11/2021T08:45:20Z,128,226,256,45.38,24.72,989.12 
15/11/2021T08:45:50Z,132,233,261,45.02,24.67,989.24 
15/11/2021T08:46:21Z,132,227,255,45.17,24.60,989.21 
15/11/2021T08:46:51Z,124,220,249,44.64,24.52,989.32 
15/11/2021T08:47:22Z,117,205,229,43.17,24.44,989.61 
15/11/2021T08:47:53Z,117,202,223,40.02,24.52,990.19 
15/11/2021T08:48:23Z,122,210,233,42.67,24.61,989.82 
15/11/2021T08:48:53Z,129,225,256,44.21,24.61,989.40 
15/11/2021T08:49:24Z,125,220,248,44.00,24.61,989.40 
15/11/2021T08:49:54Z,124,221,245,44.20,24.60,989.37 
15/11/2021T08:50:25Z,126,220,254,44.53,24.61,989.27 
15/11/2021T08:50:56Z,126,219,247,44.40,24.60,989.27 
15/11/2021T08:51:27Z,125,218,245,44.62,24.59,989.24 
15/11/2021T08:51:57Z,124,214,238,44.79,24.59,989.19 
15/11/2021T08:52:27Z,126,223,249,44.89,24.59,989.15 
15/11/2021T08:52:57Z,125,221,242,44.97,24.58,989.13 
15/11/2021T08:53:28Z,126,214,234,45.14,24.57,989.11 
15/11/2021T08:53:58Z,126,218,239,45.25,24.56,989.05 
15/11/2021T08:54:28Z,123,217,246,45.28,24.55,989.04 
15/11/2021T08:54:59Z,128,223,258,45.46,24.54,989.00 
15/11/2021T08:55:29Z,125,221,251,45.52,24.53,988.98 
15/11/2021T08:55:59Z,128,221,246,45.41,24.52,988.99 
15/11/2021T08:56:30Z,129,228,258,45.47,24.52,988.98 
15/11/2021T08:57:00Z,126,215,241,45.71,24.52,988.93 
15/11/2021T08:57:30Z,128,218,242,45.77,24.52,988.90 
15/11/2021T08:58:00Z,128,224,247,45.85,24.50,988.87 
15/11/2021T08:58:30Z,128,217,247,45.92,24.50,988.86 
15/11/2021T08:59:01Z,128,222,242,46.24,24.49,988.77 
15/11/2021T08:59:32Z,127,221,240,46.28,24.48,988.74 
15/11/2021T09:00:02Z,128,219,242,46.40,24.48,988.72 
15/11/2021T09:00:32Z,127,220,243,46.45,24.47,988.70 
15/11/2021T09:01:03Z,124,220,246,46.56,24.47,988.67 
15/11/2021T09:01:33Z,122,213,236,46.61,24.46,988.65 
15/11/2021T09:02:04Z,125,218,244,46.56,24.46,988.67 
15/11/2021T09:02:35Z,125,215,240,46.68,24.46,988.63 
15/11/2021T09:03:05Z,125,218,240,46.84,24.45,988.58 
15/11/2021T09:03:35Z,121,210,233,46.91,24.44,988.54 
15/11/2021T09:04:05Z,123,214,238,46.89,24.44,988.53 
15/11/2021T09:04:35Z,124,213,244,47.07,24.42,988.50 
15/11/2021T09:05:06Z,123,213,236,47.02,24.42,988.51 
15/11/2021T09:05:36Z,122,209,232,47.11,24.42,988.49 
15/11/2021T09:06:07Z,124,210,235,47.20,24.42,988.48 
15/11/2021T09:06:37Z,123,207,232,47.25,24.42,988.45 
15/11/2021T09:07:07Z,124,215,234,47.33,24.41,988.42 
15/11/2021T09:07:38Z,126,216,238,47.38,24.41,988.41 
15/11/2021T09:08:08Z,121,214,238,47.45,24.41,988.37 
15/11/2021T09:08:38Z,123,211,237,47.47,24.39,988.35 
15/11/2021T09:09:09Z,124,208,231,47.69,24.39,988.33 
15/11/2021T09:09:39Z,123,212,237,47.64,24.38,988.31 
15/11/2021T09:10:10Z,120,204,228,47.72,24.38,988.28 
15/11/2021T09:10:40Z,120,206,229,47.74,24.37,988.28 
15/11/2021T09:11:11Z,122,208,229,47.83,24.37,988.27 
15/11/2021T09:11:41Z,123,207,227,47.87,24.35,988.24 
15/11/2021T09:12:12Z,120,203,229,47.93,24.34,988.24 
15/11/2021T09:12:42Z,123,210,235,47.97,24.35,988.23 
15/11/2021T09:13:13Z,123,211,234,48.00,24.35,988.21 
15/11/2021T09:13:43Z,122,205,223,48.06,24.34,988.22 
15/11/2021T09:14:13Z,120,206,227,48.13,24.33,988.20 
15/11/2021T09:14:43Z,123,213,236,48.15,24.34,988.20 
15/11/2021T09:15:14Z,120,207,227,48.21,24.33,988.19 
15/11/2021T09:15:44Z,119,202,222,48.19,24.33,988.18 
15/11/2021T09:16:15Z,120,207,233,48.26,24.33,988.17 
15/11/2021T09:16:45Z,119,207,228,48.29,24.32,988.15 
15/11/2021T09:17:15Z,120,206,224,48.35,24.32,988.16 
15/11/2021T09:17:45Z,119,201,224,48.32,24.31,988.15 
15/11/2021T09:18:15Z,121,202,226,48.40,24.30,988.15 
15/11/2021T09:18:45Z,118,203,222,48.42,24.30,988.13 
15/11/2021T09:19:16Z,118,204,224,48.53,24.29,988.10 
15/11/2021T09:19:47Z,118,200,223,48.56,24.29,988.10 
15/11/2021T09:20:17Z,121,204,230,48.56,24.29,988.10 
15/11/2021T09:20:48Z,121,206,224,48.63,24.28,988.09 
15/11/2021T09:21:18Z,118,202,223,48.73,24.27,988.06 
15/11/2021T09:21:48Z,120,204,223,48.69,24.27,988.07 
15/11/2021T09:22:18Z,118,197,218,48.75,24.27,988.05 
15/11/2021T09:22:48Z,119,202,221,48.80,24.26,988.04 
15/11/2021T09:23:19Z,116,200,220,48.86,24.25,988.03 
15/11/2021T09:23:49Z,116,201,223,48.85,24.25,988.01 
15/11/2021T09:24:20Z,116,193,217,48.82,24.25,988.02 
15/11/2021T09:24:50Z,115,196,218,48.84,24.24,988.02 
15/11/2021T09:25:21Z,116,197,219,48.91,24.24,988.01 
15/11/2021T09:25:51Z,118,203,221,48.99,24.24,987.99 
15/11/2021T09:26:21Z,119,201,223,48.96,24.23,987.99 
15/11/2021T09:26:52Z,115,195,217,48.99,24.23,987.99 
15/11/2021T09:27:23Z,115,196,219,49.05,24.23,987.98 
15/11/2021T09:27:53Z,115,196,217,48.97,24.21,988.00 
15/11/2021T09:28:24Z,117,198,216,48.99,24.20,988.01 
15/11/2021T09:28:55Z,115,196,216,49.10,24.21,987.99 
15/11/2021T09:29:25Z,115,199,218,49.11,24.21,987.99 
15/11/2021T09:30:11Z,114,190,207,49.17,24.22,987.98 
15/11/2021T09:30:41Z,116,199,219,49.16,24.22,987.99 
15/11/2021T11:09:54Z,112,209,240,57.39,22.10,986.86 
15/11/2021T11:10:24Z,135,238,270,57.19,22.27,986.90 
15/11/2021T11:10:54Z,136,244,274,56.60,22.41,987.02 
15/11/2021T11:11:24Z,133,240,269,56.70,22.58,987.01 
15/11/2021T11:11:55Z,130,228,255,57.33,22.83,986.84 
15/11/2021T11:12:25Z,131,230,261,56.86,23.07,986.94 
15/11/2021T11:12:56Z,130,231,263,56.12,23.27,987.07 
15/11/2021T11:13:27Z,140,251,283,55.28,23.41,987.24 
15/11/2021T11:13:57Z,129,232,255,55.35,23.53,987.20 
15/11/2021T11:14:28Z,127,225,252,54.64,23.64,987.37 
15/11/2021T11:14:58Z,131,229,262,54.52,23.74,987.41 
15/11/2021T11:15:29Z,134,239,272,54.05,23.84,987.50 
15/11/2021T11:15:59Z,137,246,276,54.29,23.92,987.45 
15/11/2021T11:16:29Z,134,235,266,54.02,24.01,987.47 
15/11/2021T11:17:00Z,132,239,269,53.71,24.10,987.52 
15/11/2021T11:17:31Z,130,232,257,53.45,24.17,987.59 
15/11/2021T11:18:01Z,130,231,256,53.58,24.23,987.53 
15/11/2021T11:18:31Z,131,234,262,53.44,24.28,987.53 
15/11/2021T11:19:02Z,133,233,265,52.94,24.31,987.65 
15/11/2021T11:19:32Z,129,230,260,52.74,24.34,987.71 
15/11/2021T11:20:03Z,132,236,263,52.84,24.38,987.65 
15/11/2021T11:20:34Z,133,239,268,52.58,24.44,987.71 
15/11/2021T11:21:05Z,131,234,266,52.36,24.47,987.74 
15/11/2021T11:21:52Z,132,236,268,51.90,24.45,987.87 
15/11/2021T11:22:23Z,130,238,268,52.41,24.44,987.75 
15/11/2021T11:22:53Z,129,240,271,52.39,24.45,987.72 
15/11/2021T11:23:24Z,136,240,279,52.32,24.44,987.73 
15/11/2021T11:23:54Z,136,246,282,53.03,24.44,987.54 
15/11/2021T11:24:25Z,137,243,277,52.57,24.51,987.63 
15/11/2021T11:24:56Z,136,244,277,52.21,24.55,987.74 
15/11/2021T11:25:26Z,134,245,278,52.39,24.60,987.69 
15/11/2021T11:25:56Z,133,235,269,52.10,24.65,987.75 
15/11/2021T11:26:27Z,133,234,266,52.21,24.68,987.75 
15/11/2021T11:26:57Z,131,234,266,52.21,24.72,987.74 
15/11/2021T11:27:28Z,131,232,263,51.49,24.74,987.90 
15/11/2021T11:27:59Z,132,230,257,50.98,24.74,988.06 
15/11/2021T11:28:29Z,134,234,267,51.31,24.75,987.99 
15/11/2021T11:28:59Z,133,236,263,51.74,24.75,987.84 
15/11/2021T11:29:30Z,132,233,259,51.76,24.76,987.82 
15/11/2021T11:30:00Z,133,234,261,51.57,24.75,987.88 
15/11/2021T11:30:30Z,133,237,271,51.64,24.76,987.85 
15/11/2021T11:31:01Z,133,241,273,51.45,24.75,987.90 
15/11/2021T11:31:31Z,133,239,274,51.54,24.76,987.87 
15/11/2021T11:32:01Z,133,238,268,51.03,24.75,988.00 
15/11/2021T11:32:32Z,133,235,266,51.22,24.78,987.96 
15/11/2021T11:33:02Z,135,240,268,51.14,24.80,987.98 
15/11/2021T11:33:33Z,134,240,274,51.56,24.81,987.87 
15/11/2021T11:34:03Z,135,240,273,51.33,24.80,987.94 
15/11/2021T11:34:33Z,134,237,271,51.58,24.84,987.87 
15/11/2021T11:35:04Z,133,238,265,51.57,24.87,987.86 
15/11/2021T11:35:35Z,137,238,270,51.35,24.88,987.92 
15/11/2021T11:36:06Z,139,242,278,51.30,24.88,987.94 
15/11/2021T11:36:36Z,133,236,266,51.02,24.87,988.02 
15/11/2021T11:37:07Z,137,238,264,50.83,24.86,988.07 
15/11/2021T11:37:37Z,134,236,268,51.09,24.85,988.01 
15/11/2021T11:38:08Z,129,233,258,50.96,24.85,988.04 
15/11/2021T11:38:38Z,136,241,275,51.16,24.86,988.01 
15/11/2021T11:39:09Z,138,230,268,51.07,24.87,988.03 
15/11/2021T11:39:39Z,134,232,259,50.90,24.87,988.08 
15/11/2021T11:40:09Z,135,237,263,50.88,24.87,988.09 
15/11/2021T11:40:40Z,135,241,270,51.39,24.91,987.94 
15/11/2021T11:41:10Z,133,238,269,51.12,24.93,987.99 
15/11/2021T11:41:41Z,138,242,269,50.97,24.93,988.04 
15/11/2021T11:42:11Z,133,241,275,50.96,24.92,988.07 
15/11/2021T11:42:41Z,132,238,266,50.83,24.92,988.11 
15/11/2021T11:43:11Z,133,236,269,50.44,24.89,988.22 
15/11/2021T11:43:42Z,137,246,282,50.74,24.90,988.16 
15/11/2021T11:44:12Z,143,253,282,51.16,24.92,988.01 
15/11/2021T11:44:43Z,138,244,273,50.69,24.91,988.11 
15/11/2021T11:45:13Z,142,245,274,50.33,24.88,988.24 
15/11/2021T11:45:44Z,137,240,275,50.82,24.92,988.11 
15/11/2021T11:46:14Z,138,242,271,50.76,24.96,988.09 
15/11/2021T11:46:44Z,142,249,282,50.40,24.97,988.19 
15/11/2021T11:47:14Z,141,249,289,50.78,24.96,988.10 
15/11/2021T11:47:45Z,136,237,269,50.90,25.00,988.03 
15/11/2021T11:48:16Z,139,243,277,50.59,25.03,988.13 
15/11/2021T11:48:46Z,135,240,273,50.45,25.04,988.15 
15/11/2021T11:49:16Z,142,248,276,50.79,25.03,988.09 
15/11/2021T11:49:47Z,141,245,272,51.35,25.05,987.90 
15/11/2021T11:50:17Z,137,241,268,51.10,25.05,987.96 
15/11/2021T11:50:48Z,137,242,269,50.80,25.04,988.08 
15/11/2021T11:51:18Z,138,244,277,50.52,25.07,988.15 
15/11/2021T11:51:49Z,140,248,274,49.35,25.08,988.45 
15/11/2021T11:52:20Z,136,241,268,50.00,25.10,988.29 
15/11/2021T11:52:50Z,139,243,273,49.87,25.11,988.32 
15/11/2021T11:53:20Z,142,253,278,50.11,25.14,988.24 
15/11/2021T11:53:51Z,140,246,275,49.91,25.14,988.28 
15/11/2021T11:54:22Z,145,263,293,49.11,25.08,988.50 
15/11/2021T11:54:52Z,147,257,287,49.90,25.09,988.30 
15/11/2021T11:55:23Z,156,266,294,49.31,25.06,988.46 
15/11/2021T11:55:53Z,151,262,295,50.13,25.08,988.26 
15/11/2021T11:56:24Z,148,259,294,50.10,25.12,988.22 
15/11/2021T11:56:54Z,149,254,293,49.36,25.12,988.41 
15/11/2021T11:57:24Z,147,257,290,49.78,25.09,988.36 
15/11/2021T11:57:55Z,147,256,288,49.80,25.10,988.31 
15/11/2021T11:58:25Z,147,258,286,50.25,25.13,988.21 
15/11/2021T11:58:56Z,154,270,302,50.31,25.15,988.17 
15/11/2021T11:59:26Z,151,265,298,50.50,25.15,988.14 
15/11/2021T11:59:57Z,148,260,291,50.25,25.16,988.20 
15/11/2021T12:00:27Z,148,259,292,50.21,25.16,988.23 
15/11/2021T12:00:57Z,148,258,292,50.19,25.16,988.25 
15/11/2021T12:01:28Z,146,261,295,50.31,25.16,988.23 
15/11/2021T12:01:58Z,150,266,299,49.95,25.10,988.34 
15/11/2021T12:02:28Z,144,255,292,50.56,25.11,988.17 
15/11/2021T12:02:59Z,144,258,298,50.33,25.10,988.23 
15/11/2021T12:03:29Z,145,255,294,50.19,25.10,988.26 
15/11/2021T12:04:00Z,147,263,304,50.23,25.13,988.25 
15/11/2021T12:04:31Z,147,261,295,50.42,25.16,988.20 
15/11/2021T12:05:01Z,151,264,295,50.49,25.19,988.14 
15/11/2021T12:05:32Z,150,263,285,50.11,25.18,988.25 
15/11/2021T12:06:02Z,150,262,303,49.77,25.20,988.37 
15/11/2021T12:06:33Z,145,257,295,49.17,25.18,988.52 
15/11/2021T12:07:03Z,148,260,286,49.70,25.19,988.40 
15/11/2021T12:07:34Z,145,255,290,49.61,25.19,988.42 
15/11/2021T12:08:04Z,147,258,287,49.68,25.19,988.38 
15/11/2021T12:08:35Z,147,259,294,48.82,25.20,988.60 
15/11/2021T12:09:05Z,146,260,290,48.98,25.22,988.57 
15/11/2021T12:09:36Z,144,252,291,49.13,25.25,988.51 
15/11/2021T12:10:06Z,145,257,292,48.89,25.25,988.56 
15/11/2021T12:10:37Z,145,261,296,48.89,25.28,988.56 
15/11/2021T12:11:07Z,148,260,291,48.49,25.27,988.63 
15/11/2021T12:11:38Z,145,254,290,48.75,25.28,988.58 
15/11/2021T12:12:08Z,146,259,297,48.63,25.31,988.59 
15/11/2021T12:12:38Z,147,259,287,48.54,25.34,988.62 
15/11/2021T12:13:08Z,145,252,279,48.98,25.39,988.48 
15/11/2021T12:13:39Z,146,262,294,48.15,25.37,988.67 
15/11/2021T12:14:09Z,146,252,280,48.30,25.34,988.64 
15/11/2021T12:14:39Z,147,257,289,48.25,25.29,988.70 
15/11/2021T12:15:10Z,148,257,285,48.71,25.28,988.57 
15/11/2021T12:15:40Z,148,252,281,49.19,25.32,988.45 
15/11/2021T12:16:10Z,146,253,288,48.97,25.35,988.45 
15/11/2021T12:16:40Z,146,260,291,48.82,25.38,988.52 
15/11/2021T12:17:11Z,146,264,301,48.22,25.31,988.70 
15/11/2021T12:17:42Z,150,260,287,49.12,25.31,988.49 
15/11/2021T12:18:12Z,150,261,295,49.07,25.32,988.47 
15/11/2021T12:18:43Z,146,255,282,48.98,25.31,988.52 
15/11/2021T12:19:14Z,147,259,292,48.89,25.30,988.57 
15/11/2021T12:19:44Z,149,266,295,48.35,25.26,988.71 
15/11/2021T12:20:15Z,149,262,293,48.78,25.23,988.64 
15/11/2021T12:20:46Z,146,259,292,48.79,25.21,988.63 
15/11/2021T12:21:16Z,146,258,286,48.67,25.19,988.66 
15/11/2021T12:21:47Z,150,262,294,48.48,25.14,988.74 
15/11/2021T12:22:18Z,151,266,299,48.68,25.14,988.69 
15/11/2021T12:22:48Z,152,266,299,49.23,25.13,988.56 
15/11/2021T12:23:19Z,148,265,295,49.52,25.11,988.47 
15/11/2021T12:23:50Z,152,265,296,49.21,25.09,988.56 
15/11/2021T12:24:20Z,151,264,304,49.34,25.08,988.52 
15/11/2021T12:24:50Z,152,271,304,48.92,25.07,988.64 
15/11/2021T12:25:20Z,152,261,288,49.01,25.03,988.64 
15/11/2021T12:25:51Z,155,270,298,49.15,25.04,988.61 
15/11/2021T12:26:22Z,154,268,301,49.30,25.06,988.58 
15/11/2021T12:26:53Z,155,277,310,49.40,25.06,988.55 
15/11/2021T12:27:23Z,163,278,313,49.16,25.07,988.62 
15/11/2021T12:27:54Z,165,299,331,48.83,25.05,988.72 
15/11/2021T12:28:25Z,168,304,343,48.78,25.05,988.76 
15/11/2021T12:28:55Z,167,297,340,48.78,25.06,988.76 
15/11/2021T12:29:26Z,161,295,333,48.99,25.08,988.70 
15/11/2021T12:29:56Z,160,291,325,49.07,25.10,988.67 
15/11/2021T12:30:27Z,161,293,331,49.34,25.11,988.60 
15/11/2021T12:30:57Z,158,287,328,49.31,25.10,988.58 
15/11/2021T12:31:27Z,163,288,322,49.49,25.10,988.53 
15/11/2021T12:31:58Z,165,299,332,49.44,25.11,988.56 
15/11/2021T12:32:28Z,170,305,339,49.33,25.12,988.57 
15/11/2021T12:32:59Z,169,304,338,49.37,25.12,988.56 
15/11/2021T12:33:30Z,173,299,338,49.06,25.12,988.65 
15/11/2021T12:34:00Z,173,290,331,49.17,25.13,988.64 
15/11/2021T12:34:30Z,167,292,329,49.49,25.14,988.54 
15/11/2021T12:35:01Z,166,296,331,49.54,25.14,988.50 
15/11/2021T12:35:31Z,164,289,330,49.59,25.15,988.49 
15/11/2021T12:36:01Z,164,290,331,49.44,25.19,988.51 
15/11/2021T12:36:31Z,173,300,334,49.71,25.18,988.47 
15/11/2021T12:37:02Z,172,300,339,50.18,25.24,988.30 
15/11/2021T12:37:32Z,168,300,338,49.88,25.26,988.38 
15/11/2021T12:38:02Z,163,290,321,49.81,25.25,988.40 
15/11/2021T12:38:33Z,167,292,331,49.58,25.22,988.47 
15/11/2021T12:39:03Z,163,292,339,49.51,25.22,988.52 
15/11/2021T12:39:34Z,165,298,333,49.50,25.22,988.53 
15/11/2021T12:40:04Z,166,301,339,49.26,25.20,988.62 
15/11/2021T12:40:35Z,167,301,335,49.64,25.20,988.53 
15/11/2021T12:41:06Z,166,299,333,49.96,25.20,988.43 
15/11/2021T12:41:36Z,167,299,332,49.88,25.19,988.45 
15/11/2021T12:42:06Z,174,308,348,49.56,25.15,988.56 
15/11/2021T12:42:36Z,169,306,347,49.85,25.12,988.50 
15/11/2021T12:43:07Z,174,313,348,50.21,25.10,988.42 
15/11/2021T12:43:37Z,171,309,342,50.42,25.14,988.34 
15/11/2021T12:44:08Z,171,310,345,49.79,25.16,988.51 
15/11/2021T12:44:38Z,173,312,354,49.32,25.12,988.67 
15/11/2021T12:45:09Z,172,306,346,49.49,25.13,988.64 
15/11/2021T12:45:39Z,173,310,346,49.50,25.15,988.64 
15/11/2021T12:46:10Z,173,307,345,49.21,25.13,988.73 
15/11/2021T12:46:40Z,174,313,355,49.64,25.11,988.65 
15/11/2021T12:47:11Z,169,304,339,49.78,25.15,988.56 
15/11/2021T12:47:41Z,169,306,340,49.74,25.20,988.56 
15/11/2021T12:48:12Z,177,313,353,49.40,25.22,988.66 
15/11/2021T12:48:42Z,179,321,364,49.65,25.26,988.60 
15/11/2021T12:49:12Z,175,312,350,49.70,25.30,988.57 
15/11/2021T12:49:42Z,178,316,354,49.72,25.32,988.58 
15/11/2021T12:50:13Z,179,318,357,49.78,25.30,988.56 
15/11/2021T12:50:43Z,211,369,409,50.03,25.30,988.48 
15/11/2021T12:51:13Z,229,406,449,49.94,25.26,988.50 
15/11/2021T12:51:43Z,200,352,396,49.81,25.24,988.56 
15/11/2021T12:52:14Z,189,343,393,49.99,25.26,988.53 
15/11/2021T12:52:44Z,184,324,372,49.62,25.29,988.60 
15/11/2021T12:53:14Z,186,336,387,49.97,25.32,988.49 
15/11/2021T12:53:45Z,190,347,388,49.22,25.26,988.72 
15/11/2021T12:54:15Z,191,353,401,49.43,25.20,988.72 
15/11/2021T12:54:46Z,193,357,401,49.89,25.18,988.60 
15/11/2021T12:55:17Z,190,354,397,49.57,25.16,988.67 
15/11/2021T12:55:47Z,188,343,388,49.97,25.18,988.56 
15/11/2021T12:56:17Z,193,350,399,49.84,25.22,988.58 
15/11/2021T12:56:48Z,190,347,399,49.82,25.22,988.59 
15/11/2021T12:57:19Z,193,361,414,49.58,25.24,988.66 
15/11/2021T12:57:49Z,192,361,409,49.22,25.24,988.77 
15/11/2021T12:58:20Z,194,362,412,49.56,25.23,988.70 
15/11/2021T12:58:50Z,188,346,393,50.17,25.24,988.51 
15/11/2021T12:59:20Z,187,347,389,49.69,25.23,988.64 
15/11/2021T12:59:50Z,187,348,394,49.79,25.23,988.62 
15/11/2021T13:00:20Z,186,341,387,49.71,25.23,988.64 
15/11/2021T13:00:51Z,184,337,384,49.69,25.23,988.66 
15/11/2021T13:01:21Z,183,331,371,49.71,25.25,988.66 
15/11/2021T13:01:51Z,184,332,379,49.51,25.27,988.72 
15/11/2021T13:02:21Z,184,331,370,49.62,25.26,988.70 
15/11/2021T13:02:52Z,183,332,374,49.41,25.23,988.76 
15/11/2021T13:03:22Z,186,336,379,49.43,25.22,988.75 
15/11/2021T13:03:52Z,183,339,388,49.38,25.21,988.78 
15/11/2021T13:04:22Z,187,339,387,49.52,25.21,988.75 
15/11/2021T13:04:52Z,190,349,382,49.63,25.22,988.70 
15/11/2021T13:05:22Z,185,342,384,49.60,25.23,988.70 
15/11/2021T13:05:53Z,185,331,375,49.39,25.19,988.76 
15/11/2021T13:06:23Z,182,331,372,49.79,25.19,988.67 
15/11/2021T13:06:53Z,180,330,371,49.47,25.16,988.74 
15/11/2021T13:07:24Z,179,327,371,49.69,25.16,988.67 
15/11/2021T13:07:54Z,180,327,366,49.71,25.16,988.66 
15/11/2021T13:08:25Z,182,321,361,49.65,25.16,988.65 
15/11/2021T13:08:55Z,180,324,361,49.62,25.13,988.69 
15/11/2021T13:09:25Z,182,336,383,49.48,25.09,988.76 
15/11/2021T13:09:55Z,179,321,366,49.74,25.07,988.68 
15/11/2021T13:10:26Z,178,320,357,49.54,25.03,988.76 
15/11/2021T13:10:57Z,181,326,371,49.86,25.03,988.68 
15/11/2021T13:11:27Z,179,321,356,49.80,25.04,988.68 
15/11/2021T13:11:58Z,179,320,355,50.00,25.03,988.61 
15/11/2021T13:12:29Z,181,322,360,49.99,25.07,988.61 
15/11/2021T13:12:59Z,179,320,365,49.51,25.04,988.76 
15/11/2021T13:13:29Z,182,324,365,50.11,25.04,988.63 
15/11/2021T13:14:00Z,183,321,362,50.39,25.01,988.52 
15/11/2021T13:14:30Z,186,331,371,49.95,24.96,988.63 
15/11/2021T13:15:00Z,185,332,373,49.98,24.86,988.68 
15/11/2021T13:15:30Z,190,341,391,50.28,24.77,988.61 
15/11/2021T13:16:01Z,193,342,387,50.79,24.70,988.47 
15/11/2021T13:16:32Z,189,340,380,50.81,24.66,988.46 
15/11/2021T13:17:02Z,189,335,373,51.14,24.62,988.38 
15/11/2021T13:17:32Z,187,333,373,50.93,24.61,988.43 
15/11/2021T13:18:02Z,188,339,385,50.90,24.57,988.48 
15/11/2021T13:18:33Z,187,331,366,50.92,24.56,988.46 
15/11/2021T13:19:03Z,188,336,374,50.98,24.55,988.45 
15/11/2021T13:19:34Z,186,324,371,50.85,24.55,988.47 
15/11/2021T13:20:04Z,187,334,379,50.93,24.51,988.49 
15/11/2021T13:20:35Z,188,332,365,51.83,24.48,988.24 
15/11/2021T13:21:05Z,185,331,368,51.73,24.51,988.20 
15/11/2021T13:21:35Z,189,337,381,51.36,24.54,988.30 
15/11/2021T13:22:05Z,190,334,377,50.92,24.54,988.43 
15/11/2021T13:22:36Z,187,332,376,51.15,24.53,988.43 
15/11/2021T13:23:06Z,193,339,379,51.23,24.56,988.39 
15/11/2021T13:23:36Z,192,344,383,51.38,24.58,988.34 
15/11/2021T13:24:06Z,190,335,375,51.62,24.62,988.25 
15/11/2021T13:24:36Z,195,340,373,51.58,24.64,988.25 
15/11/2021T13:25:07Z,191,336,376,51.36,24.68,988.32 
15/11/2021T13:25:37Z,190,340,382,51.39,24.72,988.31 
15/11/2021T13:26:08Z,191,340,380,51.28,24.76,988.34 
15/11/2021T13:26:38Z,191,334,373,51.23,24.80,988.35 
15/11/2021T13:27:09Z,191,336,370,51.16,24.83,988.37 
15/11/2021T13:27:39Z,189,335,368,50.97,24.82,988.44 
15/11/2021T13:28:10Z,191,335,374,51.04,24.80,988.44 
15/11/2021T13:28:40Z,190,334,378,50.69,24.79,988.54 
15/11/2021T13:29:11Z,187,331,370,51.02,24.76,988.48 
15/11/2021T13:29:41Z,193,341,379,51.59,24.70,988.34 
15/11/2021T13:30:11Z,189,331,368,51.94,24.68,988.21 
15/11/2021T13:30:41Z,186,329,370,51.68,24.72,988.27 
15/11/2021T13:31:12Z,188,328,368,51.48,24.76,988.31 
15/11/2021T13:31:42Z,190,330,363,51.44,24.79,988.33 
15/11/2021T13:32:12Z,191,339,382,51.70,24.85,988.25 
15/11/2021T13:32:43Z,190,336,377,51.26,24.83,988.36 
15/11/2021T13:33:13Z,189,338,375,50.97,24.84,988.45 
15/11/2021T13:33:43Z,186,332,376,51.02,24.83,988.46 
15/11/2021T13:34:14Z,184,333,373,50.83,24.82,988.54 
15/11/2021T13:34:44Z,192,338,378,51.07,24.84,988.45 
15/11/2021T13:35:14Z,196,350,384,50.89,24.87,988.51 
15/11/2021T13:35:44Z,193,341,380,50.56,24.82,988.64 
15/11/2021T13:36:14Z,192,333,382,50.87,24.85,988.56 
15/11/2021T13:36:45Z,191,335,378,50.72,24.89,988.60 
15/11/2021T13:37:15Z,185,329,375,50.43,24.90,988.70 
15/11/2021T13:37:45Z,186,334,374,50.20,24.89,988.80 
15/11/2021T13:38:16Z,186,334,369,50.34,24.88,988.78 
15/11/2021T13:38:46Z,188,335,373,50.27,24.89,988.82 
15/11/2021T13:39:17Z,187,330,372,50.23,24.87,988.83 
15/11/2021T13:39:48Z,188,332,369,50.19,24.86,988.86 
15/11/2021T13:40:18Z,185,337,377,50.14,24.83,988.88 
15/11/2021T13:40:48Z,189,334,374,50.02,24.82,988.91 
15/11/2021T13:41:19Z,189,331,363,49.77,24.78,989.00 
15/11/2021T13:41:49Z,186,331,374,50.08,24.74,988.94 
15/11/2021T13:42:19Z,186,334,374,50.12,24.72,988.93 
15/11/2021T13:42:50Z,187,327,362,50.43,24.72,988.86 
15/11/2021T13:43:20Z,187,328,372,50.41,24.68,988.85 
15/11/2021T13:43:51Z,189,332,369,50.35,24.68,988.86 
15/11/2021T13:44:21Z,185,328,364,50.27,24.66,988.91 
15/11/2021T13:44:51Z,182,335,374,50.22,24.69,988.91 
15/11/2021T13:45:22Z,182,329,369,49.88,24.71,989.02 
15/11/2021T13:45:52Z,187,330,370,49.84,24.66,989.07 
15/11/2021T13:46:22Z,189,339,380,49.73,24.59,989.12 
15/11/2021T13:46:53Z,188,337,386,50.27,24.58,988.98 
15/11/2021T13:47:23Z,188,340,382,50.42,24.59,988.90 
15/11/2021T13:47:54Z,186,340,379,50.40,24.57,988.89 
15/11/2021T13:48:24Z,186,334,383,50.68,24.57,988.82 
15/11/2021T13:48:54Z,182,324,360,50.67,24.58,988.79 
15/11/2021T13:49:24Z,186,332,372,50.34,24.57,988.89 
15/11/2021T13:49:54Z,188,335,378,50.47,24.57,988.85 
15/11/2021T13:50:24Z,189,337,377,50.56,24.54,988.84 
15/11/2021T13:50:55Z,187,339,379,50.86,24.54,988.75 
15/11/2021T13:51:25Z,187,336,367,50.94,24.53,988.72 
15/11/2021T13:51:55Z,188,341,384,51.00,24.55,988.69 
15/11/2021T13:52:26Z,186,337,383,50.73,24.56,988.76 
15/11/2021T13:52:56Z,189,340,380,50.98,24.56,988.69 
15/11/2021T13:53:26Z,190,335,371,50.87,24.59,988.71 
15/11/2021T13:53:56Z,190,342,382,50.80,24.61,988.74 
15/11/2021T13:54:27Z,189,334,370,50.69,24.63,988.76 
15/11/2021T13:54:57Z,190,334,375,50.21,24.65,988.89 
15/11/2021T13:55:28Z,187,328,374,50.39,24.69,988.88 
15/11/2021T13:55:58Z,187,328,372,50.44,24.70,988.87 
15/11/2021T13:56:28Z,182,333,366,50.55,24.71,988.84 
15/11/2021T13:56:59Z,182,319,347,50.45,24.72,988.85 
15/11/2021T13:57:29Z,189,339,368,50.35,24.72,988.90 
15/11/2021T13:57:59Z,190,332,372,50.49,24.71,988.88 
15/11/2021T13:58:30Z,186,328,371,50.42,24.66,988.91 
15/11/2021T13:59:00Z,184,326,362,50.67,24.63,988.83 
15/11/2021T13:59:30Z,183,321,357,50.80,24.62,988.80 
15/11/2021T14:00:01Z,187,325,363,50.75,24.60,988.80 
15/11/2021T14:00:32Z,186,330,375,50.73,24.60,988.83 
15/11/2021T14:01:02Z,190,334,373,50.79,24.59,988.80 
15/11/2021T14:01:33Z,190,330,369,50.81,24.59,988.79 
15/11/2021T14:02:03Z,188,330,368,50.71,24.55,988.83 
15/11/2021T14:02:34Z,191,338,373,50.85,24.49,988.80 
15/11/2021T14:03:04Z,190,326,364,51.24,24.46,988.70 
15/11/2021T14:03:34Z,190,332,367,51.28,24.49,988.66 
15/11/2021T14:04:04Z,191,337,374,51.20,24.51,988.66 
15/11/2021T14:04:35Z,190,337,379,50.98,24.53,988.74 
15/11/2021T14:05:05Z,188,336,377,51.37,24.58,988.61 
15/11/2021T14:05:36Z,185,326,366,51.33,24.62,988.60 
15/11/2021T14:06:06Z,188,336,379,51.44,24.63,988.55 
15/11/2021T14:06:36Z,187,329,365,51.43,24.67,988.55 
15/11/2021T14:07:07Z,187,329,367,51.56,24.72,988.47 
15/11/2021T14:07:37Z,185,332,365,50.92,24.75,988.66 
15/11/2021T14:08:07Z,185,327,365,51.04,24.78,988.64 
15/11/2021T14:08:37Z,185,325,362,50.93,24.81,988.66 
15/11/2021T14:09:07Z,184,331,369,50.88,24.84,988.66 
15/11/2021T14:09:38Z,187,334,374,50.92,24.86,988.65 
15/11/2021T14:10:08Z,186,336,373,50.56,24.86,988.78 
15/11/2021T14:10:38Z,189,331,367,50.53,24.89,988.78 
15/11/2021T14:11:08Z,187,330,366,50.41,24.88,988.85 
15/11/2021T14:11:39Z,187,329,374,50.73,24.90,988.74 
15/11/2021T14:12:09Z,189,330,371,50.86,24.92,988.68 
15/11/2021T14:12:39Z,189,333,367,50.90,24.93,988.67 
15/11/2021T14:13:09Z,190,335,375,50.78,24.92,988.71 
15/11/2021T14:13:40Z,187,325,366,51.23,24.92,988.59 
15/11/2021T14:14:10Z,192,337,376,51.42,24.93,988.52 
15/11/2021T14:14:41Z,190,337,374,51.36,24.93,988.52 
15/11/2021T14:15:11Z,192,341,386,51.20,24.95,988.56 
15/11/2021T14:15:41Z,189,334,375,51.24,24.96,988.56 
15/11/2021T14:16:11Z,190,335,370,51.14,24.95,988.58 
15/11/2021T14:16:42Z,191,334,369,51.15,24.94,988.60 
15/11/2021T14:17:12Z,191,335,373,51.50,24.93,988.52 
15/11/2021T14:17:43Z,192,338,378,51.50,24.91,988.48 
15/11/2021T14:18:13Z,192,342,383,51.13,24.89,988.62 
15/11/2021T14:18:43Z,194,333,372,50.92,24.86,988.69 
15/11/2021T14:19:13Z,195,334,374,51.13,24.83,988.65 
15/11/2021T14:19:44Z,193,342,384,51.23,24.82,988.63 
15/11/2021T14:20:14Z,195,348,388,51.33,24.80,988.58 
15/11/2021T14:20:44Z,229,422,465,51.02,24.74,988.68 
15/11/2021T14:21:15Z,242,440,491,51.46,24.71,988.63 
15/11/2021T14:21:45Z,256,486,534,51.43,24.72,988.59 
15/11/2021T14:22:16Z,238,440,501,51.17,24.76,988.68 
15/11/2021T14:22:47Z,232,422,472,51.01,24.70,988.76 
15/11/2021T14:23:17Z,235,424,474,51.25,24.67,988.69 
15/11/2021T14:23:48Z,224,412,461,51.11,24.66,988.74 
15/11/2021T14:24:19Z,218,397,444,51.18,24.61,988.73 
15/11/2021T14:24:50Z,217,380,416,51.29,24.60,988.69 
15/11/2021T14:25:20Z,210,375,422,51.01,24.60,988.76 
15/11/2021T14:25:50Z,203,359,401,50.91,24.51,988.85 
15/11/2021T14:26:21Z,201,362,416,50.98,24.54,988.81 
15/11/2021T14:26:51Z,202,363,409,50.91,24.52,988.85 
15/11/2021T14:27:22Z,202,363,410,51.14,24.53,988.78 
15/11/2021T14:27:52Z,203,363,408,51.18,24.55,988.77 
15/11/2021T14:28:23Z,199,353,400,51.07,24.57,988.80 
15/11/2021T14:28:53Z,197,346,382,50.39,24.54,989.00 
15/11/2021T14:29:23Z,194,339,383,50.46,24.59,988.96 
15/11/2021T14:29:53Z,192,343,379,49.95,24.59,989.13 
15/11/2021T14:30:23Z,190,336,380,49.81,24.60,989.17 
15/11/2021T14:30:53Z,191,333,372,49.43,24.56,989.31 
15/11/2021T14:31:24Z,191,338,376,50.28,24.59,989.07 
15/11/2021T14:31:54Z,189,338,376,49.82,24.59,989.17 
15/11/2021T14:32:24Z,190,336,379,49.86,24.60,989.18 
15/11/2021T14:32:55Z,191,339,377,49.55,24.54,989.26 
15/11/2021T14:33:25Z,189,333,369,49.87,24.56,989.18 
15/11/2021T14:33:55Z,189,333,371,49.80,24.59,989.21 
15/11/2021T14:34:25Z,190,330,376,50.01,24.61,989.14 
15/11/2021T14:34:55Z,191,339,385,50.20,24.64,989.08 
15/11/2021T14:35:26Z,194,338,374,50.34,24.64,989.01 
15/11/2021T14:35:56Z,190,333,369,49.87,24.62,989.16 
15/11/2021T14:36:26Z,188,334,371,50.12,24.66,989.12 
15/11/2021T14:36:57Z,191,335,371,50.08,24.63,989.12 
15/11/2021T14:37:27Z,190,336,373,50.04,24.61,989.14 
15/11/2021T14:37:57Z,190,342,386,49.78,24.63,989.22 
15/11/2021T14:38:28Z,188,336,376,49.39,24.65,989.33 
15/11/2021T14:38:58Z,188,340,389,49.16,24.62,989.43 
15/11/2021T14:39:28Z,190,332,376,49.56,24.63,989.33 
15/11/2021T14:39:58Z,191,336,383,49.38,24.62,989.36 
15/11/2021T14:40:29Z,192,344,387,49.02,24.57,989.48 
15/11/2021T14:40:59Z,189,337,379,49.15,24.56,989.45 
15/11/2021T14:41:29Z,190,338,372,49.05,24.56,989.49 
15/11/2021T14:41:59Z,189,334,371,49.17,24.59,989.47 
15/11/2021T14:42:30Z,193,340,381,48.95,24.63,989.53 
15/11/2021T14:43:00Z,190,338,376,49.32,24.63,989.42 
15/11/2021T14:43:31Z,200,358,402,49.43,24.67,989.35 
15/11/2021T14:44:02Z,216,389,439,49.25,24.71,989.41 
15/11/2021T14:44:32Z,218,398,445,49.18,24.73,989.42 
15/11/2021T14:45:03Z,215,383,426,49.16,24.77,989.44 
15/11/2021T14:45:34Z,212,377,414,49.05,24.77,989.47 
15/11/2021T14:46:04Z,208,370,412,48.91,24.73,989.53 
15/11/2021T14:46:34Z,204,365,405,48.75,24.70,989.59 
15/11/2021T14:47:05Z,199,356,389,48.78,24.64,989.60 
15/11/2021T14:47:36Z,202,359,400,49.12,24.63,989.50 
15/11/2021T14:48:07Z,202,359,400,48.86,24.63,989.55 
15/11/2021T14:48:37Z,201,352,393,49.06,24.63,989.50 
15/11/2021T14:49:08Z,200,353,397,49.14,24.65,989.49 
15/11/2021T14:49:39Z,201,353,390,49.05,24.62,989.49 
15/11/2021T14:50:09Z,197,362,412,48.83,24.59,989.57 
15/11/2021T14:50:39Z,199,350,390,49.23,24.59,989.47 
15/11/2021T14:51:10Z,197,345,376,49.51,24.60,989.37 
15/11/2021T14:51:40Z,193,348,384,49.28,24.60,989.44 
15/11/2021T14:52:10Z,197,353,391,49.34,24.60,989.44 
15/11/2021T14:52:40Z,196,350,386,49.26,24.59,989.47 
15/11/2021T14:53:10Z,198,357,399,49.23,24.58,989.47 
15/11/2021T14:53:41Z,199,355,402,49.21,24.58,989.50 
15/11/2021T14:54:11Z,199,358,395,49.12,24.57,989.52 
15/11/2021T14:54:41Z,195,347,390,49.06,24.56,989.57 
15/11/2021T14:55:12Z,200,347,391,49.22,24.56,989.55 
15/11/2021T14:55:42Z,198,348,389,49.07,24.54,989.56 
15/11/2021T14:56:12Z,199,349,393,49.14,24.52,989.58 
15/11/2021T14:56:43Z,198,358,404,48.84,24.50,989.66 
15/11/2021T14:57:14Z,201,360,407,49.22,24.49,989.58 
15/11/2021T14:57:44Z,196,342,389,49.19,24.49,989.58 
15/11/2021T14:58:15Z,199,348,391,49.27,24.50,989.56 
15/11/2021T14:58:45Z,200,356,389,49.45,24.52,989.50 
15/11/2021T14:59:15Z,203,357,396,49.36,24.53,989.51 
15/11/2021T14:59:46Z,202,359,404,49.56,24.54,989.45 
15/11/2021T15:00:17Z,202,360,397,49.63,24.57,989.43 
15/11/2021T15:00:47Z,202,355,400,49.60,24.60,989.42 
15/11/2021T15:01:17Z,205,360,397,49.56,24.63,989.45 
15/11/2021T15:01:48Z,208,365,399,49.87,24.65,989.36 
15/11/2021T15:02:19Z,205,367,406,49.83,24.70,989.34 
15/11/2021T15:02:49Z,206,365,410,49.66,24.72,989.41 
15/11/2021T15:03:20Z,209,368,416,49.60,24.73,989.41 
15/11/2021T15:03:51Z,208,372,417,49.42,24.75,989.48 
15/11/2021T15:04:22Z,206,373,414,49.59,24.76,989.45 
15/11/2021T15:04:52Z,207,367,410,49.30,24.74,989.56 
15/11/2021T15:05:23Z,208,368,405,49.30,24.75,989.57 
15/11/2021T15:05:53Z,206,360,402,49.16,24.75,989.59 
15/11/2021T15:06:23Z,208,369,413,49.37,24.76,989.56 
15/11/2021T15:06:54Z,206,370,411,49.55,24.77,989.48 
15/11/2021T15:07:25Z,208,373,412,49.27,24.77,989.55 
15/11/2021T15:07:55Z,210,370,413,49.12,24.74,989.64 
15/11/2021T15:08:26Z,210,369,415,49.11,24.73,989.66 
15/11/2021T15:08:57Z,213,372,417,49.04,24.73,989.70 
15/11/2021T15:09:27Z,213,371,415,49.12,24.75,989.69 
15/11/2021T15:09:58Z,206,369,414,48.90,24.75,989.73 
15/11/2021T15:10:29Z,211,377,425,49.07,24.75,989.70 
15/11/2021T15:10:59Z,208,364,409,48.90,24.74,989.74 
15/11/2021T15:11:30Z,210,363,400,48.91,24.75,989.75 
15/11/2021T15:12:00Z,208,362,403,48.50,24.74,989.86 
15/11/2021T15:12:31Z,208,365,401,48.54,24.73,989.86 
15/11/2021T15:13:01Z,207,361,397,48.74,24.71,989.82 
15/11/2021T15:13:32Z,209,366,402,48.69,24.71,989.81 
15/11/2021T15:14:03Z,207,367,400,48.72,24.70,989.80 
15/11/2021T15:14:33Z,204,364,404,48.69,24.69,989.82 
15/11/2021T15:15:04Z,205,363,407,48.71,24.70,989.82 
15/11/2021T15:15:35Z,201,359,402,48.64,24.69,989.84 
15/11/2021T15:16:06Z,204,357,399,48.49,24.67,989.88 
15/11/2021T15:16:36Z,208,368,404,48.47,24.66,989.91 
15/11/2021T15:17:07Z,209,362,404,48.67,24.70,989.84 
15/11/2021T15:17:38Z,207,361,401,48.50,24.75,989.88 
15/11/2021T15:18:08Z,202,364,407,48.41,24.79,989.89 
15/11/2021T15:18:38Z,202,358,396,48.37,24.80,989.93 
15/11/2021T15:19:09Z,202,357,397,48.46,24.82,989.89 
15/11/2021T15:19:40Z,201,359,398,48.24,24.78,989.97 
15/11/2021T15:20:10Z,199,354,392,48.37,24.74,989.96 
15/11/2021T15:20:41Z,203,354,400,48.42,24.73,989.94 
15/11/2021T15:21:11Z,198,349,393,48.42,24.73,989.94 
15/11/2021T15:21:41Z,202,361,399,48.52,24.71,989.93 
15/11/2021T15:22:12Z,198,347,390,48.56,24.73,989.89 
15/11/2021T15:22:43Z,198,348,388,48.63,24.77,989.85 
15/11/2021T15:23:13Z,199,351,391,48.39,24.77,989.91 
15/11/2021T15:23:43Z,199,345,384,48.57,24.77,989.87 
15/11/2021T15:24:14Z,199,345,381,48.81,24.79,989.79 
15/11/2021T15:24:45Z,204,359,399,48.77,24.78,989.81 
15/11/2021T15:25:15Z,197,357,398,48.81,24.81,989.79 
15/11/2021T15:25:45Z,205,363,413,48.88,24.83,989.79 
15/11/2021T15:26:15Z,202,356,402,48.90,24.82,989.75 
15/11/2021T15:26:46Z,201,362,403,49.57,24.83,989.56 
15/11/2021T15:27:16Z,200,358,406,49.38,24.84,989.59 
15/11/2021T15:27:47Z,202,354,396,49.60,24.84,989.53 
15/11/2021T15:28:18Z,201,355,392,49.20,24.81,989.67 
15/11/2021T15:28:49Z,201,358,394,49.32,24.79,989.63 
15/11/2021T15:29:19Z,203,356,390,49.11,24.77,989.71 
15/11/2021T15:29:50Z,207,365,411,48.70,24.71,989.83 
15/11/2021T15:30:20Z,206,362,405,48.69,24.64,989.87 
15/11/2021T15:30:51Z,209,361,408,49.16,24.62,989.75 
15/11/2021T15:31:21Z,206,364,407,49.41,24.64,989.66 
15/11/2021T15:31:52Z,209,369,410,49.01,24.63,989.73 
15/11/2021T15:32:23Z,205,372,419,48.83,24.63,989.83 
15/11/2021T15:32:53Z,209,368,417,48.82,24.64,989.84 
15/11/2021T15:33:24Z,202,362,398,48.66,24.61,989.91 
15/11/2021T15:33:54Z,204,371,415,49.09,24.59,989.80 
15/11/2021T15:34:25Z,203,362,402,49.59,24.59,989.62 
15/11/2021T15:34:56Z,206,366,412,49.00,24.60,989.77 
15/11/2021T15:35:26Z,205,359,393,48.98,24.52,989.85 
15/11/2021T15:35:57Z,200,362,408,49.43,24.52,989.70 
15/11/2021T15:36:27Z,200,358,410,48.87,24.50,989.85 
15/11/2021T15:36:58Z,203,359,394,49.11,24.47,989.83 
15/11/2021T15:37:29Z,203,357,395,49.46,24.46,989.70 
15/11/2021T15:38:00Z,202,353,394,49.17,24.46,989.77 
15/11/2021T15:38:30Z,203,358,399,49.31,24.45,989.74 
15/11/2021T15:39:01Z,200,358,405,49.61,24.45,989.66 
15/11/2021T15:39:32Z,203,356,404,49.59,24.45,989.66 
15/11/2021T15:40:03Z,201,359,408,49.59,24.45,989.63 
15/11/2021T15:40:33Z,203,363,401,49.28,24.42,989.77 
15/11/2021T15:41:04Z,201,357,401,49.69,24.41,989.68 
15/11/2021T15:41:34Z,204,363,403,49.27,24.28,989.83 
15/11/2021T15:42:05Z,204,352,387,50.05,24.24,989.63 
15/11/2021T15:42:35Z,203,359,400,49.99,24.27,989.60 
15/11/2021T15:43:05Z,201,368,415,49.34,24.29,989.79 
15/11/2021T15:43:36Z,203,370,419,49.51,24.30,989.76 
15/11/2021T15:44:07Z,203,364,405,49.48,24.33,989.77 
15/11/2021T15:44:37Z,203,356,395,49.53,24.36,989.75 
15/11/2021T15:45:08Z,203,360,406,49.13,24.38,989.84 
15/11/2021T15:45:38Z,203,359,396,49.18,24.42,989.87 
15/11/2021T15:46:09Z,202,366,402,48.92,24.43,989.92 
15/11/2021T15:46:40Z,205,352,397,48.99,24.44,989.91 
15/11/2021T15:47:11Z,202,353,399,49.18,24.46,989.85 
15/11/2021T15:47:42Z,204,359,398,48.89,24.48,989.93 
15/11/2021T15:48:12Z,203,359,397,48.78,24.51,989.98 
15/11/2021T15:48:43Z,198,357,393,49.00,24.49,989.90 
15/11/2021T15:49:13Z,205,360,403,48.50,24.47,990.05 
15/11/2021T15:49:43Z,201,357,405,48.63,24.46,990.05 
15/11/2021T15:50:14Z,202,359,398,48.62,24.47,990.04 
15/11/2021T15:50:44Z,203,362,398,48.83,24.47,990.00 
15/11/2021T15:51:14Z,205,356,402,48.77,24.45,990.00 
15/11/2021T15:51:45Z,203,362,398,48.36,24.45,990.15 
15/11/2021T15:52:16Z,204,359,399,48.63,24.43,990.11 
15/11/2021T15:52:47Z,210,369,411,48.66,24.45,990.06 
15/11/2021T15:53:17Z,205,369,405,48.45,24.46,990.15 
15/11/2021T15:53:48Z,204,367,416,48.73,24.43,990.12 
15/11/2021T15:54:19Z,208,372,415,48.14,24.40,990.27 
15/11/2021T15:54:50Z,206,367,403,48.81,24.38,990.10 
15/11/2021T15:55:20Z,210,378,428,48.30,24.34,990.26 
15/11/2021T15:55:51Z,212,370,416,48.15,24.30,990.33 
15/11/2021T15:56:21Z,210,377,418,48.30,24.27,990.30 
15/11/2021T15:56:52Z,206,372,423,48.95,24.27,990.12 
15/11/2021T15:57:22Z,207,368,407,48.18,24.26,990.26 
15/11/2021T15:57:52Z,209,374,416,48.16,24.23,990.34 
15/11/2021T15:58:23Z,209,362,401,48.16,24.19,990.31 
15/11/2021T15:58:54Z,210,370,412,48.19,24.14,990.33 
15/11/2021T15:59:24Z,212,377,422,48.07,24.13,990.38 
15/11/2021T15:59:55Z,219,390,431,48.10,24.11,990.36 
15/11/2021T16:00:25Z,216,386,430,48.24,24.10,990.33 
15/11/2021T16:00:55Z,210,381,424,48.91,24.11,990.14 
15/11/2021T16:01:26Z,211,384,430,48.50,24.12,990.20 
15/11/2021T16:01:57Z,210,372,412,48.28,24.10,990.30 
15/11/2021T16:02:27Z,214,380,422,48.42,24.09,990.25 
15/11/2021T16:02:58Z,214,377,417,48.30,24.07,990.32 
15/11/2021T16:03:29Z,211,373,417,48.66,24.05,990.24 
15/11/2021T16:04:00Z,212,365,401,48.19,24.05,990.33 
15/11/2021T16:04:30Z,206,372,415,48.20,24.04,990.37 
15/11/2021T16:05:01Z,205,375,410,48.42,24.03,990.31 
15/11/2021T16:05:31Z,207,371,412,48.20,24.00,990.39 
15/11/2021T16:06:01Z,208,369,410,48.23,23.96,990.40 
15/11/2021T16:06:32Z,209,365,413,48.36,23.96,990.38 
15/11/2021T16:07:03Z,207,369,409,48.31,23.97,990.37 
15/11/2021T16:07:33Z,209,373,417,48.62,23.98,990.29 
15/11/2021T16:08:04Z,206,372,419,48.28,23.98,990.34 
15/11/2021T16:08:35Z,208,373,413,48.45,23.97,990.32 
15/11/2021T16:09:06Z,208,376,425,48.92,23.98,990.15 
15/11/2021T16:09:36Z,205,372,417,48.32,23.99,990.33 
15/11/2021T16:10:07Z,204,359,403,48.20,23.96,990.38 
15/11/2021T16:10:38Z,199,358,401,48.18,23.92,990.41 
15/11/2021T16:11:08Z,204,371,415,48.52,23.94,990.31 
15/11/2021T16:11:39Z,203,368,409,48.76,23.98,990.23 
15/11/2021T16:12:10Z,200,353,399,48.97,24.02,990.13 
15/11/2021T16:12:41Z,201,367,407,48.94,24.07,990.12 
15/11/2021T16:13:11Z,202,366,414,48.71,24.16,990.16 
15/11/2021T16:13:42Z,200,362,409,48.46,24.21,990.21 
15/11/2021T16:14:13Z,201,354,406,48.34,24.25,990.26 
15/11/2021T16:14:44Z,201,361,406,48.25,24.29,990.27 
15/11/2021T16:15:15Z,200,362,408,48.04,24.33,990.32 
15/11/2021T16:15:45Z,203,364,405,47.85,24.31,990.39 
15/11/2021T16:16:16Z,203,363,409,48.26,24.32,990.30 
15/11/2021T16:16:47Z,200,360,404,47.91,24.34,990.39 
15/11/2021T16:17:18Z,199,361,403,48.14,24.38,990.33 
15/11/2021T16:17:48Z,208,373,413,47.91,24.41,990.37 
15/11/2021T16:18:18Z,218,383,426,47.82,24.45,990.38 
15/11/2021T16:18:49Z,214,378,418,47.63,24.49,990.42 
15/11/2021T16:19:19Z,212,383,433,47.92,24.52,990.31 
15/11/2021T16:19:50Z,212,372,418,48.06,24.53,990.23 
15/11/2021T16:20:21Z,214,387,443,48.14,24.54,990.21 
15/11/2021T16:20:52Z,221,401,461,48.18,24.53,990.20 
15/11/2021T16:21:22Z,223,419,488,47.99,24.52,990.26 
15/11/2021T16:21:53Z,220,401,460,48.25,24.52,990.19 
15/11/2021T16:22:24Z,217,397,458,48.19,24.51,990.18 
15/11/2021T16:22:54Z,221,407,466,48.23,24.49,990.17 
15/11/2021T16:23:25Z,216,390,442,48.21,24.47,990.19 
15/11/2021T16:23:55Z,206,378,425,48.08,24.46,990.24 
15/11/2021T16:24:26Z,209,373,423,47.92,24.44,990.30 
15/11/2021T16:24:56Z,207,374,420,48.01,24.42,990.32 
15/11/2021T16:25:26Z,211,383,421,48.14,24.42,990.24 
15/11/2021T16:25:56Z,203,370,417,48.32,24.42,990.16 
15/11/2021T16:26:27Z,212,391,443,48.28,24.42,990.17 
15/11/2021T16:26:58Z,211,395,443,48.09,24.43,990.23 
15/11/2021T16:27:29Z,210,386,438,48.15,24.42,990.22 
15/11/2021T16:27:59Z,208,369,413,48.04,24.42,990.28 
15/11/2021T16:28:30Z,211,378,420,48.08,24.42,990.27 
15/11/2021T16:29:01Z,212,378,416,47.94,24.42,990.30 
15/11/2021T16:29:32Z,212,376,421,47.95,24.43,990.31 
15/11/2021T16:30:02Z,221,395,446,48.15,24.44,990.23 
15/11/2021T16:30:33Z,216,387,432,48.13,24.42,990.23 
15/11/2021T16:31:04Z,209,378,428,48.27,24.43,990.17 
15/11/2021T16:31:34Z,214,383,425,48.14,24.43,990.21 
15/11/2021T16:32:04Z,210,376,425,48.07,24.42,990.24 
15/11/2021T16:32:35Z,211,381,429,48.04,24.43,990.27 
15/11/2021T16:33:06Z,210,380,429,47.98,24.44,990.26 
15/11/2021T16:33:36Z,211,382,431,47.96,24.44,990.27 
15/11/2021T16:34:06Z,211,392,438,48.08,24.44,990.21 
15/11/2021T16:34:37Z,209,383,432,48.01,24.44,990.23 
15/11/2021T16:35:07Z,210,383,438,47.64,24.39,990.30 
15/11/2021T16:35:38Z,205,388,447,47.00,24.23,990.57 
15/11/2021T16:36:08Z,209,400,458,47.05,24.08,990.60 
15/11/2021T16:36:39Z,210,388,437,47.87,23.99,990.41 
15/11/2021T16:37:10Z,207,387,441,47.88,23.97,990.35 
15/11/2021T16:37:41Z,206,386,446,47.83,23.95,990.37 
15/11/2021T16:38:11Z,204,376,424,47.90,23.95,990.35 
15/11/2021T16:38:42Z,206,377,422,47.88,23.96,990.34 
15/11/2021T16:39:12Z,206,383,437,47.94,23.96,990.34 
15/11/2021T16:39:43Z,207,377,429,47.95,23.98,990.33 
15/11/2021T16:40:14Z,201,365,419,47.90,24.01,990.34 
15/11/2021T16:40:45Z,206,378,431,47.88,24.03,990.35 
15/11/2021T16:41:15Z,203,365,410,47.89,24.05,990.34 
15/11/2021T16:41:45Z,204,377,421,47.88,24.06,990.35 
15/11/2021T16:42:15Z,202,373,422,47.90,24.07,990.34 
15/11/2021T16:42:46Z,206,369,415,47.92,24.08,990.33 
15/11/2021T16:43:17Z,202,359,408,47.96,24.08,990.32 
15/11/2021T16:43:47Z,203,370,425,47.97,24.09,990.31 
15/11/2021T16:44:18Z,201,372,413,47.99,24.10,990.30 
15/11/2021T16:44:49Z,198,362,411,48.02,24.11,990.27 
15/11/2021T16:45:20Z,202,364,417,48.03,24.12,990.28 
15/11/2021T16:45:50Z,203,360,412,48.07,24.12,990.27 
15/11/2021T16:46:21Z,202,365,412,48.14,24.11,990.25 
15/11/2021T16:46:52Z,201,363,409,48.15,24.11,990.25 
15/11/2021T16:47:22Z,201,366,403,48.19,24.12,990.25 
15/11/2021T16:47:53Z,202,367,413,48.25,24.11,990.24 
15/11/2021T16:48:24Z,201,364,415,48.26,24.11,990.25 
15/11/2021T16:48:54Z,199,365,417,48.31,24.11,990.23 
15/11/2021T16:49:25Z,201,366,406,48.36,24.10,990.22 
15/11/2021T16:49:55Z,202,365,411,48.40,24.09,990.21 
15/11/2021T16:50:26Z,206,365,415,48.49,24.09,990.17 
15/11/2021T16:50:57Z,203,363,409,48.45,24.09,990.19 
15/11/2021T16:51:27Z,203,364,411,48.49,24.09,990.17 
15/11/2021T16:51:58Z,198,357,409,48.59,24.08,990.16 
15/11/2021T16:52:28Z,201,359,402,48.56,24.08,990.16 
15/11/2021T16:52:59Z,197,359,396,48.60,24.07,990.15 
15/11/2021T16:53:30Z,199,359,405,48.66,24.07,990.14 
15/11/2021T16:54:01Z,198,359,403,48.60,24.07,990.17 
15/11/2021T16:54:31Z,198,363,401,48.74,24.07,990.13 
15/11/2021T16:55:02Z,199,358,398,48.75,24.06,990.12 
15/11/2021T16:55:32Z,203,357,405,48.74,24.06,990.13 
15/11/2021T16:56:03Z,202,359,403,48.82,24.06,990.10 
15/11/2021T16:56:34Z,201,358,396,48.78,24.05,990.12 
15/11/2021T16:57:05Z,200,362,400,48.81,24.05,990.13 
15/11/2021T16:57:36Z,198,356,396,48.86,24.05,990.11 
15/11/2021T16:58:06Z,199,357,399,48.90,24.04,990.11 
15/11/2021T16:58:37Z,197,348,396,48.86,24.04,990.13 
15/11/2021T16:59:07Z,195,349,395,48.90,24.04,990.13 
15/11/2021T16:59:38Z,198,351,396,48.89,24.03,990.13 
15/11/2021T17:00:08Z,193,353,394,48.94,24.03,990.12 
15/11/2021T17:00:39Z,200,352,392,48.99,24.03,990.11 
15/11/2021T17:01:10Z,197,358,406,48.99,24.02,990.10 
15/11/2021T17:01:41Z,196,355,391,49.13,24.01,990.05 
15/11/2021T17:02:11Z,200,361,405,49.16,24.00,990.03 
15/11/2021T17:02:42Z,199,352,397,49.15,24.00,990.05 
15/11/2021T17:03:12Z,198,353,397,49.18,23.99,990.04 
15/11/2021T17:03:42Z,199,350,394,49.24,23.99,990.01 
15/11/2021T17:04:13Z,198,356,398,49.23,23.98,990.03 
15/11/2021T17:04:43Z,197,356,399,49.30,23.97,990.00 
15/11/2021T17:05:14Z,193,346,386,49.28,23.97,990.02 
15/11/2021T17:05:44Z,194,345,385,49.31,23.96,989.99 
15/11/2021T17:06:14Z,192,344,386,49.23,23.97,990.01 
15/11/2021T17:06:44Z,195,354,391,49.22,23.97,990.01 
15/11/2021T17:07:15Z,197,349,388,49.29,23.97,989.98 
15/11/2021T17:07:45Z,197,353,391,49.43,23.96,989.95 
15/11/2021T17:08:15Z,195,344,377,49.42,23.95,989.95 
15/11/2021T17:08:45Z,197,343,382,49.49,23.94,989.93 
15/11/2021T17:09:15Z,193,348,387,49.51,23.94,989.92 
15/11/2021T17:09:46Z,192,344,382,49.45,23.94,989.93 
15/11/2021T17:10:16Z,194,344,384,49.51,23.93,989.90 
15/11/2021T17:10:46Z,195,344,390,49.51,23.93,989.90 
15/11/2021T17:11:16Z,194,344,389,49.45,23.93,989.91 
15/11/2021T17:11:46Z,197,348,389,49.47,23.93,989.91 
15/11/2021T17:12:17Z,194,341,381,49.53,23.93,989.87 
15/11/2021T17:12:47Z,192,348,388,49.47,23.92,989.89 
15/11/2021T17:13:17Z,191,346,388,49.53,23.92,989.88 
15/11/2021T17:13:47Z,193,346,386,49.65,23.91,989.83 
15/11/2021T17:14:17Z,196,349,385,49.58,23.91,989.85 
15/11/2021T17:14:47Z,192,341,386,49.58,23.91,989.87 
15/11/2021T17:15:18Z,192,341,380,49.58,23.91,989.85 
15/11/2021T17:16:09Z,193,347,392,49.57,23.91,989.85 
15/11/2021T17:16:40Z,193,346,383,49.58,23.92,989.85 
