19/10/2021T03:19:10Z,44,65,74,73.65,25.48,985.88 
19/10/2021T03:19:40Z,51,77,82,73.92,25.48,985.88 
19/10/2021T03:20:11Z,52,77,83,73.92,25.50,985.89 
19/10/2021T03:20:40Z,54,81,87,73.67,25.59,985.90 
19/10/2021T03:21:10Z,52,85,97,73.35,25.70,985.88 
19/10/2021T03:21:41Z,53,86,105,72.94,25.78,985.89 
19/10/2021T03:22:12Z,55,91,119,72.09,26.02,985.87 
19/10/2021T03:22:42Z,53,94,128,71.38,26.19,985.89 
19/10/2021T03:23:12Z,53,84,106,71.31,26.15,985.90 
19/10/2021T03:23:43Z,49,75,87,71.40,26.06,985.92 
19/10/2021T03:24:14Z,54,83,96,71.58,25.94,985.92 
19/10/2021T03:24:44Z,52,77,87,72.03,25.82,985.93 
19/10/2021T03:25:15Z,50,74,81,72.36,25.82,985.94 
19/10/2021T03:25:45Z,50,81,94,72.13,26.04,985.95 
19/10/2021T03:26:15Z,50,78,86,71.38,26.09,985.94 
19/10/2021T03:26:45Z,50,76,87,71.84,26.09,985.94 
19/10/2021T03:27:15Z,52,80,89,71.27,26.28,985.93 
19/10/2021T03:27:46Z,47,74,85,71.21,26.40,985.91 
19/10/2021T03:28:16Z,51,79,90,70.92,26.51,985.93 
19/10/2021T03:28:46Z,49,77,84,70.66,26.60,985.90 
19/10/2021T03:29:17Z,51,80,89,70.26,26.60,985.92 
19/10/2021T03:29:48Z,51,79,88,69.94,26.62,985.93 
19/10/2021T03:30:18Z,56,86,93,70.43,26.44,985.93 
19/10/2021T03:30:49Z,51,78,84,70.65,26.43,985.94 
19/10/2021T03:31:19Z,51,81,91,70.19,26.58,985.94 
19/10/2021T03:31:50Z,56,84,90,70.02,26.68,985.89 
19/10/2021T03:32:21Z,54,79,83,69.72,26.68,985.89 
19/10/2021T03:32:52Z,57,87,94,69.91,26.62,985.91 
19/10/2021T03:33:22Z,51,80,87,69.57,26.69,985.91 
19/10/2021T03:33:53Z,52,80,85,69.33,26.72,985.89 
19/10/2021T03:34:24Z,52,81,88,69.84,26.55,985.94 
19/10/2021T03:34:55Z,53,81,88,70.01,26.44,985.98 
19/10/2021T03:35:26Z,59,88,96,70.76,26.29,985.98 
19/10/2021T03:35:56Z,52,80,85,70.74,26.37,986.00 
19/10/2021T03:36:26Z,53,78,84,70.45,26.43,985.98 
19/10/2021T03:36:57Z,54,81,89,70.58,26.46,985.98 
19/10/2021T03:37:28Z,56,86,92,70.88,26.39,985.99 
19/10/2021T03:37:59Z,57,86,94,71.02,26.42,986.01 
19/10/2021T03:38:29Z,59,88,94,71.73,26.46,986.01 
19/10/2021T03:38:59Z,57,88,94,71.02,26.60,986.00 
19/10/2021T03:39:30Z,57,87,93,70.59,26.69,985.99 
19/10/2021T03:40:00Z,58,85,92,69.96,26.72,985.97 
19/10/2021T03:40:31Z,53,80,88,69.72,26.56,986.02 
19/10/2021T03:41:01Z,52,79,85,70.20,26.49,986.02 
19/10/2021T03:41:32Z,52,81,86,70.34,26.56,986.03 
19/10/2021T03:42:02Z,52,75,81,69.90,26.74,986.00 
19/10/2021T03:42:33Z,49,73,80,69.32,26.84,985.99 
19/10/2021T03:43:03Z,50,73,79,68.95,26.91,985.98 
19/10/2021T03:43:34Z,50,75,82,68.90,26.94,985.97 
19/10/2021T03:44:04Z,69,104,113,69.46,26.82,985.98 
19/10/2021T03:44:34Z,66,101,111,69.68,26.90,985.97 
19/10/2021T03:45:05Z,59,91,99,69.09,27.03,986.00 
19/10/2021T03:45:35Z,61,92,100,68.79,27.07,986.01 
19/10/2021T03:46:06Z,87,144,160,69.06,27.04,985.99 
19/10/2021T03:46:36Z,84,138,153,68.98,27.03,986.00 
19/10/2021T03:47:07Z,66,103,113,69.20,26.84,986.03 
19/10/2021T03:47:38Z,74,116,127,69.78,26.73,986.05 
19/10/2021T03:48:09Z,72,113,125,69.82,26.81,986.05 
19/10/2021T03:48:40Z,66,105,116,69.65,26.75,986.09 
19/10/2021T03:49:10Z,68,107,121,70.35,26.68,986.11 
19/10/2021T03:49:40Z,69,112,123,69.66,26.84,986.07 
19/10/2021T03:50:11Z,69,107,117,69.21,26.96,986.08 
19/10/2021T03:50:42Z,60,93,98,68.87,27.01,986.06 
19/10/2021T03:51:13Z,59,90,97,68.94,27.02,986.08 
19/10/2021T03:51:43Z,56,87,98,68.54,27.04,986.07 
19/10/2021T03:52:13Z,54,81,88,68.84,26.81,986.11 
19/10/2021T03:52:44Z,59,86,92,69.62,26.74,986.11 
19/10/2021T03:53:14Z,57,88,94,69.70,26.63,986.14 
19/10/2021T03:53:45Z,59,91,100,69.71,26.76,986.12 
19/10/2021T03:54:16Z,56,87,94,69.11,26.89,986.12 
19/10/2021T03:54:47Z,56,85,91,69.14,26.86,986.13 
19/10/2021T03:55:18Z,54,81,86,69.41,26.81,986.16 
19/10/2021T03:55:48Z,54,82,87,69.12,26.93,986.14 
19/10/2021T03:56:18Z,56,85,93,68.76,27.03,986.17 
19/10/2021T03:56:48Z,54,81,85,68.23,27.06,986.15 
19/10/2021T03:57:19Z,50,76,82,68.20,27.04,986.14 
19/10/2021T03:57:50Z,51,77,85,68.53,26.87,986.18 
19/10/2021T03:58:21Z,52,81,90,69.22,26.65,986.21 
19/10/2021T03:58:51Z,50,77,83,69.90,26.58,986.20 
19/10/2021T03:59:21Z,50,75,83,69.41,26.73,986.17 
19/10/2021T03:59:51Z,48,72,78,69.06,26.76,986.16 
19/10/2021T04:00:22Z,50,74,82,69.82,26.53,986.17 
19/10/2021T04:00:53Z,49,74,82,70.39,26.39,986.20 
19/10/2021T04:01:23Z,50,76,84,70.56,26.42,986.21 
19/10/2021T04:01:54Z,56,85,92,70.94,26.38,986.22 
19/10/2021T04:02:24Z,156,221,237,70.87,26.49,986.20 
19/10/2021T04:02:54Z,158,266,298,70.49,26.56,986.20 
19/10/2021T04:03:24Z,302,798,964,70.40,26.65,986.21 
19/10/2021T04:03:55Z,307,883,1089,69.82,26.81,986.14 
19/10/2021T04:04:25Z,153,270,311,69.91,26.71,986.20 
19/10/2021T04:04:56Z,146,263,304,70.68,26.61,986.17 
19/10/2021T04:05:26Z,191,471,589,70.73,26.53,986.16 
19/10/2021T04:05:57Z,293,938,1234,70.65,26.71,986.15 
19/10/2021T04:06:27Z,271,1093,1504,69.81,26.88,986.09 
19/10/2021T04:06:58Z,269,711,883,69.31,26.98,986.10 
19/10/2021T04:07:29Z,181,379,460,69.20,26.92,986.10 
19/10/2021T04:07:59Z,177,440,544,69.72,26.78,986.10 
19/10/2021T04:08:30Z,221,1375,496,69.85,26.87,986.09 
19/10/2021T04:09:00Z,260,930,1243,69.12,26.96,986.10 
19/10/2021T04:09:31Z,252,684,871,69.26,26.97,986.12 
19/10/2021T04:10:01Z,187,423,514,68.74,27.02,986.12 
19/10/2021T04:10:32Z,198,519,659,69.31,26.90,986.14 
19/10/2021T04:11:03Z,252,1039,1431,69.30,26.93,986.15 
19/10/2021T04:11:33Z,198,721,1016,69.19,26.90,986.15 
19/10/2021T04:12:03Z,215,610,794,69.71,26.83,986.14 
19/10/2021T04:12:33Z,233,719,937,69.55,26.82,986.15 
19/10/2021T04:13:03Z,168,469,608,69.82,26.81,986.13 
19/10/2021T04:13:34Z,246,825,1085,70.04,26.83,986.13 
19/10/2021T04:14:04Z,181,455,580,70.00,26.87,986.13 
19/10/2021T04:14:34Z,152,345,421,70.28,26.80,986.16 
19/10/2021T04:15:05Z,275,885,1153,70.09,26.93,986.14 
19/10/2021T04:15:36Z,255,768,964,69.63,27.07,986.16 
19/10/2021T04:16:06Z,90,163,186,69.57,26.96,986.17 
19/10/2021T04:16:36Z,235,727,955,69.82,26.96,986.17 
19/10/2021T04:17:07Z,269,818,1050,69.21,27.11,986.15 
19/10/2021T04:17:38Z,168,359,440,69.05,27.07,986.17 
19/10/2021T04:18:08Z,234,587,723,69.43,26.96,986.19 
19/10/2021T04:18:38Z,134,318,387,69.63,26.89,986.19 
19/10/2021T04:19:09Z,229,998,1428,69.77,26.94,986.18 
19/10/2021T04:19:39Z,154,349,417,69.68,26.84,986.20 
19/10/2021T04:20:10Z,233,876,1220,69.88,26.92,986.19 
19/10/2021T04:20:40Z,130,262,316,69.89,26.81,986.22 
19/10/2021T04:21:10Z,212,551,682,70.17,26.84,986.20 
19/10/2021T04:21:40Z,184,493,624,69.99,26.86,986.22 
19/10/2021T04:22:10Z,194,494,625,70.00,26.84,986.22 
19/10/2021T04:22:41Z,248,1185,1689,69.93,26.94,986.22 
19/10/2021T04:23:11Z,217,892,1268,69.39,26.97,986.22 
19/10/2021T04:23:42Z,209,497,608,69.67,26.84,986.23 
19/10/2021T04:24:12Z,262,1044,1442,69.64,26.97,986.22 
19/10/2021T04:25:12Z,205,495,614,68.86,26.99,986.18 
19/10/2021T04:25:43Z,237,560,689,68.98,27.02,986.18 
19/10/2021T04:26:13Z,193,441,527,68.90,27.02,986.19 
19/10/2021T04:26:43Z,199,478,583,68.96,27.00,986.19 
19/10/2021T04:27:13Z,268,730,913,69.00,27.07,986.19 
19/10/2021T04:27:44Z,222,529,664,68.40,27.18,986.21 
19/10/2021T04:28:14Z,249,668,822,68.28,27.20,986.19 
19/10/2021T04:28:45Z,269,817,1061,68.14,27.24,986.22 
19/10/2021T04:29:16Z,259,655,792,67.96,27.28,986.23 
19/10/2021T04:29:46Z,200,490,595,67.98,27.12,986.26 
19/10/2021T04:30:16Z,144,301,358,68.44,26.93,986.25 
19/10/2021T04:30:47Z,192,497,649,69.01,26.85,986.27 
19/10/2021T04:31:17Z,209,539,668,69.14,26.84,986.29 
19/10/2021T04:31:48Z,188,492,610,69.27,26.82,986.30 
19/10/2021T04:32:18Z,239,604,736,69.45,26.90,986.29 
19/10/2021T04:32:49Z,238,640,791,68.82,26.99,986.28 
19/10/2021T04:33:20Z,278,966,1247,68.75,27.09,986.26 
19/10/2021T04:33:50Z,227,633,802,68.38,27.17,986.24 
19/10/2021T04:34:20Z,166,342,414,68.52,27.04,986.28 
19/10/2021T04:34:51Z,168,351,423,68.95,26.94,986.28 
19/10/2021T04:35:21Z,226,995,1397,69.17,26.99,986.25 
19/10/2021T04:35:52Z,267,886,1169,68.59,27.13,986.24 
19/10/2021T04:36:22Z,200,589,751,68.06,27.20,986.23 
19/10/2021T04:36:52Z,81,147,167,68.59,27.09,986.24 
19/10/2021T04:37:23Z,204,476,578,68.71,27.12,986.23 
19/10/2021T04:37:53Z,222,520,618,68.74,27.14,986.25 
19/10/2021T04:38:23Z,208,542,675,68.66,27.14,986.25 
19/10/2021T04:38:54Z,275,861,1093,68.40,27.21,986.26 
19/10/2021T04:39:24Z,258,841,1054,67.96,27.30,986.24 
19/10/2021T04:39:55Z,276,850,1066,67.62,27.34,986.23 
19/10/2021T04:40:25Z,255,670,832,67.21,27.40,986.19 
19/10/2021T04:40:55Z,131,261,306,67.68,27.29,986.21 
19/10/2021T04:41:25Z,247,574,686,67.59,27.41,986.19 
19/10/2021T04:41:56Z,256,634,759,67.23,27.47,986.18 
19/10/2021T04:42:26Z,142,264,309,67.39,27.31,986.20 
19/10/2021T04:42:56Z,202,422,496,67.53,27.29,986.19 
19/10/2021T04:43:27Z,150,306,357,68.03,27.31,986.17 
19/10/2021T04:43:57Z,178,356,416,68.00,27.39,986.18 
19/10/2021T04:44:27Z,235,517,617,67.41,27.47,986.17 
19/10/2021T04:44:57Z,181,368,426,67.03,27.52,986.17 
19/10/2021T04:45:27Z,119,214,247,66.95,27.50,986.17 
19/10/2021T04:45:58Z,106,197,226,67.52,27.41,986.17 
19/10/2021T04:46:28Z,90,160,179,67.52,27.33,986.17 
19/10/2021T04:46:58Z,86,149,170,67.80,27.32,986.16 
19/10/2021T04:47:28Z,63,107,119,67.80,27.26,986.17 
19/10/2021T04:47:58Z,102,176,195,68.26,27.29,986.15 
19/10/2021T04:48:28Z,130,225,258,68.22,27.37,986.16 
19/10/2021T04:48:59Z,93,158,176,68.25,27.39,986.15 
19/10/2021T04:49:29Z,92,157,180,67.99,27.45,986.15 
19/10/2021T04:49:59Z,93,155,175,68.24,27.52,986.13 
19/10/2021T04:50:30Z,83,142,156,67.91,27.59,986.13 
19/10/2021T04:51:00Z,86,142,162,67.46,27.69,986.10 
19/10/2021T04:51:30Z,89,154,171,67.16,27.71,986.10 
19/10/2021T04:52:00Z,101,175,203,67.02,27.69,986.09 
19/10/2021T04:52:31Z,77,129,142,66.59,27.66,986.05 
19/10/2021T04:53:01Z,60,96,106,67.02,27.50,986.06 
19/10/2021T04:53:31Z,68,110,123,67.33,27.54,986.08 
19/10/2021T04:54:02Z,74,124,137,67.32,27.51,986.05 
19/10/2021T04:54:32Z,69,107,117,66.99,27.48,986.05 
19/10/2021T04:55:02Z,68,109,117,67.52,27.46,986.07 
19/10/2021T04:55:32Z,66,104,110,67.25,27.51,986.06 
19/10/2021T04:56:02Z,54,83,88,67.61,27.38,986.08 
19/10/2021T04:56:33Z,66,104,113,67.69,27.46,986.08 
19/10/2021T04:57:03Z,56,85,90,67.57,27.41,986.06 
19/10/2021T04:57:33Z,70,101,106,67.88,27.35,986.06 
19/10/2021T04:58:04Z,66,99,107,68.16,27.36,986.05 
19/10/2021T04:58:35Z,68,106,114,68.03,27.44,986.04 
19/10/2021T04:59:05Z,57,83,90,68.03,27.36,986.06 
19/10/2021T04:59:36Z,55,82,90,67.52,27.34,986.04 
19/10/2021T05:00:07Z,48,69,77,67.83,27.19,986.05 
19/10/2021T05:00:37Z,51,76,83,68.59,27.17,986.02 
19/10/2021T05:01:07Z,60,95,104,68.53,27.27,986.02 
19/10/2021T05:01:38Z,58,88,97,67.93,27.36,986.01 
19/10/2021T05:02:08Z,56,85,91,67.56,27.36,986.01 
19/10/2021T05:02:38Z,49,74,81,67.78,27.24,986.02 
19/10/2021T05:03:08Z,50,78,85,68.32,27.22,986.02 
19/10/2021T05:03:39Z,54,84,95,68.16,27.26,986.00 
19/10/2021T05:04:10Z,52,79,83,68.27,27.28,986.00 
19/10/2021T05:04:41Z,53,81,87,67.63,27.43,985.97 
19/10/2021T05:05:12Z,54,81,87,67.33,27.47,985.99 
19/10/2021T05:05:43Z,53,78,83,67.79,27.36,985.98 
19/10/2021T05:06:13Z,49,73,80,68.07,27.31,985.99 
19/10/2021T05:06:44Z,49,77,83,68.08,27.33,986.01 
19/10/2021T05:07:14Z,45,67,77,67.68,27.31,986.00 
19/10/2021T05:07:44Z,40,61,72,67.94,27.14,986.02 
19/10/2021T05:08:15Z,45,66,76,68.36,27.16,985.98 
19/10/2021T05:08:45Z,50,74,80,68.19,27.30,985.99 
19/10/2021T05:09:16Z,46,66,77,67.81,27.24,985.98 
19/10/2021T05:09:46Z,47,69,78,67.96,27.18,985.99 
19/10/2021T05:10:17Z,48,69,76,68.18,27.08,985.99 
19/10/2021T05:10:47Z,46,66,75,68.63,27.05,985.99 
19/10/2021T05:11:18Z,45,67,75,68.80,27.01,985.97 
19/10/2021T05:11:48Z,45,66,74,69.16,27.00,985.97 
19/10/2021T05:12:19Z,46,70,77,69.13,27.05,985.98 
19/10/2021T05:12:49Z,46,69,77,69.20,27.07,985.96 
19/10/2021T05:13:19Z,46,67,75,68.74,27.18,985.94 
19/10/2021T05:13:50Z,46,69,77,68.38,27.21,985.93 
19/10/2021T05:14:20Z,45,66,77,68.47,27.24,985.97 
19/10/2021T05:14:50Z,46,68,76,68.09,27.22,985.95 
19/10/2021T05:15:21Z,46,66,74,68.16,27.13,985.97 
19/10/2021T05:15:52Z,48,73,80,68.53,27.08,985.96 
19/10/2021T05:16:22Z,48,75,80,68.51,27.10,985.95 
19/10/2021T05:16:53Z,47,72,77,68.86,27.20,985.94 
19/10/2021T05:17:24Z,47,73,79,68.13,27.28,985.96 
19/10/2021T05:17:54Z,49,74,80,68.21,27.28,985.96 
19/10/2021T05:18:25Z,49,73,80,68.09,27.33,985.93 
19/10/2021T05:18:56Z,46,69,77,68.13,27.29,985.94 
19/10/2021T05:19:26Z,49,69,79,68.31,27.27,985.94 
19/10/2021T05:19:56Z,50,73,81,68.20,27.35,985.94 
19/10/2021T05:20:27Z,50,74,81,67.90,27.41,985.95 
19/10/2021T05:20:57Z,52,76,81,67.74,27.54,985.93 
19/10/2021T05:21:27Z,49,72,79,67.27,27.55,985.97 
19/10/2021T05:21:58Z,49,72,77,67.39,27.59,985.95 
19/10/2021T05:22:28Z,49,74,80,67.01,27.58,985.93 
19/10/2021T05:22:59Z,51,73,80,66.96,27.50,985.91 
19/10/2021T05:23:29Z,62,94,101,67.14,27.45,985.90 
19/10/2021T05:24:00Z,52,78,85,67.73,27.50,985.90 
19/10/2021T05:24:30Z,56,83,90,66.96,27.56,985.90 
19/10/2021T05:25:01Z,58,90,97,66.82,27.65,985.92 
19/10/2021T05:25:31Z,63,97,104,66.90,27.59,985.92 
19/10/2021T05:26:01Z,57,86,90,67.25,27.50,985.88 
19/10/2021T05:26:31Z,59,88,94,67.17,27.54,985.89 
19/10/2021T05:27:02Z,59,91,97,66.92,27.55,985.91 
19/10/2021T05:27:32Z,62,94,101,66.92,27.51,985.91 
19/10/2021T05:28:02Z,57,85,91,67.19,27.44,985.91 
19/10/2021T05:28:33Z,60,88,96,67.25,27.44,985.93 
19/10/2021T05:29:04Z,66,101,109,67.39,27.34,985.93 
19/10/2021T05:29:35Z,59,88,93,67.77,27.24,985.91 
19/10/2021T05:30:05Z,62,95,102,68.00,27.26,985.90 
19/10/2021T05:30:36Z,57,86,92,67.90,27.22,985.91 
19/10/2021T05:31:06Z,60,92,98,68.10,27.30,985.89 
19/10/2021T05:31:37Z,60,91,97,67.62,27.44,985.87 
19/10/2021T05:32:07Z,58,87,95,67.14,27.52,985.86 
19/10/2021T05:32:38Z,63,96,104,67.14,27.54,985.83 
19/10/2021T05:33:08Z,66,98,106,67.69,27.51,985.82 
19/10/2021T05:33:39Z,62,92,100,67.06,27.65,985.82 
19/10/2021T05:34:09Z,60,90,96,66.46,27.69,985.80 
19/10/2021T05:34:40Z,62,95,104,66.76,27.57,985.82 
19/10/2021T05:35:11Z,66,101,108,67.16,27.46,985.81 
19/10/2021T05:35:41Z,60,93,101,67.40,27.46,985.81 
19/10/2021T05:36:11Z,61,93,99,67.56,27.43,985.78 
19/10/2021T05:36:42Z,64,97,106,67.94,27.45,985.78 
19/10/2021T05:37:13Z,68,106,115,67.84,27.52,985.78 
19/10/2021T05:37:43Z,66,105,114,68.02,27.47,985.76 
19/10/2021T05:38:14Z,64,100,109,67.88,27.56,985.77 
19/10/2021T05:38:44Z,81,127,138,67.87,27.48,985.76 
19/10/2021T05:39:15Z,132,226,249,68.06,27.46,985.77 
19/10/2021T05:39:45Z,94,153,167,68.08,27.49,985.77 
19/10/2021T05:40:16Z,77,123,135,67.87,27.60,985.76 
19/10/2021T05:40:46Z,67,107,116,67.35,27.68,985.77 
19/10/2021T05:41:16Z,66,102,110,67.07,27.77,985.75 
19/10/2021T05:41:47Z,73,115,124,66.70,27.76,985.75 
19/10/2021T05:42:17Z,67,105,116,67.01,27.77,985.77 
19/10/2021T05:42:48Z,66,102,111,66.93,27.84,985.73 
19/10/2021T05:43:19Z,60,89,95,66.24,27.90,985.72 
19/10/2021T05:43:49Z,103,167,189,66.43,27.90,985.72 
19/10/2021T05:44:20Z,104,162,178,66.63,27.86,985.72 
19/10/2021T05:44:50Z,85,136,149,67.23,27.91,985.72 
19/10/2021T05:45:20Z,89,136,147,66.85,27.92,985.72 
19/10/2021T05:45:51Z,88,140,151,66.64,27.85,985.72 
19/10/2021T05:46:22Z,79,118,128,66.87,27.79,985.72 
19/10/2021T05:46:52Z,77,120,131,67.45,27.87,985.71 
19/10/2021T05:47:23Z,79,124,133,67.16,27.96,985.69 
19/10/2021T05:47:54Z,90,139,149,66.58,27.87,985.70 
19/10/2021T05:48:24Z,105,170,189,67.28,27.87,985.70 
19/10/2021T05:48:54Z,117,192,208,67.77,27.91,985.70 
19/10/2021T05:49:25Z,129,213,238,67.42,27.97,985.72 
19/10/2021T05:49:55Z,115,179,198,67.09,27.91,985.71 
19/10/2021T05:50:26Z,87,135,144,67.10,28.03,985.71 
19/10/2021T05:50:56Z,80,124,133,66.46,28.11,985.70 
19/10/2021T05:51:26Z,74,113,122,66.04,28.15,985.67 
19/10/2021T05:51:57Z,64,97,105,65.43,28.18,985.69 
19/10/2021T05:52:27Z,64,97,103,65.75,28.28,985.64 
19/10/2021T05:52:58Z,65,99,106,65.39,28.37,985.63 
19/10/2021T05:53:28Z,60,90,93,65.07,28.36,985.63 
19/10/2021T05:53:59Z,57,87,95,65.24,28.24,985.62 
19/10/2021T05:54:30Z,59,90,97,65.60,28.19,985.62 
19/10/2021T05:55:00Z,63,96,105,65.88,28.25,985.61 
19/10/2021T05:55:31Z,60,92,100,65.55,28.30,985.59 
19/10/2021T05:56:01Z,63,96,102,65.11,28.34,985.60 
19/10/2021T05:56:32Z,73,110,116,65.53,28.27,985.57 
19/10/2021T05:57:02Z,88,134,144,65.98,28.26,985.56 
19/10/2021T05:57:33Z,74,112,122,65.82,28.39,985.53 
19/10/2021T05:58:03Z,72,108,118,65.50,28.45,985.52 
19/10/2021T05:58:34Z,69,105,113,65.72,28.45,985.50 
19/10/2021T05:59:05Z,70,105,117,65.99,28.36,985.50 
19/10/2021T05:59:35Z,77,118,132,65.70,28.35,985.49 
19/10/2021T06:00:05Z,78,118,130,66.28,28.29,985.49 
19/10/2021T06:00:35Z,77,120,131,66.59,28.29,985.48 
19/10/2021T06:01:06Z,74,116,123,66.91,28.38,985.46 
19/10/2021T06:01:36Z,114,189,208,66.21,28.27,985.51 
19/10/2021T06:02:06Z,81,129,142,66.26,28.25,985.50 
19/10/2021T06:02:36Z,72,108,118,65.66,28.09,985.50 
19/10/2021T06:03:07Z,77,121,132,66.70,28.06,985.49 
19/10/2021T06:03:37Z,80,120,128,66.77,28.21,985.47 
19/10/2021T06:04:07Z,70,106,115,66.04,28.37,985.45 
19/10/2021T06:04:38Z,60,90,97,65.23,28.38,985.47 
19/10/2021T06:05:09Z,64,94,102,65.64,28.34,985.48 
19/10/2021T06:05:39Z,65,100,106,65.59,28.34,985.46 
19/10/2021T06:06:10Z,64,93,99,65.47,28.38,985.44 
19/10/2021T06:06:41Z,61,89,96,64.89,28.31,985.43 
19/10/2021T06:07:11Z,61,89,95,65.19,28.20,985.43 
19/10/2021T06:07:41Z,60,90,96,65.62,28.17,985.42 
19/10/2021T06:08:12Z,60,91,97,66.00,28.16,985.44 
19/10/2021T06:08:42Z,62,92,96,65.86,28.22,985.42 
19/10/2021T06:09:12Z,58,85,90,65.74,28.12,985.42 
19/10/2021T06:09:43Z,55,86,90,65.31,28.07,985.41 
19/10/2021T06:10:13Z,61,90,95,66.47,28.13,985.37 
19/10/2021T06:10:44Z,60,86,91,66.13,28.17,985.37 
19/10/2021T06:11:15Z,59,87,91,66.01,28.20,985.36 
19/10/2021T06:11:45Z,56,81,84,65.09,28.14,985.35 
19/10/2021T06:12:16Z,55,80,87,65.33,28.09,985.34 
19/10/2021T06:12:47Z,55,81,87,65.17,28.12,985.32 
19/10/2021T06:13:17Z,56,82,87,65.19,28.13,985.30 
19/10/2021T06:13:47Z,56,82,88,65.21,28.07,985.28 
19/10/2021T06:14:17Z,55,78,82,65.70,28.00,985.32 
19/10/2021T06:14:48Z,57,82,88,66.10,28.06,985.31 
19/10/2021T06:15:19Z,58,83,90,65.33,28.07,985.29 
19/10/2021T06:15:50Z,56,82,89,64.84,27.99,985.30 
19/10/2021T06:16:20Z,56,84,91,65.45,27.99,985.28 
19/10/2021T06:16:50Z,56,81,87,65.44,28.12,985.23 
19/10/2021T06:17:21Z,55,80,86,64.64,28.13,985.24 
19/10/2021T06:17:51Z,56,84,88,64.90,28.08,985.26 
19/10/2021T06:18:22Z,56,83,88,64.98,28.15,985.24 
19/10/2021T06:18:53Z,59,86,94,65.44,28.04,985.28 
19/10/2021T06:19:24Z,63,92,102,65.50,28.05,985.23 
19/10/2021T06:19:54Z,59,90,96,66.01,28.11,985.21 
19/10/2021T06:20:25Z,63,91,96,65.61,28.15,985.22 
19/10/2021T06:20:55Z,60,87,92,65.28,28.23,985.19 
19/10/2021T06:21:25Z,56,82,86,64.99,28.30,985.18 
19/10/2021T06:21:56Z,56,82,88,64.69,28.32,985.19 
19/10/2021T06:22:26Z,56,82,88,64.71,28.38,985.18 
19/10/2021T06:22:57Z,53,78,83,64.07,28.40,985.17 
19/10/2021T06:23:27Z,53,76,80,63.88,28.35,985.17 
19/10/2021T06:23:57Z,54,78,83,64.14,28.29,985.20 
19/10/2021T06:24:28Z,53,79,85,64.47,28.33,985.14 
19/10/2021T06:24:58Z,53,77,83,64.88,28.21,985.13 
19/10/2021T06:25:29Z,57,83,87,64.87,28.26,985.13 
19/10/2021T06:25:59Z,53,78,83,63.95,28.19,985.14 
19/10/2021T06:26:29Z,55,80,85,64.38,28.20,985.18 
19/10/2021T06:27:00Z,53,79,84,64.72,28.23,985.14 
19/10/2021T06:27:30Z,52,75,79,64.09,28.17,985.16 
19/10/2021T06:28:00Z,56,81,84,65.13,28.14,985.16 
19/10/2021T06:28:31Z,56,81,87,64.26,28.10,985.17 
19/10/2021T06:29:01Z,54,78,83,64.54,28.02,985.15 
19/10/2021T06:29:31Z,55,83,90,65.65,28.08,985.13 
19/10/2021T06:30:02Z,53,78,85,64.60,28.12,985.13 
19/10/2021T06:30:32Z,50,73,80,64.38,28.09,985.13 
19/10/2021T06:31:03Z,54,78,85,65.50,28.10,985.13 
19/10/2021T06:31:33Z,53,76,83,65.36,28.22,985.11 
19/10/2021T06:32:04Z,51,77,87,65.02,28.34,985.10 
19/10/2021T06:32:35Z,51,72,82,64.13,28.30,985.10 
19/10/2021T06:33:05Z,52,74,80,64.54,28.23,985.09 
19/10/2021T06:33:35Z,50,75,81,65.08,28.32,985.09 
19/10/2021T06:34:06Z,50,73,80,64.44,28.36,985.10 
19/10/2021T06:34:36Z,49,70,77,63.96,28.28,985.10 
19/10/2021T06:35:06Z,49,72,78,64.58,28.40,985.08 
19/10/2021T06:35:37Z,89,126,131,63.64,28.45,985.10 
19/10/2021T06:36:07Z,169,228,236,63.48,28.36,985.11 
19/10/2021T06:36:37Z,77,105,110,63.21,28.26,985.11 
19/10/2021T06:37:08Z,60,86,90,63.29,28.22,985.11 
19/10/2021T06:37:39Z,52,74,78,63.33,28.15,985.11 
19/10/2021T06:38:10Z,54,78,81,63.94,28.11,985.14 
19/10/2021T06:38:40Z,52,76,81,64.09,28.11,985.11 
19/10/2021T06:39:11Z,52,76,79,64.18,28.12,985.11 
19/10/2021T06:39:42Z,54,74,80,64.45,28.10,985.13 
19/10/2021T06:40:12Z,53,75,81,64.55,28.15,985.12 
19/10/2021T06:40:42Z,51,76,82,64.32,28.11,985.13 
19/10/2021T06:41:13Z,51,73,79,64.38,28.08,985.17 
19/10/2021T06:41:44Z,54,76,80,64.73,28.13,985.12 
19/10/2021T06:42:15Z,53,77,83,64.33,28.17,985.12 
19/10/2021T06:42:45Z,51,73,81,63.93,28.23,985.08 
19/10/2021T06:43:15Z,51,74,81,63.86,28.29,985.06 
19/10/2021T06:43:45Z,50,72,79,63.18,28.28,985.04 
19/10/2021T06:44:15Z,46,69,76,63.30,28.22,985.06 
19/10/2021T06:44:46Z,49,72,78,63.73,28.31,985.05 
19/10/2021T06:45:17Z,48,70,76,63.42,28.30,985.03 
19/10/2021T06:45:48Z,48,70,76,63.34,28.26,985.00 
19/10/2021T06:46:19Z,47,69,76,63.34,28.25,985.03 
19/10/2021T06:46:49Z,49,70,77,63.53,28.37,985.00 
19/10/2021T06:47:20Z,53,74,80,63.21,28.32,985.02 
19/10/2021T06:47:51Z,50,72,78,63.14,28.29,984.97 
19/10/2021T06:48:21Z,50,75,80,63.34,28.26,985.01 
19/10/2021T06:48:52Z,50,72,79,63.57,28.27,984.99 
19/10/2021T06:49:22Z,50,73,81,63.58,28.28,985.01 
19/10/2021T06:49:53Z,50,73,78,63.68,28.27,984.98 
19/10/2021T06:50:23Z,51,76,79,63.71,28.28,984.96 
19/10/2021T06:50:54Z,50,74,80,63.70,28.30,984.95 
19/10/2021T06:51:24Z,51,72,77,63.72,28.31,984.95 
19/10/2021T06:51:54Z,50,73,79,63.76,28.30,984.96 
19/10/2021T06:52:25Z,49,74,79,63.80,28.30,984.96 
19/10/2021T06:52:56Z,50,73,81,63.81,28.29,984.94 
19/10/2021T06:53:27Z,51,74,80,63.70,28.27,984.93 
19/10/2021T06:53:58Z,49,73,78,63.92,28.28,984.92 
19/10/2021T06:54:28Z,50,73,79,63.88,28.28,984.90 
19/10/2021T06:54:58Z,55,82,87,63.89,28.26,984.91 
19/10/2021T06:55:28Z,56,83,87,63.96,28.26,984.90 
19/10/2021T06:55:59Z,56,81,87,63.98,28.27,984.91 
19/10/2021T06:56:30Z,55,83,88,63.99,28.27,984.89 
19/10/2021T06:57:01Z,55,85,94,63.96,28.28,984.89 
19/10/2021T06:57:31Z,60,89,96,63.91,28.27,984.88 
19/10/2021T06:58:01Z,63,94,103,64.04,28.25,984.87 
19/10/2021T06:58:31Z,59,87,91,64.05,28.26,984.86 
19/10/2021T06:59:02Z,56,85,89,64.08,28.27,984.86 
19/10/2021T06:59:32Z,56,84,88,64.15,28.25,984.84 
19/10/2021T07:00:02Z,67,101,109,64.17,28.23,984.86 
19/10/2021T07:00:33Z,61,92,102,64.20,28.23,984.85 
19/10/2021T07:01:03Z,73,121,133,64.10,28.23,984.82 
19/10/2021T07:01:33Z,78,130,141,64.15,28.20,984.81 
19/10/2021T07:02:03Z,81,133,152,64.28,28.19,984.80 
19/10/2021T07:02:34Z,78,129,144,64.25,28.19,984.79 
19/10/2021T07:03:04Z,78,123,132,64.31,28.19,984.78 
19/10/2021T07:03:35Z,73,113,124,64.35,28.19,984.80 
19/10/2021T07:04:05Z,66,105,112,64.36,28.17,984.77 
19/10/2021T07:04:35Z,69,108,117,64.41,28.18,984.76 
19/10/2021T07:05:05Z,68,103,113,64.33,28.19,984.77 
19/10/2021T07:05:36Z,66,101,112,64.36,28.19,984.75 
19/10/2021T07:06:06Z,70,108,117,64.31,28.18,984.73 
19/10/2021T07:06:37Z,70,107,118,64.45,28.17,984.75 
19/10/2021T07:07:07Z,85,139,155,64.25,28.15,984.74 
19/10/2021T07:07:37Z,80,127,138,64.40,28.15,984.73 
19/10/2021T07:08:08Z,78,124,134,64.35,28.17,984.75 
19/10/2021T07:08:38Z,79,127,141,64.25,28.15,984.73 
19/10/2021T07:09:09Z,77,122,134,64.40,28.11,984.72 
19/10/2021T07:09:40Z,84,136,152,64.27,28.10,984.70 
19/10/2021T07:10:10Z,114,192,214,64.18,28.10,984.70 
19/10/2021T07:10:41Z,117,195,219,64.09,28.12,984.70 
19/10/2021T07:11:11Z,77,118,131,64.30,28.17,984.68 
19/10/2021T07:11:41Z,63,96,104,64.03,28.17,984.68 
19/10/2021T07:12:12Z,69,108,119,63.90,28.18,984.68 
19/10/2021T07:12:42Z,69,106,117,63.45,28.17,984.67 
19/10/2021T07:13:12Z,68,100,104,63.36,28.21,984.68 
19/10/2021T07:13:43Z,65,98,108,63.14,28.25,984.69 
19/10/2021T07:14:14Z,56,82,86,63.12,28.27,984.67 
19/10/2021T07:14:44Z,56,81,87,63.26,28.30,984.66 
19/10/2021T07:15:15Z,60,91,94,62.95,28.34,984.67 
19/10/2021T07:15:45Z,59,86,91,63.47,28.35,984.67 
19/10/2021T07:16:16Z,69,100,108,63.31,28.32,984.68 
19/10/2021T07:16:47Z,58,84,89,62.46,28.31,984.70 
19/10/2021T07:17:17Z,55,79,85,63.10,28.32,984.66 
19/10/2021T07:17:48Z,53,79,85,63.15,28.36,984.67 
19/10/2021T07:18:19Z,53,76,82,62.86,28.36,984.66 
19/10/2021T07:18:49Z,52,78,82,62.50,28.35,984.66 
19/10/2021T07:19:19Z,51,72,78,61.98,28.36,984.66 
19/10/2021T07:19:50Z,52,73,79,62.30,28.36,984.65 
19/10/2021T07:20:20Z,55,79,84,61.95,28.35,984.65 
19/10/2021T07:20:51Z,60,84,88,62.26,28.33,984.63 
19/10/2021T07:21:21Z,55,78,82,62.22,28.33,984.63 
19/10/2021T07:21:51Z,54,77,81,62.68,28.36,984.64 
19/10/2021T07:22:21Z,51,74,79,62.32,28.35,984.62 
19/10/2021T07:22:52Z,67,95,99,62.34,28.34,984.60 
19/10/2021T07:23:22Z,75,105,109,62.45,28.37,984.58 
19/10/2021T07:23:53Z,58,83,88,62.54,28.37,984.57 
19/10/2021T07:24:23Z,57,81,87,62.54,28.36,984.55 
19/10/2021T07:24:54Z,70,95,100,62.63,28.35,984.55 
19/10/2021T07:25:25Z,63,89,94,62.82,28.35,984.54 
19/10/2021T07:25:55Z,75,106,111,62.65,28.35,984.56 
19/10/2021T07:26:26Z,67,92,96,63.01,28.33,984.53 
19/10/2021T07:26:56Z,60,84,89,62.92,28.32,984.52 
19/10/2021T07:27:26Z,57,82,86,62.81,28.35,984.52 
19/10/2021T07:27:56Z,68,93,97,62.91,28.36,984.50 
19/10/2021T07:28:26Z,63,89,94,63.08,28.34,984.49 
19/10/2021T07:28:57Z,67,94,98,62.56,28.37,984.49 
19/10/2021T07:29:27Z,53,75,80,62.55,28.41,984.50 
19/10/2021T07:29:57Z,53,74,81,62.79,28.41,984.49 
19/10/2021T07:30:27Z,52,74,80,62.50,28.45,984.48 
19/10/2021T07:30:58Z,49,72,78,62.17,28.46,984.48 
19/10/2021T07:31:28Z,48,72,77,62.32,28.42,984.47 
19/10/2021T07:31:59Z,55,79,84,62.38,28.45,984.46 
19/10/2021T07:32:30Z,55,78,82,62.59,28.44,984.45 
19/10/2021T07:33:00Z,52,74,78,62.54,28.42,984.44 
19/10/2021T07:33:30Z,54,75,79,62.73,28.40,984.44 
19/10/2021T07:34:01Z,59,84,90,63.29,28.41,984.46 
19/10/2021T07:34:31Z,58,83,88,62.90,28.46,984.44 
19/10/2021T07:35:02Z,56,81,88,62.76,28.44,984.43 
19/10/2021T07:35:33Z,51,74,81,62.48,28.40,984.43 
19/10/2021T07:36:03Z,53,74,81,62.87,28.46,984.42 
19/10/2021T07:36:33Z,53,77,81,62.77,28.50,984.42 
19/10/2021T07:37:04Z,51,78,84,63.08,28.48,984.40 
19/10/2021T07:37:34Z,49,72,77,62.43,28.47,984.39 
19/10/2021T07:38:04Z,51,74,79,63.00,28.48,984.41 
19/10/2021T07:38:34Z,48,70,77,62.83,28.50,984.41 
19/10/2021T07:39:05Z,49,72,77,63.02,28.50,984.39 
19/10/2021T07:39:35Z,49,70,76,62.38,28.47,984.38 
19/10/2021T07:40:06Z,48,71,78,62.90,28.47,984.38 
19/10/2021T07:40:36Z,47,72,78,63.06,28.47,984.40 
19/10/2021T07:41:07Z,50,72,78,62.89,28.43,984.39 
19/10/2021T07:41:37Z,47,67,75,62.49,28.41,984.39 
19/10/2021T07:42:08Z,46,69,76,62.82,28.40,984.36 
19/10/2021T07:42:38Z,49,71,77,62.98,28.40,984.35 
19/10/2021T07:43:09Z,67,93,97,62.48,28.45,984.33 
19/10/2021T07:43:39Z,54,77,84,62.15,28.48,984.33 
19/10/2021T07:44:10Z,42,59,71,61.47,28.53,984.34 
19/10/2021T07:44:40Z,43,63,71,61.18,28.55,984.33 
19/10/2021T07:45:11Z,40,55,67,61.53,28.54,984.33 
19/10/2021T07:45:42Z,44,63,73,61.49,28.57,984.35 
19/10/2021T07:46:13Z,40,58,70,61.14,28.58,984.36 
19/10/2021T07:46:43Z,39,55,68,60.64,28.61,984.36 
19/10/2021T07:47:13Z,37,54,66,60.74,28.67,984.37 
19/10/2021T07:47:44Z,40,59,70,60.76,28.68,984.34 
19/10/2021T07:48:15Z,48,68,75,59.88,28.70,984.40 
19/10/2021T07:48:45Z,43,62,74,59.92,28.69,984.37 
19/10/2021T07:49:16Z,41,60,70,60.08,28.72,984.35 
19/10/2021T07:49:47Z,36,52,65,59.75,28.71,984.34 
19/10/2021T07:50:17Z,40,56,68,60.32,28.71,984.34 
19/10/2021T07:50:47Z,42,60,71,60.73,28.73,984.31 
19/10/2021T07:51:17Z,42,60,71,60.44,28.67,984.34 
19/10/2021T07:51:48Z,40,58,70,60.27,28.68,984.31 
19/10/2021T07:52:18Z,39,56,68,60.27,28.70,984.33 
19/10/2021T07:52:48Z,37,53,67,59.87,28.69,984.35 
19/10/2021T07:53:18Z,38,53,66,59.95,28.69,984.34 
19/10/2021T07:53:49Z,39,58,69,60.73,28.72,984.32 
19/10/2021T07:54:19Z,38,56,69,60.26,28.68,984.32 
19/10/2021T07:54:49Z,40,56,68,60.44,28.68,984.31 
19/10/2021T07:55:19Z,40,57,68,60.43,28.66,984.29 
19/10/2021T07:55:50Z,39,56,67,60.67,28.65,984.29 
19/10/2021T07:56:20Z,43,62,72,61.14,28.68,984.31 
19/10/2021T07:56:51Z,46,70,77,61.24,28.68,984.30 
19/10/2021T07:57:22Z,46,69,76,60.92,28.65,984.30 
19/10/2021T07:57:52Z,45,67,76,60.92,28.62,984.30 
19/10/2021T07:58:23Z,42,62,73,61.15,28.67,984.27 
19/10/2021T07:58:54Z,47,68,75,61.30,28.63,984.26 
19/10/2021T07:59:24Z,46,67,75,61.54,28.62,984.24 
19/10/2021T07:59:55Z,45,68,76,61.62,28.59,984.25 
19/10/2021T08:00:25Z,45,69,76,61.73,28.59,984.24 
19/10/2021T08:00:55Z,45,67,75,61.77,28.59,984.25 
19/10/2021T08:01:26Z,45,65,75,61.82,28.57,984.24 
19/10/2021T08:01:56Z,43,66,74,61.87,28.54,984.25 
19/10/2021T08:02:27Z,44,65,74,62.02,28.52,984.25 
19/10/2021T08:02:57Z,43,63,72,62.02,28.50,984.26 
19/10/2021T08:03:28Z,44,64,74,61.99,28.48,984.25 
19/10/2021T08:03:58Z,43,63,73,62.18,28.47,984.23 
19/10/2021T08:04:29Z,42,63,73,62.30,28.46,984.23 
19/10/2021T08:05:00Z,43,62,71,62.41,28.44,984.25 
19/10/2021T08:05:30Z,43,61,71,62.46,28.42,984.21 
19/10/2021T08:06:01Z,43,62,71,62.50,28.41,984.18 
19/10/2021T08:06:31Z,43,62,73,62.41,28.39,984.20 
19/10/2021T08:07:01Z,42,62,74,62.54,28.39,984.18 
19/10/2021T08:07:32Z,43,63,73,62.62,28.39,984.17 
19/10/2021T08:08:02Z,41,59,69,62.55,28.37,984.18 
19/10/2021T08:08:33Z,41,60,72,62.69,28.35,984.18 
19/10/2021T08:09:04Z,41,58,70,62.76,28.39,984.18 
19/10/2021T08:09:35Z,40,58,69,62.54,28.49,984.16 
19/10/2021T08:10:05Z,35,53,66,61.74,28.49,984.18 
19/10/2021T08:10:35Z,37,53,66,61.61,28.54,984.17 
19/10/2021T08:11:06Z,35,52,65,60.83,28.57,984.16 
19/10/2021T08:11:37Z,34,51,64,60.57,28.59,984.17 
19/10/2021T08:12:07Z,34,51,63,60.81,28.60,984.18 
19/10/2021T08:12:37Z,36,52,65,61.89,28.55,984.16 
19/10/2021T08:13:08Z,37,53,66,62.37,28.49,984.15 
19/10/2021T08:13:38Z,38,56,69,63.07,28.42,984.15 
19/10/2021T08:14:09Z,39,57,69,63.25,28.37,984.12 
19/10/2021T08:14:39Z,39,56,69,63.74,28.29,984.11 
19/10/2021T08:15:09Z,41,59,70,64.10,28.25,984.09 
19/10/2021T08:15:39Z,42,59,70,64.35,28.20,984.08 
19/10/2021T08:16:10Z,41,59,70,64.36,28.23,984.07 
19/10/2021T08:16:41Z,39,57,71,64.09,28.30,984.08 
19/10/2021T08:17:11Z,40,58,71,63.81,28.31,984.07 
19/10/2021T08:17:42Z,39,57,70,63.83,28.34,984.08 
19/10/2021T08:18:13Z,39,58,69,63.61,28.34,984.11 
19/10/2021T08:18:44Z,40,57,69,63.40,28.36,984.07 
19/10/2021T08:19:14Z,40,59,69,63.33,28.37,984.08 
19/10/2021T08:19:44Z,42,59,71,63.49,28.37,984.08 
19/10/2021T08:20:15Z,39,59,70,63.47,28.38,984.07 
19/10/2021T08:20:45Z,41,56,68,63.37,28.37,984.08 
19/10/2021T08:21:15Z,40,57,69,63.32,28.36,984.09 
19/10/2021T08:21:45Z,41,59,71,63.23,28.36,984.08 
19/10/2021T08:22:16Z,41,59,70,63.34,28.37,984.08 
19/10/2021T08:22:46Z,40,57,68,63.38,28.37,984.05 
19/10/2021T08:23:16Z,41,57,68,63.37,28.36,984.05 
19/10/2021T08:23:46Z,41,59,71,63.41,28.35,984.05 
19/10/2021T08:24:16Z,40,58,70,63.55,28.33,984.05 
19/10/2021T08:24:47Z,39,57,68,63.54,28.32,984.05 
19/10/2021T08:25:17Z,39,54,67,63.60,28.33,984.01 
19/10/2021T08:25:47Z,38,54,67,63.59,28.33,984.02 
19/10/2021T08:26:18Z,38,56,69,63.58,28.33,984.02 
19/10/2021T08:26:48Z,39,55,68,63.57,28.32,984.02 
19/10/2021T08:27:19Z,38,57,69,63.47,28.32,984.02 
19/10/2021T08:27:50Z,38,55,68,63.08,28.32,984.02 
19/10/2021T08:28:21Z,39,56,69,62.97,28.34,984.01 
19/10/2021T08:28:51Z,39,57,70,62.59,28.34,984.01 
19/10/2021T08:29:22Z,37,55,67,62.93,28.34,984.01 
19/10/2021T08:29:52Z,38,54,68,63.11,28.33,984.01 
19/10/2021T08:30:23Z,37,57,69,63.26,28.32,984.00 
19/10/2021T08:30:53Z,37,54,67,62.78,28.34,983.99 
19/10/2021T08:31:23Z,38,55,68,62.69,28.37,984.00 
19/10/2021T08:31:54Z,38,56,68,62.82,28.35,983.98 
19/10/2021T08:32:24Z,37,54,67,62.89,28.34,984.00 
19/10/2021T08:32:55Z,38,55,66,62.98,28.34,983.97 
19/10/2021T08:33:26Z,37,54,67,63.16,28.33,983.96 
19/10/2021T08:33:57Z,37,54,66,63.27,28.31,983.94 
19/10/2021T08:34:27Z,39,56,68,63.33,28.30,983.93 
19/10/2021T08:34:57Z,37,53,67,63.41,28.30,983.95 
19/10/2021T08:35:28Z,37,54,67,63.44,28.30,983.95 
19/10/2021T08:35:58Z,37,52,66,63.44,28.29,983.94 
19/10/2021T08:36:29Z,39,55,67,63.46,28.28,983.94 
19/10/2021T08:37:00Z,39,56,69,63.51,28.29,983.94 
19/10/2021T08:37:30Z,40,58,69,63.49,28.29,983.94 
19/10/2021T08:38:01Z,39,56,69,63.47,28.28,983.94 
19/10/2021T08:38:31Z,39,55,68,63.53,28.28,983.94 
19/10/2021T08:39:01Z,40,58,70,63.23,28.28,983.94 
19/10/2021T08:39:31Z,39,56,69,63.07,28.28,983.93 
19/10/2021T08:40:01Z,38,57,69,63.18,28.28,983.94 
19/10/2021T08:40:31Z,39,57,69,63.26,28.27,983.95 
19/10/2021T08:41:01Z,38,57,68,63.24,28.27,983.97 
19/10/2021T08:41:31Z,38,55,68,63.25,28.27,983.97 
19/10/2021T08:42:02Z,37,54,68,63.27,28.27,983.95 
19/10/2021T08:42:32Z,38,55,67,63.10,28.25,983.94 
19/10/2021T08:43:03Z,38,55,68,63.36,28.24,983.93 
19/10/2021T08:43:33Z,37,54,67,63.42,28.24,983.91 
19/10/2021T08:44:04Z,39,57,68,63.40,28.24,983.92 
19/10/2021T08:44:34Z,39,56,69,63.46,28.23,983.92 
19/10/2021T08:45:04Z,38,57,69,63.51,28.20,983.92 
19/10/2021T08:45:34Z,39,57,69,63.63,28.20,983.92 
19/10/2021T08:46:05Z,38,55,69,63.52,28.21,983.90 
19/10/2021T08:46:35Z,41,57,70,63.45,28.21,983.91 
19/10/2021T08:47:05Z,38,55,68,63.46,28.21,983.91 
19/10/2021T08:47:36Z,38,55,68,62.85,28.21,983.91 
19/10/2021T08:48:07Z,37,56,68,63.12,28.22,983.91 
19/10/2021T08:48:38Z,38,55,68,63.31,28.22,983.91 
19/10/2021T08:49:08Z,38,55,67,63.40,28.23,983.90 
19/10/2021T08:49:38Z,38,57,70,62.60,28.22,983.91 
19/10/2021T08:50:09Z,39,56,68,62.92,28.23,983.90 
19/10/2021T08:50:40Z,39,58,70,63.02,28.22,983.87 
19/10/2021T08:51:10Z,40,55,68,62.61,28.21,983.86 
19/10/2021T08:51:41Z,38,54,69,62.72,28.19,983.84 
19/10/2021T08:52:12Z,38,54,67,63.25,28.18,983.83 
19/10/2021T08:52:43Z,37,55,68,63.13,28.19,983.84 
19/10/2021T08:53:14Z,36,53,65,62.96,28.18,983.84 
19/10/2021T08:53:44Z,35,52,66,62.93,28.19,983.86 
19/10/2021T08:54:15Z,37,54,68,62.81,28.20,983.88 
19/10/2021T08:54:46Z,36,52,65,62.79,28.20,983.88 
19/10/2021T08:55:16Z,37,53,65,62.74,28.20,983.84 
19/10/2021T08:55:46Z,36,52,66,62.76,28.21,983.83 
19/10/2021T08:56:16Z,36,54,67,62.76,28.19,983.82 
19/10/2021T08:56:46Z,36,51,64,62.64,28.17,983.83 
19/10/2021T08:57:17Z,35,52,64,62.98,28.17,983.84 
19/10/2021T08:57:48Z,38,56,67,62.83,28.18,983.84 
19/10/2021T08:58:18Z,37,54,67,63.04,28.18,983.84 
19/10/2021T08:58:48Z,40,58,70,62.95,28.17,983.83 
19/10/2021T08:59:18Z,39,54,68,63.05,28.16,983.83 
19/10/2021T08:59:48Z,41,61,72,63.00,28.15,983.83 
19/10/2021T09:00:19Z,40,58,70,62.98,28.14,983.82 
19/10/2021T09:00:49Z,42,59,71,63.21,28.13,983.82 
19/10/2021T09:01:19Z,42,60,71,63.03,28.12,983.81 
19/10/2021T09:01:50Z,42,58,69,63.07,28.11,983.80 
19/10/2021T09:02:21Z,39,57,69,63.16,28.11,983.82 
19/10/2021T09:02:51Z,40,56,69,63.14,28.13,983.82 
19/10/2021T09:03:22Z,44,63,73,62.79,28.13,983.83 
19/10/2021T09:03:53Z,38,58,69,62.69,28.13,983.81 
19/10/2021T09:04:24Z,40,57,69,62.49,28.14,983.81 
19/10/2021T09:04:54Z,40,58,70,63.05,28.14,983.80 
19/10/2021T09:05:25Z,39,59,71,63.00,28.15,983.77 
19/10/2021T09:05:56Z,39,56,68,62.99,28.17,983.81 
19/10/2021T09:06:26Z,38,55,68,62.80,28.17,983.81 
19/10/2021T09:06:57Z,36,54,67,61.52,28.15,983.81 
19/10/2021T09:07:27Z,37,56,69,61.92,28.15,983.82 
19/10/2021T09:07:58Z,38,55,67,61.89,28.16,983.82 
19/10/2021T09:08:28Z,38,54,66,62.36,28.16,983.81 
19/10/2021T09:08:59Z,37,53,66,62.47,28.16,983.80 
19/10/2021T09:09:30Z,36,52,65,62.56,28.17,983.78 
19/10/2021T09:10:01Z,36,52,66,62.59,28.17,983.78 
19/10/2021T09:10:31Z,37,53,66,62.56,28.15,983.79 
19/10/2021T09:11:01Z,36,51,65,62.59,28.14,983.79 
19/10/2021T09:11:32Z,36,52,66,62.67,28.13,983.79 
19/10/2021T09:12:02Z,36,52,66,62.60,28.13,983.79 
19/10/2021T09:12:32Z,36,53,66,62.69,28.15,983.81 
19/10/2021T09:13:02Z,36,53,66,62.25,28.19,983.82 
19/10/2021T09:13:32Z,35,52,66,61.90,28.20,983.80 
19/10/2021T09:14:02Z,35,52,65,61.67,28.20,983.83 
19/10/2021T09:14:32Z,36,53,66,61.92,28.22,983.81 
19/10/2021T09:15:02Z,37,54,66,62.53,28.22,983.80 
19/10/2021T09:15:33Z,36,51,64,62.29,28.21,983.78 
19/10/2021T09:16:03Z,35,52,65,62.12,28.20,983.80 
19/10/2021T09:16:34Z,35,52,65,62.35,28.19,983.80 
19/10/2021T09:17:04Z,34,52,64,62.50,28.18,983.82 
19/10/2021T09:17:35Z,34,51,63,61.87,28.18,983.83 
19/10/2021T09:18:05Z,35,51,65,61.59,28.18,983.82 
19/10/2021T09:18:35Z,35,52,67,61.49,28.19,983.83 
19/10/2021T09:19:06Z,35,51,63,60.75,28.20,983.80 
19/10/2021T09:19:37Z,36,53,66,61.38,28.18,983.78 
19/10/2021T09:20:07Z,36,52,66,61.99,28.16,983.79 
19/10/2021T09:20:37Z,34,51,65,62.08,28.18,983.79 
19/10/2021T09:21:08Z,35,51,65,62.20,28.18,983.78 
19/10/2021T09:21:38Z,36,53,66,62.13,28.18,983.80 
19/10/2021T09:22:09Z,35,52,65,62.26,28.17,983.76 
19/10/2021T09:22:39Z,36,52,64,61.57,28.15,983.78 
19/10/2021T09:23:10Z,36,52,65,62.01,28.14,983.78 
19/10/2021T09:23:40Z,34,50,62,62.25,28.14,983.79 
19/10/2021T09:24:11Z,36,51,64,61.75,28.12,983.78 
19/10/2021T09:24:42Z,35,51,65,62.18,28.13,983.81 
19/10/2021T09:25:12Z,36,52,66,60.94,28.13,983.81 
19/10/2021T09:25:42Z,34,51,65,60.75,28.12,983.80 
19/10/2021T09:26:13Z,35,51,65,61.47,28.13,983.77 
19/10/2021T09:26:43Z,34,51,65,61.46,28.11,983.76 
19/10/2021T09:27:13Z,34,51,64,61.84,28.08,983.73 
19/10/2021T09:27:44Z,35,51,64,61.86,28.07,983.74 
19/10/2021T09:28:14Z,36,55,66,62.46,28.07,983.74 
19/10/2021T09:28:44Z,36,52,64,62.31,28.08,983.76 
19/10/2021T09:29:15Z,35,50,63,62.50,28.08,983.75 
19/10/2021T09:29:45Z,34,50,63,62.05,28.07,983.75 
19/10/2021T09:30:16Z,36,52,65,61.92,28.09,983.75 
19/10/2021T09:30:47Z,35,52,65,61.97,28.12,983.71 
19/10/2021T09:31:18Z,36,52,65,62.04,28.13,983.73 
19/10/2021T09:31:48Z,36,53,66,60.51,28.15,983.74 
19/10/2021T09:32:19Z,35,53,67,60.98,28.14,983.74 
19/10/2021T09:32:49Z,35,51,64,61.47,28.15,983.73 
19/10/2021T09:33:20Z,34,50,62,61.16,28.14,983.71 
19/10/2021T09:33:51Z,34,51,64,61.63,28.13,983.71 
19/10/2021T09:34:22Z,34,51,64,62.07,28.14,983.69 
19/10/2021T09:34:53Z,35,53,65,61.37,28.13,983.67 
19/10/2021T09:35:23Z,35,51,65,61.90,28.13,983.69 
19/10/2021T09:35:54Z,36,52,64,61.84,28.12,983.67 
19/10/2021T09:36:25Z,34,51,64,62.70,28.08,983.67 
19/10/2021T09:36:55Z,34,51,64,62.26,28.05,983.67 
19/10/2021T09:37:25Z,35,51,65,62.33,28.07,983.66 
19/10/2021T09:37:56Z,34,51,64,62.22,28.08,983.63 
19/10/2021T09:38:26Z,35,51,64,61.54,28.09,983.66 
19/10/2021T09:38:57Z,36,52,66,61.85,28.08,983.66 
19/10/2021T09:39:28Z,38,55,69,61.67,28.08,983.64 
19/10/2021T09:39:58Z,36,52,66,61.66,28.09,983.67 
19/10/2021T09:40:28Z,37,55,68,62.15,28.10,983.67 
19/10/2021T09:40:58Z,38,56,68,61.96,28.11,983.68 
19/10/2021T09:41:29Z,39,58,70,62.05,28.12,983.69 
19/10/2021T09:42:00Z,37,53,66,61.80,28.10,983.68 
19/10/2021T09:42:30Z,36,53,66,62.36,28.07,983.67 
19/10/2021T09:43:01Z,37,54,67,62.07,28.06,983.68 
19/10/2021T09:43:31Z,36,52,65,62.36,28.08,983.69 
19/10/2021T09:44:02Z,36,54,68,61.92,28.08,983.70 
19/10/2021T09:44:32Z,37,52,65,62.18,28.09,983.72 
19/10/2021T09:45:03Z,37,53,67,62.21,28.09,983.72 
19/10/2021T09:45:33Z,39,56,69,61.92,28.07,983.74 
19/10/2021T09:46:03Z,39,56,69,61.79,28.06,983.71 
19/10/2021T09:46:33Z,37,53,67,61.67,28.09,983.72 
19/10/2021T09:47:04Z,36,54,66,62.22,28.10,983.73 
19/10/2021T09:47:34Z,36,53,66,62.12,28.07,983.70 
19/10/2021T09:48:04Z,35,52,64,62.49,28.06,983.72 
19/10/2021T09:48:35Z,37,54,68,62.37,28.05,983.71 
19/10/2021T09:49:05Z,36,52,65,62.33,28.05,983.71 
19/10/2021T09:49:48Z,38,55,95,61.90,28.07,983.71 
19/10/2021T09:51:29Z,38,55,287,60.79,28.22,983.69 
19/10/2021T09:51:59Z,38,56,68,60.96,28.27,983.69 
19/10/2021T09:52:29Z,40,61,72,59.81,28.35,983.70 
19/10/2021T09:53:00Z,40,59,71,60.36,28.37,983.69 
19/10/2021T09:53:31Z,42,61,72,61.07,28.34,983.69 
19/10/2021T09:54:02Z,41,58,70,61.37,28.30,983.68 
19/10/2021T09:54:32Z,42,61,72,60.87,28.34,983.68 
19/10/2021T09:55:03Z,42,62,72,60.35,28.40,983.70 
19/10/2021T09:55:33Z,41,60,72,60.36,28.43,983.71 
19/10/2021T09:56:04Z,42,63,73,60.84,28.40,983.70 
19/10/2021T09:56:34Z,40,61,71,59.79,28.45,983.70 
19/10/2021T09:57:04Z,41,61,71,59.86,28.50,983.70 
19/10/2021T09:57:34Z,42,62,72,59.13,28.53,983.70 
19/10/2021T09:58:05Z,42,62,72,59.32,28.53,983.69 
19/10/2021T09:58:36Z,44,64,74,59.39,28.51,983.68 
19/10/2021T09:59:06Z,43,61,71,60.09,28.47,983.67 
19/10/2021T09:59:37Z,45,66,76,60.20,28.45,983.67 
19/10/2021T10:00:07Z,44,66,74,59.94,28.46,983.67 
19/10/2021T10:00:38Z,44,65,75,59.49,28.46,983.68 
19/10/2021T10:01:09Z,45,67,75,59.92,28.44,983.67 
19/10/2021T10:01:39Z,45,67,75,60.25,28.41,983.66 
19/10/2021T10:02:09Z,49,72,79,60.02,28.44,983.65 
19/10/2021T10:02:40Z,51,76,84,60.60,28.42,983.66 
19/10/2021T10:03:10Z,49,68,77,61.00,28.40,983.66 
19/10/2021T10:03:41Z,49,73,78,61.06,28.35,983.65 
19/10/2021T10:04:11Z,47,71,77,61.43,28.35,983.65 
19/10/2021T10:04:42Z,47,71,77,61.63,28.37,983.62 
19/10/2021T10:05:12Z,47,67,75,61.45,28.40,983.64 
19/10/2021T10:05:42Z,46,68,77,61.95,28.40,983.65 
19/10/2021T10:06:13Z,47,68,77,62.26,28.36,983.63 
19/10/2021T10:06:43Z,48,70,77,62.40,28.33,983.63 
19/10/2021T10:07:14Z,48,71,77,62.47,28.34,983.63 
19/10/2021T10:07:45Z,47,69,77,62.51,28.35,983.63 
19/10/2021T10:08:15Z,49,72,78,62.27,28.37,983.62 
19/10/2021T10:08:45Z,51,73,79,62.22,28.42,983.62 
19/10/2021T10:09:16Z,52,76,81,61.79,28.44,983.62 
19/10/2021T10:09:47Z,49,71,77,61.22,28.47,983.64 
19/10/2021T10:10:17Z,49,72,79,61.88,28.47,983.62 
19/10/2021T10:10:47Z,50,71,76,62.13,28.48,983.62 
19/10/2021T10:11:17Z,49,72,78,61.83,28.50,983.62 
19/10/2021T10:11:48Z,50,71,77,61.91,28.52,983.62 
19/10/2021T10:12:18Z,49,71,77,61.69,28.50,983.64 
19/10/2021T10:12:48Z,49,73,79,61.80,28.50,983.62 
19/10/2021T10:13:19Z,50,73,78,61.34,28.52,983.63 
19/10/2021T10:13:50Z,48,71,78,60.77,28.55,983.64 
19/10/2021T10:14:21Z,46,68,76,60.81,28.55,983.64 
19/10/2021T10:14:52Z,49,72,77,61.49,28.52,983.62 
19/10/2021T10:15:23Z,47,69,75,61.63,28.47,983.61 
19/10/2021T10:15:53Z,47,69,76,61.63,28.43,983.62 
19/10/2021T10:16:24Z,47,70,76,62.04,28.43,983.62 
19/10/2021T10:16:55Z,46,70,77,61.88,28.44,983.61 
19/10/2021T10:17:26Z,48,71,81,62.06,28.51,983.61 
19/10/2021T10:17:57Z,47,69,76,62.13,28.57,983.60 
19/10/2021T10:18:27Z,55,80,87,61.97,28.61,983.58 
19/10/2021T10:18:58Z,55,82,87,61.89,28.62,983.59 
19/10/2021T10:19:29Z,49,72,79,61.37,28.61,983.62 
19/10/2021T10:19:59Z,49,73,78,61.65,28.66,983.59 
19/10/2021T10:20:29Z,48,73,79,61.20,28.69,983.60 
19/10/2021T10:21:00Z,49,73,79,61.73,28.72,983.59 
19/10/2021T10:21:30Z,50,74,79,60.78,28.73,983.61 
19/10/2021T10:22:01Z,52,77,82,61.31,28.76,983.59 
19/10/2021T10:22:31Z,48,70,78,61.31,28.79,983.59 
19/10/2021T10:23:01Z,50,72,77,61.33,28.83,983.57 
19/10/2021T10:23:51Z,49,72,77,60.47,28.85,983.58 
19/10/2021T10:24:21Z,49,71,78,60.97,28.94,983.57 
19/10/2021T10:24:51Z,48,71,78,59.90,28.94,983.59 
19/10/2021T10:25:22Z,50,75,82,59.55,28.94,983.60 
19/10/2021T10:25:53Z,50,75,81,59.60,28.92,983.62 
19/10/2021T10:26:23Z,50,73,78,60.57,28.90,983.60 
19/10/2021T10:26:54Z,51,73,79,60.13,28.86,983.62 
19/10/2021T10:27:25Z,50,75,80,60.38,28.86,983.62 
19/10/2021T10:27:55Z,50,74,80,60.78,28.82,983.62 
19/10/2021T10:28:25Z,50,75,79,60.73,28.85,983.62 
19/10/2021T10:28:56Z,51,75,81,60.05,28.92,983.60 
19/10/2021T10:29:26Z,50,75,79,59.66,28.99,983.60 
19/10/2021T10:29:56Z,50,73,78,59.86,28.98,983.61 
19/10/2021T10:30:26Z,50,73,78,60.12,29.00,983.59 
19/10/2021T10:30:57Z,51,77,83,60.04,28.96,983.61 
19/10/2021T10:31:28Z,51,75,79,60.71,29.00,983.61 
19/10/2021T10:31:59Z,50,73,77,60.61,29.02,983.59 
19/10/2021T10:32:29Z,52,75,80,60.64,28.95,983.59 
19/10/2021T10:33:00Z,52,78,87,61.15,28.95,983.58 
19/10/2021T10:33:30Z,52,80,86,60.91,29.00,983.58 
19/10/2021T10:34:01Z,51,77,82,60.69,29.04,983.59 
19/10/2021T10:34:32Z,51,75,82,60.00,28.99,983.58 
19/10/2021T10:35:03Z,52,80,84,60.32,29.00,983.57 
19/10/2021T10:35:33Z,52,76,83,60.25,29.01,983.59 
19/10/2021T10:36:03Z,52,75,80,60.77,29.00,983.55 
19/10/2021T10:36:34Z,52,77,82,60.97,29.01,983.53 
19/10/2021T10:37:05Z,53,77,81,60.84,29.00,983.54 
19/10/2021T10:37:36Z,53,78,82,60.86,28.99,983.53 
19/10/2021T10:38:06Z,52,75,80,61.04,29.03,983.53 
19/10/2021T10:38:36Z,52,76,82,61.05,29.04,983.54 
19/10/2021T10:39:07Z,53,77,83,61.13,29.01,983.54 
19/10/2021T10:39:37Z,52,77,82,60.94,29.00,983.54 
19/10/2021T10:40:08Z,52,76,81,61.35,29.02,983.56 
19/10/2021T10:40:38Z,54,79,84,61.13,28.97,983.55 
19/10/2021T10:41:08Z,59,86,91,61.03,28.96,983.57 
19/10/2021T10:41:39Z,87,118,124,61.12,28.94,983.55 
19/10/2021T10:42:10Z,63,93,99,60.42,28.90,983.55 
19/10/2021T10:42:41Z,59,83,90,60.42,28.89,983.53 
19/10/2021T10:43:11Z,55,82,88,60.19,28.89,983.55 
19/10/2021T10:43:42Z,55,82,87,60.96,28.90,983.53 
19/10/2021T10:44:12Z,56,83,87,61.52,28.93,983.51 
19/10/2021T10:44:42Z,57,85,88,61.81,28.96,983.51 
19/10/2021T10:45:13Z,56,82,87,61.16,28.91,983.54 
19/10/2021T10:45:43Z,57,84,89,61.53,28.79,983.53 
19/10/2021T10:46:14Z,60,88,95,61.35,28.77,983.53 
19/10/2021T10:46:44Z,61,90,96,61.68,28.73,983.53 
19/10/2021T10:47:14Z,57,82,86,61.56,28.70,983.54 
19/10/2021T10:47:45Z,56,83,90,61.62,28.68,983.54 
19/10/2021T10:48:15Z,54,81,87,61.88,28.65,983.53 
19/10/2021T10:48:46Z,55,81,85,62.19,28.62,983.53 
19/10/2021T10:49:17Z,58,85,89,62.98,28.59,983.56 
19/10/2021T10:49:47Z,57,86,94,63.01,28.59,983.56 
19/10/2021T10:50:18Z,57,84,93,62.92,28.65,983.53 
19/10/2021T10:50:48Z,59,91,98,62.24,28.68,983.53 
19/10/2021T10:51:19Z,57,84,89,62.12,28.75,983.53 
19/10/2021T10:51:49Z,60,91,97,62.11,28.81,983.53 
19/10/2021T10:52:20Z,59,86,91,61.26,28.80,983.51 
19/10/2021T10:52:51Z,60,89,93,61.86,28.78,983.52 
19/10/2021T10:53:22Z,59,89,94,61.76,28.82,983.52 
19/10/2021T10:53:52Z,60,86,93,61.90,28.77,983.52 
19/10/2021T10:54:23Z,59,87,97,62.19,28.78,983.51 
19/10/2021T10:54:53Z,59,90,98,62.20,28.79,983.50 
19/10/2021T10:55:23Z,59,88,94,62.28,28.88,983.51 
19/10/2021T10:55:53Z,59,88,94,62.04,28.91,983.51 
19/10/2021T10:56:24Z,60,89,96,62.28,28.93,983.52 
19/10/2021T10:56:55Z,59,89,94,62.14,28.95,983.52 
19/10/2021T10:57:26Z,60,89,94,61.91,28.97,983.53 
19/10/2021T10:57:57Z,59,88,93,61.76,28.94,983.53 
19/10/2021T10:58:28Z,58,88,94,61.63,28.96,983.53 
19/10/2021T10:58:59Z,60,87,94,61.98,28.98,983.53 
19/10/2021T10:59:29Z,59,87,92,61.75,28.97,983.53 
19/10/2021T11:00:00Z,58,88,95,61.72,29.01,983.52 
19/10/2021T11:00:30Z,59,88,94,61.36,29.01,983.53 
19/10/2021T11:01:01Z,59,90,95,61.94,29.03,983.50 
19/10/2021T11:01:31Z,60,88,97,61.60,28.97,983.52 
19/10/2021T11:02:02Z,57,86,92,61.99,28.91,983.52 
19/10/2021T11:02:32Z,57,86,93,62.21,28.85,983.53 
19/10/2021T11:03:02Z,60,91,96,62.46,28.84,983.52 
19/10/2021T11:03:33Z,59,87,94,62.25,28.90,983.53 
19/10/2021T11:04:04Z,61,91,97,62.24,28.91,983.53 
19/10/2021T11:04:34Z,64,94,102,62.58,28.86,983.53 
19/10/2021T11:05:05Z,64,95,103,62.91,28.78,983.53 
19/10/2021T11:05:35Z,63,93,100,62.94,28.71,983.53 
19/10/2021T11:06:06Z,61,92,102,62.68,28.72,983.54 
19/10/2021T11:06:36Z,60,89,96,62.77,28.79,983.54 
19/10/2021T11:07:07Z,61,93,99,62.77,28.80,983.53 
19/10/2021T11:07:37Z,66,99,105,62.90,28.78,983.53 
19/10/2021T11:08:08Z,70,105,112,62.72,28.75,983.54 
19/10/2021T11:08:39Z,65,98,105,63.08,28.80,983.53 
19/10/2021T11:09:10Z,65,97,104,63.16,28.80,983.54 
19/10/2021T11:09:40Z,66,98,106,63.24,28.83,983.55 
19/10/2021T11:10:11Z,65,100,111,63.15,28.87,983.55 
19/10/2021T11:10:41Z,69,104,112,62.71,28.87,983.55 
19/10/2021T11:11:12Z,68,103,110,62.47,28.87,983.54 
19/10/2021T11:11:43Z,72,111,117,61.95,28.81,983.58 
19/10/2021T11:12:13Z,74,110,117,62.22,28.81,983.57 
19/10/2021T11:12:44Z,70,105,113,62.43,28.84,983.56 
19/10/2021T11:13:14Z,67,105,111,62.74,28.87,983.54 
19/10/2021T11:13:45Z,68,99,107,62.62,28.88,983.55 
19/10/2021T11:14:15Z,66,99,108,63.24,28.85,983.53 
19/10/2021T11:14:46Z,68,104,108,63.31,28.87,983.54 
19/10/2021T11:15:16Z,69,106,113,63.20,28.87,983.53 
19/10/2021T11:15:47Z,71,109,117,63.05,28.86,983.52 
19/10/2021T11:16:18Z,75,113,121,62.46,28.82,983.54 
19/10/2021T11:16:49Z,73,109,120,62.71,28.88,983.52 
19/10/2021T11:17:19Z,68,103,113,62.86,28.90,983.53 
19/10/2021T11:17:49Z,68,103,111,63.06,28.93,983.55 
19/10/2021T11:18:19Z,68,103,112,62.81,28.98,983.55 
19/10/2021T11:18:50Z,69,105,116,62.74,28.97,983.56 
19/10/2021T11:19:20Z,68,102,108,62.73,29.01,983.53 
19/10/2021T11:19:51Z,68,100,108,62.72,29.02,983.54 
19/10/2021T11:20:21Z,67,101,109,62.72,29.08,983.54 
19/10/2021T11:20:51Z,69,103,110,61.78,29.07,983.57 
19/10/2021T11:21:21Z,68,102,110,62.39,29.03,983.57 
19/10/2021T11:21:52Z,69,103,111,62.78,29.04,983.57 
19/10/2021T11:22:22Z,67,99,105,62.86,29.12,983.57 
19/10/2021T11:22:53Z,69,101,106,62.43,29.15,983.56 
19/10/2021T11:23:23Z,68,102,112,62.13,29.08,983.57 
19/10/2021T11:23:53Z,66,102,109,62.60,29.07,983.58 
19/10/2021T11:24:24Z,69,103,112,62.57,29.09,983.58 
19/10/2021T11:24:54Z,71,110,116,62.62,29.08,983.59 
19/10/2021T11:25:24Z,68,104,110,62.00,29.03,983.60 
19/10/2021T11:25:54Z,67,106,113,62.49,29.05,983.60 
19/10/2021T11:26:25Z,68,104,112,62.30,29.03,983.60 
19/10/2021T11:26:56Z,68,105,115,62.25,29.00,983.58 
19/10/2021T11:27:27Z,70,106,116,62.38,28.98,983.61 
19/10/2021T11:27:57Z,74,107,118,62.48,28.94,983.61 
19/10/2021T11:28:28Z,72,106,117,62.84,28.93,983.62 
19/10/2021T11:28:58Z,71,110,117,63.01,28.90,983.62 
19/10/2021T11:29:28Z,76,113,121,63.80,28.83,983.64 
19/10/2021T11:29:58Z,73,109,116,63.82,28.84,983.64 
19/10/2021T11:30:28Z,73,109,117,64.07,28.87,983.63 
19/10/2021T11:30:58Z,70,105,110,63.74,28.92,983.63 
19/10/2021T11:31:29Z,70,108,117,63.17,28.91,983.63 
19/10/2021T11:32:00Z,70,106,113,62.76,28.93,983.63 
19/10/2021T11:32:31Z,71,105,113,62.80,29.01,983.63 
19/10/2021T11:33:01Z,69,103,111,62.42,29.06,983.62 
19/10/2021T11:33:32Z,67,101,111,62.48,29.04,983.63 
19/10/2021T11:34:03Z,67,99,106,62.34,29.00,983.62 
19/10/2021T11:34:33Z,69,104,113,62.99,29.00,983.62 
19/10/2021T11:35:04Z,68,102,110,62.70,29.04,983.62 
19/10/2021T11:35:34Z,70,104,110,62.72,28.98,983.63 
19/10/2021T11:36:05Z,69,101,111,63.25,28.92,983.63 
19/10/2021T11:36:35Z,71,103,114,63.33,28.94,983.62 
19/10/2021T11:37:06Z,70,103,108,63.28,29.01,983.62 
19/10/2021T11:37:36Z,69,104,113,62.64,29.05,983.63 
19/10/2021T11:38:06Z,69,104,108,62.67,29.08,983.64 
19/10/2021T11:38:37Z,68,103,111,62.54,29.11,983.63 
19/10/2021T11:39:07Z,69,104,109,62.61,29.07,983.64 
19/10/2021T11:39:38Z,72,110,117,62.56,29.02,983.65 
19/10/2021T11:40:09Z,73,110,120,62.49,29.04,983.65 
19/10/2021T11:40:39Z,72,107,115,62.66,29.09,983.64 
19/10/2021T11:41:09Z,71,107,117,63.25,29.07,983.63 
19/10/2021T11:41:40Z,73,111,120,63.29,29.05,983.65 
19/10/2021T11:42:11Z,71,107,114,63.02,29.03,983.65 
19/10/2021T11:42:41Z,72,108,115,63.09,29.06,983.65 
19/10/2021T11:43:11Z,72,105,111,62.96,29.02,983.63 
19/10/2021T11:43:42Z,72,106,113,62.89,28.99,983.64 
19/10/2021T11:44:13Z,70,107,114,62.74,29.01,983.64 
19/10/2021T11:44:43Z,71,109,121,62.85,28.97,983.64 
19/10/2021T11:45:14Z,71,108,114,63.21,28.98,983.63 
19/10/2021T11:45:44Z,70,105,112,63.07,28.94,983.64 
19/10/2021T11:46:14Z,69,106,111,63.12,28.95,983.64 
19/10/2021T11:46:45Z,69,104,112,63.12,29.00,983.65 
19/10/2021T11:47:16Z,70,105,112,62.80,29.05,983.63 
19/10/2021T11:47:47Z,70,106,116,62.37,29.05,983.64 
19/10/2021T11:48:17Z,71,106,113,62.61,29.01,983.64 
19/10/2021T11:48:47Z,72,104,112,62.84,29.02,983.66 
19/10/2021T11:49:18Z,71,104,111,62.77,29.06,983.66 
19/10/2021T11:49:49Z,71,106,114,62.50,29.06,983.67 
19/10/2021T11:50:19Z,71,107,113,63.10,29.04,983.67 
19/10/2021T11:50:50Z,71,109,117,62.92,29.08,983.67 
19/10/2021T11:51:20Z,69,104,110,62.71,29.07,983.70 
19/10/2021T11:51:51Z,70,107,115,62.92,29.08,983.70 
19/10/2021T11:52:21Z,67,102,107,63.24,29.10,983.70 
19/10/2021T11:52:52Z,73,107,117,62.78,29.14,983.73 
19/10/2021T11:53:22Z,72,108,115,63.39,29.08,983.72 
19/10/2021T11:53:52Z,71,108,114,62.57,28.97,983.75 
19/10/2021T11:54:23Z,69,107,116,63.13,28.88,983.78 
19/10/2021T11:54:54Z,70,105,112,63.13,28.91,983.79 
19/10/2021T11:55:24Z,71,104,110,62.89,28.95,983.78 
19/10/2021T11:55:54Z,71,108,115,62.72,28.96,983.80 
19/10/2021T11:56:25Z,69,101,106,62.80,28.92,983.80 
19/10/2021T11:56:56Z,72,104,113,62.99,28.85,983.81 
19/10/2021T11:57:26Z,72,108,115,62.85,28.86,983.81 
19/10/2021T11:57:57Z,70,106,115,62.91,28.85,983.82 
19/10/2021T11:58:28Z,71,105,114,62.94,28.85,983.83 
19/10/2021T11:58:58Z,73,106,116,63.10,28.87,983.82 
19/10/2021T11:59:29Z,72,108,116,63.46,28.82,983.82 
19/10/2021T12:00:00Z,73,110,116,63.16,28.87,983.80 
19/10/2021T12:00:30Z,72,113,122,63.03,28.86,983.82 
19/10/2021T12:01:01Z,75,113,126,63.31,28.78,983.83 
19/10/2021T12:01:32Z,74,106,116,63.49,28.79,983.83 
19/10/2021T12:02:02Z,73,114,122,63.78,28.76,983.83 
19/10/2021T12:02:32Z,73,112,120,64.14,28.75,983.82 
19/10/2021T12:03:02Z,74,114,121,64.46,28.78,983.81 
19/10/2021T12:03:33Z,74,114,125,64.22,28.81,983.81 
19/10/2021T12:04:03Z,77,116,123,63.79,28.86,983.82 
19/10/2021T12:04:33Z,77,116,125,63.67,28.90,983.81 
19/10/2021T12:05:04Z,75,113,122,63.99,28.88,983.83 
19/10/2021T12:05:34Z,75,111,120,63.67,28.93,983.83 
19/10/2021T12:06:05Z,75,112,118,63.73,28.97,983.83 
19/10/2021T12:06:35Z,75,113,123,63.97,28.97,983.83 
19/10/2021T12:07:06Z,74,114,122,63.92,28.96,983.84 
19/10/2021T12:07:37Z,75,114,122,63.76,28.95,983.85 
19/10/2021T12:08:07Z,75,114,125,63.77,28.97,983.84 
19/10/2021T12:08:37Z,77,120,131,63.84,28.99,983.84 
19/10/2021T12:09:08Z,77,118,127,63.72,29.03,983.82 
19/10/2021T12:09:38Z,77,119,129,63.33,29.05,983.83 
19/10/2021T12:10:08Z,76,117,123,63.96,28.99,983.81 
19/10/2021T12:10:38Z,77,117,127,63.89,28.98,983.83 
19/10/2021T12:11:09Z,79,119,130,63.85,28.97,983.83 
19/10/2021T12:11:39Z,84,123,130,63.82,29.00,983.83 
19/10/2021T12:12:09Z,89,135,144,63.87,28.96,983.83 
19/10/2021T12:12:40Z,92,137,148,63.85,28.99,983.85 
19/10/2021T12:13:10Z,88,134,146,63.62,29.06,983.85 
19/10/2021T12:13:40Z,94,138,148,63.76,29.08,983.85 
19/10/2021T12:14:10Z,89,138,152,63.55,29.06,983.84 
19/10/2021T12:14:41Z,90,136,146,63.95,29.04,983.86 
19/10/2021T12:15:12Z,88,135,145,63.76,29.07,983.85 
19/10/2021T12:15:42Z,87,133,142,63.81,29.07,983.86 
19/10/2021T12:16:12Z,83,132,139,63.58,29.11,983.87 
19/10/2021T12:16:43Z,83,129,138,63.59,29.09,983.87 
19/10/2021T12:17:14Z,83,128,138,63.85,29.07,983.87 
19/10/2021T12:17:44Z,84,129,137,64.14,29.02,983.88 
19/10/2021T12:18:14Z,85,129,138,64.10,29.01,983.90 
19/10/2021T12:18:45Z,87,130,143,64.32,29.00,983.90 
19/10/2021T12:19:15Z,87,134,145,64.58,28.99,983.89 
19/10/2021T12:19:45Z,86,132,141,64.33,28.99,983.92 
19/10/2021T12:20:16Z,85,131,141,64.30,29.01,983.92 
19/10/2021T12:20:46Z,89,140,149,64.47,29.02,983.93 
19/10/2021T12:21:16Z,90,138,152,64.69,29.01,983.93 
19/10/2021T12:21:47Z,88,138,147,64.97,29.00,983.93 
19/10/2021T12:22:17Z,92,145,156,64.48,29.00,983.95 
19/10/2021T12:22:47Z,91,145,156,64.55,28.99,983.94 
19/10/2021T12:23:18Z,91,144,155,64.53,29.00,983.95 
19/10/2021T12:23:48Z,95,147,157,64.50,29.02,983.95 
19/10/2021T12:24:19Z,90,141,153,64.53,29.06,983.95 
19/10/2021T12:24:50Z,90,142,154,64.67,29.09,983.96 
19/10/2021T12:25:21Z,90,142,153,64.47,29.08,983.95 
19/10/2021T12:25:51Z,94,142,153,65.14,29.03,983.96 
19/10/2021T12:26:22Z,92,142,150,64.65,29.03,983.96 
19/10/2021T12:26:52Z,92,141,154,64.61,29.04,983.97 
19/10/2021T12:27:23Z,94,145,156,64.07,29.06,983.98 
19/10/2021T12:27:53Z,92,143,152,64.35,29.05,984.00 
19/10/2021T12:28:24Z,92,144,155,64.45,29.03,984.00 
19/10/2021T12:28:55Z,95,148,159,64.62,29.03,983.99 
19/10/2021T12:29:25Z,94,146,155,64.65,29.03,984.00 
19/10/2021T12:29:56Z,92,142,152,64.37,29.00,984.00 
19/10/2021T12:30:26Z,95,145,153,64.54,28.99,984.01 
19/10/2021T12:30:56Z,88,135,147,64.15,29.04,984.02 
19/10/2021T12:31:27Z,88,135,145,64.06,29.06,984.02 
19/10/2021T12:31:57Z,90,136,150,64.17,29.05,984.02 
19/10/2021T12:32:27Z,89,135,145,64.09,29.06,984.02 
19/10/2021T12:32:58Z,86,133,141,64.06,29.04,984.03 
19/10/2021T12:33:29Z,86,133,144,64.86,29.01,984.02 
19/10/2021T12:33:59Z,89,137,146,65.04,29.01,984.01 
19/10/2021T12:34:29Z,89,139,149,64.50,29.02,984.01 
19/10/2021T12:35:00Z,89,132,143,64.43,29.03,984.03 
19/10/2021T12:35:30Z,89,135,146,64.45,29.04,984.02 
19/10/2021T12:36:01Z,87,134,146,64.50,29.06,984.01 
19/10/2021T12:36:31Z,86,130,140,64.48,29.06,984.04 
19/10/2021T12:37:02Z,86,130,139,64.36,29.07,984.05 
19/10/2021T12:37:33Z,86,130,140,64.96,29.08,984.04 
19/10/2021T12:38:03Z,89,132,143,64.63,29.07,984.07 
19/10/2021T12:38:33Z,88,132,141,64.72,29.08,984.06 
19/10/2021T12:39:04Z,90,139,147,64.99,29.08,984.07 
19/10/2021T12:39:34Z,90,138,146,64.86,29.12,984.07 
19/10/2021T12:40:04Z,91,136,147,64.99,29.16,984.08 
19/10/2021T12:40:35Z,90,140,153,65.25,29.19,984.07 
19/10/2021T12:41:05Z,89,134,142,65.04,29.23,984.08 
19/10/2021T12:41:35Z,89,136,147,65.25,29.24,984.08 
19/10/2021T12:42:06Z,86,133,144,65.27,29.25,984.08 
19/10/2021T12:42:36Z,89,141,152,65.28,29.26,984.10 
19/10/2021T12:43:06Z,89,137,147,64.92,29.25,984.11 
19/10/2021T12:43:37Z,92,141,154,64.56,29.20,984.12 
19/10/2021T12:44:08Z,91,143,152,65.44,29.16,984.10 
19/10/2021T12:44:39Z,87,136,144,65.75,29.21,984.11 
19/10/2021T12:45:09Z,88,137,149,65.27,29.24,984.12 
19/10/2021T12:45:40Z,89,137,147,65.37,29.27,984.12 
19/10/2021T12:46:10Z,88,136,147,64.98,29.31,984.11 
19/10/2021T12:46:41Z,89,137,148,65.40,29.33,984.11 
19/10/2021T12:47:11Z,87,131,137,65.71,29.35,984.11 
19/10/2021T12:47:41Z,86,129,137,64.77,29.36,984.13 
19/10/2021T12:48:12Z,86,134,149,64.85,29.38,984.13 
19/10/2021T12:48:42Z,86,131,140,64.85,29.36,984.14 
19/10/2021T12:49:13Z,86,127,136,64.99,29.33,984.13 
19/10/2021T12:49:43Z,85,127,137,64.78,29.14,984.16 
19/10/2021T12:50:14Z,84,128,137,65.62,28.93,984.20 
19/10/2021T12:50:44Z,87,128,138,66.16,28.82,984.19 
19/10/2021T12:51:14Z,85,124,135,66.13,28.73,984.19 
19/10/2021T12:51:44Z,84,127,140,65.98,28.66,984.20 
19/10/2021T12:52:15Z,85,133,143,66.22,28.60,984.19 
19/10/2021T12:52:46Z,87,132,141,66.35,28.56,984.20 
19/10/2021T12:53:16Z,86,126,134,66.50,28.51,984.22 
19/10/2021T12:53:46Z,85,128,141,66.49,28.48,984.23 
19/10/2021T12:54:17Z,85,128,138,66.39,28.49,984.22 
19/10/2021T12:54:48Z,87,133,142,66.32,28.49,984.23 
19/10/2021T12:55:18Z,86,130,142,66.21,28.46,984.22 
19/10/2021T12:55:48Z,88,131,139,66.26,28.45,984.23 
19/10/2021T12:56:18Z,86,131,141,66.20,28.44,984.24 
19/10/2021T12:56:49Z,87,131,139,66.35,28.44,984.24 
19/10/2021T12:57:20Z,89,134,145,66.23,28.45,984.25 
19/10/2021T12:57:50Z,88,134,143,66.23,28.46,984.26 
19/10/2021T12:58:20Z,90,137,146,66.14,28.47,984.27 
19/10/2021T12:58:51Z,88,132,142,66.12,28.49,984.27 
19/10/2021T12:59:22Z,90,137,146,66.18,28.50,984.28 
19/10/2021T12:59:52Z,90,136,143,66.14,28.51,984.28 
19/10/2021T13:00:22Z,92,136,147,66.13,28.54,984.29 
19/10/2021T13:00:53Z,91,136,146,66.10,28.55,984.30 
19/10/2021T13:01:23Z,93,139,150,66.24,28.53,984.29 
19/10/2021T13:01:53Z,91,139,149,66.47,28.54,984.30 
19/10/2021T13:02:24Z,91,137,149,66.75,28.53,984.29 
19/10/2021T13:02:54Z,90,134,144,66.87,28.56,984.30 
19/10/2021T13:03:25Z,91,137,148,66.87,28.58,984.30 
19/10/2021T13:03:56Z,92,141,150,66.96,28.59,984.32 
19/10/2021T13:04:26Z,94,145,153,66.98,28.59,984.31 
19/10/2021T13:04:56Z,97,145,156,66.97,28.60,984.32 
19/10/2021T13:05:27Z,94,145,158,66.89,28.57,984.33 
19/10/2021T13:05:57Z,93,139,147,67.04,28.58,984.33 
19/10/2021T13:06:28Z,98,147,156,67.08,28.53,984.32 
19/10/2021T13:06:59Z,96,141,149,67.27,28.52,984.32 
19/10/2021T13:07:29Z,99,148,156,67.17,28.48,984.32 
19/10/2021T13:07:59Z,100,148,157,67.41,28.47,984.32 
19/10/2021T13:08:30Z,107,157,170,67.26,28.51,984.32 
19/10/2021T13:09:01Z,136,205,218,67.13,28.48,984.33 
19/10/2021T13:09:32Z,115,168,184,67.18,28.48,984.34 
19/10/2021T13:10:02Z,110,162,172,67.13,28.44,984.34 
19/10/2021T13:10:32Z,107,164,177,67.41,28.38,984.35 
19/10/2021T13:11:03Z,111,166,173,67.88,28.37,984.34 
19/10/2021T13:11:33Z,109,167,177,67.50,28.39,984.35 
19/10/2021T13:12:03Z,110,165,175,67.75,28.41,984.35 
19/10/2021T13:12:33Z,108,160,167,67.65,28.48,984.35 
19/10/2021T13:13:04Z,109,162,171,67.54,28.51,984.36 
19/10/2021T13:13:35Z,107,161,170,67.63,28.50,984.37 
19/10/2021T13:14:06Z,109,160,175,67.30,28.49,984.37 
19/10/2021T13:14:36Z,111,170,181,67.15,28.46,984.37 
19/10/2021T13:15:07Z,107,161,173,67.17,28.50,984.38 
19/10/2021T13:15:38Z,107,161,175,67.09,28.45,984.39 
19/10/2021T13:16:08Z,110,167,175,67.26,28.43,984.39 
19/10/2021T13:16:39Z,108,163,172,67.14,28.43,984.40 
19/10/2021T13:17:09Z,107,162,171,67.34,28.41,984.41 
19/10/2021T13:17:40Z,106,164,172,67.32,28.38,984.43 
19/10/2021T13:18:10Z,108,163,176,67.38,28.38,984.44 
19/10/2021T13:18:41Z,108,165,173,67.36,28.39,984.44 
19/10/2021T13:19:11Z,108,163,172,67.21,28.42,984.45 
19/10/2021T13:19:41Z,106,161,175,66.87,28.40,984.46 
19/10/2021T13:20:12Z,107,158,170,67.09,28.38,984.46 
19/10/2021T13:20:42Z,102,160,171,67.11,28.38,984.47 
19/10/2021T13:21:13Z,106,160,173,66.92,28.38,984.48 
19/10/2021T13:21:43Z,104,158,174,66.82,28.41,984.48 
19/10/2021T13:22:13Z,103,162,178,66.64,28.46,984.49 
19/10/2021T13:22:44Z,105,158,171,66.46,28.41,984.51 
19/10/2021T13:23:14Z,105,159,172,66.76,28.38,984.50 
19/10/2021T13:23:45Z,105,159,170,66.99,28.39,984.52 
19/10/2021T13:24:15Z,105,158,168,67.03,28.38,984.52 
19/10/2021T13:24:45Z,104,162,171,66.89,28.39,984.55 
19/10/2021T13:25:15Z,104,159,170,66.82,28.36,984.55 
19/10/2021T13:25:46Z,107,161,173,66.93,28.30,984.56 
19/10/2021T13:26:16Z,112,168,183,67.08,28.28,984.57 
19/10/2021T13:26:47Z,110,166,182,67.04,28.26,984.58 
19/10/2021T13:27:18Z,109,163,177,67.10,28.25,984.59 
19/10/2021T13:27:48Z,110,168,184,67.27,28.22,984.60 
19/10/2021T13:28:19Z,108,162,175,67.28,28.23,984.60 
19/10/2021T13:28:49Z,108,167,179,67.36,28.27,984.60 
19/10/2021T13:29:20Z,105,161,173,67.24,28.29,984.60 
19/10/2021T13:29:50Z,122,190,205,67.16,28.30,984.61 
19/10/2021T13:30:21Z,127,196,210,67.18,28.30,984.61 
19/10/2021T13:30:51Z,116,177,194,67.02,28.30,984.61 
19/10/2021T13:31:21Z,114,175,188,66.94,28.33,984.61 
19/10/2021T13:31:52Z,112,174,186,66.84,28.36,984.60 
19/10/2021T13:32:22Z,114,173,184,66.75,28.39,984.62 
19/10/2021T13:32:52Z,116,176,189,66.72,28.36,984.62 
19/10/2021T13:33:23Z,117,184,197,66.71,28.26,984.64 
19/10/2021T13:33:54Z,134,206,218,66.99,28.23,984.65 
19/10/2021T13:34:24Z,129,195,216,66.98,28.23,984.66 
19/10/2021T13:34:55Z,127,194,207,66.99,28.26,984.65 
19/10/2021T13:35:25Z,121,187,200,67.00,28.29,984.65 
19/10/2021T13:35:55Z,120,180,190,66.76,28.33,984.66 
19/10/2021T13:36:26Z,117,178,189,66.72,28.31,984.66 
19/10/2021T13:36:56Z,114,176,190,66.70,28.35,984.65 
19/10/2021T13:37:27Z,114,175,189,66.47,28.42,984.66 
19/10/2021T13:37:57Z,112,172,190,66.32,28.41,984.65 
19/10/2021T13:38:27Z,109,172,184,66.41,28.39,984.65 
19/10/2021T13:38:58Z,113,174,183,66.37,28.37,984.66 
19/10/2021T13:39:29Z,110,171,181,66.35,28.36,984.66 
19/10/2021T13:40:00Z,116,181,194,66.55,28.33,984.68 
19/10/2021T13:40:30Z,116,177,188,66.59,28.33,984.68 
19/10/2021T13:41:00Z,117,183,194,66.65,28.33,984.68 
19/10/2021T13:41:31Z,120,189,205,66.62,28.31,984.68 
19/10/2021T13:42:02Z,124,188,203,66.69,28.29,984.70 
19/10/2021T13:42:32Z,118,185,202,66.72,28.34,984.67 
19/10/2021T13:43:03Z,119,181,196,66.40,28.42,984.67 
19/10/2021T13:43:33Z,115,174,188,66.32,28.49,984.66 
19/10/2021T13:44:04Z,120,184,195,65.97,28.55,984.68 
19/10/2021T13:44:34Z,121,184,200,65.89,28.57,984.68 
19/10/2021T13:45:04Z,119,186,201,65.79,28.60,984.69 
19/10/2021T13:45:35Z,119,186,204,65.72,28.62,984.70 
19/10/2021T13:46:05Z,118,181,194,65.70,28.65,984.69 
19/10/2021T13:46:36Z,118,180,196,65.61,28.66,984.69 
19/10/2021T13:47:06Z,118,181,199,65.61,28.65,984.70 
19/10/2021T13:47:37Z,113,180,194,65.54,28.64,984.71 
19/10/2021T13:48:07Z,113,176,190,65.84,28.64,984.71 
19/10/2021T13:48:38Z,111,172,183,66.10,28.64,984.72 
19/10/2021T13:49:08Z,109,170,185,66.27,28.66,984.73 
19/10/2021T13:49:39Z,109,170,184,66.10,28.70,984.73 
19/10/2021T13:50:09Z,112,173,185,65.82,28.75,984.74 
19/10/2021T13:50:39Z,112,175,191,65.59,28.82,984.74 
19/10/2021T13:51:10Z,110,167,183,65.59,28.80,984.74 
19/10/2021T13:51:40Z,110,171,184,65.61,28.83,984.76 
19/10/2021T13:52:11Z,111,172,185,65.79,28.89,984.76 
19/10/2021T13:52:41Z,109,173,187,65.73,28.90,984.78 
19/10/2021T13:53:12Z,111,174,186,65.44,28.94,984.79 
19/10/2021T13:53:43Z,110,170,181,65.41,28.94,984.78 
19/10/2021T13:54:13Z,108,166,181,65.23,28.95,984.80 
19/10/2021T13:54:44Z,108,169,189,65.46,28.91,984.81 
19/10/2021T13:55:14Z,108,167,180,65.83,28.90,984.81 
19/10/2021T13:55:45Z,108,167,180,65.86,28.89,984.82 
19/10/2021T13:56:16Z,109,168,183,65.78,28.89,984.83 
19/10/2021T13:56:46Z,109,168,180,65.33,28.93,984.85 
19/10/2021T13:57:17Z,109,166,180,65.44,28.96,984.83 
19/10/2021T13:57:48Z,108,164,178,65.29,28.99,984.85 
19/10/2021T13:58:18Z,109,168,184,65.14,28.98,984.86 
19/10/2021T13:58:49Z,109,169,183,65.13,29.00,984.86 
19/10/2021T13:59:19Z,112,170,185,65.09,28.98,984.87 
19/10/2021T13:59:50Z,111,174,186,65.09,28.96,984.89 
19/10/2021T14:00:20Z,113,178,192,65.26,28.95,984.91 
19/10/2021T14:00:51Z,119,185,196,65.45,28.94,984.90 
19/10/2021T14:01:21Z,116,185,199,65.35,28.97,984.91 
19/10/2021T14:01:51Z,121,185,200,65.21,29.01,984.93 
19/10/2021T14:02:22Z,124,190,208,65.06,29.00,984.94 
19/10/2021T14:02:52Z,125,193,207,64.93,29.01,984.95 
19/10/2021T14:03:23Z,123,194,211,65.02,28.97,984.96 
19/10/2021T14:03:54Z,122,190,206,65.06,28.92,984.96 
19/10/2021T14:04:24Z,126,193,206,65.19,28.87,984.96 
19/10/2021T14:04:54Z,121,189,205,65.30,28.82,984.97 
19/10/2021T14:05:25Z,121,188,206,65.41,28.80,984.96 
19/10/2021T14:05:55Z,123,199,215,65.65,28.75,984.97 
19/10/2021T14:06:25Z,127,202,222,65.74,28.74,984.98 
19/10/2021T14:06:56Z,129,202,217,65.77,28.73,984.99 
19/10/2021T14:07:26Z,131,203,220,65.95,28.69,985.01 
19/10/2021T14:07:57Z,130,201,221,65.98,28.70,985.02 
19/10/2021T14:08:27Z,125,198,215,66.10,28.68,985.03 
19/10/2021T14:08:57Z,125,192,210,65.95,28.72,985.04 
19/10/2021T14:09:28Z,121,192,207,66.04,28.71,985.05 
19/10/2021T14:09:59Z,129,196,212,65.95,28.70,985.07 
19/10/2021T14:10:29Z,131,203,220,65.79,28.69,985.10 
19/10/2021T14:11:00Z,127,200,212,65.86,28.70,985.08 
19/10/2021T14:11:30Z,123,188,204,65.81,28.73,985.08 
19/10/2021T14:12:00Z,125,190,204,65.89,28.75,985.09 
19/10/2021T14:12:30Z,127,198,217,65.84,28.76,985.09 
19/10/2021T14:13:00Z,125,197,212,66.00,28.73,985.09 
19/10/2021T14:13:31Z,123,190,203,66.01,28.70,985.11 
19/10/2021T14:14:01Z,122,187,203,66.01,28.75,985.11 
19/10/2021T14:14:31Z,118,185,202,65.90,28.79,985.12 
19/10/2021T14:15:02Z,118,182,198,66.07,28.83,985.12 
19/10/2021T14:15:32Z,118,181,193,66.08,28.84,985.14 
19/10/2021T14:16:02Z,118,179,190,65.76,28.86,985.14 
19/10/2021T14:16:33Z,117,183,194,65.64,28.86,985.15 
19/10/2021T14:17:04Z,114,176,188,65.56,28.83,985.16 
19/10/2021T14:17:35Z,116,178,189,66.01,28.82,985.16 
19/10/2021T14:18:05Z,116,177,196,65.95,28.78,985.15 
19/10/2021T14:18:36Z,115,177,186,66.11,28.79,985.17 
19/10/2021T14:19:07Z,115,176,187,66.10,28.78,985.17 
19/10/2021T14:19:37Z,117,178,187,66.34,28.79,985.18 
19/10/2021T14:20:07Z,116,181,191,66.23,28.81,985.19 
19/10/2021T14:20:38Z,121,186,201,66.59,28.83,985.19 
19/10/2021T14:21:09Z,123,192,208,66.35,28.81,985.21 
19/10/2021T14:21:39Z,126,196,214,66.88,28.81,985.20 
19/10/2021T14:22:10Z,126,193,206,66.74,28.85,985.21 
19/10/2021T14:22:41Z,122,190,201,66.76,28.88,985.22 
19/10/2021T14:23:11Z,153,225,240,66.19,28.79,985.23 
19/10/2021T14:23:42Z,151,218,233,66.82,28.75,985.24 
19/10/2021T14:24:13Z,138,203,215,67.04,28.82,985.24 
19/10/2021T14:24:43Z,130,194,209,67.11,28.79,985.24 
19/10/2021T14:25:13Z,127,192,205,67.22,28.74,985.27 
19/10/2021T14:25:43Z,129,195,209,67.33,28.73,985.28 
19/10/2021T14:26:14Z,129,196,212,67.12,28.68,985.29 
19/10/2021T14:26:44Z,128,194,206,67.36,28.72,985.30 
19/10/2021T14:27:15Z,120,182,197,67.48,28.75,985.30 
19/10/2021T14:27:45Z,116,178,195,67.27,28.75,985.31 
19/10/2021T14:28:16Z,114,172,182,66.92,28.73,985.32 
19/10/2021T14:28:46Z,111,167,182,66.63,28.70,985.34 
19/10/2021T14:29:16Z,113,172,182,66.96,28.76,985.34 
19/10/2021T14:29:46Z,110,168,180,67.08,28.79,985.36 
19/10/2021T14:30:17Z,105,160,175,67.60,28.75,985.36 
19/10/2021T14:30:48Z,105,160,169,67.60,28.82,985.37 
19/10/2021T14:31:18Z,105,164,180,67.22,28.83,985.38 
19/10/2021T14:31:49Z,105,160,171,66.95,28.87,985.38 
19/10/2021T14:32:19Z,101,159,170,66.48,28.88,985.39 
19/10/2021T14:32:49Z,102,153,165,66.55,28.88,985.40 
19/10/2021T14:33:20Z,102,157,168,66.20,28.87,985.42 
19/10/2021T14:33:50Z,104,161,174,66.54,28.86,985.41 
19/10/2021T14:34:20Z,102,159,174,66.50,28.82,985.44 
19/10/2021T14:34:50Z,108,166,177,66.29,28.86,985.44 
19/10/2021T14:35:21Z,106,157,171,66.13,28.89,985.45 
19/10/2021T14:35:51Z,101,156,167,65.78,28.86,985.46 
19/10/2021T14:36:22Z,101,153,165,66.31,28.85,985.46 
19/10/2021T14:36:52Z,99,149,162,66.64,28.83,985.47 
19/10/2021T14:37:23Z,100,152,162,66.62,28.88,985.47 
19/10/2021T14:37:52Z,100,151,165,66.24,28.83,985.48 
19/10/2021T14:38:23Z,103,158,172,67.24,28.87,985.49 
19/10/2021T14:38:54Z,100,149,160,67.18,28.87,985.48 
19/10/2021T14:39:24Z,99,152,164,66.79,28.81,985.50 
19/10/2021T14:39:55Z,99,148,161,67.16,28.82,985.50 
19/10/2021T14:40:25Z,98,149,160,66.85,28.89,985.52 
19/10/2021T14:40:56Z,99,150,159,67.00,28.88,985.52 
19/10/2021T14:41:26Z,99,152,163,66.36,28.89,985.54 
19/10/2021T14:41:56Z,98,144,157,65.44,28.87,985.55 
19/10/2021T14:42:26Z,96,143,155,65.24,28.88,985.55 
19/10/2021T14:42:57Z,97,150,160,65.10,28.87,985.56 
19/10/2021T14:43:27Z,96,145,153,65.24,28.90,985.56 
19/10/2021T14:43:57Z,98,153,164,65.50,28.88,985.58 
19/10/2021T14:44:27Z,96,145,155,65.34,28.89,985.57 
19/10/2021T14:44:58Z,95,144,154,65.19,28.91,985.59 
19/10/2021T14:45:29Z,96,146,159,64.89,28.80,985.59 
19/10/2021T14:45:59Z,100,150,163,65.27,28.73,985.59 
19/10/2021T14:46:29Z,99,147,158,65.55,28.79,985.59 
19/10/2021T14:47:00Z,98,149,162,65.75,28.81,985.61 
19/10/2021T14:47:30Z,99,151,164,65.82,28.80,985.61 
19/10/2021T14:48:01Z,95,144,153,65.72,28.78,985.60 
19/10/2021T14:48:31Z,98,149,159,65.67,28.79,985.61 
19/10/2021T14:49:01Z,98,147,160,65.55,28.79,985.62 
19/10/2021T14:49:31Z,98,148,162,65.93,28.79,985.62 
19/10/2021T14:50:01Z,96,148,163,65.66,28.76,985.61 
19/10/2021T14:50:32Z,95,148,160,65.56,28.70,985.62 
19/10/2021T14:51:02Z,98,148,159,65.98,28.67,985.62 
19/10/2021T14:51:33Z,96,146,155,65.93,28.67,985.63 
19/10/2021T14:52:03Z,95,144,155,66.01,28.67,985.65 
19/10/2021T14:52:34Z,95,145,154,65.79,28.66,985.66 
19/10/2021T14:53:05Z,95,146,156,65.65,28.66,985.67 
19/10/2021T14:53:36Z,94,145,155,65.72,28.66,985.69 
19/10/2021T14:54:06Z,96,146,154,65.68,28.64,985.69 
19/10/2021T14:54:37Z,94,145,153,65.37,28.63,985.70 
19/10/2021T14:55:07Z,97,146,161,65.47,28.62,985.71 
19/10/2021T14:55:38Z,103,157,169,65.38,28.56,985.74 
19/10/2021T14:56:08Z,102,158,172,65.94,28.49,985.75 
19/10/2021T14:56:39Z,128,188,201,66.06,28.57,985.75 
19/10/2021T14:57:09Z,142,207,218,66.25,28.65,985.74 
19/10/2021T14:57:39Z,128,194,208,65.92,28.65,985.75 
19/10/2021T14:58:10Z,120,177,190,66.02,28.66,985.75 
19/10/2021T14:58:41Z,117,173,189,66.17,28.68,985.75 
19/10/2021T14:59:11Z,111,172,184,66.31,28.69,985.76 
19/10/2021T14:59:42Z,109,167,179,66.64,28.67,985.76 
19/10/2021T15:00:13Z,110,168,179,66.78,28.66,985.78 
19/10/2021T15:00:43Z,109,165,175,67.38,28.74,985.77 
19/10/2021T15:01:13Z,110,164,176,67.23,28.80,985.77 
19/10/2021T15:01:44Z,111,168,181,66.68,28.82,985.78 
19/10/2021T15:02:14Z,109,167,177,66.56,28.81,985.78 
19/10/2021T15:02:45Z,106,164,175,66.57,28.83,985.79 
19/10/2021T15:03:15Z,101,152,162,66.66,28.82,985.79 
19/10/2021T15:03:46Z,100,153,165,66.85,28.80,985.79 
19/10/2021T15:04:16Z,98,149,161,67.19,28.82,985.79 
19/10/2021T15:04:47Z,102,158,172,68.03,28.88,985.79 
19/10/2021T15:05:18Z,103,157,171,67.90,28.92,985.80 
19/10/2021T15:05:48Z,99,152,165,67.28,28.93,985.80 
19/10/2021T15:06:19Z,98,153,167,66.67,28.93,985.82 
19/10/2021T15:06:49Z,99,148,162,66.10,28.91,985.82 
19/10/2021T15:07:20Z,98,150,160,65.58,28.87,985.83 
19/10/2021T15:07:50Z,98,148,159,66.20,28.84,985.82 
19/10/2021T15:08:21Z,99,148,161,65.78,28.83,985.82 
19/10/2021T15:08:51Z,96,142,153,65.79,28.81,985.82 
19/10/2021T15:09:21Z,96,143,151,65.87,28.74,985.82 
19/10/2021T15:09:52Z,95,146,157,66.06,28.68,985.84 
19/10/2021T15:10:23Z,97,148,160,66.58,28.69,985.84 
19/10/2021T15:10:53Z,96,145,163,66.52,28.72,985.85 
19/10/2021T15:11:23Z,98,148,157,66.67,28.77,985.84 
19/10/2021T15:11:54Z,95,148,160,66.47,28.80,985.84 
19/10/2021T15:12:24Z,97,147,159,66.33,28.78,985.85 
19/10/2021T15:12:55Z,98,149,160,66.51,28.77,985.87 
19/10/2021T15:13:25Z,98,151,167,66.07,28.74,985.87 
19/10/2021T15:13:56Z,99,149,165,66.31,28.76,985.88 
19/10/2021T15:14:26Z,99,150,158,66.17,28.78,985.88 
19/10/2021T15:14:57Z,96,148,159,66.16,28.77,985.89 
19/10/2021T15:15:28Z,98,151,161,66.04,28.76,985.90 
19/10/2021T15:15:58Z,99,148,164,66.32,28.57,985.93 
19/10/2021T15:16:28Z,98,146,158,67.05,28.50,985.93 
19/10/2021T15:16:59Z,98,145,155,66.95,28.50,985.94 
19/10/2021T15:17:29Z,98,148,158,67.18,28.47,985.94 
19/10/2021T15:17:59Z,97,146,157,66.92,28.44,985.95 
19/10/2021T15:18:29Z,98,151,163,67.29,28.41,985.94 
19/10/2021T15:19:00Z,98,152,163,67.45,28.47,985.95 
19/10/2021T15:19:30Z,97,149,161,67.35,28.55,985.95 
19/10/2021T15:20:01Z,97,147,158,67.26,28.63,985.96 
19/10/2021T15:20:32Z,96,147,157,67.22,28.70,985.96 
19/10/2021T15:21:02Z,96,146,160,67.17,28.76,985.94 
19/10/2021T15:21:32Z,96,144,157,66.68,28.79,985.94 
19/10/2021T15:22:03Z,95,144,153,66.52,28.82,985.96 
19/10/2021T15:22:33Z,95,146,159,66.88,28.81,985.97 
19/10/2021T15:23:04Z,98,151,161,66.94,28.89,985.98 
19/10/2021T15:23:34Z,101,154,164,66.35,28.95,985.99 
19/10/2021T15:24:04Z,99,152,163,66.20,28.90,986.00 
19/10/2021T15:24:35Z,98,147,155,66.02,28.89,986.00 
19/10/2021T15:25:05Z,98,150,159,66.22,28.89,985.99 
19/10/2021T15:25:35Z,100,152,162,66.28,28.85,986.00 
19/10/2021T15:26:06Z,101,158,173,66.56,28.86,986.01 
19/10/2021T15:26:37Z,101,157,165,66.35,28.86,986.03 
19/10/2021T15:27:07Z,98,151,161,66.13,28.84,986.03 
19/10/2021T15:27:38Z,98,150,164,66.23,28.85,986.04 
19/10/2021T15:28:08Z,98,147,157,66.16,28.88,986.04 
19/10/2021T15:28:39Z,98,146,157,66.29,28.92,986.04 
19/10/2021T15:29:10Z,96,147,156,65.86,28.94,986.07 
19/10/2021T15:29:40Z,96,145,157,66.12,28.91,986.07 
19/10/2021T15:30:11Z,99,152,165,65.97,28.95,986.07 
19/10/2021T15:30:42Z,98,148,163,66.16,28.98,986.07 
19/10/2021T15:31:12Z,97,148,161,66.10,29.00,986.06 
19/10/2021T15:31:42Z,97,148,162,65.95,28.99,986.07 
19/10/2021T15:32:13Z,97,151,162,66.08,28.95,986.08 
19/10/2021T15:32:43Z,99,150,159,66.81,28.98,986.06 
19/10/2021T15:33:13Z,98,151,166,66.69,28.99,986.08 
19/10/2021T15:33:44Z,98,149,165,66.26,29.01,986.09 
19/10/2021T15:34:14Z,98,150,163,66.04,29.01,986.10 
19/10/2021T15:34:44Z,109,165,177,66.19,29.05,986.09 
19/10/2021T15:35:15Z,119,178,191,65.77,29.09,986.09 
19/10/2021T15:35:45Z,112,164,174,65.85,29.07,986.10 
19/10/2021T15:36:16Z,120,176,188,65.61,29.06,986.11 
19/10/2021T15:36:46Z,231,325,342,66.43,29.15,986.10 
19/10/2021T15:37:17Z,222,309,321,65.32,29.17,986.12 
19/10/2021T15:37:47Z,134,199,210,65.01,29.13,986.14 
19/10/2021T15:38:18Z,126,185,199,64.99,29.11,986.14 
19/10/2021T15:38:48Z,109,161,176,64.49,29.02,986.17 
19/10/2021T15:39:18Z,127,197,214,65.71,28.98,986.16 
19/10/2021T15:39:49Z,150,232,256,66.16,29.02,986.17 
19/10/2021T15:40:19Z,142,214,231,65.72,29.03,986.18 
19/10/2021T15:40:50Z,122,180,198,66.01,29.07,986.18 
19/10/2021T15:41:21Z,119,182,198,65.69,29.09,986.19 
19/10/2021T15:41:52Z,133,206,230,66.34,29.12,986.20 
19/10/2021T15:42:22Z,143,229,255,66.46,29.13,986.21 
19/10/2021T15:42:53Z,127,203,227,65.49,29.10,986.24 
19/10/2021T15:43:24Z,119,188,202,65.58,29.08,986.24 
19/10/2021T15:43:54Z,111,177,194,65.26,29.07,986.25 
19/10/2021T15:44:25Z,106,165,177,65.09,28.98,986.27 
19/10/2021T15:44:56Z,108,162,181,65.80,28.95,986.28 
19/10/2021T15:45:27Z,105,164,173,65.78,28.99,986.27 
19/10/2021T15:45:57Z,107,168,184,66.07,29.01,986.27 
19/10/2021T15:46:28Z,106,164,172,65.21,29.00,986.30 
19/10/2021T15:46:58Z,106,167,178,65.21,28.95,986.32 
19/10/2021T15:47:29Z,104,159,173,65.47,28.88,986.34 
19/10/2021T15:48:00Z,107,168,179,65.54,28.88,986.34 
19/10/2021T15:48:30Z,106,161,176,65.76,28.93,986.35 
19/10/2021T15:49:01Z,103,158,172,65.78,28.92,986.35 
19/10/2021T15:49:31Z,105,157,169,66.08,28.94,986.34 
19/10/2021T15:50:01Z,105,165,174,66.29,29.01,986.33 
19/10/2021T15:50:32Z,105,166,181,65.82,29.04,986.34 
19/10/2021T15:51:03Z,107,168,181,65.23,29.01,986.35 
19/10/2021T15:51:33Z,106,165,181,65.37,29.00,986.35 
19/10/2021T15:52:03Z,104,161,177,65.31,28.96,986.36 
19/10/2021T15:52:34Z,107,163,175,65.52,28.98,986.36 
19/10/2021T15:53:04Z,125,190,203,65.63,29.04,986.35 
19/10/2021T15:53:35Z,144,221,238,65.52,29.06,986.35 
19/10/2021T15:54:05Z,137,207,223,65.44,29.06,986.36 
19/10/2021T15:54:35Z,128,197,212,65.46,29.00,986.39 
19/10/2021T15:55:05Z,126,194,212,65.73,29.00,986.40 
19/10/2021T15:55:35Z,124,188,201,65.72,29.00,986.42 
19/10/2021T15:56:06Z,122,186,201,65.97,29.03,986.40 
19/10/2021T15:56:37Z,117,180,195,65.74,29.04,986.42 
19/10/2021T15:57:08Z,115,174,188,65.61,29.03,986.42 
19/10/2021T15:57:38Z,115,172,186,65.77,29.02,986.43 
19/10/2021T15:58:09Z,115,176,189,66.07,29.04,986.42 
19/10/2021T15:58:39Z,119,181,191,66.02,29.05,986.43 
19/10/2021T15:59:10Z,115,178,191,65.48,29.00,986.46 
19/10/2021T15:59:40Z,110,169,178,66.30,28.95,986.46 
19/10/2021T16:00:10Z,113,174,187,66.23,29.00,986.46 
19/10/2021T16:00:41Z,110,166,180,65.73,29.04,986.48 
19/10/2021T16:01:11Z,108,165,176,65.61,29.06,986.47 
19/10/2021T16:01:42Z,109,167,182,65.43,29.07,986.48 
19/10/2021T16:02:12Z,110,167,180,65.72,29.08,986.49 
19/10/2021T16:02:42Z,109,167,179,65.64,29.07,986.51 
19/10/2021T16:03:13Z,110,168,184,65.72,29.07,986.50 
19/10/2021T16:03:43Z,114,178,192,65.30,29.02,986.52 
19/10/2021T16:04:13Z,122,191,213,65.73,28.92,986.55 
19/10/2021T16:04:44Z,117,180,197,65.92,28.94,986.54 
19/10/2021T16:05:15Z,127,196,218,65.76,28.97,986.55 
19/10/2021T16:05:45Z,136,215,232,65.45,28.97,986.58 
19/10/2021T16:06:16Z,133,210,227,65.52,28.97,986.58 
19/10/2021T16:06:46Z,130,205,227,65.62,28.95,986.58 
19/10/2021T16:07:16Z,135,223,241,65.53,28.94,986.58 
19/10/2021T16:07:46Z,139,228,248,65.60,28.85,986.61 
19/10/2021T16:08:17Z,136,220,240,65.90,28.81,986.63 
19/10/2021T16:08:48Z,136,215,237,66.07,28.76,986.62 
19/10/2021T16:09:18Z,130,209,231,66.02,28.77,986.61 
19/10/2021T16:09:48Z,125,203,224,66.14,28.76,986.61 
19/10/2021T16:10:18Z,130,207,229,66.13,28.75,986.62 
19/10/2021T16:10:49Z,124,198,220,66.08,28.75,986.63 
19/10/2021T16:11:19Z,123,193,214,66.28,28.73,986.64 
19/10/2021T16:11:50Z,121,196,217,66.56,28.74,986.65 
19/10/2021T16:12:20Z,118,189,207,66.55,28.73,986.64 
19/10/2021T16:12:51Z,118,188,208,66.51,28.73,986.65 
19/10/2021T16:13:22Z,121,196,218,66.58,28.73,986.65 
19/10/2021T16:13:52Z,121,189,207,66.65,28.76,986.65 
19/10/2021T16:14:23Z,118,185,205,66.69,28.79,986.65 
19/10/2021T16:14:54Z,120,188,211,66.73,28.77,986.64 
19/10/2021T16:15:24Z,122,196,211,66.79,28.80,986.65 
19/10/2021T16:15:55Z,121,192,215,66.36,28.81,986.67 
19/10/2021T16:16:25Z,119,190,210,66.32,28.76,986.67 
19/10/2021T16:16:56Z,115,187,206,66.52,28.76,986.66 
19/10/2021T16:17:26Z,116,188,205,66.68,28.77,986.66 
19/10/2021T16:17:56Z,115,189,213,66.66,28.77,986.65 
19/10/2021T16:18:26Z,117,188,206,66.63,28.73,986.65 
19/10/2021T16:18:57Z,117,185,201,66.94,28.71,986.65 
19/10/2021T16:19:28Z,116,187,204,66.55,28.75,986.64 
19/10/2021T16:19:59Z,118,186,201,66.35,28.77,986.65 
19/10/2021T16:20:30Z,117,184,210,66.25,28.73,986.65 
19/10/2021T16:21:00Z,115,183,199,66.50,28.65,986.64 
19/10/2021T16:21:30Z,114,180,195,66.70,28.65,986.64 
19/10/2021T16:22:01Z,110,174,186,66.66,28.68,986.65 
19/10/2021T16:22:31Z,115,178,193,66.66,28.72,986.65 
19/10/2021T16:23:01Z,114,182,203,66.43,28.72,986.66 
19/10/2021T16:23:31Z,113,179,196,66.45,28.70,986.66 
19/10/2021T16:24:02Z,113,180,196,66.57,28.74,986.65 
19/10/2021T16:24:32Z,114,179,194,66.45,28.78,986.64 
19/10/2021T16:25:03Z,115,179,191,65.96,28.80,986.66 
19/10/2021T16:25:33Z,113,176,187,65.98,28.73,986.65 
19/10/2021T16:26:04Z,112,175,188,66.34,28.71,986.63 
19/10/2021T16:26:34Z,113,174,191,66.53,28.72,986.63 
19/10/2021T16:27:05Z,114,178,187,66.62,28.73,986.63 
19/10/2021T16:27:36Z,116,181,196,66.65,28.75,986.63 
19/10/2021T16:28:06Z,126,193,209,66.70,28.75,986.63 
19/10/2021T16:28:37Z,130,200,218,66.47,28.77,986.63 
19/10/2021T16:29:08Z,128,198,215,66.25,28.70,986.65 
19/10/2021T16:29:38Z,125,191,207,66.70,28.67,986.65 
19/10/2021T16:30:08Z,124,192,209,66.69,28.72,986.63 
19/10/2021T16:30:38Z,129,200,216,65.92,28.71,986.64 
19/10/2021T16:31:08Z,132,204,219,66.09,28.64,986.65 
19/10/2021T16:31:39Z,127,197,215,66.05,28.70,986.63 
19/10/2021T16:32:10Z,129,197,207,65.95,28.70,986.63 
19/10/2021T16:32:40Z,140,213,226,65.86,28.72,986.63 
19/10/2021T16:33:10Z,136,213,232,65.80,28.72,986.63 
19/10/2021T16:33:41Z,131,199,216,65.48,28.72,986.63 
19/10/2021T16:34:11Z,131,199,211,65.80,28.74,986.62 
19/10/2021T16:34:42Z,130,200,216,65.65,28.74,986.62 
19/10/2021T16:35:12Z,125,191,209,65.74,28.70,986.63 
19/10/2021T16:35:43Z,125,194,208,66.01,28.72,986.63 
19/10/2021T16:36:13Z,126,191,203,65.98,28.74,986.63 
19/10/2021T16:36:43Z,125,189,203,66.02,28.78,986.64 
19/10/2021T16:37:13Z,127,192,209,65.88,28.79,986.65 
19/10/2021T16:37:44Z,124,186,203,65.85,28.79,986.67 
19/10/2021T16:38:15Z,125,193,207,65.81,28.76,986.65 
19/10/2021T16:38:45Z,125,191,206,65.80,28.71,986.64 
19/10/2021T16:39:15Z,123,185,195,66.20,28.67,986.64 
19/10/2021T16:39:45Z,123,188,201,65.99,28.73,986.64 
19/10/2021T16:40:16Z,121,183,199,65.76,28.74,986.64 
19/10/2021T16:40:47Z,120,181,192,65.67,28.75,986.64 
19/10/2021T16:41:17Z,117,182,200,65.70,28.75,986.65 
19/10/2021T16:41:47Z,123,185,200,65.73,28.74,986.65 
19/10/2021T16:42:17Z,120,185,199,65.59,28.72,986.64 
19/10/2021T16:42:48Z,130,198,215,65.33,28.65,986.64 
19/10/2021T16:43:18Z,130,194,210,65.66,28.50,986.65 
19/10/2021T16:43:49Z,129,198,211,65.98,28.46,986.64 
19/10/2021T16:44:19Z,129,201,220,65.86,28.49,986.65 
19/10/2021T16:44:49Z,132,204,223,65.94,28.46,986.65 
19/10/2021T16:45:20Z,131,204,218,66.00,28.43,986.65 
19/10/2021T16:45:50Z,132,201,214,66.21,28.34,986.66 
19/10/2021T16:46:21Z,130,197,210,66.51,28.32,986.68 
19/10/2021T16:46:51Z,130,198,216,66.40,28.35,986.67 
19/10/2021T16:47:21Z,131,202,220,66.35,28.38,986.66 
19/10/2021T16:47:52Z,129,192,208,66.20,28.43,986.66 
19/10/2021T16:48:22Z,130,197,213,66.01,28.47,986.67 
19/10/2021T16:48:52Z,128,196,210,65.81,28.51,986.65 
19/10/2021T16:49:23Z,128,198,211,65.68,28.55,986.66 
19/10/2021T16:49:53Z,128,194,211,65.54,28.58,986.66 
19/10/2021T16:50:23Z,128,192,204,65.40,28.62,986.66 
19/10/2021T16:50:54Z,126,189,208,65.28,28.64,986.67 
19/10/2021T16:51:24Z,125,189,203,65.24,28.66,986.67 
19/10/2021T16:51:55Z,126,187,199,65.21,28.67,986.66 
19/10/2021T16:52:26Z,122,190,205,65.22,28.67,986.67 
19/10/2021T16:52:56Z,123,188,202,65.14,28.68,986.67 
19/10/2021T16:53:27Z,121,185,204,65.14,28.69,986.67 
19/10/2021T16:53:57Z,123,189,206,65.13,28.69,986.68 
19/10/2021T16:54:27Z,120,184,200,65.10,28.70,986.69 
19/10/2021T16:54:58Z,121,183,198,65.05,28.70,986.70 
19/10/2021T16:55:28Z,122,187,202,65.10,28.70,986.70 
19/10/2021T16:55:58Z,123,184,199,65.02,28.71,986.70 
19/10/2021T16:56:28Z,117,177,189,64.97,28.72,986.69 
19/10/2021T16:56:59Z,121,182,196,64.95,28.72,986.70 
19/10/2021T16:57:30Z,119,180,196,64.93,28.72,986.70 
19/10/2021T16:58:00Z,116,180,194,64.94,28.72,986.70 
19/10/2021T16:58:31Z,115,179,194,64.97,28.71,986.70 
19/10/2021T16:59:01Z,119,178,189,64.99,28.71,986.71 
19/10/2021T16:59:32Z,119,181,192,65.01,28.69,986.72 
19/10/2021T17:00:02Z,121,179,193,65.01,28.69,986.71 
19/10/2021T17:00:33Z,118,180,198,64.99,28.69,986.70 
19/10/2021T17:01:03Z,119,180,197,65.01,28.69,986.70 
19/10/2021T17:01:33Z,118,175,189,65.06,28.67,986.72 
19/10/2021T17:02:04Z,119,179,190,65.05,28.67,986.71 
19/10/2021T17:02:34Z,118,179,191,65.02,28.67,986.71 
19/10/2021T17:03:05Z,120,182,195,65.02,28.67,986.71 
19/10/2021T17:03:35Z,118,176,190,65.13,28.65,986.72 
19/10/2021T17:04:05Z,121,186,201,65.04,28.64,986.72 
19/10/2021T17:04:36Z,121,180,191,65.12,28.64,986.72 
19/10/2021T17:05:06Z,122,183,202,65.17,28.62,986.72 
19/10/2021T17:05:37Z,122,184,197,65.15,28.62,986.72 
19/10/2021T17:06:08Z,123,188,198,65.21,28.61,986.71 
19/10/2021T17:06:38Z,122,185,200,65.23,28.60,986.73 
19/10/2021T17:07:08Z,123,182,192,65.18,28.61,986.72 
19/10/2021T17:07:38Z,123,185,198,65.19,28.60,986.73 
19/10/2021T17:08:09Z,122,182,196,65.20,28.60,986.72 
19/10/2021T17:08:40Z,120,187,201,65.19,28.59,986.72 
19/10/2021T17:09:10Z,120,181,196,65.27,28.58,986.72 
19/10/2021T17:09:41Z,122,182,192,65.22,28.59,986.72 
19/10/2021T17:10:11Z,121,181,193,65.25,28.57,986.73 
19/10/2021T17:10:41Z,122,180,194,65.23,28.58,986.72 
19/10/2021T17:11:12Z,120,181,196,65.22,28.58,986.73 
19/10/2021T17:11:42Z,119,181,191,65.27,28.57,986.73 
19/10/2021T17:12:13Z,121,182,199,65.32,28.56,986.73 
19/10/2021T17:12:43Z,121,183,195,65.32,28.55,986.72 
19/10/2021T17:13:14Z,121,181,198,65.32,28.55,986.73 
19/10/2021T17:13:44Z,118,173,189,65.40,28.54,986.74 
19/10/2021T17:14:15Z,120,181,193,65.39,28.53,986.74 
19/10/2021T17:14:45Z,121,183,195,65.35,28.54,986.73 
19/10/2021T17:15:16Z,119,180,192,65.37,28.53,986.74 
19/10/2021T17:15:46Z,119,184,197,65.38,28.53,986.75 
19/10/2021T17:16:17Z,117,179,196,65.42,28.52,986.76 
19/10/2021T17:16:47Z,121,186,202,65.36,28.52,986.77 
19/10/2021T17:17:18Z,121,181,190,65.33,28.52,986.77 
19/10/2021T17:17:48Z,122,183,194,65.36,28.52,986.79 
19/10/2021T17:18:19Z,123,181,197,65.43,28.50,986.79 
19/10/2021T17:18:49Z,122,184,198,65.39,28.50,986.80 
19/10/2021T17:19:19Z,122,183,191,65.39,28.50,986.80 
19/10/2021T17:19:49Z,120,179,189,65.37,28.50,986.80 
19/10/2021T17:20:19Z,118,180,193,65.40,28.50,986.80 
19/10/2021T17:20:50Z,119,178,188,65.48,28.48,986.81 
19/10/2021T17:21:21Z,120,179,193,65.47,28.48,986.81 
19/10/2021T17:21:51Z,121,180,194,65.44,28.48,986.81 
19/10/2021T17:22:21Z,119,178,189,65.46,28.47,986.81 
19/10/2021T17:22:51Z,119,182,191,65.49,28.46,986.82 
19/10/2021T17:23:22Z,119,178,191,65.58,28.44,986.82 
19/10/2021T17:23:52Z,116,175,189,65.60,28.43,986.83 
19/10/2021T17:24:23Z,118,179,190,65.52,28.44,986.83 
19/10/2021T17:24:54Z,117,177,188,65.57,28.44,986.83 
19/10/2021T17:25:24Z,118,178,192,65.53,28.43,986.83 
19/10/2021T17:25:55Z,117,174,186,65.57,28.43,986.83 
19/10/2021T17:26:25Z,119,176,193,65.57,28.43,986.84 
19/10/2021T17:26:56Z,116,175,187,65.62,28.41,986.84 
19/10/2021T17:27:26Z,116,177,189,65.64,28.41,986.84 
19/10/2021T17:27:57Z,115,174,185,65.60,28.41,986.83 
19/10/2021T17:28:27Z,117,178,195,65.61,28.41,986.84 
19/10/2021T17:28:57Z,113,172,185,65.59,28.40,986.85 
19/10/2021T17:29:28Z,116,175,188,65.63,28.40,986.85 
19/10/2021T17:29:59Z,116,176,186,65.65,28.40,986.86 
19/10/2021T17:30:29Z,114,173,185,65.62,28.40,986.87 
19/10/2021T17:30:59Z,116,172,184,65.67,28.39,986.87 
19/10/2021T17:31:30Z,115,173,188,65.61,28.39,986.86 
19/10/2021T17:32:01Z,116,176,188,65.68,28.38,986.85 
19/10/2021T17:32:31Z,114,174,182,65.71,28.37,986.86 
19/10/2021T17:33:01Z,112,172,184,65.72,28.37,986.85 
19/10/2021T17:33:31Z,114,168,175,65.69,28.37,986.85 
19/10/2021T17:34:02Z,112,161,173,65.76,28.36,986.85 
19/10/2021T17:34:32Z,112,172,181,65.73,28.36,986.87 
19/10/2021T17:35:02Z,115,174,186,65.68,28.36,986.85 
19/10/2021T17:35:33Z,116,174,186,65.65,28.36,986.86 
19/10/2021T17:36:03Z,113,170,181,65.75,28.35,986.85 
19/10/2021T17:36:33Z,111,168,180,65.76,28.34,986.86 
19/10/2021T17:37:04Z,114,171,181,65.70,28.35,986.86 
19/10/2021T17:37:34Z,112,169,179,65.68,28.34,986.86 
19/10/2021T17:38:05Z,115,170,184,65.69,28.34,986.87 
19/10/2021T17:38:35Z,112,171,185,65.72,28.34,986.87 
19/10/2021T17:39:05Z,114,171,183,65.72,28.34,986.87 
19/10/2021T17:39:36Z,113,171,181,65.76,28.34,986.87 
19/10/2021T17:40:06Z,115,172,188,65.77,28.33,986.89 
19/10/2021T17:40:36Z,115,174,186,65.78,28.33,986.88 
19/10/2021T17:41:07Z,114,170,177,65.76,28.33,986.88 
19/10/2021T17:41:38Z,114,170,179,65.78,28.32,986.88 
19/10/2021T17:42:09Z,112,171,180,65.83,28.31,986.89 
19/10/2021T17:42:39Z,113,168,179,65.81,28.30,986.88 
19/10/2021T17:43:10Z,114,169,180,65.85,28.30,986.87 
19/10/2021T17:43:40Z,112,169,177,65.81,28.30,986.88 
19/10/2021T17:44:10Z,111,165,175,65.77,28.31,986.87 
19/10/2021T17:44:41Z,111,166,178,65.75,28.31,986.86 
19/10/2021T17:45:11Z,109,163,178,65.83,28.29,986.86 
19/10/2021T17:45:41Z,112,169,183,65.83,28.29,986.87 
19/10/2021T17:46:12Z,113,170,181,65.86,28.28,986.86 
19/10/2021T17:46:43Z,111,164,176,65.84,28.28,986.86 
19/10/2021T17:47:13Z,113,168,179,65.84,28.28,986.86 
19/10/2021T17:47:43Z,110,164,175,65.83,28.28,986.86 
19/10/2021T17:48:14Z,111,167,180,65.82,28.28,986.86 
19/10/2021T17:48:45Z,111,168,180,65.91,28.27,986.85 
19/10/2021T17:49:15Z,112,168,178,65.89,28.26,986.84 
19/10/2021T17:49:45Z,109,165,177,65.84,28.27,986.84 
19/10/2021T17:50:16Z,111,169,179,65.85,28.27,986.84 
19/10/2021T17:50:47Z,112,165,174,65.88,28.26,986.83 
19/10/2021T17:51:17Z,112,172,181,65.85,28.26,986.84 
19/10/2021T17:51:48Z,110,169,178,65.85,28.26,986.84 
19/10/2021T17:52:18Z,106,162,170,65.82,28.26,986.84 
19/10/2021T17:52:48Z,109,164,175,65.86,28.25,986.83 
19/10/2021T17:53:19Z,109,169,181,65.87,28.25,986.84 
19/10/2021T17:53:50Z,108,163,176,65.86,28.25,986.84 
19/10/2021T17:54:21Z,107,161,172,65.89,28.24,986.83 
19/10/2021T17:54:51Z,110,163,170,65.87,28.24,986.82 
19/10/2021T17:55:22Z,108,164,176,65.87,28.25,986.83 
19/10/2021T17:55:52Z,109,166,179,65.90,28.24,986.82 
19/10/2021T17:56:22Z,108,166,177,65.90,28.23,986.82 
19/10/2021T17:56:53Z,109,167,177,65.90,28.23,986.84 
19/10/2021T17:57:23Z,108,167,177,65.91,28.23,986.83 
19/10/2021T17:57:53Z,111,167,180,65.91,28.23,986.82 
19/10/2021T17:58:24Z,110,168,176,65.90,28.22,986.83 
19/10/2021T17:58:55Z,109,165,174,65.89,28.22,986.82 
19/10/2021T17:59:25Z,110,168,178,65.90,28.23,986.82 
19/10/2021T17:59:55Z,106,160,171,65.93,28.22,986.82 
19/10/2021T18:00:26Z,107,162,174,65.86,28.22,986.80 
19/10/2021T18:00:56Z,111,167,179,65.91,28.22,986.80 
19/10/2021T18:01:26Z,107,161,170,65.93,28.21,986.80 
19/10/2021T18:01:56Z,110,168,178,65.90,28.21,986.79 
19/10/2021T18:02:27Z,110,160,172,65.99,28.20,986.80 
19/10/2021T18:02:57Z,108,162,178,65.96,28.21,986.80 
19/10/2021T18:03:28Z,107,162,176,65.95,28.21,986.80 
19/10/2021T18:03:59Z,104,158,169,65.92,28.20,986.79 
19/10/2021T18:04:29Z,108,163,175,65.96,28.20,986.78 
19/10/2021T18:04:59Z,107,165,176,65.96,28.20,986.78 
19/10/2021T18:05:30Z,110,164,173,65.94,28.20,986.78 
19/10/2021T18:06:01Z,109,163,176,65.96,28.20,986.78 
19/10/2021T18:06:31Z,107,165,174,66.00,28.19,986.79 
19/10/2021T18:07:02Z,110,165,177,65.99,28.19,986.78 
19/10/2021T18:07:33Z,109,165,176,65.91,28.20,986.79 
19/10/2021T18:08:03Z,110,163,177,65.90,28.20,986.79 
19/10/2021T18:08:54Z,108,163,208,65.96,28.19,986.78 
