24/10/2021T03:05:36Z,103,156,170,66.19,25.57,991.63 
24/10/2021T03:06:07Z,109,167,179,65.64,25.74,991.62 
24/10/2021T03:06:38Z,111,168,186,64.88,25.92,991.65 
24/10/2021T03:07:07Z,111,173,189,63.69,26.03,991.72 
24/10/2021T03:07:37Z,112,174,188,63.40,26.17,991.72 
24/10/2021T03:08:08Z,111,172,191,63.11,26.33,991.75 
24/10/2021T03:08:38Z,110,172,186,62.42,26.45,991.80 
24/10/2021T03:09:08Z,110,176,200,62.10,26.55,991.81 
24/10/2021T03:09:39Z,111,192,248,61.88,26.65,991.82 
24/10/2021T03:10:09Z,112,213,306,61.46,26.73,991.86 
24/10/2021T03:10:39Z,114,218,310,61.09,26.80,991.89 
24/10/2021T03:11:10Z,117,254,412,60.77,26.85,991.91 
24/10/2021T03:11:40Z,120,272,427,60.81,26.84,991.89 
24/10/2021T03:12:10Z,116,247,380,61.25,26.87,991.81 
24/10/2021T03:12:41Z,106,182,234,59.97,26.83,991.98 
24/10/2021T03:13:12Z,113,221,329,60.80,26.87,991.83 
24/10/2021T03:13:42Z,110,207,282,60.96,26.96,991.79 
24/10/2021T03:14:13Z,108,203,281,60.11,26.98,991.94 
24/10/2021T03:14:44Z,108,198,261,60.14,27.00,991.92 
24/10/2021T03:15:14Z,107,192,257,60.08,27.05,991.90 
24/10/2021T03:15:44Z,109,197,264,60.16,27.11,991.86 
24/10/2021T03:16:15Z,106,183,235,59.90,27.16,991.90 
24/10/2021T03:16:45Z,103,173,211,59.69,27.15,991.94 
24/10/2021T03:17:16Z,107,170,211,60.01,27.20,991.86 
24/10/2021T03:17:47Z,104,172,198,59.73,27.26,991.91 
24/10/2021T03:18:17Z,104,167,196,59.63,27.30,991.94 
24/10/2021T03:18:48Z,105,169,198,59.58,27.35,991.93 
24/10/2021T03:19:18Z,104,167,193,59.08,27.36,992.03 
24/10/2021T03:19:49Z,98,151,174,58.52,27.27,992.15 
24/10/2021T03:20:20Z,100,162,186,59.45,27.35,991.93 
24/10/2021T03:20:50Z,99,162,184,58.93,27.37,992.08 
24/10/2021T03:21:21Z,100,158,177,59.04,27.26,992.07 
24/10/2021T03:21:51Z,99,155,169,58.90,27.27,992.11 
24/10/2021T03:22:22Z,97,159,178,59.32,27.31,992.04 
24/10/2021T03:22:53Z,97,150,166,58.93,27.34,992.16 
24/10/2021T03:23:23Z,96,156,173,59.12,27.41,992.15 
24/10/2021T03:23:54Z,97,151,170,58.96,27.45,992.22 
24/10/2021T03:24:24Z,98,153,171,58.90,27.47,992.27 
24/10/2021T03:24:54Z,97,149,168,58.85,27.50,992.34 
24/10/2021T03:25:25Z,97,150,164,58.81,27.53,992.40 
24/10/2021T03:25:56Z,101,155,169,58.56,27.52,992.51 
24/10/2021T03:26:26Z,103,156,170,58.49,27.44,992.56 
24/10/2021T03:26:57Z,99,152,164,58.90,27.47,992.47 
24/10/2021T03:27:28Z,94,146,162,58.11,27.43,992.68 
24/10/2021T03:27:58Z,93,145,160,58.49,27.41,992.56 
24/10/2021T03:28:29Z,89,135,150,58.11,27.38,992.63 
24/10/2021T03:29:00Z,89,135,147,58.19,27.34,992.61 
24/10/2021T03:29:30Z,87,136,155,58.59,27.25,992.56 
24/10/2021T03:30:01Z,88,137,147,58.90,27.34,992.45 
24/10/2021T03:30:31Z,86,135,148,58.71,27.42,992.45 
24/10/2021T03:31:01Z,82,126,140,57.59,27.42,992.72 
24/10/2021T03:31:32Z,78,120,135,57.21,27.29,992.81 
24/10/2021T03:32:03Z,81,125,134,57.41,27.23,992.75 
24/10/2021T03:32:33Z,83,128,138,58.02,27.26,992.56 
24/10/2021T03:33:03Z,83,124,134,57.37,27.21,992.72 
24/10/2021T03:33:34Z,79,121,130,57.57,27.18,992.66 
24/10/2021T03:34:05Z,84,126,135,57.10,27.08,992.81 
24/10/2021T03:34:35Z,82,126,141,58.21,27.06,992.52 
24/10/2021T03:35:06Z,81,127,137,58.32,27.23,992.46 
24/10/2021T03:35:37Z,80,121,134,57.29,27.33,992.71 
24/10/2021T03:36:07Z,79,121,131,56.92,27.32,992.79 
24/10/2021T03:36:38Z,78,117,130,57.11,27.38,992.71 
24/10/2021T03:37:08Z,79,121,131,57.21,27.41,992.65 
24/10/2021T03:37:39Z,83,127,139,56.82,27.39,992.76 
24/10/2021T03:38:09Z,91,138,150,57.00,27.32,992.71 
24/10/2021T03:38:40Z,92,143,158,57.48,27.33,992.55 
24/10/2021T03:39:11Z,107,168,181,57.42,27.31,992.58 
24/10/2021T03:39:41Z,98,152,168,57.67,27.35,992.49 
24/10/2021T03:40:11Z,100,159,173,57.55,27.42,992.48 
24/10/2021T03:40:42Z,106,167,187,58.51,27.40,992.23 
24/10/2021T03:41:12Z,104,161,176,58.35,27.42,992.28 
24/10/2021T03:41:42Z,99,154,168,58.22,27.44,992.31 
24/10/2021T03:42:13Z,96,152,167,58.12,27.50,992.35 
24/10/2021T03:42:43Z,97,152,167,58.01,27.49,992.37 
24/10/2021T03:43:13Z,98,153,169,57.78,27.49,992.45 
24/10/2021T03:43:43Z,95,148,162,57.82,27.52,992.41 
24/10/2021T03:44:13Z,96,149,166,57.85,27.52,992.42 
24/10/2021T03:44:44Z,98,151,164,57.87,27.52,992.41 
24/10/2021T03:45:14Z,95,148,162,58.14,27.52,992.35 
24/10/2021T03:45:44Z,188,278,301,58.63,27.52,992.23 
24/10/2021T03:46:14Z,234,425,482,58.42,27.57,992.31 
24/10/2021T03:46:45Z,248,511,587,58.40,27.59,992.33 
24/10/2021T03:47:15Z,171,286,320,58.40,27.59,992.34 
24/10/2021T03:47:45Z,164,278,317,58.74,27.62,992.27 
24/10/2021T03:48:16Z,171,285,317,58.88,27.60,992.26 
24/10/2021T03:48:46Z,268,509,575,58.92,27.64,992.27 
24/10/2021T03:49:17Z,247,473,547,58.67,27.67,992.36 
24/10/2021T03:49:48Z,275,620,734,58.61,27.70,992.40 
24/10/2021T03:50:18Z,263,579,688,58.49,27.73,992.44 
24/10/2021T03:50:48Z,247,534,629,58.53,27.71,992.45 
24/10/2021T03:51:19Z,243,520,614,58.47,27.73,992.49 
24/10/2021T03:51:50Z,179,340,393,58.23,27.72,992.55 
24/10/2021T03:52:20Z,205,443,538,58.18,27.73,992.57 
24/10/2021T03:52:51Z,188,388,466,57.91,27.73,992.65 
24/10/2021T03:53:21Z,167,329,402,58.21,27.67,992.58 
24/10/2021T03:53:51Z,200,424,517,58.24,27.72,992.57 
24/10/2021T03:54:22Z,196,418,512,57.86,27.69,992.67 
24/10/2021T03:54:53Z,135,250,294,57.41,27.55,992.85 
24/10/2021T03:55:23Z,238,582,747,58.24,27.61,992.57 
24/10/2021T03:55:53Z,254,644,822,58.24,27.66,992.56 
24/10/2021T03:56:24Z,243,640,812,57.98,27.67,992.62 
24/10/2021T03:56:54Z,254,702,929,58.00,27.71,992.63 
24/10/2021T03:57:24Z,259,754,990,57.78,27.76,992.69 
24/10/2021T03:57:54Z,236,619,793,57.17,27.77,992.84 
24/10/2021T03:58:25Z,197,458,580,56.51,27.75,993.04 
24/10/2021T03:58:55Z,174,392,497,56.36,27.62,993.08 
24/10/2021T03:59:26Z,223,526,658,56.95,27.68,992.86 
24/10/2021T03:59:56Z,202,443,546,56.99,27.64,992.86 
24/10/2021T04:00:27Z,208,464,581,57.03,27.67,992.83 
24/10/2021T04:00:57Z,189,392,476,56.71,27.66,992.93 
24/10/2021T04:01:27Z,210,497,621,57.12,27.66,992.80 
24/10/2021T04:01:58Z,253,723,934,57.33,27.66,992.75 
24/10/2021T04:02:29Z,254,674,858,57.03,27.75,992.81 
24/10/2021T04:02:59Z,257,713,932,56.42,27.77,992.99 
24/10/2021T04:03:30Z,251,666,868,56.33,27.77,993.02 
24/10/2021T04:04:00Z,256,770,1017,56.30,27.74,993.03 
24/10/2021T04:04:31Z,261,766,999,56.59,27.73,992.92 
24/10/2021T04:05:01Z,255,740,961,56.75,27.78,992.86 
24/10/2021T04:05:32Z,230,1361,392,56.72,27.80,992.84 
24/10/2021T04:06:02Z,253,883,1184,56.05,27.72,993.10 
24/10/2021T04:06:32Z,241,664,850,56.27,27.67,993.02 
24/10/2021T04:07:02Z,188,426,516,55.89,27.56,993.15 
24/10/2021T04:07:33Z,240,601,767,56.50,27.56,992.95 
24/10/2021T04:08:04Z,188,410,507,56.62,27.57,992.89 
24/10/2021T04:08:35Z,190,423,526,56.84,27.55,992.82 
24/10/2021T04:09:05Z,194,511,654,57.18,27.52,992.71 
24/10/2021T04:09:36Z,263,1011,1366,57.57,27.58,992.57 
24/10/2021T04:10:06Z,198,504,658,57.06,27.48,992.74 
24/10/2021T04:10:37Z,265,1005,1392,56.97,27.53,992.78 
24/10/2021T04:11:07Z,256,826,1111,56.78,27.54,992.83 
24/10/2021T04:11:37Z,254,733,960,56.96,27.63,992.74 
24/10/2021T04:12:07Z,203,511,651,57.15,27.57,992.70 
24/10/2021T04:12:38Z,201,504,639,56.77,27.56,992.77 
24/10/2021T04:13:08Z,237,750,1003,56.78,27.55,992.82 
24/10/2021T04:13:38Z,227,660,848,56.30,27.52,992.96 
24/10/2021T04:14:08Z,212,858,1183,56.57,27.56,992.81 
24/10/2021T04:14:39Z,185,642,880,56.84,27.51,992.76 
24/10/2021T04:15:09Z,266,1077,1508,57.51,27.66,992.49 
24/10/2021T04:15:40Z,262,893,1193,57.01,27.75,992.61 
24/10/2021T04:16:10Z,250,957,1317,57.04,27.79,992.61 
24/10/2021T04:16:40Z,259,1083,1515,56.61,27.82,992.70 
24/10/2021T04:17:11Z,260,873,1153,56.36,27.79,992.78 
24/10/2021T04:17:41Z,244,768,1000,56.48,27.77,992.75 
24/10/2021T04:18:12Z,258,768,998,57.18,27.75,992.52 
24/10/2021T04:18:42Z,263,1078,1498,56.69,27.82,992.65 
24/10/2021T04:19:13Z,268,923,1210,56.86,27.85,992.60 
24/10/2021T04:19:43Z,181,485,615,55.75,27.75,992.95 
24/10/2021T04:20:13Z,241,729,939,56.04,27.67,992.88 
24/10/2021T04:20:44Z,270,906,1179,56.66,27.69,992.64 
24/10/2021T04:21:14Z,250,852,1111,57.35,27.70,992.45 
24/10/2021T04:21:45Z,239,804,1049,56.82,27.72,992.60 
24/10/2021T04:22:15Z,262,1184,1617,57.26,27.82,992.43 
24/10/2021T04:22:46Z,268,1091,1477,56.69,27.89,992.58 
24/10/2021T04:23:17Z,267,976,1306,56.52,27.86,992.65 
24/10/2021T04:23:47Z,259,1004,1369,56.38,27.88,992.68 
24/10/2021T04:24:18Z,268,1145,1541,56.84,27.92,992.54 
24/10/2021T04:24:48Z,279,1032,1367,56.43,27.95,992.64 
24/10/2021T04:25:19Z,249,762,996,56.25,27.89,992.69 
24/10/2021T04:25:49Z,183,369,429,56.39,27.73,992.68 
24/10/2021T04:26:19Z,263,764,971,57.23,27.75,992.41 
24/10/2021T04:26:50Z,238,565,665,57.03,27.69,992.47 
24/10/2021T04:27:20Z,234,592,734,57.18,27.68,992.43 
24/10/2021T04:27:51Z,282,793,982,57.84,27.75,992.23 
24/10/2021T04:28:21Z,268,740,909,57.55,27.81,992.29 
24/10/2021T04:28:51Z,253,709,886,57.56,27.89,992.30 
24/10/2021T04:29:22Z,243,589,733,57.03,27.91,992.44 
24/10/2021T04:29:53Z,262,674,830,57.33,27.98,992.32 
24/10/2021T04:30:23Z,267,709,866,57.35,28.03,992.30 
24/10/2021T04:30:53Z,234,515,614,57.77,28.04,992.18 
24/10/2021T04:31:24Z,227,480,571,57.62,28.05,992.24 
24/10/2021T04:31:54Z,170,333,391,57.69,28.05,992.21 
24/10/2021T04:32:24Z,203,402,470,58.17,28.07,992.05 
24/10/2021T04:32:55Z,221,469,562,58.43,28.08,992.05 
24/10/2021T04:33:26Z,199,401,475,59.11,28.14,991.92 
24/10/2021T04:33:56Z,168,301,336,58.79,28.02,992.08 
24/10/2021T04:34:27Z,204,406,477,59.69,28.10,991.89 
24/10/2021T04:34:57Z,159,296,340,58.87,28.10,992.10 
24/10/2021T04:35:28Z,129,214,235,58.32,28.03,992.24 
24/10/2021T04:35:58Z,144,250,279,58.07,28.02,992.29 
24/10/2021T04:36:28Z,171,313,354,57.95,28.02,992.32 
24/10/2021T04:36:58Z,200,403,468,58.59,28.11,992.10 
24/10/2021T04:37:28Z,161,293,335,58.93,28.15,992.01 
24/10/2021T04:37:59Z,203,393,455,59.23,28.21,991.96 
24/10/2021T04:38:30Z,196,363,413,58.99,28.20,992.03 
24/10/2021T04:39:01Z,179,334,394,59.41,28.17,991.96 
24/10/2021T04:39:31Z,182,348,414,59.54,28.25,991.96 
24/10/2021T04:40:01Z,173,314,364,59.34,28.26,992.02 
24/10/2021T04:40:31Z,132,227,258,57.50,28.21,992.44 
24/10/2021T04:41:02Z,140,246,279,57.15,28.16,992.52 
24/10/2021T04:41:32Z,172,318,358,58.18,28.17,992.23 
24/10/2021T04:42:03Z,172,317,364,58.40,28.27,992.14 
24/10/2021T04:42:34Z,144,248,280,58.69,28.34,992.09 
24/10/2021T04:43:05Z,170,303,352,58.39,28.45,992.15 
24/10/2021T04:43:35Z,175,320,368,58.33,28.54,992.13 
24/10/2021T04:44:06Z,176,333,397,57.60,28.61,992.31 
24/10/2021T04:44:36Z,156,271,312,57.50,28.58,992.31 
24/10/2021T04:45:07Z,147,255,284,56.62,28.52,992.54 
24/10/2021T04:45:38Z,152,268,304,56.85,28.40,992.45 
24/10/2021T04:46:08Z,141,237,268,56.73,28.36,992.45 
24/10/2021T04:46:38Z,136,235,270,57.03,28.33,992.33 
24/10/2021T04:47:09Z,125,211,233,56.86,28.28,992.40 
24/10/2021T04:47:40Z,127,212,236,57.86,28.33,992.10 
24/10/2021T04:48:11Z,140,243,275,57.95,28.39,992.05 
24/10/2021T04:48:41Z,132,222,244,57.20,28.35,992.28 
24/10/2021T04:49:11Z,126,203,222,57.58,28.26,992.15 
24/10/2021T04:49:42Z,133,212,232,57.59,28.13,992.18 
24/10/2021T04:50:12Z,136,222,248,57.77,28.11,992.15 
24/10/2021T04:50:42Z,134,217,241,58.37,28.09,991.99 
24/10/2021T04:51:12Z,130,207,229,58.36,28.08,991.99 
24/10/2021T04:51:43Z,139,226,251,58.67,28.06,991.92 
24/10/2021T04:52:13Z,144,235,262,59.29,28.13,991.80 
24/10/2021T04:52:44Z,139,234,261,59.19,28.24,991.86 
24/10/2021T04:53:14Z,145,240,261,58.64,28.28,991.98 
24/10/2021T04:53:45Z,137,218,239,58.65,28.18,991.98 
24/10/2021T04:54:15Z,125,196,217,58.47,28.15,992.01 
24/10/2021T04:54:46Z,128,202,221,59.25,28.15,991.84 
24/10/2021T04:55:16Z,130,210,230,58.79,28.17,991.96 
24/10/2021T04:55:46Z,132,218,242,57.99,28.19,992.15 
24/10/2021T04:56:16Z,133,220,240,58.02,28.17,992.13 
24/10/2021T04:56:46Z,133,213,237,58.11,28.15,992.10 
24/10/2021T04:57:17Z,128,203,221,58.08,28.12,992.09 
24/10/2021T04:57:47Z,133,211,228,58.46,28.12,991.99 
24/10/2021T04:58:18Z,132,211,227,58.45,28.16,991.96 
24/10/2021T04:58:49Z,140,225,244,58.30,28.13,992.00 
24/10/2021T04:59:20Z,162,272,306,58.18,28.05,992.07 
24/10/2021T04:59:50Z,139,226,251,58.56,28.08,991.96 
24/10/2021T05:00:21Z,137,218,244,59.08,28.18,991.81 
24/10/2021T05:00:51Z,140,226,250,58.73,28.30,991.88 
24/10/2021T05:01:22Z,136,219,243,58.78,28.38,991.86 
24/10/2021T05:01:52Z,139,221,246,58.82,28.39,991.85 
24/10/2021T05:02:22Z,139,220,243,58.27,28.47,991.97 
24/10/2021T05:02:53Z,135,213,235,58.80,28.54,991.82 
24/10/2021T05:03:23Z,133,214,235,58.53,28.57,991.89 
24/10/2021T05:03:54Z,136,218,240,58.37,28.61,991.93 
24/10/2021T05:04:25Z,134,217,246,58.36,28.62,991.93 
24/10/2021T05:04:55Z,150,255,287,57.80,28.53,992.07 
24/10/2021T05:05:25Z,158,270,305,58.46,28.44,991.90 
24/10/2021T05:05:56Z,189,337,390,57.55,28.35,992.15 
24/10/2021T05:06:27Z,151,256,282,57.57,28.21,992.16 
24/10/2021T05:06:58Z,139,220,241,57.11,28.14,992.28 
24/10/2021T05:07:28Z,152,253,283,57.69,28.05,992.13 
24/10/2021T05:07:58Z,153,254,293,58.40,28.06,991.91 
24/10/2021T05:08:29Z,138,223,250,58.16,28.07,991.98 
24/10/2021T05:08:59Z,137,222,249,57.44,28.04,992.15 
24/10/2021T05:09:29Z,156,264,293,57.41,28.00,992.18 
24/10/2021T05:09:59Z,156,262,292,58.10,28.07,991.93 
24/10/2021T05:10:29Z,167,287,324,57.89,28.14,991.97 
24/10/2021T05:11:00Z,184,324,364,57.85,28.10,991.98 
24/10/2021T05:11:30Z,174,295,327,58.12,28.18,991.87 
24/10/2021T05:12:00Z,218,396,449,57.79,28.21,991.95 
24/10/2021T05:12:31Z,221,418,479,57.79,28.21,991.96 
24/10/2021T05:13:01Z,190,334,374,58.24,28.22,991.81 
24/10/2021T05:13:31Z,184,309,340,57.96,28.26,991.89 
24/10/2021T05:14:02Z,173,285,323,58.13,28.40,991.82 
24/10/2021T05:14:32Z,147,234,261,57.14,28.38,992.06 
24/10/2021T05:15:03Z,141,226,249,57.96,28.41,991.82 
24/10/2021T05:15:34Z,145,231,258,57.67,28.44,991.89 
24/10/2021T05:16:05Z,200,340,381,57.90,28.44,991.82 
24/10/2021T05:16:35Z,185,317,353,58.57,28.54,991.64 
24/10/2021T05:17:05Z,159,254,284,57.42,28.54,991.95 
24/10/2021T05:17:36Z,154,241,265,56.83,28.46,992.10 
24/10/2021T05:18:06Z,161,257,284,58.53,28.56,991.63 
24/10/2021T05:18:37Z,160,244,268,56.85,28.51,992.06 
24/10/2021T05:19:08Z,150,235,257,57.48,28.51,991.88 
24/10/2021T05:19:38Z,156,253,272,56.01,28.43,992.27 
24/10/2021T05:20:09Z,166,272,301,57.40,28.39,991.90 
24/10/2021T05:20:39Z,154,247,274,57.94,28.51,991.69 
24/10/2021T05:21:10Z,143,232,253,57.62,28.51,991.77 
24/10/2021T05:21:40Z,142,232,253,57.31,28.52,991.85 
24/10/2021T05:22:11Z,140,221,240,57.38,28.54,991.82 
24/10/2021T05:22:41Z,143,225,251,55.80,28.46,992.24 
24/10/2021T05:23:12Z,175,287,317,56.18,28.31,992.15 
24/10/2021T05:23:42Z,168,277,306,56.65,28.26,991.99 
24/10/2021T05:24:13Z,172,289,323,56.81,28.24,991.94 
24/10/2021T05:24:43Z,161,271,299,57.34,28.24,991.80 
24/10/2021T05:25:14Z,162,266,291,57.88,28.29,991.63 
24/10/2021T05:25:44Z,163,271,299,57.85,28.34,991.64 
24/10/2021T05:26:14Z,163,275,309,57.55,28.42,991.71 
24/10/2021T05:26:45Z,154,257,283,57.56,28.41,991.71 
24/10/2021T05:27:15Z,149,240,261,57.38,28.37,991.77 
24/10/2021T05:27:45Z,141,226,252,57.94,28.48,991.57 
24/10/2021T05:28:16Z,131,210,231,57.63,28.49,991.66 
24/10/2021T05:28:46Z,133,215,237,57.76,28.52,991.62 
24/10/2021T05:29:16Z,134,221,244,57.87,28.58,991.58 
24/10/2021T05:29:47Z,123,194,213,57.13,28.58,991.79 
24/10/2021T05:30:17Z,122,196,212,57.24,28.56,991.75 
24/10/2021T05:30:48Z,120,190,205,56.66,28.53,991.89 
24/10/2021T05:31:18Z,116,181,193,55.41,28.38,992.24 
24/10/2021T05:31:49Z,119,189,216,56.82,28.33,991.83 
24/10/2021T05:32:19Z,127,200,217,57.08,28.33,991.70 
24/10/2021T05:32:50Z,122,193,211,57.27,28.36,991.67 
24/10/2021T05:33:20Z,122,196,214,56.45,28.36,991.90 
24/10/2021T05:33:50Z,114,176,196,56.70,28.35,991.83 
24/10/2021T05:34:20Z,128,203,224,56.51,28.34,991.87 
24/10/2021T05:34:51Z,123,198,213,57.51,28.35,991.59 
24/10/2021T05:35:22Z,124,200,218,57.54,28.43,991.56 
24/10/2021T05:35:52Z,133,216,236,58.02,28.43,991.45 
24/10/2021T05:36:23Z,147,239,269,58.83,28.39,991.33 
24/10/2021T05:36:53Z,137,227,254,59.05,28.40,991.35 
24/10/2021T05:37:23Z,127,209,232,58.07,28.46,991.58 
24/10/2021T05:37:54Z,124,201,223,58.19,28.47,991.55 
24/10/2021T05:38:25Z,115,185,202,57.62,28.44,991.69 
24/10/2021T05:38:55Z,117,185,201,58.76,28.52,991.40 
24/10/2021T05:39:26Z,113,180,192,58.61,28.55,991.46 
24/10/2021T05:39:56Z,119,188,204,58.04,28.48,991.60 
24/10/2021T05:40:26Z,121,191,207,58.19,28.45,991.59 
24/10/2021T05:40:56Z,118,188,206,58.79,28.56,991.43 
24/10/2021T05:41:25Z,113,183,199,57.95,28.60,991.63 
24/10/2021T05:41:56Z,111,172,186,57.83,28.56,991.64 
24/10/2021T05:42:26Z,115,180,198,58.52,28.59,991.48 
24/10/2021T05:42:57Z,112,175,191,58.07,28.59,991.59 
24/10/2021T05:43:28Z,109,172,189,58.50,28.63,991.49 
24/10/2021T05:43:58Z,107,169,180,57.61,28.63,991.67 
24/10/2021T05:44:29Z,106,162,176,57.94,28.57,991.58 
24/10/2021T05:44:59Z,107,164,177,58.22,28.62,991.51 
24/10/2021T05:45:29Z,107,165,184,58.41,28.67,991.45 
24/10/2021T05:45:59Z,105,161,173,58.58,28.72,991.40 
24/10/2021T05:46:30Z,108,169,181,58.19,28.73,991.50 
24/10/2021T05:47:01Z,102,154,162,57.44,28.60,991.69 
24/10/2021T05:47:31Z,101,158,167,58.48,28.63,991.41 
24/10/2021T05:48:01Z,103,162,172,58.50,28.68,991.41 
24/10/2021T05:48:31Z,105,160,172,57.69,28.66,991.59 
24/10/2021T05:49:02Z,105,159,175,57.33,28.53,991.68 
24/10/2021T05:49:32Z,100,156,171,57.29,28.50,991.68 
24/10/2021T05:50:03Z,99,152,161,57.49,28.48,991.61 
24/10/2021T05:50:34Z,102,157,168,57.12,28.38,991.71 
24/10/2021T05:51:04Z,104,156,166,57.89,28.39,991.51 
24/10/2021T05:51:35Z,112,168,177,57.34,28.36,991.64 
24/10/2021T05:52:05Z,103,154,165,58.29,28.42,991.36 
24/10/2021T05:52:36Z,107,161,172,57.71,28.44,991.50 
24/10/2021T05:53:06Z,165,236,249,57.52,28.42,991.56 
24/10/2021T05:53:36Z,128,190,199,57.99,28.48,991.43 
24/10/2021T05:54:07Z,139,203,221,57.64,28.50,991.51 
24/10/2021T05:54:37Z,154,220,232,57.80,28.47,991.50 
24/10/2021T05:55:07Z,145,211,221,58.21,28.49,991.38 
24/10/2021T05:55:38Z,126,188,202,58.07,28.54,991.43 
24/10/2021T05:56:09Z,121,176,188,58.11,28.58,991.41 
24/10/2021T05:56:39Z,118,173,184,57.79,28.58,991.49 
24/10/2021T05:57:10Z,121,180,194,57.78,28.47,991.49 
24/10/2021T05:57:41Z,114,169,184,58.23,28.48,991.37 
24/10/2021T05:58:11Z,106,162,171,57.93,28.50,991.47 
24/10/2021T05:58:41Z,107,159,171,58.32,28.59,991.36 
24/10/2021T05:59:11Z,105,159,167,57.65,28.64,991.50 
24/10/2021T05:59:41Z,101,148,159,57.21,28.63,991.62 
24/10/2021T06:00:13Z,103,156,162,57.74,28.68,991.48 
24/10/2021T06:00:43Z,103,158,170,57.62,28.71,991.49 
24/10/2021T06:01:14Z,101,154,165,57.78,28.67,991.45 
24/10/2021T06:01:44Z,105,161,174,59.10,28.70,991.16 
24/10/2021T06:02:15Z,108,165,177,58.94,28.70,991.21 
24/10/2021T06:02:45Z,110,172,182,59.19,28.71,991.17 
24/10/2021T06:03:16Z,113,175,188,58.97,28.65,991.23 
24/10/2021T06:03:46Z,108,168,184,59.03,28.71,991.21 
24/10/2021T06:04:17Z,106,165,180,58.62,28.76,991.30 
24/10/2021T06:04:47Z,100,150,161,57.96,28.79,991.45 
24/10/2021T06:05:17Z,99,149,161,56.67,28.71,991.74 
24/10/2021T06:05:48Z,92,139,148,56.26,28.68,991.80 
24/10/2021T06:06:18Z,95,143,154,57.14,28.70,991.53 
24/10/2021T06:06:48Z,91,139,148,56.81,28.71,991.58 
24/10/2021T06:07:19Z,89,135,147,56.46,28.76,991.68 
24/10/2021T06:07:50Z,87,130,140,55.87,28.76,991.83 
24/10/2021T06:08:20Z,86,129,138,56.26,28.71,991.68 
24/10/2021T06:08:51Z,88,136,148,57.31,28.76,991.38 
24/10/2021T06:09:22Z,87,132,147,56.59,28.78,991.55 
24/10/2021T06:09:52Z,88,134,142,56.62,28.78,991.53 
24/10/2021T06:10:22Z,87,133,143,56.83,28.81,991.45 
24/10/2021T06:10:53Z,87,134,144,56.40,28.83,991.53 
24/10/2021T06:11:23Z,82,118,128,54.55,28.80,992.12 
24/10/2021T06:11:53Z,83,123,132,55.79,28.82,991.69 
24/10/2021T06:12:24Z,81,124,138,54.90,28.82,991.95 
24/10/2021T06:12:54Z,79,119,127,54.85,28.82,991.95 
24/10/2021T06:13:24Z,81,120,129,54.43,28.78,992.08 
24/10/2021T06:13:55Z,82,122,134,55.21,28.75,991.81 
24/10/2021T06:14:25Z,80,122,131,55.60,28.77,991.62 
24/10/2021T06:14:56Z,77,118,127,54.32,28.76,992.03 
24/10/2021T06:15:26Z,74,112,121,54.24,28.67,992.10 
24/10/2021T06:15:56Z,80,120,130,55.16,28.69,991.75 
24/10/2021T06:16:27Z,78,116,128,55.64,28.75,991.56 
24/10/2021T06:16:58Z,77,115,123,55.37,28.79,991.62 
24/10/2021T06:17:28Z,77,116,128,54.89,28.78,991.78 
24/10/2021T06:17:58Z,80,121,132,55.26,28.76,991.66 
24/10/2021T06:18:29Z,78,118,127,55.25,28.73,991.65 
24/10/2021T06:18:59Z,78,116,126,55.24,28.74,991.63 
24/10/2021T06:19:30Z,78,117,129,55.47,28.73,991.57 
24/10/2021T06:20:01Z,78,115,123,54.24,28.72,991.95 
24/10/2021T06:20:32Z,80,124,134,55.47,28.74,991.54 
24/10/2021T06:21:02Z,100,144,156,55.63,28.65,991.51 
24/10/2021T06:21:32Z,107,156,165,56.18,28.62,991.33 
24/10/2021T06:22:03Z,86,127,139,56.32,28.73,991.25 
24/10/2021T06:22:33Z,84,126,136,55.56,28.77,991.50 
24/10/2021T06:23:04Z,84,125,131,55.81,28.73,991.43 
24/10/2021T06:23:35Z,83,124,133,55.71,28.72,991.42 
24/10/2021T06:24:05Z,85,130,142,56.31,28.69,991.28 
24/10/2021T06:24:36Z,86,132,139,56.89,28.70,991.08 
24/10/2021T06:25:07Z,86,126,132,56.65,28.78,991.14 
24/10/2021T06:25:37Z,76,113,125,54.34,28.76,991.85 
24/10/2021T06:26:07Z,76,115,123,55.37,28.76,991.59 
24/10/2021T06:26:37Z,75,114,122,55.31,28.79,991.54 
24/10/2021T06:27:07Z,75,113,120,55.51,28.82,991.47 
24/10/2021T06:27:38Z,76,113,121,55.16,28.87,991.54 
24/10/2021T06:28:08Z,70,111,120,54.47,28.86,991.82 
24/10/2021T06:28:38Z,70,108,115,55.13,28.87,991.59 
24/10/2021T06:29:08Z,69,103,109,54.28,28.88,991.84 
24/10/2021T06:29:39Z,70,106,113,54.82,28.91,991.66 
24/10/2021T06:30:09Z,71,104,110,54.73,28.92,991.66 
24/10/2021T06:30:39Z,69,107,116,54.54,28.89,991.75 
24/10/2021T06:31:09Z,69,103,112,55.30,28.90,991.48 
24/10/2021T06:31:40Z,71,104,110,55.71,28.96,991.29 
24/10/2021T06:32:11Z,76,112,122,55.42,29.01,991.39 
24/10/2021T06:32:42Z,71,108,114,55.41,29.04,991.37 
24/10/2021T06:33:12Z,74,108,115,55.55,29.09,991.32 
24/10/2021T06:33:43Z,71,106,112,55.68,29.13,991.22 
24/10/2021T06:34:14Z,74,111,120,55.18,29.17,991.41 
24/10/2021T06:34:44Z,86,127,137,55.44,29.20,991.32 
24/10/2021T06:35:15Z,79,120,129,55.61,29.23,991.22 
24/10/2021T06:35:45Z,100,146,155,54.64,29.22,991.56 
24/10/2021T06:36:16Z,113,170,182,54.98,29.16,991.49 
24/10/2021T06:36:46Z,101,151,164,56.01,29.13,991.12 
24/10/2021T06:37:16Z,92,134,144,55.41,29.19,991.28 
24/10/2021T06:37:47Z,102,153,165,54.99,29.17,991.45 
24/10/2021T06:38:17Z,107,155,162,56.46,29.21,990.99 
24/10/2021T06:38:48Z,115,169,185,56.40,29.28,990.95 
24/10/2021T06:39:19Z,148,230,251,56.76,29.32,990.85 
24/10/2021T06:39:50Z,145,216,231,55.75,29.29,991.18 
24/10/2021T06:40:20Z,129,191,205,55.11,29.26,991.40 
24/10/2021T06:40:51Z,120,180,193,55.46,29.29,991.24 
24/10/2021T06:41:21Z,119,177,195,55.63,29.31,991.19 
24/10/2021T06:41:51Z,117,176,190,55.28,29.31,991.29 
24/10/2021T06:42:22Z,119,173,185,55.26,29.29,991.30 
24/10/2021T06:42:52Z,117,176,189,55.65,29.27,991.17 
24/10/2021T06:43:23Z,119,177,193,55.85,29.29,991.09 
24/10/2021T06:43:54Z,138,217,233,56.29,29.25,990.96 
24/10/2021T06:44:24Z,144,223,241,56.11,29.23,991.03 
24/10/2021T06:44:54Z,141,219,239,56.26,29.22,991.00 
24/10/2021T06:45:25Z,151,228,245,56.13,29.18,991.05 
24/10/2021T06:45:55Z,139,210,229,55.60,29.17,991.18 
24/10/2021T06:46:25Z,128,190,208,55.84,29.20,991.13 
24/10/2021T06:46:56Z,121,182,199,56.28,29.25,990.98 
24/10/2021T06:47:26Z,122,181,196,56.69,29.23,990.85 
24/10/2021T06:47:56Z,120,180,195,56.10,29.21,991.05 
24/10/2021T06:48:26Z,117,176,195,56.28,29.22,990.98 
24/10/2021T06:48:57Z,124,190,207,55.36,29.19,991.27 
24/10/2021T06:49:28Z,131,200,217,54.32,29.08,991.66 
24/10/2021T06:49:58Z,118,181,202,55.31,29.04,991.33 
24/10/2021T06:50:28Z,117,177,195,55.79,29.00,991.12 
24/10/2021T06:50:59Z,111,169,183,56.20,28.88,991.04 
24/10/2021T06:51:29Z,114,169,191,56.93,28.84,990.83 
24/10/2021T06:51:59Z,117,181,194,57.22,28.77,990.76 
24/10/2021T06:52:30Z,113,177,187,57.25,28.86,990.77 
24/10/2021T06:53:00Z,110,169,181,56.45,28.93,991.01 
24/10/2021T06:53:31Z,96,145,158,55.64,28.89,991.26 
24/10/2021T06:54:02Z,101,150,162,56.38,28.96,990.98 
24/10/2021T06:54:33Z,100,153,164,56.17,28.95,991.06 
24/10/2021T06:55:03Z,107,161,174,56.54,28.96,990.91 
24/10/2021T06:55:33Z,107,164,177,56.51,29.01,990.88 
24/10/2021T06:56:03Z,98,150,160,55.75,29.05,991.12 
24/10/2021T06:56:34Z,93,143,152,55.63,29.02,991.20 
24/10/2021T06:57:04Z,99,150,161,56.10,29.07,990.98 
24/10/2021T06:57:34Z,90,132,141,55.36,29.09,991.19 
24/10/2021T06:58:04Z,88,131,143,55.32,29.10,991.22 
24/10/2021T06:58:34Z,96,148,159,56.08,29.12,990.92 
24/10/2021T06:59:05Z,80,119,129,54.11,29.11,991.49 
24/10/2021T06:59:35Z,72,108,115,53.56,29.07,991.72 
24/10/2021T07:00:06Z,75,113,122,54.46,29.05,991.42 
24/10/2021T07:00:37Z,87,131,143,55.72,29.08,990.92 
24/10/2021T07:01:07Z,92,135,148,56.23,29.16,990.72 
24/10/2021T07:01:38Z,79,122,130,55.29,29.10,991.07 
24/10/2021T07:02:08Z,83,127,136,56.76,29.06,990.64 
24/10/2021T07:02:38Z,86,130,140,56.83,29.15,990.58 
24/10/2021T07:03:09Z,85,128,138,56.38,29.21,990.71 
24/10/2021T07:03:40Z,84,128,143,56.32,29.24,990.73 
24/10/2021T07:04:10Z,84,122,133,56.14,29.24,990.78 
24/10/2021T07:04:40Z,78,121,132,55.73,29.17,990.96 
24/10/2021T07:05:11Z,80,118,128,55.81,29.12,990.89 
24/10/2021T07:05:42Z,88,127,137,54.14,29.10,991.39 
24/10/2021T07:06:12Z,71,105,113,54.33,29.11,991.39 
24/10/2021T07:06:43Z,78,115,125,55.50,29.15,990.92 
24/10/2021T07:07:13Z,79,118,125,56.12,29.19,990.70 
24/10/2021T07:07:43Z,77,114,125,55.43,29.16,990.93 
24/10/2021T07:08:13Z,78,113,119,55.88,29.15,990.76 
24/10/2021T07:08:44Z,79,117,125,56.16,29.19,990.69 
24/10/2021T07:09:14Z,79,121,134,56.23,29.23,990.64 
24/10/2021T07:09:45Z,78,118,134,56.03,29.26,990.73 
24/10/2021T07:10:15Z,76,113,123,55.33,29.26,990.94 
24/10/2021T07:10:46Z,79,122,131,55.80,29.19,990.82 
24/10/2021T07:11:16Z,82,122,134,56.88,29.16,990.49 
24/10/2021T07:11:47Z,78,118,131,56.50,29.18,990.56 
24/10/2021T07:12:17Z,78,115,124,55.50,29.19,990.91 
24/10/2021T07:12:47Z,74,112,121,54.81,29.20,991.13 
24/10/2021T07:13:17Z,74,112,123,56.15,29.25,990.66 
24/10/2021T07:13:47Z,70,107,115,54.77,29.25,991.06 
24/10/2021T07:14:17Z,71,106,117,54.64,29.27,991.09 
24/10/2021T07:14:48Z,71,108,114,54.83,29.22,991.05 
24/10/2021T07:15:18Z,71,107,113,55.16,29.19,990.92 
24/10/2021T07:15:49Z,72,109,120,55.60,29.15,990.77 
24/10/2021T07:16:19Z,72,105,113,55.90,29.14,990.65 
24/10/2021T07:16:50Z,70,106,115,56.21,29.18,990.56 
24/10/2021T07:17:21Z,70,105,114,54.82,29.17,991.01 
24/10/2021T07:17:51Z,71,107,115,55.70,29.17,990.73 
24/10/2021T07:18:22Z,71,106,113,55.82,29.23,990.64 
24/10/2021T07:18:52Z,69,103,110,55.19,29.23,990.89 
24/10/2021T07:19:23Z,70,106,115,55.72,29.24,990.71 
24/10/2021T07:19:53Z,73,107,114,55.98,29.20,990.59 
24/10/2021T07:20:24Z,75,112,126,56.37,29.10,990.49 
24/10/2021T07:20:54Z,77,114,124,56.70,29.03,990.42 
24/10/2021T07:21:25Z,76,115,123,56.81,29.06,990.40 
24/10/2021T07:21:55Z,73,113,120,56.60,29.13,990.45 
24/10/2021T07:22:26Z,72,107,119,56.56,29.22,990.43 
24/10/2021T07:22:57Z,70,107,114,55.72,29.22,990.70 
24/10/2021T07:23:27Z,69,103,110,55.81,29.21,990.70 
24/10/2021T07:23:58Z,74,109,120,55.96,29.21,990.64 
24/10/2021T07:24:28Z,75,114,122,56.15,29.23,990.55 
24/10/2021T07:24:58Z,76,115,123,55.89,29.27,990.61 
24/10/2021T07:25:29Z,76,120,128,56.10,29.30,990.52 
24/10/2021T07:26:00Z,85,132,142,56.12,29.22,990.53 
24/10/2021T07:26:30Z,82,122,130,56.92,29.16,990.29 
24/10/2021T07:27:00Z,79,119,129,56.19,29.16,990.53 
24/10/2021T07:27:31Z,77,119,128,56.97,29.16,990.30 
24/10/2021T07:28:02Z,76,114,121,57.05,29.18,990.29 
24/10/2021T07:28:32Z,83,125,135,57.37,29.19,990.19 
24/10/2021T07:29:02Z,100,149,160,57.60,29.20,990.14 
24/10/2021T07:29:33Z,116,172,182,57.80,29.18,990.17 
24/10/2021T07:30:04Z,111,163,173,58.08,29.22,990.12 
24/10/2021T07:30:34Z,107,154,165,57.83,29.22,990.21 
24/10/2021T07:31:04Z,101,145,152,57.63,29.21,990.25 
24/10/2021T07:31:35Z,95,142,151,57.18,29.20,990.41 
24/10/2021T07:32:05Z,93,137,146,57.86,29.22,990.20 
24/10/2021T07:32:36Z,90,135,143,57.30,29.20,990.37 
24/10/2021T07:33:07Z,89,134,145,57.94,29.21,990.17 
24/10/2021T07:33:37Z,84,126,134,57.51,29.19,990.29 
24/10/2021T07:34:08Z,86,132,139,58.10,29.16,990.13 
24/10/2021T07:34:38Z,82,123,129,57.95,29.15,990.19 
24/10/2021T07:35:08Z,85,126,134,58.14,29.11,990.14 
24/10/2021T07:35:39Z,88,130,140,58.41,29.04,990.09 
24/10/2021T07:36:10Z,86,128,140,58.81,29.06,990.02 
24/10/2021T07:36:40Z,84,127,137,58.73,29.08,990.03 
24/10/2021T07:37:11Z,79,120,128,57.00,29.09,990.45 
24/10/2021T07:37:41Z,76,114,122,56.80,29.13,990.49 
24/10/2021T07:38:12Z,79,119,129,56.86,29.20,990.39 
24/10/2021T07:38:42Z,74,115,122,55.62,29.14,990.76 
24/10/2021T07:39:13Z,79,117,124,57.05,29.11,990.33 
24/10/2021T07:39:43Z,77,116,125,57.20,29.18,990.24 
24/10/2021T07:40:14Z,77,114,127,57.25,29.24,990.23 
24/10/2021T07:40:44Z,76,112,115,57.01,29.28,990.27 
24/10/2021T07:41:14Z,75,113,122,57.23,29.30,990.20 
24/10/2021T07:41:45Z,78,113,122,56.41,29.29,990.37 
24/10/2021T07:42:16Z,71,107,115,54.33,29.30,991.04 
24/10/2021T07:42:46Z,73,115,122,56.69,29.32,990.30 
24/10/2021T07:43:16Z,75,112,122,57.00,29.33,990.14 
24/10/2021T07:43:47Z,73,109,116,56.60,29.34,990.31 
24/10/2021T07:44:17Z,73,108,114,55.91,29.36,990.47 
24/10/2021T07:44:47Z,72,109,117,55.36,29.32,990.63 
24/10/2021T07:45:17Z,76,114,121,55.33,29.22,990.66 
24/10/2021T07:45:48Z,78,118,127,56.21,29.19,990.36 
24/10/2021T07:46:19Z,88,135,146,56.46,29.15,990.28 
24/10/2021T07:46:50Z,83,133,141,57.30,29.11,990.05 
24/10/2021T07:47:20Z,79,121,129,57.55,29.20,989.99 
24/10/2021T07:47:50Z,85,127,141,57.70,29.22,989.95 
24/10/2021T07:48:21Z,80,122,131,57.50,29.24,989.98 
24/10/2021T07:48:52Z,83,126,135,57.12,29.28,990.09 
24/10/2021T07:49:22Z,92,138,150,56.73,29.22,990.26 
24/10/2021T07:49:52Z,88,134,142,57.01,29.14,990.13 
24/10/2021T07:50:23Z,91,140,152,57.38,29.04,990.07 
24/10/2021T07:50:53Z,89,133,145,57.78,29.05,989.95 
24/10/2021T07:51:24Z,88,131,141,58.32,29.06,989.86 
24/10/2021T07:51:55Z,87,134,144,58.31,29.05,989.88 
24/10/2021T07:52:25Z,92,135,148,57.83,28.98,990.05 
24/10/2021T07:52:56Z,85,130,138,58.28,29.04,989.89 
24/10/2021T07:53:26Z,76,114,121,56.18,29.06,990.45 
24/10/2021T07:53:56Z,78,117,125,57.11,29.13,990.15 
24/10/2021T07:54:26Z,78,120,130,57.52,29.15,990.00 
24/10/2021T07:54:56Z,79,121,130,57.98,29.21,989.86 
24/10/2021T07:55:27Z,79,120,128,57.71,29.18,989.95 
24/10/2021T07:55:57Z,80,120,132,58.44,29.13,989.80 
24/10/2021T07:56:27Z,86,134,144,58.48,29.14,989.80 
24/10/2021T07:56:57Z,85,130,138,58.53,29.16,989.81 
24/10/2021T07:57:28Z,85,132,144,58.58,29.18,989.78 
24/10/2021T07:57:58Z,83,130,142,58.89,29.22,989.72 
24/10/2021T07:58:28Z,85,132,147,58.42,29.28,989.82 
24/10/2021T07:58:59Z,85,131,139,57.29,29.32,990.07 
24/10/2021T07:59:29Z,73,112,120,54.88,29.28,990.68 
24/10/2021T08:00:00Z,71,108,114,54.14,29.28,990.88 
24/10/2021T08:00:30Z,74,110,120,55.38,29.30,990.47 
24/10/2021T08:01:01Z,68,105,112,52.64,29.26,991.20 
24/10/2021T08:01:31Z,70,106,115,54.36,29.29,990.71 
24/10/2021T08:02:02Z,72,109,116,54.34,29.30,990.60 
24/10/2021T08:02:32Z,68,102,110,53.92,29.30,990.74 
24/10/2021T08:03:03Z,70,102,107,54.62,29.31,990.49 
24/10/2021T08:03:34Z,71,106,112,54.80,29.32,990.39 
24/10/2021T08:04:04Z,72,109,118,55.09,29.13,990.37 
24/10/2021T08:04:35Z,70,107,115,55.78,29.00,990.15 
24/10/2021T08:05:05Z,98,140,152,55.93,28.95,990.14 
24/10/2021T08:05:35Z,95,137,146,56.65,28.99,989.89 
24/10/2021T08:06:06Z,84,124,131,56.48,29.07,989.93 
24/10/2021T08:06:37Z,77,116,122,55.81,29.13,990.14 
24/10/2021T08:07:08Z,75,115,126,56.68,29.18,989.84 
24/10/2021T08:07:38Z,74,111,118,56.69,29.29,989.80 
24/10/2021T08:08:08Z,74,115,119,55.93,29.31,990.06 
24/10/2021T08:08:38Z,71,110,119,55.71,29.35,990.07 
24/10/2021T08:09:09Z,71,107,116,55.28,29.32,990.26 
24/10/2021T08:09:39Z,71,108,117,55.86,29.40,989.99 
24/10/2021T08:10:10Z,74,110,117,55.99,29.45,989.94 
24/10/2021T08:10:40Z,81,119,136,55.62,29.38,990.07 
24/10/2021T08:11:11Z,74,114,121,55.55,29.34,990.12 
24/10/2021T08:11:41Z,74,111,119,55.53,29.36,990.11 
24/10/2021T08:12:12Z,71,109,118,55.47,29.36,990.11 
24/10/2021T08:12:42Z,72,110,119,55.43,29.36,990.13 
24/10/2021T08:13:12Z,71,108,118,54.73,29.35,990.38 
24/10/2021T08:13:42Z,77,115,126,54.76,29.31,990.37 
24/10/2021T08:14:13Z,76,114,121,56.44,29.33,989.80 
24/10/2021T08:14:43Z,83,130,141,55.41,29.34,990.09 
24/10/2021T08:15:14Z,82,125,136,54.99,29.33,990.23 
24/10/2021T08:15:44Z,82,124,135,55.37,29.32,990.07 
24/10/2021T08:16:14Z,78,122,129,53.49,29.28,990.71 
24/10/2021T08:16:45Z,74,114,125,51.43,29.24,991.38 
24/10/2021T08:17:16Z,73,116,127,53.51,29.27,990.64 
24/10/2021T08:17:47Z,78,122,132,53.89,29.23,990.49 
24/10/2021T08:18:17Z,86,138,157,54.61,29.19,990.21 
24/10/2021T08:18:47Z,95,153,171,55.27,29.11,990.04 
24/10/2021T08:19:17Z,89,141,153,55.57,29.10,989.95 
24/10/2021T08:19:48Z,101,160,172,55.93,29.04,989.86 
24/10/2021T08:20:18Z,98,158,171,56.17,29.08,989.77 
24/10/2021T08:20:48Z,95,153,172,55.34,29.05,990.08 
24/10/2021T08:21:19Z,92,147,166,55.77,29.05,989.95 
24/10/2021T08:21:50Z,87,141,152,54.98,29.07,990.20 
24/10/2021T08:22:20Z,86,135,150,55.90,29.11,989.90 
24/10/2021T08:22:51Z,92,144,158,55.79,29.11,989.91 
24/10/2021T08:23:22Z,95,143,153,56.45,29.10,989.70 
24/10/2021T08:23:52Z,93,143,155,56.32,29.12,989.73 
24/10/2021T08:24:22Z,94,144,157,56.10,29.08,989.85 
24/10/2021T08:24:52Z,92,142,156,56.63,29.07,989.67 
24/10/2021T08:25:22Z,89,139,155,57.28,29.15,989.48 
24/10/2021T08:25:53Z,89,140,151,56.80,29.22,989.63 
24/10/2021T08:26:23Z,91,142,152,56.85,29.23,989.64 
24/10/2021T08:26:54Z,90,137,146,56.74,29.26,989.64 
24/10/2021T08:27:25Z,86,131,143,57.09,29.29,989.58 
24/10/2021T08:27:55Z,89,137,151,56.84,29.35,989.61 
24/10/2021T08:28:25Z,83,129,143,56.85,29.38,989.60 
24/10/2021T08:28:55Z,87,133,145,56.87,29.40,989.59 
24/10/2021T08:29:25Z,97,156,166,57.20,29.38,989.50 
24/10/2021T08:29:56Z,91,146,160,57.23,29.39,989.51 
24/10/2021T08:30:26Z,93,143,152,57.61,29.46,989.41 
24/10/2021T08:30:56Z,90,137,149,57.46,29.51,989.46 
24/10/2021T08:31:27Z,85,130,139,57.81,29.50,989.40 
24/10/2021T08:31:58Z,85,130,142,57.39,29.51,989.50 
24/10/2021T08:32:29Z,88,135,143,57.18,29.50,989.58 
24/10/2021T08:32:59Z,89,137,150,57.16,29.46,989.61 
24/10/2021T08:33:30Z,92,144,154,56.98,29.46,989.64 
24/10/2021T08:34:00Z,92,144,157,56.78,29.40,989.73 
24/10/2021T08:34:31Z,93,140,155,56.97,29.36,989.69 
24/10/2021T08:35:02Z,93,145,156,56.95,29.32,989.69 
24/10/2021T08:35:32Z,92,140,150,57.24,29.32,989.60 
24/10/2021T08:36:03Z,100,150,166,57.28,29.31,989.59 
24/10/2021T08:36:33Z,100,148,164,57.22,29.26,989.64 
24/10/2021T08:37:04Z,95,143,155,57.59,29.28,989.52 
24/10/2021T08:37:35Z,96,143,154,57.72,29.31,989.49 
24/10/2021T08:38:05Z,99,152,165,57.78,29.28,989.50 
24/10/2021T08:38:36Z,100,155,165,57.83,29.29,989.50 
24/10/2021T08:39:07Z,98,151,169,57.86,29.30,989.50 
24/10/2021T08:39:37Z,98,148,164,57.74,29.25,989.57 
24/10/2021T08:40:07Z,97,148,164,58.27,29.20,989.44 
24/10/2021T08:40:37Z,95,140,155,57.69,29.13,989.60 
24/10/2021T08:41:08Z,92,138,147,58.22,29.13,989.48 
24/10/2021T08:41:39Z,82,127,136,57.19,29.15,989.75 
24/10/2021T08:42:09Z,80,123,133,56.95,29.18,989.79 
24/10/2021T08:42:40Z,80,117,130,57.09,29.18,989.73 
24/10/2021T08:43:11Z,83,133,144,58.14,29.19,989.46 
24/10/2021T08:43:41Z,85,129,141,58.45,29.19,989.45 
24/10/2021T08:44:12Z,84,129,141,57.85,29.22,989.61 
24/10/2021T08:44:42Z,83,124,138,57.32,29.27,989.70 
24/10/2021T08:45:12Z,79,121,130,56.51,29.27,989.91 
24/10/2021T08:45:43Z,78,119,125,56.49,29.28,989.91 
24/10/2021T08:46:14Z,77,119,128,56.47,29.26,989.90 
24/10/2021T08:46:44Z,79,124,136,57.27,29.28,989.62 
24/10/2021T08:47:14Z,83,126,136,57.63,29.32,989.52 
24/10/2021T08:47:45Z,79,123,136,57.53,29.34,989.57 
24/10/2021T08:48:16Z,83,128,137,57.02,29.27,989.74 
24/10/2021T08:48:46Z,85,127,138,57.14,29.21,989.71 
24/10/2021T08:49:17Z,84,124,138,57.25,29.23,989.69 
24/10/2021T08:49:47Z,86,134,148,57.51,29.24,989.62 
24/10/2021T08:50:18Z,88,140,151,57.85,29.26,989.53 
24/10/2021T08:50:49Z,93,141,155,57.68,29.24,989.58 
24/10/2021T08:51:19Z,88,132,144,57.71,29.27,989.60 
24/10/2021T08:51:49Z,91,142,153,57.88,29.29,989.54 
24/10/2021T08:52:19Z,89,139,158,57.93,29.31,989.53 
24/10/2021T08:52:50Z,91,140,152,57.52,29.31,989.65 
24/10/2021T08:53:21Z,94,145,163,57.21,29.18,989.80 
24/10/2021T08:53:51Z,91,141,157,58.07,29.23,989.54 
24/10/2021T08:54:22Z,89,138,152,57.77,29.30,989.60 
24/10/2021T08:54:52Z,85,131,141,56.62,29.30,989.92 
24/10/2021T08:55:22Z,82,126,138,57.01,29.35,989.77 
24/10/2021T08:55:52Z,81,126,135,57.08,29.42,989.72 
24/10/2021T08:56:23Z,74,111,121,56.18,29.38,990.01 
24/10/2021T08:56:54Z,78,116,124,57.07,29.38,989.69 
24/10/2021T08:57:24Z,81,121,131,57.02,29.42,989.67 
24/10/2021T08:57:55Z,79,119,132,56.65,29.42,989.79 
24/10/2021T08:58:25Z,79,125,135,56.61,29.44,989.76 
24/10/2021T08:58:55Z,72,111,123,56.09,29.38,989.92 
24/10/2021T08:59:25Z,70,109,118,56.54,29.33,989.79 
24/10/2021T08:59:56Z,76,115,125,56.88,29.35,989.64 
24/10/2021T09:00:26Z,85,128,137,57.05,29.33,989.57 
24/10/2021T09:00:57Z,90,137,149,56.67,29.31,989.69 
24/10/2021T09:01:27Z,92,142,153,56.87,29.30,989.63 
24/10/2021T09:01:57Z,97,152,167,56.35,29.25,989.79 
24/10/2021T09:02:28Z,99,157,172,57.31,29.17,989.54 
24/10/2021T09:02:58Z,106,170,185,57.53,29.06,989.48 
24/10/2021T09:03:29Z,107,169,183,58.44,28.95,989.31 
24/10/2021T09:03:59Z,102,165,180,58.78,29.00,989.31 
24/10/2021T09:04:30Z,102,162,175,58.25,29.04,989.45 
24/10/2021T09:05:01Z,109,171,188,58.41,28.95,989.42 
24/10/2021T09:05:32Z,104,168,184,58.49,28.98,989.40 
24/10/2021T09:06:03Z,110,176,194,58.73,28.97,989.38 
24/10/2021T09:06:33Z,106,165,180,58.82,28.98,989.35 
24/10/2021T09:07:04Z,106,166,181,58.82,28.93,989.37 
24/10/2021T09:07:35Z,99,155,169,58.96,28.91,989.33 
24/10/2021T09:08:05Z,100,157,170,59.02,28.91,989.32 
24/10/2021T09:08:36Z,101,161,176,58.85,28.91,989.35 
24/10/2021T09:09:06Z,98,151,170,58.74,28.92,989.38 
24/10/2021T09:09:36Z,100,159,174,58.79,28.88,989.37 
24/10/2021T09:10:06Z,95,149,163,59.16,28.84,989.28 
24/10/2021T09:10:37Z,95,148,160,59.44,28.83,989.25 
24/10/2021T09:11:08Z,93,147,161,59.36,28.84,989.30 
24/10/2021T09:11:38Z,96,148,160,59.69,28.81,989.27 
24/10/2021T09:12:09Z,95,150,164,59.67,28.86,989.30 
24/10/2021T09:12:39Z,100,157,170,59.70,28.82,989.33 
24/10/2021T09:13:09Z,102,158,173,59.96,28.82,989.31 
24/10/2021T09:13:40Z,105,161,174,60.15,28.83,989.33 
24/10/2021T09:14:10Z,100,153,169,60.18,28.85,989.32 
24/10/2021T09:14:41Z,99,154,168,60.09,28.89,989.34 
24/10/2021T09:15:11Z,98,151,165,59.86,28.92,989.39 
24/10/2021T09:15:42Z,94,149,160,59.13,28.84,989.54 
24/10/2021T09:16:12Z,94,148,163,59.24,28.82,989.54 
24/10/2021T09:16:43Z,93,144,161,58.98,28.87,989.59 
24/10/2021T09:17:13Z,91,138,152,58.90,28.85,989.60 
24/10/2021T09:17:44Z,89,138,149,59.10,28.80,989.56 
24/10/2021T09:18:15Z,88,137,152,59.38,28.74,989.51 
24/10/2021T09:18:46Z,89,139,152,59.54,28.74,989.49 
24/10/2021T09:19:16Z,86,135,150,59.59,28.75,989.51 
24/10/2021T09:19:47Z,88,137,154,59.71,28.72,989.52 
24/10/2021T09:20:18Z,88,138,155,59.67,28.76,989.54 
24/10/2021T09:20:48Z,85,133,143,60.32,28.75,989.46 
24/10/2021T09:21:19Z,83,129,139,60.50,28.76,989.46 
24/10/2021T09:21:50Z,85,134,147,60.60,28.83,989.49 
24/10/2021T09:22:21Z,85,130,143,59.86,28.88,989.62 
24/10/2021T09:22:51Z,83,127,141,59.64,28.97,989.64 
24/10/2021T09:23:21Z,82,124,138,58.80,28.98,989.79 
24/10/2021T09:23:52Z,77,120,130,58.33,28.87,989.89 
24/10/2021T09:24:22Z,80,119,129,59.21,28.85,989.69 
24/10/2021T09:24:53Z,78,121,131,59.24,28.83,989.68 
24/10/2021T09:25:23Z,83,128,138,59.37,28.88,989.64 
24/10/2021T09:25:54Z,79,123,135,59.36,28.95,989.64 
24/10/2021T09:26:24Z,84,129,140,59.06,28.95,989.69 
24/10/2021T09:26:55Z,78,116,129,58.98,28.84,989.75 
24/10/2021T09:27:26Z,79,121,133,59.84,28.80,989.58 
24/10/2021T09:27:56Z,73,112,122,59.32,28.87,989.70 
24/10/2021T09:28:26Z,65,100,110,59.27,28.73,989.73 
24/10/2021T09:28:57Z,69,107,119,59.64,28.76,989.65 
24/10/2021T09:29:28Z,67,102,114,59.05,28.82,989.77 
24/10/2021T09:29:58Z,65,101,110,58.57,28.83,989.85 
24/10/2021T09:30:28Z,65,101,113,58.38,28.86,989.86 
24/10/2021T09:30:59Z,64,102,109,57.73,28.88,989.97 
24/10/2021T09:31:29Z,63,99,111,58.03,28.89,989.82 
24/10/2021T09:32:00Z,65,100,108,57.60,28.90,989.89 
24/10/2021T09:32:30Z,63,96,104,57.34,28.85,989.93 
24/10/2021T09:33:00Z,61,94,106,57.41,28.84,989.90 
24/10/2021T09:33:31Z,61,95,105,56.98,28.77,990.00 
24/10/2021T09:34:02Z,62,96,106,57.77,28.73,989.76 
24/10/2021T09:34:32Z,60,91,103,58.47,28.72,989.59 
24/10/2021T09:35:03Z,62,92,99,59.39,28.75,989.40 
24/10/2021T09:35:33Z,61,94,102,59.63,28.77,989.42 
24/10/2021T09:36:04Z,66,98,106,59.74,28.73,989.40 
24/10/2021T09:36:34Z,70,107,116,59.80,28.71,989.39 
24/10/2021T09:37:05Z,71,107,116,59.78,28.72,989.42 
24/10/2021T09:37:35Z,71,106,115,59.82,28.76,989.39 
24/10/2021T09:38:06Z,72,107,120,59.97,28.74,989.34 
24/10/2021T09:38:37Z,68,105,115,60.04,28.65,989.35 
24/10/2021T09:39:07Z,68,97,110,60.30,28.64,989.31 
24/10/2021T09:39:38Z,69,105,112,60.72,28.54,989.28 
24/10/2021T09:40:08Z,69,102,111,61.06,28.54,989.28 
24/10/2021T09:40:39Z,67,102,111,61.65,28.56,989.23 
24/10/2021T09:41:10Z,69,102,115,61.80,28.54,989.27 
24/10/2021T09:41:40Z,68,100,111,61.96,28.56,989.26 
24/10/2021T09:42:11Z,67,101,109,62.21,28.54,989.29 
24/10/2021T09:42:41Z,69,101,110,62.41,28.50,989.30 
24/10/2021T09:43:11Z,67,100,109,62.57,28.45,989.31 
24/10/2021T09:43:42Z,67,99,107,63.12,28.39,989.31 
24/10/2021T09:44:12Z,67,100,106,63.47,28.36,989.33 
24/10/2021T09:44:43Z,67,99,107,63.60,28.30,989.38 
24/10/2021T09:45:14Z,64,93,104,63.57,28.33,989.40 
24/10/2021T09:45:44Z,63,95,102,63.38,28.40,989.43 
24/10/2021T09:46:15Z,67,99,109,63.62,28.36,989.44 
24/10/2021T09:46:46Z,68,98,108,63.58,28.36,989.46 
24/10/2021T09:47:16Z,69,101,110,63.25,28.34,989.51 
24/10/2021T09:47:46Z,68,101,109,63.43,28.37,989.52 
24/10/2021T09:48:16Z,66,99,106,62.85,28.42,989.57 
24/10/2021T09:48:46Z,69,101,107,62.61,28.46,989.60 
24/10/2021T09:49:17Z,67,100,109,62.61,28.47,989.60 
24/10/2021T09:49:47Z,64,95,104,62.50,28.45,989.61 
24/10/2021T09:50:17Z,64,97,106,62.62,28.42,989.63 
24/10/2021T09:50:48Z,63,95,106,62.93,28.38,989.61 
24/10/2021T09:51:18Z,66,99,113,63.51,28.32,989.59 
24/10/2021T09:51:49Z,66,97,107,63.70,28.29,989.61 
24/10/2021T09:52:20Z,65,95,104,63.70,28.34,989.63 
24/10/2021T09:52:51Z,66,98,107,64.31,28.39,989.59 
24/10/2021T09:53:21Z,67,103,111,64.55,28.44,989.59 
24/10/2021T09:53:51Z,70,109,117,65.24,28.45,989.58 
24/10/2021T09:54:22Z,72,109,118,66.21,28.45,989.61 
24/10/2021T09:54:53Z,75,108,116,65.85,28.45,989.64 
24/10/2021T09:55:23Z,72,107,119,65.66,28.41,989.67 
24/10/2021T09:55:54Z,71,106,114,65.70,28.40,989.70 
24/10/2021T09:56:24Z,72,109,121,65.81,28.43,989.74 
24/10/2021T09:56:54Z,69,102,107,65.55,28.36,989.80 
24/10/2021T09:57:24Z,67,101,110,65.55,28.34,989.86 
24/10/2021T09:57:54Z,66,100,112,65.54,28.36,989.92 
24/10/2021T09:58:25Z,63,96,103,65.30,28.29,989.93 
24/10/2021T09:58:55Z,62,95,103,65.16,28.30,989.92 
24/10/2021T09:59:26Z,61,90,98,65.08,28.35,989.97 
24/10/2021T09:59:57Z,60,90,99,65.07,28.35,990.01 
24/10/2021T10:00:28Z,59,88,94,65.33,28.33,990.01 
24/10/2021T10:00:58Z,56,85,92,65.55,28.18,990.05 
24/10/2021T10:01:29Z,58,86,93,65.77,28.21,990.03 
24/10/2021T10:02:00Z,57,84,90,65.60,28.24,990.01 
24/10/2021T10:02:30Z,55,83,90,65.30,28.21,990.01 
24/10/2021T10:03:00Z,55,84,93,65.20,28.17,990.01 
24/10/2021T10:03:30Z,56,84,90,65.14,28.13,990.00 
24/10/2021T10:04:01Z,64,97,105,64.97,28.05,990.07 
24/10/2021T10:04:31Z,63,91,98,64.50,28.04,990.11 
24/10/2021T10:05:02Z,62,93,101,64.21,28.05,990.15 
24/10/2021T10:05:33Z,56,86,94,63.57,28.03,990.25 
24/10/2021T10:06:03Z,59,88,94,62.69,28.01,990.31 
24/10/2021T10:06:33Z,65,100,110,62.09,27.98,990.32 
24/10/2021T10:07:04Z,59,89,97,61.25,27.98,990.30 
24/10/2021T10:07:34Z,68,102,110,59.79,27.98,990.36 
24/10/2021T10:08:05Z,64,99,107,59.10,27.88,990.36 
24/10/2021T10:08:35Z,55,86,93,59.19,27.89,990.28 
24/10/2021T10:09:05Z,57,80,89,59.49,28.02,990.17 
24/10/2021T10:09:36Z,49,70,78,58.21,28.04,990.32 
24/10/2021T10:10:07Z,46,70,77,58.22,28.10,990.24 
24/10/2021T10:10:38Z,47,72,78,58.54,28.13,990.13 
24/10/2021T10:11:08Z,45,71,78,58.37,28.14,990.11 
24/10/2021T10:11:38Z,47,71,78,58.53,28.13,990.03 
24/10/2021T10:12:09Z,40,63,74,57.73,28.12,990.17 
24/10/2021T10:12:40Z,40,61,73,58.03,28.04,990.11 
24/10/2021T10:13:10Z,40,60,72,57.04,27.86,990.31 
24/10/2021T10:13:41Z,37,57,70,56.23,27.67,990.48 
24/10/2021T10:14:11Z,40,59,70,58.08,27.77,990.04 
24/10/2021T10:14:42Z,40,61,73,58.44,27.72,990.05 
24/10/2021T10:15:12Z,42,63,72,58.89,27.54,990.06 
24/10/2021T10:15:42Z,42,65,74,59.61,27.41,989.98 
24/10/2021T10:16:13Z,42,62,72,59.99,27.51,990.00 
24/10/2021T10:16:43Z,43,65,75,60.98,27.52,989.97 
24/10/2021T10:17:14Z,41,64,74,61.23,27.49,990.01 
24/10/2021T10:17:45Z,44,64,73,61.08,27.58,990.01 
24/10/2021T10:18:15Z,42,63,75,61.69,27.63,989.92 
24/10/2021T10:18:45Z,43,65,75,61.56,27.63,989.94 
24/10/2021T10:19:15Z,41,60,71,61.45,27.68,989.93 
24/10/2021T10:19:46Z,41,59,71,61.11,27.65,989.93 
24/10/2021T10:20:16Z,38,60,71,60.83,27.65,989.90 
24/10/2021T10:20:46Z,39,59,71,60.70,27.63,989.85 
24/10/2021T10:21:17Z,40,61,72,60.90,27.60,989.78 
24/10/2021T10:21:47Z,40,59,70,61.46,27.47,989.64 
24/10/2021T10:22:18Z,39,57,70,60.08,27.54,989.78 
24/10/2021T10:22:49Z,38,60,71,59.52,27.61,989.77 
24/10/2021T10:23:19Z,37,57,70,59.90,27.58,989.66 
24/10/2021T10:23:50Z,40,59,70,60.02,27.62,989.60 
24/10/2021T10:24:20Z,39,59,71,59.76,27.62,989.64 
24/10/2021T10:24:51Z,37,55,68,59.24,27.71,989.70 
24/10/2021T10:25:22Z,40,59,70,59.06,27.78,989.68 
24/10/2021T10:25:53Z,39,58,70,58.84,27.81,989.70 
24/10/2021T10:26:23Z,37,57,69,58.26,27.86,989.79 
24/10/2021T10:26:53Z,38,58,71,57.99,27.89,989.81 
24/10/2021T10:27:24Z,38,58,70,57.37,27.88,989.91 
24/10/2021T10:27:54Z,37,57,69,56.70,27.90,990.05 
24/10/2021T10:28:24Z,39,56,69,56.70,27.97,990.02 
24/10/2021T10:28:55Z,38,55,67,56.82,28.00,989.95 
24/10/2021T10:29:26Z,38,55,71,56.68,28.02,989.98 
24/10/2021T10:29:56Z,39,57,68,56.09,28.04,990.11 
24/10/2021T10:30:26Z,38,58,71,55.48,27.97,990.29 
24/10/2021T10:30:57Z,40,59,70,56.11,27.97,990.08 
24/10/2021T10:31:28Z,40,61,71,56.69,27.99,989.89 
24/10/2021T10:31:58Z,41,60,73,56.74,28.02,989.88 
24/10/2021T10:32:28Z,43,64,74,56.80,28.01,989.88 
24/10/2021T10:32:58Z,42,64,74,57.17,28.03,989.76 
24/10/2021T10:33:28Z,43,61,71,57.98,28.03,989.61 
24/10/2021T10:33:59Z,42,62,72,59.05,27.94,989.45 
24/10/2021T10:34:29Z,41,62,73,59.54,27.94,989.45 
24/10/2021T10:35:00Z,44,63,74,59.90,27.93,989.45 
24/10/2021T10:35:31Z,43,65,74,60.53,27.85,989.45 
24/10/2021T10:36:01Z,43,65,74,60.99,27.78,989.49 
24/10/2021T10:36:31Z,44,65,74,61.00,27.78,989.52 
24/10/2021T10:37:02Z,43,65,74,60.47,27.80,989.62 
24/10/2021T10:37:32Z,43,64,73,60.22,27.77,989.66 
24/10/2021T10:38:02Z,45,67,75,60.34,27.77,989.64 
24/10/2021T10:38:33Z,47,68,76,60.48,27.76,989.61 
24/10/2021T10:39:03Z,48,70,77,60.48,27.77,989.61 
24/10/2021T10:39:33Z,50,74,80,60.70,27.73,989.56 
24/10/2021T10:40:04Z,51,75,80,60.77,27.75,989.56 
24/10/2021T10:40:34Z,51,73,79,60.81,27.77,989.56 
24/10/2021T10:41:05Z,51,74,78,61.02,27.72,989.53 
24/10/2021T10:41:36Z,50,72,79,61.40,27.63,989.52 
24/10/2021T10:42:06Z,49,72,78,61.32,27.64,989.53 
24/10/2021T10:42:36Z,49,72,78,61.17,27.63,989.55 
24/10/2021T10:43:07Z,47,70,77,61.04,27.64,989.57 
24/10/2021T10:43:38Z,49,72,79,61.19,27.63,989.53 
24/10/2021T10:44:08Z,50,75,81,61.44,27.63,989.51 
24/10/2021T10:44:39Z,47,70,78,61.26,27.67,989.53 
24/10/2021T10:45:09Z,42,62,72,61.10,27.69,989.54 
24/10/2021T10:45:39Z,43,64,73,61.23,27.70,989.51 
24/10/2021T10:46:09Z,44,64,74,61.33,27.70,989.51 
24/10/2021T10:46:40Z,43,64,75,61.48,27.71,989.51 
24/10/2021T10:47:11Z,43,65,74,61.53,27.75,989.50 
24/10/2021T10:47:41Z,42,60,71,61.88,27.73,989.48 
24/10/2021T10:48:11Z,42,62,72,61.80,27.79,989.48 
24/10/2021T10:48:42Z,42,64,73,61.60,27.84,989.50 
24/10/2021T10:49:13Z,43,64,73,61.55,27.85,989.53 
24/10/2021T10:49:44Z,41,62,72,61.45,27.88,989.55 
24/10/2021T10:50:14Z,40,61,73,61.25,27.96,989.57 
24/10/2021T10:50:44Z,41,61,72,60.81,28.04,989.62 
24/10/2021T10:51:15Z,41,59,70,60.60,28.10,989.64 
24/10/2021T10:51:45Z,38,58,70,60.73,28.11,989.63 
24/10/2021T10:52:16Z,42,60,72,60.68,28.15,989.64 
24/10/2021T10:52:46Z,40,59,71,60.25,28.18,989.72 
24/10/2021T10:53:17Z,41,61,72,59.49,28.21,989.83 
24/10/2021T10:53:47Z,40,61,72,59.09,28.20,989.90 
24/10/2021T10:54:17Z,39,59,70,59.52,28.20,989.83 
24/10/2021T10:54:48Z,41,60,72,59.67,28.27,989.80 
24/10/2021T10:55:19Z,42,61,72,59.12,28.29,989.89 
24/10/2021T10:55:50Z,42,60,70,59.23,28.32,989.85 
24/10/2021T10:56:20Z,40,59,70,59.02,28.35,989.86 
24/10/2021T10:56:51Z,42,62,72,58.67,28.34,989.95 
24/10/2021T10:57:21Z,41,61,72,58.64,28.35,989.90 
24/10/2021T10:57:52Z,42,61,72,58.38,28.38,989.94 
24/10/2021T10:58:22Z,40,61,71,57.84,28.33,990.04 
24/10/2021T10:58:52Z,41,60,70,57.91,28.34,989.98 
24/10/2021T10:59:23Z,39,56,68,58.00,28.36,989.94 
24/10/2021T10:59:53Z,40,60,71,57.82,28.42,989.96 
24/10/2021T11:00:23Z,40,60,71,57.57,28.45,990.03 
24/10/2021T11:00:54Z,39,59,70,57.17,28.46,990.11 
24/10/2021T11:01:25Z,39,59,71,56.94,28.44,990.14 
24/10/2021T11:01:55Z,42,63,73,57.16,28.43,990.06 
24/10/2021T11:02:26Z,41,61,71,57.09,28.44,990.08 
24/10/2021T11:02:57Z,40,59,71,56.79,28.45,990.17 
24/10/2021T11:03:27Z,40,60,72,56.44,28.45,990.28 
24/10/2021T11:03:57Z,39,59,71,56.56,28.41,990.25 
24/10/2021T11:04:27Z,40,60,71,56.67,28.43,990.22 
24/10/2021T11:04:58Z,42,62,74,56.57,28.44,990.25 
24/10/2021T11:05:28Z,41,60,70,56.43,28.44,990.32 
24/10/2021T11:05:58Z,39,59,71,56.49,28.42,990.31 
24/10/2021T11:06:29Z,39,59,71,56.13,28.42,990.44 
24/10/2021T11:06:59Z,41,62,73,56.09,28.38,990.48 
24/10/2021T11:07:30Z,40,61,70,56.34,28.36,990.41 
24/10/2021T11:08:00Z,40,59,71,56.72,28.36,990.33 
24/10/2021T11:08:30Z,40,59,70,56.51,28.34,990.40 
24/10/2021T11:09:01Z,41,61,72,56.50,28.34,990.43 
24/10/2021T11:09:31Z,41,62,72,56.15,28.29,990.53 
24/10/2021T11:10:02Z,39,59,70,56.59,28.28,990.40 
24/10/2021T11:10:33Z,41,61,73,56.43,28.22,990.44 
24/10/2021T11:11:03Z,40,58,69,55.93,28.11,990.59 
24/10/2021T11:11:33Z,38,57,69,56.20,28.05,990.52 
24/10/2021T11:12:04Z,39,58,70,55.66,28.05,990.68 
24/10/2021T11:12:35Z,40,60,72,55.79,27.95,990.65 
24/10/2021T11:13:05Z,39,60,71,56.33,27.94,990.45 
24/10/2021T11:13:36Z,40,59,70,56.16,27.86,990.51 
24/10/2021T11:14:06Z,40,59,70,55.87,27.77,990.59 
24/10/2021T11:14:36Z,39,60,71,56.22,27.74,990.51 
24/10/2021T11:15:07Z,40,58,70,56.42,27.79,990.42 
24/10/2021T11:15:37Z,40,61,71,56.12,27.79,990.46 
24/10/2021T11:16:07Z,37,55,67,56.02,27.75,990.52 
24/10/2021T11:16:38Z,38,58,70,55.58,27.74,990.59 
24/10/2021T11:17:09Z,37,55,68,54.97,27.75,990.78 
24/10/2021T11:17:40Z,36,56,69,54.82,27.74,990.81 
24/10/2021T11:18:10Z,35,54,67,54.53,27.77,990.83 
24/10/2021T11:18:41Z,36,53,67,53.80,27.81,991.07 
24/10/2021T11:19:11Z,36,55,70,53.80,27.85,991.04 
24/10/2021T11:19:41Z,35,53,65,53.74,27.89,990.98 
24/10/2021T11:20:11Z,34,51,64,52.95,27.91,991.20 
24/10/2021T11:20:42Z,34,51,62,52.27,27.93,991.43 
24/10/2021T11:21:13Z,33,49,61,52.93,27.97,991.12 
24/10/2021T11:21:43Z,33,50,63,52.16,27.92,991.34 
24/10/2021T11:22:13Z,33,49,61,52.60,27.90,991.21 
24/10/2021T11:22:44Z,33,50,61,52.41,27.96,991.26 
24/10/2021T11:23:14Z,32,48,61,51.94,27.94,991.39 
24/10/2021T11:23:45Z,33,49,62,51.79,27.96,991.44 
24/10/2021T11:24:16Z,32,49,61,51.39,27.92,991.57 
24/10/2021T11:24:46Z,32,48,62,51.92,27.92,991.36 
24/10/2021T11:25:16Z,33,50,62,51.46,27.92,991.47 
24/10/2021T11:25:47Z,32,49,63,50.61,27.75,991.84 
24/10/2021T11:26:17Z,32,49,62,51.65,27.76,991.41 
24/10/2021T11:26:47Z,32,49,62,51.03,27.78,991.64 
24/10/2021T11:27:18Z,32,48,60,51.39,27.85,991.42 
24/10/2021T11:27:49Z,31,47,59,51.23,27.85,991.49 
24/10/2021T11:28:20Z,32,49,61,51.25,27.85,991.43 
24/10/2021T11:28:51Z,32,49,60,49.63,27.72,992.05 
24/10/2021T11:29:21Z,32,47,59,51.97,27.65,991.27 
24/10/2021T11:29:52Z,32,48,59,51.53,27.72,991.25 
24/10/2021T11:30:22Z,32,49,62,51.07,27.70,991.53 
24/10/2021T11:30:53Z,33,50,63,51.44,27.70,991.39 
24/10/2021T11:31:23Z,32,48,61,51.50,27.72,991.35 
24/10/2021T11:31:54Z,32,49,61,51.58,27.76,991.30 
24/10/2021T11:32:25Z,32,49,62,51.47,27.80,991.31 
24/10/2021T11:32:56Z,32,48,62,51.15,27.79,991.43 
24/10/2021T11:33:27Z,33,50,63,51.13,27.79,991.45 
24/10/2021T11:33:57Z,33,49,63,51.27,27.83,991.40 
24/10/2021T11:34:28Z,33,50,63,50.96,27.85,991.49 
24/10/2021T11:34:58Z,33,50,63,51.00,27.88,991.48 
24/10/2021T11:35:28Z,33,50,64,50.95,27.86,991.51 
24/10/2021T11:35:59Z,33,49,61,50.94,27.85,991.50 
24/10/2021T11:36:29Z,33,49,63,50.80,27.83,991.55 
24/10/2021T11:37:00Z,33,50,63,50.68,27.86,991.60 
24/10/2021T11:37:30Z,32,50,62,50.48,27.88,991.65 
24/10/2021T11:38:01Z,33,49,62,50.09,27.83,991.81 
24/10/2021T11:38:32Z,33,49,63,49.84,27.82,991.92 
24/10/2021T11:39:02Z,34,50,63,50.15,27.82,991.77 
24/10/2021T11:39:33Z,34,50,62,50.40,27.84,991.61 
24/10/2021T11:40:03Z,34,52,64,49.88,27.85,991.77 
24/10/2021T11:40:34Z,33,50,63,50.50,27.84,991.58 
24/10/2021T11:41:05Z,33,50,63,49.99,27.88,991.68 
24/10/2021T11:41:35Z,33,49,62,49.86,27.90,991.75 
24/10/2021T11:42:05Z,33,50,61,49.97,27.91,991.68 
24/10/2021T11:42:36Z,32,49,63,49.95,27.88,991.68 
24/10/2021T11:43:07Z,33,50,64,50.34,27.85,991.56 
24/10/2021T11:43:37Z,34,50,66,50.45,27.84,991.48 
24/10/2021T11:44:07Z,33,50,63,50.50,27.81,991.50 
24/10/2021T11:44:37Z,33,50,63,50.30,27.82,991.58 
24/10/2021T11:45:07Z,33,50,62,50.80,27.88,991.37 
24/10/2021T11:45:38Z,33,48,60,50.11,27.91,991.58 
24/10/2021T11:46:08Z,32,49,62,49.37,27.91,991.94 
24/10/2021T11:46:39Z,33,49,61,50.05,27.91,991.66 
24/10/2021T11:47:10Z,33,50,64,50.00,27.98,991.57 
24/10/2021T11:47:40Z,32,48,60,49.86,27.98,991.66 
24/10/2021T11:48:10Z,32,48,62,49.84,28.01,991.63 
24/10/2021T11:48:41Z,33,49,61,50.19,28.04,991.45 
24/10/2021T11:49:12Z,34,50,63,50.17,28.04,991.44 
24/10/2021T11:49:42Z,33,50,63,50.36,28.03,991.36 
24/10/2021T11:50:13Z,35,51,65,50.18,28.05,991.42 
24/10/2021T11:50:43Z,33,50,64,50.12,28.08,991.40 
24/10/2021T11:51:13Z,34,50,63,50.05,28.09,991.44 
24/10/2021T11:51:43Z,34,50,64,50.67,28.14,991.16 
24/10/2021T11:52:14Z,35,51,64,50.88,28.18,991.05 
24/10/2021T11:52:44Z,34,50,63,50.84,28.19,991.05 
24/10/2021T11:53:14Z,33,50,62,50.80,28.23,991.07 
24/10/2021T11:53:44Z,33,50,62,50.77,28.24,991.07 
24/10/2021T11:54:14Z,34,51,64,50.67,28.25,991.11 
24/10/2021T11:54:44Z,33,50,63,50.75,28.22,991.11 
24/10/2021T11:55:15Z,33,49,62,50.94,28.21,991.00 
24/10/2021T11:55:45Z,34,50,64,51.39,28.18,990.84 
24/10/2021T11:56:15Z,34,51,64,51.64,28.20,990.73 
24/10/2021T11:56:46Z,34,51,65,51.59,28.23,990.74 
24/10/2021T11:57:17Z,34,49,62,50.96,28.17,990.98 
24/10/2021T11:57:47Z,34,52,65,51.32,28.10,990.93 
24/10/2021T11:58:17Z,35,52,66,51.79,28.12,990.70 
24/10/2021T11:58:47Z,36,54,66,52.16,28.15,990.53 
24/10/2021T11:59:17Z,37,54,66,52.46,28.08,990.44 
24/10/2021T11:59:48Z,37,55,67,52.48,28.06,990.44 
24/10/2021T12:00:18Z,38,58,69,52.89,28.05,990.28 
24/10/2021T12:00:49Z,38,59,69,53.28,28.06,990.13 
24/10/2021T12:01:20Z,43,66,77,53.22,28.01,990.18 
24/10/2021T12:01:51Z,42,66,75,53.72,27.97,990.01 
24/10/2021T12:02:21Z,42,64,73,53.82,28.01,989.99 
24/10/2021T12:02:52Z,41,63,73,53.71,28.03,990.02 
24/10/2021T12:03:22Z,40,61,71,53.60,28.03,990.09 
24/10/2021T12:03:53Z,39,61,73,53.77,28.02,990.02 
24/10/2021T12:04:24Z,40,58,71,53.98,28.03,989.96 
24/10/2021T12:04:54Z,44,69,78,54.53,28.02,989.82 
24/10/2021T12:05:24Z,47,72,81,55.58,27.90,989.52 
24/10/2021T12:05:54Z,47,73,82,56.05,27.91,989.45 
24/10/2021T12:06:25Z,48,75,82,55.88,27.89,989.56 
24/10/2021T12:06:55Z,49,74,84,56.17,27.92,989.51 
24/10/2021T12:07:25Z,56,85,95,56.39,27.94,989.48 
24/10/2021T12:07:55Z,61,97,105,56.65,27.90,989.46 
24/10/2021T12:08:26Z,58,88,96,56.46,27.91,989.59 
24/10/2021T12:08:57Z,60,89,97,56.31,27.88,989.68 
24/10/2021T12:09:28Z,54,81,93,56.03,27.90,989.78 
24/10/2021T12:09:58Z,54,82,91,55.87,27.91,989.86 
24/10/2021T12:10:28Z,52,79,85,55.52,27.94,989.98 
24/10/2021T12:10:59Z,52,79,85,55.54,27.93,989.98 
24/10/2021T12:11:30Z,51,78,83,55.33,27.93,990.05 
24/10/2021T12:12:00Z,53,80,87,55.84,27.90,989.92 
24/10/2021T12:12:31Z,56,84,90,56.05,27.93,989.83 
24/10/2021T12:13:01Z,53,79,86,55.67,27.87,989.96 
24/10/2021T12:13:32Z,51,77,82,55.21,27.76,990.15 
24/10/2021T12:14:02Z,52,78,87,55.33,27.71,990.11 
24/10/2021T12:14:32Z,51,75,84,56.07,27.74,989.88 
24/10/2021T12:15:02Z,51,80,85,55.97,27.74,989.89 
24/10/2021T12:15:33Z,53,81,87,56.52,27.75,989.73 
24/10/2021T12:16:03Z,52,79,88,57.24,27.85,989.53 
24/10/2021T12:16:34Z,55,82,87,57.39,27.89,989.50 
24/10/2021T12:17:05Z,55,82,88,57.37,27.89,989.55 
24/10/2021T12:17:36Z,54,83,89,57.38,27.86,989.59 
24/10/2021T12:18:06Z,53,80,88,57.63,27.88,989.53 
24/10/2021T12:18:37Z,54,84,87,57.69,27.89,989.53 
24/10/2021T12:19:07Z,53,80,89,57.94,27.92,989.48 
24/10/2021T12:19:37Z,55,84,89,58.41,27.88,989.42 
24/10/2021T12:20:07Z,58,85,89,58.48,27.82,989.45 
24/10/2021T12:20:37Z,54,77,84,59.44,27.91,989.36 
24/10/2021T12:21:08Z,53,82,88,58.78,28.02,989.51 
24/10/2021T12:21:38Z,56,84,92,58.98,28.12,989.45 
24/10/2021T12:22:08Z,55,81,88,59.00,28.17,989.45 
24/10/2021T12:22:38Z,57,85,93,59.30,28.18,989.42 
24/10/2021T12:23:09Z,62,90,97,59.14,28.23,989.48 
24/10/2021T12:23:40Z,61,93,101,59.32,28.27,989.45 
24/10/2021T12:24:10Z,62,91,97,59.21,28.34,989.49 
24/10/2021T12:24:40Z,57,84,89,58.88,28.42,989.56 
24/10/2021T12:25:11Z,59,91,96,58.69,28.46,989.60 
24/10/2021T12:25:42Z,62,94,100,59.34,28.46,989.48 
24/10/2021T12:26:12Z,68,101,110,60.02,28.43,989.43 
24/10/2021T12:26:43Z,68,100,108,60.20,28.39,989.47 
24/10/2021T12:27:14Z,66,102,108,59.38,28.42,989.62 
24/10/2021T12:27:44Z,73,111,117,59.91,28.46,989.52 
24/10/2021T12:28:15Z,77,112,119,60.11,28.47,989.52 
24/10/2021T12:28:45Z,74,110,119,60.34,28.53,989.51 
24/10/2021T12:29:15Z,78,114,124,60.45,28.55,989.54 
24/10/2021T12:29:46Z,81,117,125,60.85,28.58,989.53 
24/10/2021T12:30:16Z,78,114,125,61.12,28.59,989.54 
24/10/2021T12:30:46Z,77,112,122,61.22,28.63,989.57 
24/10/2021T12:31:16Z,74,113,123,60.97,28.63,989.63 
24/10/2021T12:31:46Z,73,108,119,61.57,28.65,989.60 
24/10/2021T12:32:17Z,77,115,121,61.72,28.65,989.62 
24/10/2021T12:32:47Z,78,115,121,62.10,28.62,989.66 
24/10/2021T12:33:17Z,73,108,116,61.54,28.64,989.72 
24/10/2021T12:33:47Z,75,111,119,62.05,28.66,989.67 
24/10/2021T12:34:17Z,78,117,126,62.14,28.68,989.69 
24/10/2021T12:34:47Z,76,111,120,62.14,28.72,989.69 
24/10/2021T12:35:18Z,80,118,126,62.11,28.75,989.70 
24/10/2021T12:35:48Z,77,115,124,61.90,28.76,989.72 
24/10/2021T12:36:19Z,75,114,123,61.78,28.77,989.74 
24/10/2021T12:36:49Z,75,108,118,61.53,28.76,989.76 
24/10/2021T12:37:19Z,75,108,115,61.64,28.77,989.74 
24/10/2021T12:37:50Z,71,107,114,61.74,28.77,989.75 
24/10/2021T12:38:20Z,73,110,122,61.23,28.75,989.81 
24/10/2021T12:38:51Z,71,105,109,61.04,28.71,989.83 
24/10/2021T12:39:21Z,72,107,115,61.93,28.65,989.74 
24/10/2021T12:39:51Z,71,109,116,62.36,28.61,989.72 
24/10/2021T12:40:22Z,71,106,113,62.51,28.64,989.72 
24/10/2021T12:40:52Z,71,105,112,62.14,28.67,989.76 
24/10/2021T12:41:22Z,71,104,113,61.94,28.66,989.77 
24/10/2021T12:41:52Z,68,101,109,62.65,28.69,989.70 
24/10/2021T12:42:23Z,70,107,114,62.31,28.70,989.74 
24/10/2021T12:42:53Z,69,101,109,62.68,28.71,989.69 
24/10/2021T12:43:23Z,69,104,111,62.45,28.70,989.72 
24/10/2021T12:43:54Z,70,106,117,62.39,28.70,989.72 
24/10/2021T12:44:24Z,69,107,110,62.23,28.68,989.73 
24/10/2021T12:44:55Z,69,104,112,62.20,28.63,989.73 
24/10/2021T12:45:25Z,69,104,112,62.47,28.62,989.71 
24/10/2021T12:45:55Z,69,104,108,62.79,28.64,989.68 
24/10/2021T12:46:25Z,69,103,110,62.24,28.66,989.72 
24/10/2021T12:46:55Z,68,102,109,62.28,28.67,989.73 
24/10/2021T12:47:25Z,68,105,112,62.56,28.67,989.72 
24/10/2021T12:47:56Z,69,102,108,62.83,28.67,989.70 
24/10/2021T12:48:26Z,69,103,111,62.58,28.68,989.74 
24/10/2021T12:48:57Z,70,106,117,62.11,28.55,989.80 
24/10/2021T12:49:27Z,71,107,115,62.89,28.52,989.75 
24/10/2021T12:49:57Z,74,109,114,61.05,28.28,989.96 
24/10/2021T12:50:28Z,72,108,118,61.92,28.14,989.91 
24/10/2021T12:50:58Z,71,109,118,62.18,28.12,989.89 
24/10/2021T12:51:29Z,70,107,116,63.22,28.23,989.84 
24/10/2021T12:51:59Z,70,107,115,63.05,28.35,989.87 
24/10/2021T12:52:30Z,70,107,117,62.82,28.44,989.90 
24/10/2021T12:53:00Z,68,104,112,62.62,28.51,989.95 
24/10/2021T12:53:31Z,66,97,108,62.47,28.58,989.98 
24/10/2021T12:54:02Z,66,96,101,62.22,28.63,990.00 
24/10/2021T12:54:32Z,68,100,107,62.01,28.67,990.02 
24/10/2021T12:55:02Z,65,99,106,62.34,28.68,990.00 
24/10/2021T12:55:33Z,64,96,103,62.24,28.70,990.05 
24/10/2021T12:56:03Z,64,100,106,62.04,28.67,990.07 
24/10/2021T12:56:34Z,64,98,107,62.12,28.70,990.07 
24/10/2021T12:57:04Z,63,96,106,62.25,28.72,990.06 
24/10/2021T12:57:35Z,65,98,108,61.77,28.63,990.12 
24/10/2021T12:58:06Z,67,103,111,62.19,28.51,990.10 
24/10/2021T12:58:36Z,69,102,111,62.35,28.48,990.11 
24/10/2021T12:59:07Z,67,102,110,62.40,28.36,990.13 
24/10/2021T12:59:37Z,67,102,112,63.03,28.24,990.13 
24/10/2021T13:00:07Z,66,100,109,63.58,28.39,990.08 
24/10/2021T13:00:37Z,67,102,110,63.44,28.50,990.11 
24/10/2021T13:01:08Z,67,101,106,63.19,28.56,990.13 
24/10/2021T13:01:39Z,66,99,109,62.97,28.60,990.15 
24/10/2021T13:02:09Z,66,103,110,63.04,28.63,990.15 
24/10/2021T13:02:39Z,67,102,109,63.06,28.68,990.15 
24/10/2021T13:03:10Z,66,98,107,62.48,28.68,990.22 
24/10/2021T13:03:41Z,64,98,106,62.58,28.71,990.22 
24/10/2021T13:04:11Z,68,105,112,62.11,28.70,990.26 
24/10/2021T13:04:42Z,72,107,114,62.04,28.72,990.28 
24/10/2021T13:05:13Z,74,112,123,60.21,28.53,990.50 
24/10/2021T13:05:43Z,75,112,121,61.26,28.31,990.41 
24/10/2021T13:06:13Z,75,114,123,59.52,28.15,990.62 
24/10/2021T13:06:44Z,75,111,123,62.29,28.21,990.33 
24/10/2021T13:07:14Z,74,112,120,61.80,28.25,990.38 
24/10/2021T13:07:45Z,74,111,119,61.49,28.33,990.40 
24/10/2021T13:08:16Z,75,113,124,61.14,28.42,990.44 
24/10/2021T13:08:46Z,71,110,121,60.80,28.49,990.44 
24/10/2021T13:09:16Z,74,112,120,60.18,28.52,990.51 
24/10/2021T13:09:47Z,76,116,126,59.55,28.50,990.59 
24/10/2021T13:10:17Z,74,110,120,60.39,28.50,990.43 
24/10/2021T13:10:48Z,74,110,116,60.16,28.55,990.46 
24/10/2021T13:11:18Z,76,112,124,60.08,28.57,990.49 
24/10/2021T13:11:49Z,75,116,124,59.96,28.61,990.51 
24/10/2021T13:12:19Z,73,110,120,59.08,28.64,990.66 
24/10/2021T13:12:49Z,65,98,105,57.87,28.46,990.89 
24/10/2021T13:13:20Z,68,103,108,59.56,28.47,990.53 
24/10/2021T13:13:50Z,65,98,107,56.08,28.23,991.21 
24/10/2021T13:14:20Z,64,98,106,58.04,28.06,990.82 
24/10/2021T13:14:50Z,65,96,106,59.95,28.17,990.49 
24/10/2021T13:15:20Z,60,91,98,58.76,28.14,990.72 
24/10/2021T13:15:51Z,61,93,102,59.38,28.28,990.63 
24/10/2021T13:16:22Z,64,94,101,58.53,28.30,990.83 
24/10/2021T13:16:52Z,65,97,105,59.03,28.35,990.75 
24/10/2021T13:17:23Z,66,100,111,58.92,28.42,990.78 
24/10/2021T13:17:53Z,65,100,111,57.92,28.41,990.97 
24/10/2021T13:18:23Z,71,110,118,57.40,28.28,991.10 
24/10/2021T13:18:54Z,79,121,132,58.35,28.24,990.89 
24/10/2021T13:19:25Z,74,116,123,57.49,28.22,991.06 
24/10/2021T13:19:55Z,68,108,116,57.99,28.24,990.98 
24/10/2021T13:20:26Z,67,102,112,58.07,28.35,990.95 
24/10/2021T13:20:56Z,87,138,153,57.67,28.36,991.05 
24/10/2021T13:21:26Z,74,114,124,57.92,28.42,990.98 
24/10/2021T13:21:57Z,90,147,159,57.79,28.46,991.04 
24/10/2021T13:22:27Z,91,143,157,57.58,28.50,991.10 
24/10/2021T13:22:57Z,83,130,143,57.44,28.54,991.15 
24/10/2021T13:23:28Z,77,121,132,57.35,28.57,991.21 
24/10/2021T13:23:59Z,76,116,125,57.14,28.59,991.27 
24/10/2021T13:24:29Z,72,111,121,57.25,28.60,991.26 
24/10/2021T13:24:59Z,69,108,117,57.11,28.61,991.30 
24/10/2021T13:25:30Z,134,252,286,54.76,28.42,991.86 
24/10/2021T13:26:00Z,98,167,188,55.62,28.19,991.71 
24/10/2021T13:26:30Z,150,276,320,55.36,28.10,991.74 
24/10/2021T13:27:01Z,131,240,276,55.72,28.10,991.58 
24/10/2021T13:27:31Z,129,228,259,56.00,28.04,991.58 
24/10/2021T13:28:02Z,97,160,182,56.59,28.05,991.39 
24/10/2021T13:28:32Z,138,247,284,54.22,27.88,992.05 
24/10/2021T13:29:03Z,102,172,190,56.98,27.84,991.37 
24/10/2021T13:29:33Z,103,172,197,57.01,28.01,991.29 
24/10/2021T13:30:03Z,89,149,163,55.60,27.99,991.66 
24/10/2021T13:30:33Z,109,183,208,55.66,27.76,991.73 
24/10/2021T13:31:04Z,106,177,196,56.54,27.78,991.42 
24/10/2021T13:31:35Z,110,183,201,57.01,27.88,991.27 
24/10/2021T13:32:05Z,114,195,216,55.80,27.70,991.61 
24/10/2021T13:32:36Z,97,161,179,56.94,27.37,991.32 
24/10/2021T13:33:06Z,97,163,184,58.36,27.26,990.97 
24/10/2021T13:33:36Z,98,159,179,58.97,27.44,990.87 
24/10/2021T13:34:06Z,94,151,167,58.34,27.47,991.02 
24/10/2021T13:34:36Z,85,136,151,58.86,27.44,990.92 
24/10/2021T13:35:07Z,82,130,142,58.68,27.47,990.97 
24/10/2021T13:35:37Z,79,126,140,58.88,27.36,990.99 
24/10/2021T13:36:08Z,78,121,133,59.70,27.23,990.95 
24/10/2021T13:36:38Z,83,131,143,59.80,27.34,991.04 
24/10/2021T13:37:08Z,78,124,137,60.01,27.26,991.11 
24/10/2021T13:37:39Z,78,119,127,59.97,26.96,991.26 
24/10/2021T13:38:09Z,83,129,140,61.34,26.94,991.24 
24/10/2021T13:38:39Z,83,125,136,61.52,27.02,991.35 
24/10/2021T13:39:10Z,78,116,128,60.83,27.18,991.53 
24/10/2021T13:39:40Z,83,126,136,60.50,27.19,991.68 
24/10/2021T13:40:10Z,75,111,120,61.35,26.82,991.70 
24/10/2021T13:40:40Z,81,122,132,61.78,26.86,991.77 
24/10/2021T13:41:11Z,80,118,126,61.71,26.54,991.87 
24/10/2021T13:41:41Z,77,114,125,62.84,26.77,991.90 
24/10/2021T13:42:11Z,76,113,122,61.94,26.95,992.05 
24/10/2021T13:42:42Z,74,110,120,62.49,26.83,992.08 
24/10/2021T13:43:12Z,73,111,119,62.79,26.78,992.10 
24/10/2021T13:43:42Z,71,110,116,62.79,26.94,992.13 
24/10/2021T13:44:13Z,73,109,119,63.56,26.96,992.08 
24/10/2021T13:44:44Z,74,110,120,62.95,27.13,992.16 
24/10/2021T13:45:14Z,75,112,123,62.64,27.27,992.11 
24/10/2021T13:45:44Z,77,113,122,63.02,27.34,992.13 
24/10/2021T13:46:14Z,79,119,128,62.81,27.40,992.19 
24/10/2021T13:46:45Z,71,107,119,62.89,27.46,992.16 
24/10/2021T13:47:15Z,69,104,115,62.62,27.32,992.16 
24/10/2021T13:47:46Z,69,101,112,63.83,26.62,992.12 
24/10/2021T13:48:17Z,64,95,102,65.43,26.18,992.04 
24/10/2021T13:48:47Z,58,90,96,66.38,25.65,992.12 
24/10/2021T13:49:17Z,55,82,87,67.38,25.17,992.16 
24/10/2021T13:49:48Z,56,87,96,69.77,25.25,992.20 
24/10/2021T13:50:19Z,61,92,97,68.91,25.53,992.28 
24/10/2021T13:50:50Z,61,91,97,68.18,25.53,992.30 
24/10/2021T13:51:20Z,57,83,89,68.89,25.08,992.51 
24/10/2021T13:51:51Z,55,83,91,69.98,24.74,992.63 
24/10/2021T13:52:21Z,56,85,89,71.18,24.75,992.78 
24/10/2021T13:52:51Z,56,83,93,70.14,25.22,992.88 
24/10/2021T13:53:22Z,53,77,85,68.30,25.60,993.03 
24/10/2021T13:53:52Z,42,64,73,67.46,25.26,993.19 
24/10/2021T13:54:22Z,46,68,76,69.27,25.16,993.44 
24/10/2021T13:54:53Z,47,73,79,68.95,25.26,993.52 
24/10/2021T13:55:23Z,41,62,72,68.39,25.29,993.58 
24/10/2021T13:55:53Z,40,62,74,67.67,25.34,993.63 
24/10/2021T13:56:23Z,39,62,73,68.27,25.32,993.68 
24/10/2021T13:56:54Z,40,58,70,68.36,25.26,993.74 
24/10/2021T13:57:25Z,35,53,66,68.16,24.99,993.84 
24/10/2021T13:57:55Z,35,53,67,68.92,24.94,993.92 
24/10/2021T13:58:26Z,33,51,64,68.67,24.83,993.97 
24/10/2021T13:58:57Z,33,49,62,69.19,24.81,994.11 
24/10/2021T13:59:27Z,32,50,63,69.39,24.79,994.28 
24/10/2021T13:59:57Z,32,48,59,68.73,25.05,994.38 
24/10/2021T14:00:27Z,32,50,63,68.51,25.15,994.51 
24/10/2021T14:00:58Z,31,47,60,67.80,25.30,994.88 
24/10/2021T14:01:28Z,31,47,59,67.53,25.30,994.69 
24/10/2021T14:01:59Z,28,44,56,67.02,25.14,994.58 
24/10/2021T14:02:29Z,28,43,52,67.45,25.09,994.52 
24/10/2021T14:02:59Z,27,42,54,67.65,25.02,994.19 
24/10/2021T14:03:30Z,27,41,49,67.48,25.06,993.99 
24/10/2021T14:04:00Z,27,42,52,67.98,25.18,994.03 
24/10/2021T14:04:31Z,27,42,53,66.72,25.48,994.19 
24/10/2021T14:05:02Z,26,40,49,66.15,25.70,994.27 
24/10/2021T14:05:32Z,26,38,47,65.27,25.75,994.29 
24/10/2021T14:06:03Z,24,36,45,65.00,25.73,994.23 
24/10/2021T14:06:33Z,25,38,48,65.43,25.69,994.15 
24/10/2021T14:07:04Z,26,39,50,65.24,25.65,994.08 
24/10/2021T14:07:35Z,26,38,46,66.52,25.37,994.02 
24/10/2021T14:08:05Z,26,38,47,66.28,25.57,993.95 
24/10/2021T14:08:35Z,27,41,50,66.08,25.66,993.85 
24/10/2021T14:09:06Z,27,41,51,66.07,25.72,993.75 
24/10/2021T14:09:37Z,28,43,54,65.75,25.71,993.67 
24/10/2021T14:10:07Z,27,41,51,66.28,25.51,993.59 
24/10/2021T14:10:38Z,28,42,53,66.66,25.39,993.51 
24/10/2021T14:11:09Z,31,46,57,66.61,25.47,993.46 
24/10/2021T14:11:39Z,30,45,56,66.39,25.35,993.43 
24/10/2021T14:12:10Z,29,43,54,66.83,25.18,993.32 
24/10/2021T14:12:41Z,28,42,52,67.77,24.88,993.21 
24/10/2021T14:13:11Z,27,41,51,68.11,24.41,993.18 
24/10/2021T14:13:42Z,28,43,53,70.42,24.59,993.10 
24/10/2021T14:14:13Z,27,40,49,68.93,24.89,993.11 
24/10/2021T14:14:43Z,27,40,50,68.13,24.89,993.09 
24/10/2021T14:15:14Z,26,40,49,68.34,24.33,993.10 
24/10/2021T14:15:44Z,27,41,50,70.55,24.07,993.03 
24/10/2021T14:16:14Z,27,41,49,70.47,24.14,992.98 
24/10/2021T14:16:45Z,27,41,48,71.16,24.02,992.97 
24/10/2021T14:17:16Z,27,41,51,70.67,24.22,992.94 
24/10/2021T14:17:47Z,27,41,52,70.97,24.22,992.92 
24/10/2021T14:18:17Z,27,42,51,70.52,24.13,992.90 
24/10/2021T14:18:47Z,26,38,45,69.83,23.87,992.91 
24/10/2021T14:19:17Z,25,37,47,70.04,23.54,992.92 
24/10/2021T14:19:47Z,26,39,48,71.15,23.42,992.89 
24/10/2021T14:20:18Z,27,40,47,71.31,23.78,992.87 
24/10/2021T14:20:48Z,25,37,43,69.92,23.47,992.89 
24/10/2021T14:21:19Z,26,38,45,70.88,23.54,992.84 
24/10/2021T14:21:50Z,25,37,45,70.79,23.38,992.85 
24/10/2021T14:22:21Z,25,36,43,71.08,23.36,992.81 
24/10/2021T14:22:51Z,27,39,48,71.19,23.42,992.78 
24/10/2021T14:23:22Z,27,39,46,70.66,23.40,992.77 
24/10/2021T14:23:53Z,24,37,42,70.77,23.29,992.75 
24/10/2021T14:24:24Z,24,36,43,71.03,23.35,992.75 
24/10/2021T14:24:54Z,25,37,45,70.60,23.75,992.70 
24/10/2021T14:25:25Z,24,34,38,69.37,23.68,992.72 
24/10/2021T14:25:56Z,24,34,40,70.06,23.86,992.69 
24/10/2021T14:26:26Z,24,36,43,68.76,24.32,992.67 
24/10/2021T14:26:57Z,25,38,45,67.55,24.70,992.69 
24/10/2021T14:27:27Z,25,37,44,66.42,24.97,992.69 
24/10/2021T14:27:58Z,26,39,48,64.92,24.82,992.73 
24/10/2021T14:28:29Z,26,38,46,65.43,24.29,992.75 
24/10/2021T14:28:59Z,28,42,51,66.62,24.11,992.75 
24/10/2021T14:29:30Z,29,44,55,67.02,24.04,992.77 
24/10/2021T14:30:01Z,29,43,54,67.49,24.14,992.77 
24/10/2021T14:30:31Z,28,42,52,66.91,24.48,992.75 
24/10/2021T14:31:02Z,31,46,57,65.89,24.63,992.77 
24/10/2021T14:31:33Z,34,50,62,66.02,24.34,992.76 
24/10/2021T14:32:03Z,34,51,63,66.01,24.20,992.78 
24/10/2021T14:32:34Z,37,55,69,66.51,23.88,992.78 
24/10/2021T14:33:05Z,34,49,61,66.57,23.72,992.81 
24/10/2021T14:33:35Z,31,46,56,67.36,23.63,992.80 
24/10/2021T14:34:06Z,32,48,60,67.53,23.80,992.79 
24/10/2021T14:34:36Z,31,46,58,67.03,23.64,992.85 
24/10/2021T14:35:07Z,30,45,56,67.57,23.68,992.84 
24/10/2021T14:35:37Z,30,45,57,67.60,23.66,992.82 
24/10/2021T14:36:08Z,29,43,54,67.65,23.90,992.78 
24/10/2021T14:36:38Z,29,43,53,66.48,24.22,992.76 
24/10/2021T14:37:08Z,28,42,50,65.59,24.45,992.72 
24/10/2021T14:37:38Z,27,39,47,64.90,24.53,992.69 
24/10/2021T14:38:09Z,27,41,49,65.18,24.58,992.62 
24/10/2021T14:38:39Z,28,42,50,64.89,24.74,992.61 
24/10/2021T14:39:10Z,27,40,48,64.32,24.85,992.67 
24/10/2021T14:39:41Z,27,41,50,64.37,24.91,992.64 
24/10/2021T14:40:11Z,26,39,48,64.01,24.81,992.68 
24/10/2021T14:40:42Z,27,38,45,65.58,24.61,992.62 
24/10/2021T14:41:12Z,26,37,44,64.77,24.92,992.67 
24/10/2021T14:41:43Z,26,40,49,64.23,25.00,992.70 
24/10/2021T14:42:14Z,25,38,47,64.06,24.81,992.70 
24/10/2021T14:42:44Z,25,37,45,65.09,24.78,992.66 
24/10/2021T14:43:15Z,24,36,44,64.67,24.85,992.68 
24/10/2021T14:43:45Z,24,35,42,63.80,24.86,992.70 
24/10/2021T14:44:16Z,23,35,42,64.20,24.75,992.65 
24/10/2021T14:44:47Z,22,34,40,63.97,24.67,992.70 
24/10/2021T14:45:17Z,22,31,34,65.42,24.31,992.67 
24/10/2021T14:45:47Z,20,30,34,65.42,24.40,992.69 
24/10/2021T14:46:18Z,22,31,38,65.46,24.62,992.72 
24/10/2021T14:46:49Z,22,32,35,64.58,24.86,992.76 
24/10/2021T14:47:19Z,21,30,36,64.44,24.93,992.77 
24/10/2021T14:47:50Z,22,33,37,64.97,24.72,992.76 
24/10/2021T14:48:20Z,23,34,41,65.41,24.77,992.76 
24/10/2021T14:48:50Z,22,33,40,64.97,24.74,992.78 
24/10/2021T14:49:21Z,23,34,42,65.38,24.57,992.76 
24/10/2021T14:49:51Z,25,38,46,66.47,24.30,992.70 
24/10/2021T14:50:22Z,23,35,43,66.72,24.45,992.68 
24/10/2021T14:50:53Z,25,34,40,66.54,24.27,992.67 
24/10/2021T14:51:23Z,26,39,47,66.93,24.06,992.69 
24/10/2021T14:51:53Z,28,40,49,67.98,23.75,992.68 
24/10/2021T14:52:24Z,25,37,47,68.40,24.01,992.67 
24/10/2021T14:52:55Z,23,33,38,67.64,23.70,992.71 
24/10/2021T14:53:26Z,22,34,41,69.48,23.50,992.71 
24/10/2021T14:53:56Z,24,36,42,69.70,23.51,992.71 
24/10/2021T14:54:26Z,23,35,42,69.52,23.81,992.72 
24/10/2021T14:54:57Z,22,31,35,68.00,24.17,992.74 
24/10/2021T14:55:28Z,25,36,42,67.25,24.43,992.74 
24/10/2021T14:55:58Z,25,36,41,66.85,24.45,992.77 
24/10/2021T14:56:28Z,25,37,43,68.37,24.12,992.79 
24/10/2021T14:56:59Z,27,38,46,69.32,23.82,992.81 
24/10/2021T14:57:29Z,29,43,54,69.92,23.67,992.84 
24/10/2021T14:58:00Z,26,37,44,70.19,23.58,992.85 
24/10/2021T14:58:31Z,27,38,46,70.17,23.45,992.89 
24/10/2021T14:59:02Z,28,42,51,70.25,23.42,992.86 
24/10/2021T14:59:32Z,26,37,45,70.47,23.74,992.85 
24/10/2021T15:00:02Z,27,40,47,68.58,24.13,992.86 
24/10/2021T15:00:33Z,27,40,48,67.47,24.45,992.84 
24/10/2021T15:01:03Z,27,39,47,66.52,24.76,992.85 
24/10/2021T15:01:33Z,27,41,49,65.44,25.01,992.86 
24/10/2021T15:02:03Z,27,39,49,64.66,25.22,992.85 
24/10/2021T15:02:34Z,26,37,45,63.98,25.41,992.85 
24/10/2021T15:03:04Z,27,39,48,63.36,25.57,992.85 
24/10/2021T15:03:34Z,27,40,48,62.87,25.70,992.84 
24/10/2021T15:04:04Z,27,40,47,62.47,25.82,992.88 
24/10/2021T15:04:35Z,26,39,48,62.11,25.92,992.90 
24/10/2021T15:05:05Z,26,39,47,61.81,26.01,992.91 
24/10/2021T15:05:36Z,26,39,47,61.51,26.10,992.92 
24/10/2021T15:06:06Z,27,39,48,61.27,26.17,992.92 
24/10/2021T15:06:36Z,27,39,48,61.06,26.23,992.92 
24/10/2021T15:07:06Z,27,38,48,60.89,26.29,992.91 
24/10/2021T15:07:37Z,27,39,47,60.75,26.32,992.88 
24/10/2021T15:08:07Z,27,40,48,60.66,26.35,992.87 
24/10/2021T15:08:37Z,27,41,50,60.59,26.39,992.86 
24/10/2021T15:09:08Z,28,42,52,60.48,26.42,992.82 
24/10/2021T15:09:38Z,28,42,50,60.41,26.44,992.80 
24/10/2021T15:10:08Z,27,41,50,60.33,26.46,992.81 
24/10/2021T15:10:39Z,27,40,49,60.26,26.49,992.79 
24/10/2021T15:11:09Z,28,41,51,60.23,26.51,992.80 
24/10/2021T15:11:40Z,28,43,53,60.15,26.53,992.81 
24/10/2021T15:12:11Z,28,44,54,60.13,26.53,992.84 
24/10/2021T15:12:41Z,29,44,53,60.06,26.56,992.86 
24/10/2021T15:13:12Z,28,43,54,60.05,26.56,992.90 
24/10/2021T15:13:42Z,29,44,54,60.05,26.58,992.92 
24/10/2021T15:14:13Z,30,45,56,60.01,26.59,992.94 
24/10/2021T15:14:43Z,30,44,54,60.01,26.60,992.96 
24/10/2021T15:15:14Z,30,44,54,59.95,26.61,993.00 
24/10/2021T15:15:45Z,29,43,53,59.91,26.62,993.01 
24/10/2021T15:16:15Z,29,42,53,59.89,26.63,993.02 
24/10/2021T15:16:46Z,30,43,53,59.85,26.64,993.02 
24/10/2021T15:17:16Z,29,43,53,59.84,26.65,993.01 
24/10/2021T15:17:47Z,29,42,52,59.81,26.66,993.01 
24/10/2021T15:18:17Z,29,43,55,59.80,26.66,993.01 
24/10/2021T15:18:48Z,29,43,53,59.82,26.66,993.01 
24/10/2021T15:19:19Z,29,43,54,59.77,26.68,992.99 
24/10/2021T15:19:49Z,29,42,51,59.78,26.68,992.99 
24/10/2021T15:20:19Z,29,43,53,59.77,26.68,992.98 
24/10/2021T15:20:50Z,28,41,51,59.76,26.68,992.97 
24/10/2021T15:21:20Z,28,42,51,59.75,26.68,992.95 
24/10/2021T15:21:50Z,28,43,53,59.77,26.68,992.94 
24/10/2021T15:22:20Z,29,42,50,59.70,26.68,992.95 
24/10/2021T15:22:51Z,27,42,51,59.71,26.69,992.93 
24/10/2021T15:23:22Z,28,41,49,59.63,26.70,992.92 
24/10/2021T15:23:53Z,28,40,49,59.60,26.70,992.89 
24/10/2021T15:24:23Z,28,42,51,59.65,26.70,992.89 
24/10/2021T15:24:54Z,27,40,48,59.58,26.70,992.90 
24/10/2021T15:25:24Z,28,42,51,59.59,26.70,992.90 
24/10/2021T15:25:55Z,29,42,53,59.61,26.69,992.90 
24/10/2021T15:26:25Z,28,42,51,59.63,26.70,992.90 
24/10/2021T15:26:55Z,27,41,51,59.61,26.71,992.92 
24/10/2021T15:27:26Z,28,41,50,59.58,26.71,992.95 
24/10/2021T15:27:56Z,28,43,52,59.60,26.71,992.96 
24/10/2021T15:28:27Z,28,41,50,59.54,26.71,992.96 
24/10/2021T15:28:57Z,28,43,53,59.55,26.71,992.98 
24/10/2021T15:29:28Z,27,41,50,59.55,26.71,992.98 
24/10/2021T15:29:59Z,27,41,49,59.54,26.72,993.00 
24/10/2021T15:30:29Z,28,44,54,59.53,26.72,992.99 
24/10/2021T15:31:00Z,28,41,48,59.51,26.72,993.00 
24/10/2021T15:31:31Z,27,41,49,59.50,26.72,992.99 
24/10/2021T15:32:01Z,28,42,51,59.49,26.72,992.99 
24/10/2021T15:32:32Z,27,41,50,59.48,26.72,992.99 
24/10/2021T15:33:02Z,28,42,52,59.45,26.72,992.98 
24/10/2021T15:33:32Z,28,43,52,59.43,26.72,992.98 
24/10/2021T15:34:03Z,27,41,49,59.43,26.72,992.98 
24/10/2021T15:34:33Z,28,43,52,59.46,26.72,992.96 
24/10/2021T15:35:04Z,28,41,49,59.48,26.72,992.96 
24/10/2021T15:35:34Z,29,43,51,59.47,26.72,992.98 
24/10/2021T15:36:05Z,28,42,52,59.47,26.73,992.98 
24/10/2021T15:36:35Z,29,42,51,59.46,26.74,992.98 
24/10/2021T15:37:06Z,28,41,50,59.41,26.74,993.00 
24/10/2021T15:37:36Z,28,43,52,59.40,26.74,993.01 
24/10/2021T15:38:07Z,28,42,51,59.45,26.74,993.01 
24/10/2021T15:38:38Z,28,42,50,59.44,26.74,993.02 
24/10/2021T15:39:08Z,28,42,51,59.43,26.73,993.00 
24/10/2021T15:39:38Z,28,42,51,59.46,26.73,993.01 
24/10/2021T15:40:09Z,28,42,50,59.43,26.74,992.98 
24/10/2021T15:40:39Z,28,41,50,59.43,26.73,992.97 
24/10/2021T15:41:10Z,28,41,49,59.43,26.73,992.96 
24/10/2021T15:41:40Z,29,42,52,59.45,26.73,992.94 
24/10/2021T15:42:11Z,28,42,51,59.38,26.73,992.95 
24/10/2021T15:42:41Z,28,43,52,59.35,26.73,992.95 
24/10/2021T15:43:12Z,28,43,52,59.35,26.72,992.94 
24/10/2021T15:43:42Z,28,41,50,59.37,26.72,992.93 
24/10/2021T15:44:13Z,28,43,52,59.30,26.72,992.92 
24/10/2021T15:44:43Z,28,41,50,59.31,26.72,992.91 
24/10/2021T15:45:14Z,27,41,49,59.27,26.72,992.90 
24/10/2021T15:45:45Z,27,40,50,59.27,26.72,992.91 
24/10/2021T15:46:16Z,28,40,50,59.26,26.72,992.90 
24/10/2021T15:46:46Z,28,41,49,59.22,26.73,992.91 
24/10/2021T15:47:17Z,27,41,50,59.16,26.73,992.91 
24/10/2021T15:47:47Z,27,40,48,59.14,26.74,992.91 
24/10/2021T15:48:18Z,27,41,52,59.07,26.74,992.91 
24/10/2021T15:48:48Z,27,39,47,59.09,26.73,992.89 
24/10/2021T15:49:19Z,27,40,49,59.10,26.73,992.88 
24/10/2021T15:49:50Z,27,41,50,59.09,26.73,992.87 
24/10/2021T15:50:20Z,27,39,47,59.02,26.74,992.87 
24/10/2021T15:50:50Z,27,41,49,59.07,26.74,992.84 
24/10/2021T15:51:20Z,27,40,49,59.00,26.75,992.84 
24/10/2021T15:51:51Z,27,39,48,58.97,26.74,992.84 
24/10/2021T15:52:21Z,27,38,46,59.05,26.73,992.81 
24/10/2021T15:52:52Z,27,40,47,59.03,26.73,992.82 
24/10/2021T15:53:22Z,27,40,48,59.04,26.70,992.83 
24/10/2021T15:53:52Z,27,39,47,59.10,26.71,992.82 
24/10/2021T15:54:23Z,26,38,46,59.12,26.71,992.83 
24/10/2021T15:54:53Z,26,39,49,59.11,26.72,992.83 
24/10/2021T15:55:24Z,27,39,48,59.04,26.73,992.85 
24/10/2021T15:55:55Z,27,40,47,58.87,26.73,992.90 
24/10/2021T15:56:26Z,27,38,47,58.86,26.73,992.88 
24/10/2021T15:56:56Z,27,39,46,58.88,26.73,992.88 
24/10/2021T15:57:26Z,26,38,45,58.77,26.72,992.92 
24/10/2021T15:57:57Z,26,39,47,58.79,26.73,992.92 
24/10/2021T15:58:27Z,26,39,46,58.75,26.73,992.92 
24/10/2021T15:58:58Z,26,39,47,58.73,26.70,992.94 
24/10/2021T15:59:29Z,27,40,49,58.95,26.71,992.88 
24/10/2021T15:59:59Z,27,37,44,58.85,26.72,992.91 
24/10/2021T16:00:30Z,26,37,43,58.79,26.72,992.94 
24/10/2021T16:01:00Z,25,35,42,58.70,26.73,992.95 
24/10/2021T16:01:31Z,26,36,42,58.69,26.74,992.94 
24/10/2021T16:02:01Z,25,36,42,58.60,26.74,992.95 
24/10/2021T16:02:32Z,25,37,45,58.56,26.74,992.94 
24/10/2021T16:03:02Z,26,37,47,58.52,26.74,992.96 
24/10/2021T16:03:33Z,25,36,45,58.49,26.75,992.96 
24/10/2021T16:04:03Z,26,37,44,58.41,26.75,992.95 
24/10/2021T16:04:33Z,25,38,47,58.33,26.75,992.97 
24/10/2021T16:05:04Z,25,37,45,58.42,26.75,992.92 
24/10/2021T16:05:35Z,25,36,44,58.38,26.75,992.93 
24/10/2021T16:06:06Z,25,36,44,58.36,26.76,992.92 
24/10/2021T16:06:37Z,25,35,42,58.30,26.77,992.92 
24/10/2021T16:07:07Z,26,37,43,58.27,26.78,992.91 
24/10/2021T16:07:38Z,25,37,45,58.27,26.78,992.91 
24/10/2021T16:08:09Z,25,35,43,58.27,26.78,992.90 
24/10/2021T16:08:39Z,25,37,44,58.29,26.78,992.90 
24/10/2021T16:09:10Z,25,36,44,58.26,26.78,992.91 
24/10/2021T16:09:41Z,26,37,45,58.29,26.78,992.89 
24/10/2021T16:10:11Z,27,36,43,58.27,26.77,992.89 
24/10/2021T16:10:42Z,27,39,45,58.25,26.77,992.88 
24/10/2021T16:11:12Z,27,38,47,58.22,26.78,992.89 
24/10/2021T16:12:06Z,24,35,44,58.17,26.78,992.89 
24/10/2021T16:12:36Z,25,37,43,58.25,26.75,992.87 
