25/10/2021T03:36:21Z,89,137,147,67.44,24.02,993.58 
25/10/2021T03:36:52Z,89,141,157,67.47,24.04,993.60 
25/10/2021T03:37:23Z,84,133,144,67.23,23.91,993.71 
25/10/2021T03:37:52Z,78,119,126,67.40,23.82,993.72 
25/10/2021T03:38:22Z,76,117,129,67.75,23.89,993.71 
25/10/2021T03:38:52Z,74,116,127,67.08,23.91,993.75 
25/10/2021T03:39:23Z,78,122,135,67.11,24.04,993.75 
25/10/2021T03:39:53Z,74,116,127,66.91,23.95,993.78 
25/10/2021T03:40:24Z,72,120,140,67.06,23.91,993.79 
25/10/2021T03:40:54Z,68,114,136,67.11,23.86,993.77 
25/10/2021T03:41:25Z,65,108,126,67.43,23.89,993.76 
25/10/2021T03:41:55Z,68,122,151,67.37,23.97,993.76 
25/10/2021T03:42:26Z,65,111,135,67.02,23.95,993.78 
25/10/2021T03:42:57Z,70,122,156,67.09,23.94,993.76 
25/10/2021T03:43:27Z,66,114,137,66.86,23.91,993.77 
25/10/2021T03:43:57Z,65,108,129,67.01,23.92,993.76 
25/10/2021T03:44:27Z,64,109,124,67.08,23.96,993.77 
25/10/2021T03:44:57Z,68,114,130,67.15,23.96,993.78 
25/10/2021T03:45:28Z,77,124,144,67.09,24.05,993.80 
25/10/2021T03:45:58Z,84,134,148,67.03,24.07,993.78 
25/10/2021T03:46:29Z,83,130,149,66.97,24.13,993.80 
25/10/2021T03:46:59Z,82,132,145,67.14,24.22,993.77 
25/10/2021T03:47:30Z,82,126,137,66.97,24.32,993.78 
25/10/2021T03:48:00Z,84,134,145,67.08,24.41,993.75 
25/10/2021T03:48:31Z,81,130,144,66.44,24.51,993.77 
25/10/2021T03:49:01Z,86,132,146,66.54,24.45,993.77 
25/10/2021T03:49:31Z,83,132,145,66.60,24.40,993.78 
25/10/2021T03:50:02Z,72,111,120,66.56,24.26,993.80 
25/10/2021T03:50:32Z,78,121,133,66.85,24.20,993.81 
25/10/2021T03:51:03Z,80,121,129,67.23,24.32,993.77 
25/10/2021T03:51:33Z,84,130,140,66.84,24.42,993.78 
25/10/2021T03:52:03Z,81,124,138,66.34,24.43,993.79 
25/10/2021T03:52:33Z,75,116,127,65.88,24.44,993.81 
25/10/2021T03:53:04Z,75,116,129,66.25,24.42,993.79 
25/10/2021T03:53:34Z,83,129,141,66.33,24.49,993.78 
25/10/2021T03:54:05Z,89,133,142,65.83,24.60,993.79 
25/10/2021T03:54:36Z,85,129,136,65.72,24.62,993.79 
25/10/2021T03:55:06Z,79,121,133,65.68,24.56,993.80 
25/10/2021T03:55:36Z,77,122,134,65.88,24.50,993.77 
25/10/2021T03:56:07Z,75,117,125,65.72,24.52,993.77 
25/10/2021T03:56:37Z,80,122,132,65.61,24.69,993.76 
25/10/2021T03:57:08Z,74,115,126,64.95,24.60,993.79 
25/10/2021T03:57:38Z,80,121,130,65.49,24.48,993.76 
25/10/2021T03:58:08Z,78,120,132,65.75,24.39,993.76 
25/10/2021T03:58:39Z,78,124,134,66.03,24.32,993.77 
25/10/2021T03:59:09Z,79,121,130,66.33,24.29,993.75 
25/10/2021T03:59:39Z,74,116,123,66.45,24.25,993.76 
25/10/2021T04:00:10Z,70,110,114,66.24,24.22,993.77 
25/10/2021T04:00:41Z,70,109,118,67.01,24.14,993.74 
25/10/2021T04:01:11Z,69,107,115,67.02,24.17,993.74 
25/10/2021T04:01:42Z,67,103,110,67.11,24.15,993.74 
25/10/2021T04:02:12Z,71,113,122,67.21,24.17,993.73 
25/10/2021T04:02:43Z,73,113,122,67.04,24.26,993.73 
25/10/2021T04:03:13Z,73,112,127,67.02,24.37,993.71 
25/10/2021T04:03:43Z,74,112,119,66.73,24.39,993.72 
25/10/2021T04:04:14Z,72,110,118,66.69,24.36,993.74 
25/10/2021T04:04:45Z,67,104,111,66.51,24.45,993.75 
25/10/2021T04:05:15Z,68,106,116,66.34,24.65,993.73 
25/10/2021T04:05:46Z,63,101,109,65.13,24.63,993.79 
25/10/2021T04:06:16Z,62,100,107,65.05,24.51,993.79 
25/10/2021T04:06:47Z,59,93,100,65.24,24.45,993.77 
25/10/2021T04:07:17Z,58,92,100,65.39,24.39,993.77 
25/10/2021T04:07:48Z,55,87,95,65.07,24.30,993.81 
25/10/2021T04:08:18Z,51,80,86,64.86,24.23,993.84 
25/10/2021T04:08:49Z,55,87,94,65.39,24.20,993.80 
25/10/2021T04:09:19Z,57,91,96,65.50,24.23,993.80 
25/10/2021T04:09:50Z,55,88,96,65.48,24.31,993.79 
25/10/2021T04:10:20Z,52,85,98,64.92,24.29,993.82 
25/10/2021T04:10:50Z,54,87,99,64.57,24.27,993.83 
25/10/2021T04:11:21Z,51,81,92,64.95,24.29,993.81 
25/10/2021T04:11:51Z,52,81,90,65.02,24.44,993.79 
25/10/2021T04:12:22Z,53,85,93,64.08,24.38,993.85 
25/10/2021T04:12:53Z,52,83,91,64.33,24.38,993.83 
25/10/2021T04:13:24Z,53,87,94,64.41,24.44,993.81 
25/10/2021T04:13:54Z,53,84,90,64.35,24.44,993.81 
25/10/2021T04:14:25Z,60,93,103,64.68,24.47,993.79 
25/10/2021T04:14:56Z,50,80,87,63.95,24.39,993.88 
25/10/2021T04:15:27Z,52,84,92,64.68,24.61,993.79 
25/10/2021T04:15:57Z,56,87,95,63.67,24.83,993.85 
25/10/2021T04:16:28Z,58,89,98,63.75,24.83,993.84 
25/10/2021T04:16:59Z,59,94,103,63.26,24.93,993.87 
25/10/2021T04:17:29Z,56,89,98,63.46,24.84,993.88 
25/10/2021T04:18:00Z,56,89,97,63.90,24.76,993.86 
25/10/2021T04:18:31Z,58,93,103,63.72,24.89,993.87 
25/10/2021T04:19:01Z,62,100,110,63.61,24.85,993.89 
25/10/2021T04:19:32Z,59,94,106,63.49,24.99,993.88 
25/10/2021T04:20:02Z,60,95,104,63.04,25.00,993.91 
25/10/2021T04:20:33Z,57,88,98,63.33,24.95,993.89 
25/10/2021T04:21:04Z,57,88,96,63.42,24.91,993.89 
25/10/2021T04:21:34Z,59,91,98,63.62,24.88,993.88 
25/10/2021T04:22:05Z,73,112,120,63.74,24.80,993.88 
25/10/2021T04:22:35Z,69,108,114,63.98,24.94,993.87 
25/10/2021T04:23:06Z,60,97,104,63.67,25.15,993.87 
25/10/2021T04:23:37Z,65,104,117,63.01,25.15,993.91 
25/10/2021T04:24:07Z,65,100,112,63.20,25.14,993.89 
25/10/2021T04:24:38Z,66,103,110,63.35,25.24,993.91 
25/10/2021T04:25:09Z,64,98,106,62.75,25.45,993.95 
25/10/2021T04:25:39Z,65,102,114,62.30,25.50,993.97 
25/10/2021T04:26:09Z,62,98,109,62.48,25.48,993.95 
25/10/2021T04:26:40Z,71,112,125,62.60,25.49,993.95 
25/10/2021T04:27:10Z,62,97,103,62.62,25.32,993.94 
25/10/2021T04:27:41Z,59,92,99,62.91,25.11,993.94 
25/10/2021T04:28:12Z,62,96,103,63.55,25.02,993.90 
25/10/2021T04:28:42Z,65,105,113,63.79,24.95,993.91 
25/10/2021T04:29:12Z,70,109,120,64.09,24.98,993.89 
25/10/2021T04:29:43Z,65,102,109,64.00,25.17,993.87 
25/10/2021T04:30:14Z,65,100,109,63.40,25.34,993.88 
25/10/2021T04:30:44Z,65,101,108,63.27,25.33,993.89 
25/10/2021T04:31:15Z,62,94,101,63.41,25.28,993.88 
25/10/2021T04:31:45Z,61,96,107,63.49,25.34,993.90 
25/10/2021T04:32:16Z,64,102,111,62.99,25.53,993.93 
25/10/2021T04:32:46Z,64,97,106,62.54,25.67,993.93 
25/10/2021T04:33:17Z,68,105,117,62.35,25.76,993.93 
25/10/2021T04:33:48Z,66,105,115,61.88,25.72,993.96 
25/10/2021T04:34:18Z,60,94,100,62.23,25.56,993.91 
25/10/2021T04:34:49Z,64,101,111,62.47,25.53,993.90 
25/10/2021T04:35:20Z,63,102,109,62.37,25.61,993.92 
25/10/2021T04:35:51Z,77,122,133,62.61,25.48,993.90 
25/10/2021T04:36:21Z,61,96,105,62.81,25.46,993.90 
25/10/2021T04:36:52Z,61,94,98,63.30,25.29,993.85 
25/10/2021T04:37:22Z,77,115,121,64.01,25.15,993.82 
25/10/2021T04:37:53Z,70,105,114,64.18,25.07,993.86 
25/10/2021T04:38:23Z,63,94,100,64.27,25.00,993.86 
25/10/2021T04:38:54Z,61,92,98,64.40,25.00,993.86 
25/10/2021T04:39:24Z,62,95,101,64.07,25.13,993.87 
25/10/2021T04:39:55Z,65,105,112,63.59,25.36,993.92 
25/10/2021T04:40:26Z,65,102,112,63.33,25.50,993.90 
25/10/2021T04:40:56Z,66,103,111,63.91,25.47,993.86 
25/10/2021T04:41:27Z,64,100,109,63.55,25.52,993.89 
25/10/2021T04:41:57Z,59,93,100,63.20,25.51,993.91 
25/10/2021T04:42:28Z,56,87,97,63.33,25.46,993.90 
25/10/2021T04:42:58Z,55,87,92,62.99,25.50,993.93 
25/10/2021T04:43:28Z,60,92,97,63.01,25.57,993.91 
25/10/2021T04:43:59Z,61,95,103,62.93,25.61,993.89 
25/10/2021T04:44:29Z,60,93,100,62.61,25.72,993.93 
25/10/2021T04:44:59Z,60,93,101,62.27,25.78,993.93 
25/10/2021T04:45:30Z,57,88,96,62.36,25.81,993.90 
25/10/2021T04:46:01Z,57,90,99,62.38,25.80,993.89 
25/10/2021T04:46:31Z,56,87,92,62.21,25.79,993.92 
25/10/2021T04:47:02Z,56,88,94,62.15,25.82,993.91 
25/10/2021T04:47:33Z,57,86,93,62.02,25.79,993.92 
25/10/2021T04:48:03Z,55,86,90,62.32,25.73,993.88 
25/10/2021T04:48:34Z,54,82,92,62.36,25.64,993.90 
25/10/2021T04:49:04Z,53,86,96,62.34,25.59,993.92 
25/10/2021T04:49:35Z,51,81,92,62.94,25.41,993.88 
25/10/2021T04:50:06Z,55,83,92,62.81,25.47,993.91 
25/10/2021T04:50:36Z,53,84,90,63.15,25.31,993.86 
25/10/2021T04:51:07Z,52,80,85,63.04,25.49,993.89 
25/10/2021T04:51:38Z,52,82,88,62.49,25.56,993.89 
25/10/2021T04:52:09Z,50,81,90,62.13,25.66,993.90 
25/10/2021T04:52:40Z,51,79,86,61.96,25.66,993.90 
25/10/2021T04:53:10Z,50,76,83,62.01,25.72,993.88 
25/10/2021T04:53:40Z,51,80,85,61.69,25.78,993.91 
25/10/2021T04:54:10Z,52,81,86,61.69,25.82,993.89 
25/10/2021T04:54:41Z,56,88,94,61.87,25.86,993.85 
25/10/2021T04:55:12Z,56,87,97,61.71,25.87,993.86 
25/10/2021T04:55:42Z,52,85,92,61.41,25.93,993.88 
25/10/2021T04:56:13Z,51,83,92,61.22,25.92,993.88 
25/10/2021T04:56:44Z,51,80,87,61.11,25.85,993.89 
25/10/2021T04:57:15Z,51,83,91,61.62,25.78,993.83 
25/10/2021T04:57:46Z,52,80,88,61.55,25.87,993.82 
25/10/2021T04:58:16Z,50,78,83,61.31,25.91,993.83 
25/10/2021T04:58:47Z,51,82,91,61.23,25.94,993.83 
25/10/2021T04:59:17Z,49,79,85,61.02,25.95,993.85 
25/10/2021T04:59:47Z,50,78,86,61.16,25.96,993.82 
25/10/2021T05:00:18Z,52,80,89,61.57,25.94,993.74 
25/10/2021T05:00:49Z,52,82,88,61.55,25.98,993.76 
25/10/2021T05:01:19Z,52,79,84,61.40,26.01,993.79 
25/10/2021T05:01:49Z,53,82,92,62.02,26.00,993.71 
25/10/2021T05:02:20Z,53,82,87,61.90,26.02,993.75 
25/10/2021T05:02:50Z,54,85,91,61.75,25.87,993.83 
25/10/2021T05:03:21Z,52,80,86,61.81,25.91,993.81 
25/10/2021T05:03:51Z,51,81,86,61.46,25.92,993.86 
25/10/2021T05:04:21Z,55,86,90,61.83,25.74,993.82 
25/10/2021T05:04:51Z,53,80,87,62.31,25.60,993.79 
25/10/2021T05:05:22Z,55,85,94,63.15,25.48,993.75 
25/10/2021T05:05:53Z,52,81,89,63.12,25.61,993.77 
25/10/2021T05:06:24Z,52,83,92,62.71,25.70,993.81 
25/10/2021T05:06:54Z,56,87,94,63.08,25.59,993.76 
25/10/2021T05:07:25Z,57,87,94,63.29,25.56,993.76 
25/10/2021T05:07:56Z,56,86,91,63.52,25.56,993.76 
25/10/2021T05:08:26Z,55,85,93,62.83,25.71,993.82 
25/10/2021T05:08:57Z,57,88,96,62.45,25.78,993.87 
25/10/2021T05:09:27Z,58,88,96,62.24,25.81,993.84 
25/10/2021T05:09:57Z,59,93,102,62.31,25.80,993.82 
25/10/2021T05:10:28Z,60,94,102,62.76,25.62,993.79 
25/10/2021T05:10:58Z,58,90,99,63.43,25.53,993.77 
25/10/2021T05:11:28Z,57,89,95,63.31,25.52,993.78 
25/10/2021T05:11:58Z,60,93,99,63.22,25.51,993.80 
25/10/2021T05:12:29Z,59,93,103,63.66,25.58,993.75 
25/10/2021T05:12:59Z,62,92,100,63.10,25.67,993.79 
25/10/2021T05:13:29Z,59,92,98,63.49,25.59,993.73 
25/10/2021T05:14:00Z,58,91,99,63.00,25.62,993.77 
25/10/2021T05:14:30Z,58,89,98,63.35,25.58,993.73 
25/10/2021T05:15:00Z,56,88,94,63.28,25.71,993.74 
25/10/2021T05:15:31Z,58,93,96,62.92,25.60,993.76 
25/10/2021T05:16:02Z,58,91,98,63.32,25.56,993.73 
25/10/2021T05:16:32Z,59,93,100,63.18,25.72,993.73 
25/10/2021T05:17:02Z,61,96,104,62.46,25.80,993.77 
25/10/2021T05:17:32Z,62,99,110,62.22,25.79,993.78 
25/10/2021T05:18:02Z,65,100,112,62.50,25.77,993.72 
25/10/2021T05:18:32Z,64,103,109,62.26,25.85,993.75 
25/10/2021T05:19:13Z,68,110,118,63.07,25.67,993.68 
25/10/2021T05:19:43Z,64,98,105,63.42,25.63,993.66 
25/10/2021T05:20:14Z,61,95,102,63.23,25.54,993.70 
25/10/2021T05:20:44Z,61,95,98,63.86,25.60,993.64 
25/10/2021T05:21:15Z,122,179,190,63.55,25.71,993.67 
25/10/2021T05:21:45Z,149,255,279,63.25,25.64,993.71 
25/10/2021T05:22:16Z,335,770,888,63.60,25.75,993.68 
25/10/2021T05:22:46Z,324,685,774,62.85,25.92,993.70 
25/10/2021T05:23:16Z,310,603,676,62.49,26.08,993.69 
25/10/2021T05:23:47Z,223,391,438,61.72,26.13,993.74 
25/10/2021T05:24:17Z,278,574,663,62.19,26.13,993.67 
25/10/2021T05:24:47Z,317,806,966,61.99,26.22,993.67 
25/10/2021T05:25:18Z,208,420,494,61.49,26.08,993.73 
25/10/2021T05:25:48Z,293,803,1005,61.70,26.10,993.70 
25/10/2021T05:26:19Z,281,966,1289,61.76,26.16,993.65 
25/10/2021T05:26:49Z,254,597,735,61.08,26.17,993.72 
25/10/2021T05:27:20Z,262,641,787,60.99,26.18,993.71 
25/10/2021T05:27:50Z,249,624,775,60.84,26.20,993.72 
25/10/2021T05:28:21Z,248,872,1168,61.51,26.20,993.62 
25/10/2021T05:28:51Z,215,672,890,61.74,26.05,993.61 
25/10/2021T05:29:22Z,224,718,959,61.81,25.97,993.61 
25/10/2021T05:29:52Z,230,1211,148,62.17,25.97,993.58 
25/10/2021T05:30:23Z,227,1147,1698,62.08,26.01,993.58 
25/10/2021T05:30:53Z,259,1183,17,62.27,26.02,993.57 
25/10/2021T05:31:24Z,244,1330,250,62.08,26.06,993.57 
25/10/2021T05:31:54Z,245,1112,1576,62.16,26.02,993.58 
25/10/2021T05:32:24Z,203,665,899,62.27,25.92,993.57 
25/10/2021T05:32:55Z,217,1024,1523,62.67,25.86,993.52 
25/10/2021T05:33:25Z,219,696,916,62.56,25.86,993.56 
25/10/2021T05:33:55Z,234,1261,146,62.72,25.90,993.54 
25/10/2021T05:34:26Z,206,613,796,62.46,25.83,993.56 
25/10/2021T05:34:56Z,241,1318,233,62.80,25.88,993.50 
25/10/2021T05:35:27Z,247,1163,1672,62.48,25.95,993.52 
25/10/2021T05:35:57Z,252,943,1278,62.29,26.01,993.53 
25/10/2021T05:36:27Z,243,659,823,62.24,26.05,993.51 
25/10/2021T05:36:58Z,229,616,774,62.07,26.05,993.52 
25/10/2021T05:37:29Z,255,1077,1460,62.23,26.05,993.49 
25/10/2021T05:37:59Z,142,284,339,61.98,25.97,993.51 
25/10/2021T05:38:30Z,248,980,1342,62.76,25.89,993.43 
25/10/2021T05:39:00Z,167,718,1026,62.74,25.84,993.45 
25/10/2021T05:39:31Z,208,1489,732,62.72,25.93,993.45 
25/10/2021T05:40:01Z,217,474,564,61.90,26.03,993.50 
25/10/2021T05:40:31Z,222,498,606,61.75,26.09,993.51 
25/10/2021T05:41:02Z,156,324,387,61.42,26.03,993.54 
25/10/2021T05:41:32Z,120,216,248,62.25,25.81,993.44 
25/10/2021T05:42:03Z,148,318,381,62.87,25.73,993.41 
25/10/2021T05:42:33Z,133,256,302,63.20,25.62,993.42 
25/10/2021T05:43:03Z,215,579,715,63.66,25.59,993.40 
25/10/2021T05:43:34Z,225,1368,361,63.67,25.75,993.38 
25/10/2021T05:44:05Z,236,830,1120,63.49,25.87,993.39 
25/10/2021T05:44:36Z,222,490,575,63.19,25.95,993.40 
25/10/2021T05:45:07Z,237,545,643,62.97,26.07,993.40 
25/10/2021T05:45:37Z,246,568,691,62.78,26.18,993.41 
25/10/2021T05:46:08Z,264,651,809,62.34,26.25,993.45 
25/10/2021T05:46:38Z,252,659,807,62.60,26.20,993.41 
25/10/2021T05:47:08Z,241,1451,471,62.37,26.26,993.45 
25/10/2021T05:47:38Z,242,826,1092,62.00,26.27,993.49 
25/10/2021T05:48:09Z,252,607,761,61.93,26.37,993.48 
25/10/2021T05:48:39Z,213,491,608,61.98,26.32,993.45 
25/10/2021T05:49:10Z,235,555,680,61.95,26.23,993.46 
25/10/2021T05:49:40Z,244,763,977,62.41,26.14,993.42 
25/10/2021T05:50:11Z,254,1352,260,62.57,26.23,993.42 
25/10/2021T05:50:42Z,276,1062,1397,62.05,26.33,993.45 
25/10/2021T05:51:12Z,235,521,624,61.06,26.33,993.55 
25/10/2021T05:51:42Z,282,794,1002,61.39,26.32,993.50 
25/10/2021T05:52:12Z,279,723,902,61.02,26.38,993.52 
25/10/2021T05:52:43Z,276,728,912,60.60,26.37,993.55 
25/10/2021T05:53:14Z,260,701,882,60.87,26.31,993.51 
25/10/2021T05:53:44Z,219,1581,841,61.48,26.31,993.42 
25/10/2021T05:54:15Z,254,1037,1390,61.29,26.30,993.46 
25/10/2021T05:54:45Z,201,1137,40,62.06,26.17,993.40 
25/10/2021T05:55:16Z,240,1211,58,62.01,26.14,993.42 
25/10/2021T05:55:46Z,234,1484,523,62.20,26.12,993.41 
25/10/2021T05:56:16Z,282,906,1174,61.34,26.20,993.51 
25/10/2021T05:56:46Z,231,585,725,60.71,26.18,993.55 
25/10/2021T05:57:17Z,286,1058,1369,61.24,26.19,993.47 
25/10/2021T05:57:47Z,243,678,855,61.02,26.22,993.50 
25/10/2021T05:58:18Z,194,391,456,61.33,26.06,993.46 
25/10/2021T05:58:49Z,204,428,520,61.75,25.93,993.41 
25/10/2021T05:59:19Z,227,615,780,62.28,25.90,993.36 
25/10/2021T05:59:49Z,258,1322,174,62.29,26.04,993.37 
25/10/2021T06:00:20Z,254,1235,104,62.36,26.07,993.35 
25/10/2021T06:00:50Z,278,938,1224,61.88,26.17,993.40 
25/10/2021T06:01:21Z,255,614,734,61.23,26.26,993.47 
25/10/2021T06:01:51Z,262,657,798,61.02,26.25,993.46 
25/10/2021T06:02:22Z,261,629,758,60.96,26.31,993.44 
25/10/2021T06:02:52Z,234,524,637,60.74,26.31,993.45 
25/10/2021T06:03:23Z,253,582,709,60.66,26.35,993.44 
25/10/2021T06:03:53Z,252,586,714,60.56,26.39,993.45 
25/10/2021T06:04:24Z,198,431,518,60.33,26.43,993.46 
25/10/2021T06:04:54Z,140,262,308,60.52,26.24,993.43 
25/10/2021T06:05:25Z,179,457,562,61.21,26.09,993.35 
25/10/2021T06:05:55Z,305,1064,1364,61.77,26.17,993.30 
25/10/2021T06:06:26Z,241,639,796,61.45,26.15,993.35 
25/10/2021T06:06:56Z,128,241,281,61.49,26.01,993.35 
25/10/2021T06:07:26Z,122,223,256,61.91,25.97,993.31 
25/10/2021T06:07:56Z,166,323,375,62.15,26.08,993.30 
25/10/2021T06:08:27Z,189,384,456,62.14,26.17,993.29 
25/10/2021T06:08:57Z,193,378,450,61.95,26.29,993.30 
25/10/2021T06:09:28Z,178,337,391,62.30,26.24,993.27 
25/10/2021T06:09:58Z,231,472,552,61.85,26.36,993.31 
25/10/2021T06:10:29Z,164,296,338,61.84,26.42,993.29 
25/10/2021T06:10:59Z,173,310,356,61.49,26.53,993.31 
25/10/2021T06:11:29Z,134,235,270,61.01,26.50,993.35 
25/10/2021T06:11:59Z,92,149,170,60.83,26.38,993.35 
25/10/2021T06:12:30Z,158,294,339,61.84,26.48,993.22 
25/10/2021T06:13:00Z,151,273,309,61.22,26.60,993.28 
25/10/2021T06:13:30Z,130,233,263,60.57,26.66,993.34 
25/10/2021T06:14:00Z,140,250,283,60.33,26.69,993.35 
25/10/2021T06:14:31Z,150,269,307,60.75,26.73,993.25 
25/10/2021T06:15:02Z,148,265,305,60.61,26.81,993.26 
25/10/2021T06:15:32Z,119,210,234,60.42,26.89,993.25 
25/10/2021T06:16:02Z,108,188,210,59.93,26.88,993.31 
25/10/2021T06:16:33Z,136,239,270,60.42,26.92,993.20 
25/10/2021T06:17:03Z,101,173,198,58.91,26.93,993.42 
25/10/2021T06:17:33Z,84,136,149,58.60,26.90,993.42 
25/10/2021T06:18:03Z,93,156,170,59.22,26.92,993.28 
25/10/2021T06:18:34Z,105,177,203,59.66,26.97,993.20 
25/10/2021T06:19:05Z,102,173,193,59.67,26.98,993.20 
25/10/2021T06:19:35Z,79,127,142,58.41,26.89,993.44 
25/10/2021T06:20:05Z,73,115,122,59.70,26.73,993.20 
25/10/2021T06:20:36Z,83,134,147,60.28,26.77,993.10 
25/10/2021T06:21:06Z,87,140,156,60.64,26.85,993.05 
25/10/2021T06:21:37Z,105,163,176,60.80,26.82,993.05 
25/10/2021T06:22:07Z,100,160,177,60.23,26.89,993.13 
25/10/2021T06:22:37Z,83,136,153,59.88,26.86,993.16 
25/10/2021T06:23:07Z,87,140,152,59.88,26.93,993.13 
25/10/2021T06:23:38Z,77,120,130,59.44,26.86,993.18 
25/10/2021T06:24:08Z,78,124,139,59.75,26.92,993.10 
25/10/2021T06:24:39Z,70,111,120,58.83,26.94,993.25 
25/10/2021T06:25:09Z,71,115,127,59.08,26.95,993.15 
25/10/2021T06:25:40Z,68,107,112,58.42,26.94,993.26 
25/10/2021T06:26:10Z,71,110,117,58.73,26.94,993.16 
25/10/2021T06:26:41Z,73,117,126,58.62,26.87,993.19 
25/10/2021T06:27:12Z,80,130,146,59.86,26.90,992.95 
25/10/2021T06:27:42Z,83,134,149,59.63,26.95,993.02 
25/10/2021T06:28:12Z,79,124,131,59.07,26.97,993.11 
25/10/2021T06:28:42Z,75,113,123,58.66,26.97,993.17 
25/10/2021T06:29:13Z,72,110,117,58.57,26.97,993.16 
25/10/2021T06:29:44Z,72,110,121,59.25,26.92,993.04 
25/10/2021T06:30:14Z,77,122,133,59.27,26.90,993.02 
25/10/2021T06:30:44Z,75,117,129,59.62,26.93,992.96 
25/10/2021T06:31:14Z,77,122,134,58.91,26.90,993.09 
25/10/2021T06:31:44Z,73,116,129,59.63,26.90,992.94 
25/10/2021T06:32:14Z,68,105,117,58.69,26.95,993.09 
25/10/2021T06:32:45Z,72,111,118,58.75,26.93,993.05 
25/10/2021T06:33:16Z,72,115,126,59.03,26.91,993.00 
25/10/2021T06:33:46Z,71,113,123,58.74,26.86,993.02 
25/10/2021T06:34:16Z,64,101,109,58.00,26.86,993.15 
25/10/2021T06:34:46Z,65,102,109,58.43,26.81,993.07 
25/10/2021T06:35:16Z,63,99,104,58.68,26.73,993.01 
25/10/2021T06:35:47Z,66,104,112,58.97,26.78,992.94 
25/10/2021T06:36:17Z,61,95,101,58.51,26.80,993.02 
25/10/2021T06:36:48Z,68,106,117,58.25,26.72,993.08 
25/10/2021T06:37:19Z,63,98,105,58.94,26.71,992.92 
25/10/2021T06:37:49Z,66,99,110,59.00,26.69,992.92 
25/10/2021T06:38:20Z,64,101,110,59.27,26.73,992.86 
25/10/2021T06:38:50Z,64,101,107,58.68,26.80,992.96 
25/10/2021T06:39:21Z,66,101,108,58.68,26.78,992.93 
25/10/2021T06:39:51Z,70,107,121,59.34,26.71,992.80 
25/10/2021T06:40:22Z,70,109,119,59.73,26.71,992.73 
25/10/2021T06:40:52Z,69,108,120,59.60,26.79,992.77 
25/10/2021T06:41:23Z,64,100,108,59.07,26.83,992.85 
25/10/2021T06:41:54Z,64,98,104,59.28,26.76,992.81 
25/10/2021T06:42:24Z,62,95,102,58.69,26.82,992.87 
25/10/2021T06:42:54Z,55,84,90,58.08,26.70,993.00 
25/10/2021T06:43:25Z,65,96,102,59.29,26.74,992.74 
25/10/2021T06:43:55Z,78,115,122,59.11,26.73,992.77 
25/10/2021T06:44:26Z,84,122,131,58.79,26.81,992.79 
25/10/2021T06:44:56Z,74,112,121,58.59,26.88,992.81 
25/10/2021T06:45:27Z,94,149,169,58.20,26.91,992.86 
25/10/2021T06:45:58Z,74,119,131,58.05,26.81,992.88 
25/10/2021T06:46:28Z,99,165,180,58.70,26.85,992.74 
25/10/2021T06:46:59Z,72,112,122,57.86,26.73,992.93 
25/10/2021T06:47:30Z,70,104,115,58.85,26.77,992.70 
25/10/2021T06:48:00Z,59,92,99,57.87,26.82,992.88 
25/10/2021T06:48:31Z,52,79,85,57.59,26.72,992.92 
25/10/2021T06:49:02Z,57,89,96,58.31,26.63,992.76 
25/10/2021T06:49:32Z,70,108,119,59.10,26.71,992.59 
25/10/2021T06:50:03Z,58,90,99,58.70,26.78,992.67 
25/10/2021T06:50:33Z,59,89,97,58.60,26.84,992.66 
25/10/2021T06:51:04Z,54,85,91,58.16,26.82,992.76 
25/10/2021T06:51:34Z,53,81,87,58.45,26.63,992.71 
25/10/2021T06:52:05Z,54,82,89,59.02,26.70,992.55 
25/10/2021T06:52:36Z,51,78,83,58.13,26.67,992.74 
25/10/2021T06:53:06Z,48,74,81,57.90,26.68,992.76 
25/10/2021T06:53:37Z,46,71,77,58.05,26.53,992.73 
25/10/2021T06:54:08Z,48,75,81,59.28,26.62,992.47 
25/10/2021T06:54:38Z,50,78,83,58.97,26.68,992.52 
25/10/2021T06:55:08Z,48,72,77,58.40,26.64,992.63 
25/10/2021T06:55:38Z,46,70,78,58.32,26.51,992.64 
25/10/2021T06:56:09Z,47,73,80,59.37,26.62,992.39 
25/10/2021T06:56:39Z,47,69,77,57.98,26.63,992.64 
25/10/2021T06:57:10Z,45,69,76,58.09,26.52,992.61 
25/10/2021T06:57:40Z,46,71,77,59.07,26.57,992.39 
25/10/2021T06:58:11Z,46,70,78,58.82,26.63,992.42 
25/10/2021T06:58:41Z,46,72,78,58.63,26.67,992.45 
25/10/2021T06:59:12Z,46,70,77,57.48,26.54,992.69 
25/10/2021T06:59:42Z,44,68,77,58.88,26.62,992.39 
25/10/2021T07:00:13Z,45,66,75,58.52,26.72,992.43 
25/10/2021T07:00:44Z,46,69,77,58.04,26.81,992.51 
25/10/2021T07:01:13Z,44,69,76,58.03,26.83,992.48 
25/10/2021T07:01:44Z,45,70,76,58.20,26.83,992.41 
25/10/2021T07:02:14Z,44,68,75,57.38,26.81,992.57 
25/10/2021T07:02:44Z,44,65,75,58.00,26.77,992.42 
25/10/2021T07:03:14Z,42,63,73,57.37,26.78,992.53 
25/10/2021T07:03:45Z,41,60,72,57.09,26.66,992.63 
25/10/2021T07:04:16Z,43,62,73,57.58,26.67,992.47 
25/10/2021T07:04:46Z,42,63,75,56.94,26.63,992.59 
25/10/2021T07:05:17Z,43,63,74,55.15,26.50,993.03 
25/10/2021T07:05:47Z,42,64,73,56.77,26.47,992.58 
25/10/2021T07:06:17Z,43,63,73,56.74,26.42,992.58 
25/10/2021T07:06:47Z,44,66,75,58.48,26.56,992.14 
25/10/2021T07:07:18Z,43,63,74,57.51,26.59,992.35 
25/10/2021T07:07:48Z,42,65,75,57.85,26.60,992.27 
25/10/2021T07:08:18Z,41,64,74,57.93,26.72,992.21 
25/10/2021T07:08:48Z,43,66,76,57.98,26.78,992.22 
25/10/2021T07:09:18Z,43,65,75,56.88,26.78,992.46 
25/10/2021T07:09:49Z,43,66,73,57.81,26.79,992.19 
25/10/2021T07:10:20Z,41,61,72,57.88,26.71,992.19 
25/10/2021T07:10:51Z,43,65,74,58.10,26.80,992.13 
25/10/2021T07:11:21Z,44,66,76,57.51,26.80,992.30 
25/10/2021T07:11:52Z,42,66,76,57.85,26.82,992.20 
25/10/2021T07:12:22Z,43,65,74,58.20,26.80,992.13 
25/10/2021T07:12:52Z,43,65,75,57.45,26.82,992.28 
25/10/2021T07:13:23Z,46,69,78,57.65,26.73,992.24 
25/10/2021T07:13:53Z,44,64,73,58.41,26.81,992.03 
25/10/2021T07:14:24Z,45,68,76,57.77,26.85,992.17 
25/10/2021T07:14:55Z,45,67,75,57.89,26.86,992.12 
25/10/2021T07:15:26Z,44,65,75,57.20,26.75,992.28 
25/10/2021T07:15:57Z,44,66,75,58.42,26.78,991.97 
25/10/2021T07:16:27Z,45,71,77,58.11,26.87,992.02 
25/10/2021T07:16:58Z,44,64,73,58.02,26.94,992.04 
25/10/2021T07:17:28Z,45,67,75,57.99,26.91,992.04 
25/10/2021T07:17:58Z,44,68,76,58.39,26.86,991.95 
25/10/2021T07:18:29Z,44,67,75,58.06,26.86,992.03 
25/10/2021T07:18:59Z,44,68,76,58.56,26.89,991.91 
25/10/2021T07:19:30Z,43,67,75,57.84,26.92,992.04 
25/10/2021T07:20:00Z,43,66,75,57.89,26.91,992.01 
25/10/2021T07:20:30Z,43,62,74,57.78,27.03,992.01 
25/10/2021T07:21:01Z,46,67,75,57.46,27.16,992.03 
25/10/2021T07:21:32Z,47,70,77,57.39,27.23,991.98 
25/10/2021T07:22:03Z,44,67,75,57.40,27.23,991.99 
25/10/2021T07:22:33Z,44,67,76,57.40,27.16,991.99 
25/10/2021T07:23:03Z,45,66,75,57.04,27.15,992.06 
25/10/2021T07:23:33Z,42,65,74,56.32,27.08,992.26 
25/10/2021T07:24:04Z,43,64,72,57.25,27.11,992.02 
25/10/2021T07:24:35Z,42,61,72,56.34,27.16,992.19 
25/10/2021T07:25:05Z,36,55,68,54.65,27.08,992.64 
25/10/2021T07:25:35Z,37,55,68,54.39,27.00,992.70 
25/10/2021T07:26:05Z,40,62,73,56.61,27.08,992.05 
25/10/2021T07:26:35Z,39,59,72,56.13,27.06,992.19 
25/10/2021T07:27:06Z,39,59,70,56.23,27.16,992.13 
25/10/2021T07:27:37Z,38,55,68,55.57,27.17,992.27 
25/10/2021T07:28:07Z,40,63,73,55.64,27.11,992.26 
25/10/2021T07:28:38Z,44,66,74,56.26,27.18,992.03 
25/10/2021T07:29:08Z,48,69,77,55.72,27.18,992.19 
25/10/2021T07:29:39Z,45,68,75,56.10,27.24,992.04 
25/10/2021T07:30:09Z,45,67,75,55.87,27.27,992.09 
25/10/2021T07:30:39Z,44,63,72,55.58,27.23,992.16 
25/10/2021T07:31:10Z,43,64,74,56.17,27.13,992.02 
25/10/2021T07:31:40Z,41,61,72,55.24,26.98,992.32 
25/10/2021T07:32:11Z,41,63,74,56.25,26.91,992.01 
25/10/2021T07:32:41Z,41,64,73,57.09,26.95,991.74 
25/10/2021T07:33:11Z,39,61,71,55.98,26.91,992.07 
25/10/2021T07:33:42Z,41,62,73,56.20,26.86,992.01 
25/10/2021T07:34:12Z,42,62,73,56.32,26.83,991.99 
25/10/2021T07:34:42Z,40,60,72,56.74,26.93,991.84 
25/10/2021T07:35:13Z,42,63,73,56.93,26.95,991.79 
25/10/2021T07:35:44Z,41,59,69,57.47,26.96,991.67 
25/10/2021T07:36:14Z,40,61,72,57.03,27.05,991.78 
25/10/2021T07:36:44Z,39,57,71,56.04,26.98,992.07 
25/10/2021T07:37:15Z,40,56,69,56.13,26.93,992.06 
25/10/2021T07:37:45Z,39,62,72,56.70,26.98,991.86 
25/10/2021T07:38:16Z,43,64,73,56.26,26.97,991.98 
25/10/2021T07:38:47Z,40,60,71,57.02,27.07,991.72 
25/10/2021T07:39:17Z,40,62,73,56.34,27.06,991.90 
25/10/2021T07:39:48Z,40,61,71,55.68,26.96,992.10 
25/10/2021T07:40:18Z,38,58,71,56.22,26.93,991.93 
25/10/2021T07:40:49Z,39,59,71,56.16,26.95,991.93 
25/10/2021T07:41:20Z,38,58,69,55.16,26.90,992.22 
25/10/2021T07:41:50Z,38,57,69,55.69,26.96,992.07 
25/10/2021T07:42:21Z,38,57,68,56.29,27.10,991.82 
25/10/2021T07:42:51Z,38,58,70,56.36,27.20,991.78 
25/10/2021T07:43:21Z,38,56,70,55.24,27.20,992.09 
25/10/2021T07:43:51Z,38,58,71,55.62,27.11,992.02 
25/10/2021T07:44:22Z,38,59,71,56.29,27.20,991.76 
25/10/2021T07:44:52Z,37,55,68,56.13,27.26,991.81 
25/10/2021T07:45:23Z,38,59,70,54.51,27.15,992.27 
25/10/2021T07:45:54Z,38,61,71,55.29,27.07,992.06 
25/10/2021T07:46:24Z,38,56,68,53.71,26.97,992.52 
25/10/2021T07:46:55Z,37,56,68,55.23,26.88,992.11 
25/10/2021T07:47:26Z,38,57,70,56.46,27.01,991.65 
25/10/2021T07:47:57Z,39,58,71,54.90,27.00,992.09 
25/10/2021T07:48:27Z,39,59,70,54.39,26.90,992.24 
25/10/2021T07:48:58Z,38,56,69,54.75,26.83,992.16 
25/10/2021T07:49:28Z,39,58,71,56.18,26.95,991.65 
25/10/2021T07:49:59Z,39,59,70,56.02,27.08,991.64 
25/10/2021T07:50:29Z,41,64,74,55.35,27.11,991.83 
25/10/2021T07:50:59Z,40,59,72,54.47,26.93,992.14 
25/10/2021T07:51:30Z,40,60,71,56.01,26.94,991.67 
25/10/2021T07:52:00Z,40,60,71,55.30,26.92,991.89 
25/10/2021T07:52:31Z,38,58,70,56.27,27.00,991.56 
25/10/2021T07:53:01Z,39,61,71,55.70,27.08,991.73 
25/10/2021T07:53:32Z,37,58,70,55.10,27.00,991.94 
25/10/2021T07:54:02Z,39,59,69,55.14,26.93,991.93 
25/10/2021T07:54:32Z,37,54,68,54.53,26.86,992.13 
25/10/2021T07:55:03Z,39,58,70,56.30,26.96,991.58 
25/10/2021T07:55:33Z,39,59,71,55.29,27.00,991.81 
25/10/2021T07:56:04Z,37,55,70,54.83,26.89,992.00 
25/10/2021T07:56:35Z,39,59,71,55.64,26.90,991.74 
25/10/2021T07:57:05Z,38,58,71,56.16,26.93,991.57 
25/10/2021T07:57:36Z,38,57,69,55.63,26.90,991.73 
25/10/2021T07:58:07Z,36,57,69,56.60,26.96,991.43 
25/10/2021T07:58:38Z,38,56,69,55.04,26.92,991.87 
25/10/2021T07:59:08Z,36,54,66,53.94,26.87,992.25 
25/10/2021T07:59:38Z,37,56,70,55.58,26.91,991.70 
25/10/2021T08:00:09Z,37,57,70,56.11,27.03,991.49 
25/10/2021T08:00:39Z,37,59,70,55.16,27.07,991.76 
25/10/2021T08:01:10Z,36,55,69,55.29,27.00,991.76 
25/10/2021T08:01:40Z,37,55,69,55.54,26.97,991.69 
25/10/2021T08:02:11Z,35,54,68,54.68,26.91,991.95 
25/10/2021T08:02:41Z,36,55,70,56.34,26.98,991.42 
25/10/2021T08:03:12Z,34,56,69,55.99,27.04,991.50 
25/10/2021T08:03:43Z,35,52,67,55.91,27.13,991.48 
25/10/2021T08:04:14Z,36,54,66,54.09,27.05,992.11 
25/10/2021T08:04:44Z,35,53,68,54.60,26.99,991.91 
25/10/2021T08:05:14Z,34,52,65,56.19,27.05,991.41 
25/10/2021T08:05:45Z,36,58,69,56.14,27.18,991.38 
25/10/2021T08:06:15Z,38,58,71,56.06,27.28,991.38 
25/10/2021T08:06:46Z,36,57,71,55.72,27.34,991.47 
25/10/2021T08:07:16Z,38,57,70,55.83,27.36,991.45 
25/10/2021T08:07:47Z,37,58,70,55.70,27.38,991.49 
25/10/2021T08:08:17Z,36,53,66,54.74,27.29,991.78 
25/10/2021T08:08:48Z,37,53,67,54.16,27.13,992.05 
25/10/2021T08:09:18Z,37,55,68,56.25,27.17,991.36 
25/10/2021T08:09:49Z,42,61,73,55.04,27.11,991.71 
25/10/2021T08:10:20Z,39,60,72,55.39,27.05,991.59 
25/10/2021T08:10:50Z,37,56,68,54.74,26.98,991.81 
25/10/2021T08:11:21Z,37,56,68,55.84,26.99,991.44 
25/10/2021T08:11:51Z,34,52,66,54.92,26.94,991.72 
25/10/2021T08:12:22Z,36,54,67,55.70,27.00,991.40 
25/10/2021T08:12:52Z,36,55,69,55.19,26.92,991.61 
25/10/2021T08:13:23Z,37,56,69,56.26,26.98,991.23 
25/10/2021T08:13:53Z,36,53,66,55.87,26.94,991.36 
25/10/2021T08:14:24Z,37,54,68,56.47,26.85,991.20 
25/10/2021T08:14:54Z,35,55,68,56.32,26.94,991.22 
25/10/2021T08:15:25Z,37,57,69,56.29,26.99,991.23 
25/10/2021T08:15:56Z,36,55,68,56.22,26.93,991.27 
25/10/2021T08:16:26Z,39,59,70,56.51,26.96,991.19 
25/10/2021T08:16:56Z,40,61,72,57.09,26.91,991.06 
25/10/2021T08:17:26Z,42,62,73,57.08,26.95,991.09 
25/10/2021T08:17:56Z,41,64,74,57.13,26.92,991.09 
25/10/2021T08:18:27Z,41,61,71,56.58,26.86,991.29 
25/10/2021T08:18:57Z,38,59,71,55.87,26.85,991.45 
25/10/2021T08:19:28Z,38,57,69,56.30,26.79,991.38 
25/10/2021T08:19:58Z,40,61,72,57.55,26.91,990.99 
25/10/2021T08:20:28Z,41,62,72,56.67,26.95,991.24 
25/10/2021T08:20:59Z,37,57,70,55.86,26.93,991.42 
25/10/2021T08:21:30Z,37,57,71,54.90,26.86,991.71 
25/10/2021T08:22:00Z,36,55,69,56.07,26.87,991.36 
25/10/2021T08:22:31Z,39,56,70,57.18,26.98,991.00 
25/10/2021T08:23:02Z,37,57,71,56.80,27.06,991.08 
25/10/2021T08:23:33Z,39,59,70,56.71,26.99,991.13 
25/10/2021T08:24:03Z,37,56,70,56.70,26.91,991.12 
25/10/2021T08:24:34Z,37,56,68,57.38,27.00,990.95 
25/10/2021T08:25:05Z,49,77,83,56.98,26.93,991.07 
25/10/2021T08:25:36Z,45,69,76,57.34,26.85,991.01 
25/10/2021T08:26:07Z,44,66,75,57.90,26.95,990.87 
25/10/2021T08:26:38Z,44,66,75,57.83,27.02,990.89 
25/10/2021T08:27:08Z,45,65,75,57.66,27.09,990.95 
25/10/2021T08:27:39Z,48,74,81,57.42,27.09,991.00 
25/10/2021T08:28:09Z,42,62,72,56.05,27.06,991.34 
25/10/2021T08:28:39Z,43,67,77,56.76,27.07,991.13 
25/10/2021T08:29:10Z,40,61,72,56.79,27.13,991.10 
25/10/2021T08:29:41Z,41,61,72,56.78,27.21,991.08 
25/10/2021T08:30:12Z,42,63,74,57.08,27.27,991.01 
25/10/2021T08:30:42Z,47,71,79,57.63,27.31,990.87 
25/10/2021T08:31:12Z,46,68,77,56.48,27.27,991.19 
25/10/2021T08:31:42Z,45,66,76,57.33,27.29,990.97 
25/10/2021T08:32:13Z,44,66,75,57.22,27.31,990.99 
25/10/2021T08:32:43Z,45,67,76,56.95,27.33,991.03 
25/10/2021T08:33:13Z,40,61,72,55.07,27.25,991.57 
25/10/2021T08:33:44Z,42,65,74,56.56,27.30,991.12 
25/10/2021T08:34:14Z,43,67,76,56.74,27.31,991.04 
25/10/2021T08:34:45Z,44,66,76,56.73,27.34,991.04 
25/10/2021T08:35:15Z,42,62,73,56.66,27.36,991.03 
25/10/2021T08:35:46Z,42,62,71,55.79,27.28,991.29 
25/10/2021T08:36:16Z,37,56,70,53.98,27.15,991.81 
25/10/2021T08:36:46Z,37,54,67,54.45,27.07,991.67 
25/10/2021T08:37:17Z,39,59,70,55.93,27.10,991.17 
25/10/2021T08:37:48Z,36,55,68,54.81,27.09,991.48 
25/10/2021T08:38:18Z,36,57,69,55.70,27.09,991.32 
25/10/2021T08:38:49Z,40,64,74,56.10,27.15,991.11 
25/10/2021T08:39:19Z,43,63,74,55.48,27.06,991.30 
25/10/2021T08:39:50Z,36,56,69,53.97,26.99,991.81 
25/10/2021T08:40:21Z,38,58,71,55.23,27.03,991.39 
25/10/2021T08:40:52Z,40,61,72,55.35,27.10,991.29 
25/10/2021T08:41:22Z,44,64,74,54.64,27.09,991.50 
25/10/2021T08:41:52Z,38,58,70,52.83,27.03,992.12 
25/10/2021T08:42:23Z,37,57,70,53.84,27.05,991.73 
25/10/2021T08:42:53Z,35,52,65,52.72,26.97,992.08 
25/10/2021T08:43:24Z,33,51,64,52.69,26.93,992.07 
25/10/2021T08:43:55Z,33,51,65,53.23,26.90,991.91 
25/10/2021T08:44:26Z,35,52,65,53.69,26.95,991.62 
25/10/2021T08:44:56Z,34,53,66,54.76,27.02,991.31 
25/10/2021T08:45:27Z,35,52,66,53.81,27.08,991.52 
25/10/2021T08:45:57Z,33,50,63,53.33,26.99,991.74 
25/10/2021T08:46:28Z,33,50,63,53.30,26.95,991.82 
25/10/2021T08:46:59Z,34,51,65,55.03,27.05,991.12 
25/10/2021T08:47:29Z,34,50,63,54.23,27.05,991.39 
25/10/2021T08:47:59Z,37,56,67,54.74,27.11,991.18 
25/10/2021T08:48:30Z,42,62,74,55.33,27.09,991.04 
25/10/2021T08:49:00Z,39,60,72,55.13,27.17,991.07 
25/10/2021T08:49:31Z,38,58,70,52.55,27.06,991.93 
25/10/2021T08:50:01Z,38,56,70,54.29,27.04,991.43 
25/10/2021T08:50:31Z,39,56,69,54.61,27.11,991.21 
25/10/2021T08:51:01Z,40,62,74,53.60,27.10,991.58 
25/10/2021T08:51:32Z,35,53,67,52.74,27.06,991.85 
25/10/2021T08:52:02Z,34,52,66,52.94,27.06,991.81 
25/10/2021T08:52:32Z,33,50,63,52.70,27.04,991.83 
25/10/2021T08:53:02Z,33,50,64,53.46,27.02,991.60 
25/10/2021T08:53:32Z,34,53,66,53.56,27.07,991.48 
25/10/2021T08:54:03Z,34,53,67,53.62,27.12,991.43 
25/10/2021T08:54:33Z,34,51,64,53.76,27.16,991.37 
25/10/2021T08:55:03Z,34,51,66,53.94,27.18,991.28 
25/10/2021T08:55:34Z,33,51,64,54.05,27.19,991.24 
25/10/2021T08:56:04Z,34,51,66,54.26,27.20,991.16 
25/10/2021T08:56:34Z,35,55,67,54.35,27.20,991.12 
25/10/2021T08:57:04Z,35,53,67,54.51,27.19,991.08 
25/10/2021T08:57:34Z,34,52,66,54.66,27.20,991.03 
25/10/2021T08:58:05Z,35,53,67,54.72,27.20,991.01 
25/10/2021T08:58:35Z,35,52,66,54.82,27.21,990.99 
25/10/2021T08:59:06Z,34,51,66,54.91,27.19,990.98 
25/10/2021T08:59:36Z,36,52,65,55.01,27.19,990.93 
25/10/2021T09:00:06Z,35,51,65,55.09,27.18,990.92 
25/10/2021T09:00:37Z,35,52,66,55.20,27.17,990.90 
25/10/2021T09:01:07Z,35,53,65,55.23,27.17,990.91 
25/10/2021T09:01:37Z,35,52,66,55.31,27.16,990.89 
25/10/2021T09:02:08Z,35,54,68,55.39,27.17,990.85 
25/10/2021T09:02:38Z,36,53,67,55.45,27.16,990.85 
25/10/2021T09:03:08Z,35,51,65,55.52,27.16,990.84 
25/10/2021T09:03:38Z,35,51,64,55.57,27.16,990.82 
25/10/2021T09:04:09Z,34,52,66,55.64,27.14,990.81 
25/10/2021T09:04:39Z,34,52,66,55.64,27.12,990.81 
25/10/2021T09:05:09Z,34,51,64,55.87,27.10,990.76 
25/10/2021T09:05:40Z,34,50,64,55.74,27.08,990.79 
25/10/2021T09:06:10Z,34,50,64,56.02,27.07,990.71 
25/10/2021T09:06:41Z,34,51,64,56.10,27.07,990.70 
25/10/2021T09:07:11Z,35,51,65,56.03,27.05,990.72 
25/10/2021T09:07:41Z,34,52,65,56.12,27.05,990.68 
25/10/2021T09:08:12Z,33,51,64,56.19,27.05,990.68 
25/10/2021T09:08:42Z,33,50,62,56.26,27.07,990.67 
25/10/2021T09:09:12Z,33,51,65,56.19,27.05,990.68 
25/10/2021T09:09:43Z,33,48,61,56.23,27.03,990.68 
25/10/2021T09:10:13Z,34,49,62,56.44,27.05,990.60 
25/10/2021T09:10:44Z,33,51,64,56.24,27.03,990.70 
25/10/2021T09:11:14Z,33,50,62,56.45,27.04,990.64 
25/10/2021T09:11:45Z,33,50,63,56.44,27.04,990.66 
25/10/2021T09:12:15Z,33,51,64,56.50,27.04,990.67 
25/10/2021T09:12:45Z,33,50,64,56.57,27.04,990.65 
25/10/2021T09:13:16Z,33,50,63,56.62,27.03,990.64 
25/10/2021T09:13:46Z,33,49,60,56.63,27.03,990.64 
25/10/2021T09:14:16Z,33,50,63,56.58,27.03,990.66 
25/10/2021T09:14:46Z,33,50,63,56.64,27.03,990.65 
25/10/2021T09:15:17Z,33,49,63,56.62,27.03,990.66 
25/10/2021T09:15:47Z,32,49,61,56.52,27.01,990.68 
25/10/2021T09:16:17Z,33,48,59,56.77,27.00,990.62 
25/10/2021T09:16:48Z,32,48,60,56.78,27.00,990.61 
25/10/2021T09:17:18Z,33,50,63,56.79,27.00,990.60 
25/10/2021T09:17:49Z,33,49,62,56.71,27.00,990.61 
25/10/2021T09:18:19Z,32,49,60,56.87,26.99,990.56 
25/10/2021T09:18:50Z,32,48,61,56.92,26.98,990.56 
25/10/2021T09:19:20Z,32,49,61,56.85,26.96,990.55 
25/10/2021T09:19:50Z,32,48,60,57.07,26.95,990.50 
25/10/2021T09:20:20Z,33,48,61,57.03,26.95,990.52 
25/10/2021T09:20:51Z,33,48,59,57.07,26.95,990.50 
25/10/2021T09:21:21Z,32,47,58,56.87,26.93,990.55 
25/10/2021T09:21:52Z,32,48,60,57.11,26.92,990.49 
25/10/2021T09:22:23Z,32,48,60,57.07,26.91,990.50 
25/10/2021T09:22:53Z,32,49,61,57.06,26.90,990.51 
25/10/2021T09:23:24Z,32,48,60,57.16,26.91,990.48 
25/10/2021T09:23:55Z,33,49,61,57.14,26.93,990.49 
25/10/2021T09:24:25Z,32,47,59,57.04,26.91,990.50 
25/10/2021T09:24:56Z,32,49,61,57.30,26.91,990.42 
25/10/2021T09:25:27Z,32,49,61,57.23,26.92,990.47 
25/10/2021T09:25:57Z,32,48,61,57.22,26.92,990.47 
25/10/2021T09:26:27Z,31,48,61,57.22,26.92,990.46 
25/10/2021T09:26:57Z,32,48,61,57.30,26.91,990.45 
25/10/2021T09:27:28Z,32,48,60,57.13,26.89,990.49 
25/10/2021T09:27:59Z,32,48,60,57.29,26.88,990.46 
25/10/2021T09:28:29Z,32,48,61,57.38,26.88,990.45 
25/10/2021T09:29:00Z,32,47,59,57.27,26.89,990.45 
25/10/2021T09:29:31Z,33,49,61,57.38,26.88,990.43 
25/10/2021T09:30:02Z,31,46,56,57.58,26.88,990.38 
25/10/2021T09:30:32Z,32,47,59,57.47,26.89,990.43 
25/10/2021T09:31:02Z,32,48,58,57.49,26.88,990.41 
25/10/2021T09:31:33Z,32,48,59,57.63,26.87,990.37 
25/10/2021T09:32:03Z,31,46,56,57.63,26.87,990.39 
25/10/2021T09:32:34Z,31,46,58,57.64,26.86,990.38 
25/10/2021T09:33:04Z,31,47,59,57.71,26.85,990.35 
25/10/2021T09:33:35Z,31,47,59,57.70,26.83,990.39 
25/10/2021T09:34:05Z,31,46,58,57.66,26.84,990.40 
25/10/2021T09:34:36Z,32,48,60,57.84,26.82,990.34 
25/10/2021T09:35:06Z,31,47,59,57.89,26.82,990.33 
25/10/2021T09:35:37Z,32,48,60,57.81,26.83,990.39 
25/10/2021T09:36:07Z,31,47,57,57.65,26.82,990.40 
25/10/2021T09:36:37Z,31,46,58,57.79,26.77,990.38 
25/10/2021T09:37:08Z,32,48,59,57.99,26.79,990.33 
25/10/2021T09:37:39Z,32,48,60,58.02,26.81,990.32 
25/10/2021T09:38:10Z,32,47,57,57.99,26.82,990.37 
25/10/2021T09:38:40Z,31,47,58,57.80,26.79,990.41 
25/10/2021T09:39:11Z,31,46,57,57.88,26.76,990.39 
25/10/2021T09:39:41Z,31,47,59,57.89,26.75,990.40 
25/10/2021T09:40:12Z,31,47,58,57.83,26.74,990.40 
25/10/2021T09:40:42Z,31,47,59,57.96,26.74,990.37 
25/10/2021T09:41:13Z,31,46,57,57.98,26.75,990.37 
25/10/2021T09:41:43Z,32,48,59,57.31,26.72,990.56 
25/10/2021T09:42:14Z,31,47,58,57.77,26.77,990.41 
25/10/2021T09:42:44Z,31,47,58,58.13,26.79,990.32 
25/10/2021T09:43:15Z,31,47,59,57.99,26.82,990.35 
25/10/2021T09:43:46Z,31,47,59,56.84,26.81,990.63 
25/10/2021T09:44:32Z,32,47,60,58.06,26.82,990.29 
25/10/2021T09:45:03Z,32,49,63,58.33,26.89,990.21 
25/10/2021T09:45:33Z,33,50,64,57.91,26.91,990.33 
25/10/2021T09:46:04Z,32,48,60,57.99,26.90,990.31 
25/10/2021T09:46:34Z,32,47,60,58.21,26.96,990.25 
25/10/2021T09:47:04Z,33,50,63,57.11,26.96,990.50 
25/10/2021T09:47:35Z,32,50,65,57.33,26.93,990.43 
25/10/2021T09:48:06Z,31,47,59,54.51,26.93,991.16 
25/10/2021T09:48:36Z,32,49,63,57.01,27.02,990.46 
25/10/2021T09:49:06Z,31,48,60,57.61,27.09,990.26 
25/10/2021T09:49:36Z,32,48,60,57.16,27.08,990.41 
25/10/2021T09:50:07Z,32,48,60,57.40,27.10,990.35 
25/10/2021T09:50:37Z,32,48,62,56.90,27.07,990.50 
25/10/2021T09:51:08Z,31,47,60,54.14,27.01,991.22 
25/10/2021T09:51:38Z,31,46,57,54.34,26.99,991.18 
25/10/2021T09:52:09Z,31,48,60,55.45,27.03,990.77 
25/10/2021T09:52:39Z,32,47,59,54.05,27.04,991.19 
25/10/2021T09:53:10Z,32,48,63,53.29,27.02,991.39 
25/10/2021T09:53:41Z,31,46,58,54.67,27.04,990.97 
25/10/2021T09:54:12Z,32,48,61,55.12,27.10,990.71 
25/10/2021T09:54:42Z,31,46,59,54.03,27.11,991.01 
25/10/2021T09:55:13Z,31,46,59,53.72,27.10,991.20 
25/10/2021T09:55:43Z,31,46,57,54.83,27.17,990.71 
25/10/2021T09:56:14Z,30,46,56,54.46,27.22,990.83 
25/10/2021T09:56:44Z,31,47,59,55.22,27.26,990.58 
25/10/2021T09:57:15Z,31,47,59,55.18,27.28,990.59 
25/10/2021T09:57:46Z,31,46,58,55.46,27.30,990.51 
25/10/2021T09:58:16Z,31,47,60,54.00,27.28,990.92 
25/10/2021T09:58:47Z,32,47,57,53.54,27.26,991.17 
25/10/2021T09:59:18Z,32,48,60,54.69,27.26,990.69 
25/10/2021T09:59:48Z,31,48,62,54.46,27.22,990.74 
25/10/2021T10:00:19Z,32,48,60,54.74,27.18,990.70 
25/10/2021T10:00:49Z,32,47,59,55.00,27.21,990.57 
25/10/2021T10:01:19Z,32,48,59,54.07,27.20,990.86 
25/10/2021T10:01:50Z,31,47,59,52.10,27.12,991.57 
25/10/2021T10:02:20Z,30,46,57,51.82,27.12,991.63 
25/10/2021T10:02:51Z,30,45,57,52.15,27.08,991.52 
25/10/2021T10:03:21Z,31,47,60,53.61,27.10,990.98 
25/10/2021T10:03:52Z,31,46,58,53.96,27.18,990.79 
25/10/2021T10:04:22Z,32,47,60,54.24,27.26,990.65 
25/10/2021T10:04:53Z,32,48,59,52.23,27.19,991.39 
25/10/2021T10:05:23Z,31,47,59,53.50,27.21,990.91 
25/10/2021T10:05:54Z,32,50,64,53.60,27.13,990.92 
25/10/2021T10:06:24Z,31,48,60,54.16,27.16,990.69 
25/10/2021T10:06:54Z,33,48,61,54.68,27.12,990.53 
25/10/2021T10:07:25Z,33,49,63,54.62,27.10,990.55 
25/10/2021T10:07:56Z,33,50,63,55.06,27.11,990.42 
25/10/2021T10:08:26Z,33,49,63,54.75,27.13,990.50 
25/10/2021T10:08:57Z,32,47,59,53.54,27.08,990.95 
25/10/2021T10:09:28Z,32,48,62,53.47,27.09,990.93 
25/10/2021T10:09:58Z,32,48,61,53.11,27.08,991.12 
25/10/2021T10:10:29Z,33,49,62,54.45,27.11,990.62 
25/10/2021T10:11:00Z,33,50,65,53.91,27.02,990.78 
25/10/2021T10:11:30Z,31,47,59,52.17,26.98,991.38 
25/10/2021T10:12:01Z,31,46,58,52.50,26.99,991.30 
25/10/2021T10:12:31Z,32,48,61,51.95,27.00,991.48 
25/10/2021T10:13:02Z,32,48,60,53.75,27.07,990.80 
25/10/2021T10:13:32Z,32,48,62,54.24,27.12,990.58 
25/10/2021T10:14:03Z,32,49,61,54.84,27.04,990.38 
25/10/2021T10:14:34Z,32,49,60,54.73,27.07,990.43 
25/10/2021T10:15:04Z,41,62,71,54.37,27.12,990.55 
25/10/2021T10:15:35Z,39,57,70,54.64,27.19,990.47 
25/10/2021T10:16:05Z,38,56,69,54.72,27.20,990.43 
25/10/2021T10:16:35Z,38,56,69,55.30,27.07,990.27 
25/10/2021T10:17:05Z,35,52,67,55.90,27.17,990.09 
25/10/2021T10:17:35Z,36,53,67,53.46,27.17,990.85 
25/10/2021T10:18:06Z,34,52,64,54.25,27.19,990.65 
25/10/2021T10:18:37Z,34,51,65,54.58,27.26,990.47 
25/10/2021T10:19:07Z,35,52,65,55.27,27.16,990.28 
25/10/2021T10:19:38Z,35,53,66,54.03,27.11,990.64 
25/10/2021T10:20:09Z,40,58,71,53.16,27.10,991.03 
25/10/2021T10:20:39Z,35,52,66,54.55,27.22,990.46 
25/10/2021T10:21:10Z,45,67,75,52.74,27.16,991.07 
25/10/2021T10:21:40Z,43,64,73,54.26,27.16,990.56 
25/10/2021T10:22:10Z,38,57,69,54.97,27.23,990.28 
25/10/2021T10:22:40Z,40,59,71,54.95,27.25,990.28 
25/10/2021T10:23:10Z,40,60,73,55.23,27.19,990.22 
25/10/2021T10:23:40Z,38,58,71,55.26,27.21,990.21 
25/10/2021T10:24:10Z,38,57,70,54.17,27.15,990.57 
25/10/2021T10:24:41Z,37,53,67,52.31,27.10,991.24 
25/10/2021T10:25:11Z,36,54,68,53.10,27.10,990.97 
25/10/2021T10:25:41Z,38,55,68,52.39,27.08,991.19 
25/10/2021T10:26:11Z,37,55,68,53.77,27.06,990.73 
25/10/2021T10:26:42Z,37,54,67,54.65,27.00,990.36 
25/10/2021T10:27:13Z,41,60,73,53.39,26.96,990.81 
25/10/2021T10:27:44Z,39,56,68,53.48,26.99,990.84 
25/10/2021T10:28:14Z,41,60,71,52.64,26.96,991.03 
25/10/2021T10:28:45Z,38,55,67,53.24,26.98,990.90 
25/10/2021T10:29:15Z,38,58,71,54.26,27.01,990.46 
25/10/2021T10:29:45Z,38,53,66,53.03,27.02,990.85 
25/10/2021T10:30:16Z,39,55,68,52.89,27.03,990.98 
25/10/2021T10:30:46Z,37,55,68,54.78,27.16,990.24 
25/10/2021T10:31:17Z,37,54,69,54.43,27.27,990.32 
25/10/2021T10:31:47Z,37,52,65,54.64,27.33,990.24 
25/10/2021T10:32:18Z,38,55,68,54.56,27.38,990.28 
25/10/2021T10:32:49Z,38,54,69,54.43,27.30,990.32 
25/10/2021T10:33:20Z,36,53,68,54.53,27.22,990.33 
25/10/2021T10:33:50Z,36,52,66,54.16,27.13,990.51 
25/10/2021T10:34:21Z,37,52,66,54.60,27.17,990.30 
25/10/2021T10:34:52Z,36,52,66,53.64,27.14,990.73 
25/10/2021T10:35:22Z,37,53,66,55.52,27.14,990.06 
25/10/2021T10:35:53Z,37,52,66,56.16,27.24,989.86 
25/10/2021T10:36:23Z,38,54,69,55.30,27.15,990.15 
25/10/2021T10:36:53Z,37,54,67,56.02,27.15,989.98 
25/10/2021T10:37:24Z,38,53,66,55.32,27.17,990.20 
25/10/2021T10:37:54Z,35,52,65,55.95,27.25,990.00 
25/10/2021T10:38:25Z,38,52,66,55.84,27.29,990.04 
25/10/2021T10:38:55Z,41,56,70,54.92,27.19,990.32 
25/10/2021T10:39:26Z,75,95,101,55.34,27.07,990.24 
25/10/2021T10:39:56Z,44,64,74,54.63,27.09,990.43 
25/10/2021T10:40:27Z,41,59,70,55.16,27.13,990.27 
25/10/2021T10:40:57Z,42,57,70,56.15,27.24,989.92 
25/10/2021T10:41:28Z,45,63,73,56.79,27.29,989.78 
25/10/2021T10:41:59Z,45,63,73,56.90,27.33,989.80 
25/10/2021T10:42:29Z,45,64,74,56.77,27.32,989.86 
25/10/2021T10:42:59Z,44,63,75,56.62,27.09,989.98 
25/10/2021T10:43:30Z,44,62,73,57.70,27.11,989.75 
25/10/2021T10:44:00Z,41,60,69,55.98,27.11,990.18 
25/10/2021T10:44:31Z,38,54,66,54.78,27.04,990.54 
25/10/2021T10:45:01Z,38,56,68,56.41,27.11,990.03 
25/10/2021T10:45:32Z,39,55,69,56.74,27.24,989.89 
25/10/2021T10:46:03Z,41,60,73,56.58,27.20,989.96 
25/10/2021T10:46:33Z,41,58,72,55.61,27.05,990.25 
25/10/2021T10:47:03Z,37,53,68,56.31,27.08,990.08 
25/10/2021T10:47:33Z,39,55,69,56.53,27.14,989.98 
25/10/2021T10:48:04Z,38,56,70,56.05,27.10,990.11 
25/10/2021T10:48:34Z,38,54,68,56.91,27.12,989.86 
25/10/2021T10:49:04Z,41,60,72,56.45,27.16,989.98 
25/10/2021T10:49:35Z,39,57,69,57.20,27.17,989.81 
25/10/2021T10:50:06Z,39,54,68,55.60,27.13,990.24 
25/10/2021T10:50:36Z,36,53,67,55.77,27.09,990.21 
25/10/2021T10:51:06Z,38,57,70,56.32,27.14,990.03 
25/10/2021T10:51:37Z,38,53,68,56.94,27.26,989.84 
25/10/2021T10:52:07Z,40,58,68,56.30,27.28,990.01 
25/10/2021T10:52:37Z,39,59,71,57.21,27.23,989.82 
25/10/2021T10:53:08Z,40,56,69,57.13,27.31,989.84 
25/10/2021T10:53:38Z,40,56,68,57.05,27.29,989.87 
25/10/2021T10:54:09Z,44,64,74,57.02,27.19,989.90 
25/10/2021T10:54:39Z,44,63,73,57.29,27.21,989.84 
25/10/2021T10:55:09Z,41,59,72,55.19,27.13,990.40 
25/10/2021T10:55:39Z,42,60,71,55.85,27.08,990.24 
25/10/2021T10:56:09Z,38,57,70,54.06,26.99,990.75 
25/10/2021T10:56:40Z,40,58,71,55.86,27.00,990.17 
25/10/2021T10:57:10Z,39,57,70,55.88,26.95,990.16 
25/10/2021T10:57:41Z,40,58,70,56.49,27.03,989.97 
25/10/2021T10:58:11Z,41,60,71,56.97,27.00,989.87 
25/10/2021T10:58:42Z,40,61,73,56.90,27.09,989.90 
25/10/2021T10:59:12Z,40,55,68,56.77,27.11,989.95 
25/10/2021T10:59:42Z,42,63,73,56.87,27.06,989.93 
25/10/2021T11:00:13Z,40,59,71,56.90,27.15,989.91 
25/10/2021T11:00:43Z,39,59,71,56.90,27.20,989.91 
25/10/2021T11:01:14Z,41,60,71,56.79,27.21,989.93 
25/10/2021T11:01:45Z,43,63,73,55.65,27.06,990.27 
25/10/2021T11:02:15Z,40,58,71,56.52,27.05,990.06 
25/10/2021T11:02:46Z,41,58,72,56.69,27.15,989.95 
25/10/2021T11:03:16Z,42,61,73,56.86,27.06,989.93 
25/10/2021T11:03:47Z,42,59,72,56.86,27.05,989.96 
25/10/2021T11:04:17Z,43,63,75,57.83,27.10,989.73 
25/10/2021T11:04:47Z,41,59,71,57.75,27.09,989.78 
25/10/2021T11:05:18Z,41,59,71,57.99,27.08,989.76 
25/10/2021T11:05:48Z,42,62,73,57.68,27.10,989.85 
25/10/2021T11:06:18Z,40,60,72,57.08,27.11,990.00 
25/10/2021T11:06:49Z,39,55,68,56.85,27.15,990.07 
25/10/2021T11:07:20Z,39,58,71,56.75,27.09,990.09 
25/10/2021T11:07:51Z,41,58,71,56.84,27.04,990.07 
25/10/2021T11:08:22Z,37,54,68,57.08,27.12,989.98 
25/10/2021T11:08:52Z,37,54,69,56.83,27.22,990.02 
25/10/2021T11:09:22Z,45,70,81,57.52,27.14,989.87 
25/10/2021T11:09:53Z,46,68,77,58.00,27.11,989.79 
25/10/2021T11:10:23Z,51,78,86,57.97,27.10,989.84 
25/10/2021T11:10:53Z,47,70,78,57.87,27.08,989.88 
25/10/2021T11:11:23Z,40,61,73,55.61,27.02,990.43 
25/10/2021T11:11:54Z,39,58,72,56.20,27.02,990.27 
25/10/2021T11:12:24Z,38,58,71,56.30,26.94,990.21 
25/10/2021T11:12:55Z,40,61,72,57.36,27.00,989.93 
25/10/2021T11:13:25Z,40,60,72,57.32,27.12,989.91 
25/10/2021T11:13:55Z,69,94,101,56.46,27.12,990.11 
25/10/2021T11:14:26Z,59,81,87,55.77,27.06,990.31 
25/10/2021T11:14:56Z,41,58,69,54.83,27.08,990.55 
25/10/2021T11:15:26Z,40,58,72,55.94,27.16,990.21 
25/10/2021T11:15:57Z,41,58,71,56.52,27.26,989.99 
25/10/2021T11:16:28Z,41,59,71,56.55,27.25,989.99 
25/10/2021T11:16:58Z,40,60,72,56.63,27.17,989.98 
25/10/2021T11:17:29Z,41,59,71,57.09,27.17,989.87 
25/10/2021T11:17:59Z,40,58,71,57.47,27.20,989.79 
25/10/2021T11:18:30Z,38,56,70,57.54,27.18,989.81 
25/10/2021T11:19:00Z,39,55,70,56.49,27.20,990.10 
25/10/2021T11:19:31Z,40,60,72,57.08,27.30,989.92 
25/10/2021T11:20:02Z,38,60,73,57.13,27.39,989.91 
25/10/2021T11:20:33Z,40,59,71,57.58,27.33,989.82 
25/10/2021T11:21:03Z,41,60,73,57.99,27.24,989.78 
25/10/2021T11:21:34Z,40,59,71,58.03,27.21,989.80 
25/10/2021T11:22:04Z,38,56,70,57.22,27.22,989.97 
25/10/2021T11:22:35Z,34,51,66,56.59,27.26,990.14 
25/10/2021T11:23:06Z,37,55,69,58.57,27.40,989.71 
25/10/2021T11:23:37Z,37,54,69,58.57,27.46,989.75 
25/10/2021T11:24:07Z,39,56,70,58.30,27.41,989.82 
25/10/2021T11:24:38Z,38,57,71,58.85,27.35,989.78 
25/10/2021T11:25:08Z,40,60,73,59.21,27.46,989.75 
25/10/2021T11:25:39Z,43,67,76,58.75,27.40,989.83 
25/10/2021T11:26:10Z,43,64,76,59.57,27.36,989.78 
25/10/2021T11:26:40Z,41,61,74,59.95,27.54,989.79 
25/10/2021T11:27:10Z,40,62,73,58.93,27.55,989.91 
25/10/2021T11:27:40Z,39,60,71,59.11,27.52,989.87 
25/10/2021T11:28:11Z,41,59,72,58.74,27.57,989.93 
25/10/2021T11:28:42Z,53,76,84,59.11,27.53,989.87 
25/10/2021T11:29:12Z,50,72,80,59.16,27.52,989.88 
25/10/2021T11:29:43Z,52,72,81,59.52,27.52,989.81 
25/10/2021T11:30:13Z,52,75,80,59.44,27.43,989.82 
25/10/2021T11:30:44Z,49,71,79,58.81,27.46,989.94 
25/10/2021T11:31:15Z,47,67,76,58.74,27.54,989.94 
25/10/2021T11:31:45Z,44,65,74,57.98,27.33,990.05 
25/10/2021T11:32:15Z,44,65,74,59.40,27.32,989.81 
25/10/2021T11:32:46Z,42,63,73,57.78,27.27,990.10 
25/10/2021T11:33:16Z,41,61,72,58.38,27.24,989.95 
25/10/2021T11:33:47Z,38,55,69,56.68,27.27,990.27 
25/10/2021T11:34:17Z,36,53,66,56.67,27.29,990.28 
25/10/2021T11:34:47Z,35,54,68,56.78,27.28,990.22 
25/10/2021T11:35:18Z,36,53,68,57.70,27.30,989.99 
25/10/2021T11:35:49Z,34,51,65,56.90,27.25,990.20 
25/10/2021T11:36:20Z,36,54,68,58.43,27.35,989.83 
25/10/2021T11:36:51Z,38,55,69,58.10,27.47,989.91 
25/10/2021T11:37:21Z,36,53,66,57.13,27.43,990.11 
25/10/2021T11:37:52Z,36,51,64,57.58,27.40,990.00 
25/10/2021T11:38:22Z,36,53,68,57.63,27.43,989.99 
25/10/2021T11:38:52Z,36,53,67,57.88,27.51,989.94 
25/10/2021T11:39:23Z,35,52,66,57.58,27.56,990.01 
25/10/2021T11:39:53Z,35,54,67,57.77,27.56,989.96 
25/10/2021T11:40:24Z,36,54,69,57.75,27.56,989.95 
25/10/2021T11:40:55Z,39,57,71,57.76,27.51,989.97 
25/10/2021T11:41:25Z,36,56,72,57.93,27.45,989.93 
25/10/2021T11:41:55Z,38,56,70,58.11,27.46,989.88 
25/10/2021T11:42:26Z,40,56,69,58.03,27.53,989.90 
25/10/2021T11:42:57Z,37,56,68,56.41,27.47,990.25 
25/10/2021T11:43:27Z,37,55,68,57.63,27.47,989.97 
25/10/2021T11:43:58Z,38,55,70,57.98,27.54,989.89 
25/10/2021T11:44:29Z,36,53,67,58.13,27.59,989.86 
25/10/2021T11:44:59Z,38,57,69,58.02,27.63,989.89 
25/10/2021T11:45:30Z,37,57,70,57.96,27.63,989.92 
25/10/2021T11:46:00Z,37,53,69,57.98,27.61,989.90 
25/10/2021T11:46:30Z,37,54,66,57.91,27.61,989.92 
25/10/2021T11:47:01Z,36,52,66,58.08,27.67,989.88 
25/10/2021T11:47:31Z,34,51,68,57.63,27.72,989.99 
25/10/2021T11:48:02Z,37,54,68,58.09,27.71,989.88 
25/10/2021T11:48:32Z,35,53,66,56.66,27.64,990.20 
25/10/2021T11:49:02Z,34,51,66,55.52,27.49,990.51 
25/10/2021T11:49:32Z,34,51,65,57.15,27.48,990.07 
25/10/2021T11:50:02Z,36,56,71,57.25,27.51,990.02 
25/10/2021T11:50:33Z,40,57,70,57.12,27.50,990.06 
25/10/2021T11:51:03Z,38,57,69,56.79,27.54,990.14 
25/10/2021T11:51:34Z,40,58,70,57.11,27.55,990.06 
25/10/2021T11:52:04Z,40,60,71,56.99,27.44,990.09 
25/10/2021T11:52:34Z,40,60,72,56.75,27.38,990.16 
25/10/2021T11:53:05Z,38,57,69,57.46,27.34,989.99 
25/10/2021T11:53:36Z,37,55,67,57.87,27.38,989.91 
25/10/2021T11:54:06Z,39,59,70,56.88,27.32,990.14 
25/10/2021T11:54:36Z,38,56,70,57.42,27.23,990.06 
25/10/2021T11:55:06Z,37,55,70,57.43,27.18,990.04 
25/10/2021T11:55:37Z,37,55,69,57.13,27.26,990.06 
25/10/2021T11:56:07Z,34,50,64,55.75,27.21,990.42 
25/10/2021T11:56:38Z,33,50,64,55.35,27.16,990.50 
25/10/2021T11:57:08Z,33,50,64,56.84,27.26,990.05 
25/10/2021T11:57:39Z,33,50,63,57.21,27.36,989.94 
25/10/2021T11:58:09Z,34,52,65,57.27,27.28,989.96 
25/10/2021T11:58:39Z,35,53,67,58.00,27.36,989.81 
25/10/2021T11:59:10Z,35,52,69,57.77,27.44,989.89 
25/10/2021T11:59:40Z,34,51,65,57.82,27.49,989.89 
25/10/2021T12:00:10Z,36,55,70,57.49,27.45,989.96 
25/10/2021T12:00:41Z,35,52,65,57.72,27.47,989.93 
25/10/2021T12:01:11Z,35,53,67,57.53,27.55,989.97 
25/10/2021T12:01:42Z,35,53,68,57.51,27.60,989.96 
25/10/2021T12:02:13Z,35,54,68,57.34,27.63,990.01 
25/10/2021T12:02:43Z,34,51,65,56.70,27.63,990.16 
25/10/2021T12:03:14Z,33,49,63,56.94,27.70,990.09 
25/10/2021T12:03:44Z,35,52,67,56.73,27.74,990.12 
25/10/2021T12:04:15Z,34,50,65,56.97,27.76,990.06 
25/10/2021T12:04:45Z,36,53,66,57.07,27.80,990.02 
25/10/2021T12:05:15Z,37,55,70,57.02,27.81,990.03 
25/10/2021T12:05:45Z,40,61,74,57.10,27.80,990.02 
25/10/2021T12:06:15Z,40,60,71,57.10,27.79,990.03 
25/10/2021T12:06:46Z,41,63,74,57.21,27.78,990.01 
25/10/2021T12:07:16Z,39,58,71,57.34,27.78,989.98 
25/10/2021T12:07:47Z,40,59,71,57.37,27.78,989.98 
25/10/2021T12:08:17Z,39,60,71,56.24,27.67,990.27 
25/10/2021T12:08:48Z,38,58,70,57.20,27.70,990.01 
25/10/2021T12:09:18Z,37,57,69,56.68,27.65,990.16 
25/10/2021T12:09:48Z,37,54,69,56.99,27.70,990.06 
25/10/2021T12:10:19Z,36,54,68,56.94,27.74,990.08 
25/10/2021T12:10:49Z,35,52,67,57.30,27.78,990.01 
25/10/2021T12:11:19Z,39,59,71,57.73,27.78,989.92 
25/10/2021T12:11:50Z,37,56,70,56.25,27.67,990.28 
25/10/2021T12:12:21Z,34,52,67,55.13,27.54,990.59 
25/10/2021T12:12:52Z,35,53,66,57.31,27.61,990.02 
25/10/2021T12:13:22Z,35,53,67,57.36,27.64,990.02 
25/10/2021T12:13:52Z,36,54,67,57.66,27.69,989.96 
25/10/2021T12:14:22Z,41,64,74,57.63,27.68,989.99 
25/10/2021T12:14:53Z,39,60,74,57.34,27.69,990.07 
25/10/2021T12:15:24Z,48,78,89,57.51,27.70,990.02 
25/10/2021T12:15:55Z,45,70,80,57.15,27.67,990.12 
25/10/2021T12:16:25Z,46,72,85,57.66,27.60,990.02 
25/10/2021T12:16:56Z,52,86,92,57.56,27.67,990.04 
25/10/2021T12:17:26Z,42,67,78,56.93,27.66,990.19 
25/10/2021T12:17:56Z,39,61,75,55.95,27.63,990.40 
25/10/2021T12:18:27Z,47,76,88,56.52,27.58,990.27 
25/10/2021T12:18:57Z,57,95,109,56.72,27.65,990.18 
25/10/2021T12:19:28Z,50,85,95,56.41,27.65,990.26 
25/10/2021T12:19:58Z,40,63,74,56.75,27.52,990.18 
25/10/2021T12:20:28Z,50,78,86,57.34,27.52,990.03 
25/10/2021T12:20:59Z,56,92,103,57.36,27.54,990.03 
25/10/2021T12:21:30Z,56,90,102,57.26,27.58,990.07 
25/10/2021T12:22:00Z,46,74,84,57.23,27.50,990.08 
25/10/2021T12:22:30Z,49,81,89,57.80,27.55,989.96 
25/10/2021T12:23:00Z,42,66,76,57.52,27.52,990.04 
25/10/2021T12:23:31Z,42,68,78,58.06,27.39,989.95 
25/10/2021T12:24:01Z,42,64,74,57.91,27.47,990.01 
25/10/2021T12:24:32Z,41,61,72,57.60,27.46,990.07 
25/10/2021T12:25:02Z,38,61,73,58.37,27.59,989.91 
25/10/2021T12:25:33Z,40,62,74,58.12,27.59,989.98 
25/10/2021T12:26:03Z,41,66,75,58.70,27.61,989.87 
25/10/2021T12:26:34Z,43,68,77,58.55,27.65,989.92 
25/10/2021T12:27:04Z,40,64,76,58.23,27.64,990.00 
25/10/2021T12:27:35Z,41,66,75,58.65,27.69,989.91 
25/10/2021T12:28:06Z,43,66,75,58.41,27.77,989.97 
25/10/2021T12:28:37Z,44,69,78,58.27,27.77,990.00 
25/10/2021T12:29:07Z,44,71,78,58.12,27.75,990.04 
25/10/2021T12:29:37Z,47,71,78,58.33,27.69,990.03 
25/10/2021T12:30:08Z,46,71,80,58.44,27.62,990.02 
25/10/2021T12:30:38Z,48,72,81,58.66,27.64,989.99 
25/10/2021T12:31:09Z,47,73,83,57.97,27.64,990.13 
25/10/2021T12:31:40Z,46,70,77,58.31,27.54,990.09 
25/10/2021T12:32:10Z,45,69,78,58.15,27.50,990.11 
25/10/2021T12:32:40Z,45,66,74,58.53,27.38,990.07 
25/10/2021T12:33:10Z,48,71,81,58.19,27.35,990.14 
25/10/2021T12:33:41Z,57,85,93,58.13,27.14,990.19 
25/10/2021T12:34:11Z,46,73,79,59.53,27.27,989.90 
25/10/2021T12:34:41Z,49,75,83,59.02,27.35,990.01 
25/10/2021T12:35:12Z,50,73,80,58.40,27.41,990.11 
25/10/2021T12:35:42Z,50,72,78,57.71,27.29,990.25 
25/10/2021T12:36:13Z,49,74,80,58.74,27.17,990.07 
25/10/2021T12:36:44Z,49,72,81,58.76,27.21,990.07 
25/10/2021T12:37:14Z,50,76,85,58.74,27.19,990.07 
25/10/2021T12:37:45Z,48,71,79,58.52,27.21,990.10 
25/10/2021T12:38:15Z,49,72,80,58.79,27.28,990.03 
25/10/2021T12:38:46Z,52,78,86,58.03,27.13,990.22 
25/10/2021T12:39:17Z,50,73,79,59.16,27.25,989.97 
25/10/2021T12:39:47Z,49,72,80,58.28,27.27,990.15 
25/10/2021T12:40:18Z,50,77,87,58.91,27.22,990.03 
25/10/2021T12:40:48Z,56,83,89,58.48,27.08,990.14 
25/10/2021T12:41:19Z,52,80,88,59.56,27.09,989.96 
25/10/2021T12:41:50Z,50,76,82,59.29,27.24,990.01 
25/10/2021T12:42:20Z,55,87,95,58.83,27.32,990.10 
25/10/2021T12:42:50Z,55,82,93,58.88,27.33,990.09 
25/10/2021T12:43:20Z,52,81,90,58.80,27.34,990.09 
25/10/2021T12:43:51Z,50,76,85,58.84,27.32,990.09 
25/10/2021T12:44:21Z,50,76,83,58.83,27.29,990.10 
25/10/2021T12:44:52Z,49,75,80,58.60,27.22,990.16 
25/10/2021T12:45:22Z,48,73,82,58.62,27.15,990.17 
25/10/2021T12:45:52Z,50,73,81,58.59,27.13,990.19 
25/10/2021T12:46:22Z,47,72,79,58.83,27.10,990.15 
25/10/2021T12:46:53Z,47,71,80,58.74,27.12,990.18 
25/10/2021T12:47:23Z,48,73,79,58.35,27.06,990.28 
25/10/2021T12:47:54Z,47,73,78,58.70,27.09,990.20 
25/10/2021T12:48:24Z,47,70,78,58.68,27.14,990.18 
25/10/2021T12:48:54Z,49,76,83,58.61,27.13,990.22 
25/10/2021T12:49:25Z,50,75,80,58.61,27.17,990.21 
25/10/2021T12:49:56Z,50,73,80,58.50,27.19,990.23 
25/10/2021T12:50:26Z,51,76,85,58.49,27.10,990.26 
25/10/2021T12:50:57Z,51,78,86,59.14,27.03,990.17 
25/10/2021T12:51:28Z,52,79,84,58.99,27.02,990.21 
25/10/2021T12:51:58Z,56,83,91,59.02,27.01,990.22 
25/10/2021T12:52:28Z,52,82,88,59.23,27.01,990.19 
25/10/2021T12:52:59Z,53,80,88,59.33,27.05,990.18 
25/10/2021T12:53:29Z,55,84,92,59.00,27.12,990.23 
25/10/2021T12:54:00Z,56,89,97,59.11,27.02,990.24 
25/10/2021T12:54:31Z,54,83,89,59.61,27.11,990.14 
25/10/2021T12:55:01Z,57,83,93,58.76,27.17,990.29 
25/10/2021T12:55:32Z,56,87,95,59.00,27.24,990.23 
25/10/2021T12:56:02Z,62,96,102,57.98,27.16,990.44 
25/10/2021T12:56:33Z,57,85,95,58.82,27.24,990.24 
25/10/2021T12:57:03Z,58,89,100,58.52,27.29,990.31 
25/10/2021T12:57:33Z,59,89,96,58.40,27.33,990.33 
25/10/2021T12:58:04Z,60,92,100,58.15,27.33,990.39 
25/10/2021T12:58:35Z,57,89,95,58.06,27.21,990.40 
25/10/2021T12:59:05Z,56,84,90,58.26,27.25,990.35 
25/10/2021T12:59:36Z,57,87,98,58.61,27.23,990.25 
25/10/2021T13:00:07Z,58,90,99,58.70,27.25,990.25 
25/10/2021T13:00:37Z,57,88,95,58.79,27.32,990.23 
25/10/2021T13:01:08Z,58,91,98,58.98,27.37,990.19 
25/10/2021T13:01:38Z,66,97,107,59.08,27.36,990.19 
25/10/2021T13:02:09Z,65,100,106,59.09,27.35,990.21 
25/10/2021T13:02:39Z,62,97,107,59.13,27.34,990.23 
25/10/2021T13:03:19Z,64,98,108,59.06,27.36,990.24 
25/10/2021T13:03:50Z,64,98,108,59.25,27.28,990.25 
25/10/2021T13:04:20Z,62,95,103,59.24,27.37,990.23 
25/10/2021T13:04:50Z,61,91,98,58.99,27.42,990.28 
25/10/2021T13:05:20Z,62,94,100,59.04,27.40,990.28 
25/10/2021T13:05:51Z,59,89,96,59.14,27.34,990.28 
25/10/2021T13:06:21Z,59,86,95,59.48,27.40,990.22 
25/10/2021T13:06:52Z,54,82,91,58.93,27.41,990.33 
25/10/2021T13:07:22Z,55,83,92,58.71,27.43,990.37 
25/10/2021T13:07:53Z,52,82,90,58.54,27.43,990.40 
25/10/2021T13:08:23Z,50,78,85,58.13,27.45,990.49 
25/10/2021T13:08:53Z,51,75,83,58.24,27.44,990.47 
25/10/2021T13:09:24Z,51,76,82,58.14,27.43,990.48 
25/10/2021T13:09:54Z,49,74,81,58.22,27.41,990.45 
25/10/2021T13:10:25Z,49,77,84,58.30,27.37,990.45 
25/10/2021T13:10:55Z,50,73,78,58.56,27.35,990.39 
25/10/2021T13:11:25Z,49,76,82,58.56,27.37,990.39 
25/10/2021T13:11:56Z,49,75,82,58.16,27.29,990.51 
25/10/2021T13:12:26Z,48,72,80,58.41,27.25,990.44 
25/10/2021T13:12:56Z,51,76,83,58.93,27.11,990.36 
25/10/2021T13:13:26Z,50,75,83,59.17,27.28,990.31 
25/10/2021T13:13:56Z,49,74,80,58.67,27.35,990.40 
25/10/2021T13:14:27Z,51,79,84,58.60,27.38,990.40 
25/10/2021T13:14:57Z,56,86,94,59.00,27.38,990.33 
25/10/2021T13:15:28Z,60,93,102,59.20,27.36,990.31 
25/10/2021T13:15:58Z,63,98,107,59.29,27.41,990.29 
25/10/2021T13:16:29Z,64,96,102,58.88,27.46,990.35 
25/10/2021T13:16:59Z,65,96,107,58.86,27.49,990.37 
25/10/2021T13:17:30Z,63,94,102,58.85,27.42,990.38 
25/10/2021T13:18:00Z,62,92,101,58.86,27.51,990.37 
25/10/2021T13:18:30Z,64,96,104,58.45,27.58,990.45 
25/10/2021T13:19:01Z,61,92,105,58.51,27.63,990.41 
25/10/2021T13:19:32Z,59,89,98,58.54,27.61,990.40 
25/10/2021T13:20:03Z,60,93,100,59.20,27.59,990.29 
25/10/2021T13:20:33Z,61,92,101,58.64,27.62,990.41 
25/10/2021T13:21:03Z,63,95,104,58.61,27.68,990.40 
25/10/2021T13:21:34Z,63,97,109,58.37,27.74,990.44 
25/10/2021T13:22:04Z,69,107,118,58.08,27.73,990.49 
25/10/2021T13:22:35Z,71,107,119,58.07,27.73,990.50 
25/10/2021T13:23:06Z,70,109,115,57.98,27.74,990.51 
25/10/2021T13:23:36Z,69,108,119,58.29,27.75,990.43 
25/10/2021T13:24:07Z,68,105,118,58.56,27.71,990.38 
25/10/2021T13:24:37Z,67,103,114,58.51,27.70,990.41 
25/10/2021T13:25:07Z,63,99,109,58.04,27.71,990.51 
25/10/2021T13:25:37Z,66,101,111,57.89,27.73,990.54 
25/10/2021T13:26:07Z,68,103,111,58.14,27.73,990.50 
25/10/2021T13:26:37Z,69,103,111,58.39,27.76,990.44 
25/10/2021T13:27:07Z,67,101,109,58.26,27.74,990.48 
25/10/2021T13:27:38Z,100,158,173,57.27,27.62,990.71 
25/10/2021T13:28:08Z,135,218,239,58.29,27.58,990.48 
25/10/2021T13:28:39Z,125,201,220,58.36,27.65,990.46 
25/10/2021T13:29:09Z,118,182,201,58.07,27.71,990.52 
25/10/2021T13:29:39Z,101,153,166,57.86,27.78,990.56 
25/10/2021T13:30:10Z,99,157,174,57.34,27.80,990.67 
25/10/2021T13:30:41Z,120,195,213,57.36,27.79,990.67 
25/10/2021T13:31:11Z,146,236,256,57.27,27.76,990.69 
25/10/2021T13:31:41Z,151,247,268,57.17,27.74,990.71 
25/10/2021T13:32:12Z,125,199,216,56.90,27.67,990.78 
25/10/2021T13:32:43Z,107,171,192,57.01,27.65,990.75 
25/10/2021T13:33:13Z,92,142,153,57.00,27.68,990.73 
25/10/2021T13:33:43Z,83,128,139,56.90,27.68,990.76 
25/10/2021T13:34:14Z,81,125,134,56.91,27.71,990.74 
25/10/2021T13:34:44Z,104,166,179,57.03,27.71,990.68 
25/10/2021T13:35:15Z,98,155,172,57.02,27.72,990.69 
25/10/2021T13:35:45Z,87,140,152,57.02,27.71,990.69 
25/10/2021T13:36:15Z,80,124,136,57.05,27.61,990.71 
25/10/2021T13:36:46Z,82,130,144,57.56,27.61,990.57 
25/10/2021T13:37:16Z,93,146,162,57.56,27.57,990.60 
25/10/2021T13:37:47Z,89,143,159,57.25,27.58,990.66 
25/10/2021T13:38:18Z,83,126,141,57.51,27.56,990.61 
25/10/2021T13:38:48Z,81,128,143,57.78,27.60,990.53 
25/10/2021T13:39:18Z,80,118,128,57.49,27.62,990.60 
25/10/2021T13:39:49Z,84,133,144,57.39,27.63,990.63 
25/10/2021T13:40:20Z,81,127,139,57.47,27.66,990.61 
25/10/2021T13:40:50Z,76,121,131,57.26,27.64,990.68 
25/10/2021T13:41:20Z,74,116,123,57.37,27.64,990.64 
25/10/2021T13:41:50Z,76,117,128,57.18,27.63,990.71 
25/10/2021T13:42:20Z,80,127,142,57.45,27.63,990.64 
25/10/2021T13:42:51Z,82,128,141,57.14,27.61,990.75 
25/10/2021T13:43:22Z,83,130,145,56.92,27.61,990.80 
25/10/2021T13:43:52Z,85,133,145,57.01,27.59,990.77 
25/10/2021T13:44:22Z,89,148,162,56.76,27.55,990.84 
25/10/2021T13:44:53Z,84,137,154,56.88,27.53,990.83 
25/10/2021T13:45:23Z,82,130,145,56.63,27.52,990.88 
25/10/2021T13:45:54Z,82,130,143,56.69,27.53,990.85 
25/10/2021T13:46:25Z,80,125,139,56.49,27.53,990.90 
25/10/2021T13:46:55Z,77,122,135,56.57,27.52,990.89 
25/10/2021T13:47:26Z,79,127,143,56.40,27.51,990.91 
25/10/2021T13:47:56Z,80,127,142,56.56,27.51,990.88 
25/10/2021T13:48:27Z,80,126,137,56.71,27.51,990.82 
25/10/2021T13:48:57Z,80,128,140,56.30,27.50,990.94 
25/10/2021T13:49:28Z,85,132,145,56.55,27.48,990.87 
25/10/2021T13:49:58Z,91,143,164,56.39,27.44,990.91 
25/10/2021T13:50:29Z,95,151,168,56.34,27.36,990.92 
25/10/2021T13:51:00Z,93,149,169,56.98,27.33,990.74 
25/10/2021T13:51:30Z,93,151,167,56.94,27.34,990.75 
25/10/2021T13:52:01Z,96,152,176,57.29,27.32,990.67 
25/10/2021T13:52:31Z,89,147,165,57.63,27.30,990.59 
25/10/2021T13:53:02Z,93,149,164,57.60,27.29,990.61 
25/10/2021T13:53:32Z,93,151,167,57.50,27.25,990.63 
25/10/2021T13:54:03Z,88,145,161,57.47,27.23,990.66 
25/10/2021T13:54:34Z,86,137,154,57.64,27.22,990.63 
25/10/2021T13:55:04Z,84,138,152,57.49,27.22,990.67 
25/10/2021T13:55:35Z,73,119,129,57.41,27.22,990.70 
25/10/2021T13:56:06Z,74,116,128,57.63,27.13,990.66 
25/10/2021T13:56:37Z,72,114,127,57.85,27.13,990.60 
25/10/2021T13:57:07Z,72,111,123,57.82,27.14,990.61 
25/10/2021T13:57:38Z,70,109,125,57.82,27.16,990.62 
25/10/2021T13:58:08Z,70,106,118,57.72,27.19,990.63 
25/10/2021T13:58:38Z,73,116,127,57.55,27.19,990.68 
25/10/2021T13:59:08Z,76,121,130,57.53,27.18,990.70 
25/10/2021T13:59:39Z,79,125,135,57.66,27.16,990.67 
25/10/2021T14:00:09Z,77,120,133,57.50,27.18,990.72 
25/10/2021T14:00:39Z,72,114,126,57.45,27.20,990.72 
25/10/2021T14:01:09Z,73,115,124,57.49,27.18,990.72 
25/10/2021T14:01:40Z,73,116,129,57.46,27.17,990.72 
25/10/2021T14:02:10Z,76,119,133,57.44,27.11,990.76 
25/10/2021T14:02:41Z,76,118,131,57.93,27.11,990.60 
25/10/2021T14:03:11Z,76,119,132,57.78,27.14,990.64 
25/10/2021T14:03:41Z,81,123,140,57.69,27.13,990.67 
25/10/2021T14:04:11Z,87,136,149,57.74,27.11,990.67 
25/10/2021T14:04:41Z,92,144,158,57.82,27.08,990.67 
25/10/2021T14:05:12Z,93,149,163,58.04,27.08,990.59 
25/10/2021T14:05:43Z,89,142,158,58.08,27.13,990.58 
25/10/2021T14:06:13Z,86,140,155,58.22,27.18,990.55 
25/10/2021T14:06:44Z,82,134,149,58.08,27.23,990.57 
25/10/2021T14:07:14Z,81,129,143,58.07,27.25,990.59 
25/10/2021T14:07:45Z,77,118,128,58.09,27.29,990.60 
25/10/2021T14:08:16Z,73,116,128,57.85,27.29,990.67 
25/10/2021T14:08:46Z,73,112,121,57.90,27.29,990.66 
25/10/2021T14:09:16Z,71,112,120,57.86,27.32,990.66 
25/10/2021T14:09:47Z,71,112,124,57.81,27.34,990.68 
25/10/2021T14:10:18Z,70,109,119,57.91,27.34,990.65 
25/10/2021T14:10:48Z,72,109,120,57.83,27.37,990.67 
25/10/2021T14:11:19Z,70,108,120,57.74,27.37,990.70 
25/10/2021T14:11:50Z,68,105,115,57.82,27.38,990.68 
25/10/2021T14:12:20Z,71,111,122,57.95,27.41,990.65 
25/10/2021T14:12:51Z,72,107,117,57.97,27.42,990.65 
25/10/2021T14:13:21Z,69,108,118,58.00,27.43,990.64 
25/10/2021T14:13:52Z,71,107,119,57.92,27.45,990.68 
25/10/2021T14:14:22Z,69,106,117,57.88,27.46,990.70 
25/10/2021T14:14:52Z,68,107,116,57.68,27.47,990.74 
25/10/2021T14:15:23Z,70,108,117,57.86,27.49,990.71 
25/10/2021T14:15:53Z,70,108,116,57.62,27.50,990.77 
25/10/2021T14:16:23Z,67,104,116,57.44,27.47,990.83 
25/10/2021T14:16:53Z,70,110,119,57.82,27.45,990.72 
25/10/2021T14:17:24Z,71,107,120,57.91,27.46,990.71 
25/10/2021T14:17:54Z,73,110,123,58.07,27.48,990.67 
25/10/2021T14:18:24Z,72,110,119,58.04,27.51,990.68 
25/10/2021T14:18:55Z,76,117,125,57.77,27.52,990.75 
25/10/2021T14:19:26Z,74,117,128,57.76,27.49,990.76 
25/10/2021T14:19:56Z,75,116,127,57.85,27.48,990.76 
25/10/2021T14:20:27Z,73,112,123,57.64,27.49,990.79 
25/10/2021T14:20:57Z,71,110,120,57.58,27.50,990.82 
25/10/2021T14:21:27Z,70,107,118,57.04,27.49,990.95 
25/10/2021T14:21:58Z,69,107,118,57.37,27.49,990.86 
25/10/2021T14:22:29Z,70,107,116,57.41,27.52,990.83 
25/10/2021T14:22:59Z,73,110,118,57.33,27.53,990.86 
25/10/2021T14:23:30Z,76,115,130,57.55,27.56,990.80 
25/10/2021T14:24:01Z,74,116,130,57.60,27.60,990.78 
25/10/2021T14:24:31Z,73,116,127,57.66,27.64,990.76 
25/10/2021T14:25:01Z,77,121,129,57.50,27.65,990.80 
25/10/2021T14:25:32Z,84,135,146,57.49,27.65,990.80 
25/10/2021T14:26:02Z,84,130,143,57.39,27.61,990.82 
25/10/2021T14:26:32Z,81,124,133,57.32,27.55,990.85 
25/10/2021T14:27:03Z,81,122,136,57.13,27.49,990.92 
25/10/2021T14:27:33Z,77,121,131,57.20,27.47,990.90 
25/10/2021T14:28:04Z,77,124,137,57.48,27.47,990.81 
25/10/2021T14:28:34Z,76,118,130,57.47,27.47,990.80 
25/10/2021T14:29:04Z,74,117,129,57.18,27.44,990.88 
25/10/2021T14:29:35Z,75,114,124,57.26,27.44,990.85 
25/10/2021T14:30:06Z,74,114,125,56.66,27.39,991.01 
25/10/2021T14:30:36Z,76,118,130,57.23,27.26,990.87 
25/10/2021T14:31:07Z,76,117,130,57.23,27.29,990.85 
25/10/2021T14:31:37Z,74,119,128,57.08,27.33,990.88 
25/10/2021T14:32:08Z,76,120,130,57.13,27.25,990.90 
25/10/2021T14:32:38Z,76,118,131,57.28,27.27,990.85 
25/10/2021T14:33:09Z,77,124,134,57.40,27.30,990.80 
25/10/2021T14:33:39Z,86,137,152,57.15,27.28,990.88 
25/10/2021T14:34:09Z,83,129,143,57.37,27.28,990.82 
25/10/2021T14:34:40Z,79,118,131,57.23,27.28,990.86 
25/10/2021T14:35:11Z,78,120,128,57.13,27.26,990.89 
25/10/2021T14:35:41Z,76,114,125,57.05,27.28,990.90 
25/10/2021T14:36:12Z,75,110,120,57.14,27.24,990.89 
25/10/2021T14:36:42Z,74,115,126,57.35,27.19,990.85 
25/10/2021T14:37:12Z,81,129,145,58.25,27.19,990.62 
25/10/2021T14:37:43Z,85,128,143,58.26,27.21,990.65 
25/10/2021T14:38:13Z,84,135,150,58.47,27.23,990.62 
25/10/2021T14:38:44Z,84,134,145,58.36,27.25,990.67 
25/10/2021T14:39:14Z,81,127,142,58.48,27.17,990.67 
25/10/2021T14:39:45Z,79,125,137,58.85,27.17,990.62 
25/10/2021T14:40:16Z,77,125,138,58.98,27.17,990.62 
25/10/2021T14:40:47Z,77,123,140,59.04,27.13,990.65 
25/10/2021T14:41:18Z,77,119,133,59.68,27.09,990.58 
25/10/2021T14:41:48Z,76,121,133,61.81,27.13,990.50 
25/10/2021T14:42:19Z,73,116,132,60.84,27.12,990.67 
25/10/2021T14:42:50Z,71,108,119,60.11,27.09,990.74 
25/10/2021T14:43:20Z,76,115,127,59.07,27.10,990.86 
25/10/2021T14:43:51Z,79,121,129,58.99,27.13,990.84 
25/10/2021T14:44:21Z,82,121,131,58.59,27.20,990.88 
25/10/2021T14:44:51Z,76,114,126,58.71,27.15,990.86 
25/10/2021T14:45:22Z,77,114,124,60.18,27.21,990.64 
25/10/2021T14:45:53Z,70,106,114,60.50,27.17,990.65 
25/10/2021T14:46:24Z,69,108,119,60.18,27.16,990.69 
25/10/2021T14:46:54Z,68,102,112,59.64,27.13,990.79 
25/10/2021T14:47:24Z,70,107,114,59.25,27.10,990.85 
25/10/2021T14:47:55Z,70,103,110,59.38,27.05,990.81 
25/10/2021T14:48:25Z,70,110,120,59.28,27.10,990.82 
25/10/2021T14:48:55Z,71,105,118,59.13,27.12,990.83 
25/10/2021T14:49:25Z,68,102,113,59.29,27.13,990.79 
25/10/2021T14:49:55Z,66,101,108,59.20,27.14,990.80 
25/10/2021T14:50:26Z,66,100,109,59.09,27.10,990.83 
25/10/2021T14:50:56Z,65,102,112,59.02,27.11,990.84 
25/10/2021T14:51:27Z,67,101,113,59.21,27.07,990.79 
25/10/2021T14:51:57Z,67,103,114,59.16,27.12,990.80 
25/10/2021T14:52:28Z,64,99,106,59.40,27.14,990.74 
25/10/2021T14:52:58Z,65,101,111,59.15,27.15,990.79 
25/10/2021T14:53:29Z,66,99,108,59.10,27.15,990.80 
25/10/2021T14:53:59Z,67,100,110,59.13,27.13,990.78 
25/10/2021T14:54:29Z,65,98,106,59.27,27.14,990.76 
25/10/2021T14:55:00Z,66,101,108,59.59,27.17,990.69 
25/10/2021T14:55:30Z,64,100,107,59.59,27.15,990.71 
25/10/2021T14:56:00Z,66,101,116,59.85,27.13,990.69 
25/10/2021T14:56:30Z,67,100,111,59.99,27.12,990.69 
25/10/2021T14:57:00Z,66,101,111,59.40,27.12,990.81 
25/10/2021T14:57:31Z,63,95,104,59.33,27.13,990.82 
25/10/2021T14:58:01Z,67,99,110,59.49,27.12,990.80 
25/10/2021T14:58:32Z,66,100,110,59.15,27.11,990.86 
25/10/2021T14:59:03Z,66,101,111,58.81,27.11,990.92 
25/10/2021T14:59:33Z,66,98,104,58.70,27.10,990.92 
25/10/2021T15:00:03Z,65,98,107,58.59,27.10,990.92 
25/10/2021T15:00:34Z,65,100,108,58.29,27.08,990.97 
25/10/2021T15:01:05Z,64,97,109,58.52,27.05,990.90 
25/10/2021T15:01:35Z,64,100,108,58.37,27.05,990.94 
25/10/2021T15:02:06Z,62,97,103,58.32,27.05,990.94 
25/10/2021T15:02:36Z,66,102,114,58.17,27.05,990.97 
25/10/2021T15:03:06Z,66,101,107,58.13,27.04,990.97 
25/10/2021T15:03:36Z,65,96,104,58.43,27.03,990.89 
25/10/2021T15:04:06Z,63,99,109,58.38,27.04,990.89 
25/10/2021T15:04:37Z,63,99,104,58.33,27.04,990.92 
25/10/2021T15:05:07Z,63,98,112,58.41,27.04,990.89 
25/10/2021T15:05:37Z,61,95,104,58.53,27.05,990.86 
25/10/2021T15:06:08Z,64,96,109,58.48,27.07,990.87 
25/10/2021T15:06:38Z,63,97,103,58.52,27.09,990.86 
25/10/2021T15:07:09Z,62,97,106,58.27,27.08,990.91 
25/10/2021T15:07:40Z,63,95,103,58.63,26.98,990.85 
25/10/2021T15:08:10Z,62,96,105,58.77,26.97,990.83 
25/10/2021T15:08:40Z,66,101,113,58.65,26.96,990.85 
25/10/2021T15:09:10Z,83,124,132,58.68,26.97,990.85 
25/10/2021T15:09:40Z,95,137,152,58.62,26.98,990.87 
25/10/2021T15:10:11Z,84,125,136,58.66,27.06,990.85 
25/10/2021T15:10:42Z,72,109,117,58.69,27.05,990.84 
25/10/2021T15:11:13Z,71,108,119,58.58,27.06,990.88 
25/10/2021T15:11:43Z,70,108,118,58.58,27.10,990.88 
25/10/2021T15:12:14Z,65,100,109,58.63,27.11,990.87 
25/10/2021T15:12:44Z,65,99,108,58.39,27.08,990.93 
25/10/2021T15:13:15Z,65,96,107,58.73,27.05,990.86 
25/10/2021T15:13:45Z,64,98,106,58.64,27.04,990.90 
25/10/2021T15:14:15Z,65,98,109,58.82,27.04,990.86 
25/10/2021T15:14:46Z,66,100,109,58.93,27.05,990.83 
25/10/2021T15:15:17Z,63,94,103,59.01,27.07,990.83 
25/10/2021T15:15:47Z,66,100,107,59.24,27.08,990.81 
25/10/2021T15:16:18Z,66,100,110,59.09,27.04,990.85 
25/10/2021T15:16:48Z,63,95,104,59.21,26.99,990.82 
25/10/2021T15:17:19Z,59,89,98,59.20,26.99,990.84 
25/10/2021T15:17:49Z,69,102,111,58.90,26.96,990.88 
25/10/2021T15:18:19Z,74,112,121,59.34,26.89,990.82 
25/10/2021T15:18:50Z,71,108,116,59.50,26.98,990.78 
25/10/2021T15:19:20Z,67,105,113,59.58,27.03,990.77 
25/10/2021T15:19:51Z,67,101,110,59.60,27.12,990.78 
25/10/2021T15:20:21Z,68,102,110,59.05,27.14,990.88 
25/10/2021T15:20:52Z,69,103,114,59.06,27.15,990.88 
25/10/2021T15:21:22Z,70,106,117,58.91,27.15,990.89 
25/10/2021T15:21:53Z,75,113,123,58.92,27.08,990.90 
25/10/2021T15:22:23Z,75,116,125,59.42,27.05,990.81 
25/10/2021T15:22:54Z,74,114,125,59.52,27.06,990.78 
25/10/2021T15:23:24Z,74,110,120,59.53,27.06,990.79 
25/10/2021T15:23:54Z,72,110,122,59.56,27.03,990.79 
25/10/2021T15:24:25Z,72,110,119,59.47,27.05,990.82 
25/10/2021T15:24:56Z,72,109,116,59.20,27.08,990.87 
25/10/2021T15:25:26Z,72,109,116,59.37,27.11,990.81 
25/10/2021T15:25:56Z,73,110,119,59.26,27.11,990.85 
25/10/2021T15:26:26Z,73,112,122,59.46,27.09,990.83 
25/10/2021T15:26:57Z,74,112,120,59.39,27.08,990.85 
25/10/2021T15:27:28Z,73,110,119,59.34,27.07,990.86 
25/10/2021T15:27:58Z,75,114,122,59.49,27.07,990.84 
25/10/2021T15:28:28Z,79,121,131,59.30,27.07,990.88 
25/10/2021T15:28:59Z,87,133,146,59.17,27.04,990.91 
25/10/2021T15:29:30Z,86,129,140,59.23,26.98,990.92 
25/10/2021T15:30:00Z,83,124,137,59.47,26.97,990.88 
25/10/2021T15:30:30Z,84,122,131,59.33,26.94,990.92 
25/10/2021T15:31:00Z,82,123,133,59.50,26.93,990.89 
25/10/2021T15:31:31Z,82,123,135,59.55,26.94,990.89 
25/10/2021T15:32:02Z,81,125,139,59.34,26.99,990.92 
25/10/2021T15:32:33Z,81,122,130,59.13,27.01,990.94 
25/10/2021T15:33:03Z,80,119,128,59.19,27.02,990.93 
25/10/2021T15:33:33Z,77,117,125,59.24,27.02,990.91 
25/10/2021T15:34:03Z,78,116,125,59.00,27.00,990.96 
25/10/2021T15:34:34Z,76,116,130,58.99,26.95,990.98 
25/10/2021T15:35:05Z,76,118,129,59.40,26.90,990.89 
25/10/2021T15:35:35Z,77,115,123,59.69,26.91,990.84 
25/10/2021T15:36:06Z,78,116,128,59.35,26.87,990.90 
25/10/2021T15:36:36Z,78,118,129,59.70,26.85,990.85 
25/10/2021T15:37:06Z,77,117,126,59.77,26.87,990.83 
25/10/2021T15:37:37Z,76,112,119,59.61,26.90,990.85 
25/10/2021T15:38:08Z,74,112,122,59.80,26.88,990.81 
25/10/2021T15:38:38Z,76,114,125,59.86,26.92,990.83 
25/10/2021T15:39:08Z,73,110,120,60.25,26.92,990.77 
25/10/2021T15:39:39Z,75,113,123,60.65,26.93,990.76 
25/10/2021T15:40:09Z,75,110,120,60.48,26.92,990.79 
25/10/2021T15:40:40Z,76,112,121,60.38,26.92,990.82 
25/10/2021T15:41:11Z,77,121,135,60.26,26.94,990.83 
25/10/2021T15:41:41Z,79,124,136,60.42,26.97,990.80 
25/10/2021T15:42:11Z,81,124,136,60.48,26.96,990.80 
25/10/2021T15:42:42Z,82,126,145,59.91,26.96,990.89 
25/10/2021T15:43:12Z,79,120,136,59.69,26.90,990.91 
25/10/2021T15:43:42Z,82,125,135,59.71,26.95,990.91 
25/10/2021T15:44:12Z,81,125,137,59.38,26.95,990.97 
25/10/2021T15:44:43Z,80,121,135,59.22,26.93,990.98 
25/10/2021T15:45:13Z,78,117,127,59.33,26.92,990.96 
25/10/2021T15:45:44Z,75,115,127,59.38,26.86,990.95 
25/10/2021T15:46:15Z,75,115,126,59.14,26.83,991.00 
25/10/2021T15:46:46Z,72,110,119,59.05,26.83,991.02 
25/10/2021T15:47:16Z,70,110,119,58.88,26.82,991.05 
25/10/2021T15:47:46Z,67,102,113,58.72,26.80,991.07 
25/10/2021T15:48:16Z,68,103,111,58.75,26.81,991.04 
25/10/2021T15:48:46Z,67,102,109,58.41,26.82,991.10 
25/10/2021T15:49:16Z,68,105,117,58.35,26.77,991.10 
25/10/2021T15:49:47Z,67,97,109,58.45,26.85,991.05 
25/10/2021T15:50:17Z,66,99,108,58.42,26.85,991.06 
25/10/2021T15:50:48Z,68,102,111,58.41,26.84,991.06 
25/10/2021T15:51:18Z,68,100,110,58.63,26.84,991.01 
25/10/2021T15:51:48Z,71,103,114,58.36,26.86,991.07 
25/10/2021T15:52:19Z,70,105,116,58.47,26.85,991.05 
25/10/2021T15:52:50Z,68,102,111,58.49,26.86,991.05 
25/10/2021T15:53:20Z,71,105,112,58.34,26.89,991.07 
25/10/2021T15:53:51Z,79,122,133,58.34,26.77,991.08 
25/10/2021T15:54:21Z,91,139,153,58.64,26.81,991.00 
25/10/2021T15:54:52Z,92,139,148,58.75,26.89,990.97 
25/10/2021T15:55:22Z,94,140,157,58.53,26.90,991.01 
25/10/2021T15:55:53Z,92,139,149,58.28,26.87,991.07 
25/10/2021T15:56:23Z,89,135,149,58.34,26.87,991.05 
25/10/2021T15:56:53Z,84,129,140,58.12,26.90,991.09 
25/10/2021T15:57:24Z,78,120,130,58.15,26.94,991.07 
25/10/2021T15:57:54Z,84,131,144,58.08,26.93,991.08 
25/10/2021T15:58:24Z,86,132,143,58.20,27.00,991.04 
25/10/2021T15:58:54Z,83,126,138,57.84,27.00,991.11 
25/10/2021T15:59:25Z,78,119,128,58.16,27.03,991.02 
25/10/2021T15:59:55Z,76,114,124,58.01,27.16,991.02 
25/10/2021T16:00:26Z,76,110,119,57.72,27.19,991.09 
25/10/2021T16:00:56Z,78,115,123,57.71,27.19,991.09 
25/10/2021T16:01:26Z,77,113,129,57.76,27.19,991.07 
25/10/2021T16:01:57Z,73,113,132,57.58,27.16,991.12 
25/10/2021T16:02:27Z,71,110,125,57.97,27.14,991.02 
25/10/2021T16:02:57Z,71,110,125,57.82,27.16,991.05 
25/10/2021T16:03:28Z,71,108,126,57.94,27.17,991.03 
25/10/2021T16:03:59Z,72,112,127,58.05,27.21,991.00 
25/10/2021T16:04:30Z,68,104,116,57.78,27.15,991.09 
25/10/2021T16:05:00Z,67,98,108,57.84,27.20,991.06 
25/10/2021T16:05:31Z,68,102,114,57.75,27.24,991.08 
25/10/2021T16:06:01Z,68,105,118,57.58,27.26,991.11 
25/10/2021T16:06:31Z,68,103,115,57.53,27.26,991.12 
25/10/2021T16:07:01Z,68,104,114,57.53,27.30,991.12 
25/10/2021T16:07:32Z,67,102,110,57.35,27.30,991.16 
25/10/2021T16:08:03Z,67,103,112,57.28,27.31,991.16 
25/10/2021T16:08:33Z,67,102,114,57.29,27.24,991.16 
25/10/2021T16:09:04Z,65,94,103,57.39,27.18,991.14 
25/10/2021T16:09:34Z,67,99,114,57.40,27.15,991.13 
25/10/2021T16:10:05Z,67,101,112,57.55,27.09,991.10 
25/10/2021T16:10:35Z,66,100,109,57.60,27.11,991.07 
25/10/2021T16:11:06Z,67,97,105,57.53,27.12,991.10 
25/10/2021T16:11:37Z,68,102,111,57.48,27.08,991.12 
25/10/2021T16:12:07Z,66,99,108,57.74,27.04,991.05 
25/10/2021T16:12:38Z,67,102,113,57.73,27.08,991.04 
25/10/2021T16:13:08Z,66,98,105,57.76,27.07,991.03 
25/10/2021T16:13:38Z,68,100,109,57.74,27.10,991.02 
25/10/2021T16:14:09Z,66,101,111,57.70,27.12,991.02 
25/10/2021T16:14:39Z,65,98,107,57.62,27.08,991.04 
25/10/2021T16:15:10Z,66,98,103,57.46,27.01,991.11 
25/10/2021T16:15:40Z,66,102,110,58.10,26.92,990.97 
25/10/2021T16:16:10Z,66,98,106,57.91,26.95,991.02 
25/10/2021T16:16:40Z,67,102,112,57.79,26.96,991.04 
25/10/2021T16:17:10Z,66,102,108,57.76,26.90,991.06 
25/10/2021T16:17:40Z,66,101,112,58.50,26.76,990.92 
25/10/2021T16:18:11Z,65,98,105,58.33,26.78,990.96 
25/10/2021T16:18:41Z,67,101,109,58.31,26.78,990.97 
25/10/2021T16:19:11Z,68,100,108,58.27,26.76,990.97 
25/10/2021T16:19:41Z,66,98,110,58.29,26.80,990.96 
25/10/2021T16:20:12Z,66,100,110,58.24,26.84,990.96 
25/10/2021T16:20:43Z,65,99,107,58.08,26.82,991.00 
25/10/2021T16:21:14Z,68,100,110,58.05,26.81,991.02 
25/10/2021T16:21:44Z,66,96,107,58.25,26.82,990.95 
25/10/2021T16:22:15Z,67,100,111,58.09,26.81,990.99 
25/10/2021T16:22:46Z,65,100,108,58.12,26.81,990.99 
25/10/2021T16:23:16Z,67,98,108,58.13,26.81,990.98 
25/10/2021T16:23:46Z,64,98,108,58.11,26.83,990.97 
25/10/2021T16:24:16Z,66,101,111,58.00,26.87,990.99 
25/10/2021T16:24:46Z,66,101,113,57.90,26.91,991.00 
25/10/2021T16:25:17Z,66,99,108,57.83,26.93,991.01 
25/10/2021T16:25:48Z,63,97,102,57.77,26.96,991.02 
25/10/2021T16:26:18Z,65,99,108,57.71,26.98,991.03 
25/10/2021T16:26:49Z,66,101,110,57.68,27.00,991.03 
25/10/2021T16:27:20Z,65,95,106,57.63,27.02,991.02 
25/10/2021T16:27:50Z,65,93,102,57.56,27.04,991.03 
25/10/2021T16:28:21Z,63,96,106,57.59,27.04,991.00 
25/10/2021T16:28:52Z,64,96,106,57.61,27.04,991.00 
25/10/2021T16:29:22Z,62,91,99,57.59,27.05,991.00 
25/10/2021T16:29:53Z,63,96,103,57.54,27.07,991.00 
25/10/2021T16:30:23Z,63,94,103,57.55,27.06,990.99 
25/10/2021T16:30:54Z,64,94,103,57.62,27.06,990.97 
25/10/2021T16:31:25Z,61,92,98,57.61,27.06,990.96 
25/10/2021T16:31:55Z,65,97,102,57.57,27.07,990.96 
25/10/2021T16:32:25Z,65,96,101,57.57,27.07,990.95 
25/10/2021T16:32:56Z,63,95,102,57.63,27.06,990.92 
25/10/2021T16:33:27Z,65,96,106,57.60,27.06,990.92 
25/10/2021T16:33:57Z,64,94,101,57.65,27.06,990.89 
25/10/2021T16:34:27Z,62,94,101,57.64,27.06,990.89 
25/10/2021T16:34:58Z,62,95,107,57.73,27.04,990.87 
25/10/2021T16:35:28Z,63,95,102,57.74,27.03,990.86 
25/10/2021T16:35:59Z,63,92,98,57.79,27.02,990.85 
25/10/2021T16:36:30Z,64,94,104,57.78,27.02,990.85 
25/10/2021T16:37:00Z,64,95,103,57.77,27.02,990.84 
25/10/2021T16:37:31Z,63,93,100,57.83,27.02,990.82 
25/10/2021T16:38:01Z,64,97,105,57.78,27.02,990.83 
25/10/2021T16:38:31Z,64,97,105,57.82,27.01,990.82 
25/10/2021T16:39:01Z,63,93,101,57.82,27.02,990.81 
25/10/2021T16:39:32Z,63,94,102,57.84,27.01,990.80 
25/10/2021T16:40:02Z,63,92,98,57.89,27.01,990.80 
25/10/2021T16:40:33Z,63,95,101,57.93,26.99,990.79 
25/10/2021T16:41:03Z,63,94,99,57.90,26.99,990.80 
25/10/2021T16:41:34Z,62,93,99,57.93,26.99,990.79 
25/10/2021T16:42:05Z,63,92,100,57.98,26.98,990.79 
25/10/2021T16:42:36Z,62,92,97,58.01,26.98,990.78 
25/10/2021T16:43:06Z,61,90,97,58.04,26.97,990.76 
25/10/2021T16:43:37Z,61,92,99,58.13,26.95,990.75 
25/10/2021T16:44:07Z,64,92,100,58.10,26.94,990.77 
25/10/2021T16:44:38Z,63,92,97,58.08,26.95,990.78 
25/10/2021T16:45:08Z,62,93,102,58.10,26.95,990.78 
25/10/2021T16:45:38Z,62,90,98,58.14,26.94,990.77 
25/10/2021T16:46:09Z,62,94,100,58.19,26.93,990.76 
25/10/2021T16:46:40Z,63,95,104,58.11,26.93,990.78 
25/10/2021T16:47:11Z,62,93,103,58.12,26.94,990.79 
25/10/2021T16:47:41Z,62,93,99,58.08,26.95,990.80 
25/10/2021T16:48:11Z,62,93,99,58.12,26.94,990.79 
25/10/2021T16:48:42Z,62,93,101,58.21,26.92,990.76 
25/10/2021T16:49:12Z,64,93,101,58.26,26.91,990.75 
25/10/2021T16:49:42Z,61,92,99,58.27,26.91,990.76 
25/10/2021T16:50:12Z,61,91,98,58.26,26.90,990.77 
25/10/2021T16:50:43Z,64,94,100,58.31,26.89,990.76 
25/10/2021T16:51:14Z,64,93,103,58.31,26.89,990.74 
25/10/2021T16:51:44Z,64,93,100,58.31,26.90,990.75 
25/10/2021T16:52:14Z,65,96,102,58.35,26.89,990.74 
25/10/2021T16:52:45Z,62,93,99,58.29,26.88,990.75 
25/10/2021T16:53:16Z,61,90,98,58.35,26.88,990.74 
25/10/2021T16:53:46Z,62,92,98,58.39,26.88,990.73 
25/10/2021T16:54:16Z,63,96,103,58.42,26.87,990.70 
25/10/2021T16:54:46Z,61,89,97,58.43,26.87,990.72 
25/10/2021T16:55:17Z,64,92,99,58.49,26.85,990.69 
25/10/2021T16:55:47Z,62,90,97,58.49,26.85,990.68 
25/10/2021T16:56:17Z,62,93,99,58.47,26.85,990.70 
25/10/2021T16:56:48Z,62,91,99,58.49,26.85,990.68 
25/10/2021T16:57:19Z,63,93,100,58.59,26.84,990.66 
25/10/2021T16:57:50Z,63,95,102,58.54,26.84,990.67 
25/10/2021T16:58:20Z,63,91,99,58.59,26.82,990.66 
25/10/2021T16:58:50Z,63,93,97,58.59,26.82,990.65 
25/10/2021T16:59:21Z,61,94,100,58.51,26.83,990.67 
25/10/2021T16:59:52Z,63,95,103,58.55,26.82,990.66 
25/10/2021T17:00:22Z,63,96,105,58.54,26.82,990.67 
25/10/2021T17:00:53Z,63,91,97,58.61,26.81,990.65 
25/10/2021T17:01:23Z,64,94,101,58.64,26.81,990.65 
25/10/2021T17:01:53Z,63,94,102,58.62,26.81,990.66 
25/10/2021T17:02:24Z,65,93,98,58.71,26.80,990.63 
25/10/2021T17:02:54Z,63,95,104,58.68,26.80,990.65 
25/10/2021T17:03:25Z,64,95,102,58.69,26.79,990.65 
25/10/2021T17:03:56Z,62,94,102,58.77,26.78,990.64 
25/10/2021T17:04:26Z,63,93,100,58.88,26.76,990.62 
25/10/2021T17:04:56Z,64,95,100,58.79,26.77,990.65 
25/10/2021T17:05:27Z,64,94,104,58.74,26.77,990.67 
25/10/2021T17:05:58Z,65,98,107,58.80,26.76,990.64 
25/10/2021T17:06:28Z,63,95,99,58.82,26.76,990.64 
25/10/2021T17:06:59Z,65,97,105,58.80,26.75,990.65 
25/10/2021T17:07:29Z,62,97,103,58.76,26.76,990.65 
25/10/2021T17:08:00Z,62,92,98,58.78,26.76,990.64 
25/10/2021T17:08:31Z,64,93,100,58.85,26.75,990.62 
25/10/2021T17:09:02Z,64,93,99,58.79,26.75,990.64 
25/10/2021T17:09:32Z,63,92,98,58.89,26.73,990.61 
25/10/2021T17:10:03Z,63,94,99,58.94,26.72,990.60 
25/10/2021T17:10:33Z,64,96,101,58.87,26.73,990.63 
25/10/2021T17:11:04Z,65,97,106,58.91,26.73,990.63 
25/10/2021T17:11:35Z,65,95,107,58.88,26.73,990.63 
25/10/2021T17:12:05Z,64,96,104,58.95,26.72,990.63 
25/10/2021T17:12:36Z,62,93,98,58.92,26.72,990.63 
25/10/2021T17:13:06Z,65,98,105,58.91,26.72,990.64 
25/10/2021T17:13:36Z,62,95,105,58.91,26.72,990.64 
25/10/2021T17:14:07Z,66,99,109,59.00,26.72,990.60 
25/10/2021T17:14:37Z,64,97,102,58.90,26.72,990.61 
25/10/2021T17:15:08Z,64,93,99,58.95,26.70,990.61 
25/10/2021T17:15:38Z,65,98,104,58.97,26.70,990.61 
25/10/2021T17:16:08Z,63,96,104,58.94,26.70,990.61 
25/10/2021T17:16:39Z,64,96,102,59.00,26.70,990.60 
25/10/2021T17:17:09Z,67,98,108,58.99,26.69,990.60 
25/10/2021T17:17:40Z,62,95,104,58.97,26.70,990.59 
25/10/2021T17:18:10Z,64,95,102,58.97,26.70,990.60 
25/10/2021T17:18:40Z,62,93,100,59.04,26.69,990.59 
25/10/2021T17:19:11Z,63,93,101,59.09,26.68,990.56 
25/10/2021T17:19:42Z,65,99,104,59.00,26.69,990.60 
25/10/2021T17:20:12Z,64,94,105,59.07,26.69,990.57 
25/10/2021T17:20:43Z,63,94,102,59.02,26.68,990.59 
25/10/2021T17:21:14Z,65,94,99,59.08,26.68,990.58 
25/10/2021T17:21:44Z,63,95,104,59.02,26.68,990.59 
25/10/2021T17:22:15Z,65,96,102,59.00,26.68,990.59 
25/10/2021T17:22:45Z,63,95,102,59.03,26.67,990.59 
25/10/2021T17:23:15Z,66,99,108,58.96,26.67,990.60 
25/10/2021T17:23:46Z,66,98,105,59.00,26.67,990.58 
25/10/2021T17:24:16Z,66,92,98,58.99,26.67,990.58 
25/10/2021T17:24:47Z,66,95,102,58.91,26.67,990.60 
25/10/2021T17:25:18Z,65,96,102,58.98,26.66,990.59 
25/10/2021T17:25:48Z,64,96,105,58.98,26.66,990.60 
25/10/2021T17:26:19Z,66,97,104,59.05,26.66,990.57 
25/10/2021T17:26:49Z,66,97,107,59.06,26.65,990.57 
25/10/2021T17:27:20Z,68,99,105,59.13,26.64,990.54 
25/10/2021T17:27:50Z,67,99,106,59.11,26.64,990.54 
25/10/2021T17:28:20Z,66,97,102,59.08,26.64,990.54 
25/10/2021T17:28:51Z,64,95,102,59.03,26.65,990.55 
25/10/2021T17:29:22Z,66,97,103,59.01,26.65,990.56 
25/10/2021T17:29:52Z,66,99,107,59.06,26.64,990.53 
25/10/2021T17:30:23Z,66,100,106,59.08,26.64,990.52 
25/10/2021T17:30:53Z,66,97,104,59.02,26.65,990.53 
25/10/2021T17:31:23Z,67,98,103,59.15,26.64,990.50 
25/10/2021T17:31:53Z,65,99,109,59.11,26.63,990.50 
25/10/2021T17:32:24Z,66,96,104,59.11,26.63,990.50 
25/10/2021T17:32:54Z,68,99,105,59.09,26.63,990.50 
25/10/2021T17:33:24Z,67,98,106,59.12,26.62,990.49 
25/10/2021T17:33:55Z,68,101,107,59.21,26.62,990.48 
25/10/2021T17:34:25Z,67,100,108,59.15,26.62,990.50 
25/10/2021T17:34:56Z,68,98,107,59.15,26.62,990.49 
25/10/2021T17:35:26Z,69,102,108,59.14,26.62,990.48 
25/10/2021T17:35:56Z,67,100,108,59.10,26.63,990.49 
25/10/2021T17:36:27Z,70,102,111,59.12,26.63,990.49 
25/10/2021T17:36:57Z,69,103,108,59.07,26.63,990.51 
25/10/2021T17:37:27Z,69,104,111,59.01,26.64,990.53 
25/10/2021T17:37:57Z,67,101,109,59.05,26.64,990.51 
25/10/2021T17:38:45Z,67,100,107,59.06,26.63,990.50 
25/10/2021T17:39:15Z,68,102,112,59.02,26.64,990.51 
