25/11/2021T03:12:28Z,189,352,412,61.72,19.77,993.79 
25/11/2021T03:12:59Z,203,379,439,61.85,19.89,993.82 
25/11/2021T03:13:29Z,198,371,426,61.39,20.08,993.93 
25/11/2021T03:13:58Z,196,360,406,60.06,20.27,994.17 
25/11/2021T03:14:29Z,194,354,408,59.81,20.36,994.19 
25/11/2021T03:15:00Z,194,361,409,59.44,20.31,994.23 
25/11/2021T03:15:31Z,194,359,414,59.49,20.39,994.21 
25/11/2021T03:16:01Z,193,357,413,59.31,20.47,994.24 
25/11/2021T03:16:32Z,195,361,416,58.95,20.34,994.34 
25/11/2021T03:17:02Z,192,355,409,59.54,20.22,994.24 
25/11/2021T03:17:32Z,186,350,422,59.88,20.41,994.14 
25/11/2021T03:18:02Z,189,353,420,59.38,20.50,994.24 
25/11/2021T03:18:33Z,187,361,453,59.05,20.63,994.30 
25/11/2021T03:19:03Z,177,393,557,58.84,20.75,994.31 
25/11/2021T03:19:33Z,179,392,541,58.23,20.84,994.42 
25/11/2021T03:20:04Z,183,382,515,57.95,20.85,994.48 
25/11/2021T03:20:34Z,185,365,449,57.83,20.71,994.54 
25/11/2021T03:21:05Z,187,362,458,58.42,20.65,994.42 
25/11/2021T03:21:35Z,185,377,490,59.00,20.62,994.31 
25/11/2021T03:22:06Z,183,394,559,58.88,20.78,994.32 
25/11/2021T03:22:36Z,185,376,497,58.43,20.87,994.42 
25/11/2021T03:23:06Z,184,361,452,58.27,20.88,994.44 
25/11/2021T03:23:37Z,186,377,476,57.95,20.96,994.53 
25/11/2021T03:24:07Z,186,356,428,57.61,20.78,994.59 
25/11/2021T03:24:38Z,187,355,443,58.34,20.75,994.43 
25/11/2021T03:25:08Z,186,354,452,58.27,20.85,994.45 
25/11/2021T03:25:39Z,183,355,440,57.88,20.93,994.53 
25/11/2021T03:26:09Z,187,348,411,57.85,20.91,994.54 
25/11/2021T03:26:40Z,186,349,415,58.29,20.91,994.44 
25/11/2021T03:27:11Z,218,393,447,58.38,20.99,994.41 
25/11/2021T03:27:41Z,268,542,630,58.05,21.07,994.49 
25/11/2021T03:28:11Z,316,1008,1265,58.11,21.16,994.47 
25/11/2021T03:28:42Z,296,760,925,58.09,21.18,994.47 
25/11/2021T03:29:12Z,290,708,856,58.35,21.16,994.42 
25/11/2021T03:29:43Z,213,1277,400,57.72,21.11,994.58 
25/11/2021T03:30:13Z,276,1034,1423,57.73,21.18,994.57 
25/11/2021T03:30:44Z,259,1021,1413,57.68,21.21,994.60 
25/11/2021T03:31:14Z,262,803,1049,57.56,21.25,994.61 
25/11/2021T03:31:45Z,261,601,738,57.54,21.29,994.61 
25/11/2021T03:32:15Z,256,799,1079,57.26,21.24,994.68 
25/11/2021T03:32:46Z,221,1303,384,57.53,21.21,994.61 
25/11/2021T03:33:16Z,248,1216,88,57.68,21.28,994.55 
25/11/2021T03:33:47Z,280,988,1329,57.59,21.34,994.57 
25/11/2021T03:34:17Z,256,1150,1656,57.30,21.36,994.63 
25/11/2021T03:34:48Z,268,744,951,57.46,21.45,994.59 
25/11/2021T03:35:18Z,265,942,1267,57.03,21.50,994.70 
25/11/2021T03:35:49Z,271,1104,1556,56.91,21.55,994.71 
25/11/2021T03:36:19Z,277,873,1167,56.90,21.60,994.71 
25/11/2021T03:36:49Z,274,821,1088,56.59,21.62,994.78 
25/11/2021T03:37:20Z,196,1566,1040,56.48,21.63,994.81 
25/11/2021T03:37:51Z,219,1021,1615,56.53,21.61,994.81 
25/11/2021T03:38:21Z,247,854,1207,56.64,21.52,994.78 
25/11/2021T03:38:51Z,256,1104,1576,56.72,21.53,994.76 
25/11/2021T03:39:21Z,253,935,1303,56.64,21.47,994.79 
25/11/2021T03:39:52Z,244,551,670,56.51,21.42,994.82 
25/11/2021T03:40:22Z,255,588,730,56.65,21.42,994.79 
25/11/2021T03:40:53Z,242,554,671,56.57,21.43,994.81 
25/11/2021T03:41:23Z,264,994,1357,56.56,21.45,994.82 
25/11/2021T03:41:54Z,257,598,729,56.46,21.45,994.83 
25/11/2021T03:42:24Z,243,536,643,56.51,21.48,994.83 
25/11/2021T03:42:55Z,263,663,811,56.62,21.51,994.79 
25/11/2021T03:43:25Z,263,636,780,56.38,21.51,994.85 
25/11/2021T03:43:56Z,268,944,1313,56.39,21.56,994.84 
25/11/2021T03:44:26Z,208,1570,864,56.25,21.59,994.85 
25/11/2021T03:44:56Z,253,1190,47,56.09,21.57,994.90 
25/11/2021T03:45:26Z,216,1551,813,56.30,21.60,994.84 
25/11/2021T03:45:57Z,258,1132,1614,56.38,21.67,994.80 
25/11/2021T03:46:27Z,281,786,1001,56.20,21.72,994.83 
25/11/2021T03:46:58Z,270,858,1118,56.06,21.73,994.87 
25/11/2021T03:47:28Z,266,953,1290,56.03,21.70,994.88 
25/11/2021T03:47:59Z,242,1153,29,56.01,21.69,994.89 
25/11/2021T03:48:29Z,274,946,1286,55.91,21.64,994.93 
25/11/2021T03:48:59Z,265,751,965,55.95,21.61,994.93 
25/11/2021T03:49:30Z,268,974,1336,55.94,21.61,994.93 
25/11/2021T03:50:00Z,284,912,1193,55.88,21.61,994.95 
25/11/2021T03:50:30Z,271,1084,1479,55.87,21.62,994.96 
25/11/2021T03:51:01Z,233,1283,232,55.77,21.61,994.98 
25/11/2021T03:51:32Z,244,516,614,55.91,21.61,994.96 
25/11/2021T03:52:02Z,268,642,778,55.86,21.62,994.97 
25/11/2021T03:52:32Z,263,1128,1605,55.66,21.63,995.02 
25/11/2021T03:53:02Z,231,1421,555,55.78,21.63,995.01 
25/11/2021T03:53:32Z,263,683,853,55.79,21.63,995.01 
25/11/2021T03:54:02Z,280,921,1211,56.12,21.60,994.94 
25/11/2021T03:54:32Z,270,811,1039,55.77,21.53,995.03 
25/11/2021T03:55:03Z,289,788,1003,56.24,21.55,994.93 
25/11/2021T03:55:33Z,269,860,1124,56.02,21.61,994.98 
25/11/2021T03:56:03Z,234,522,643,55.97,21.54,995.00 
25/11/2021T03:56:33Z,263,993,1370,56.06,21.53,994.98 
25/11/2021T03:57:03Z,269,1113,1527,55.97,21.53,995.01 
25/11/2021T03:57:34Z,272,1017,1388,56.14,21.57,994.98 
25/11/2021T03:58:04Z,247,1173,101,55.95,21.57,995.02 
25/11/2021T03:58:35Z,229,1506,744,55.89,21.62,995.03 
25/11/2021T03:59:06Z,270,1113,1505,55.87,21.63,995.04 
25/11/2021T03:59:36Z,275,1155,1581,56.06,21.62,994.99 
25/11/2021T04:00:06Z,289,982,1285,55.92,21.65,995.02 
25/11/2021T04:00:37Z,270,755,942,55.63,21.54,995.14 
25/11/2021T04:01:07Z,294,815,1010,56.02,21.50,995.04 
25/11/2021T04:01:38Z,286,829,1053,56.19,21.49,994.98 
25/11/2021T04:02:08Z,279,689,839,56.15,21.57,994.96 
25/11/2021T04:02:38Z,277,684,845,55.95,21.62,995.02 
25/11/2021T04:03:08Z,267,635,761,55.82,21.66,995.06 
25/11/2021T04:03:38Z,261,581,701,55.69,21.68,995.09 
25/11/2021T04:04:08Z,240,524,612,55.38,21.69,995.18 
25/11/2021T04:04:38Z,210,398,465,55.33,21.64,995.21 
25/11/2021T04:05:08Z,209,392,453,55.40,21.62,995.19 
25/11/2021T04:05:38Z,227,447,519,55.50,21.62,995.16 
25/11/2021T04:06:08Z,223,430,490,55.49,21.59,995.17 
25/11/2021T04:06:39Z,203,378,437,55.60,21.52,995.13 
25/11/2021T04:07:09Z,207,395,455,55.67,21.56,995.11 
25/11/2021T04:07:40Z,195,364,414,55.44,21.58,995.17 
25/11/2021T04:08:10Z,202,371,414,55.49,21.57,995.17 
25/11/2021T04:08:41Z,200,374,423,55.78,21.49,995.10 
25/11/2021T04:09:12Z,197,367,419,55.82,21.42,995.09 
25/11/2021T04:09:42Z,201,354,404,55.91,21.42,995.05 
25/11/2021T04:10:13Z,199,357,406,56.02,21.41,995.03 
25/11/2021T04:10:43Z,190,352,400,55.69,21.34,995.15 
25/11/2021T04:11:14Z,196,356,412,56.31,21.37,994.97 
25/11/2021T04:11:45Z,194,356,413,56.02,21.46,995.02 
25/11/2021T04:12:16Z,192,355,409,55.70,21.52,995.12 
25/11/2021T04:12:46Z,190,353,400,55.52,21.57,995.18 
25/11/2021T04:13:17Z,192,351,397,55.42,21.60,995.19 
25/11/2021T04:13:48Z,198,356,402,55.32,21.53,995.23 
25/11/2021T04:14:18Z,191,351,396,55.71,21.43,995.14 
25/11/2021T04:14:49Z,187,350,399,55.72,21.48,995.13 
25/11/2021T04:15:20Z,189,343,387,55.62,21.42,995.16 
25/11/2021T04:15:50Z,191,347,404,55.89,21.46,995.07 
25/11/2021T04:16:21Z,191,342,393,55.57,21.51,995.15 
25/11/2021T04:16:51Z,189,342,390,55.37,21.53,995.21 
25/11/2021T04:17:22Z,186,339,387,55.40,21.46,995.21 
25/11/2021T04:17:52Z,188,348,391,55.47,21.48,995.19 
25/11/2021T04:18:23Z,193,344,394,55.62,21.52,995.15 
25/11/2021T04:18:54Z,189,337,392,55.40,21.54,995.19 
25/11/2021T04:19:24Z,185,348,391,55.09,21.51,995.27 
25/11/2021T04:19:55Z,187,345,387,55.24,21.38,995.26 
25/11/2021T04:20:25Z,191,336,380,55.67,21.43,995.12 
25/11/2021T04:20:56Z,187,338,381,55.30,21.50,995.20 
25/11/2021T04:21:27Z,189,336,389,55.19,21.56,995.23 
25/11/2021T04:21:57Z,181,333,378,54.79,21.61,995.33 
25/11/2021T04:22:28Z,183,340,393,54.61,21.63,995.39 
25/11/2021T04:22:58Z,194,367,421,54.68,21.61,995.37 
25/11/2021T04:23:29Z,200,367,415,55.00,21.57,995.29 
25/11/2021T04:24:00Z,199,351,400,54.85,21.59,995.31 
25/11/2021T04:24:30Z,191,351,402,54.82,21.43,995.34 
25/11/2021T04:25:01Z,191,349,403,55.32,21.47,995.20 
25/11/2021T04:25:31Z,191,352,393,55.10,21.54,995.25 
25/11/2021T04:26:02Z,188,346,387,54.97,21.59,995.28 
25/11/2021T04:26:33Z,189,341,390,54.91,21.60,995.29 
25/11/2021T04:27:04Z,192,343,400,54.80,21.63,995.32 
25/11/2021T04:27:34Z,185,335,380,54.40,21.50,995.45 
25/11/2021T04:28:04Z,190,346,394,55.14,21.50,995.25 
25/11/2021T04:28:35Z,187,337,390,55.05,21.57,995.25 
25/11/2021T04:29:06Z,187,340,380,54.85,21.63,995.31 
25/11/2021T04:29:36Z,188,342,386,54.82,21.69,995.31 
25/11/2021T04:30:07Z,185,336,387,54.72,21.74,995.33 
25/11/2021T04:30:38Z,186,334,385,54.60,21.76,995.37 
25/11/2021T04:31:08Z,184,331,376,54.53,21.77,995.40 
25/11/2021T04:31:39Z,184,326,375,54.48,21.79,995.40 
25/11/2021T04:32:09Z,187,343,392,54.50,21.81,995.40 
25/11/2021T04:32:40Z,187,337,384,54.46,21.83,995.41 
25/11/2021T04:33:11Z,188,340,384,54.40,21.84,995.42 
25/11/2021T04:33:42Z,186,337,380,54.39,21.70,995.46 
25/11/2021T04:34:12Z,182,333,384,54.90,21.73,995.28 
25/11/2021T04:34:42Z,183,331,382,54.59,21.76,995.37 
25/11/2021T04:35:13Z,187,338,391,54.52,21.78,995.40 
25/11/2021T04:35:44Z,185,328,374,54.14,21.72,995.52 
25/11/2021T04:36:14Z,180,327,376,54.35,21.70,995.46 
25/11/2021T04:36:44Z,180,328,370,54.67,21.72,995.37 
25/11/2021T04:37:15Z,185,332,379,54.42,21.77,995.41 
25/11/2021T04:37:46Z,184,329,371,54.14,21.83,995.50 
25/11/2021T04:38:16Z,184,327,371,54.10,21.84,995.50 
25/11/2021T04:38:46Z,184,327,379,54.02,21.88,995.50 
25/11/2021T04:39:17Z,184,332,375,53.84,21.90,995.55 
25/11/2021T04:39:47Z,184,332,379,53.95,21.89,995.51 
25/11/2021T04:40:17Z,187,333,374,53.94,21.90,995.50 
25/11/2021T04:40:48Z,187,337,379,53.97,21.92,995.48 
25/11/2021T04:41:18Z,186,337,380,54.29,21.93,995.38 
25/11/2021T04:41:49Z,189,342,390,54.39,21.96,995.34 
25/11/2021T04:42:20Z,189,345,390,54.19,21.98,995.38 
25/11/2021T04:42:50Z,186,338,387,54.01,22.00,995.42 
25/11/2021T04:43:21Z,184,340,389,53.81,21.96,995.49 
25/11/2021T04:43:51Z,188,333,376,54.01,21.96,995.43 
25/11/2021T04:44:21Z,184,329,373,54.05,21.98,995.42 
25/11/2021T04:44:52Z,189,343,381,54.00,22.01,995.42 
25/11/2021T04:45:22Z,189,343,393,53.87,22.02,995.45 
25/11/2021T04:45:53Z,192,345,393,53.97,22.01,995.41 
25/11/2021T04:46:23Z,193,339,393,54.00,22.03,995.38 
25/11/2021T04:46:54Z,190,338,385,54.06,22.04,995.35 
25/11/2021T04:47:24Z,192,344,387,54.23,22.05,995.31 
25/11/2021T04:47:55Z,189,341,388,54.46,22.07,995.22 
25/11/2021T04:48:26Z,192,343,389,54.55,22.06,995.16 
25/11/2021T04:48:56Z,192,350,412,54.41,21.96,995.25 
25/11/2021T04:49:27Z,189,341,400,54.58,22.01,995.18 
25/11/2021T04:49:58Z,187,341,386,54.27,22.04,995.27 
25/11/2021T04:50:28Z,188,341,395,54.31,22.02,995.27 
25/11/2021T04:50:58Z,186,339,389,54.38,22.05,995.23 
25/11/2021T04:51:29Z,184,333,388,53.80,22.02,995.40 
25/11/2021T04:52:00Z,184,337,388,53.90,22.03,995.39 
25/11/2021T04:52:31Z,188,338,393,53.83,22.03,995.40 
25/11/2021T04:53:01Z,184,333,384,53.87,22.07,995.38 
25/11/2021T04:53:31Z,185,330,379,53.83,22.13,995.38 
25/11/2021T04:54:02Z,185,326,373,53.68,22.18,995.41 
25/11/2021T04:54:32Z,185,332,380,53.73,22.20,995.37 
25/11/2021T04:55:02Z,188,339,381,53.72,22.21,995.38 
25/11/2021T04:55:33Z,189,342,383,53.79,22.26,995.32 
25/11/2021T04:56:04Z,191,344,383,53.73,22.29,995.34 
25/11/2021T04:56:35Z,191,341,381,53.80,22.31,995.30 
25/11/2021T04:57:05Z,195,355,405,54.09,22.34,995.22 
25/11/2021T04:57:36Z,201,365,423,54.12,22.36,995.17 
25/11/2021T04:58:06Z,198,353,408,53.90,22.40,995.24 
25/11/2021T04:58:37Z,199,357,403,53.94,22.41,995.24 
25/11/2021T04:59:07Z,196,355,404,54.15,22.40,995.17 
25/11/2021T04:59:37Z,198,359,410,54.09,22.41,995.17 
25/11/2021T05:00:07Z,198,355,406,54.06,22.40,995.18 
25/11/2021T05:00:38Z,189,340,384,53.87,22.43,995.23 
25/11/2021T05:01:08Z,191,344,388,53.47,22.43,995.32 
25/11/2021T05:01:39Z,190,340,390,53.71,22.47,995.25 
25/11/2021T05:02:10Z,190,336,376,53.63,22.54,995.25 
25/11/2021T05:02:41Z,186,333,380,53.65,22.58,995.22 
25/11/2021T05:03:11Z,187,331,370,53.68,22.61,995.22 
25/11/2021T05:03:41Z,195,342,385,53.54,22.58,995.25 
25/11/2021T05:04:12Z,192,338,383,53.72,22.61,995.20 
25/11/2021T05:04:42Z,189,335,384,53.59,22.66,995.22 
25/11/2021T05:05:13Z,191,336,379,53.70,22.70,995.17 
25/11/2021T05:05:44Z,188,332,379,53.51,22.72,995.23 
25/11/2021T05:06:14Z,189,329,376,53.54,22.74,995.22 
25/11/2021T05:06:44Z,188,330,381,53.62,22.77,995.20 
25/11/2021T05:07:14Z,184,331,375,53.45,22.78,995.25 
25/11/2021T05:07:45Z,184,324,372,53.41,22.81,995.26 
25/11/2021T05:08:15Z,183,326,373,53.26,22.82,995.30 
25/11/2021T05:08:45Z,179,324,362,53.13,22.83,995.35 
25/11/2021T05:09:16Z,181,328,370,51.94,22.72,995.68 
25/11/2021T05:09:47Z,184,324,363,52.64,22.55,995.55 
25/11/2021T05:10:17Z,183,324,370,53.68,22.62,995.16 
25/11/2021T05:10:47Z,180,320,369,53.76,22.67,995.10 
25/11/2021T05:11:17Z,179,319,359,53.78,22.73,995.05 
25/11/2021T05:11:48Z,184,330,373,53.45,22.73,995.14 
25/11/2021T05:12:18Z,184,326,373,53.51,22.77,995.14 
25/11/2021T05:12:48Z,181,324,368,53.40,22.83,995.16 
25/11/2021T05:13:18Z,181,321,370,53.30,22.89,995.17 
25/11/2021T05:13:49Z,181,321,364,53.42,22.94,995.12 
25/11/2021T05:14:19Z,183,323,361,53.42,22.97,995.10 
25/11/2021T05:14:49Z,180,320,355,53.66,23.01,994.98 
25/11/2021T05:15:19Z,185,326,376,53.39,23.04,995.07 
25/11/2021T05:15:50Z,189,327,378,53.24,23.05,995.12 
25/11/2021T05:16:20Z,183,320,364,53.16,23.09,995.12 
25/11/2021T05:16:50Z,182,321,375,53.24,23.12,995.10 
25/11/2021T05:17:21Z,180,323,373,53.21,23.13,995.09 
25/11/2021T05:17:51Z,183,319,364,52.86,23.14,995.20 
25/11/2021T05:18:21Z,178,322,370,52.35,23.12,995.40 
25/11/2021T05:18:51Z,176,309,355,52.88,23.13,995.22 
25/11/2021T05:19:21Z,178,313,361,52.76,23.15,995.20 
25/11/2021T05:19:51Z,176,317,361,52.93,23.17,995.16 
25/11/2021T05:20:22Z,177,316,357,52.78,23.20,995.16 
25/11/2021T05:20:52Z,181,323,369,52.72,23.22,995.20 
25/11/2021T05:21:23Z,178,313,362,53.00,23.25,995.10 
25/11/2021T05:21:53Z,178,318,359,52.98,23.25,995.08 
25/11/2021T05:22:23Z,178,325,366,53.03,23.26,995.05 
25/11/2021T05:22:54Z,180,316,357,52.89,23.27,995.08 
25/11/2021T05:23:24Z,177,318,357,53.08,23.26,995.03 
25/11/2021T05:23:54Z,178,318,355,51.99,23.11,995.39 
25/11/2021T05:24:24Z,175,317,359,52.84,23.09,995.12 
25/11/2021T05:24:54Z,176,312,347,52.53,23.02,995.25 
25/11/2021T05:25:25Z,175,312,358,52.72,22.96,995.15 
25/11/2021T05:25:55Z,174,305,347,53.49,22.98,994.90 
25/11/2021T05:26:25Z,179,311,356,53.05,22.97,994.99 
25/11/2021T05:26:56Z,185,326,369,53.17,22.87,995.04 
25/11/2021T05:27:27Z,180,318,362,53.70,22.90,994.80 
25/11/2021T05:27:58Z,192,342,386,53.59,22.93,994.80 
25/11/2021T05:28:28Z,190,342,375,53.46,22.96,994.85 
25/11/2021T05:28:58Z,188,343,389,53.31,22.98,994.88 
25/11/2021T05:29:47Z,188,336,378,53.38,22.99,994.86 
25/11/2021T05:30:17Z,195,344,392,53.67,22.98,994.77 
25/11/2021T05:30:47Z,197,354,399,53.82,22.96,994.71 
25/11/2021T05:31:18Z,199,348,396,54.16,22.98,994.60 
25/11/2021T05:31:48Z,197,358,408,54.19,22.98,994.58 
25/11/2021T05:32:19Z,198,355,402,54.28,22.98,994.54 
25/11/2021T05:32:49Z,196,363,413,54.01,22.98,994.60 
25/11/2021T05:33:20Z,195,349,402,53.47,22.98,994.76 
25/11/2021T05:33:51Z,190,339,385,52.91,22.99,994.94 
25/11/2021T05:34:21Z,187,342,383,52.80,23.01,995.00 
25/11/2021T05:34:51Z,184,338,376,53.03,23.03,994.91 
25/11/2021T05:35:22Z,184,326,372,53.03,23.05,994.92 
25/11/2021T05:35:53Z,185,326,372,53.27,23.07,994.82 
25/11/2021T05:36:24Z,190,340,389,53.26,23.10,994.80 
25/11/2021T05:36:54Z,191,345,388,53.18,23.11,994.82 
25/11/2021T05:37:25Z,200,364,419,53.18,23.13,994.82 
25/11/2021T05:37:55Z,190,348,394,53.20,23.15,994.80 
25/11/2021T05:38:26Z,192,346,395,53.21,23.18,994.79 
25/11/2021T05:38:56Z,198,352,398,53.43,23.20,994.69 
25/11/2021T05:39:27Z,192,347,400,53.65,23.21,994.61 
25/11/2021T05:39:57Z,190,342,396,53.70,23.22,994.57 
25/11/2021T05:40:28Z,190,338,385,53.52,23.22,994.63 
25/11/2021T05:40:58Z,183,330,371,53.20,23.24,994.73 
25/11/2021T05:41:28Z,185,331,374,52.97,23.25,994.79 
25/11/2021T05:41:58Z,180,319,361,52.93,23.26,994.82 
25/11/2021T05:42:28Z,179,317,369,52.55,23.27,994.94 
25/11/2021T05:42:59Z,177,316,361,52.74,23.28,994.87 
25/11/2021T05:43:29Z,179,321,368,52.83,23.29,994.84 
25/11/2021T05:43:59Z,181,332,373,53.24,23.31,994.69 
25/11/2021T05:44:29Z,187,336,379,53.52,23.35,994.56 
25/11/2021T05:44:59Z,183,329,371,53.39,23.36,994.57 
25/11/2021T05:45:29Z,182,321,362,53.46,23.39,994.55 
25/11/2021T05:45:59Z,178,322,364,53.77,23.44,994.45 
25/11/2021T05:46:29Z,180,323,373,53.99,23.48,994.36 
25/11/2021T05:46:59Z,181,324,369,54.04,23.51,994.32 
25/11/2021T05:47:30Z,180,326,372,53.90,23.52,994.37 
25/11/2021T05:48:01Z,186,332,375,53.75,23.51,994.43 
25/11/2021T05:48:31Z,185,326,371,53.83,23.51,994.41 
25/11/2021T05:49:01Z,176,320,369,53.84,23.51,994.39 
25/11/2021T05:49:32Z,179,318,357,53.38,23.50,994.52 
25/11/2021T05:50:02Z,179,314,351,53.00,23.46,994.65 
25/11/2021T05:50:33Z,177,310,357,53.19,23.48,994.61 
25/11/2021T05:51:03Z,170,302,345,52.92,23.51,994.67 
25/11/2021T05:51:33Z,172,304,348,52.40,23.52,994.84 
25/11/2021T05:52:04Z,169,300,341,52.70,23.54,994.73 
25/11/2021T05:52:34Z,167,297,339,52.46,23.56,994.80 
25/11/2021T05:53:04Z,168,291,334,52.62,23.58,994.75 
25/11/2021T05:53:35Z,170,295,335,52.83,23.59,994.66 
25/11/2021T05:54:05Z,167,296,323,52.74,23.58,994.66 
25/11/2021T05:54:35Z,172,304,347,52.55,23.57,994.75 
25/11/2021T05:55:06Z,166,298,340,52.46,23.58,994.76 
25/11/2021T05:55:36Z,164,293,326,52.41,23.59,994.77 
25/11/2021T05:56:06Z,169,292,332,52.46,23.60,994.74 
25/11/2021T05:56:36Z,168,299,336,52.42,23.61,994.74 
25/11/2021T05:57:07Z,167,288,323,52.64,23.61,994.68 
25/11/2021T05:57:37Z,166,296,329,53.07,23.64,994.53 
25/11/2021T05:58:08Z,175,307,343,53.22,23.65,994.45 
25/11/2021T05:58:38Z,175,312,352,53.31,23.65,994.42 
25/11/2021T05:59:08Z,175,310,347,53.29,23.65,994.41 
25/11/2021T05:59:38Z,176,312,357,53.44,23.65,994.37 
25/11/2021T06:00:09Z,175,310,343,53.38,23.65,994.36 
25/11/2021T06:00:39Z,170,300,339,52.99,23.65,994.48 
25/11/2021T06:01:09Z,170,305,345,52.07,23.62,994.76 
25/11/2021T06:01:39Z,164,295,330,52.52,23.63,994.64 
25/11/2021T06:02:10Z,163,288,329,52.32,23.68,994.66 
25/11/2021T06:02:40Z,162,285,323,52.13,23.71,994.72 
25/11/2021T06:03:11Z,158,275,314,51.56,23.74,994.87 
25/11/2021T06:03:41Z,154,272,308,51.67,23.77,994.84 
25/11/2021T06:04:12Z,162,275,313,51.77,23.79,994.79 
25/11/2021T06:04:42Z,159,279,317,52.03,23.79,994.69 
25/11/2021T06:05:13Z,158,274,314,52.13,23.78,994.65 
25/11/2021T06:05:43Z,160,279,317,52.36,23.78,994.55 
25/11/2021T06:06:13Z,159,279,309,52.65,23.79,994.46 
25/11/2021T06:06:44Z,156,276,310,52.25,23.78,994.54 
25/11/2021T06:07:14Z,157,279,307,51.59,23.78,994.74 
25/11/2021T06:07:45Z,159,275,309,52.10,23.80,994.61 
25/11/2021T06:08:15Z,160,276,320,52.45,23.81,994.48 
25/11/2021T06:08:45Z,164,286,335,52.85,23.81,994.33 
25/11/2021T06:09:16Z,162,286,336,53.00,23.80,994.25 
25/11/2021T06:09:46Z,163,291,348,52.86,23.80,994.27 
25/11/2021T06:10:16Z,161,284,328,52.72,23.81,994.35 
25/11/2021T06:10:46Z,161,281,312,52.68,23.83,994.35 
25/11/2021T06:11:17Z,164,284,317,52.73,23.88,994.28 
25/11/2021T06:11:48Z,164,283,322,52.49,23.93,994.33 
25/11/2021T06:12:19Z,160,283,318,52.47,23.95,994.33 
25/11/2021T06:12:49Z,163,291,336,51.92,23.93,994.49 
25/11/2021T06:13:19Z,163,281,314,51.79,23.95,994.55 
25/11/2021T06:13:49Z,160,276,315,52.25,24.01,994.36 
25/11/2021T06:14:20Z,164,280,319,52.58,24.03,994.22 
25/11/2021T06:14:50Z,164,285,329,52.35,24.02,994.26 
25/11/2021T06:15:20Z,161,277,312,52.29,24.01,994.27 
25/11/2021T06:15:50Z,162,278,316,52.45,24.00,994.21 
25/11/2021T06:16:21Z,160,275,320,52.53,24.00,994.18 
25/11/2021T06:16:51Z,158,276,327,52.65,24.01,994.11 
25/11/2021T06:17:21Z,158,273,317,51.90,24.02,994.34 
25/11/2021T06:17:51Z,162,274,320,52.45,24.06,994.18 
25/11/2021T06:18:22Z,157,281,324,51.90,24.09,994.29 
25/11/2021T06:18:52Z,155,273,309,51.33,24.10,994.50 
25/11/2021T06:19:22Z,150,267,305,51.84,24.13,994.35 
25/11/2021T06:19:52Z,151,259,295,51.10,24.11,994.52 
25/11/2021T06:20:22Z,151,262,300,51.66,24.13,994.34 
25/11/2021T06:20:52Z,153,265,305,50.85,24.10,994.58 
25/11/2021T06:21:22Z,154,262,295,51.73,24.15,994.28 
25/11/2021T06:21:53Z,153,262,298,51.21,24.17,994.40 
25/11/2021T06:22:24Z,146,258,292,49.77,24.20,994.81 
25/11/2021T06:22:54Z,147,256,289,50.44,24.23,994.60 
25/11/2021T06:23:24Z,147,253,278,50.66,24.24,994.50 
25/11/2021T06:23:54Z,151,257,291,50.67,24.23,994.49 
25/11/2021T06:24:25Z,148,251,285,50.48,24.20,994.55 
25/11/2021T06:24:55Z,147,249,284,50.08,24.18,994.68 
25/11/2021T06:25:26Z,147,254,286,50.45,24.19,994.56 
25/11/2021T06:25:57Z,148,253,286,50.52,24.20,994.53 
25/11/2021T06:26:27Z,143,247,278,50.57,24.21,994.49 
25/11/2021T06:26:57Z,145,249,287,50.87,24.21,994.41 
25/11/2021T06:27:28Z,147,251,286,51.16,24.20,994.30 
25/11/2021T06:27:58Z,144,247,281,51.13,24.19,994.30 
25/11/2021T06:28:28Z,143,243,273,50.62,24.20,994.43 
25/11/2021T06:28:59Z,142,249,283,50.63,24.23,994.43 
25/11/2021T06:29:29Z,147,248,283,50.90,24.25,994.35 
25/11/2021T06:30:00Z,157,265,299,51.29,24.23,994.20 
25/11/2021T06:30:30Z,152,264,291,51.80,24.25,994.02 
25/11/2021T06:31:00Z,152,263,296,51.97,24.27,993.95 
25/11/2021T06:31:31Z,153,260,294,51.98,24.28,993.93 
25/11/2021T06:32:02Z,155,271,309,51.99,24.26,993.93 
25/11/2021T06:32:32Z,160,282,318,52.27,24.25,993.83 
25/11/2021T06:33:02Z,159,275,309,52.64,24.23,993.72 
25/11/2021T06:33:32Z,154,269,302,52.51,24.25,993.71 
25/11/2021T06:34:03Z,178,305,344,52.02,24.25,993.87 
25/11/2021T06:34:33Z,174,297,326,52.28,24.24,993.82 
25/11/2021T06:35:04Z,231,386,426,52.54,24.21,993.74 
25/11/2021T06:35:34Z,249,417,457,52.66,24.20,993.68 
25/11/2021T06:36:05Z,232,383,415,52.60,24.19,993.69 
25/11/2021T06:36:36Z,225,375,416,52.55,24.16,993.71 
25/11/2021T06:37:06Z,205,338,383,52.73,24.14,993.66 
25/11/2021T06:37:37Z,198,329,375,52.83,24.12,993.61 
25/11/2021T06:38:07Z,193,322,365,53.00,24.10,993.55 
25/11/2021T06:38:37Z,185,314,355,53.66,24.11,993.33 
25/11/2021T06:39:08Z,182,310,343,53.62,24.10,993.32 
25/11/2021T06:39:39Z,183,300,332,53.63,24.11,993.30 
25/11/2021T06:40:09Z,179,301,339,53.33,24.15,993.37 
25/11/2021T06:40:39Z,172,286,323,52.21,24.17,993.70 
25/11/2021T06:41:09Z,172,292,323,52.35,24.19,993.71 
25/11/2021T06:41:40Z,170,289,322,52.68,24.21,993.58 
25/11/2021T06:42:10Z,171,290,321,52.67,24.23,993.56 
25/11/2021T06:42:40Z,167,282,319,52.23,24.23,993.67 
25/11/2021T06:43:11Z,169,285,312,52.19,24.21,993.71 
25/11/2021T06:43:41Z,165,282,311,52.03,24.15,993.77 
25/11/2021T06:44:12Z,164,283,313,52.89,24.08,993.53 
25/11/2021T06:44:42Z,166,280,316,53.21,24.11,993.37 
25/11/2021T06:45:12Z,175,303,344,53.16,24.13,993.36 
25/11/2021T06:45:43Z,184,320,364,53.19,24.11,993.36 
25/11/2021T06:46:14Z,180,315,353,53.28,24.11,993.32 
25/11/2021T06:46:44Z,179,320,356,53.02,24.11,993.37 
25/11/2021T06:47:14Z,176,302,337,52.73,24.12,993.47 
25/11/2021T06:47:45Z,173,296,332,52.67,24.12,993.49 
25/11/2021T06:48:15Z,171,289,325,52.61,24.09,993.52 
25/11/2021T06:48:46Z,169,285,320,53.01,24.10,993.38 
25/11/2021T06:49:17Z,168,293,330,53.14,24.10,993.28 
25/11/2021T06:49:47Z,166,289,322,53.10,24.10,993.29 
25/11/2021T06:50:18Z,168,287,329,53.20,24.10,993.26 
25/11/2021T06:50:48Z,172,288,322,53.03,24.12,993.26 
25/11/2021T06:51:19Z,169,282,311,52.92,24.11,993.32 
25/11/2021T06:51:49Z,169,296,328,53.30,24.10,993.19 
25/11/2021T06:52:19Z,175,307,350,53.05,24.08,993.23 
25/11/2021T06:52:49Z,208,395,452,52.29,23.94,993.51 
25/11/2021T06:53:20Z,192,355,410,53.31,23.93,993.21 
25/11/2021T06:53:51Z,193,354,418,53.09,23.97,993.22 
25/11/2021T06:54:21Z,208,387,446,52.63,23.95,993.35 
25/11/2021T06:54:51Z,211,386,440,52.94,23.92,993.27 
25/11/2021T06:55:22Z,205,371,414,52.84,23.92,993.28 
25/11/2021T06:55:52Z,194,344,389,52.83,23.91,993.31 
25/11/2021T06:56:23Z,191,338,388,52.77,23.91,993.30 
25/11/2021T06:56:54Z,185,329,379,52.72,23.94,993.28 
25/11/2021T06:57:24Z,176,315,355,52.36,23.99,993.36 
25/11/2021T06:57:55Z,176,316,356,51.72,24.02,993.57 
25/11/2021T06:58:25Z,180,323,377,51.66,24.05,993.57 
25/11/2021T06:58:55Z,178,319,367,51.35,24.05,993.66 
25/11/2021T06:59:26Z,175,315,355,51.35,24.08,993.66 
25/11/2021T06:59:56Z,175,313,357,51.76,24.06,993.52 
25/11/2021T07:00:27Z,174,304,348,52.16,24.05,993.36 
25/11/2021T07:00:57Z,178,310,349,52.15,24.05,993.35 
25/11/2021T07:01:27Z,196,369,431,52.19,24.05,993.33 
25/11/2021T07:01:58Z,204,392,470,52.29,24.04,993.28 
25/11/2021T07:02:28Z,225,445,535,52.50,24.04,993.21 
25/11/2021T07:02:58Z,233,477,560,52.15,23.93,993.32 
25/11/2021T07:03:29Z,223,447,528,52.88,23.90,993.10 
25/11/2021T07:03:59Z,226,459,540,52.35,23.83,993.26 
25/11/2021T07:04:30Z,228,461,543,53.11,23.84,993.02 
25/11/2021T07:05:00Z,221,441,526,52.81,23.84,993.08 
25/11/2021T07:05:31Z,218,444,517,52.64,23.85,993.11 
25/11/2021T07:06:01Z,225,461,541,52.94,23.85,993.02 
25/11/2021T07:06:32Z,239,499,589,53.21,23.86,992.89 
25/11/2021T07:07:03Z,244,516,626,52.90,23.88,992.96 
25/11/2021T07:07:33Z,229,471,562,52.32,23.91,993.13 
25/11/2021T07:08:03Z,213,424,514,52.15,23.96,993.20 
25/11/2021T07:08:34Z,195,378,443,51.86,24.00,993.27 
25/11/2021T07:09:05Z,195,376,434,51.86,24.01,993.25 
25/11/2021T07:09:35Z,189,355,415,52.11,24.02,993.14 
25/11/2021T07:10:06Z,189,350,404,52.46,23.97,993.04 
25/11/2021T07:10:36Z,191,356,416,52.62,23.94,992.96 
25/11/2021T07:11:07Z,192,363,413,53.02,23.97,992.83 
25/11/2021T07:11:38Z,195,375,436,52.77,24.03,992.85 
25/11/2021T07:12:09Z,199,388,462,52.33,24.06,992.96 
25/11/2021T07:12:39Z,200,379,442,52.02,24.07,993.07 
25/11/2021T07:13:10Z,190,364,422,52.31,24.09,992.97 
25/11/2021T07:13:41Z,187,341,406,52.43,24.09,992.91 
25/11/2021T07:14:11Z,182,331,386,52.38,24.08,992.93 
25/11/2021T07:14:42Z,183,335,392,52.39,24.10,992.90 
25/11/2021T07:15:13Z,190,350,408,52.56,24.16,992.83 
25/11/2021T07:15:43Z,188,343,414,52.56,24.18,992.80 
25/11/2021T07:16:14Z,188,350,399,52.53,24.20,992.82 
25/11/2021T07:16:45Z,186,343,405,52.47,24.20,992.83 
25/11/2021T07:17:15Z,195,357,412,52.65,24.21,992.77 
25/11/2021T07:17:46Z,193,359,408,52.57,24.22,992.78 
25/11/2021T07:18:17Z,189,350,401,52.56,24.21,992.78 
25/11/2021T07:18:48Z,186,339,390,52.42,24.21,992.81 
25/11/2021T07:19:18Z,175,318,369,50.99,24.20,993.25 
25/11/2021T07:19:49Z,176,316,362,51.22,24.21,993.24 
25/11/2021T07:20:19Z,165,295,344,49.55,24.22,993.66 
25/11/2021T07:20:50Z,156,278,318,48.23,24.22,993.97 
25/11/2021T07:21:20Z,156,272,308,49.05,24.28,993.71 
25/11/2021T07:21:50Z,156,276,312,49.13,24.31,993.64 
25/11/2021T07:22:20Z,158,274,316,50.00,24.35,993.38 
25/11/2021T07:22:50Z,158,281,331,49.71,24.37,993.41 
25/11/2021T07:23:20Z,154,265,304,49.36,24.38,993.51 
25/11/2021T07:23:51Z,153,268,307,49.84,24.35,993.39 
25/11/2021T07:24:21Z,157,275,316,50.44,24.31,993.20 
25/11/2021T07:24:52Z,154,270,310,50.40,24.29,993.20 
25/11/2021T07:25:22Z,152,264,291,50.21,24.26,993.25 
25/11/2021T07:25:53Z,149,266,304,50.25,24.21,993.27 
25/11/2021T07:26:23Z,151,260,297,50.71,24.18,993.12 
25/11/2021T07:26:54Z,153,265,296,50.83,24.16,993.09 
25/11/2021T07:27:24Z,151,265,304,51.06,24.16,992.98 
25/11/2021T07:27:54Z,157,274,311,51.33,24.17,992.92 
25/11/2021T07:28:24Z,159,276,312,51.78,24.21,992.73 
25/11/2021T07:28:54Z,158,272,318,51.63,24.21,992.75 
25/11/2021T07:29:25Z,154,267,302,51.56,24.25,992.75 
25/11/2021T07:29:55Z,154,271,307,51.43,24.30,992.75 
25/11/2021T07:30:26Z,152,262,292,50.67,24.36,992.96 
25/11/2021T07:30:56Z,145,251,285,50.25,24.44,993.11 
25/11/2021T07:31:27Z,149,261,300,51.25,24.50,992.79 
25/11/2021T07:31:58Z,147,256,284,50.72,24.51,992.89 
25/11/2021T07:32:28Z,146,244,280,50.42,24.51,993.00 
25/11/2021T07:32:58Z,143,247,280,51.06,24.54,992.83 
25/11/2021T07:33:28Z,146,248,283,50.69,24.54,992.90 
25/11/2021T07:33:58Z,144,246,277,51.15,24.58,992.76 
25/11/2021T07:34:29Z,141,236,266,50.97,24.61,992.80 
25/11/2021T07:34:59Z,140,238,266,51.01,24.61,992.79 
25/11/2021T07:35:30Z,142,247,276,51.25,24.59,992.73 
25/11/2021T07:36:00Z,142,237,266,51.18,24.61,992.73 
25/11/2021T07:36:30Z,141,238,270,51.18,24.61,992.71 
25/11/2021T07:37:01Z,141,244,277,51.44,24.64,992.62 
25/11/2021T07:37:31Z,144,239,271,51.42,24.66,992.60 
25/11/2021T07:38:01Z,145,243,277,50.78,24.64,992.78 
25/11/2021T07:38:32Z,148,244,272,51.07,24.63,992.74 
25/11/2021T07:39:02Z,163,279,314,51.30,24.64,992.64 
25/11/2021T07:39:33Z,174,294,328,51.54,24.64,992.58 
25/11/2021T07:40:04Z,174,290,326,51.61,24.66,992.53 
25/11/2021T07:40:34Z,172,289,323,51.01,24.70,992.70 
25/11/2021T07:41:04Z,165,277,310,51.00,24.76,992.71 
25/11/2021T07:41:35Z,159,269,299,50.61,24.82,992.78 
25/11/2021T07:42:05Z,152,255,280,49.42,24.87,993.11 
25/11/2021T07:42:36Z,146,242,272,49.24,24.91,993.16 
25/11/2021T07:43:06Z,146,242,270,49.87,24.91,992.98 
25/11/2021T07:43:36Z,148,249,279,50.64,24.90,992.73 
25/11/2021T07:44:06Z,147,244,277,50.59,24.88,992.73 
25/11/2021T07:44:37Z,162,269,300,50.79,24.86,992.65 
25/11/2021T07:45:07Z,188,322,361,49.94,24.85,992.89 
25/11/2021T07:45:37Z,179,307,336,50.38,24.86,992.77 
25/11/2021T07:46:07Z,191,333,367,50.08,24.85,992.85 
25/11/2021T07:46:38Z,218,377,414,50.21,24.88,992.81 
25/11/2021T07:47:08Z,213,370,405,50.69,24.92,992.65 
25/11/2021T07:47:38Z,201,338,379,50.95,24.91,992.53 
25/11/2021T07:48:09Z,238,419,475,49.75,24.90,992.89 
25/11/2021T07:48:39Z,230,399,443,50.36,24.88,992.77 
25/11/2021T07:49:09Z,206,351,396,51.23,24.90,992.46 
25/11/2021T07:49:39Z,195,329,363,51.43,24.91,992.38 
25/11/2021T07:50:10Z,186,316,354,51.21,24.90,992.43 
25/11/2021T07:50:40Z,179,312,351,51.10,24.89,992.46 
25/11/2021T07:51:11Z,179,311,351,50.92,24.87,992.52 
25/11/2021T07:51:41Z,188,321,363,50.62,24.86,992.62 
25/11/2021T07:52:11Z,190,317,357,50.89,24.86,992.53 
25/11/2021T07:52:42Z,201,345,385,50.67,24.86,992.60 
25/11/2021T07:53:12Z,210,363,405,50.85,24.84,992.54 
25/11/2021T07:53:43Z,217,366,407,51.01,24.81,992.47 
25/11/2021T07:54:14Z,215,371,406,51.12,24.78,992.42 
25/11/2021T07:54:44Z,208,359,397,51.05,24.72,992.46 
25/11/2021T07:55:14Z,200,338,372,51.30,24.67,992.40 
25/11/2021T07:55:45Z,188,318,361,51.22,24.65,992.41 
25/11/2021T07:56:15Z,186,311,350,51.85,24.64,992.23 
25/11/2021T07:56:45Z,182,309,351,51.76,24.63,992.23 
25/11/2021T07:57:16Z,178,303,347,51.87,24.62,992.18 
25/11/2021T07:57:46Z,174,287,321,51.70,24.58,992.21 
25/11/2021T07:58:16Z,170,288,322,51.86,24.55,992.20 
25/11/2021T07:58:47Z,171,293,327,52.31,24.56,992.05 
25/11/2021T07:59:17Z,168,280,309,52.49,24.55,991.97 
25/11/2021T07:59:47Z,183,306,340,52.63,24.54,991.94 
25/11/2021T08:00:18Z,193,326,370,51.81,24.47,992.19 
25/11/2021T08:00:48Z,187,312,349,52.22,24.49,992.07 
25/11/2021T08:01:19Z,186,319,347,52.11,24.50,992.08 
25/11/2021T08:01:49Z,181,314,352,52.15,24.50,992.08 
25/11/2021T08:02:20Z,178,301,334,52.05,24.49,992.08 
25/11/2021T08:02:51Z,178,297,325,51.66,24.50,992.19 
25/11/2021T08:03:21Z,176,291,322,51.58,24.55,992.21 
25/11/2021T08:03:52Z,178,299,338,51.66,24.55,992.15 
25/11/2021T08:04:22Z,187,316,352,51.30,24.52,992.26 
25/11/2021T08:04:53Z,198,332,372,51.46,24.50,992.23 
25/11/2021T08:05:24Z,201,339,378,51.33,24.49,992.24 
25/11/2021T08:05:55Z,201,341,378,51.40,24.50,992.22 
25/11/2021T08:06:25Z,196,332,367,51.24,24.51,992.25 
25/11/2021T08:06:56Z,198,337,377,51.39,24.50,992.20 
25/11/2021T08:07:27Z,201,340,384,51.44,24.48,992.15 
25/11/2021T08:07:57Z,202,338,377,51.30,24.48,992.19 
25/11/2021T08:08:27Z,200,329,373,51.23,24.47,992.20 
25/11/2021T08:08:58Z,193,327,358,51.31,24.44,992.17 
25/11/2021T08:09:28Z,197,327,362,51.33,24.40,992.18 
25/11/2021T08:09:59Z,198,339,373,51.57,24.36,992.09 
25/11/2021T08:10:30Z,197,334,372,51.41,24.32,992.13 
25/11/2021T08:11:00Z,195,335,377,51.56,24.28,992.08 
25/11/2021T08:11:30Z,194,331,376,51.77,24.25,992.00 
25/11/2021T08:12:01Z,182,311,348,52.09,24.16,991.93 
25/11/2021T08:12:31Z,182,311,352,52.30,24.15,991.85 
25/11/2021T08:13:01Z,179,299,344,52.32,24.14,991.83 
25/11/2021T08:13:31Z,178,299,335,52.41,24.12,991.80 
25/11/2021T08:14:02Z,178,302,336,52.63,24.12,991.73 
25/11/2021T08:14:32Z,174,296,331,52.73,24.11,991.69 
25/11/2021T08:15:02Z,167,284,323,52.60,24.07,991.72 
25/11/2021T08:15:33Z,167,286,323,52.68,24.01,991.70 
25/11/2021T08:16:03Z,162,275,310,52.57,23.94,991.75 
25/11/2021T08:16:34Z,163,273,308,53.10,23.95,991.57 
25/11/2021T08:17:04Z,160,272,307,52.70,23.95,991.67 
25/11/2021T08:17:35Z,160,272,296,52.71,23.96,991.66 
25/11/2021T08:18:05Z,158,270,303,53.32,23.96,991.47 
25/11/2021T08:18:36Z,156,270,303,53.41,23.97,991.42 
25/11/2021T08:19:06Z,156,266,299,53.34,23.96,991.43 
25/11/2021T08:19:37Z,153,256,289,53.04,23.97,991.52 
25/11/2021T08:20:08Z,149,246,276,51.34,23.98,992.01 
25/11/2021T08:20:38Z,149,252,284,51.64,24.01,991.99 
25/11/2021T08:21:09Z,150,252,281,52.40,24.04,991.72 
25/11/2021T08:21:39Z,152,261,294,52.06,24.01,991.80 
25/11/2021T08:22:09Z,158,266,299,52.53,23.96,991.69 
25/11/2021T08:22:40Z,157,266,302,52.29,23.92,991.74 
25/11/2021T08:23:11Z,161,274,309,52.83,23.85,991.60 
25/11/2021T08:23:41Z,156,262,296,52.84,23.84,991.57 
25/11/2021T08:24:12Z,155,268,300,53.30,23.87,991.43 
25/11/2021T08:24:42Z,156,262,296,53.21,23.91,991.41 
25/11/2021T08:25:13Z,153,256,289,53.16,23.95,991.41 
25/11/2021T08:25:43Z,151,248,282,52.81,23.97,991.51 
25/11/2021T08:26:14Z,151,253,282,52.84,23.99,991.49 
25/11/2021T08:26:44Z,150,257,284,52.51,24.00,991.60 
25/11/2021T08:27:14Z,150,257,285,52.58,24.00,991.58 
25/11/2021T08:27:44Z,155,260,292,52.45,23.99,991.63 
25/11/2021T08:28:14Z,155,261,294,52.88,24.00,991.49 
25/11/2021T08:28:45Z,163,276,307,52.65,23.98,991.56 
25/11/2021T08:29:15Z,163,274,304,52.74,23.97,991.54 
25/11/2021T08:29:46Z,162,274,307,53.00,23.95,991.44 
25/11/2021T08:30:16Z,163,279,314,52.72,23.94,991.51 
25/11/2021T08:30:46Z,158,269,306,52.50,23.91,991.59 
25/11/2021T08:31:17Z,160,273,306,52.85,23.93,991.49 
25/11/2021T08:31:47Z,158,269,304,52.75,23.93,991.50 
25/11/2021T08:32:18Z,157,269,305,52.63,23.92,991.53 
25/11/2021T08:32:48Z,152,263,305,52.53,23.90,991.58 
25/11/2021T08:33:19Z,156,269,306,52.92,23.90,991.44 
25/11/2021T08:33:50Z,156,264,301,53.10,23.86,991.37 
25/11/2021T08:34:20Z,154,265,305,53.28,23.83,991.31 
25/11/2021T08:34:50Z,156,269,304,53.34,23.82,991.28 
25/11/2021T08:35:20Z,157,264,297,53.40,23.81,991.25 
25/11/2021T08:35:51Z,158,267,303,53.47,23.81,991.22 
25/11/2021T08:36:21Z,157,264,297,53.50,23.81,991.20 
25/11/2021T08:36:52Z,157,265,293,53.58,23.81,991.17 
25/11/2021T08:37:22Z,152,259,290,53.63,23.82,991.15 
25/11/2021T08:37:53Z,148,250,284,53.68,23.84,991.13 
25/11/2021T08:38:24Z,150,251,283,53.30,23.84,991.24 
25/11/2021T08:38:54Z,149,251,276,53.51,23.85,991.16 
25/11/2021T08:39:25Z,149,249,278,53.36,23.86,991.21 
25/11/2021T08:39:55Z,146,245,275,53.49,23.87,991.16 
25/11/2021T08:40:25Z,150,251,284,53.31,23.86,991.21 
25/11/2021T08:40:56Z,152,257,293,53.41,23.85,991.18 
25/11/2021T08:41:26Z,148,246,281,53.52,23.83,991.15 
25/11/2021T08:41:56Z,149,251,282,53.70,23.81,991.09 
25/11/2021T08:42:27Z,152,255,293,53.56,23.76,991.12 
25/11/2021T08:42:57Z,148,250,283,53.79,23.76,991.07 
25/11/2021T08:43:27Z,154,253,284,53.84,23.79,991.03 
25/11/2021T08:43:58Z,155,256,289,53.55,23.80,991.12 
25/11/2021T08:44:28Z,163,267,299,53.35,23.79,991.17 
25/11/2021T08:44:59Z,167,280,319,53.32,23.77,991.20 
25/11/2021T08:45:29Z,166,278,320,53.53,23.77,991.15 
25/11/2021T08:46:00Z,168,283,319,53.78,23.77,991.06 
25/11/2021T08:46:30Z,174,292,331,54.41,23.76,990.86 
25/11/2021T08:47:01Z,259,405,450,54.06,23.82,990.92 
25/11/2021T08:47:31Z,220,351,388,53.82,23.86,990.98 
25/11/2021T08:48:01Z,203,324,360,53.67,23.90,991.01 
25/11/2021T08:48:32Z,200,325,365,53.63,23.92,991.03 
25/11/2021T08:49:02Z,177,292,338,53.47,23.92,991.09 
25/11/2021T08:49:33Z,175,290,324,53.42,23.92,991.10 
25/11/2021T08:50:03Z,172,298,330,53.48,23.84,991.11 
25/11/2021T08:50:34Z,171,294,330,53.81,23.85,991.00 
25/11/2021T08:51:04Z,179,301,348,53.88,23.86,990.96 
25/11/2021T08:51:34Z,173,298,346,53.92,23.89,990.94 
25/11/2021T08:52:04Z,170,280,325,53.71,23.91,990.99 
25/11/2021T08:52:34Z,160,269,305,53.59,23.92,991.02 
25/11/2021T08:53:04Z,160,272,309,53.32,23.93,991.10 
25/11/2021T08:53:34Z,156,266,301,53.19,23.95,991.13 
25/11/2021T08:54:04Z,155,266,293,53.04,23.94,991.19 
25/11/2021T08:54:35Z,162,270,304,53.15,23.94,991.14 
25/11/2021T08:55:05Z,168,274,310,53.10,23.94,991.14 
25/11/2021T08:55:35Z,194,321,355,53.15,23.95,991.13 
25/11/2021T08:56:06Z,196,327,357,53.18,23.92,991.13 
25/11/2021T08:56:36Z,190,327,374,53.33,23.93,991.06 
25/11/2021T08:57:06Z,184,316,364,53.33,23.95,991.05 
25/11/2021T08:57:37Z,177,307,349,53.33,23.92,991.06 
25/11/2021T08:58:07Z,173,298,335,53.52,23.94,990.98 
25/11/2021T08:58:37Z,164,281,323,53.38,23.95,991.02 
25/11/2021T08:59:08Z,170,291,324,53.19,23.95,991.08 
25/11/2021T08:59:38Z,171,290,328,53.20,23.93,991.07 
25/11/2021T09:00:08Z,178,314,357,53.37,23.94,991.02 
25/11/2021T09:00:38Z,175,305,345,53.29,23.96,991.02 
25/11/2021T09:01:09Z,184,319,359,53.23,23.97,991.04 
25/11/2021T09:01:39Z,190,331,379,53.33,23.97,991.01 
25/11/2021T09:02:09Z,198,345,384,52.88,23.95,991.13 
25/11/2021T09:02:39Z,202,357,404,52.73,23.93,991.20 
25/11/2021T09:03:10Z,205,354,398,52.83,23.93,991.17 
25/11/2021T09:03:40Z,214,372,417,52.80,23.92,991.17 
25/11/2021T09:04:11Z,223,392,434,52.61,23.89,991.22 
25/11/2021T09:04:42Z,233,403,445,52.57,23.88,991.25 
25/11/2021T09:05:12Z,236,408,454,52.53,23.87,991.26 
25/11/2021T09:05:43Z,244,430,479,52.57,23.84,991.25 
25/11/2021T09:06:13Z,251,441,493,52.59,23.81,991.22 
25/11/2021T09:06:44Z,260,458,503,52.72,23.81,991.19 
25/11/2021T09:07:14Z,263,474,521,52.79,23.83,991.17 
25/11/2021T09:07:44Z,265,472,525,52.89,23.85,991.12 
25/11/2021T09:08:15Z,253,442,495,52.96,23.89,991.07 
25/11/2021T09:08:45Z,252,448,500,52.94,23.92,991.07 
25/11/2021T09:09:16Z,260,463,515,52.85,23.93,991.08 
25/11/2021T09:09:46Z,261,476,535,52.94,23.93,991.04 
25/11/2021T09:10:16Z,260,474,530,52.90,23.93,991.04 
25/11/2021T09:10:47Z,257,459,518,52.92,23.93,991.04 
25/11/2021T09:11:17Z,252,448,505,53.02,23.93,991.00 
25/11/2021T09:11:48Z,247,435,493,52.77,23.93,991.07 
25/11/2021T09:12:19Z,240,414,467,52.55,23.93,991.15 
25/11/2021T09:12:49Z,242,417,469,52.84,23.94,991.06 
25/11/2021T09:13:20Z,236,411,468,52.99,23.95,990.99 
25/11/2021T09:13:51Z,228,391,436,53.05,23.96,990.97 
25/11/2021T09:14:21Z,216,381,428,52.87,23.95,991.01 
25/11/2021T09:14:52Z,211,361,399,52.87,23.96,991.02 
25/11/2021T09:15:22Z,209,354,395,52.56,23.99,991.09 
25/11/2021T09:15:53Z,205,350,384,52.42,24.04,991.14 
25/11/2021T09:16:24Z,201,344,388,52.47,24.06,991.13 
25/11/2021T09:16:54Z,192,329,370,52.29,24.07,991.18 
25/11/2021T09:17:24Z,182,304,345,51.66,24.11,991.37 
25/11/2021T09:17:54Z,186,320,363,51.96,24.14,991.29 
25/11/2021T09:18:25Z,194,324,353,52.23,24.17,991.14 
25/11/2021T09:18:55Z,190,310,352,51.67,24.15,991.34 
25/11/2021T09:19:25Z,194,326,365,51.87,24.13,991.31 
25/11/2021T09:19:55Z,194,322,370,51.93,24.10,991.26 
25/11/2021T09:20:25Z,195,323,367,51.85,24.08,991.29 
25/11/2021T09:20:56Z,196,327,357,52.19,24.07,991.18 
25/11/2021T09:21:26Z,190,326,368,52.20,24.06,991.15 
25/11/2021T09:21:56Z,184,309,345,52.21,24.04,991.16 
25/11/2021T09:22:26Z,180,307,345,52.30,24.05,991.10 
25/11/2021T09:22:57Z,172,290,323,52.50,24.06,991.04 
25/11/2021T09:23:27Z,169,284,325,52.97,24.05,990.86 
25/11/2021T09:23:58Z,174,294,327,53.06,24.04,990.82 
25/11/2021T09:24:28Z,172,291,326,52.87,24.07,990.85 
25/11/2021T09:24:59Z,169,289,324,53.00,24.09,990.82 
25/11/2021T09:25:29Z,174,288,326,53.12,24.12,990.76 
25/11/2021T09:26:00Z,173,292,328,53.24,24.16,990.70 
25/11/2021T09:26:30Z,170,288,321,53.10,24.17,990.71 
25/11/2021T09:27:00Z,169,290,329,53.11,24.15,990.72 
25/11/2021T09:27:30Z,172,281,316,52.83,24.17,990.79 
25/11/2021T09:28:01Z,172,287,325,52.85,24.16,990.80 
25/11/2021T09:28:31Z,176,294,326,52.79,24.16,990.83 
25/11/2021T09:29:02Z,171,292,331,52.91,24.14,990.78 
25/11/2021T09:29:32Z,170,286,318,52.96,24.12,990.76 
25/11/2021T09:30:03Z,173,287,316,53.09,24.10,990.73 
25/11/2021T09:30:33Z,169,290,327,53.10,24.10,990.71 
25/11/2021T09:31:03Z,167,280,318,52.71,24.10,990.80 
25/11/2021T09:31:33Z,167,276,312,52.74,24.11,990.82 
25/11/2021T09:32:03Z,169,279,317,52.71,24.09,990.85 
25/11/2021T09:32:34Z,171,284,328,52.52,24.00,990.92 
25/11/2021T09:33:05Z,170,283,317,53.16,23.97,990.73 
25/11/2021T09:33:35Z,166,281,316,53.26,23.94,990.67 
25/11/2021T09:34:05Z,171,282,316,53.30,23.92,990.66 
25/11/2021T09:34:35Z,164,279,315,53.26,23.89,990.67 
25/11/2021T09:35:06Z,166,275,308,53.27,23.84,990.66 
25/11/2021T09:35:36Z,165,275,318,53.39,23.82,990.61 
25/11/2021T09:36:07Z,164,273,307,53.45,23.78,990.61 
25/11/2021T09:36:37Z,164,272,303,53.53,23.76,990.57 
25/11/2021T09:37:07Z,162,271,309,53.54,23.73,990.54 
25/11/2021T09:37:38Z,164,269,303,53.63,23.72,990.50 
25/11/2021T09:38:09Z,160,269,304,53.62,23.69,990.52 
25/11/2021T09:38:39Z,156,260,292,53.80,23.68,990.46 
25/11/2021T09:39:09Z,160,265,295,53.88,23.66,990.42 
25/11/2021T09:39:39Z,156,263,298,53.95,23.66,990.38 
25/11/2021T09:40:10Z,153,252,282,53.68,23.64,990.47 
25/11/2021T09:40:40Z,153,259,296,53.61,23.62,990.52 
25/11/2021T09:41:11Z,153,258,282,53.77,23.62,990.45 
25/11/2021T09:41:41Z,152,253,280,53.84,23.63,990.41 
25/11/2021T09:42:11Z,149,250,281,53.92,23.62,990.39 
25/11/2021T09:42:41Z,153,258,286,53.95,23.63,990.37 
25/11/2021T09:43:11Z,147,250,279,53.97,23.63,990.37 
25/11/2021T09:43:42Z,151,249,280,54.00,23.62,990.34 
25/11/2021T09:44:13Z,150,252,276,54.17,23.60,990.26 
25/11/2021T09:44:43Z,145,239,270,54.15,23.62,990.28 
25/11/2021T09:45:13Z,147,247,280,54.12,23.64,990.27 
25/11/2021T09:45:44Z,147,249,278,54.15,23.64,990.27 
25/11/2021T09:46:14Z,144,243,272,54.09,23.66,990.29 
25/11/2021T09:46:44Z,143,243,282,54.00,23.68,990.31 
25/11/2021T09:47:14Z,145,241,274,53.98,23.69,990.32 
25/11/2021T09:47:45Z,147,245,280,53.94,23.70,990.33 
25/11/2021T09:48:15Z,144,239,269,53.89,23.70,990.34 
25/11/2021T09:48:46Z,145,243,274,53.86,23.71,990.33 
25/11/2021T09:49:16Z,145,242,271,53.82,23.72,990.36 
25/11/2021T09:49:47Z,147,243,267,53.80,23.73,990.37 
25/11/2021T09:50:18Z,146,243,276,53.79,23.73,990.37 
25/11/2021T09:50:48Z,144,238,269,53.79,23.73,990.38 
25/11/2021T09:51:18Z,147,241,270,53.81,23.73,990.36 
25/11/2021T09:51:49Z,148,245,277,53.76,23.74,990.38 
25/11/2021T09:52:19Z,141,234,265,53.78,23.73,990.36 
25/11/2021T09:52:49Z,141,238,268,53.79,23.73,990.37 
25/11/2021T09:53:20Z,143,238,265,53.83,23.71,990.35 
25/11/2021T09:53:50Z,142,235,263,53.83,23.71,990.35 
25/11/2021T09:54:20Z,142,235,270,53.82,23.71,990.34 
25/11/2021T09:54:51Z,144,241,271,53.86,23.70,990.32 
25/11/2021T09:55:21Z,144,239,266,53.85,23.70,990.32 
25/11/2021T09:55:52Z,145,240,274,53.88,23.70,990.31 
25/11/2021T09:56:22Z,142,240,271,53.90,23.68,990.29 
25/11/2021T09:56:52Z,144,244,275,53.93,23.67,990.27 
25/11/2021T09:57:23Z,143,239,272,53.93,23.67,990.29 
25/11/2021T09:57:54Z,144,240,272,53.99,23.66,990.27 
25/11/2021T09:58:24Z,145,240,268,54.04,23.65,990.25 
25/11/2021T09:58:54Z,145,238,272,54.04,23.64,990.24 
25/11/2021T09:59:24Z,142,238,269,54.06,23.64,990.23 
25/11/2021T09:59:55Z,149,241,272,54.04,23.64,990.22 
25/11/2021T10:00:25Z,145,243,269,54.09,23.62,990.20 
25/11/2021T10:00:55Z,142,237,260,54.12,23.61,990.18 
25/11/2021T10:01:25Z,145,241,276,54.08,23.62,990.19 
25/11/2021T10:01:56Z,144,240,269,54.11,23.62,990.18 
25/11/2021T10:02:26Z,141,233,266,54.09,23.61,990.17 
25/11/2021T10:02:56Z,142,235,261,54.15,23.60,990.16 
25/11/2021T10:03:27Z,143,240,266,54.15,23.60,990.15 
25/11/2021T10:03:57Z,142,233,260,54.21,23.59,990.12 
25/11/2021T10:04:28Z,143,245,270,54.21,23.58,990.13 
25/11/2021T10:04:58Z,145,242,274,54.24,23.57,990.12 
25/11/2021T10:05:28Z,140,231,249,54.28,23.56,990.11 
25/11/2021T10:05:58Z,144,237,264,54.24,23.56,990.12 
25/11/2021T10:06:28Z,141,233,264,54.26,23.55,990.11 
25/11/2021T10:06:59Z,139,229,258,54.28,23.55,990.11 
25/11/2021T10:07:29Z,139,231,264,54.28,23.54,990.10 
25/11/2021T10:08:00Z,139,233,261,54.30,23.53,990.10 
25/11/2021T10:08:30Z,144,242,268,54.32,23.53,990.09 
25/11/2021T10:09:00Z,138,234,263,54.34,23.52,990.08 
25/11/2021T10:09:31Z,139,233,260,54.34,23.52,990.08 
25/11/2021T10:10:01Z,139,233,256,54.35,23.52,990.08 
25/11/2021T10:10:31Z,140,230,256,54.36,23.51,990.08 
25/11/2021T10:11:02Z,138,229,259,54.32,23.51,990.10 
25/11/2021T10:11:32Z,138,229,250,54.30,23.52,990.12 
25/11/2021T10:12:02Z,138,234,259,54.32,23.52,990.11 
25/11/2021T10:12:32Z,136,223,248,54.34,23.51,990.09 
25/11/2021T10:13:03Z,135,227,250,54.34,23.50,990.09 
25/11/2021T10:13:34Z,138,230,257,54.40,23.49,990.08 
25/11/2021T10:14:04Z,137,229,259,54.41,23.48,990.08 
25/11/2021T10:14:35Z,137,230,259,54.39,23.48,990.08 
25/11/2021T10:15:05Z,137,235,262,54.41,23.48,990.07 
25/11/2021T10:15:35Z,134,229,259,54.45,23.47,990.07 
25/11/2021T10:16:06Z,135,229,254,54.46,23.46,990.06 
25/11/2021T10:16:37Z,137,228,250,54.48,23.46,990.05 
25/11/2021T10:17:07Z,136,224,255,54.48,23.45,990.05 
25/11/2021T10:17:37Z,135,221,255,54.52,23.45,990.04 
25/11/2021T10:18:07Z,136,225,251,54.53,23.44,990.04 
25/11/2021T10:18:37Z,136,222,249,54.56,23.43,990.03 
25/11/2021T10:19:08Z,137,229,259,54.59,23.43,990.00 
25/11/2021T10:19:38Z,135,226,253,54.58,23.43,990.00 
25/11/2021T10:20:08Z,131,225,247,54.53,23.43,990.02 
25/11/2021T10:20:38Z,134,225,255,54.52,23.44,990.03 
25/11/2021T10:21:09Z,134,224,250,54.57,23.43,990.00 
25/11/2021T10:21:39Z,135,225,246,54.58,23.42,989.99 
25/11/2021T10:22:09Z,134,220,242,54.60,23.42,989.99 
25/11/2021T10:22:39Z,135,223,245,54.62,23.41,989.98 
25/11/2021T10:23:10Z,135,222,241,54.61,23.41,989.98 
25/11/2021T10:23:41Z,135,227,254,54.63,23.41,989.97 
25/11/2021T10:24:41Z,132,224,251,54.60,23.41,989.98 
25/11/2021T10:25:12Z,133,221,244,54.57,23.42,989.98 
25/11/2021T11:03:36Z,122,209,238,58.69,22.46,989.38 
25/11/2021T11:04:06Z,128,217,247,59.02,22.34,989.45 
25/11/2021T11:04:37Z,134,225,255,59.16,22.31,989.48 
25/11/2021T11:05:07Z,133,224,252,59.06,22.32,989.55 
25/11/2021T11:05:37Z,134,220,251,59.36,22.37,989.55 
25/11/2021T11:06:08Z,134,226,252,59.35,22.43,989.60 
25/11/2021T11:06:38Z,133,228,257,59.27,22.47,989.64 
25/11/2021T11:07:09Z,137,232,264,59.17,22.52,989.69 
25/11/2021T11:07:39Z,135,229,264,59.19,22.57,989.70 
25/11/2021T11:08:10Z,136,228,257,58.93,22.61,989.76 
25/11/2021T11:08:40Z,134,226,251,58.78,22.66,989.79 
25/11/2021T11:09:11Z,138,235,261,58.79,22.70,989.78 
25/11/2021T11:09:41Z,135,232,261,58.71,22.74,989.79 
25/11/2021T11:10:11Z,135,231,254,58.51,22.74,989.83 
25/11/2021T11:10:42Z,136,231,253,58.38,22.75,989.86 
25/11/2021T11:11:12Z,131,225,254,58.33,22.78,989.86 
25/11/2021T11:11:43Z,134,228,262,58.34,22.76,989.86 
25/11/2021T11:12:13Z,133,227,260,58.66,22.76,989.80 
25/11/2021T11:12:44Z,132,224,255,58.57,22.78,989.82 
25/11/2021T11:13:14Z,133,221,246,58.52,22.80,989.83 
25/11/2021T11:13:45Z,133,225,249,58.45,22.82,989.84 
25/11/2021T11:14:16Z,131,223,249,58.44,22.84,989.84 
25/11/2021T11:14:46Z,130,222,248,58.39,22.87,989.84 
25/11/2021T11:15:16Z,132,218,246,58.46,22.89,989.83 
25/11/2021T11:15:47Z,134,226,251,58.74,22.92,989.76 
25/11/2021T11:16:17Z,133,225,254,58.59,22.95,989.79 
25/11/2021T11:16:47Z,133,224,251,58.77,22.95,989.77 
25/11/2021T11:17:18Z,129,216,242,58.59,22.95,989.81 
25/11/2021T11:17:48Z,132,220,249,58.55,22.94,989.81 
25/11/2021T11:18:19Z,134,220,249,58.58,22.97,989.81 
25/11/2021T11:18:49Z,132,219,245,58.55,23.02,989.81 
25/11/2021T11:19:19Z,132,220,245,58.51,23.03,989.83 
25/11/2021T11:19:50Z,130,222,253,58.34,23.01,989.86 
25/11/2021T11:20:20Z,132,223,252,58.38,23.00,989.86 
25/11/2021T11:20:51Z,130,219,246,58.62,23.01,989.82 
25/11/2021T11:21:21Z,131,215,237,58.56,23.04,989.83 
25/11/2021T11:21:52Z,127,219,243,58.47,23.05,989.85 
25/11/2021T11:22:22Z,131,220,250,58.71,23.05,989.79 
25/11/2021T11:22:52Z,133,223,250,58.64,23.06,989.80 
25/11/2021T11:23:23Z,132,222,249,58.55,23.09,989.82 
25/11/2021T11:23:53Z,130,221,248,58.28,23.12,989.89 
25/11/2021T11:24:24Z,131,221,245,58.22,23.11,989.89 
25/11/2021T11:24:54Z,131,220,247,58.32,23.11,989.87 
25/11/2021T11:25:25Z,132,220,244,58.45,23.10,989.86 
25/11/2021T11:25:55Z,129,214,238,58.48,23.09,989.87 
25/11/2021T11:26:25Z,132,220,243,58.35,23.07,989.90 
25/11/2021T11:26:55Z,128,216,241,58.31,23.05,989.92 
25/11/2021T11:27:26Z,125,210,237,58.30,23.03,989.92 
25/11/2021T11:27:56Z,127,209,235,58.30,23.00,989.92 
25/11/2021T11:28:27Z,130,216,245,58.33,22.97,989.91 
25/11/2021T11:28:57Z,129,220,246,58.41,22.95,989.89 
25/11/2021T11:29:27Z,135,226,250,58.49,22.93,989.89 
25/11/2021T11:29:58Z,128,219,243,58.46,22.96,989.89 
25/11/2021T11:30:28Z,128,223,252,58.53,23.00,989.87 
25/11/2021T11:30:58Z,130,215,247,58.51,23.03,989.88 
25/11/2021T11:31:28Z,128,220,250,58.23,23.06,989.94 
25/11/2021T11:31:59Z,131,218,243,58.14,23.07,989.95 
25/11/2021T11:32:30Z,132,220,246,58.21,23.09,989.93 
25/11/2021T11:33:00Z,134,221,251,58.20,23.08,989.93 
25/11/2021T11:33:31Z,135,223,246,58.09,23.10,989.95 
25/11/2021T11:34:01Z,132,222,246,58.01,23.10,989.95 
25/11/2021T11:34:32Z,133,223,254,58.23,23.04,989.91 
25/11/2021T11:35:02Z,135,228,259,58.54,23.03,989.83 
25/11/2021T11:35:33Z,135,226,255,58.75,23.08,989.79 
25/11/2021T11:36:03Z,133,223,250,58.76,23.11,989.78 
25/11/2021T11:36:33Z,133,227,256,58.61,23.11,989.83 
25/11/2021T11:37:03Z,133,222,253,58.60,23.13,989.83 
25/11/2021T11:37:34Z,133,220,254,58.54,23.14,989.85 
25/11/2021T11:38:04Z,133,223,245,58.57,23.14,989.82 
25/11/2021T11:38:34Z,132,226,257,58.96,23.11,989.74 
25/11/2021T11:39:05Z,132,224,251,59.02,23.09,989.75 
25/11/2021T11:39:35Z,131,225,252,58.87,23.11,989.78 
25/11/2021T11:40:06Z,132,225,258,58.95,23.14,989.77 
25/11/2021T11:40:36Z,134,226,258,58.95,23.18,989.76 
25/11/2021T11:41:06Z,133,230,256,58.65,23.21,989.82 
25/11/2021T11:41:37Z,135,229,259,59.10,23.22,989.73 
25/11/2021T11:42:07Z,134,229,262,58.98,23.25,989.76 
25/11/2021T11:42:38Z,130,220,249,58.51,23.20,989.88 
25/11/2021T11:43:08Z,137,228,255,58.42,23.21,989.89 
25/11/2021T11:43:39Z,141,233,266,58.46,23.15,989.90 
25/11/2021T11:44:10Z,138,233,259,58.52,23.12,989.89 
25/11/2021T11:44:40Z,141,230,257,58.43,23.11,989.92 
25/11/2021T11:45:10Z,136,226,255,58.62,23.05,989.90 
25/11/2021T11:45:41Z,139,229,262,59.20,22.96,989.79 
25/11/2021T11:46:12Z,137,229,257,59.07,22.99,989.83 
25/11/2021T11:46:42Z,136,229,255,59.01,22.99,989.83 
25/11/2021T11:47:12Z,137,230,255,58.83,22.97,989.86 
25/11/2021T11:47:42Z,137,228,263,58.63,22.96,989.91 
25/11/2021T11:48:12Z,136,229,256,58.63,22.94,989.92 
25/11/2021T11:48:43Z,137,226,251,58.63,22.93,989.92 
25/11/2021T11:49:13Z,136,228,263,58.76,22.91,989.89 
25/11/2021T11:49:44Z,138,229,249,58.65,22.92,989.92 
25/11/2021T11:50:24Z,137,228,256,58.81,22.94,989.88 
25/11/2021T11:50:55Z,140,232,268,58.85,22.99,989.86 
25/11/2021T11:51:26Z,139,233,266,58.84,23.04,989.87 
25/11/2021T11:51:56Z,138,233,269,58.79,23.07,989.88 
25/11/2021T11:52:27Z,140,235,267,58.56,23.09,989.92 
25/11/2021T11:52:13Z,138,230,253,58.60,23.09,989.91 
25/11/2021T11:52:43Z,139,234,262,58.48,23.10,989.95 
25/11/2021T11:53:13Z,143,239,273,58.30,23.10,989.99 
25/11/2021T11:53:44Z,150,244,281,58.51,23.10,989.95 
25/11/2021T11:54:14Z,153,248,278,58.50,23.12,989.96 
25/11/2021T11:54:45Z,150,248,281,58.39,23.14,989.99 
25/11/2021T11:55:15Z,145,241,274,58.16,23.14,990.04 
25/11/2021T11:55:46Z,149,246,282,58.17,23.13,990.04 
25/11/2021T11:56:16Z,145,240,266,58.34,23.14,990.01 
25/11/2021T11:56:47Z,147,239,271,58.27,23.16,990.03 
25/11/2021T11:57:17Z,147,246,284,58.16,23.16,990.06 
25/11/2021T11:57:47Z,148,248,278,58.09,23.16,990.08 
25/11/2021T11:58:18Z,149,247,274,58.08,23.16,990.08 
25/11/2021T11:58:48Z,143,248,282,58.00,23.16,990.09 
25/11/2021T11:59:19Z,145,244,273,58.13,23.17,990.06 
25/11/2021T11:59:49Z,147,245,275,58.29,23.19,990.02 
25/11/2021T12:00:20Z,145,242,273,58.12,23.20,990.06 
25/11/2021T12:00:50Z,143,240,273,58.04,23.23,990.06 
25/11/2021T12:01:20Z,147,243,279,58.07,23.24,990.04 
25/11/2021T12:01:51Z,146,245,284,58.25,23.26,989.97 
25/11/2021T12:02:21Z,146,246,271,58.22,23.27,989.97 
25/11/2021T12:02:52Z,146,249,278,58.18,23.25,990.01 
25/11/2021T12:03:22Z,150,251,282,58.23,23.25,989.98 
25/11/2021T12:03:53Z,144,241,275,58.40,23.28,989.93 
25/11/2021T12:04:24Z,147,250,291,58.32,23.29,989.96 
25/11/2021T12:04:54Z,144,243,276,58.19,23.31,989.98 
25/11/2021T12:05:24Z,147,245,274,58.13,23.33,989.98 
25/11/2021T12:05:55Z,146,247,282,58.23,23.36,989.96 
25/11/2021T12:06:25Z,145,250,285,58.15,23.37,989.98 
25/11/2021T12:06:56Z,143,243,283,58.11,23.38,990.00 
25/11/2021T12:07:26Z,148,251,280,57.99,23.39,990.04 
25/11/2021T12:07:57Z,154,252,285,58.01,23.40,990.04 
25/11/2021T12:08:27Z,150,253,289,58.02,23.42,990.03 
25/11/2021T12:08:58Z,150,255,287,58.09,23.43,990.01 
25/11/2021T12:09:28Z,156,266,311,58.07,23.44,990.02 
25/11/2021T12:09:59Z,156,272,312,57.91,23.42,990.07 
25/11/2021T12:10:29Z,149,254,288,57.93,23.41,990.06 
25/11/2021T12:11:00Z,148,253,289,58.05,23.40,990.04 
25/11/2021T12:11:30Z,148,255,288,58.13,23.39,990.02 
25/11/2021T12:12:01Z,148,253,285,58.35,23.39,989.97 
25/11/2021T12:12:31Z,151,253,284,58.35,23.40,989.96 
25/11/2021T12:13:01Z,151,262,299,58.39,23.40,989.96 
25/11/2021T12:13:32Z,147,255,291,58.36,23.42,989.97 
25/11/2021T12:14:02Z,152,258,297,58.46,23.46,989.94 
25/11/2021T12:14:33Z,153,257,289,58.49,23.50,989.93 
25/11/2021T12:15:03Z,152,254,286,58.53,23.54,989.93 
25/11/2021T12:15:33Z,149,248,278,58.45,23.58,989.96 
25/11/2021T12:16:04Z,148,253,287,58.36,23.59,989.99 
25/11/2021T12:16:34Z,148,250,283,58.25,23.58,990.01 
25/11/2021T12:17:04Z,149,251,289,58.08,23.55,990.06 
25/11/2021T12:17:35Z,147,250,284,58.17,23.58,990.06 
25/11/2021T12:18:05Z,149,250,286,58.30,23.59,990.03 
25/11/2021T12:18:35Z,152,255,288,58.57,23.62,989.97 
25/11/2021T12:19:05Z,149,247,286,58.36,23.65,990.01 
25/11/2021T12:19:36Z,150,253,291,58.26,23.66,990.03 
25/11/2021T12:20:07Z,148,250,281,57.99,23.67,990.10 
25/11/2021T12:20:37Z,149,252,282,57.94,23.69,990.11 
25/11/2021T12:21:07Z,150,260,294,57.86,23.71,990.13 
25/11/2021T12:21:38Z,155,266,293,58.19,23.72,990.05 
25/11/2021T12:22:08Z,152,261,296,58.31,23.72,990.03 
25/11/2021T12:22:39Z,154,258,295,58.12,23.68,990.09 
25/11/2021T12:23:09Z,153,256,293,58.04,23.64,990.13 
25/11/2021T12:23:39Z,153,260,292,57.87,23.59,990.18 
25/11/2021T12:24:09Z,153,260,304,57.90,23.55,990.17 
25/11/2021T12:24:40Z,154,260,298,57.93,23.51,990.16 
25/11/2021T12:25:10Z,156,261,300,58.08,23.48,990.13 
25/11/2021T12:25:40Z,155,264,299,58.19,23.45,990.13 
25/11/2021T12:26:11Z,157,262,301,58.46,23.44,990.06 
25/11/2021T12:26:42Z,155,262,292,58.55,23.43,990.04 
25/11/2021T12:27:12Z,153,264,298,58.57,23.44,990.03 
25/11/2021T12:27:42Z,161,275,313,58.61,23.44,990.03 
25/11/2021T12:28:12Z,157,271,308,58.67,23.44,990.01 
25/11/2021T12:28:43Z,163,280,316,58.58,23.44,990.04 
25/11/2021T12:29:13Z,163,277,315,58.64,23.44,990.03 
25/11/2021T12:29:43Z,131,229,260,58.63,23.44,990.03 
25/11/2021T12:30:14Z,172,292,333,58.65,23.47,990.02 
25/11/2021T12:30:44Z,169,290,325,58.67,23.49,990.00 
25/11/2021T12:31:15Z,144,249,283,58.70,23.51,990.00 
25/11/2021T12:31:45Z,168,288,322,58.62,23.50,990.02 
25/11/2021T12:32:15Z,169,288,328,58.69,23.50,990.02 
25/11/2021T12:32:46Z,174,296,341,58.88,23.51,989.99 
25/11/2021T12:33:16Z,175,300,335,58.82,23.50,990.00 
25/11/2021T12:33:46Z,174,297,342,58.76,23.48,990.03 
25/11/2021T12:34:17Z,153,262,300,58.84,23.47,990.03 
25/11/2021T12:34:48Z,181,323,370,58.86,23.46,990.04 
25/11/2021T12:35:18Z,185,325,364,58.76,23.40,990.06 
25/11/2021T12:35:49Z,184,325,373,59.22,23.41,989.97 
25/11/2021T12:36:19Z,189,338,390,59.27,23.43,989.96 
25/11/2021T12:36:49Z,193,344,398,59.05,23.43,990.03 
25/11/2021T12:37:20Z,191,335,390,58.96,23.42,990.05 
25/11/2021T12:37:51Z,181,329,392,59.00,23.42,990.05 
25/11/2021T12:38:21Z,200,361,415,59.19,23.40,990.01 
25/11/2021T12:38:52Z,198,361,419,59.05,23.40,990.06 
25/11/2021T12:39:23Z,193,342,401,59.01,23.41,990.07 
25/11/2021T12:39:54Z,194,338,388,59.26,23.41,990.02 
25/11/2021T12:40:24Z,193,353,407,59.18,23.41,990.04 
25/11/2021T12:40:55Z,194,346,400,59.13,23.41,990.05 
25/11/2021T12:41:26Z,193,357,417,59.28,23.45,990.02 
25/11/2021T12:41:56Z,195,352,408,59.21,23.47,990.04 
25/11/2021T12:42:27Z,196,342,396,59.27,23.48,990.02 
25/11/2021T12:42:57Z,196,352,409,59.25,23.51,990.03 
25/11/2021T12:43:28Z,198,349,415,59.12,23.52,990.05 
25/11/2021T12:43:59Z,198,349,404,59.07,23.54,990.06 
25/11/2021T12:44:29Z,202,360,422,58.95,23.53,990.10 
25/11/2021T12:45:00Z,203,375,432,59.11,23.53,990.07 
25/11/2021T12:45:30Z,202,369,435,59.05,23.53,990.09 
25/11/2021T12:46:01Z,206,382,442,58.98,23.52,990.09 
25/11/2021T12:46:31Z,208,380,441,58.84,23.51,990.12 
25/11/2021T12:47:01Z,208,383,447,58.79,23.50,990.14 
25/11/2021T12:47:31Z,210,389,460,58.95,23.48,990.13 
25/11/2021T12:48:01Z,210,390,456,58.91,23.49,990.12 
25/11/2021T12:48:32Z,210,381,443,58.91,23.48,990.13 
25/11/2021T12:49:02Z,206,374,438,59.17,23.44,990.07 
25/11/2021T12:49:33Z,211,382,450,59.01,23.51,990.11 
25/11/2021T12:50:03Z,212,389,453,58.89,23.54,990.13 
25/11/2021T12:50:34Z,206,379,449,58.79,23.54,990.17 
25/11/2021T12:51:05Z,217,400,470,58.99,23.57,990.14 
25/11/2021T12:51:36Z,212,389,445,58.96,23.59,990.15 
25/11/2021T12:52:06Z,208,378,449,59.11,23.60,990.12 
25/11/2021T12:52:37Z,208,379,437,59.33,23.60,990.08 
25/11/2021T12:53:07Z,207,376,433,59.31,23.63,990.10 
25/11/2021T12:53:38Z,210,379,446,59.42,23.67,990.09 
25/11/2021T12:54:08Z,215,394,449,59.86,23.76,990.04 
25/11/2021T12:54:38Z,238,448,511,59.15,23.80,990.16 
25/11/2021T12:55:09Z,219,404,474,58.85,23.85,990.21 
25/11/2021T12:55:40Z,225,417,499,58.43,23.91,990.27 
25/11/2021T12:56:10Z,236,448,519,57.99,23.89,990.35 
25/11/2021T12:56:40Z,232,434,512,58.06,23.84,990.34 
25/11/2021T12:57:11Z,228,416,483,58.11,23.85,990.33 
25/11/2021T12:57:41Z,228,427,495,57.99,23.89,990.37 
25/11/2021T12:58:12Z,225,417,485,57.88,23.90,990.37 
25/11/2021T12:58:43Z,229,421,484,57.76,23.88,990.41 
25/11/2021T12:59:13Z,231,421,493,57.75,23.83,990.43 
25/11/2021T12:59:44Z,224,405,466,57.71,23.83,990.45 
25/11/2021T13:00:15Z,226,410,490,57.74,23.84,990.45 
25/11/2021T13:00:46Z,224,413,485,57.94,23.86,990.41 
25/11/2021T13:01:16Z,227,425,495,57.71,23.87,990.45 
25/11/2021T13:01:47Z,228,420,492,57.60,23.87,990.47 
25/11/2021T13:02:18Z,225,409,481,57.52,23.87,990.50 
25/11/2021T13:02:49Z,223,413,492,57.63,23.88,990.46 
25/11/2021T13:03:19Z,228,427,499,57.68,23.86,990.43 
25/11/2021T13:03:50Z,224,421,486,57.59,23.82,990.47 
25/11/2021T13:04:21Z,216,401,455,57.51,23.79,990.50 
25/11/2021T13:04:51Z,215,392,457,57.60,23.78,990.49 
25/11/2021T13:05:22Z,206,357,420,57.39,23.78,990.54 
25/11/2021T13:05:53Z,209,376,435,57.47,23.80,990.53 
25/11/2021T13:06:24Z,203,359,409,57.43,23.81,990.52 
25/11/2021T13:06:54Z,203,362,418,57.67,23.81,990.47 
25/11/2021T13:07:25Z,206,364,417,57.73,23.83,990.44 
25/11/2021T13:07:55Z,201,366,410,57.56,23.82,990.49 
25/11/2021T13:08:26Z,202,361,415,57.58,23.82,990.49 
25/11/2021T13:08:57Z,203,355,402,57.46,23.82,990.51 
25/11/2021T13:09:28Z,199,349,400,57.34,23.80,990.56 
25/11/2021T13:09:58Z,198,346,396,57.42,23.79,990.54 
25/11/2021T13:10:29Z,196,336,383,57.44,23.76,990.53 
25/11/2021T13:11:00Z,193,332,384,57.70,23.74,990.48 
25/11/2021T13:11:30Z,197,335,384,57.94,23.71,990.45 
25/11/2021T13:12:00Z,159,275,313,58.13,23.68,990.41 
25/11/2021T13:12:31Z,189,329,374,58.37,23.67,990.39 
25/11/2021T13:13:01Z,194,335,377,58.52,23.65,990.38 
25/11/2021T13:13:32Z,192,329,373,58.69,23.65,990.34 
25/11/2021T13:14:02Z,189,333,387,58.73,23.64,990.35 
25/11/2021T13:14:32Z,187,322,362,58.99,23.64,990.31 
25/11/2021T13:15:02Z,192,326,370,59.02,23.63,990.31 
25/11/2021T13:15:33Z,195,334,385,58.99,23.64,990.33 
25/11/2021T13:16:03Z,199,337,384,58.97,23.61,990.34 
25/11/2021T13:16:34Z,197,335,378,58.95,23.61,990.35 
25/11/2021T13:17:04Z,196,330,380,59.00,23.60,990.36 
25/11/2021T13:17:35Z,198,327,387,59.03,23.59,990.35 
25/11/2021T13:18:05Z,195,335,384,59.05,23.56,990.35 
25/11/2021T13:18:36Z,194,338,386,59.13,23.53,990.35 
25/11/2021T13:19:06Z,196,343,391,59.12,23.47,990.38 
25/11/2021T13:19:37Z,198,341,392,59.48,23.47,990.30 
25/11/2021T13:20:08Z,198,342,397,59.36,23.48,990.33 
25/11/2021T13:20:39Z,198,339,396,59.34,23.48,990.35 
25/11/2021T13:21:09Z,200,336,388,59.57,23.46,990.32 
25/11/2021T13:21:40Z,194,335,394,59.58,23.47,990.31 
25/11/2021T13:22:11Z,198,333,378,59.60,23.46,990.32 
25/11/2021T13:22:42Z,197,335,380,59.68,23.47,990.30 
25/11/2021T13:23:12Z,196,331,390,59.54,23.50,990.33 
25/11/2021T13:23:43Z,196,332,378,59.43,23.50,990.37 
25/11/2021T13:24:14Z,199,341,392,59.53,23.51,990.34 
25/11/2021T13:24:45Z,195,332,383,59.44,23.50,990.37 
25/11/2021T13:25:15Z,204,349,399,59.46,23.48,990.38 
25/11/2021T13:25:45Z,204,340,380,59.67,23.46,990.33 
25/11/2021T13:26:16Z,201,339,390,59.64,23.45,990.35 
25/11/2021T13:26:47Z,202,337,377,59.53,23.44,990.38 
25/11/2021T13:27:17Z,208,350,401,59.65,23.43,990.36 
25/11/2021T13:27:48Z,206,348,400,59.86,23.43,990.34 
25/11/2021T13:28:19Z,205,343,397,60.19,23.42,990.31 
25/11/2021T13:28:49Z,212,366,415,60.15,23.39,990.35 
25/11/2021T13:29:19Z,219,368,426,60.11,23.42,990.37 
25/11/2021T13:29:49Z,214,361,403,59.91,23.43,990.42 
25/11/2021T13:30:20Z,207,355,407,59.74,23.44,990.45 
25/11/2021T13:30:51Z,207,352,411,59.63,23.45,990.46 
25/11/2021T13:31:22Z,206,350,405,59.47,23.44,990.49 
25/11/2021T13:31:52Z,211,353,409,59.60,23.44,990.46 
25/11/2021T13:32:22Z,209,351,398,59.83,23.46,990.43 
25/11/2021T13:32:53Z,205,347,394,59.84,23.49,990.43 
25/11/2021T13:33:24Z,208,351,398,59.69,23.48,990.45 
25/11/2021T13:33:55Z,212,353,402,59.49,23.51,990.49 
25/11/2021T13:34:25Z,210,351,402,59.57,23.55,990.47 
25/11/2021T13:34:56Z,205,347,400,59.64,23.57,990.46 
25/11/2021T13:35:26Z,207,342,389,59.38,23.60,990.51 
25/11/2021T13:35:56Z,210,347,398,59.60,23.60,990.46 
25/11/2021T13:36:26Z,208,353,399,59.25,23.64,990.53 
25/11/2021T13:36:56Z,210,356,405,59.27,23.65,990.50 
25/11/2021T13:37:27Z,210,358,413,59.36,23.66,990.48 
25/11/2021T13:37:58Z,219,376,420,59.49,23.66,990.46 
25/11/2021T13:38:29Z,219,368,411,59.35,23.66,990.49 
25/11/2021T13:38:59Z,216,367,417,59.23,23.69,990.50 
25/11/2021T13:39:30Z,220,369,420,58.95,23.69,990.55 
25/11/2021T13:40:00Z,218,372,427,58.86,23.73,990.55 
25/11/2021T13:40:30Z,216,368,422,58.61,23.75,990.60 
25/11/2021T13:41:01Z,218,361,418,58.69,23.76,990.57 
25/11/2021T13:41:32Z,221,364,413,58.55,23.81,990.59 
25/11/2021T13:42:03Z,226,382,436,58.74,23.74,990.57 
25/11/2021T13:42:33Z,221,378,427,58.95,23.69,990.53 
25/11/2021T13:43:04Z,220,379,434,58.78,23.73,990.57 
25/11/2021T13:43:35Z,224,381,435,59.09,23.71,990.51 
25/11/2021T13:44:05Z,226,385,437,58.66,23.73,990.61 
25/11/2021T13:44:36Z,228,386,431,58.56,23.73,990.64 
25/11/2021T13:45:07Z,227,380,430,58.60,23.72,990.64 
25/11/2021T13:45:38Z,226,382,440,58.82,23.71,990.58 
25/11/2021T13:46:08Z,228,390,439,58.73,23.70,990.61 
25/11/2021T13:46:39Z,231,394,450,58.71,23.66,990.61 
25/11/2021T13:47:09Z,230,389,445,58.85,23.65,990.60 
25/11/2021T13:47:39Z,227,384,440,59.07,23.64,990.55 
25/11/2021T13:48:10Z,225,387,441,58.79,23.62,990.62 
25/11/2021T13:48:41Z,231,389,444,58.63,23.60,990.68 
25/11/2021T13:49:12Z,227,381,436,58.88,23.60,990.63 
25/11/2021T13:49:42Z,226,384,430,58.71,23.61,990.67 
25/11/2021T13:50:13Z,231,392,439,58.62,23.60,990.68 
25/11/2021T13:50:44Z,228,384,431,58.41,23.62,990.72 
25/11/2021T13:51:14Z,228,387,434,58.27,23.64,990.74 
25/11/2021T13:51:45Z,228,384,438,58.34,23.68,990.72 
25/11/2021T13:52:16Z,225,378,432,58.03,23.69,990.78 
25/11/2021T13:52:47Z,228,386,440,57.82,23.70,990.82 
25/11/2021T13:53:17Z,223,385,432,57.83,23.70,990.80 
25/11/2021T13:53:48Z,225,386,437,57.54,23.68,990.87 
25/11/2021T13:54:19Z,228,388,440,57.53,23.65,990.87 
25/11/2021T13:54:50Z,227,382,434,57.42,23.62,990.89 
25/11/2021T13:55:20Z,226,390,444,57.43,23.58,990.88 
25/11/2021T13:55:50Z,226,388,431,57.60,23.56,990.84 
25/11/2021T13:56:21Z,228,385,434,57.54,23.54,990.87 
25/11/2021T13:56:52Z,226,389,437,57.61,23.50,990.84 
25/11/2021T13:57:23Z,230,391,435,57.70,23.46,990.85 
25/11/2021T13:57:53Z,231,390,438,57.83,23.43,990.82 
25/11/2021T13:58:24Z,230,391,446,57.97,23.40,990.79 
25/11/2021T13:58:54Z,231,401,451,58.34,23.37,990.72 
25/11/2021T13:59:25Z,236,402,448,58.82,23.41,990.60 
25/11/2021T13:59:56Z,233,401,456,58.97,23.46,990.58 
25/11/2021T14:00:26Z,236,405,462,59.13,23.48,990.57 
25/11/2021T14:00:57Z,236,401,458,59.02,23.51,990.60 
25/11/2021T14:01:28Z,236,407,464,58.82,23.51,990.63 
25/11/2021T14:01:58Z,236,402,457,58.67,23.53,990.68 
25/11/2021T14:02:29Z,238,400,443,58.32,23.53,990.76 
25/11/2021T14:02:59Z,242,423,482,58.38,23.51,990.76 
25/11/2021T14:03:29Z,246,417,479,58.54,23.43,990.74 
25/11/2021T14:04:00Z,246,419,474,58.69,23.43,990.71 
25/11/2021T14:04:30Z,245,424,467,58.56,23.39,990.77 
25/11/2021T14:05:01Z,249,426,483,58.71,23.36,990.74 
25/11/2021T14:05:52Z,246,426,479,58.86,23.39,990.70 
25/11/2021T14:06:22Z,246,430,490,58.87,23.40,990.69 
25/11/2021T14:06:53Z,249,428,489,58.54,23.43,990.77 
25/11/2021T14:07:24Z,251,430,480,58.52,23.45,990.76 
25/11/2021T14:07:54Z,254,436,501,58.16,23.45,990.83 
25/11/2021T14:08:25Z,262,444,497,58.39,23.43,990.78 
25/11/2021T14:08:55Z,276,480,545,58.41,23.43,990.79 
25/11/2021T14:09:26Z,274,471,525,58.58,23.46,990.74 
25/11/2021T14:09:57Z,279,483,541,58.45,23.48,990.77 
25/11/2021T14:10:28Z,280,491,540,58.30,23.49,990.81 
25/11/2021T14:11:42Z,280,497,552,58.45,23.50,990.78 
25/11/2021T14:12:13Z,283,490,540,58.57,23.46,990.76 
25/11/2021T14:12:43Z,280,499,565,58.83,23.42,990.71 
25/11/2021T14:13:14Z,286,522,576,58.69,23.41,990.75 
25/11/2021T14:13:44Z,299,544,604,58.50,23.43,990.78 
25/11/2021T14:14:14Z,296,532,599,58.37,23.38,990.83 
25/11/2021T14:14:45Z,292,527,602,58.87,23.34,990.72 
25/11/2021T14:15:15Z,292,530,599,58.82,23.35,990.71 
25/11/2021T14:15:45Z,301,539,607,58.76,23.35,990.73 
25/11/2021T14:16:16Z,297,532,600,58.79,23.34,990.74 
25/11/2021T14:16:46Z,298,524,590,58.78,23.33,990.73 
25/11/2021T14:17:16Z,293,527,596,58.62,23.30,990.76 
25/11/2021T14:17:47Z,289,525,586,58.82,23.26,990.73 
25/11/2021T14:18:17Z,296,524,601,59.04,23.25,990.68 
25/11/2021T14:18:47Z,288,522,591,58.93,23.24,990.70 
25/11/2021T14:19:18Z,293,534,601,58.84,23.22,990.72 
25/11/2021T14:19:48Z,289,530,609,59.04,23.23,990.68 
25/11/2021T14:20:19Z,293,537,611,58.95,23.24,990.70 
25/11/2021T14:20:49Z,295,537,605,59.22,23.26,990.64 
25/11/2021T14:21:20Z,306,570,645,59.51,23.29,990.59 
25/11/2021T14:21:50Z,309,592,675,59.85,23.33,990.54 
25/11/2021T14:22:21Z,321,616,704,59.68,23.35,990.59 
25/11/2021T14:22:52Z,321,621,704,59.78,23.37,990.59 
25/11/2021T14:23:22Z,323,624,717,59.69,23.39,990.61 
25/11/2021T14:23:53Z,324,617,690,59.26,23.38,990.69 
25/11/2021T14:24:23Z,323,636,722,59.35,23.37,990.67 
25/11/2021T14:24:54Z,323,647,733,59.00,23.38,990.72 
25/11/2021T14:25:25Z,327,656,741,58.79,23.39,990.74 
25/11/2021T14:25:55Z,334,648,734,58.87,23.40,990.73 
25/11/2021T14:26:25Z,330,654,744,58.81,23.42,990.74 
25/11/2021T14:26:56Z,336,650,730,58.69,23.43,990.78 
25/11/2021T14:27:26Z,335,652,742,58.74,23.45,990.78 
25/11/2021T14:27:56Z,341,673,767,58.73,23.46,990.78 
25/11/2021T14:28:27Z,339,665,739,58.86,23.47,990.76 
25/11/2021T14:28:57Z,338,675,760,59.03,23.47,990.73 
25/11/2021T14:29:27Z,338,671,770,58.77,23.47,990.80 
25/11/2021T14:29:57Z,340,663,768,58.61,23.49,990.83 
25/11/2021T14:30:28Z,334,658,749,58.55,23.48,990.84 
25/11/2021T14:30:58Z,330,649,737,58.43,23.45,990.88 
25/11/2021T14:31:29Z,331,626,711,58.45,23.43,990.88 
25/11/2021T14:31:59Z,326,631,720,58.51,23.41,990.86 
25/11/2021T14:32:30Z,331,628,705,58.61,23.40,990.84 
25/11/2021T14:33:00Z,332,631,717,58.73,23.35,990.85 
25/11/2021T14:33:59Z,331,635,723,58.84,23.28,990.84 
25/11/2021T14:34:29Z,329,635,706,58.93,23.21,990.85 
25/11/2021T14:35:00Z,329,633,718,59.23,23.17,990.79 
25/11/2021T14:35:30Z,332,620,704,59.20,23.19,990.79 
25/11/2021T14:36:00Z,328,630,717,59.30,23.19,990.77 
25/11/2021T14:36:31Z,335,640,713,59.46,23.18,990.75 
25/11/2021T14:37:01Z,331,644,727,59.42,23.18,990.77 
25/11/2021T14:37:32Z,333,643,735,59.41,23.17,990.80 
25/11/2021T14:38:02Z,335,652,741,59.26,23.17,990.85 
25/11/2021T14:38:32Z,333,651,728,59.17,23.19,990.88 
25/11/2021T14:39:03Z,334,640,726,58.97,23.19,990.91 
25/11/2021T14:39:33Z,339,648,731,59.06,23.16,990.89 
25/11/2021T14:40:04Z,335,630,703,59.14,23.16,990.87 
25/11/2021T14:40:34Z,334,630,708,58.89,23.17,990.91 
25/11/2021T14:41:04Z,333,639,712,58.98,23.19,990.89 
25/11/2021T14:41:35Z,328,625,711,58.90,23.21,990.89 
25/11/2021T14:42:05Z,328,615,703,58.77,23.20,990.91 
25/11/2021T14:42:36Z,329,632,705,59.01,23.20,990.86 
25/11/2021T14:43:06Z,321,618,698,58.86,23.19,990.89 
25/11/2021T14:43:37Z,324,617,694,58.93,23.17,990.87 
25/11/2021T14:44:07Z,325,609,689,58.93,23.16,990.87 
25/11/2021T14:44:38Z,323,602,691,58.88,23.16,990.89 
25/11/2021T14:45:08Z,327,611,685,58.88,23.20,990.89 
25/11/2021T14:45:39Z,326,600,676,59.00,23.22,990.87 
25/11/2021T14:46:09Z,324,598,683,59.14,23.25,990.85 
25/11/2021T14:46:40Z,319,612,696,58.93,23.28,990.88 
25/11/2021T14:47:11Z,318,597,672,58.84,23.29,990.91 
25/11/2021T14:47:41Z,325,601,687,58.91,23.29,990.88 
25/11/2021T14:48:12Z,320,593,682,58.81,23.28,990.90 
25/11/2021T14:48:42Z,325,611,686,58.92,23.27,990.88 
25/11/2021T14:49:13Z,328,609,676,58.71,23.25,990.93 
25/11/2021T14:49:43Z,324,606,675,58.68,23.20,990.93 
25/11/2021T14:50:14Z,324,599,679,58.84,23.21,990.90 
25/11/2021T14:50:44Z,322,596,687,58.94,23.21,990.89 
25/11/2021T14:51:15Z,327,592,669,58.80,23.23,990.91 
25/11/2021T14:51:45Z,321,593,664,58.73,23.22,990.93 
25/11/2021T14:52:16Z,325,579,649,58.78,23.22,990.91 
25/11/2021T14:52:47Z,316,588,663,58.84,23.21,990.90 
25/11/2021T14:53:17Z,317,588,669,58.71,23.19,990.92 
25/11/2021T14:53:48Z,315,594,670,58.86,23.17,990.89 
25/11/2021T14:54:19Z,318,592,670,58.88,23.17,990.90 
25/11/2021T14:54:49Z,314,582,650,59.23,23.20,990.85 
25/11/2021T14:55:20Z,311,572,648,59.18,23.24,990.85 
25/11/2021T14:55:51Z,314,576,660,59.09,23.30,990.87 
25/11/2021T14:56:21Z,315,577,649,58.99,23.28,990.88 
25/11/2021T14:56:52Z,313,566,638,59.55,23.31,990.78 
25/11/2021T14:57:23Z,311,574,650,59.14,23.37,990.85 
25/11/2021T14:57:54Z,307,576,659,58.97,23.42,990.90 
25/11/2021T14:58:24Z,307,562,642,58.95,23.46,990.90 
25/11/2021T14:58:55Z,314,567,652,58.88,23.50,990.90 
25/11/2021T14:59:26Z,312,569,637,58.85,23.52,990.92 
25/11/2021T14:59:57Z,316,564,648,58.82,23.56,990.92 
25/11/2021T15:00:27Z,311,566,648,58.84,23.58,990.91 
25/11/2021T15:00:58Z,313,569,635,58.94,23.58,990.91 
25/11/2021T15:01:29Z,316,578,647,58.99,23.57,990.91 
25/11/2021T15:01:59Z,317,573,645,58.97,23.59,990.93 
25/11/2021T15:02:30Z,324,597,670,58.95,23.59,990.94 
25/11/2021T15:03:01Z,321,587,660,58.66,23.57,991.02 
25/11/2021T15:03:31Z,331,600,681,58.80,23.52,990.99 
25/11/2021T15:04:02Z,323,589,659,58.86,23.54,990.97 
25/11/2021T15:04:32Z,322,584,652,59.00,23.59,990.94 
25/11/2021T15:05:03Z,327,598,669,58.84,23.63,990.96 
25/11/2021T15:05:34Z,324,588,669,58.63,23.66,991.01 
25/11/2021T15:06:04Z,323,589,662,58.62,23.70,991.01 
25/11/2021T15:06:35Z,318,579,654,58.48,23.71,991.05 
25/11/2021T15:07:05Z,316,559,638,58.35,23.70,991.09 
25/11/2021T15:07:35Z,306,566,629,58.24,23.73,991.12 
25/11/2021T15:08:06Z,312,562,621,57.97,23.73,991.17 
25/11/2021T15:08:36Z,305,548,617,58.04,23.72,991.16 
25/11/2021T15:09:06Z,301,536,601,58.12,23.67,991.17 
25/11/2021T15:09:37Z,304,538,596,58.20,23.69,991.15 
25/11/2021T15:10:07Z,300,534,592,58.25,23.67,991.13 
25/11/2021T15:10:37Z,298,535,597,58.42,23.63,991.09 
25/11/2021T15:11:07Z,300,533,607,58.41,23.63,991.10 
25/11/2021T15:11:37Z,301,529,593,58.44,23.62,991.09 
25/11/2021T15:12:08Z,299,533,601,58.46,23.54,991.12 
25/11/2021T15:12:38Z,300,538,604,58.66,23.46,991.10 
25/11/2021T15:13:08Z,301,533,598,58.74,23.43,991.10 
25/11/2021T15:13:38Z,297,535,592,59.05,23.44,991.04 
25/11/2021T15:14:09Z,297,533,597,58.88,23.48,991.05 
25/11/2021T15:14:39Z,299,532,592,58.84,23.46,991.08 
25/11/2021T15:15:09Z,299,529,596,58.50,23.43,991.15 
25/11/2021T15:15:39Z,291,536,599,58.88,23.39,991.08 
25/11/2021T15:16:10Z,297,529,591,58.96,23.38,991.06 
25/11/2021T15:16:40Z,300,532,599,59.04,23.42,991.04 
25/11/2021T15:17:10Z,295,523,593,58.77,23.48,991.09 
25/11/2021T15:17:41Z,289,528,598,58.60,23.55,991.12 
25/11/2021T15:18:11Z,294,526,597,58.37,23.54,991.16 
25/11/2021T15:18:41Z,293,519,588,58.31,23.53,991.17 
25/11/2021T15:19:12Z,289,522,583,58.18,23.51,991.20 
25/11/2021T15:19:42Z,295,522,580,58.21,23.51,991.20 
25/11/2021T15:20:12Z,294,532,595,58.10,23.53,991.22 
25/11/2021T15:20:43Z,294,526,583,57.90,23.52,991.27 
25/11/2021T15:21:13Z,287,523,589,57.79,23.46,991.30 
25/11/2021T15:21:44Z,283,509,572,58.03,23.47,991.26 
25/11/2021T15:22:14Z,289,511,571,57.88,23.47,991.29 
25/11/2021T15:22:45Z,289,513,578,57.81,23.45,991.30 
25/11/2021T15:23:15Z,290,518,583,58.11,23.43,991.22 
25/11/2021T15:23:46Z,291,516,571,58.39,23.41,991.14 
25/11/2021T15:24:16Z,295,526,595,58.57,23.41,991.09 
25/11/2021T15:24:46Z,292,520,582,58.60,23.41,991.11 
25/11/2021T15:25:17Z,292,522,580,58.80,23.43,991.08 
25/11/2021T15:25:47Z,293,526,595,58.70,23.42,991.12 
25/11/2021T15:26:17Z,292,534,596,58.62,23.47,991.14 
25/11/2021T15:26:48Z,297,529,586,58.36,23.50,991.19 
25/11/2021T15:27:18Z,290,531,598,58.24,23.53,991.21 
25/11/2021T15:27:49Z,290,521,585,58.39,23.55,991.16 
25/11/2021T15:28:19Z,289,516,585,58.53,23.56,991.11 
25/11/2021T15:28:50Z,289,521,590,58.42,23.56,991.15 
25/11/2021T15:29:20Z,287,519,584,58.89,23.60,991.05 
25/11/2021T15:29:51Z,291,510,568,58.49,23.66,991.13 
25/11/2021T15:30:21Z,287,512,583,58.44,23.66,991.15 
25/11/2021T15:30:52Z,287,505,566,58.36,23.70,991.17 
25/11/2021T15:31:22Z,284,509,571,58.24,23.74,991.19 
25/11/2021T15:31:53Z,290,517,571,58.32,23.76,991.17 
25/11/2021T15:32:23Z,292,526,593,58.49,23.73,991.13 
25/11/2021T15:32:53Z,297,535,594,58.31,23.73,991.18 
25/11/2021T15:33:24Z,297,538,613,58.00,23.69,991.24 
25/11/2021T15:33:54Z,298,543,613,58.24,23.67,991.18 
25/11/2021T15:34:24Z,303,535,603,58.45,23.68,991.12 
25/11/2021T15:34:54Z,305,544,618,58.11,23.66,991.22 
25/11/2021T15:35:24Z,304,550,626,58.13,23.64,991.22 
25/11/2021T15:35:54Z,306,555,632,58.10,23.62,991.24 
25/11/2021T15:36:25Z,310,567,644,58.12,23.59,991.26 
25/11/2021T15:36:56Z,308,564,629,58.02,23.57,991.31 
25/11/2021T15:37:26Z,299,551,624,58.28,23.55,991.26 
25/11/2021T15:37:56Z,302,544,614,58.50,23.55,991.20 
25/11/2021T15:38:27Z,299,539,596,58.56,23.57,991.16 
25/11/2021T15:38:57Z,298,539,612,58.41,23.56,991.19 
25/11/2021T15:39:27Z,298,540,609,58.25,23.55,991.21 
25/11/2021T15:39:58Z,292,533,598,58.21,23.53,991.21 
25/11/2021T15:40:28Z,289,519,594,58.18,23.52,991.24 
25/11/2021T15:40:59Z,291,511,571,58.17,23.51,991.26 
25/11/2021T15:41:29Z,290,511,570,58.16,23.47,991.28 
25/11/2021T15:42:00Z,285,511,578,58.10,23.46,991.29 
25/11/2021T15:42:30Z,286,516,584,58.39,23.44,991.25 
25/11/2021T15:43:01Z,288,520,597,58.56,23.44,991.19 
25/11/2021T15:43:31Z,289,510,567,58.32,23.43,991.24 
25/11/2021T15:44:02Z,284,508,566,58.32,23.41,991.24 
25/11/2021T15:44:32Z,288,515,573,58.26,23.38,991.24 
25/11/2021T15:45:03Z,284,502,563,58.24,23.36,991.24 
25/11/2021T15:45:33Z,284,512,575,58.40,23.35,991.20 
25/11/2021T15:46:04Z,290,516,574,58.46,23.34,991.19 
25/11/2021T15:46:34Z,283,503,569,58.56,23.33,991.17 
25/11/2021T15:47:05Z,285,509,577,58.34,23.31,991.23 
25/11/2021T15:47:35Z,290,509,573,58.44,23.29,991.21 
25/11/2021T15:48:06Z,285,511,572,58.52,23.24,991.20 
25/11/2021T15:48:36Z,284,506,581,58.59,23.23,991.18 
25/11/2021T15:49:07Z,277,500,561,58.61,23.25,991.15 
25/11/2021T15:49:38Z,285,503,562,58.47,23.20,991.17 
25/11/2021T15:50:08Z,280,507,563,58.55,23.20,991.16 
25/11/2021T15:50:39Z,281,505,567,58.55,23.18,991.15 
25/11/2021T15:51:09Z,284,505,566,58.60,23.17,991.14 
25/11/2021T15:51:40Z,282,493,554,58.59,23.16,991.16 
25/11/2021T15:52:11Z,284,502,569,58.55,23.14,991.19 
25/11/2021T15:52:41Z,284,506,571,58.77,23.13,991.15 
25/11/2021T15:53:12Z,284,505,571,58.82,23.11,991.14 
25/11/2021T15:53:42Z,286,504,565,58.87,23.09,991.12 
25/11/2021T15:54:13Z,285,501,571,59.00,23.07,991.06 
25/11/2021T15:54:43Z,286,510,570,59.00,23.02,991.07 
25/11/2021T15:55:14Z,284,508,570,59.20,23.02,991.00 
25/11/2021T15:55:45Z,283,507,559,59.11,23.04,991.02 
25/11/2021T15:56:15Z,278,496,563,58.88,23.06,991.06 
25/11/2021T15:56:46Z,286,504,567,58.85,23.07,991.09 
25/11/2021T15:57:16Z,281,502,574,58.86,23.07,991.09 
25/11/2021T15:57:47Z,283,503,573,58.91,23.08,991.08 
25/11/2021T15:58:17Z,286,504,563,59.11,23.06,991.04 
25/11/2021T15:58:48Z,285,510,562,59.06,23.06,991.05 
25/11/2021T15:59:19Z,289,518,588,59.14,22.99,991.03 
25/11/2021T15:59:49Z,286,500,562,59.34,22.95,990.98 
25/11/2021T16:00:19Z,296,527,592,59.82,22.89,990.92 
25/11/2021T16:00:50Z,293,524,591,59.87,22.95,990.92 
25/11/2021T16:01:20Z,294,530,590,59.75,22.98,990.94 
25/11/2021T16:01:50Z,290,532,595,59.71,23.01,990.94 
25/11/2021T16:02:21Z,296,529,586,59.53,23.04,990.97 
25/11/2021T16:02:51Z,295,530,596,59.82,23.08,990.89 
25/11/2021T16:03:21Z,288,531,596,59.77,23.13,990.89 
25/11/2021T16:03:52Z,296,529,603,59.69,23.16,990.92 
25/11/2021T16:04:22Z,296,522,585,59.38,23.13,990.99 
25/11/2021T16:04:52Z,296,526,605,59.27,23.11,991.04 
25/11/2021T16:05:23Z,295,526,587,59.33,23.11,991.05 
25/11/2021T16:05:53Z,295,521,582,59.35,23.10,991.05 
25/11/2021T16:06:24Z,290,518,585,59.24,23.02,991.12 
25/11/2021T16:06:54Z,288,504,576,59.47,22.98,991.08 
25/11/2021T16:07:24Z,296,510,561,59.59,22.93,991.06 
25/11/2021T16:07:55Z,288,519,576,59.74,22.98,991.00 
25/11/2021T16:08:25Z,290,521,587,59.55,23.02,991.02 
25/11/2021T16:08:56Z,291,515,585,59.47,23.06,991.02 
25/11/2021T16:09:26Z,287,511,575,59.24,23.07,991.08 
25/11/2021T16:09:57Z,283,509,557,58.71,23.05,991.19 
25/11/2021T16:10:27Z,288,516,579,59.08,23.08,991.10 
25/11/2021T16:10:58Z,284,509,572,59.03,23.09,991.10 
25/11/2021T16:11:28Z,286,512,578,58.75,23.06,991.17 
25/11/2021T16:11:59Z,287,501,568,58.92,23.09,991.12 
25/11/2021T16:12:30Z,282,501,568,58.94,23.10,991.10 
25/11/2021T16:13:00Z,285,503,570,58.78,23.01,991.16 
25/11/2021T16:13:31Z,285,503,570,58.83,23.00,991.17 
25/11/2021T16:14:01Z,288,512,572,59.12,23.01,991.11 
25/11/2021T16:14:32Z,285,511,571,58.91,22.99,991.17 
25/11/2021T16:15:02Z,287,509,570,58.84,22.91,991.20 
25/11/2021T16:15:33Z,286,515,581,59.10,22.81,991.17 
25/11/2021T16:16:03Z,284,506,573,59.43,22.81,991.11 
25/11/2021T16:16:34Z,288,520,587,59.71,22.86,991.05 
25/11/2021T16:17:05Z,286,515,569,59.60,22.89,991.08 
25/11/2021T16:17:35Z,286,517,579,59.91,22.95,991.02 
25/11/2021T16:18:05Z,284,508,564,59.90,22.98,991.01 
25/11/2021T16:18:36Z,290,516,585,59.73,22.97,991.04 
25/11/2021T16:19:06Z,290,522,586,59.44,22.94,991.08 
25/11/2021T16:19:37Z,291,516,571,59.74,22.94,991.01 
25/11/2021T16:20:07Z,289,513,580,59.76,22.92,990.99 
25/11/2021T16:20:38Z,289,521,590,59.68,22.89,991.00 
25/11/2021T16:21:08Z,288,513,583,59.89,22.87,990.95 
25/11/2021T16:21:39Z,285,501,567,59.66,22.86,991.00 
25/11/2021T16:22:09Z,289,513,574,60.07,22.85,990.93 
25/11/2021T16:22:40Z,292,522,584,59.78,22.77,991.02 
25/11/2021T16:23:10Z,283,510,582,60.38,22.70,990.94 
25/11/2021T16:23:41Z,287,508,568,60.06,22.72,991.01 
25/11/2021T16:24:11Z,283,507,579,59.92,22.72,991.06 
25/11/2021T16:24:42Z,285,506,574,59.75,22.70,991.08 
25/11/2021T16:25:13Z,280,504,564,59.70,22.70,991.10 
25/11/2021T16:25:43Z,280,498,552,59.61,22.73,991.12 
25/11/2021T16:26:14Z,282,504,562,59.54,22.75,991.12 
25/11/2021T16:26:45Z,279,496,556,59.42,22.78,991.15 
25/11/2021T16:27:15Z,277,493,560,59.35,22.81,991.16 
25/11/2021T16:27:46Z,281,487,554,59.26,22.83,991.17 
25/11/2021T16:28:16Z,282,495,565,59.17,22.85,991.19 
25/11/2021T16:28:47Z,283,496,553,59.10,22.87,991.23 
25/11/2021T16:29:18Z,280,492,545,59.00,22.88,991.25 
25/11/2021T16:29:48Z,282,488,548,58.99,22.89,991.26 
25/11/2021T16:30:19Z,278,480,542,58.92,22.90,991.26 
25/11/2021T16:30:50Z,279,493,568,58.81,22.92,991.25 
25/11/2021T16:31:21Z,284,504,570,58.80,22.92,991.23 
25/11/2021T16:31:51Z,277,488,540,58.80,22.92,991.22 
25/11/2021T16:32:22Z,280,488,560,58.78,22.92,991.21 
25/11/2021T16:32:53Z,281,487,552,58.70,22.93,991.21 
25/11/2021T16:33:23Z,279,493,555,58.72,22.92,991.20 
25/11/2021T16:33:54Z,283,494,560,58.66,22.93,991.21 
25/11/2021T16:34:24Z,287,501,554,58.65,22.93,991.21 
25/11/2021T16:34:55Z,287,495,552,58.68,22.92,991.21 
25/11/2021T16:35:25Z,288,503,562,58.59,22.92,991.22 
25/11/2021T16:35:56Z,288,506,571,58.59,22.92,991.20 
25/11/2021T16:36:26Z,293,517,583,58.59,22.92,991.18 
25/11/2021T16:36:57Z,289,507,566,58.59,22.91,991.17 
25/11/2021T16:37:27Z,286,510,569,58.59,22.91,991.15 
25/11/2021T16:37:58Z,286,506,562,58.57,22.90,991.15 
25/11/2021T16:38:28Z,286,508,569,58.58,22.90,991.17 
25/11/2021T16:38:59Z,288,515,566,58.57,22.89,991.17 
25/11/2021T16:39:29Z,291,516,572,58.61,22.89,991.17 
25/11/2021T16:40:00Z,291,509,565,58.59,22.88,991.20 
25/11/2021T16:40:30Z,290,512,564,58.61,22.88,991.20 
25/11/2021T16:41:01Z,294,512,567,58.63,22.88,991.19 
25/11/2021T16:41:31Z,294,515,581,58.61,22.87,991.21 
25/11/2021T16:42:02Z,286,511,576,58.58,22.87,991.21 
25/11/2021T16:42:32Z,293,517,572,58.59,22.86,991.20 
25/11/2021T16:43:02Z,294,516,569,58.64,22.85,991.20 
25/11/2021T16:43:33Z,296,520,572,58.62,22.85,991.19 
25/11/2021T16:44:03Z,292,511,567,58.58,22.84,991.20 
25/11/2021T16:44:33Z,297,510,573,58.55,22.85,991.18 
25/11/2021T16:45:04Z,296,520,583,58.54,22.85,991.18 
25/11/2021T16:45:34Z,293,507,560,58.59,22.83,991.17 
25/11/2021T16:46:05Z,292,519,574,58.61,22.83,991.15 
25/11/2021T16:46:35Z,294,519,573,58.59,22.82,991.16 
25/11/2021T16:47:05Z,293,508,568,58.64,22.81,991.14 
25/11/2021T16:47:36Z,293,520,576,58.65,22.81,991.14 
25/11/2021T16:48:06Z,295,517,588,58.62,22.80,991.14 
25/11/2021T16:48:37Z,292,511,574,58.68,22.80,991.12 
25/11/2021T16:49:07Z,295,510,575,58.69,22.79,991.12 
25/11/2021T16:49:38Z,291,521,585,58.64,22.78,991.12 
25/11/2021T16:50:08Z,293,526,595,58.70,22.78,991.11 
25/11/2021T16:50:38Z,291,513,580,58.72,22.77,991.10 
25/11/2021T16:51:09Z,291,510,573,58.66,22.77,991.12 
25/11/2021T16:51:39Z,293,516,568,58.68,22.77,991.11 
25/11/2021T16:52:10Z,291,507,568,58.69,22.76,991.11 
25/11/2021T16:52:40Z,292,516,568,58.70,22.76,991.11 
25/11/2021T16:53:10Z,298,519,574,58.75,22.75,991.11 
25/11/2021T16:53:41Z,295,512,572,58.69,22.75,991.14 
25/11/2021T16:54:11Z,289,506,570,58.69,22.74,991.16 
25/11/2021T16:54:42Z,292,515,560,58.74,22.73,991.14 
25/11/2021T16:55:12Z,288,501,547,58.68,22.73,991.17 
25/11/2021T16:55:43Z,292,509,564,58.69,22.73,991.18 
25/11/2021T16:56:13Z,290,509,569,58.70,22.72,991.16 
25/11/2021T16:56:44Z,289,500,561,58.71,22.72,991.16 
25/11/2021T16:57:14Z,289,514,574,58.73,22.72,991.12 
25/11/2021T16:57:45Z,290,507,562,58.69,22.71,991.12 
25/11/2021T16:58:15Z,289,510,561,58.72,22.71,991.09 
25/11/2021T16:58:46Z,291,511,565,58.78,22.70,991.07 
25/11/2021T16:59:16Z,290,512,577,58.76,22.70,991.06 
25/11/2021T16:59:47Z,288,505,567,58.74,22.69,991.06 
25/11/2021T17:00:17Z,290,513,568,58.74,22.69,991.07 
25/11/2021T17:00:48Z,294,521,567,58.74,22.69,991.08 
25/11/2021T17:01:18Z,290,503,554,58.74,22.68,991.09 
25/11/2021T17:01:49Z,291,510,561,58.83,22.68,991.07 
25/11/2021T17:02:44Z,289,512,570,58.78,22.67,991.12 
