26/10/2021T03:02:03Z,74,112,123,65.99,23.76,992.26 
26/10/2021T03:02:34Z,80,123,132,65.23,23.85,992.31 
26/10/2021T03:03:04Z,84,131,144,64.65,23.91,992.33 
26/10/2021T03:03:33Z,83,126,138,64.64,24.03,992.29 
26/10/2021T03:04:04Z,83,128,140,63.93,24.18,992.32 
26/10/2021T03:04:34Z,84,132,145,63.39,24.31,992.33 
26/10/2021T03:05:05Z,89,160,198,63.04,24.46,992.36 
26/10/2021T03:05:35Z,103,258,446,62.57,24.54,992.36 
26/10/2021T03:06:05Z,101,251,429,62.40,24.56,992.37 
26/10/2021T03:06:36Z,94,218,341,62.25,24.54,992.37 
26/10/2021T03:07:06Z,95,212,342,62.33,24.61,992.36 
26/10/2021T03:07:36Z,92,200,319,61.91,24.69,992.39 
26/10/2021T03:08:07Z,85,151,194,61.90,24.63,992.39 
26/10/2021T03:08:37Z,84,162,228,62.15,24.62,992.37 
26/10/2021T03:09:08Z,84,159,227,61.87,24.71,992.39 
26/10/2021T03:09:38Z,83,146,192,61.94,24.75,992.39 
26/10/2021T03:10:08Z,80,144,181,61.80,24.77,992.41 
26/10/2021T03:10:39Z,82,141,181,61.44,24.83,992.42 
26/10/2021T03:11:09Z,80,128,153,61.51,24.87,992.41 
26/10/2021T03:11:39Z,77,121,140,61.13,24.87,992.45 
26/10/2021T03:12:09Z,79,125,138,60.95,24.88,992.48 
26/10/2021T03:12:40Z,83,131,148,60.78,24.88,992.49 
26/10/2021T03:13:11Z,84,131,148,60.87,24.80,992.46 
26/10/2021T03:13:41Z,85,132,145,61.01,24.77,992.45 
26/10/2021T03:14:12Z,89,134,149,61.18,24.79,992.41 
26/10/2021T03:14:42Z,89,134,148,60.93,24.85,992.45 
26/10/2021T03:15:12Z,89,134,147,60.90,24.85,992.46 
26/10/2021T03:15:43Z,86,127,140,60.93,24.88,992.45 
26/10/2021T03:16:14Z,83,127,140,61.03,24.95,992.41 
26/10/2021T03:16:44Z,84,133,150,60.95,24.97,992.43 
26/10/2021T03:17:14Z,81,127,135,60.86,25.00,992.44 
26/10/2021T03:17:44Z,82,129,140,61.15,24.98,992.38 
26/10/2021T03:18:14Z,82,128,148,61.30,24.96,992.37 
26/10/2021T03:18:45Z,78,124,138,61.29,25.00,992.37 
26/10/2021T03:19:15Z,82,129,141,61.28,25.03,992.38 
26/10/2021T03:19:46Z,82,126,141,61.58,25.01,992.34 
26/10/2021T03:20:16Z,87,132,143,61.55,25.06,992.36 
26/10/2021T03:20:46Z,84,133,149,61.82,25.13,992.31 
26/10/2021T03:21:17Z,83,128,140,61.48,25.19,992.35 
26/10/2021T03:21:47Z,90,138,150,61.40,25.15,992.37 
26/10/2021T03:22:18Z,91,140,154,61.49,25.20,992.36 
26/10/2021T03:22:48Z,94,144,156,61.42,25.25,992.37 
26/10/2021T03:23:18Z,98,153,167,60.93,25.11,992.47 
26/10/2021T03:23:48Z,104,159,172,61.72,25.12,992.34 
26/10/2021T03:24:18Z,124,192,214,60.93,24.99,992.48 
26/10/2021T03:24:49Z,329,876,1063,61.92,25.01,992.33 
26/10/2021T03:25:19Z,324,820,987,61.41,25.06,992.41 
26/10/2021T03:25:49Z,244,829,1079,61.36,25.01,992.43 
26/10/2021T03:26:20Z,285,888,1130,61.19,25.04,992.45 
26/10/2021T03:26:50Z,260,715,902,60.92,24.98,992.50 
26/10/2021T03:27:21Z,207,714,950,61.49,24.91,992.42 
26/10/2021T03:27:51Z,268,835,1057,61.36,25.03,992.42 
26/10/2021T03:28:21Z,261,727,916,61.07,25.14,992.45 
26/10/2021T03:28:51Z,279,898,1199,60.94,25.23,992.45 
26/10/2021T03:29:21Z,277,904,1184,60.64,25.30,992.50 
26/10/2021T03:29:52Z,207,517,654,60.51,25.22,992.53 
26/10/2021T03:30:22Z,250,1175,3,60.86,25.21,992.47 
26/10/2021T03:30:53Z,201,529,691,60.63,25.02,992.55 
26/10/2021T03:31:23Z,152,1098,208,61.52,24.85,992.47 
26/10/2021T03:31:54Z,220,1431,607,61.53,24.98,992.46 
26/10/2021T03:32:24Z,232,732,977,61.24,24.95,992.50 
26/10/2021T03:32:54Z,250,1213,70,61.33,25.03,992.48 
26/10/2021T03:33:25Z,269,987,1314,61.10,25.14,992.52 
26/10/2021T03:33:55Z,241,554,679,60.69,25.21,992.56 
26/10/2021T03:34:26Z,188,412,503,60.26,25.23,992.62 
26/10/2021T03:34:57Z,219,528,653,60.19,25.25,992.60 
26/10/2021T03:35:27Z,180,350,407,59.76,25.28,992.65 
26/10/2021T03:35:58Z,192,384,458,59.47,25.30,992.68 
26/10/2021T03:36:29Z,237,576,722,59.54,25.33,992.67 
26/10/2021T03:36:59Z,246,1090,1576,59.49,25.36,992.67 
26/10/2021T03:37:29Z,206,458,555,58.86,25.36,992.77 
26/10/2021T03:37:59Z,191,777,1221,59.24,25.19,992.71 
26/10/2021T03:38:30Z,159,1365,1058,59.28,25.13,992.72 
26/10/2021T03:39:00Z,233,1312,282,59.85,25.07,992.60 
26/10/2021T03:39:30Z,248,1206,116,59.64,25.16,992.63 
26/10/2021T03:40:00Z,256,1212,94,59.31,25.22,992.70 
26/10/2021T03:40:31Z,155,328,393,59.15,25.04,992.77 
26/10/2021T03:41:01Z,239,1331,346,60.03,25.03,992.62 
26/10/2021T03:41:31Z,252,988,1361,59.54,25.13,992.70 
26/10/2021T03:42:02Z,192,378,448,59.01,25.18,992.78 
26/10/2021T03:42:33Z,202,410,477,58.89,25.20,992.80 
26/10/2021T03:43:03Z,167,419,531,58.87,25.17,992.79 
26/10/2021T03:43:34Z,245,923,1285,59.30,25.19,992.66 
26/10/2021T03:44:04Z,262,688,860,59.43,25.20,992.65 
26/10/2021T03:44:34Z,252,1245,101,59.33,25.26,992.68 
26/10/2021T03:45:05Z,246,607,745,59.23,25.31,992.70 
26/10/2021T03:45:36Z,177,362,427,58.78,25.35,992.78 
26/10/2021T03:46:06Z,228,542,676,58.73,25.35,992.80 
26/10/2021T03:46:37Z,206,471,593,58.49,25.38,992.84 
26/10/2021T03:47:08Z,192,387,465,58.10,25.40,992.91 
26/10/2021T03:47:38Z,222,484,575,57.79,25.29,993.00 
26/10/2021T03:48:08Z,250,951,1281,58.45,25.26,992.81 
26/10/2021T03:48:38Z,203,1584,1051,58.87,25.22,992.74 
26/10/2021T03:49:09Z,176,561,762,57.98,25.14,992.97 
26/10/2021T03:49:39Z,221,943,1321,58.97,25.01,992.76 
26/10/2021T03:50:09Z,152,391,501,59.48,24.85,992.69 
26/10/2021T03:50:40Z,252,1224,77,59.64,24.95,992.69 
26/10/2021T03:51:11Z,237,642,803,59.01,25.04,992.82 
26/10/2021T03:51:41Z,205,432,517,59.02,25.12,992.81 
26/10/2021T03:52:12Z,184,380,443,58.94,25.20,992.80 
26/10/2021T03:52:42Z,208,518,651,59.11,25.22,992.73 
26/10/2021T03:53:13Z,270,806,1025,59.30,25.30,992.67 
26/10/2021T03:53:43Z,207,470,573,59.08,25.26,992.75 
26/10/2021T03:54:13Z,222,491,608,59.40,25.26,992.68 
26/10/2021T03:54:44Z,206,483,616,58.91,25.24,992.79 
26/10/2021T03:55:14Z,175,345,409,58.67,25.08,992.90 
26/10/2021T03:55:45Z,228,1149,56,59.49,25.08,992.71 
26/10/2021T03:56:15Z,218,1621,842,59.42,25.18,992.69 
26/10/2021T03:56:46Z,205,658,902,58.95,25.16,992.83 
26/10/2021T03:57:16Z,212,613,774,59.65,24.99,992.70 
26/10/2021T03:57:46Z,249,1112,1598,59.79,24.95,992.70 
26/10/2021T03:58:17Z,264,899,1208,59.44,24.94,992.79 
26/10/2021T03:58:47Z,250,980,1305,59.71,24.94,992.74 
26/10/2021T03:59:17Z,174,506,648,59.61,24.84,992.77 
26/10/2021T03:59:47Z,257,1299,166,60.07,24.99,992.69 
26/10/2021T04:00:17Z,291,965,1246,59.44,25.17,992.80 
26/10/2021T04:00:47Z,295,886,1124,59.13,25.28,992.81 
26/10/2021T04:01:18Z,239,585,717,58.76,25.36,992.87 
26/10/2021T04:01:48Z,231,496,593,58.33,25.43,992.95 
26/10/2021T04:02:19Z,223,478,573,58.21,25.37,993.00 
26/10/2021T04:02:49Z,249,653,804,58.56,25.36,992.89 
26/10/2021T04:03:20Z,246,570,685,58.05,25.43,992.99 
26/10/2021T04:03:50Z,199,418,502,57.56,25.38,993.12 
26/10/2021T04:04:21Z,255,763,1006,58.25,25.37,992.92 
26/10/2021T04:04:52Z,193,506,639,58.43,25.18,992.93 
26/10/2021T04:05:22Z,181,1352,515,59.26,25.14,992.75 
26/10/2021T04:05:53Z,238,1373,357,58.93,25.25,992.82 
26/10/2021T04:06:24Z,239,1189,1709,58.59,25.31,992.90 
26/10/2021T04:06:54Z,260,746,966,58.59,25.25,992.89 
26/10/2021T04:07:25Z,244,827,1094,58.75,25.27,992.84 
26/10/2021T04:07:55Z,221,718,932,58.31,25.23,992.95 
26/10/2021T04:08:26Z,253,648,809,58.86,25.15,992.85 
26/10/2021T04:08:56Z,258,1134,1589,58.93,25.20,992.83 
26/10/2021T04:09:26Z,256,721,914,58.60,25.28,992.91 
26/10/2021T04:09:57Z,161,317,375,58.04,25.23,993.05 
26/10/2021T04:10:27Z,122,229,273,57.63,25.09,993.14 
26/10/2021T04:10:58Z,109,192,224,58.45,24.99,992.95 
26/10/2021T04:11:29Z,153,330,404,58.96,24.96,992.85 
26/10/2021T04:12:00Z,153,311,374,58.91,24.94,992.89 
26/10/2021T04:12:30Z,205,469,567,59.12,25.03,992.84 
26/10/2021T04:13:01Z,151,311,374,59.00,25.07,992.87 
26/10/2021T04:13:31Z,132,240,273,59.04,25.08,992.87 
26/10/2021T04:14:01Z,177,342,395,59.02,25.16,992.87 
26/10/2021T04:14:32Z,100,173,190,59.14,25.09,992.85 
26/10/2021T04:15:02Z,122,218,252,59.62,25.11,992.76 
26/10/2021T04:15:33Z,155,281,323,59.28,25.27,992.80 
26/10/2021T04:16:04Z,99,165,182,58.72,25.40,992.91 
26/10/2021T04:16:34Z,93,153,169,58.03,25.41,993.06 
26/10/2021T04:17:04Z,81,131,141,58.36,25.20,993.01 
26/10/2021T04:17:35Z,113,192,211,58.68,25.32,992.90 
26/10/2021T04:18:06Z,82,131,146,58.21,25.27,993.01 
26/10/2021T04:18:36Z,93,154,171,58.41,25.32,992.95 
26/10/2021T04:19:07Z,101,169,187,58.40,25.39,992.94 
26/10/2021T04:19:37Z,97,162,178,58.17,25.52,992.97 
26/10/2021T04:20:07Z,78,119,128,58.04,25.49,993.01 
26/10/2021T04:20:38Z,78,123,131,57.94,25.39,993.06 
26/10/2021T04:21:08Z,85,135,146,58.12,25.38,993.01 
26/10/2021T04:21:38Z,87,137,152,57.63,25.47,993.08 
26/10/2021T04:22:08Z,78,128,143,57.48,25.52,993.11 
26/10/2021T04:22:38Z,81,130,146,57.26,25.59,993.12 
26/10/2021T04:23:08Z,67,102,111,56.20,25.41,993.42 
26/10/2021T04:23:39Z,71,110,118,57.17,25.33,993.14 
26/10/2021T04:24:10Z,68,108,118,56.77,25.32,993.24 
26/10/2021T04:24:40Z,69,106,117,57.42,25.40,993.02 
26/10/2021T04:25:10Z,70,105,114,57.12,25.53,993.06 
26/10/2021T04:25:40Z,64,97,109,56.55,25.46,993.25 
26/10/2021T04:26:10Z,66,99,107,56.79,25.55,993.14 
26/10/2021T04:26:41Z,72,112,126,56.85,25.65,993.10 
26/10/2021T04:27:11Z,66,101,109,56.03,25.68,993.32 
26/10/2021T04:27:42Z,63,98,105,55.78,25.71,993.36 
26/10/2021T04:28:12Z,68,104,114,56.06,25.65,993.27 
26/10/2021T04:28:43Z,68,102,111,56.07,25.73,993.25 
26/10/2021T04:29:13Z,63,97,108,55.47,25.67,993.44 
26/10/2021T04:29:44Z,63,95,104,56.14,25.61,993.22 
26/10/2021T04:30:14Z,67,101,107,56.01,25.70,993.24 
26/10/2021T04:30:45Z,72,109,118,56.10,25.78,993.21 
26/10/2021T04:31:16Z,81,124,131,55.92,25.79,993.24 
26/10/2021T04:31:46Z,76,112,122,56.13,25.82,993.19 
26/10/2021T04:32:17Z,79,116,124,56.24,25.87,993.16 
26/10/2021T04:32:47Z,80,118,129,56.84,25.86,993.00 
26/10/2021T04:33:18Z,74,115,123,56.18,25.99,993.18 
26/10/2021T04:33:48Z,72,108,118,55.76,26.06,993.30 
26/10/2021T04:34:19Z,69,102,110,55.29,25.99,993.44 
26/10/2021T04:34:50Z,67,100,109,55.62,25.92,993.33 
26/10/2021T04:35:21Z,68,103,111,56.10,25.79,993.20 
26/10/2021T04:35:51Z,69,104,112,56.09,25.79,993.19 
26/10/2021T04:36:22Z,70,103,109,55.94,25.61,993.29 
26/10/2021T04:36:52Z,69,100,106,56.42,25.45,993.18 
26/10/2021T04:37:23Z,66,97,106,57.24,25.45,992.96 
26/10/2021T04:37:54Z,68,103,113,56.71,25.58,993.07 
26/10/2021T04:38:24Z,66,100,107,56.71,25.64,993.09 
26/10/2021T04:38:54Z,64,104,123,56.40,25.64,993.17 
26/10/2021T04:39:24Z,67,107,119,56.24,25.65,993.19 
26/10/2021T04:39:54Z,65,104,117,56.53,25.55,993.17 
26/10/2021T04:40:25Z,66,110,133,56.36,25.62,993.17 
26/10/2021T04:40:56Z,68,111,130,56.72,25.62,993.07 
26/10/2021T04:41:26Z,65,100,112,56.09,25.61,993.24 
26/10/2021T04:41:57Z,64,97,106,56.03,25.39,993.34 
26/10/2021T04:42:28Z,66,101,108,56.75,25.41,993.10 
26/10/2021T04:42:58Z,61,95,105,56.61,25.40,993.15 
26/10/2021T04:43:28Z,63,95,104,56.73,25.36,993.14 
26/10/2021T04:43:58Z,65,99,107,56.72,25.35,993.15 
26/10/2021T04:44:29Z,68,105,115,57.13,25.39,993.00 
26/10/2021T04:44:59Z,66,100,107,56.68,25.39,993.13 
26/10/2021T04:45:29Z,66,102,112,57.08,25.52,992.99 
26/10/2021T04:46:00Z,66,102,109,56.78,25.65,993.06 
26/10/2021T04:46:30Z,66,103,113,56.25,25.76,993.20 
26/10/2021T04:47:00Z,73,116,133,56.03,25.72,993.28 
26/10/2021T04:47:30Z,69,108,121,55.39,25.69,993.46 
26/10/2021T04:48:00Z,63,96,103,54.54,25.63,993.76 
26/10/2021T04:48:31Z,63,96,105,54.75,25.69,993.63 
26/10/2021T04:49:02Z,62,94,101,54.24,25.68,993.81 
26/10/2021T04:49:32Z,64,93,101,54.30,25.73,993.73 
26/10/2021T04:50:03Z,63,97,106,54.21,25.78,993.71 
26/10/2021T04:50:34Z,65,100,107,53.97,25.72,993.81 
26/10/2021T04:51:04Z,70,105,113,54.24,25.70,993.70 
26/10/2021T04:51:35Z,75,106,115,54.41,25.50,993.65 
26/10/2021T04:52:06Z,72,110,119,55.09,25.46,993.46 
26/10/2021T04:52:36Z,72,108,117,55.22,25.53,993.39 
26/10/2021T04:53:07Z,71,105,116,55.01,25.56,993.45 
26/10/2021T04:53:37Z,74,110,120,55.57,25.49,993.29 
26/10/2021T04:54:07Z,75,111,119,55.48,25.57,993.27 
26/10/2021T04:54:37Z,74,107,120,55.30,25.52,993.38 
26/10/2021T04:55:07Z,68,102,113,55.41,25.59,993.32 
26/10/2021T04:55:38Z,70,102,112,55.35,25.62,993.31 
26/10/2021T04:56:08Z,72,105,113,55.34,25.71,993.28 
26/10/2021T04:56:39Z,92,130,140,55.03,25.58,993.44 
26/10/2021T04:57:09Z,72,104,114,55.70,25.61,993.19 
26/10/2021T04:57:40Z,70,106,117,55.07,25.66,993.41 
26/10/2021T04:58:11Z,72,110,119,55.25,25.72,993.31 
26/10/2021T04:58:41Z,77,115,123,55.00,25.73,993.37 
26/10/2021T04:59:11Z,76,113,123,54.38,25.71,993.61 
26/10/2021T04:59:42Z,67,102,106,54.01,25.71,993.73 
26/10/2021T05:00:13Z,58,89,98,53.29,25.65,993.96 
26/10/2021T05:00:44Z,63,94,100,54.15,25.64,993.67 
26/10/2021T05:01:14Z,66,98,105,54.08,25.63,993.67 
26/10/2021T05:01:45Z,65,97,107,54.52,25.68,993.51 
26/10/2021T05:02:16Z,62,94,102,53.46,25.69,993.87 
26/10/2021T05:02:46Z,62,92,101,54.12,25.70,993.66 
26/10/2021T05:03:17Z,62,93,100,52.75,25.68,994.05 
26/10/2021T05:03:48Z,58,87,95,52.62,25.64,994.16 
26/10/2021T05:04:18Z,57,85,90,52.26,25.65,994.21 
26/10/2021T05:04:49Z,57,83,86,52.94,25.61,993.98 
26/10/2021T05:05:20Z,50,74,81,52.73,25.51,994.05 
26/10/2021T05:05:50Z,56,82,86,53.06,25.43,993.94 
26/10/2021T05:06:20Z,54,81,86,53.99,25.36,993.61 
26/10/2021T05:06:50Z,53,81,89,54.32,25.50,993.44 
26/10/2021T05:07:20Z,60,87,92,54.16,25.57,993.49 
26/10/2021T05:07:51Z,59,87,96,54.26,25.58,993.47 
26/10/2021T05:08:22Z,58,85,95,53.99,25.56,993.55 
26/10/2021T05:08:53Z,69,100,109,54.14,25.56,993.52 
26/10/2021T05:09:23Z,59,86,91,54.51,25.66,993.35 
26/10/2021T05:09:54Z,58,85,90,53.69,25.67,993.65 
26/10/2021T05:10:25Z,58,85,92,54.37,25.77,993.38 
26/10/2021T05:10:55Z,58,84,89,54.08,25.89,993.42 
26/10/2021T05:11:25Z,60,88,93,53.48,25.78,993.68 
26/10/2021T05:11:56Z,57,86,93,53.16,25.68,993.81 
26/10/2021T05:12:26Z,56,84,90,54.08,25.76,993.47 
26/10/2021T05:12:57Z,54,80,86,53.48,25.82,993.61 
26/10/2021T05:13:27Z,54,79,87,53.54,25.90,993.56 
26/10/2021T05:13:57Z,50,75,80,52.25,25.87,994.06 
26/10/2021T05:14:28Z,51,74,80,52.63,25.89,993.87 
26/10/2021T05:14:58Z,48,73,80,51.89,25.70,994.23 
26/10/2021T05:15:28Z,50,73,78,52.64,25.63,993.94 
26/10/2021T05:15:58Z,47,69,77,52.13,25.50,994.12 
26/10/2021T05:16:29Z,51,76,82,53.08,25.45,993.79 
26/10/2021T05:16:59Z,51,74,78,53.57,25.55,993.55 
26/10/2021T05:17:29Z,51,74,81,53.84,25.71,993.38 
26/10/2021T05:18:00Z,56,81,85,53.50,25.79,993.46 
26/10/2021T05:18:31Z,56,85,92,53.68,25.82,993.40 
26/10/2021T05:19:01Z,54,79,85,53.66,25.82,993.43 
26/10/2021T05:19:32Z,53,79,86,53.55,25.91,993.42 
26/10/2021T05:20:02Z,49,71,80,52.69,25.99,993.72 
26/10/2021T05:20:33Z,50,73,79,52.97,26.03,993.64 
26/10/2021T05:21:03Z,54,81,86,53.34,25.93,993.52 
26/10/2021T05:21:34Z,51,75,81,53.53,25.97,993.39 
26/10/2021T05:22:04Z,51,76,81,52.78,25.96,993.71 
26/10/2021T05:22:34Z,52,78,83,52.79,26.02,993.67 
26/10/2021T05:23:05Z,52,74,81,51.21,25.94,994.24 
26/10/2021T05:23:36Z,50,71,79,51.34,25.77,994.28 
26/10/2021T05:24:06Z,52,74,79,52.63,25.75,993.77 
26/10/2021T05:24:37Z,50,74,80,52.44,25.83,993.73 
26/10/2021T05:25:08Z,48,67,75,51.01,25.72,994.35 
26/10/2021T05:25:38Z,48,68,78,51.54,25.63,994.16 
26/10/2021T05:26:08Z,48,70,77,51.87,25.57,994.01 
26/10/2021T05:26:39Z,48,70,77,52.70,25.52,993.74 
26/10/2021T05:27:09Z,49,71,77,53.05,25.55,993.52 
26/10/2021T05:27:40Z,49,70,79,53.78,25.64,993.25 
26/10/2021T05:28:11Z,66,92,98,52.64,25.63,993.66 
26/10/2021T05:28:41Z,69,99,106,53.38,25.59,993.46 
26/10/2021T05:29:12Z,62,88,93,53.60,25.71,993.26 
26/10/2021T05:29:42Z,61,86,92,53.85,25.77,993.17 
26/10/2021T05:30:12Z,60,88,93,53.93,25.82,993.12 
26/10/2021T05:30:43Z,59,87,92,53.68,25.81,993.23 
26/10/2021T05:31:14Z,54,80,85,52.93,25.74,993.46 
26/10/2021T05:31:44Z,50,71,79,52.12,25.62,993.85 
26/10/2021T05:32:15Z,55,77,82,51.83,25.55,993.98 
26/10/2021T05:32:46Z,51,76,82,52.33,25.54,993.82 
26/10/2021T05:33:16Z,55,85,91,52.76,25.57,993.62 
26/10/2021T05:33:47Z,56,87,97,53.04,25.63,993.46 
26/10/2021T05:34:17Z,53,79,89,52.41,25.69,993.62 
26/10/2021T05:34:47Z,49,70,76,52.15,25.61,993.80 
26/10/2021T05:35:17Z,48,71,76,52.22,25.55,993.83 
26/10/2021T05:35:48Z,50,75,82,52.70,25.64,993.52 
26/10/2021T05:36:18Z,48,73,81,52.68,25.65,993.57 
26/10/2021T05:36:48Z,51,76,82,52.99,25.77,993.37 
26/10/2021T05:37:19Z,50,73,78,52.00,25.71,993.76 
26/10/2021T05:37:50Z,51,79,86,53.05,25.76,993.38 
26/10/2021T05:38:20Z,53,82,87,53.04,25.86,993.29 
26/10/2021T05:38:51Z,51,76,86,52.64,25.92,993.40 
26/10/2021T05:39:21Z,52,78,86,52.89,25.97,993.32 
26/10/2021T05:39:51Z,51,77,83,52.41,25.88,993.55 
26/10/2021T05:40:22Z,49,74,84,52.33,25.86,993.53 
26/10/2021T05:40:52Z,46,70,77,51.98,25.79,993.73 
26/10/2021T05:41:23Z,48,73,82,52.44,25.76,993.60 
26/10/2021T05:41:53Z,52,77,84,52.97,25.85,993.29 
26/10/2021T05:42:24Z,53,81,88,52.86,25.91,993.30 
26/10/2021T05:42:55Z,53,81,92,51.79,25.94,993.68 
26/10/2021T05:43:26Z,53,82,90,52.66,25.99,993.37 
26/10/2021T05:43:56Z,52,80,86,52.06,26.03,993.50 
26/10/2021T05:44:26Z,49,78,83,52.21,26.04,993.51 
26/10/2021T05:44:56Z,49,76,81,51.92,26.13,993.57 
26/10/2021T05:45:26Z,48,74,82,51.69,26.14,993.69 
26/10/2021T05:45:56Z,48,70,78,51.59,26.19,993.68 
26/10/2021T05:46:27Z,46,67,77,50.85,26.12,993.98 
26/10/2021T05:46:57Z,43,65,75,51.11,26.00,993.96 
26/10/2021T05:47:28Z,46,69,78,51.65,26.07,993.64 
26/10/2021T05:47:58Z,45,67,76,51.27,26.13,993.78 
26/10/2021T05:48:28Z,45,66,75,50.73,26.22,993.95 
26/10/2021T05:48:58Z,40,61,73,49.80,26.16,994.34 
26/10/2021T05:49:29Z,41,60,70,50.88,26.13,993.91 
26/10/2021T05:49:59Z,40,59,70,50.22,26.11,994.15 
26/10/2021T05:50:30Z,40,58,71,50.56,26.10,993.94 
26/10/2021T05:51:00Z,42,63,72,50.44,26.07,994.03 
26/10/2021T05:51:31Z,41,60,71,50.76,26.06,993.89 
26/10/2021T05:52:02Z,41,60,73,51.53,26.19,993.49 
26/10/2021T05:52:33Z,39,61,72,51.16,26.25,993.60 
26/10/2021T05:53:03Z,38,57,68,49.84,26.19,994.14 
26/10/2021T05:53:34Z,40,59,71,51.51,26.25,993.50 
26/10/2021T05:54:04Z,38,57,70,50.75,26.29,993.68 
26/10/2021T05:54:34Z,39,55,68,50.67,26.31,993.72 
26/10/2021T05:55:04Z,41,61,72,50.40,26.21,993.91 
26/10/2021T05:55:34Z,40,58,69,50.94,26.16,993.69 
26/10/2021T05:56:05Z,39,56,69,50.98,26.17,993.59 
26/10/2021T05:56:35Z,39,57,70,51.55,26.28,993.33 
26/10/2021T05:57:05Z,39,59,71,51.40,26.34,993.38 
26/10/2021T05:57:35Z,41,61,73,51.47,26.33,993.34 
26/10/2021T05:58:05Z,41,60,73,51.82,26.25,993.23 
26/10/2021T05:58:36Z,41,60,71,52.16,26.35,993.02 
26/10/2021T05:59:07Z,44,65,75,51.82,26.39,993.12 
26/10/2021T05:59:37Z,43,66,76,51.81,26.42,993.12 
26/10/2021T06:00:07Z,49,76,83,51.75,26.41,993.19 
26/10/2021T06:00:37Z,53,83,92,51.28,26.39,993.36 
26/10/2021T06:01:08Z,49,75,82,51.64,26.41,993.23 
26/10/2021T06:01:38Z,47,73,79,51.58,26.47,993.24 
26/10/2021T06:02:08Z,47,72,79,50.56,26.49,993.60 
26/10/2021T06:02:38Z,47,73,79,50.20,26.34,993.84 
26/10/2021T06:03:09Z,46,70,77,51.25,26.35,993.42 
26/10/2021T06:03:40Z,46,69,77,50.66,26.42,993.57 
26/10/2021T06:04:10Z,46,69,78,49.18,26.26,994.22 
26/10/2021T06:04:41Z,45,65,75,51.07,26.21,993.53 
26/10/2021T06:05:11Z,43,65,75,50.31,26.27,993.71 
26/10/2021T06:05:42Z,44,66,75,51.00,26.33,993.41 
26/10/2021T06:06:12Z,50,77,86,49.42,26.30,993.99 
26/10/2021T06:06:43Z,61,98,109,49.52,26.18,994.07 
26/10/2021T06:07:13Z,53,81,88,50.01,26.06,993.84 
26/10/2021T06:07:44Z,49,78,85,50.63,26.09,993.52 
26/10/2021T06:08:14Z,48,76,83,50.62,26.08,993.56 
26/10/2021T06:08:45Z,48,78,83,51.34,26.17,993.17 
26/10/2021T06:09:15Z,51,78,85,49.90,26.08,993.77 
26/10/2021T06:09:46Z,46,70,79,49.68,26.01,993.91 
26/10/2021T06:10:17Z,52,79,88,50.77,25.96,993.50 
26/10/2021T06:10:47Z,47,72,80,50.83,26.03,993.38 
26/10/2021T06:11:17Z,43,65,76,49.78,26.02,993.83 
26/10/2021T06:11:47Z,43,65,74,49.48,25.95,993.98 
26/10/2021T06:12:18Z,64,97,106,50.13,25.93,993.70 
26/10/2021T06:12:48Z,53,78,86,50.84,26.03,993.35 
26/10/2021T06:13:18Z,51,81,88,51.30,26.17,993.07 
26/10/2021T06:13:49Z,60,91,101,50.50,26.10,993.46 
26/10/2021T06:14:20Z,53,81,89,50.13,26.16,993.49 
26/10/2021T06:14:51Z,49,76,85,50.07,26.11,993.63 
26/10/2021T06:15:21Z,51,78,84,50.71,26.14,993.33 
26/10/2021T06:15:51Z,49,75,80,50.52,26.24,993.35 
26/10/2021T06:16:22Z,48,73,81,50.23,26.28,993.44 
26/10/2021T06:16:53Z,45,69,79,49.75,26.31,993.61 
26/10/2021T06:17:24Z,45,69,77,50.04,26.37,993.48 
26/10/2021T06:17:54Z,45,67,75,49.78,26.39,993.54 
26/10/2021T06:18:25Z,44,66,75,50.28,26.35,993.39 
26/10/2021T06:18:56Z,45,69,76,50.77,26.43,993.09 
26/10/2021T06:19:27Z,45,68,76,50.04,26.44,993.32 
26/10/2021T06:19:58Z,45,69,78,49.49,26.39,993.63 
26/10/2021T06:20:28Z,45,67,77,49.65,26.41,993.58 
26/10/2021T06:20:58Z,48,72,80,49.88,26.33,993.47 
26/10/2021T06:21:29Z,59,91,101,49.78,26.19,993.53 
26/10/2021T06:21:59Z,73,117,132,49.74,26.09,993.55 
26/10/2021T06:22:29Z,52,82,86,49.62,26.02,993.61 
26/10/2021T06:22:59Z,51,77,85,50.49,26.06,993.24 
26/10/2021T06:23:30Z,62,98,104,50.53,26.11,993.19 
26/10/2021T06:24:01Z,60,96,109,49.78,26.09,993.42 
26/10/2021T06:24:31Z,55,83,94,51.16,26.15,992.92 
26/10/2021T06:25:02Z,55,85,96,50.79,26.27,992.92 
26/10/2021T06:25:32Z,61,95,103,50.04,26.20,993.28 
26/10/2021T06:26:03Z,64,96,105,50.80,26.11,993.04 
26/10/2021T06:26:33Z,60,94,102,51.11,26.15,992.82 
26/10/2021T06:27:03Z,69,108,117,51.04,26.09,992.91 
26/10/2021T06:27:33Z,81,124,133,50.47,26.05,993.11 
26/10/2021T06:28:04Z,83,129,139,50.78,26.05,992.98 
26/10/2021T06:28:34Z,83,125,133,51.19,26.05,992.82 
26/10/2021T06:29:04Z,74,113,123,51.88,26.16,992.43 
26/10/2021T06:29:35Z,72,110,122,51.57,26.26,992.54 
26/10/2021T06:30:05Z,77,119,130,50.77,26.37,992.78 
26/10/2021T06:30:35Z,90,139,152,48.95,26.23,993.69 
26/10/2021T06:31:06Z,96,149,165,50.21,26.24,993.22 
26/10/2021T06:31:36Z,105,167,180,50.41,26.33,993.01 
26/10/2021T06:32:07Z,159,268,293,51.02,26.33,992.77 
26/10/2021T06:32:37Z,112,180,194,51.31,26.43,992.52 
26/10/2021T06:33:07Z,87,138,152,50.61,26.48,992.79 
26/10/2021T06:33:38Z,153,271,302,50.42,26.44,992.91 
26/10/2021T06:34:08Z,157,259,287,50.40,26.32,993.02 
26/10/2021T06:34:38Z,151,252,287,50.39,26.30,992.97 
26/10/2021T06:35:09Z,152,267,304,49.28,26.20,993.49 
26/10/2021T06:35:39Z,138,237,267,49.55,26.09,993.41 
26/10/2021T06:36:10Z,119,199,223,51.28,26.16,992.62 
26/10/2021T06:36:40Z,106,171,188,50.80,26.31,992.68 
26/10/2021T06:37:10Z,87,139,151,50.14,26.38,992.98 
26/10/2021T06:37:41Z,139,259,291,49.56,26.40,993.19 
26/10/2021T06:38:12Z,134,225,250,49.54,26.29,993.32 
26/10/2021T06:38:42Z,123,208,232,51.15,26.37,992.53 
26/10/2021T06:39:12Z,143,317,390,50.48,26.43,992.68 
26/10/2021T06:39:42Z,153,304,370,50.25,26.44,992.87 
26/10/2021T06:40:13Z,156,301,353,48.92,26.43,993.37 
26/10/2021T06:40:44Z,173,326,382,48.85,26.29,993.51 
26/10/2021T06:41:15Z,198,384,458,48.72,26.18,993.60 
26/10/2021T06:41:45Z,188,365,425,49.42,26.16,993.34 
26/10/2021T06:42:16Z,193,380,455,50.76,26.21,992.71 
26/10/2021T06:42:46Z,147,264,305,50.28,26.27,992.79 
26/10/2021T06:43:16Z,167,300,346,50.73,26.34,992.58 
26/10/2021T06:43:46Z,210,436,515,50.33,26.42,992.69 
26/10/2021T06:44:17Z,226,447,531,50.25,26.37,992.81 
26/10/2021T06:44:47Z,205,391,454,50.39,26.40,992.73 
26/10/2021T06:45:17Z,155,276,317,50.49,26.41,992.64 
26/10/2021T06:45:48Z,165,292,344,50.71,26.44,992.49 
26/10/2021T06:46:18Z,109,186,212,49.25,26.34,993.25 
26/10/2021T06:46:48Z,135,230,262,51.01,26.43,992.45 
26/10/2021T06:47:19Z,133,230,265,49.61,26.41,992.99 
26/10/2021T06:47:49Z,131,223,254,50.92,26.40,992.53 
26/10/2021T06:48:20Z,114,193,210,50.51,26.47,992.58 
26/10/2021T06:48:50Z,116,197,219,49.00,26.40,993.26 
26/10/2021T06:49:20Z,119,200,224,49.51,26.33,993.18 
26/10/2021T06:49:50Z,117,198,222,49.87,26.32,992.92 
26/10/2021T06:50:21Z,111,184,209,50.21,26.30,992.83 
26/10/2021T06:50:51Z,122,204,230,50.00,26.33,992.84 
26/10/2021T06:51:21Z,108,179,200,51.03,26.41,992.38 
26/10/2021T06:51:52Z,107,174,193,50.25,26.52,992.57 
26/10/2021T06:52:23Z,120,211,244,49.57,26.54,992.94 
26/10/2021T06:52:53Z,116,197,219,50.09,26.59,992.63 
26/10/2021T06:53:24Z,101,163,180,49.26,26.49,993.05 
26/10/2021T06:53:54Z,94,153,171,49.03,26.47,993.14 
26/10/2021T06:54:25Z,100,164,184,50.45,26.52,992.55 
26/10/2021T06:54:56Z,98,160,177,50.23,26.59,992.53 
26/10/2021T06:55:27Z,89,145,164,50.31,26.65,992.48 
26/10/2021T06:55:58Z,91,147,164,50.26,26.67,992.44 
26/10/2021T06:56:28Z,84,140,169,50.91,26.60,992.26 
26/10/2021T06:56:59Z,85,136,159,51.03,26.62,992.17 
26/10/2021T06:57:30Z,75,120,135,50.31,26.67,992.43 
26/10/2021T06:58:00Z,68,107,117,49.58,26.71,992.75 
26/10/2021T06:58:30Z,63,102,111,48.90,26.65,993.10 
26/10/2021T06:59:00Z,67,107,117,49.86,26.66,992.69 
26/10/2021T06:59:31Z,61,92,103,49.05,26.59,993.01 
26/10/2021T07:00:02Z,63,99,110,50.14,26.56,992.59 
26/10/2021T07:00:32Z,62,96,105,50.32,26.65,992.48 
26/10/2021T07:01:02Z,60,93,100,49.83,26.71,992.64 
26/10/2021T07:01:32Z,61,94,105,49.95,26.82,992.51 
26/10/2021T07:02:03Z,57,90,103,48.32,26.77,993.25 
26/10/2021T07:02:33Z,57,88,96,48.50,26.73,993.22 
26/10/2021T07:03:03Z,58,88,99,49.44,26.78,992.79 
26/10/2021T07:03:33Z,49,74,81,47.03,26.68,993.77 
26/10/2021T07:04:04Z,55,84,93,49.26,26.69,992.94 
26/10/2021T07:04:34Z,59,89,99,49.55,26.79,992.66 
26/10/2021T07:05:04Z,67,100,109,48.95,26.81,992.84 
26/10/2021T07:05:34Z,69,100,113,49.48,26.84,992.64 
26/10/2021T07:06:05Z,78,119,129,49.84,26.90,992.44 
26/10/2021T07:06:36Z,60,87,93,48.70,26.80,992.92 
26/10/2021T07:07:06Z,77,126,143,50.13,26.83,992.40 
26/10/2021T07:07:37Z,80,128,144,49.88,26.92,992.38 
26/10/2021T07:08:07Z,90,146,160,49.46,26.96,992.53 
26/10/2021T07:08:37Z,76,113,127,49.43,26.94,992.62 
26/10/2021T07:09:08Z,75,115,127,49.46,26.98,992.52 
26/10/2021T07:09:38Z,68,103,113,48.83,26.96,992.77 
26/10/2021T07:10:09Z,53,81,87,47.53,26.80,993.40 
26/10/2021T07:10:39Z,66,105,117,49.85,26.80,992.52 
26/10/2021T07:11:09Z,62,96,107,48.79,26.84,992.81 
26/10/2021T07:11:39Z,63,98,110,48.96,26.86,992.67 
26/10/2021T07:12:09Z,57,87,95,49.06,26.87,992.68 
26/10/2021T07:12:40Z,55,82,91,48.34,26.89,992.87 
26/10/2021T07:13:11Z,49,73,79,47.58,26.82,993.31 
26/10/2021T07:13:41Z,59,90,98,49.91,26.90,992.31 
26/10/2021T07:14:12Z,55,85,94,49.91,26.99,992.22 
26/10/2021T07:14:42Z,73,109,118,50.26,27.02,992.01 
26/10/2021T07:15:12Z,74,108,118,50.61,26.97,991.90 
26/10/2021T07:15:43Z,58,87,95,49.39,26.95,992.34 
26/10/2021T07:16:13Z,51,76,83,48.93,26.81,992.61 
26/10/2021T07:16:43Z,51,76,83,49.55,26.78,992.42 
26/10/2021T07:17:14Z,52,77,85,50.01,26.86,992.10 
26/10/2021T07:17:44Z,56,82,91,50.43,26.93,991.93 
26/10/2021T07:18:15Z,71,105,112,50.28,26.96,991.87 
26/10/2021T07:18:46Z,64,96,106,50.49,26.89,991.85 
26/10/2021T07:19:17Z,61,91,98,50.08,26.86,991.99 
26/10/2021T07:19:47Z,59,89,99,50.44,26.84,991.89 
26/10/2021T07:20:18Z,60,90,98,50.85,26.89,991.69 
26/10/2021T07:20:49Z,67,103,109,51.35,26.97,991.43 
26/10/2021T07:21:19Z,66,99,110,51.37,26.96,991.42 
26/10/2021T07:21:50Z,60,91,101,50.49,26.93,991.77 
26/10/2021T07:22:21Z,53,82,89,50.35,26.80,991.96 
26/10/2021T07:22:51Z,56,84,89,50.56,26.80,991.79 
26/10/2021T07:23:22Z,56,81,89,51.16,26.85,991.57 
26/10/2021T07:23:52Z,55,80,86,51.31,26.86,991.53 
26/10/2021T07:24:23Z,55,81,89,51.09,26.83,991.58 
26/10/2021T07:24:53Z,49,74,81,49.24,26.75,992.35 
26/10/2021T07:25:24Z,51,75,81,49.64,26.63,992.28 
26/10/2021T07:25:54Z,47,70,77,48.72,26.54,992.67 
26/10/2021T07:26:25Z,52,79,84,50.35,26.59,992.00 
26/10/2021T07:26:55Z,51,75,80,48.95,26.61,992.44 
26/10/2021T07:27:26Z,49,73,81,49.06,26.56,992.49 
26/10/2021T07:27:57Z,47,69,78,49.39,26.52,992.35 
26/10/2021T07:28:27Z,49,72,79,50.07,26.57,992.07 
26/10/2021T07:28:57Z,48,73,80,49.73,26.67,992.09 
26/10/2021T07:29:27Z,48,71,80,49.70,26.78,992.07 
26/10/2021T07:29:58Z,44,64,74,48.01,26.83,992.64 
26/10/2021T07:30:28Z,43,65,74,48.25,26.88,992.63 
26/10/2021T07:30:58Z,44,65,74,47.16,26.84,993.16 
26/10/2021T07:31:28Z,46,68,77,48.84,26.91,992.30 
26/10/2021T07:31:59Z,45,66,76,47.59,26.89,992.82 
26/10/2021T07:32:30Z,46,69,77,47.79,26.85,992.75 
26/10/2021T07:33:00Z,46,71,78,47.88,26.76,992.78 
26/10/2021T07:33:30Z,47,69,77,49.25,26.81,992.17 
26/10/2021T07:34:01Z,50,74,81,48.02,26.89,992.53 
26/10/2021T07:34:32Z,50,75,81,48.78,26.91,992.26 
26/10/2021T07:35:03Z,51,77,82,48.61,26.87,992.31 
26/10/2021T07:35:33Z,50,73,80,48.19,26.77,992.52 
26/10/2021T07:36:03Z,48,75,81,48.46,26.78,992.34 
26/10/2021T07:36:34Z,49,74,82,48.48,26.66,992.43 
26/10/2021T07:37:04Z,51,75,82,49.28,26.71,992.03 
26/10/2021T07:37:35Z,52,78,85,49.44,26.84,991.87 
26/10/2021T07:38:05Z,52,78,84,48.48,26.81,992.29 
26/10/2021T07:38:36Z,52,78,82,49.42,26.86,991.93 
26/10/2021T07:39:06Z,53,80,86,49.02,26.86,992.03 
26/10/2021T07:39:36Z,54,83,90,49.52,26.89,991.83 
26/10/2021T07:40:07Z,51,75,81,49.45,26.91,991.80 
26/10/2021T07:40:38Z,51,76,82,48.74,26.85,992.09 
26/10/2021T07:41:08Z,52,79,89,48.56,26.80,992.21 
26/10/2021T07:41:39Z,48,75,81,48.39,26.80,992.26 
26/10/2021T07:42:09Z,48,73,79,48.93,26.81,992.12 
26/10/2021T07:42:39Z,51,77,82,49.33,26.79,991.87 
26/10/2021T07:43:09Z,48,72,78,49.18,26.76,991.92 
26/10/2021T07:43:39Z,48,71,79,48.91,26.68,992.06 
26/10/2021T07:44:09Z,48,72,79,49.38,26.68,991.88 
26/10/2021T07:44:40Z,48,70,77,49.22,26.73,991.86 
26/10/2021T07:45:10Z,47,69,76,48.81,26.71,992.09 
26/10/2021T07:45:40Z,46,70,77,48.83,26.77,992.01 
26/10/2021T07:46:11Z,47,69,77,49.36,26.80,991.84 
26/10/2021T07:46:41Z,49,72,80,49.75,26.82,991.60 
26/10/2021T07:47:12Z,47,71,77,49.87,26.92,991.47 
26/10/2021T07:47:43Z,49,69,76,47.12,26.83,992.61 
26/10/2021T07:48:13Z,47,70,77,48.12,26.77,992.36 
26/10/2021T07:48:44Z,49,73,83,48.80,26.75,992.02 
26/10/2021T07:49:14Z,49,73,79,49.20,26.76,991.78 
26/10/2021T07:49:45Z,50,73,79,48.71,26.68,991.99 
26/10/2021T07:50:16Z,51,77,84,49.13,26.61,991.85 
26/10/2021T07:50:46Z,52,79,86,49.80,26.68,991.49 
26/10/2021T07:51:17Z,55,81,88,49.68,26.73,991.50 
26/10/2021T07:51:48Z,54,81,88,50.13,26.82,991.28 
26/10/2021T07:52:19Z,56,86,94,50.31,26.84,991.18 
26/10/2021T07:52:49Z,58,84,91,50.26,26.89,991.17 
26/10/2021T07:53:19Z,61,89,96,49.40,26.90,991.51 
26/10/2021T07:53:49Z,57,84,90,48.21,26.84,992.08 
26/10/2021T07:54:20Z,53,77,86,48.69,26.84,991.92 
26/10/2021T07:54:50Z,47,72,78,47.18,26.80,992.60 
26/10/2021T07:55:21Z,46,66,74,47.44,26.76,992.48 
26/10/2021T07:55:52Z,51,72,80,48.88,26.79,991.93 
26/10/2021T07:56:23Z,52,76,83,48.46,26.80,991.99 
26/10/2021T07:56:53Z,50,75,81,48.96,26.84,991.82 
26/10/2021T07:57:23Z,47,67,76,47.57,26.82,992.26 
26/10/2021T07:57:54Z,46,67,76,48.18,26.73,992.22 
26/10/2021T07:58:24Z,49,73,80,49.25,26.72,991.63 
26/10/2021T07:58:55Z,47,68,76,47.15,26.67,992.48 
26/10/2021T07:59:25Z,46,68,78,48.11,26.64,992.21 
26/10/2021T07:59:55Z,48,70,79,48.26,26.59,992.10 
26/10/2021T08:00:26Z,49,70,78,48.07,26.56,992.11 
26/10/2021T08:00:56Z,47,69,76,47.96,26.55,992.21 
26/10/2021T08:01:27Z,47,70,78,49.11,26.63,991.71 
26/10/2021T08:01:57Z,47,69,77,48.56,26.73,991.81 
26/10/2021T08:02:28Z,46,66,75,47.44,26.72,992.25 
26/10/2021T08:02:59Z,47,67,77,47.90,26.65,992.21 
26/10/2021T08:03:29Z,45,67,78,48.17,26.61,992.03 
26/10/2021T08:04:00Z,44,66,74,48.22,26.61,991.96 
26/10/2021T08:04:30Z,46,69,78,48.84,26.63,991.72 
26/10/2021T08:05:01Z,44,66,75,49.44,26.71,991.40 
26/10/2021T08:05:31Z,46,69,76,49.36,26.81,991.35 
26/10/2021T08:06:02Z,48,69,77,48.52,26.84,991.65 
26/10/2021T08:06:33Z,49,72,79,48.29,26.76,991.89 
26/10/2021T08:07:03Z,51,74,81,48.87,26.73,991.63 
26/10/2021T08:07:33Z,53,74,79,49.25,26.76,991.45 
26/10/2021T08:08:04Z,51,73,79,48.98,26.76,991.52 
26/10/2021T08:08:34Z,50,71,78,48.33,26.72,991.88 
26/10/2021T08:09:05Z,50,74,82,49.23,26.81,991.46 
26/10/2021T08:09:35Z,53,79,86,48.85,26.77,991.54 
26/10/2021T08:10:05Z,50,76,82,47.76,26.67,992.06 
26/10/2021T08:10:35Z,50,75,83,48.75,26.63,991.75 
26/10/2021T08:11:06Z,50,73,81,48.60,26.63,991.71 
26/10/2021T08:11:37Z,48,69,77,49.39,26.63,991.42 
26/10/2021T08:12:07Z,47,71,79,49.72,26.71,991.18 
26/10/2021T08:12:38Z,49,73,78,49.37,26.67,991.31 
26/10/2021T08:13:08Z,46,67,74,48.32,26.66,991.79 
26/10/2021T08:13:39Z,50,76,82,48.60,26.61,991.74 
26/10/2021T08:14:09Z,47,70,78,48.58,26.63,991.75 
26/10/2021T08:14:40Z,45,69,76,48.25,26.64,991.85 
26/10/2021T08:15:10Z,46,68,76,48.82,26.69,991.61 
26/10/2021T08:15:41Z,45,67,76,48.81,26.72,991.57 
26/10/2021T08:16:11Z,47,69,77,48.81,26.77,991.56 
26/10/2021T08:16:42Z,47,70,78,49.22,26.83,991.33 
26/10/2021T08:17:13Z,46,68,76,49.18,26.86,991.30 
26/10/2021T08:17:43Z,46,66,77,48.89,26.85,991.45 
26/10/2021T08:18:14Z,46,68,76,49.60,26.87,991.15 
26/10/2021T08:18:45Z,50,73,80,49.10,26.80,991.36 
26/10/2021T08:19:16Z,51,78,83,49.84,26.76,991.09 
26/10/2021T08:19:46Z,50,72,78,50.27,26.82,990.83 
26/10/2021T08:20:17Z,55,81,86,48.81,26.84,991.44 
26/10/2021T08:20:47Z,51,74,80,49.60,26.89,991.14 
26/10/2021T08:21:18Z,51,73,79,48.03,26.84,991.77 
26/10/2021T08:21:49Z,46,68,77,47.70,26.77,992.01 
26/10/2021T08:22:19Z,47,69,76,48.40,26.71,991.78 
26/10/2021T08:22:50Z,46,67,76,49.35,26.72,991.35 
26/10/2021T08:23:21Z,48,71,77,50.38,26.79,990.81 
26/10/2021T08:23:52Z,48,72,79,50.31,26.86,990.76 
26/10/2021T08:24:22Z,47,71,79,49.10,26.83,991.26 
26/10/2021T08:24:52Z,48,73,81,50.06,26.80,990.98 
26/10/2021T08:25:23Z,49,75,82,50.10,26.82,990.87 
26/10/2021T08:25:53Z,52,77,84,50.12,26.73,990.89 
26/10/2021T08:26:23Z,46,70,76,48.15,26.65,991.69 
26/10/2021T08:26:53Z,43,66,74,47.98,26.60,991.95 
26/10/2021T08:27:24Z,46,69,77,48.81,26.60,991.56 
26/10/2021T08:27:54Z,42,63,75,47.92,26.62,991.92 
26/10/2021T08:28:24Z,43,64,73,47.92,26.65,991.90 
26/10/2021T08:28:54Z,44,64,75,48.75,26.75,991.50 
26/10/2021T08:29:25Z,46,67,77,49.22,26.81,991.20 
26/10/2021T08:29:55Z,47,71,79,49.24,26.71,991.22 
26/10/2021T08:30:26Z,45,67,75,49.58,26.80,991.04 
26/10/2021T08:30:56Z,45,67,76,49.10,26.77,991.28 
26/10/2021T08:31:27Z,44,66,76,49.26,26.83,991.09 
26/10/2021T08:31:57Z,43,65,75,48.51,26.87,991.53 
26/10/2021T08:32:27Z,42,61,73,47.30,26.88,991.95 
26/10/2021T08:32:57Z,42,63,73,48.05,26.83,991.79 
26/10/2021T08:33:28Z,44,63,73,47.68,26.85,991.88 
26/10/2021T08:33:58Z,42,64,73,46.93,26.86,992.16 
26/10/2021T08:34:28Z,43,63,72,48.20,26.92,991.62 
26/10/2021T08:34:58Z,41,64,72,47.92,26.98,991.63 
26/10/2021T08:35:28Z,46,68,76,46.80,26.96,992.14 
26/10/2021T08:35:59Z,49,72,78,47.55,26.91,991.93 
26/10/2021T08:36:30Z,48,71,77,47.84,26.94,991.61 
26/10/2021T08:37:00Z,52,75,80,47.79,26.90,991.77 
26/10/2021T08:37:31Z,53,78,86,48.21,26.80,991.55 
26/10/2021T08:38:02Z,49,71,80,49.23,26.85,991.05 
26/10/2021T08:38:32Z,56,83,90,48.20,26.91,991.37 
26/10/2021T08:39:03Z,60,85,92,47.74,26.82,991.72 
26/10/2021T08:39:34Z,48,69,77,47.04,26.77,992.01 
26/10/2021T08:40:04Z,50,71,77,47.14,26.75,991.99 
26/10/2021T08:40:35Z,48,69,76,48.35,26.81,991.48 
26/10/2021T08:41:06Z,49,71,78,48.12,26.83,991.47 
26/10/2021T08:41:36Z,49,69,78,48.85,26.76,991.26 
26/10/2021T08:42:07Z,47,69,77,49.28,26.89,990.93 
26/10/2021T08:42:37Z,50,73,80,49.09,26.90,991.03 
26/10/2021T08:43:08Z,47,68,76,48.94,26.92,991.00 
26/10/2021T08:43:38Z,45,67,77,49.15,26.89,991.02 
26/10/2021T08:44:08Z,45,68,76,48.70,26.83,991.23 
26/10/2021T08:44:38Z,47,70,77,49.65,26.90,990.81 
26/10/2021T08:45:09Z,45,68,76,48.79,26.95,991.10 
26/10/2021T08:45:39Z,44,67,76,48.05,26.92,991.50 
26/10/2021T08:46:09Z,44,65,76,47.60,26.95,991.57 
26/10/2021T08:46:40Z,42,61,72,47.21,26.87,991.96 
26/10/2021T08:47:11Z,42,64,74,48.04,26.96,991.45 
26/10/2021T08:47:41Z,42,63,72,46.66,26.93,992.11 
26/10/2021T08:48:12Z,41,60,71,45.98,26.87,992.38 
26/10/2021T08:48:42Z,45,68,76,47.39,26.87,991.86 
26/10/2021T08:49:12Z,45,67,76,47.56,26.94,991.66 
26/10/2021T08:49:42Z,43,63,73,47.94,26.96,991.51 
26/10/2021T08:50:12Z,44,63,75,48.55,27.02,991.17 
26/10/2021T08:50:43Z,43,63,73,48.45,27.06,991.18 
26/10/2021T08:51:13Z,44,65,74,49.39,27.13,990.78 
26/10/2021T08:51:44Z,45,65,74,49.24,27.20,990.80 
26/10/2021T08:52:15Z,47,68,78,49.19,27.09,990.84 
26/10/2021T08:52:46Z,46,67,76,48.93,27.08,990.92 
26/10/2021T08:53:16Z,46,69,77,47.53,26.97,991.55 
26/10/2021T08:53:46Z,44,66,76,48.54,27.01,991.18 
26/10/2021T08:54:16Z,43,66,76,46.82,26.93,991.95 
26/10/2021T08:54:47Z,43,62,72,46.76,26.90,992.00 
26/10/2021T08:55:18Z,39,61,72,47.20,26.87,991.96 
26/10/2021T08:55:48Z,42,60,71,48.83,26.99,991.07 
26/10/2021T08:56:19Z,43,62,73,47.72,27.07,991.45 
26/10/2021T08:56:50Z,42,62,72,47.41,27.10,991.59 
26/10/2021T08:57:20Z,42,62,73,47.70,27.13,991.48 
26/10/2021T08:57:51Z,40,60,72,47.95,27.16,991.36 
26/10/2021T08:58:21Z,42,63,72,48.47,27.23,991.10 
26/10/2021T08:58:52Z,42,61,74,48.27,27.24,991.17 
26/10/2021T08:59:23Z,43,62,73,48.33,27.25,991.09 
26/10/2021T08:59:53Z,41,60,72,47.63,27.15,991.46 
26/10/2021T09:00:24Z,41,61,73,48.16,27.12,991.33 
26/10/2021T09:00:55Z,40,60,72,47.72,27.19,991.35 
26/10/2021T09:01:26Z,41,61,71,46.91,27.14,991.87 
26/10/2021T09:01:56Z,42,62,73,47.14,27.17,991.70 
26/10/2021T09:02:27Z,42,62,73,45.71,27.13,992.39 
26/10/2021T09:02:58Z,41,60,71,47.41,27.15,991.71 
26/10/2021T09:03:28Z,40,59,71,47.26,27.15,991.69 
26/10/2021T09:03:59Z,42,61,72,46.58,27.12,991.96 
26/10/2021T09:04:30Z,41,61,72,46.69,27.08,992.00 
26/10/2021T09:05:00Z,40,61,72,46.70,27.07,991.87 
26/10/2021T09:05:30Z,41,59,70,46.96,27.03,991.90 
26/10/2021T09:06:01Z,40,60,71,47.92,27.11,991.38 
26/10/2021T09:06:31Z,42,63,73,46.07,27.03,992.13 
26/10/2021T09:07:02Z,40,60,70,46.95,27.00,991.85 
26/10/2021T09:07:33Z,42,64,74,47.88,27.09,991.36 
26/10/2021T09:08:03Z,43,63,73,47.56,27.05,991.51 
26/10/2021T09:08:34Z,44,61,73,48.47,27.06,991.13 
26/10/2021T09:09:04Z,44,67,76,47.47,27.01,991.47 
26/10/2021T09:09:34Z,41,59,72,46.12,26.97,992.16 
26/10/2021T09:10:05Z,39,58,72,45.87,26.99,992.30 
26/10/2021T09:10:35Z,40,59,72,46.51,26.97,992.05 
26/10/2021T09:11:05Z,40,60,71,46.37,26.97,992.09 
26/10/2021T09:11:35Z,41,60,73,47.24,27.03,991.60 
26/10/2021T09:12:06Z,40,59,70,45.10,26.97,992.59 
26/10/2021T09:12:37Z,39,57,70,45.77,26.96,992.38 
26/10/2021T09:13:07Z,42,64,73,45.20,26.83,992.57 
26/10/2021T09:13:38Z,38,59,70,44.86,26.77,992.86 
26/10/2021T09:14:08Z,38,58,70,45.97,26.82,992.22 
26/10/2021T09:14:39Z,37,57,68,45.92,26.85,992.23 
26/10/2021T09:15:09Z,39,57,70,46.21,26.89,992.03 
26/10/2021T09:15:40Z,39,57,71,45.27,26.86,992.43 
26/10/2021T09:16:11Z,40,58,70,46.19,26.86,992.14 
26/10/2021T09:16:41Z,39,58,70,47.44,26.99,991.47 
26/10/2021T09:17:12Z,41,61,72,47.46,27.01,991.39 
26/10/2021T09:17:42Z,41,62,73,47.97,26.97,991.17 
26/10/2021T09:18:13Z,42,63,74,47.25,26.86,991.47 
26/10/2021T09:18:43Z,40,61,72,48.35,26.85,991.02 
26/10/2021T09:19:14Z,41,61,72,47.99,26.83,991.18 
26/10/2021T09:19:44Z,42,64,75,48.43,26.86,990.95 
26/10/2021T09:20:15Z,40,62,73,48.74,26.90,990.83 
26/10/2021T09:20:45Z,39,59,73,48.85,26.92,990.74 
26/10/2021T09:21:16Z,40,61,75,48.85,26.94,990.73 
26/10/2021T09:21:46Z,40,62,74,48.95,26.94,990.68 
26/10/2021T09:22:17Z,40,62,74,49.15,26.94,990.63 
26/10/2021T09:22:47Z,39,60,73,49.16,26.94,990.64 
26/10/2021T09:23:17Z,39,58,71,49.37,26.95,990.57 
26/10/2021T09:23:48Z,40,57,69,49.40,26.96,990.54 
26/10/2021T09:24:18Z,39,59,71,49.37,26.96,990.56 
26/10/2021T09:24:49Z,38,57,71,49.46,26.94,990.52 
26/10/2021T09:25:19Z,39,58,73,49.61,26.94,990.45 
26/10/2021T09:25:50Z,38,57,71,49.70,26.94,990.41 
26/10/2021T09:26:20Z,39,58,72,49.56,26.92,990.47 
26/10/2021T09:26:50Z,38,57,71,49.80,26.89,990.36 
26/10/2021T09:27:21Z,39,57,70,49.96,26.91,990.29 
26/10/2021T09:27:51Z,38,56,71,50.02,26.92,990.26 
26/10/2021T09:28:21Z,38,57,70,50.09,26.93,990.23 
26/10/2021T09:28:52Z,37,55,67,50.17,26.93,990.19 
26/10/2021T09:29:23Z,37,55,69,50.29,26.91,990.13 
26/10/2021T09:29:54Z,37,57,72,50.40,26.90,990.10 
26/10/2021T09:30:25Z,35,56,68,50.54,26.90,990.04 
26/10/2021T09:30:55Z,37,56,71,50.62,26.89,990.02 
26/10/2021T09:31:25Z,38,57,70,50.67,26.87,990.02 
26/10/2021T09:31:55Z,36,55,71,50.77,26.87,989.98 
26/10/2021T09:32:25Z,37,56,69,50.81,26.86,989.97 
26/10/2021T09:32:56Z,37,54,68,50.86,26.88,989.97 
26/10/2021T09:33:26Z,38,57,70,50.91,26.87,989.94 
26/10/2021T09:33:57Z,36,55,69,51.00,26.87,989.90 
26/10/2021T09:34:27Z,38,56,70,51.04,26.87,989.90 
26/10/2021T09:34:57Z,37,54,68,51.09,26.87,989.89 
26/10/2021T09:35:27Z,37,54,67,51.15,26.86,989.88 
26/10/2021T09:35:57Z,37,53,67,51.30,26.84,989.83 
26/10/2021T09:36:27Z,36,55,69,51.31,26.84,989.82 
26/10/2021T09:36:57Z,37,56,71,51.37,26.83,989.80 
26/10/2021T09:37:28Z,38,56,69,51.46,26.82,989.78 
26/10/2021T09:37:59Z,37,55,69,51.50,26.82,989.77 
26/10/2021T09:38:29Z,36,54,68,51.58,26.81,989.74 
26/10/2021T09:39:00Z,36,55,68,51.69,26.80,989.68 
26/10/2021T09:39:30Z,38,54,68,51.73,26.81,989.69 
26/10/2021T09:40:01Z,35,55,68,51.80,26.80,989.67 
26/10/2021T09:40:31Z,36,54,68,51.84,26.80,989.66 
26/10/2021T09:41:02Z,36,53,67,51.90,26.79,989.63 
26/10/2021T09:41:32Z,36,53,68,51.80,26.79,989.68 
26/10/2021T09:42:03Z,37,54,66,52.04,26.78,989.62 
26/10/2021T09:42:34Z,37,53,67,52.06,26.77,989.62 
26/10/2021T09:43:05Z,36,54,70,52.12,26.76,989.61 
26/10/2021T09:43:35Z,36,54,69,52.16,26.75,989.60 
26/10/2021T09:44:05Z,38,56,70,52.17,26.75,989.61 
26/10/2021T09:44:35Z,36,52,66,52.18,26.74,989.63 
26/10/2021T09:45:05Z,36,53,67,52.34,26.75,989.58 
26/10/2021T09:45:36Z,36,54,68,52.22,26.74,989.64 
26/10/2021T09:46:06Z,35,52,67,52.37,26.74,989.61 
26/10/2021T09:46:36Z,37,56,71,52.38,26.73,989.61 
26/10/2021T09:47:07Z,37,55,68,52.45,26.72,989.60 
26/10/2021T09:47:37Z,38,56,69,52.50,26.72,989.61 
26/10/2021T09:48:08Z,36,55,69,52.53,26.70,989.60 
26/10/2021T09:48:38Z,35,53,67,52.70,26.69,989.55 
26/10/2021T09:49:09Z,37,53,68,52.67,26.68,989.57 
26/10/2021T09:49:39Z,35,54,68,52.76,26.69,989.54 
26/10/2021T09:50:09Z,36,54,66,52.77,26.68,989.53 
26/10/2021T09:50:40Z,35,52,66,52.77,26.68,989.54 
26/10/2021T09:51:10Z,37,54,67,52.83,26.68,989.53 
26/10/2021T09:51:40Z,36,54,66,52.86,26.68,989.53 
26/10/2021T09:52:10Z,37,53,66,52.76,26.67,989.58 
26/10/2021T09:52:40Z,36,53,66,52.99,26.66,989.51 
26/10/2021T09:53:10Z,37,54,68,52.92,26.65,989.55 
26/10/2021T09:53:40Z,35,51,65,53.07,26.66,989.50 
26/10/2021T09:54:11Z,35,54,68,53.05,26.66,989.52 
26/10/2021T09:54:41Z,34,51,65,53.00,26.64,989.55 
26/10/2021T09:55:11Z,36,54,67,53.12,26.64,989.52 
26/10/2021T09:55:42Z,36,53,66,53.06,26.64,989.54 
26/10/2021T09:56:13Z,36,54,67,52.90,26.63,989.61 
26/10/2021T09:56:43Z,36,53,67,53.13,26.63,989.53 
26/10/2021T09:57:13Z,37,53,67,53.07,26.62,989.55 
26/10/2021T09:57:44Z,35,51,64,52.74,26.61,989.67 
26/10/2021T09:58:14Z,35,52,65,52.87,26.60,989.65 
26/10/2021T09:58:44Z,35,52,66,52.98,26.59,989.61 
26/10/2021T09:59:14Z,35,53,66,53.06,26.59,989.59 
26/10/2021T09:59:45Z,35,52,66,53.18,26.58,989.56 
26/10/2021T10:00:15Z,35,53,67,53.13,26.58,989.56 
26/10/2021T10:00:46Z,35,51,65,53.28,26.58,989.52 
26/10/2021T10:01:16Z,35,52,67,52.74,26.58,989.73 
26/10/2021T10:01:47Z,35,51,65,53.16,26.58,989.61 
26/10/2021T10:02:17Z,34,52,65,53.27,26.59,989.55 
26/10/2021T10:02:47Z,35,53,66,52.94,26.58,989.65 
26/10/2021T10:03:18Z,35,52,66,53.26,26.58,989.59 
26/10/2021T10:03:48Z,35,53,67,53.06,26.57,989.61 
26/10/2021T10:04:19Z,35,51,64,53.03,26.56,989.66 
26/10/2021T10:04:50Z,34,52,66,53.23,26.56,989.55 
26/10/2021T10:05:20Z,35,51,66,53.54,26.56,989.47 
26/10/2021T10:05:50Z,35,53,68,53.53,26.56,989.47 
26/10/2021T10:06:21Z,34,52,65,53.43,26.55,989.49 
26/10/2021T10:06:52Z,35,51,65,53.43,26.56,989.52 
26/10/2021T10:07:23Z,35,52,66,53.46,26.57,989.51 
26/10/2021T10:07:53Z,35,52,65,53.44,26.58,989.53 
26/10/2021T10:08:23Z,34,51,65,53.41,26.56,989.54 
26/10/2021T10:08:54Z,34,51,65,53.54,26.55,989.49 
26/10/2021T10:09:24Z,34,51,64,53.45,26.58,989.53 
26/10/2021T10:09:55Z,34,52,65,53.50,26.57,989.49 
26/10/2021T10:10:26Z,34,51,65,53.46,26.57,989.54 
26/10/2021T10:10:56Z,35,52,66,53.50,26.57,989.55 
26/10/2021T10:11:26Z,34,50,63,53.54,26.57,989.53 
26/10/2021T10:11:57Z,34,51,64,51.57,26.54,990.15 
26/10/2021T10:12:27Z,32,48,63,46.03,26.52,992.35 
26/10/2021T10:12:58Z,32,48,61,46.37,26.53,992.31 
26/10/2021T10:13:29Z,33,50,63,47.63,26.51,991.80 
26/10/2021T10:13:59Z,33,49,63,49.49,26.47,991.08 
26/10/2021T10:14:29Z,33,50,63,50.77,26.51,990.44 
26/10/2021T10:14:59Z,33,50,62,49.15,26.51,990.96 
26/10/2021T10:15:30Z,33,49,62,48.08,26.51,991.63 
26/10/2021T10:16:00Z,33,50,63,49.33,26.56,990.95 
26/10/2021T10:16:30Z,34,50,65,45.63,26.54,992.38 
26/10/2021T10:17:01Z,33,49,65,46.95,26.55,991.98 
26/10/2021T10:17:32Z,33,50,65,46.61,26.54,992.06 
26/10/2021T10:18:02Z,33,50,64,44.30,26.57,992.95 
26/10/2021T10:18:32Z,34,50,63,44.92,26.61,992.80 
26/10/2021T10:19:02Z,33,50,64,46.58,26.65,991.94 
26/10/2021T10:19:32Z,32,49,62,45.20,26.63,992.52 
26/10/2021T10:20:03Z,34,50,62,47.20,26.66,991.72 
26/10/2021T10:20:33Z,32,48,62,43.66,26.65,993.02 
26/10/2021T10:21:04Z,32,48,60,43.77,26.66,993.17 
26/10/2021T10:21:34Z,32,48,59,47.06,26.70,991.76 
26/10/2021T10:22:05Z,33,49,63,46.43,26.66,991.79 
26/10/2021T10:22:36Z,32,49,62,46.70,26.64,991.78 
26/10/2021T10:23:06Z,32,50,64,45.10,26.60,992.42 
26/10/2021T10:23:37Z,32,48,62,45.98,26.54,992.07 
26/10/2021T10:24:07Z,32,48,63,46.75,26.51,991.80 
26/10/2021T10:24:37Z,33,50,64,47.18,26.57,991.52 
26/10/2021T10:25:07Z,33,51,67,47.01,26.57,991.60 
26/10/2021T10:25:38Z,32,50,69,45.98,26.55,991.96 
26/10/2021T10:26:08Z,32,50,65,47.03,26.56,991.72 
26/10/2021T10:26:38Z,33,50,64,47.78,26.58,991.25 
26/10/2021T10:27:08Z,31,48,63,45.31,26.53,992.14 
26/10/2021T10:27:39Z,32,49,62,47.16,26.56,991.69 
26/10/2021T10:28:09Z,32,48,62,45.62,26.57,992.07 
26/10/2021T10:28:40Z,31,47,61,46.64,26.59,991.84 
26/10/2021T10:29:10Z,32,47,60,45.92,26.61,992.02 
26/10/2021T10:29:40Z,31,47,59,47.16,26.68,991.54 
26/10/2021T10:30:10Z,32,49,63,47.37,26.62,991.42 
26/10/2021T10:30:41Z,32,49,61,47.55,26.65,991.28 
26/10/2021T10:31:11Z,31,47,61,47.48,26.67,991.32 
26/10/2021T10:31:42Z,32,49,61,46.97,26.62,991.52 
26/10/2021T10:32:12Z,32,47,59,47.62,26.56,991.32 
26/10/2021T10:32:42Z,31,48,61,46.79,26.58,991.50 
26/10/2021T10:33:13Z,32,46,60,44.87,26.56,992.41 
26/10/2021T10:33:43Z,32,49,63,44.70,26.58,992.55 
26/10/2021T10:34:13Z,32,48,61,45.15,26.57,992.42 
26/10/2021T10:34:43Z,34,49,62,46.15,26.54,991.98 
26/10/2021T10:35:14Z,32,47,61,47.37,26.62,991.37 
26/10/2021T10:35:45Z,33,49,62,47.68,26.62,991.19 
26/10/2021T10:36:16Z,33,50,64,48.32,26.57,990.91 
26/10/2021T10:36:47Z,33,49,66,48.42,26.57,990.84 
26/10/2021T10:37:17Z,33,50,63,48.77,26.61,990.70 
26/10/2021T10:37:48Z,33,50,65,48.59,26.55,990.76 
26/10/2021T10:38:18Z,34,50,66,48.81,26.55,990.67 
26/10/2021T10:38:49Z,33,50,64,48.69,26.62,990.69 
26/10/2021T10:39:19Z,33,51,69,45.57,26.63,991.89 
26/10/2021T10:39:49Z,33,50,66,45.70,26.59,992.15 
26/10/2021T10:40:20Z,33,51,66,46.04,26.61,991.84 
26/10/2021T10:40:50Z,33,50,65,47.30,26.65,991.42 
26/10/2021T10:41:21Z,32,48,63,45.22,26.65,992.10 
26/10/2021T10:41:51Z,32,47,60,45.88,26.62,992.10 
26/10/2021T10:42:22Z,31,48,61,46.46,26.71,991.62 
26/10/2021T10:42:52Z,32,47,60,45.01,26.70,992.27 
26/10/2021T10:43:23Z,31,47,61,45.66,26.68,992.05 
26/10/2021T10:43:53Z,31,49,64,47.41,26.67,991.31 
26/10/2021T10:44:24Z,32,49,64,47.74,26.72,991.03 
26/10/2021T10:44:54Z,34,52,67,48.15,26.68,990.88 
26/10/2021T10:45:25Z,36,55,68,47.43,26.66,991.10 
26/10/2021T10:45:56Z,34,51,66,48.24,26.70,990.82 
26/10/2021T10:46:26Z,33,51,64,48.25,26.72,990.80 
26/10/2021T10:46:57Z,35,53,67,48.86,26.69,990.56 
26/10/2021T10:47:27Z,35,52,68,49.29,26.70,990.36 
26/10/2021T10:47:58Z,36,55,70,49.33,26.69,990.33 
26/10/2021T10:48:28Z,35,53,68,49.66,26.65,990.23 
26/10/2021T10:48:59Z,35,52,68,49.50,26.58,990.33 
26/10/2021T10:49:30Z,35,54,68,48.95,26.56,990.50 
26/10/2021T10:50:01Z,33,50,63,49.39,26.53,990.45 
26/10/2021T10:50:31Z,33,51,68,48.91,26.60,990.54 
26/10/2021T10:51:02Z,33,50,67,47.81,26.60,991.04 
26/10/2021T10:51:33Z,33,49,64,45.50,26.60,991.88 
26/10/2021T10:52:03Z,32,48,63,44.99,26.58,992.29 
26/10/2021T10:52:33Z,33,48,60,45.40,26.56,992.28 
26/10/2021T10:53:04Z,32,48,63,46.68,26.53,991.66 
26/10/2021T10:53:34Z,33,49,63,46.59,26.51,991.54 
26/10/2021T10:54:05Z,36,52,66,46.46,26.46,991.65 
26/10/2021T10:54:35Z,33,48,62,44.44,26.46,992.54 
26/10/2021T10:55:06Z,33,49,64,46.65,26.57,991.61 
26/10/2021T10:55:36Z,33,49,64,46.82,26.57,991.50 
26/10/2021T10:56:07Z,33,49,63,47.24,26.57,991.28 
26/10/2021T10:56:37Z,33,51,65,47.60,26.51,991.09 
26/10/2021T10:57:07Z,33,50,64,48.07,26.50,990.93 
26/10/2021T10:57:38Z,33,51,67,48.07,26.58,990.85 
26/10/2021T10:58:09Z,32,49,64,47.48,26.62,991.07 
26/10/2021T10:58:39Z,32,49,66,47.40,26.65,991.13 
26/10/2021T10:59:09Z,32,49,65,47.48,26.75,991.09 
26/10/2021T10:59:40Z,32,49,62,47.61,26.83,990.98 
26/10/2021T11:00:11Z,33,49,63,47.41,26.87,991.06 
26/10/2021T11:00:41Z,32,50,63,47.62,26.89,990.99 
26/10/2021T11:01:12Z,33,49,62,47.71,26.91,990.93 
26/10/2021T11:01:42Z,33,49,64,47.85,26.91,990.88 
26/10/2021T11:02:12Z,33,50,66,48.22,26.90,990.74 
26/10/2021T11:02:42Z,34,51,65,48.62,26.87,990.57 
26/10/2021T11:03:13Z,34,52,66,48.72,26.87,990.51 
26/10/2021T11:03:44Z,33,50,66,48.52,26.89,990.57 
26/10/2021T11:04:14Z,33,50,64,48.59,26.91,990.56 
26/10/2021T11:04:44Z,34,50,66,48.84,26.93,990.48 
26/10/2021T11:05:14Z,34,51,67,48.99,26.90,990.40 
26/10/2021T11:05:45Z,34,50,63,49.30,26.91,990.27 
26/10/2021T11:06:16Z,34,51,65,49.48,26.90,990.19 
26/10/2021T11:06:46Z,34,51,64,49.44,26.94,990.19 
26/10/2021T11:07:16Z,33,51,67,49.44,26.91,990.20 
26/10/2021T11:07:46Z,34,52,67,49.52,26.87,990.17 
26/10/2021T11:08:16Z,34,50,66,48.00,26.82,990.76 
26/10/2021T11:08:46Z,33,51,65,48.21,26.79,990.79 
26/10/2021T11:09:17Z,33,50,64,48.48,26.75,990.78 
26/10/2021T11:09:47Z,33,50,64,48.57,26.78,990.69 
26/10/2021T11:10:18Z,33,49,64,48.88,26.70,990.59 
26/10/2021T11:10:48Z,33,51,66,49.21,26.73,990.41 
26/10/2021T11:11:19Z,33,50,65,49.56,26.72,990.28 
26/10/2021T11:11:50Z,33,49,63,49.68,26.69,990.21 
26/10/2021T11:12:20Z,33,50,65,49.80,26.70,990.15 
26/10/2021T11:12:51Z,34,50,65,49.23,26.70,990.40 
26/10/2021T11:13:21Z,33,50,65,49.34,26.69,990.40 
26/10/2021T11:13:52Z,33,50,65,48.92,26.69,990.56 
26/10/2021T11:14:22Z,33,50,66,49.27,26.66,990.48 
26/10/2021T11:14:53Z,33,51,68,49.90,26.70,990.18 
26/10/2021T11:15:23Z,34,51,67,50.18,26.73,990.04 
26/10/2021T11:15:54Z,33,50,67,50.36,26.73,989.96 
26/10/2021T11:16:24Z,34,51,66,50.36,26.71,989.95 
26/10/2021T11:16:55Z,34,51,66,50.44,26.72,989.91 
26/10/2021T11:17:25Z,33,50,64,50.13,26.76,990.02 
26/10/2021T11:17:56Z,33,49,63,49.91,26.80,990.12 
26/10/2021T11:18:27Z,33,50,66,49.99,26.75,990.14 
26/10/2021T11:18:58Z,33,51,67,50.09,26.76,990.08 
26/10/2021T11:19:28Z,33,52,67,50.33,26.78,989.98 
26/10/2021T11:19:59Z,33,50,63,50.43,26.83,989.93 
26/10/2021T11:20:29Z,34,50,64,50.66,26.84,989.83 
26/10/2021T11:21:00Z,33,50,65,49.15,26.79,990.43 
26/10/2021T11:21:31Z,33,50,64,50.15,26.81,990.10 
26/10/2021T11:22:01Z,33,52,66,48.27,26.78,990.83 
26/10/2021T11:22:31Z,33,49,63,49.12,26.78,990.56 
26/10/2021T11:23:02Z,34,51,65,48.32,26.80,990.87 
26/10/2021T11:23:32Z,33,50,64,47.67,26.79,991.17 
26/10/2021T11:24:03Z,33,51,66,48.77,26.83,990.72 
26/10/2021T11:24:34Z,33,51,63,48.96,26.84,990.58 
26/10/2021T11:25:05Z,34,51,65,49.04,26.79,990.58 
26/10/2021T11:25:35Z,35,53,68,49.67,26.78,990.30 
26/10/2021T11:26:05Z,35,52,68,49.45,26.82,990.37 
26/10/2021T11:26:35Z,34,52,66,49.36,26.87,990.40 
26/10/2021T11:27:06Z,36,53,67,49.66,26.86,990.28 
26/10/2021T11:27:36Z,37,54,68,50.00,26.81,990.15 
26/10/2021T11:28:06Z,37,54,69,49.58,26.77,990.33 
26/10/2021T11:28:37Z,35,54,69,49.49,26.77,990.33 
26/10/2021T11:29:08Z,35,51,67,46.73,26.66,991.51 
26/10/2021T11:29:38Z,35,52,67,48.55,26.67,990.99 
26/10/2021T11:30:08Z,34,51,64,46.18,26.68,991.67 
26/10/2021T11:30:39Z,34,50,65,45.50,26.63,992.26 
26/10/2021T11:31:10Z,35,51,66,47.80,26.71,991.26 
26/10/2021T11:31:40Z,34,50,65,47.80,26.77,991.10 
26/10/2021T11:32:11Z,34,52,68,47.00,26.73,991.46 
26/10/2021T11:32:41Z,33,50,64,47.66,26.74,991.15 
26/10/2021T11:33:11Z,32,50,66,44.08,26.62,992.62 
26/10/2021T11:33:41Z,33,49,63,46.20,26.57,992.06 
26/10/2021T11:34:12Z,33,49,63,47.25,26.66,991.41 
26/10/2021T11:34:42Z,33,50,64,48.08,26.69,991.04 
26/10/2021T11:35:13Z,34,50,64,48.79,26.71,990.67 
26/10/2021T11:35:43Z,33,52,67,48.97,26.74,990.57 
26/10/2021T11:36:14Z,33,51,67,49.11,26.74,990.51 
26/10/2021T11:36:45Z,34,51,66,49.31,26.73,990.42 
26/10/2021T11:37:15Z,34,51,66,49.65,26.71,990.30 
26/10/2021T11:37:46Z,34,52,68,49.97,26.69,990.17 
26/10/2021T11:38:17Z,33,51,65,50.41,26.69,989.97 
26/10/2021T11:38:47Z,34,53,69,50.65,26.70,989.86 
26/10/2021T11:39:18Z,34,53,70,50.67,26.73,989.85 
26/10/2021T11:39:48Z,35,54,70,51.08,26.69,989.73 
26/10/2021T11:40:19Z,35,51,66,50.86,26.64,989.82 
26/10/2021T11:40:50Z,36,54,70,50.92,26.69,989.81 
26/10/2021T11:41:20Z,34,53,68,50.87,26.74,989.81 
26/10/2021T11:41:50Z,36,55,70,50.81,26.73,989.85 
26/10/2021T11:42:20Z,37,56,70,51.25,26.65,989.70 
26/10/2021T11:42:50Z,37,56,73,51.38,26.68,989.64 
26/10/2021T11:43:21Z,35,52,68,51.18,26.68,989.73 
26/10/2021T11:43:51Z,37,57,71,51.11,26.71,989.77 
26/10/2021T11:44:21Z,36,56,69,51.27,26.71,989.74 
26/10/2021T11:44:51Z,38,57,71,50.70,26.61,989.97 
26/10/2021T11:45:22Z,37,58,72,50.04,26.50,990.30 
26/10/2021T11:45:52Z,37,57,72,51.22,26.56,989.82 
26/10/2021T11:46:23Z,37,57,73,51.06,26.62,989.88 
26/10/2021T11:46:53Z,38,59,73,50.87,26.59,989.95 
26/10/2021T11:47:23Z,36,54,70,51.50,26.54,989.73 
26/10/2021T11:47:53Z,37,57,71,51.16,26.56,989.81 
26/10/2021T11:48:23Z,39,59,72,50.90,26.56,989.99 
26/10/2021T11:48:53Z,44,67,78,51.34,26.55,989.81 
26/10/2021T11:49:24Z,67,95,106,51.57,26.51,989.73 
26/10/2021T11:49:54Z,64,94,103,51.66,26.50,989.68 
26/10/2021T11:50:24Z,59,88,97,52.00,26.46,989.57 
26/10/2021T11:50:55Z,61,90,99,51.98,26.46,989.60 
26/10/2021T11:51:25Z,55,80,91,52.15,26.48,989.51 
26/10/2021T11:51:55Z,53,75,84,51.81,26.52,989.64 
26/10/2021T11:52:26Z,49,73,84,51.70,26.50,989.74 
26/10/2021T11:52:56Z,49,71,80,52.06,26.51,989.60 
26/10/2021T11:53:26Z,47,70,80,51.99,26.53,989.60 
26/10/2021T11:53:56Z,42,62,75,50.21,26.52,990.18 
26/10/2021T11:54:26Z,39,59,71,48.49,26.45,991.17 
26/10/2021T11:54:57Z,41,63,76,50.39,26.40,990.41 
26/10/2021T11:55:28Z,41,60,75,50.56,26.49,990.25 
26/10/2021T11:55:59Z,40,60,73,50.64,26.53,990.22 
26/10/2021T11:56:29Z,40,61,74,50.52,26.48,990.29 
26/10/2021T11:57:00Z,40,62,74,51.37,26.52,989.90 
26/10/2021T11:57:31Z,41,63,75,51.10,26.56,990.00 
26/10/2021T11:58:01Z,42,65,76,51.12,26.56,990.01 
26/10/2021T11:58:32Z,42,62,75,51.42,26.61,989.88 
26/10/2021T11:59:02Z,42,65,77,51.55,26.64,989.82 
26/10/2021T11:59:33Z,42,65,77,51.82,26.68,989.72 
26/10/2021T12:00:03Z,43,67,77,52.00,26.71,989.65 
26/10/2021T12:00:34Z,44,68,78,52.07,26.76,989.63 
26/10/2021T12:01:04Z,43,67,78,51.85,26.80,989.71 
26/10/2021T12:01:34Z,44,67,79,52.26,26.78,989.59 
26/10/2021T12:02:05Z,43,64,76,52.49,26.78,989.52 
26/10/2021T12:02:36Z,42,64,76,52.64,26.80,989.48 
26/10/2021T12:03:07Z,45,67,78,52.70,26.82,989.48 
26/10/2021T12:03:37Z,44,66,77,52.71,26.84,989.49 
26/10/2021T12:04:07Z,45,67,77,52.54,26.84,989.58 
26/10/2021T12:04:37Z,42,63,74,51.95,26.83,989.82 
26/10/2021T12:05:08Z,44,66,77,52.55,26.74,989.67 
26/10/2021T12:05:38Z,43,67,78,52.46,26.77,989.69 
26/10/2021T12:06:09Z,41,64,76,52.29,26.77,989.76 
26/10/2021T12:06:39Z,41,62,75,52.24,26.77,989.80 
26/10/2021T12:07:10Z,41,60,73,52.29,26.77,989.80 
26/10/2021T12:07:40Z,40,61,73,52.36,26.77,989.78 
26/10/2021T12:08:11Z,41,62,74,52.65,26.78,989.68 
26/10/2021T12:08:42Z,41,61,74,52.82,26.76,989.63 
26/10/2021T12:09:12Z,40,61,74,53.00,26.75,989.56 
26/10/2021T12:09:43Z,41,62,75,53.01,26.77,989.58 
26/10/2021T12:10:13Z,39,61,73,53.05,26.77,989.59 
26/10/2021T12:10:44Z,41,62,74,53.15,26.77,989.57 
26/10/2021T12:11:14Z,41,62,75,53.38,26.78,989.50 
26/10/2021T12:11:44Z,41,60,74,53.60,26.77,989.45 
26/10/2021T12:12:15Z,39,63,75,53.91,26.79,989.37 
26/10/2021T12:12:45Z,39,61,74,53.79,26.79,989.44 
26/10/2021T12:13:15Z,40,60,73,53.64,26.77,989.56 
26/10/2021T12:13:45Z,41,64,77,53.75,26.76,989.54 
26/10/2021T12:14:16Z,40,65,76,54.14,26.72,989.45 
26/10/2021T12:14:47Z,40,61,75,54.17,26.74,989.46 
26/10/2021T12:15:17Z,42,64,75,54.17,26.75,989.48 
26/10/2021T12:15:48Z,39,61,74,54.27,26.76,989.48 
26/10/2021T12:16:18Z,40,64,76,54.17,26.76,989.53 
26/10/2021T12:16:49Z,44,65,77,54.11,26.77,989.57 
26/10/2021T12:17:19Z,41,60,73,53.93,26.77,989.63 
26/10/2021T12:17:49Z,42,66,76,54.11,26.79,989.59 
26/10/2021T12:18:20Z,43,67,77,54.23,26.79,989.57 
26/10/2021T12:19:23Z,43,66,79,54.35,26.79,989.55 
26/10/2021T12:19:53Z,44,65,76,54.39,26.80,989.57 
26/10/2021T12:20:24Z,45,68,77,54.48,26.85,989.53 
26/10/2021T12:20:54Z,43,66,79,54.18,26.90,989.62 
26/10/2021T12:21:25Z,44,66,77,53.99,26.91,989.69 
26/10/2021T12:21:55Z,45,68,78,53.80,26.92,989.78 
26/10/2021T12:22:26Z,44,66,76,53.68,26.93,989.82 
26/10/2021T12:22:56Z,44,67,76,53.58,26.93,989.87 
26/10/2021T12:23:26Z,42,66,77,53.30,26.93,989.99 
26/10/2021T12:23:57Z,43,65,76,53.16,26.94,990.05 
26/10/2021T12:24:27Z,44,65,76,52.96,26.94,990.13 
26/10/2021T12:24:57Z,43,65,76,53.37,26.93,990.00 
26/10/2021T12:25:28Z,42,64,76,53.42,26.93,989.97 
26/10/2021T12:25:59Z,43,65,74,53.51,26.93,989.93 
26/10/2021T12:26:30Z,42,64,74,53.45,26.94,989.95 
26/10/2021T12:27:00Z,45,66,78,53.43,26.94,989.97 
26/10/2021T12:27:30Z,45,67,76,53.59,26.95,989.92 
26/10/2021T12:28:01Z,45,68,74,53.39,26.96,989.98 
26/10/2021T12:28:31Z,54,87,96,52.62,26.86,990.26 
26/10/2021T12:29:01Z,54,85,95,53.57,26.80,989.99 
26/10/2021T12:29:31Z,51,78,88,53.40,26.86,990.01 
26/10/2021T12:30:02Z,56,87,99,53.29,26.89,990.06 
26/10/2021T12:30:32Z,64,98,109,53.45,26.91,990.00 
26/10/2021T12:31:03Z,92,136,146,53.46,26.91,989.99 
26/10/2021T12:31:34Z,93,139,151,53.50,26.92,989.98 
26/10/2021T12:32:04Z,89,135,151,53.38,26.93,990.04 
26/10/2021T12:32:34Z,82,123,134,53.42,26.93,990.01 
26/10/2021T12:33:05Z,77,115,125,53.32,26.92,990.05 
26/10/2021T12:33:36Z,70,105,113,53.48,26.91,990.02 
26/10/2021T12:34:06Z,69,101,112,53.59,26.91,989.98 
26/10/2021T12:34:37Z,86,131,147,53.83,26.88,989.91 
26/10/2021T12:35:08Z,101,154,167,53.96,26.88,989.85 
26/10/2021T12:35:38Z,124,187,203,54.23,26.92,989.76 
26/10/2021T12:36:09Z,112,171,188,54.19,26.96,989.79 
26/10/2021T12:36:39Z,101,150,167,53.93,26.99,989.88 
26/10/2021T12:37:10Z,94,143,157,53.78,27.02,989.93 
26/10/2021T12:37:41Z,91,139,153,53.75,27.00,989.96 
26/10/2021T12:38:12Z,94,143,161,53.74,27.01,989.96 
26/10/2021T12:38:42Z,87,136,147,53.73,27.02,989.98 
26/10/2021T12:39:13Z,84,129,141,53.66,27.00,990.02 
26/10/2021T12:39:43Z,83,121,130,53.60,27.00,990.04 
26/10/2021T12:40:13Z,78,118,132,53.70,27.00,990.03 
26/10/2021T12:40:44Z,76,115,129,53.68,27.03,990.02 
26/10/2021T12:41:15Z,72,108,119,53.44,27.02,990.12 
26/10/2021T12:41:45Z,70,108,119,53.31,27.03,990.18 
26/10/2021T12:42:16Z,71,108,116,53.53,27.05,990.10 
26/10/2021T12:42:46Z,71,110,119,53.88,27.10,989.97 
26/10/2021T12:43:17Z,72,108,125,53.54,27.13,990.08 
26/10/2021T12:43:47Z,79,117,134,53.45,27.15,990.12 
26/10/2021T12:44:17Z,78,124,137,53.55,27.15,990.09 
26/10/2021T12:44:47Z,70,111,130,53.34,27.15,990.20 
26/10/2021T12:45:18Z,67,101,110,53.28,27.13,990.24 
26/10/2021T12:45:49Z,64,102,112,53.64,27.14,990.12 
26/10/2021T12:46:20Z,63,98,112,53.69,27.16,990.08 
26/10/2021T12:46:50Z,63,98,109,53.84,27.18,990.02 
26/10/2021T12:47:21Z,66,98,111,53.58,27.21,990.12 
26/10/2021T12:47:52Z,63,97,108,53.51,27.22,990.18 
26/10/2021T12:48:22Z,63,96,107,53.59,27.23,990.16 
26/10/2021T12:48:53Z,62,93,103,53.37,27.23,990.21 
26/10/2021T12:49:24Z,59,90,100,53.24,27.24,990.29 
26/10/2021T12:49:54Z,67,100,113,53.29,27.26,990.27 
26/10/2021T12:50:25Z,72,103,110,53.18,27.29,990.31 
26/10/2021T12:50:55Z,68,104,114,53.43,27.33,990.21 
26/10/2021T12:51:26Z,68,101,112,53.26,27.37,990.25 
26/10/2021T12:51:56Z,68,102,113,53.14,27.39,990.29 
26/10/2021T12:52:27Z,66,100,109,53.00,27.42,990.36 
26/10/2021T12:52:57Z,68,103,113,52.81,27.44,990.43 
26/10/2021T12:53:27Z,69,101,112,52.76,27.42,990.46 
26/10/2021T12:53:58Z,65,101,113,52.79,27.41,990.44 
26/10/2021T12:54:28Z,67,102,114,52.37,27.33,990.63 
26/10/2021T12:54:59Z,67,100,114,53.01,27.36,990.36 
26/10/2021T12:55:29Z,69,104,115,52.86,27.38,990.43 
26/10/2021T12:56:00Z,64,98,110,52.83,27.39,990.43 
26/10/2021T12:56:31Z,65,101,112,53.13,27.42,990.32 
26/10/2021T12:57:01Z,66,98,110,52.97,27.41,990.36 
26/10/2021T12:57:32Z,68,103,115,53.05,27.39,990.36 
26/10/2021T12:58:02Z,68,105,116,52.96,27.41,990.40 
26/10/2021T12:58:32Z,69,107,118,52.87,27.37,990.43 
26/10/2021T12:59:03Z,66,102,110,52.93,27.33,990.45 
26/10/2021T12:59:33Z,64,99,110,53.36,27.33,990.30 
26/10/2021T13:00:04Z,68,103,113,52.99,27.34,990.42 
26/10/2021T13:00:34Z,65,98,107,53.40,27.30,990.30 
26/10/2021T13:01:05Z,65,101,111,53.30,27.29,990.33 
26/10/2021T13:01:35Z,64,100,109,53.23,27.27,990.37 
26/10/2021T13:02:05Z,67,103,114,53.06,27.25,990.45 
26/10/2021T13:02:35Z,67,105,116,53.26,27.24,990.39 
26/10/2021T13:03:06Z,68,105,119,53.28,27.24,990.38 
26/10/2021T13:03:36Z,68,107,119,53.41,27.25,990.33 
26/10/2021T13:04:07Z,71,113,125,53.44,27.26,990.34 
26/10/2021T13:04:38Z,68,107,119,53.62,27.25,990.28 
26/10/2021T13:05:08Z,70,109,120,53.69,27.26,990.24 
26/10/2021T13:05:39Z,68,106,118,53.85,27.28,990.18 
26/10/2021T13:06:09Z,70,104,115,53.98,27.31,990.11 
26/10/2021T13:06:40Z,70,109,117,53.86,27.29,990.19 
26/10/2021T13:07:10Z,68,105,116,54.07,27.30,990.12 
26/10/2021T13:07:41Z,66,103,111,53.89,27.32,990.19 
26/10/2021T13:08:11Z,69,105,120,53.78,27.33,990.23 
26/10/2021T13:08:42Z,69,104,116,53.62,27.33,990.29 
26/10/2021T13:09:12Z,69,106,119,53.52,27.34,990.36 
26/10/2021T13:09:42Z,72,107,118,53.09,27.32,990.53 
26/10/2021T13:10:12Z,69,102,111,53.20,27.28,990.51 
26/10/2021T13:10:43Z,72,106,116,53.44,27.25,990.43 
26/10/2021T13:11:14Z,69,108,117,53.44,27.23,990.41 
26/10/2021T13:11:44Z,72,109,119,53.52,27.20,990.39 
26/10/2021T13:12:15Z,72,112,128,53.12,27.16,990.54 
26/10/2021T13:12:45Z,73,112,124,53.42,27.13,990.46 
26/10/2021T13:13:16Z,74,111,124,53.56,27.12,990.40 
26/10/2021T13:13:46Z,74,113,125,53.46,27.11,990.43 
26/10/2021T13:14:17Z,70,109,120,53.64,27.09,990.38 
26/10/2021T13:14:47Z,72,108,119,53.79,27.08,990.32 
26/10/2021T13:15:18Z,69,110,123,53.86,27.07,990.29 
26/10/2021T13:15:48Z,68,103,117,53.64,27.07,990.38 
26/10/2021T13:16:19Z,70,107,119,53.46,27.04,990.47 
26/10/2021T13:16:50Z,69,105,116,53.32,27.04,990.54 
26/10/2021T13:17:20Z,67,103,113,53.32,27.02,990.54 
26/10/2021T13:17:51Z,68,106,115,53.38,27.00,990.53 
26/10/2021T13:18:22Z,67,104,114,53.63,26.98,990.46 
26/10/2021T13:18:53Z,67,103,115,53.55,26.97,990.50 
26/10/2021T13:19:23Z,70,110,120,53.49,26.96,990.54 
26/10/2021T13:19:54Z,68,106,115,53.54,26.96,990.54 
26/10/2021T13:20:24Z,70,107,119,53.62,26.95,990.49 
26/10/2021T13:20:54Z,71,109,123,53.67,26.94,990.49 
26/10/2021T13:21:25Z,69,104,115,53.91,26.93,990.41 
26/10/2021T13:21:56Z,72,110,121,54.04,26.93,990.35 
26/10/2021T13:22:26Z,75,118,128,53.96,26.90,990.41 
26/10/2021T13:22:57Z,79,121,133,54.09,26.89,990.37 
26/10/2021T13:23:27Z,79,122,136,54.14,26.90,990.33 
26/10/2021T13:23:58Z,81,125,138,53.96,26.92,990.41 
26/10/2021T13:24:28Z,78,120,131,54.03,26.92,990.41 
26/10/2021T13:24:59Z,80,122,135,54.31,26.94,990.30 
26/10/2021T13:25:29Z,79,120,133,53.93,26.93,990.45 
26/10/2021T13:26:00Z,81,124,136,54.05,26.93,990.43 
26/10/2021T13:26:30Z,78,120,131,54.17,26.93,990.37 
26/10/2021T13:27:01Z,78,116,129,54.46,26.93,990.28 
26/10/2021T13:27:32Z,78,119,128,54.21,26.96,990.36 
26/10/2021T13:28:02Z,80,123,135,54.03,27.00,990.45 
26/10/2021T13:28:32Z,79,121,131,54.12,27.04,990.43 
26/10/2021T13:29:03Z,80,122,131,54.20,27.03,990.40 
26/10/2021T13:29:33Z,80,121,130,54.14,27.01,990.43 
26/10/2021T13:30:04Z,80,119,131,54.35,26.99,990.38 
26/10/2021T13:30:35Z,82,124,138,54.64,26.97,990.30 
26/10/2021T13:31:06Z,83,124,136,54.62,26.95,990.32 
26/10/2021T13:31:36Z,85,130,143,54.59,26.92,990.34 
26/10/2021T13:32:07Z,85,131,142,54.56,26.89,990.40 
26/10/2021T13:32:38Z,87,133,147,54.49,26.87,990.45 
26/10/2021T13:33:08Z,85,128,144,54.51,26.86,990.44 
26/10/2021T13:33:39Z,87,135,147,54.42,26.87,990.48 
26/10/2021T13:34:09Z,87,134,149,54.62,26.85,990.44 
26/10/2021T13:34:40Z,86,133,148,54.72,26.85,990.40 
26/10/2021T13:35:11Z,93,141,153,54.82,26.84,990.39 
26/10/2021T13:35:41Z,96,147,164,54.81,26.85,990.39 
26/10/2021T13:36:12Z,99,153,173,54.98,26.85,990.35 
26/10/2021T13:36:42Z,96,150,165,54.83,26.85,990.41 
26/10/2021T13:37:12Z,96,146,159,54.59,26.85,990.53 
26/10/2021T13:37:43Z,95,146,165,54.83,26.81,990.47 
26/10/2021T13:38:13Z,96,145,165,54.91,26.81,990.44 
26/10/2021T13:38:44Z,97,152,169,54.90,26.78,990.48 
26/10/2021T13:39:14Z,96,146,168,55.15,26.75,990.41 
26/10/2021T13:39:44Z,93,147,166,55.20,26.75,990.41 
26/10/2021T13:40:15Z,95,149,166,54.90,26.76,990.55 
26/10/2021T13:40:45Z,99,149,165,54.82,26.75,990.58 
26/10/2021T13:41:15Z,98,152,168,54.96,26.75,990.56 
26/10/2021T13:41:46Z,97,148,168,55.12,26.76,990.50 
26/10/2021T13:42:16Z,99,153,169,54.76,26.78,990.63 
26/10/2021T13:42:46Z,100,156,173,54.90,26.79,990.61 
26/10/2021T13:43:17Z,95,149,165,54.81,26.78,990.63 
26/10/2021T13:43:48Z,96,152,167,54.64,26.77,990.72 
26/10/2021T13:44:19Z,98,154,171,54.55,26.76,990.74 
26/10/2021T13:44:49Z,98,153,166,54.66,26.77,990.71 
26/10/2021T13:45:20Z,101,159,175,54.83,26.78,990.67 
26/10/2021T13:45:50Z,100,157,171,54.68,26.76,990.73 
26/10/2021T13:46:21Z,104,162,180,54.81,26.75,990.70 
26/10/2021T13:46:51Z,107,165,183,55.12,26.75,990.58 
26/10/2021T13:47:22Z,110,172,194,55.31,26.74,990.53 
26/10/2021T13:47:53Z,109,173,197,55.39,26.75,990.52 
26/10/2021T13:48:23Z,114,183,201,55.65,26.76,990.46 
26/10/2021T13:48:54Z,119,188,206,55.67,26.77,990.47 
26/10/2021T13:49:24Z,118,187,206,55.78,26.77,990.46 
26/10/2021T13:49:54Z,118,185,204,55.97,26.78,990.44 
26/10/2021T13:50:25Z,124,199,223,55.97,26.76,990.48 
26/10/2021T13:50:55Z,126,202,224,55.92,26.77,990.50 
26/10/2021T13:51:26Z,125,203,228,55.73,26.78,990.58 
26/10/2021T13:51:57Z,126,202,224,55.83,26.78,990.56 
26/10/2021T13:52:27Z,124,201,220,55.77,26.77,990.58 
26/10/2021T13:52:57Z,124,200,224,55.98,26.76,990.52 
26/10/2021T13:53:28Z,121,198,216,56.06,26.75,990.52 
26/10/2021T13:53:58Z,125,201,223,55.99,26.73,990.56 
26/10/2021T13:54:29Z,126,201,222,56.03,26.72,990.58 
26/10/2021T13:54:59Z,123,196,228,56.00,26.72,990.60 
26/10/2021T13:55:30Z,126,198,223,56.10,26.68,990.59 
26/10/2021T13:56:00Z,126,200,227,56.37,26.66,990.53 
26/10/2021T13:56:31Z,125,198,227,56.75,26.65,990.47 
26/10/2021T13:57:02Z,125,197,220,56.83,26.63,990.50 
26/10/2021T13:57:32Z,123,192,218,57.01,26.64,990.49 
26/10/2021T13:58:03Z,120,192,219,56.88,26.66,990.55 
26/10/2021T13:58:33Z,125,200,222,56.75,26.65,990.60 
26/10/2021T13:59:04Z,128,202,223,56.65,26.67,990.65 
26/10/2021T13:59:35Z,126,196,223,56.53,26.68,990.69 
26/10/2021T14:00:06Z,125,198,223,56.17,26.68,990.79 
26/10/2021T14:00:36Z,125,196,221,56.14,26.66,990.82 
26/10/2021T14:01:05Z,126,197,219,56.34,26.67,990.75 
26/10/2021T14:01:36Z,124,191,212,56.27,26.69,990.76 
26/10/2021T14:02:06Z,124,189,210,56.08,26.69,990.83 
26/10/2021T14:02:36Z,121,187,204,55.61,26.69,990.96 
26/10/2021T14:03:07Z,118,182,202,55.21,26.68,991.09 
26/10/2021T14:03:37Z,117,184,202,55.33,26.66,991.06 
26/10/2021T14:04:07Z,114,181,201,55.39,26.66,991.03 
26/10/2021T14:04:38Z,114,175,189,55.37,26.64,991.06 
26/10/2021T14:05:08Z,112,173,191,55.29,26.65,991.06 
26/10/2021T14:05:39Z,113,173,193,54.92,26.67,991.20 
26/10/2021T14:06:09Z,108,166,180,54.99,26.65,991.17 
26/10/2021T14:06:39Z,108,165,187,54.65,26.63,991.30 
26/10/2021T14:07:10Z,106,160,178,54.42,26.64,991.40 
26/10/2021T14:07:40Z,108,166,184,55.09,26.66,991.13 
26/10/2021T14:08:11Z,114,177,194,55.07,26.67,991.13 
26/10/2021T14:08:42Z,125,190,208,55.21,26.68,991.07 
26/10/2021T14:09:13Z,135,203,222,55.37,26.69,991.02 
26/10/2021T14:09:43Z,130,198,222,54.93,26.69,991.17 
26/10/2021T14:10:14Z,123,192,213,54.94,26.71,991.19 
26/10/2021T14:10:44Z,115,178,204,54.95,26.73,991.18 
26/10/2021T14:11:14Z,113,169,187,54.99,26.73,991.17 
26/10/2021T14:11:45Z,107,168,185,54.90,26.76,991.18 
26/10/2021T14:12:16Z,103,154,172,54.60,26.79,991.29 
26/10/2021T14:12:47Z,104,158,176,54.43,26.81,991.32 
26/10/2021T14:13:17Z,95,147,165,53.81,26.79,991.57 
26/10/2021T14:13:47Z,96,149,165,53.68,26.73,991.63 
26/10/2021T14:14:18Z,93,143,159,53.70,26.70,991.62 
26/10/2021T14:14:49Z,94,145,159,54.64,26.70,991.26 
26/10/2021T14:15:19Z,92,141,155,54.28,26.71,991.38 
26/10/2021T14:15:50Z,91,137,151,54.35,26.71,991.35 
26/10/2021T14:16:20Z,91,137,154,54.26,26.65,991.40 
26/10/2021T14:16:51Z,91,141,158,54.72,26.67,991.24 
26/10/2021T14:17:21Z,94,141,162,54.80,26.70,991.21 
26/10/2021T14:17:52Z,95,144,159,54.65,26.69,991.27 
26/10/2021T14:18:23Z,93,138,151,54.96,26.69,991.14 
26/10/2021T14:18:53Z,94,143,156,54.74,26.72,991.21 
26/10/2021T14:19:23Z,94,144,157,54.86,26.73,991.19 
26/10/2021T14:19:54Z,92,138,153,55.02,26.72,991.12 
26/10/2021T14:20:24Z,94,143,155,55.00,26.73,991.14 
26/10/2021T14:20:54Z,89,135,148,55.01,26.75,991.14 
26/10/2021T14:21:25Z,92,138,151,54.97,26.77,991.15 
26/10/2021T14:21:55Z,91,138,156,54.67,26.77,991.26 
26/10/2021T14:22:26Z,91,136,153,54.83,26.77,991.22 
26/10/2021T14:22:56Z,88,135,153,54.56,26.79,991.29 
26/10/2021T14:23:26Z,89,135,148,54.63,26.80,991.28 
26/10/2021T14:23:56Z,90,133,150,54.72,26.83,991.25 
26/10/2021T14:24:27Z,89,135,151,54.65,26.84,991.26 
26/10/2021T14:24:57Z,92,139,152,54.66,26.85,991.25 
26/10/2021T14:25:27Z,93,137,150,54.03,26.85,991.47 
26/10/2021T14:25:58Z,93,135,146,53.80,26.85,991.60 
26/10/2021T14:26:28Z,92,132,145,53.92,26.86,991.53 
26/10/2021T14:26:59Z,92,136,147,54.04,26.84,991.49 
26/10/2021T14:27:30Z,91,138,149,53.89,26.81,991.57 
26/10/2021T14:28:00Z,90,138,150,53.89,26.73,991.56 
26/10/2021T14:28:31Z,86,128,141,54.89,26.64,991.27 
26/10/2021T14:29:01Z,88,134,144,54.62,26.68,991.31 
26/10/2021T14:29:31Z,85,129,145,54.36,26.68,991.43 
26/10/2021T14:30:02Z,84,127,137,54.11,26.68,991.53 
26/10/2021T14:30:32Z,83,127,138,54.25,26.69,991.50 
26/10/2021T14:31:03Z,84,129,141,54.16,26.69,991.52 
26/10/2021T14:31:33Z,86,131,143,54.46,26.70,991.38 
26/10/2021T14:32:04Z,86,132,145,54.48,26.72,991.37 
26/10/2021T14:32:34Z,83,127,139,54.34,26.72,991.42 
26/10/2021T14:33:05Z,84,125,137,54.13,26.71,991.53 
26/10/2021T14:33:35Z,85,126,137,54.09,26.70,991.53 
26/10/2021T14:34:06Z,83,122,136,53.81,26.70,991.67 
26/10/2021T14:34:37Z,82,123,136,54.28,26.68,991.50 
26/10/2021T14:35:08Z,84,127,140,54.33,26.67,991.47 
26/10/2021T14:35:39Z,79,119,130,54.20,26.67,991.53 
26/10/2021T14:36:09Z,82,122,135,54.18,26.67,991.52 
26/10/2021T14:36:40Z,82,123,137,54.28,26.67,991.51 
26/10/2021T14:37:10Z,82,122,132,54.31,26.66,991.51 
26/10/2021T14:37:40Z,81,123,131,54.12,26.67,991.57 
26/10/2021T14:38:11Z,82,122,135,54.10,26.63,991.59 
26/10/2021T14:38:41Z,80,119,132,54.45,26.61,991.49 
26/10/2021T14:39:11Z,77,119,133,54.61,26.63,991.41 
26/10/2021T14:39:41Z,79,120,130,54.44,26.58,991.48 
26/10/2021T14:40:12Z,80,118,130,54.94,26.55,991.35 
26/10/2021T14:40:42Z,77,117,131,54.99,26.58,991.30 
26/10/2021T14:41:12Z,78,118,129,55.27,26.60,991.18 
26/10/2021T14:41:43Z,75,114,125,54.89,26.66,991.32 
26/10/2021T14:42:14Z,75,115,131,54.89,26.68,991.34 
26/10/2021T14:42:44Z,76,115,131,54.91,26.68,991.33 
26/10/2021T14:43:14Z,75,115,128,54.99,26.68,991.30 
26/10/2021T14:43:44Z,77,115,128,55.06,26.69,991.30 
26/10/2021T14:44:15Z,75,115,127,55.21,26.72,991.26 
26/10/2021T14:44:45Z,78,118,130,55.04,26.71,991.31 
26/10/2021T14:45:15Z,79,120,130,55.09,26.69,991.33 
26/10/2021T14:45:45Z,79,120,137,55.28,26.68,991.28 
26/10/2021T14:46:15Z,77,118,131,55.39,26.68,991.25 
26/10/2021T14:46:46Z,79,117,130,55.44,26.67,991.28 
26/10/2021T14:47:16Z,79,118,129,55.89,26.68,991.12 
26/10/2021T14:47:46Z,79,119,134,56.15,26.71,991.07 
26/10/2021T14:48:17Z,81,119,130,56.02,26.73,991.13 
26/10/2021T14:48:47Z,78,121,137,55.99,26.73,991.15 
26/10/2021T14:49:17Z,82,123,140,56.20,26.72,991.12 
26/10/2021T14:49:48Z,85,126,141,56.21,26.70,991.14 
26/10/2021T14:50:19Z,88,135,147,56.46,26.68,991.09 
26/10/2021T14:50:50Z,101,150,167,56.62,26.66,991.07 
26/10/2021T14:51:20Z,105,156,166,56.69,26.65,991.08 
26/10/2021T14:51:50Z,100,148,162,56.83,26.66,991.07 
26/10/2021T14:52:22Z,99,148,159,56.96,26.66,991.07 
26/10/2021T14:52:52Z,101,148,159,57.06,26.68,991.04 
26/10/2021T14:53:22Z,119,173,189,57.07,26.66,991.09 
26/10/2021T14:53:52Z,118,170,184,56.80,26.67,991.18 
26/10/2021T14:54:23Z,108,154,169,56.59,26.67,991.27 
26/10/2021T14:54:53Z,99,147,161,56.49,26.68,991.28 
26/10/2021T14:55:24Z,95,139,152,56.35,26.69,991.33 
26/10/2021T14:55:54Z,91,133,147,56.46,26.68,991.31 
26/10/2021T14:56:25Z,93,135,154,56.75,26.68,991.23 
26/10/2021T14:56:55Z,90,133,151,56.79,26.70,991.20 
26/10/2021T14:57:26Z,87,132,146,56.86,26.70,991.20 
26/10/2021T14:57:56Z,88,129,140,56.98,26.70,991.17 
26/10/2021T14:58:27Z,85,129,142,56.92,26.68,991.21 
26/10/2021T14:58:58Z,87,129,145,56.94,26.68,991.22 
26/10/2021T14:59:28Z,84,127,136,57.14,26.68,991.18 
26/10/2021T14:59:58Z,81,126,141,56.93,26.65,991.26 
26/10/2021T15:00:28Z,85,128,143,56.78,26.64,991.33 
26/10/2021T15:00:59Z,84,128,145,56.92,26.66,991.27 
26/10/2021T15:01:30Z,83,126,136,56.83,26.69,991.31 
26/10/2021T15:02:00Z,84,126,138,56.76,26.74,991.32 
26/10/2021T15:02:31Z,85,126,137,56.42,26.79,991.41 
26/10/2021T15:03:01Z,84,125,139,56.25,26.83,991.46 
26/10/2021T15:03:32Z,85,127,140,56.47,26.85,991.40 
26/10/2021T15:04:03Z,84,128,144,56.44,26.85,991.40 
26/10/2021T15:04:33Z,87,134,150,56.65,26.86,991.33 
26/10/2021T15:05:03Z,87,132,153,56.66,26.86,991.33 
26/10/2021T15:05:33Z,89,135,152,56.77,26.86,991.30 
26/10/2021T15:06:04Z,88,134,150,56.72,26.87,991.31 
26/10/2021T15:06:34Z,89,135,151,56.66,26.87,991.35 
26/10/2021T15:07:05Z,90,135,150,56.83,26.88,991.29 
26/10/2021T15:07:36Z,89,133,147,56.87,26.87,991.30 
26/10/2021T15:08:06Z,88,134,149,57.06,26.86,991.27 
26/10/2021T15:08:37Z,91,137,156,57.04,26.89,991.27 
26/10/2021T15:09:07Z,91,136,157,57.00,26.90,991.29 
26/10/2021T15:09:37Z,95,144,165,57.12,26.89,991.26 
26/10/2021T15:10:08Z,95,142,163,57.12,26.86,991.29 
26/10/2021T15:10:38Z,94,142,159,57.31,26.82,991.25 
26/10/2021T15:11:09Z,94,141,154,57.48,26.79,991.25 
26/10/2021T15:11:40Z,94,142,156,57.69,26.77,991.23 
26/10/2021T15:12:11Z,96,148,166,57.73,26.75,991.25 
26/10/2021T15:12:42Z,98,151,170,57.97,26.69,991.23 
26/10/2021T15:13:12Z,98,151,170,58.15,26.62,991.22 
26/10/2021T15:13:43Z,103,158,186,58.38,26.59,991.23 
26/10/2021T15:14:14Z,106,164,184,58.57,26.58,991.24 
26/10/2021T15:14:44Z,114,175,202,58.60,26.57,991.27 
26/10/2021T15:15:15Z,121,184,211,58.67,26.54,991.29 
26/10/2021T15:15:45Z,119,186,207,58.93,26.58,991.27 
26/10/2021T15:16:16Z,124,192,221,58.99,26.60,991.30 
26/10/2021T15:16:46Z,131,206,231,58.96,26.57,991.33 
26/10/2021T15:17:17Z,131,205,234,58.90,26.55,991.35 
26/10/2021T15:17:48Z,127,201,226,58.87,26.52,991.38 
26/10/2021T15:18:19Z,130,198,223,58.93,26.51,991.38 
26/10/2021T15:18:49Z,135,209,237,58.90,26.47,991.40 
26/10/2021T15:19:20Z,133,209,240,59.03,26.48,991.40 
26/10/2021T15:19:50Z,134,205,231,58.90,26.52,991.44 
26/10/2021T15:20:21Z,132,205,233,58.70,26.56,991.49 
26/10/2021T15:20:52Z,129,199,229,58.61,26.58,991.51 
26/10/2021T15:21:22Z,128,196,226,58.56,26.61,991.52 
26/10/2021T15:21:52Z,130,197,218,58.60,26.61,991.52 
26/10/2021T15:22:22Z,127,194,215,58.57,26.62,991.54 
26/10/2021T15:22:53Z,124,190,209,58.72,26.65,991.50 
26/10/2021T15:23:23Z,125,190,209,58.45,26.65,991.57 
26/10/2021T15:23:53Z,122,189,209,58.43,26.64,991.58 
26/10/2021T15:24:23Z,123,186,210,58.45,26.65,991.57 
26/10/2021T15:24:54Z,129,195,215,58.36,26.64,991.60 
26/10/2021T15:25:25Z,143,217,249,58.09,26.59,991.66 
26/10/2021T15:25:55Z,136,210,237,57.81,26.56,991.73 
26/10/2021T15:26:26Z,135,205,232,57.96,26.54,991.68 
26/10/2021T15:26:56Z,131,200,224,58.06,26.49,991.66 
26/10/2021T15:27:27Z,129,198,220,58.41,26.49,991.57 
26/10/2021T15:27:58Z,128,193,215,58.10,26.48,991.66 
26/10/2021T15:28:28Z,126,191,218,57.71,26.48,991.75 
26/10/2021T15:28:58Z,124,193,218,57.48,26.45,991.80 
26/10/2021T15:29:29Z,139,224,257,57.63,26.41,991.76 
26/10/2021T15:29:59Z,132,206,230,57.76,26.40,991.72 
26/10/2021T15:30:30Z,127,202,228,57.65,26.41,991.74 
26/10/2021T15:31:00Z,120,189,213,57.43,26.41,991.81 
26/10/2021T15:31:31Z,124,198,225,57.39,26.42,991.80 
26/10/2021T15:32:01Z,130,215,242,57.42,26.42,991.79 
26/10/2021T15:32:31Z,123,196,221,57.36,26.35,991.81 
26/10/2021T15:33:02Z,115,176,199,57.64,26.39,991.73 
26/10/2021T15:33:32Z,119,184,211,57.43,26.44,991.75 
26/10/2021T15:34:03Z,109,173,192,57.12,26.47,991.84 
26/10/2021T15:34:34Z,112,173,192,57.26,26.50,991.80 
26/10/2021T15:35:04Z,109,167,186,57.28,26.52,991.78 
26/10/2021T15:35:35Z,105,160,177,57.31,26.53,991.77 
26/10/2021T15:36:05Z,104,153,170,56.97,26.53,991.87 
26/10/2021T15:36:36Z,104,152,172,56.84,26.55,991.91 
26/10/2021T15:37:07Z,104,156,173,56.86,26.53,991.90 
26/10/2021T15:37:37Z,112,170,186,56.90,26.50,991.89 
26/10/2021T15:38:07Z,116,171,187,56.79,26.48,991.92 
26/10/2021T15:38:37Z,110,168,191,57.01,26.38,991.88 
26/10/2021T15:39:08Z,111,164,181,57.57,26.39,991.73 
26/10/2021T15:39:38Z,108,163,184,57.21,26.45,991.83 
26/10/2021T15:40:09Z,109,164,180,57.20,26.49,991.82 
26/10/2021T15:40:40Z,110,160,177,57.14,26.50,991.85 
26/10/2021T15:41:10Z,105,160,182,57.16,26.53,991.84 
26/10/2021T15:41:41Z,104,158,178,57.33,26.52,991.80 
26/10/2021T15:42:12Z,103,157,173,57.36,26.51,991.79 
26/10/2021T15:42:42Z,100,148,165,57.50,26.46,991.77 
26/10/2021T15:43:12Z,100,150,166,57.38,26.48,991.82 
26/10/2021T15:43:43Z,99,149,168,57.41,26.46,991.83 
26/10/2021T15:44:13Z,102,153,168,57.24,26.46,991.88 
26/10/2021T15:44:44Z,101,153,172,57.25,26.40,991.88 
26/10/2021T15:45:15Z,105,158,179,57.49,26.35,991.82 
26/10/2021T15:45:45Z,107,158,179,57.41,26.39,991.84 
26/10/2021T15:46:16Z,104,155,174,57.25,26.42,991.90 
26/10/2021T15:46:47Z,105,155,171,57.11,26.45,991.92 
26/10/2021T15:47:17Z,104,159,177,57.05,26.46,991.94 
26/10/2021T15:47:48Z,107,162,178,57.07,26.44,991.94 
26/10/2021T15:48:19Z,102,153,181,57.24,26.40,991.90 
26/10/2021T15:48:49Z,104,157,176,57.41,26.38,991.86 
26/10/2021T15:49:19Z,108,162,181,57.41,26.36,991.87 
26/10/2021T15:49:49Z,105,154,176,57.47,26.35,991.85 
26/10/2021T15:50:20Z,105,156,175,57.62,26.32,991.83 
26/10/2021T15:50:51Z,102,154,174,57.74,26.33,991.80 
26/10/2021T15:51:21Z,99,152,178,57.78,26.33,991.80 
26/10/2021T15:51:52Z,101,154,173,57.93,26.30,991.78 
26/10/2021T15:52:22Z,101,153,171,58.08,26.27,991.76 
26/10/2021T15:52:53Z,101,156,179,58.29,26.22,991.73 
26/10/2021T15:53:23Z,101,156,174,58.48,26.20,991.72 
26/10/2021T15:53:53Z,104,161,178,58.57,26.23,991.71 
26/10/2021T15:54:23Z,104,159,183,58.76,26.22,991.70 
26/10/2021T15:54:54Z,107,163,188,58.80,26.24,991.70 
26/10/2021T15:55:25Z,111,168,195,58.83,26.22,991.71 
26/10/2021T15:55:55Z,112,170,192,58.68,26.20,991.76 
26/10/2021T15:56:26Z,111,169,190,58.77,26.11,991.75 
26/10/2021T15:56:56Z,106,165,187,58.74,26.12,991.77 
26/10/2021T15:57:27Z,107,165,188,58.78,26.11,991.78 
26/10/2021T15:57:58Z,109,167,189,59.02,26.10,991.72 
26/10/2021T15:58:28Z,109,166,188,59.02,26.13,991.74 
26/10/2021T15:58:59Z,108,164,187,58.94,26.15,991.78 
26/10/2021T15:59:29Z,114,167,194,58.92,26.15,991.78 
26/10/2021T15:59:59Z,115,171,197,58.82,26.18,991.81 
26/10/2021T16:00:30Z,112,167,190,58.89,26.20,991.80 
26/10/2021T16:01:01Z,110,166,189,58.96,26.20,991.78 
26/10/2021T16:01:31Z,109,163,188,58.96,26.23,991.77 
26/10/2021T16:02:02Z,109,167,186,58.95,26.25,991.78 
26/10/2021T16:02:32Z,107,166,188,58.84,26.26,991.81 
26/10/2021T16:03:03Z,108,164,193,58.96,26.28,991.78 
26/10/2021T16:03:33Z,106,166,195,58.88,26.29,991.80 
26/10/2021T16:04:04Z,106,163,187,58.80,26.30,991.81 
26/10/2021T16:04:35Z,107,162,185,58.84,26.31,991.80 
26/10/2021T16:05:05Z,116,181,200,58.66,26.31,991.85 
26/10/2021T16:05:36Z,121,184,209,59.01,26.29,991.76 
26/10/2021T16:06:07Z,117,181,205,59.23,26.20,991.74 
26/10/2021T16:06:37Z,121,189,223,59.23,26.19,991.75 
26/10/2021T16:07:08Z,119,180,204,59.46,26.19,991.72 
26/10/2021T16:07:38Z,116,179,208,59.32,26.21,991.77 
26/10/2021T16:08:08Z,114,179,208,59.31,26.22,991.78 
26/10/2021T16:08:39Z,115,181,206,59.32,26.21,991.78 
26/10/2021T16:09:09Z,112,174,199,59.25,26.16,991.81 
26/10/2021T16:09:40Z,108,162,188,59.40,26.16,991.78 
26/10/2021T16:10:10Z,110,170,194,59.14,26.18,991.86 
26/10/2021T16:10:41Z,118,185,206,59.22,26.10,991.85 
26/10/2021T16:11:11Z,119,188,213,59.37,26.07,991.83 
26/10/2021T16:11:42Z,132,209,233,59.51,26.05,991.81 
26/10/2021T16:12:13Z,135,214,236,59.62,26.03,991.80 
26/10/2021T16:12:43Z,142,224,248,59.54,26.03,991.84 
26/10/2021T16:13:13Z,138,226,256,59.61,25.95,991.85 
26/10/2021T16:13:44Z,130,207,234,59.61,25.96,991.84 
26/10/2021T16:14:14Z,134,206,236,59.41,25.99,991.89 
26/10/2021T16:14:44Z,134,217,249,59.24,26.03,991.92 
26/10/2021T16:15:15Z,131,208,235,59.07,26.09,991.93 
26/10/2021T16:15:45Z,130,199,224,58.84,26.15,991.96 
26/10/2021T16:16:16Z,130,204,227,58.64,26.21,991.98 
26/10/2021T16:16:47Z,130,202,225,58.51,26.24,992.00 
26/10/2021T16:17:17Z,133,207,227,58.39,26.28,992.01 
26/10/2021T16:17:47Z,131,208,230,58.26,26.31,992.03 
26/10/2021T16:18:18Z,132,210,237,58.19,26.34,992.02 
26/10/2021T16:18:48Z,129,195,219,58.14,26.35,992.02 
26/10/2021T16:19:18Z,130,200,229,58.00,26.38,992.03 
26/10/2021T16:19:49Z,128,196,223,57.93,26.40,992.03 
26/10/2021T16:20:19Z,129,196,219,57.86,26.42,992.03 
26/10/2021T16:20:49Z,129,200,225,57.85,26.43,992.03 
26/10/2021T16:21:20Z,130,202,231,57.79,26.44,992.03 
26/10/2021T16:21:51Z,128,198,225,57.75,26.45,992.04 
26/10/2021T16:22:21Z,127,196,215,57.67,26.47,992.05 
26/10/2021T16:22:51Z,128,189,213,57.66,26.47,992.05 
26/10/2021T16:23:22Z,128,193,217,57.71,26.47,992.02 
26/10/2021T16:23:52Z,124,193,221,57.72,26.46,992.01 
26/10/2021T16:24:22Z,126,189,206,57.74,26.46,992.00 
26/10/2021T16:24:52Z,122,188,208,57.67,26.47,992.03 
26/10/2021T16:25:22Z,122,190,214,57.62,26.48,992.03 
26/10/2021T16:25:53Z,124,187,204,57.57,26.49,992.04 
26/10/2021T16:26:23Z,120,185,204,57.58,26.48,992.03 
26/10/2021T16:26:53Z,122,188,210,57.57,26.48,992.03 
26/10/2021T16:27:24Z,123,184,199,57.53,26.49,992.04 
26/10/2021T16:27:55Z,125,189,209,57.52,26.49,992.05 
26/10/2021T16:28:26Z,123,184,198,57.52,26.49,992.04 
26/10/2021T16:28:56Z,121,183,200,57.47,26.49,992.05 
26/10/2021T16:29:27Z,118,179,203,57.57,26.49,992.01 
26/10/2021T16:29:58Z,121,182,201,57.67,26.46,991.98 
26/10/2021T16:30:29Z,119,181,199,57.55,26.47,992.02 
26/10/2021T16:30:59Z,117,174,196,57.55,26.47,992.03 
26/10/2021T16:31:29Z,118,176,196,57.55,26.46,992.02 
26/10/2021T16:32:00Z,117,175,195,57.55,26.46,992.01 
26/10/2021T16:32:30Z,115,176,193,57.60,26.46,991.99 
26/10/2021T16:33:01Z,118,178,198,57.63,26.45,991.99 
26/10/2021T16:33:31Z,118,177,195,57.58,26.45,992.01 
26/10/2021T16:34:01Z,114,173,190,57.54,26.45,992.03 
26/10/2021T16:34:32Z,113,172,191,57.64,26.43,992.01 
26/10/2021T16:35:03Z,113,171,185,57.62,26.43,992.00 
26/10/2021T16:35:33Z,116,174,191,57.67,26.42,991.98 
26/10/2021T16:36:03Z,114,173,185,57.63,26.43,992.01 
26/10/2021T16:36:33Z,112,170,182,57.65,26.43,992.01 
26/10/2021T16:37:04Z,115,169,183,57.69,26.42,991.99 
26/10/2021T16:37:35Z,116,174,192,57.70,26.42,991.97 
26/10/2021T16:38:05Z,113,172,188,57.68,26.42,991.98 
26/10/2021T16:38:35Z,114,175,190,57.68,26.42,991.99 
26/10/2021T16:39:06Z,115,172,193,57.69,26.42,991.99 
26/10/2021T16:39:36Z,113,170,186,57.65,26.42,992.01 
26/10/2021T16:40:07Z,114,169,187,57.73,26.41,991.98 
26/10/2021T16:40:37Z,112,167,187,57.72,26.41,991.99 
26/10/2021T16:41:07Z,112,169,183,57.71,26.40,991.99 
26/10/2021T16:41:38Z,111,166,183,57.73,26.40,992.00 
26/10/2021T16:42:08Z,108,165,182,57.74,26.39,991.99 
26/10/2021T16:42:39Z,110,168,180,57.73,26.39,992.01 
26/10/2021T16:43:09Z,113,167,184,57.85,26.38,991.98 
26/10/2021T16:43:40Z,112,163,185,57.90,26.37,991.96 
26/10/2021T16:44:10Z,109,163,179,57.98,26.35,991.95 
26/10/2021T16:44:40Z,108,164,180,57.84,26.36,991.97 
26/10/2021T16:45:10Z,112,167,180,57.78,26.38,991.98 
26/10/2021T16:45:40Z,110,167,185,57.83,26.38,991.98 
26/10/2021T16:46:10Z,109,163,178,57.90,26.36,991.95 
26/10/2021T16:46:41Z,111,161,179,57.80,26.37,991.99 
26/10/2021T16:47:11Z,109,164,181,57.84,26.37,991.99 
26/10/2021T16:47:42Z,107,161,181,57.87,26.36,991.96 
26/10/2021T16:48:12Z,109,161,183,57.95,26.35,991.95 
26/10/2021T16:48:42Z,110,160,180,57.95,26.35,991.96 
26/10/2021T16:49:13Z,109,158,172,58.03,26.34,991.94 
26/10/2021T16:49:43Z,107,157,176,57.98,26.34,991.95 
26/10/2021T16:50:14Z,105,157,177,57.92,26.35,991.96 
26/10/2021T16:50:44Z,109,159,174,57.93,26.35,991.96 
26/10/2021T16:51:15Z,109,164,180,57.95,26.33,991.95 
26/10/2021T16:51:45Z,106,158,174,57.95,26.34,991.95 
26/10/2021T16:52:16Z,109,160,179,58.05,26.32,991.92 
26/10/2021T16:52:46Z,108,163,182,57.98,26.33,991.95 
26/10/2021T16:53:16Z,107,160,174,58.03,26.32,991.94 
26/10/2021T16:53:47Z,108,159,177,58.03,26.32,991.94 
26/10/2021T16:54:17Z,107,160,174,58.12,26.31,991.91 
26/10/2021T16:54:48Z,108,161,177,58.13,26.30,991.92 
26/10/2021T16:55:18Z,107,159,174,58.10,26.30,991.94 
26/10/2021T16:55:48Z,108,160,176,58.13,26.30,991.92 
26/10/2021T16:56:18Z,103,154,171,58.15,26.29,991.93 
26/10/2021T16:56:49Z,108,162,177,58.23,26.29,991.91 
26/10/2021T16:57:20Z,107,159,176,58.13,26.29,991.94 
26/10/2021T16:57:50Z,107,158,179,58.14,26.29,991.95 
26/10/2021T16:58:21Z,106,159,179,58.19,26.28,991.94 
26/10/2021T16:58:51Z,105,154,170,58.08,26.28,991.97 
26/10/2021T16:59:22Z,108,161,174,58.09,26.29,991.97 
26/10/2021T16:59:52Z,108,162,176,58.14,26.29,991.96 
26/10/2021T17:00:23Z,107,161,174,58.07,26.28,991.98 
26/10/2021T17:00:53Z,107,162,180,58.16,26.27,991.96 
26/10/2021T17:01:23Z,106,158,175,58.13,26.27,991.97 
26/10/2021T17:01:54Z,109,163,177,58.12,26.28,991.97 
26/10/2021T17:02:25Z,110,163,181,58.11,26.27,991.98 
26/10/2021T17:02:55Z,109,154,169,58.07,26.27,991.98 
26/10/2021T17:03:25Z,108,163,182,58.10,26.28,991.98 
26/10/2021T17:03:56Z,109,165,181,58.15,26.26,991.97 
26/10/2021T17:04:27Z,106,159,173,58.19,26.25,991.96 
26/10/2021T17:04:58Z,108,160,179,58.21,26.25,991.95 
26/10/2021T17:05:28Z,108,162,180,58.14,26.25,991.97 
26/10/2021T17:05:58Z,110,162,181,58.19,26.25,991.96 
26/10/2021T17:06:29Z,111,162,175,58.19,26.25,991.96 
26/10/2021T17:06:59Z,111,164,178,58.21,26.24,991.97 
26/10/2021T17:07:29Z,107,159,169,58.22,26.24,991.96 
26/10/2021T17:07:59Z,106,158,178,58.20,26.25,991.98 
26/10/2021T17:08:30Z,108,160,173,58.20,26.25,991.98 
26/10/2021T17:09:00Z,110,163,180,58.19,26.25,991.98 
26/10/2021T17:09:31Z,109,159,177,58.22,26.24,991.97 
26/10/2021T17:10:01Z,109,163,178,58.25,26.24,991.95 
26/10/2021T17:10:31Z,111,166,180,58.31,26.23,991.94 
26/10/2021T17:11:01Z,112,165,182,58.31,26.23,991.94 
26/10/2021T17:11:31Z,110,165,179,58.32,26.22,991.95 
26/10/2021T17:12:02Z,110,164,183,58.29,26.22,991.97 
26/10/2021T17:12:33Z,111,166,178,58.30,26.22,991.98 
26/10/2021T17:13:03Z,108,162,181,58.29,26.22,991.98 
26/10/2021T17:13:34Z,109,163,181,58.25,26.23,991.97 
26/10/2021T17:14:05Z,109,163,176,58.29,26.23,991.96 
26/10/2021T17:14:36Z,112,165,180,58.31,26.22,991.96 
26/10/2021T17:15:06Z,109,162,179,58.28,26.22,991.99 
26/10/2021T17:15:37Z,111,163,180,58.31,26.22,991.98 
26/10/2021T17:16:07Z,111,166,183,58.31,26.22,991.97 
26/10/2021T17:16:38Z,106,163,179,58.26,26.22,992.00 
26/10/2021T17:17:08Z,108,163,176,58.27,26.22,992.02 
26/10/2021T17:17:38Z,108,158,169,58.30,26.23,992.00 
26/10/2021T17:18:08Z,106,158,171,58.26,26.23,992.01 
26/10/2021T17:18:38Z,109,159,170,58.31,26.22,992.01 
26/10/2021T17:19:08Z,106,157,174,58.32,26.21,992.02 
26/10/2021T17:19:39Z,107,157,173,58.30,26.21,992.02 
26/10/2021T17:20:10Z,107,157,175,58.29,26.21,992.01 
26/10/2021T17:20:40Z,108,159,173,58.30,26.21,992.02 
26/10/2021T17:21:10Z,106,155,171,58.33,26.20,992.02 
26/10/2021T17:21:41Z,106,156,170,58.31,26.20,992.02 
26/10/2021T17:22:11Z,104,153,167,58.35,26.19,992.02 
26/10/2021T17:22:42Z,105,157,172,58.31,26.19,992.03 
26/10/2021T17:23:45Z,104,152,162,58.26,26.20,992.04 
26/10/2021T17:24:16Z,106,157,169,58.25,26.21,992.04 
