29/09/2021T03:27:06Z,44,65,79,73.38,29.54,987.33 
29/09/2021T03:27:36Z,46,70,80,73.08,29.66,987.35 
29/09/2021T03:28:06Z,45,71,81,72.65,29.85,987.32 
29/09/2021T03:28:37Z,47,74,84,72.07,30.00,987.33 
29/09/2021T03:29:08Z,47,71,79,71.65,30.13,987.33 
29/09/2021T03:29:38Z,45,70,77,71.41,30.24,987.31 
29/09/2021T03:30:09Z,45,66,75,70.59,30.28,987.30 
29/09/2021T03:30:39Z,44,67,77,70.90,30.34,987.28 
29/09/2021T03:31:10Z,43,64,75,70.84,30.44,987.27 
29/09/2021T03:31:40Z,45,66,75,70.74,30.52,987.27 
29/09/2021T03:32:11Z,44,67,76,70.70,30.60,987.28 
29/09/2021T03:32:41Z,46,68,77,70.46,30.66,987.29 
29/09/2021T03:33:12Z,45,66,75,70.37,30.69,987.28 
29/09/2021T03:33:42Z,42,61,72,69.51,30.64,987.28 
29/09/2021T03:34:13Z,42,61,73,69.53,30.63,987.30 
29/09/2021T03:34:43Z,42,63,72,69.73,30.63,987.28 
29/09/2021T03:35:14Z,42,61,73,69.94,30.69,987.28 
29/09/2021T03:35:45Z,42,62,72,69.93,30.75,987.28 
29/09/2021T03:36:15Z,42,62,73,69.67,30.77,987.29 
29/09/2021T03:36:46Z,41,62,73,69.59,30.80,987.28 
29/09/2021T03:37:16Z,43,63,74,69.41,30.82,987.28 
29/09/2021T03:37:47Z,41,59,71,68.69,30.79,987.29 
29/09/2021T03:38:17Z,41,63,72,69.26,30.79,987.27 
29/09/2021T03:38:48Z,40,58,69,68.99,30.80,987.28 
29/09/2021T03:39:19Z,39,56,68,68.60,30.79,987.29 
29/09/2021T03:39:49Z,39,57,69,68.79,30.78,987.29 
29/09/2021T03:40:20Z,35,51,65,68.15,30.72,987.28 
29/09/2021T03:40:50Z,36,54,66,68.70,30.72,987.29 
29/09/2021T03:41:20Z,36,54,67,68.73,30.75,987.30 
29/09/2021T03:41:50Z,37,56,68,68.80,30.78,987.29 
29/09/2021T03:42:20Z,36,52,65,68.53,30.81,987.29 
29/09/2021T03:42:51Z,47,67,75,68.65,30.81,987.28 
29/09/2021T03:43:21Z,42,61,72,68.63,30.85,987.30 
29/09/2021T03:43:51Z,40,59,71,68.36,30.87,987.31 
29/09/2021T03:44:21Z,44,64,73,68.59,30.87,987.30 
29/09/2021T03:44:52Z,41,60,71,68.44,30.91,987.31 
29/09/2021T03:45:22Z,37,54,67,68.11,30.83,987.31 
29/09/2021T03:45:53Z,37,54,67,68.42,30.81,987.33 
29/09/2021T03:46:23Z,38,55,69,68.57,30.86,987.32 
29/09/2021T03:46:53Z,40,58,70,68.55,30.93,987.31 
29/09/2021T03:47:24Z,40,59,69,68.41,31.00,987.33 
29/09/2021T03:47:54Z,41,61,71,68.33,31.01,987.34 
29/09/2021T03:48:25Z,38,57,69,68.23,31.02,987.33 
29/09/2021T03:48:55Z,39,56,67,68.24,31.03,987.34 
29/09/2021T03:49:25Z,43,62,72,68.29,31.06,987.32 
29/09/2021T03:49:55Z,46,67,74,68.16,31.09,987.32 
29/09/2021T03:50:26Z,54,81,90,68.17,31.11,987.32 
29/09/2021T03:50:56Z,59,94,99,68.21,31.13,987.33 
29/09/2021T03:51:26Z,49,71,78,68.08,31.11,987.33 
29/09/2021T03:51:57Z,46,71,76,68.20,31.12,987.34 
29/09/2021T03:52:28Z,48,72,77,68.11,31.12,987.34 
29/09/2021T03:52:59Z,49,74,79,68.27,31.17,987.35 
29/09/2021T03:53:29Z,47,69,75,67.80,31.18,987.37 
29/09/2021T03:54:00Z,43,62,72,67.95,31.16,987.35 
29/09/2021T03:54:30Z,42,62,72,67.90,31.17,987.38 
29/09/2021T03:55:01Z,40,59,71,67.82,31.17,987.39 
29/09/2021T03:55:32Z,41,60,71,67.80,31.16,987.39 
29/09/2021T03:56:02Z,38,57,71,67.73,31.17,987.40 
29/09/2021T03:56:32Z,36,56,69,67.87,31.17,987.41 
29/09/2021T03:57:02Z,39,58,69,67.96,31.19,987.41 
29/09/2021T03:57:33Z,40,57,69,67.66,31.17,987.40 
29/09/2021T03:58:03Z,38,56,68,67.65,31.17,987.42 
29/09/2021T03:58:34Z,37,55,68,67.59,31.16,987.42 
29/09/2021T03:59:04Z,39,58,69,67.48,31.12,987.43 
29/09/2021T03:59:35Z,43,65,73,67.93,31.14,987.42 
29/09/2021T04:00:06Z,38,60,71,67.72,31.17,987.44 
29/09/2021T04:00:36Z,39,62,76,67.71,31.14,987.46 
29/09/2021T04:01:06Z,40,63,77,67.98,31.15,987.45 
29/09/2021T04:01:37Z,41,65,78,68.05,31.20,987.47 
29/09/2021T04:02:07Z,44,68,80,67.93,31.23,987.46 
29/09/2021T04:02:38Z,39,61,73,67.31,31.20,987.47 
29/09/2021T04:03:09Z,37,57,70,66.90,31.10,987.45 
29/09/2021T04:03:40Z,38,56,69,67.32,31.02,987.46 
29/09/2021T04:04:11Z,39,57,68,67.73,31.05,987.45 
29/09/2021T04:04:41Z,42,64,74,67.71,31.08,987.47 
29/09/2021T04:05:12Z,51,80,88,67.79,31.12,987.47 
29/09/2021T04:05:42Z,51,80,86,67.71,31.18,987.46 
29/09/2021T04:06:13Z,43,66,75,67.47,31.17,987.47 
29/09/2021T04:06:44Z,43,65,75,67.58,31.18,987.48 
29/09/2021T04:07:14Z,37,55,68,67.18,31.17,987.47 
29/09/2021T04:07:45Z,38,56,69,67.42,31.15,987.47 
29/09/2021T04:08:15Z,39,58,69,67.48,31.13,987.47 
29/09/2021T04:08:46Z,37,55,66,67.53,31.17,987.46 
29/09/2021T04:09:16Z,41,62,78,67.42,31.20,987.47 
29/09/2021T04:09:46Z,69,108,125,67.00,31.14,987.46 
29/09/2021T04:10:16Z,50,79,87,67.33,31.09,987.46 
29/09/2021T04:10:46Z,46,71,80,67.73,31.12,987.47 
29/09/2021T04:11:17Z,45,68,76,67.55,31.16,987.47 
29/09/2021T04:11:47Z,43,64,74,67.37,31.17,987.45 
29/09/2021T04:12:17Z,42,62,72,67.13,31.12,987.45 
29/09/2021T04:12:48Z,46,67,76,67.56,31.10,987.45 
29/09/2021T04:13:19Z,49,71,78,67.70,31.12,987.45 
29/09/2021T04:13:49Z,48,73,79,67.72,31.16,987.46 
29/09/2021T04:14:19Z,68,109,118,68.00,31.16,987.45 
29/09/2021T04:14:49Z,78,125,136,68.19,31.16,987.45 
29/09/2021T04:15:20Z,64,98,103,68.16,31.21,987.46 
29/09/2021T04:15:50Z,61,93,97,68.05,31.26,987.46 
29/09/2021T04:16:21Z,59,89,96,68.02,31.32,987.45 
29/09/2021T04:16:52Z,62,95,102,68.11,31.37,987.45 
29/09/2021T04:17:22Z,63,93,99,67.94,31.39,987.44 
29/09/2021T04:17:52Z,58,84,89,67.78,31.43,987.42 
29/09/2021T04:18:23Z,59,85,89,67.45,31.44,987.44 
29/09/2021T04:18:53Z,71,112,123,67.55,31.46,987.42 
29/09/2021T04:19:24Z,67,106,112,67.51,31.48,987.40 
29/09/2021T04:19:54Z,66,107,117,67.51,31.49,987.39 
29/09/2021T04:20:24Z,66,106,114,67.55,31.51,987.38 
29/09/2021T04:20:55Z,64,98,108,67.56,31.53,987.37 
29/09/2021T04:21:25Z,61,96,103,67.24,31.54,987.35 
29/09/2021T04:21:56Z,50,77,83,66.78,31.53,987.34 
29/09/2021T04:22:26Z,44,70,77,66.63,31.50,987.34 
29/09/2021T04:22:57Z,50,73,79,66.85,31.47,987.33 
29/09/2021T04:23:28Z,48,71,78,66.91,31.42,987.32 
29/09/2021T04:23:58Z,45,67,75,66.77,31.45,987.33 
29/09/2021T04:24:28Z,52,79,85,66.63,31.46,987.34 
29/09/2021T04:24:58Z,214,499,582,66.66,31.43,987.31 
29/09/2021T04:25:29Z,276,630,735,66.09,31.38,987.31 
29/09/2021T04:25:59Z,206,390,444,66.56,31.34,987.31 
29/09/2021T04:26:29Z,286,634,726,66.99,31.34,987.30 
29/09/2021T04:27:00Z,274,579,662,66.69,31.32,987.29 
29/09/2021T04:27:31Z,257,533,612,66.64,31.30,987.30 
29/09/2021T04:28:01Z,292,632,730,66.90,31.32,987.28 
29/09/2021T04:28:32Z,260,549,633,66.67,31.30,987.29 
29/09/2021T04:29:02Z,273,584,668,67.00,31.29,987.27 
29/09/2021T04:29:33Z,274,562,651,66.97,31.30,987.27 
29/09/2021T04:30:03Z,250,522,593,67.11,31.31,987.26 
29/09/2021T04:30:34Z,237,470,535,67.06,31.33,987.27 
29/09/2021T04:31:04Z,298,651,750,66.93,31.36,987.26 
29/09/2021T04:31:34Z,259,535,603,66.54,31.33,987.27 
29/09/2021T04:32:05Z,240,493,557,66.55,31.31,987.27 
29/09/2021T04:32:36Z,245,491,547,66.34,31.29,987.26 
29/09/2021T04:33:06Z,285,607,681,66.70,31.28,987.22 
29/09/2021T04:33:36Z,274,601,674,66.64,31.29,987.24 
29/09/2021T04:34:06Z,282,605,675,66.56,31.31,987.24 
29/09/2021T04:34:36Z,277,588,654,66.56,31.31,987.26 
29/09/2021T04:35:07Z,251,522,598,66.61,31.30,987.24 
29/09/2021T04:35:37Z,309,677,767,66.57,31.35,987.25 
29/09/2021T04:36:07Z,294,635,709,66.56,31.35,987.24 
29/09/2021T04:36:37Z,284,621,707,66.67,31.35,987.23 
29/09/2021T04:37:08Z,266,579,659,67.08,31.32,987.24 
29/09/2021T04:37:38Z,300,668,756,67.26,31.30,987.26 
29/09/2021T04:38:08Z,246,511,576,66.66,31.30,987.25 
29/09/2021T04:38:39Z,276,564,636,66.60,31.29,987.23 
29/09/2021T04:39:09Z,292,623,714,66.59,31.30,987.25 
29/09/2021T04:39:39Z,299,671,769,66.58,31.33,987.24 
29/09/2021T04:40:10Z,268,565,637,66.29,31.32,987.24 
29/09/2021T04:40:41Z,322,771,886,66.59,31.34,987.24 
29/09/2021T04:41:11Z,341,844,977,66.50,31.37,987.21 
29/09/2021T04:41:41Z,310,745,856,66.59,31.38,987.20 
29/09/2021T04:42:12Z,333,828,957,66.43,31.40,987.20 
29/09/2021T04:42:42Z,316,737,850,66.42,31.41,987.19 
29/09/2021T04:43:13Z,330,796,927,66.62,31.44,987.23 
29/09/2021T04:43:43Z,307,745,862,66.78,31.44,987.24 
29/09/2021T04:44:14Z,294,646,738,66.36,31.43,987.22 
29/09/2021T04:44:44Z,280,617,694,66.35,31.43,987.21 
29/09/2021T04:45:14Z,343,884,1032,66.40,31.47,987.20 
29/09/2021T04:45:45Z,341,859,976,66.00,31.49,987.19 
29/09/2021T04:46:15Z,310,717,815,65.94,31.48,987.20 
29/09/2021T04:46:45Z,327,769,868,66.18,31.47,987.21 
29/09/2021T04:47:16Z,337,829,952,66.29,31.47,987.20 
29/09/2021T04:47:46Z,328,806,937,66.50,31.46,987.19 
29/09/2021T04:48:17Z,327,788,901,66.27,31.48,987.19 
29/09/2021T04:48:47Z,330,801,917,66.01,31.47,987.17 
29/09/2021T04:49:17Z,319,767,882,65.95,31.46,987.16 
29/09/2021T04:49:48Z,318,740,839,65.76,31.43,987.16 
29/09/2021T04:50:19Z,299,694,790,65.86,31.41,987.16 
29/09/2021T04:50:49Z,296,672,767,66.22,31.40,987.17 
29/09/2021T04:51:19Z,315,744,849,66.50,31.44,987.17 
29/09/2021T04:51:49Z,283,659,764,66.47,31.47,987.18 
29/09/2021T04:52:20Z,280,623,698,65.89,31.46,987.20 
29/09/2021T04:52:50Z,257,564,649,65.71,31.40,987.19 
29/09/2021T04:53:21Z,206,423,484,65.94,31.37,987.18 
29/09/2021T04:53:51Z,320,784,921,66.05,31.39,987.18 
29/09/2021T04:54:21Z,297,684,799,66.01,31.40,987.19 
29/09/2021T04:54:52Z,327,831,966,66.09,31.41,987.18 
29/09/2021T04:55:22Z,284,626,717,65.81,31.39,987.17 
29/09/2021T04:55:53Z,282,641,730,65.82,31.38,987.17 
29/09/2021T04:56:23Z,150,280,316,65.82,31.34,987.18 
29/09/2021T04:56:53Z,283,618,709,65.93,31.38,987.16 
29/09/2021T04:57:24Z,300,658,754,65.61,31.42,987.13 
29/09/2021T04:57:54Z,246,497,561,65.20,31.42,987.14 
29/09/2021T04:58:25Z,183,376,429,64.57,31.42,987.15 
29/09/2021T04:58:55Z,229,445,502,64.87,31.42,987.10 
29/09/2021T04:59:26Z,233,458,517,64.88,31.43,987.11 
29/09/2021T04:59:57Z,287,606,683,65.02,31.45,987.10 
29/09/2021T05:00:28Z,274,572,636,64.91,31.47,987.12 
29/09/2021T05:00:59Z,251,504,567,65.00,31.49,987.12 
29/09/2021T05:01:29Z,243,472,523,65.15,31.49,987.12 
29/09/2021T05:01:59Z,268,540,604,65.43,31.51,987.12 
29/09/2021T05:02:30Z,200,367,409,65.36,31.52,987.12 
29/09/2021T05:03:01Z,198,362,401,65.71,31.50,987.12 
29/09/2021T05:03:31Z,175,310,343,65.92,31.50,987.13 
29/09/2021T05:04:01Z,173,298,333,66.28,31.51,987.15 
29/09/2021T05:04:32Z,151,259,287,66.75,31.53,987.15 
29/09/2021T05:05:02Z,155,264,290,66.60,31.53,987.14 
29/09/2021T05:05:32Z,150,257,283,66.86,31.55,987.14 
29/09/2021T05:06:02Z,115,190,209,66.14,31.55,987.14 
29/09/2021T05:06:32Z,98,159,170,65.79,31.57,987.15 
29/09/2021T05:07:02Z,100,162,177,65.95,31.58,987.12 
29/09/2021T05:07:33Z,103,168,188,66.02,31.58,987.11 
29/09/2021T05:08:04Z,93,153,166,66.10,31.56,987.12 
29/09/2021T05:08:34Z,88,141,155,66.10,31.55,987.13 
29/09/2021T05:09:04Z,84,134,147,66.23,31.53,987.13 
29/09/2021T05:09:35Z,83,130,138,66.31,31.52,987.12 
29/09/2021T05:10:06Z,82,129,140,66.49,31.53,987.10 
29/09/2021T05:10:36Z,91,146,157,66.69,31.53,987.11 
29/09/2021T05:11:06Z,101,156,164,66.90,31.52,987.12 
29/09/2021T05:11:37Z,95,149,161,67.03,31.50,987.13 
29/09/2021T05:12:07Z,94,146,155,66.99,31.51,987.14 
29/09/2021T05:12:38Z,65,101,105,66.27,31.52,987.12 
29/09/2021T05:13:08Z,66,102,109,66.41,31.52,987.11 
29/09/2021T05:13:39Z,59,92,100,66.33,31.51,987.09 
29/09/2021T05:14:09Z,63,96,110,66.44,31.52,987.10 
29/09/2021T05:14:39Z,74,120,131,66.54,31.55,987.09 
29/09/2021T05:15:09Z,74,117,130,66.77,31.57,987.10 
29/09/2021T05:15:40Z,63,95,100,66.49,31.56,987.11 
29/09/2021T05:16:11Z,56,83,89,66.09,31.54,987.10 
29/09/2021T05:16:41Z,45,67,76,65.49,31.52,987.09 
29/09/2021T05:17:11Z,41,61,72,65.73,31.49,987.09 
29/09/2021T05:17:41Z,44,65,73,66.09,31.48,987.07 
29/09/2021T05:18:11Z,42,60,70,65.80,31.47,987.06 
29/09/2021T05:18:42Z,36,52,65,65.41,31.47,987.07 
29/09/2021T05:19:12Z,34,50,64,65.13,31.47,987.07 
29/09/2021T05:19:43Z,33,48,60,64.81,31.47,987.07 
29/09/2021T05:20:14Z,32,47,60,64.67,31.47,987.08 
29/09/2021T05:20:44Z,33,49,61,65.22,31.50,987.07 
29/09/2021T05:21:15Z,31,48,61,64.86,31.50,987.06 
29/09/2021T05:21:45Z,32,46,56,64.68,31.49,987.07 
29/09/2021T05:22:16Z,30,43,52,64.12,31.45,987.05 
29/09/2021T05:22:46Z,31,44,53,64.50,31.42,987.05 
29/09/2021T05:23:16Z,30,44,54,64.64,31.42,987.05 
29/09/2021T05:23:47Z,31,46,58,64.77,31.45,987.05 
29/09/2021T05:24:18Z,30,44,55,64.91,31.46,987.03 
29/09/2021T05:24:49Z,32,47,58,65.01,31.48,987.06 
29/09/2021T05:25:19Z,31,45,56,65.27,31.50,987.04 
29/09/2021T05:25:49Z,31,46,58,65.37,31.55,987.05 
29/09/2021T05:26:20Z,30,44,54,64.94,31.55,987.07 
29/09/2021T05:26:50Z,31,44,55,65.23,31.59,987.04 
29/09/2021T05:27:21Z,30,44,55,64.96,31.61,987.03 
29/09/2021T05:27:51Z,29,43,54,64.80,31.61,987.03 
29/09/2021T05:28:22Z,29,43,53,64.78,31.62,987.01 
29/09/2021T05:28:53Z,28,43,52,64.59,31.62,987.02 
29/09/2021T05:29:23Z,28,42,50,64.79,31.64,987.00 
29/09/2021T05:29:54Z,29,43,53,64.91,31.66,987.02 
29/09/2021T05:30:24Z,29,43,53,64.27,31.67,986.99 
29/09/2021T05:30:55Z,29,42,49,63.78,31.65,987.00 
29/09/2021T05:31:25Z,29,42,50,63.86,31.64,986.99 
29/09/2021T05:31:55Z,28,41,49,64.27,31.67,987.01 
29/09/2021T05:32:26Z,28,42,50,64.58,31.69,986.99 
29/09/2021T05:32:57Z,29,43,52,64.50,31.71,986.99 
29/09/2021T05:33:27Z,29,42,53,64.22,31.71,986.99 
29/09/2021T05:33:57Z,29,43,51,64.62,31.73,986.98 
29/09/2021T05:34:28Z,30,46,57,64.37,31.74,986.98 
29/09/2021T05:34:58Z,30,44,56,63.82,31.72,986.98 
29/09/2021T05:35:29Z,29,42,50,64.30,31.71,986.96 
29/09/2021T05:35:59Z,29,43,52,63.97,31.73,986.96 
29/09/2021T05:36:30Z,28,42,53,63.67,31.73,986.96 
29/09/2021T05:37:01Z,29,41,49,64.10,31.74,986.96 
29/09/2021T05:37:31Z,28,42,51,63.54,31.75,986.97 
29/09/2021T05:38:02Z,29,43,52,64.19,31.79,986.97 
29/09/2021T05:38:32Z,28,43,53,64.37,31.83,986.96 
29/09/2021T05:39:02Z,29,43,52,64.35,31.85,986.96 
29/09/2021T05:39:33Z,30,45,54,64.57,31.85,986.95 
29/09/2021T05:40:04Z,32,47,59,64.89,31.86,986.95 
29/09/2021T05:40:34Z,30,45,56,64.54,31.87,986.95 
29/09/2021T05:41:05Z,30,44,54,64.63,31.88,986.94 
29/09/2021T05:41:35Z,31,46,56,64.77,31.88,986.94 
29/09/2021T05:42:06Z,30,45,56,65.12,31.88,986.94 
29/09/2021T05:42:36Z,30,46,57,64.86,31.88,986.92 
29/09/2021T05:43:07Z,30,44,55,64.85,31.90,986.89 
29/09/2021T05:43:38Z,29,44,54,64.64,31.87,986.87 
29/09/2021T05:44:08Z,29,43,50,64.16,31.86,986.89 
29/09/2021T05:44:39Z,29,43,52,63.79,31.86,986.89 
29/09/2021T05:45:09Z,29,43,52,63.81,31.85,986.88 
29/09/2021T05:45:40Z,29,43,52,64.54,31.87,986.86 
29/09/2021T05:46:10Z,29,43,52,64.58,31.87,986.88 
29/09/2021T05:46:41Z,29,43,53,64.76,31.88,986.86 
29/09/2021T05:47:12Z,28,42,50,64.03,31.88,986.87 
29/09/2021T05:47:43Z,29,43,52,64.32,31.89,986.83 
29/09/2021T05:48:13Z,28,42,51,64.02,31.91,986.81 
29/09/2021T05:48:43Z,29,44,54,63.99,31.91,986.82 
29/09/2021T05:49:13Z,29,42,52,63.92,31.91,986.83 
29/09/2021T05:49:43Z,29,42,50,63.76,31.90,986.84 
29/09/2021T05:50:14Z,30,43,55,64.27,31.92,986.81 
29/09/2021T05:50:44Z,32,45,55,63.93,31.94,986.79 
29/09/2021T05:51:15Z,31,47,58,64.08,31.93,986.78 
29/09/2021T05:51:46Z,29,43,52,64.03,31.91,986.78 
29/09/2021T05:52:17Z,29,41,48,63.86,31.92,986.77 
29/09/2021T05:52:47Z,29,43,53,63.92,31.91,986.78 
29/09/2021T05:53:17Z,30,42,50,63.98,31.92,986.77 
29/09/2021T05:53:48Z,29,42,51,63.85,31.93,986.76 
29/09/2021T05:54:18Z,30,44,54,63.92,31.93,986.75 
29/09/2021T05:54:49Z,29,43,53,63.44,31.93,986.76 
29/09/2021T05:55:20Z,30,44,53,63.39,31.93,986.76 
29/09/2021T05:55:50Z,29,44,55,63.00,31.94,986.77 
29/09/2021T05:56:20Z,31,46,57,62.77,31.94,986.76 
29/09/2021T05:56:51Z,31,45,55,63.20,31.95,986.74 
29/09/2021T05:57:22Z,38,55,65,63.42,31.95,986.75 
29/09/2021T05:57:52Z,37,53,63,63.73,31.95,986.73 
29/09/2021T05:58:23Z,33,49,60,63.58,31.95,986.69 
29/09/2021T05:58:53Z,32,48,58,62.76,31.95,986.71 
29/09/2021T05:59:24Z,34,49,60,63.06,31.95,986.72 
29/09/2021T05:59:55Z,34,50,62,63.03,31.96,986.72 
29/09/2021T06:00:25Z,33,48,60,62.86,31.99,986.73 
29/09/2021T06:00:56Z,32,46,58,62.53,32.02,986.72 
29/09/2021T06:01:27Z,30,45,55,62.39,32.02,986.71 
29/09/2021T06:01:57Z,31,46,58,62.77,32.00,986.69 
29/09/2021T06:02:27Z,31,47,58,62.76,32.01,986.68 
29/09/2021T06:02:57Z,32,47,58,63.09,32.02,986.67 
29/09/2021T06:03:27Z,32,48,59,63.30,32.01,986.67 
29/09/2021T06:03:58Z,33,49,61,63.52,32.02,986.66 
29/09/2021T06:04:29Z,33,50,62,63.68,32.05,986.67 
29/09/2021T06:04:59Z,34,51,64,63.79,32.07,986.63 
29/09/2021T06:05:30Z,34,50,62,63.87,32.09,986.65 
29/09/2021T06:06:01Z,34,51,65,64.40,32.11,986.64 
29/09/2021T06:06:31Z,37,55,66,64.88,32.10,986.64 
29/09/2021T06:07:02Z,35,53,69,64.67,32.09,986.64 
29/09/2021T06:07:33Z,34,51,65,63.81,32.10,986.63 
29/09/2021T06:08:03Z,34,51,64,63.46,32.09,986.62 
29/09/2021T06:08:34Z,33,49,61,63.70,32.08,986.61 
29/09/2021T06:09:05Z,36,54,66,63.49,32.07,986.63 
29/09/2021T06:09:36Z,36,53,66,63.34,32.07,986.61 
29/09/2021T06:10:06Z,36,52,66,63.33,32.07,986.57 
29/09/2021T06:10:37Z,35,51,65,62.87,32.06,986.57 
29/09/2021T06:11:07Z,35,52,64,63.06,32.05,986.57 
29/09/2021T06:11:38Z,35,51,64,62.93,32.05,986.55 
29/09/2021T06:12:08Z,34,50,62,63.27,32.03,986.52 
29/09/2021T06:12:38Z,35,52,65,63.50,32.04,986.53 
29/09/2021T06:13:09Z,33,48,58,62.07,32.05,986.56 
29/09/2021T06:13:39Z,37,54,67,62.52,32.06,986.53 
29/09/2021T06:14:10Z,36,55,66,62.66,32.07,986.54 
29/09/2021T06:14:40Z,32,47,58,62.13,32.09,986.53 
29/09/2021T06:15:11Z,32,48,60,62.52,32.08,986.51 
29/09/2021T06:15:41Z,31,46,57,62.52,32.07,986.51 
29/09/2021T06:16:11Z,30,45,56,62.51,32.06,986.52 
29/09/2021T06:16:42Z,31,47,57,62.01,32.05,986.49 
29/09/2021T06:17:12Z,39,56,65,61.87,32.04,986.48 
29/09/2021T06:17:42Z,35,50,62,61.85,32.04,986.47 
29/09/2021T06:18:13Z,33,48,60,62.69,32.03,986.45 
29/09/2021T06:18:43Z,32,47,58,62.64,32.05,986.42 
29/09/2021T06:19:14Z,32,48,59,63.25,32.06,986.42 
29/09/2021T06:19:45Z,33,50,62,63.54,32.08,986.42 
29/09/2021T06:20:15Z,33,49,60,63.60,32.10,986.43 
29/09/2021T06:20:45Z,33,50,61,63.30,32.10,986.43 
29/09/2021T06:21:15Z,34,51,64,63.13,32.09,986.44 
29/09/2021T06:21:45Z,34,51,64,63.44,32.07,986.43 
29/09/2021T06:22:16Z,34,52,64,63.15,32.07,986.43 
29/09/2021T06:22:47Z,39,57,69,63.43,32.04,986.44 
29/09/2021T06:23:18Z,36,52,64,63.20,32.04,986.45 
29/09/2021T06:23:48Z,34,51,63,63.01,32.06,986.46 
29/09/2021T06:24:19Z,35,52,65,62.90,32.09,986.46 
29/09/2021T06:24:49Z,34,50,62,63.04,32.10,986.45 
29/09/2021T06:25:20Z,34,51,63,62.90,32.10,986.43 
29/09/2021T06:25:51Z,34,50,62,62.87,32.09,986.42 
29/09/2021T06:26:22Z,33,49,61,63.25,32.09,986.40 
29/09/2021T06:26:52Z,34,50,63,63.20,32.09,986.41 
29/09/2021T06:27:23Z,32,47,59,62.20,32.13,986.42 
29/09/2021T06:27:53Z,32,47,57,62.37,32.16,986.39 
29/09/2021T06:28:24Z,32,47,58,62.19,32.16,986.38 
29/09/2021T06:28:54Z,34,49,61,62.15,32.17,986.38 
29/09/2021T06:29:24Z,34,50,62,62.51,32.15,986.35 
29/09/2021T06:29:55Z,36,53,65,63.01,32.13,986.35 
29/09/2021T06:30:26Z,38,59,70,63.34,32.12,986.33 
29/09/2021T06:30:57Z,37,54,67,63.73,32.11,986.32 
29/09/2021T06:31:28Z,40,57,69,63.55,32.09,986.34 
29/09/2021T06:31:58Z,39,59,70,63.60,32.10,986.34 
29/09/2021T06:32:28Z,37,56,70,64.34,32.10,986.32 
29/09/2021T06:32:59Z,40,60,72,64.55,32.11,986.30 
29/09/2021T06:33:29Z,38,58,70,64.04,32.09,986.30 
29/09/2021T06:34:00Z,32,48,59,62.88,32.16,986.30 
29/09/2021T06:34:31Z,33,51,63,63.13,32.18,986.26 
29/09/2021T06:35:01Z,34,51,65,63.31,32.19,986.26 
29/09/2021T06:35:31Z,36,53,68,63.78,32.18,986.26 
29/09/2021T06:36:02Z,37,54,67,64.22,32.15,986.26 
29/09/2021T06:36:33Z,33,49,61,63.57,32.13,986.26 
29/09/2021T06:37:03Z,32,48,59,63.04,32.14,986.26 
29/09/2021T06:37:34Z,32,47,58,62.76,32.12,986.26 
29/09/2021T06:38:04Z,33,48,60,63.29,32.12,986.25 
29/09/2021T06:38:35Z,32,48,59,63.19,32.11,986.25 
29/09/2021T06:39:05Z,35,53,66,62.95,32.11,986.26 
29/09/2021T06:39:36Z,33,50,62,62.57,32.09,986.24 
29/09/2021T06:40:06Z,33,48,58,62.21,32.08,986.26 
29/09/2021T06:40:36Z,32,47,58,62.64,32.07,986.24 
29/09/2021T06:41:07Z,32,48,59,62.78,32.12,986.25 
29/09/2021T06:41:38Z,32,48,59,62.77,32.12,986.24 
29/09/2021T06:42:08Z,32,46,57,62.46,32.12,986.24 
29/09/2021T06:42:38Z,30,46,55,61.91,32.11,986.25 
29/09/2021T06:43:09Z,31,45,56,61.75,32.08,986.25 
29/09/2021T06:43:39Z,31,45,56,61.42,32.06,986.26 
29/09/2021T06:44:09Z,32,47,57,62.60,32.05,986.23 
29/09/2021T06:44:40Z,31,46,57,61.92,32.05,986.24 
29/09/2021T06:45:11Z,30,44,53,62.42,32.03,986.22 
29/09/2021T06:45:41Z,30,45,57,62.31,32.06,986.22 
29/09/2021T06:46:12Z,30,45,56,62.38,32.07,986.22 
29/09/2021T06:46:43Z,30,44,54,62.29,32.07,986.20 
29/09/2021T06:47:13Z,31,45,56,62.23,32.06,986.20 
29/09/2021T06:47:44Z,30,44,52,62.09,32.05,986.20 
29/09/2021T06:48:15Z,29,43,52,62.16,32.07,986.17 
29/09/2021T06:48:45Z,29,43,52,62.37,32.09,986.16 
29/09/2021T06:49:16Z,29,44,55,62.78,32.09,986.12 
29/09/2021T06:49:47Z,29,44,53,62.62,32.09,986.12 
29/09/2021T06:50:17Z,31,45,56,62.67,32.13,986.12 
29/09/2021T06:50:48Z,38,58,67,63.00,32.13,986.12 
29/09/2021T06:51:19Z,46,72,78,63.17,32.13,986.11 
29/09/2021T06:51:50Z,38,59,72,63.30,32.13,986.11 
29/09/2021T06:52:21Z,37,56,70,63.43,32.12,986.10 
29/09/2021T06:52:51Z,40,61,72,63.65,32.11,986.10 
29/09/2021T06:53:22Z,50,80,88,63.65,32.12,986.08 
29/09/2021T06:53:53Z,40,63,74,63.23,32.13,986.09 
29/09/2021T08:13:59Z,26,36,44,62.47,31.45,985.03 
29/09/2021T08:14:29Z,27,39,50,62.38,31.59,985.04 
29/09/2021T08:15:00Z,27,40,48,62.25,31.73,985.02 
29/09/2021T08:15:31Z,27,39,49,62.29,31.84,985.00 
29/09/2021T08:16:01Z,27,42,51,61.79,31.94,985.00 
29/09/2021T08:16:32Z,26,39,47,61.43,32.04,985.00 
29/09/2021T10:48:57Z,27,39,49,67.65,30.59,983.29 
29/09/2021T10:49:28Z,28,42,52,67.27,30.78,983.29 
29/09/2021T10:49:58Z,27,40,49,67.26,30.91,983.29 
29/09/2021T10:50:29Z,27,39,48,66.78,31.03,983.26 
29/09/2021T10:50:59Z,26,39,47,66.13,31.19,983.25 
29/09/2021T10:51:30Z,27,38,45,63.43,31.42,983.28 
29/09/2021T10:52:01Z,25,35,42,62.06,31.72,983.24 
29/09/2021T10:52:32Z,26,38,46,62.30,31.81,983.23 
29/09/2021T10:53:03Z,27,40,50,62.20,31.86,983.22 
29/09/2021T10:53:33Z,26,38,47,62.39,31.88,983.22 
29/09/2021T10:54:03Z,26,37,47,62.63,31.88,983.22 
29/09/2021T10:54:34Z,25,36,43,62.10,31.92,983.22 
29/09/2021T10:55:04Z,25,35,40,62.03,31.94,983.22 
29/09/2021T10:55:35Z,25,36,42,62.41,31.94,983.20 
29/09/2021T10:56:06Z,26,37,45,62.81,31.92,983.21 
29/09/2021T10:56:36Z,26,38,48,63.18,31.88,983.21 
29/09/2021T10:57:06Z,26,38,47,63.48,31.85,983.21 
29/09/2021T10:57:36Z,26,39,48,63.67,31.82,983.22 
29/09/2021T10:58:07Z,26,38,46,63.58,31.84,983.22 
29/09/2021T10:58:38Z,25,38,47,63.35,31.86,983.21 
29/09/2021T10:59:08Z,26,38,47,62.96,31.89,983.21 
29/09/2021T10:59:39Z,26,39,47,62.33,31.96,983.22 
29/09/2021T11:00:09Z,24,35,42,61.48,32.04,983.23 
29/09/2021T11:00:40Z,23,34,40,61.66,32.07,983.22 
29/09/2021T11:01:10Z,24,35,42,60.87,32.13,983.23 
29/09/2021T11:01:41Z,25,35,41,61.49,32.13,983.22 
29/09/2021T11:02:11Z,25,36,44,61.20,32.13,983.24 
29/09/2021T11:02:42Z,24,34,41,59.67,32.28,983.25 
29/09/2021T11:03:12Z,24,34,40,59.99,32.29,983.25 
29/09/2021T11:03:43Z,24,35,42,59.24,32.35,983.26 
29/09/2021T11:04:13Z,23,32,37,60.27,32.31,983.25 
29/09/2021T11:04:44Z,27,39,48,60.72,32.26,983.26 
29/09/2021T11:05:14Z,29,41,51,59.87,32.29,983.26 
29/09/2021T11:05:45Z,29,42,53,60.00,32.31,983.24 
29/09/2021T11:06:16Z,27,38,46,60.27,32.30,983.24 
29/09/2021T11:06:46Z,29,41,51,60.66,32.27,983.24 
29/09/2021T11:07:17Z,28,41,50,60.97,32.27,983.25 
29/09/2021T11:07:47Z,27,39,47,60.93,32.25,983.26 
29/09/2021T11:08:18Z,27,39,48,61.37,32.22,983.25 
29/09/2021T11:08:48Z,28,41,50,61.52,32.20,983.26 
29/09/2021T11:09:19Z,27,39,47,61.92,32.17,983.25 
29/09/2021T11:09:50Z,27,39,47,61.86,32.16,983.25 
29/09/2021T11:10:21Z,26,38,46,62.00,32.14,983.26 
29/09/2021T11:10:51Z,27,39,48,61.99,32.14,983.25 
29/09/2021T11:11:22Z,27,38,48,62.26,32.12,983.24 
29/09/2021T11:11:53Z,28,42,54,62.86,32.09,983.25 
29/09/2021T11:12:23Z,26,39,49,62.39,32.11,983.24 
29/09/2021T11:12:54Z,27,40,50,62.21,32.12,983.25 
29/09/2021T11:13:24Z,27,40,50,62.49,32.12,983.24 
29/09/2021T11:13:55Z,26,37,45,62.06,32.15,983.24 
29/09/2021T11:14:25Z,27,40,51,62.41,32.16,983.22 
29/09/2021T11:14:56Z,26,38,47,62.28,32.17,983.24 
29/09/2021T11:15:26Z,26,39,48,62.24,32.15,983.25 
29/09/2021T11:15:57Z,26,38,47,62.65,32.10,983.27 
29/09/2021T11:16:27Z,25,36,43,60.95,32.15,983.28 
29/09/2021T11:16:57Z,24,33,38,60.04,32.27,983.27 
29/09/2021T11:17:28Z,23,35,42,60.04,32.34,983.28 
29/09/2021T11:17:59Z,24,35,43,60.52,32.33,983.29 
29/09/2021T11:18:30Z,25,36,44,60.95,32.30,983.28 
29/09/2021T11:19:00Z,25,36,45,60.87,32.26,983.31 
29/09/2021T11:19:31Z,25,36,44,61.06,32.24,983.30 
29/09/2021T11:20:01Z,25,35,42,60.45,32.28,983.32 
29/09/2021T11:20:32Z,25,36,44,60.60,32.32,983.31 
29/09/2021T11:21:03Z,24,35,43,60.20,32.34,983.31 
29/09/2021T11:21:33Z,26,38,46,60.50,32.35,983.31 
29/09/2021T11:22:03Z,26,38,45,60.80,32.33,983.30 
29/09/2021T11:22:34Z,26,37,44,60.21,32.35,983.31 
29/09/2021T11:23:04Z,24,33,37,59.96,32.38,983.31 
29/09/2021T11:23:35Z,24,34,39,60.20,32.37,983.32 
29/09/2021T11:24:05Z,24,35,42,60.66,32.34,983.30 
29/09/2021T11:24:36Z,24,34,42,61.03,32.32,983.30 
29/09/2021T11:25:06Z,25,36,44,61.77,32.32,983.30 
29/09/2021T11:25:36Z,25,36,46,61.77,32.30,983.29 
29/09/2021T11:26:07Z,25,36,43,62.53,32.23,983.29 
29/09/2021T11:26:37Z,26,38,47,63.16,32.17,983.30 
29/09/2021T11:27:08Z,27,40,50,63.25,32.14,983.29 
29/09/2021T11:27:38Z,26,39,49,63.02,32.15,983.30 
29/09/2021T11:28:09Z,26,38,46,63.06,32.23,983.30 
29/09/2021T11:28:39Z,25,38,46,62.17,32.26,983.34 
29/09/2021T11:29:10Z,26,36,44,61.53,32.32,983.35 
29/09/2021T11:29:41Z,24,35,43,60.30,32.44,983.35 
29/09/2021T11:30:11Z,24,34,40,61.36,32.45,983.34 
29/09/2021T11:30:41Z,25,36,44,61.13,32.40,983.35 
29/09/2021T11:31:11Z,23,35,44,61.65,32.35,983.36 
29/09/2021T11:31:42Z,25,36,44,62.17,32.29,983.36 
29/09/2021T11:32:12Z,25,37,46,62.25,32.29,983.37 
29/09/2021T11:32:42Z,25,39,50,62.45,32.28,983.36 
29/09/2021T11:33:13Z,25,39,51,62.92,32.26,983.37 
29/09/2021T11:33:44Z,27,40,51,62.99,32.26,983.37 
29/09/2021T11:34:14Z,26,40,50,62.67,32.26,983.38 
29/09/2021T11:34:45Z,25,37,46,61.95,32.29,983.38 
29/09/2021T11:35:16Z,24,37,45,60.82,32.37,983.38 
29/09/2021T11:35:46Z,24,37,45,61.56,32.38,983.35 
29/09/2021T11:36:17Z,23,35,41,61.03,32.42,983.35 
29/09/2021T11:36:47Z,24,35,42,61.57,32.42,983.35 
29/09/2021T11:37:18Z,23,33,39,60.68,32.40,983.38 
29/09/2021T11:37:49Z,25,35,44,60.55,32.41,983.39 
29/09/2021T11:38:19Z,25,35,43,60.88,32.42,983.38 
29/09/2021T11:38:50Z,24,36,45,61.44,32.40,983.37 
29/09/2021T11:39:20Z,25,36,44,61.95,32.34,983.39 
29/09/2021T11:39:51Z,26,37,47,62.27,32.27,983.39 
29/09/2021T11:40:21Z,26,39,47,62.19,32.23,983.41 
29/09/2021T11:40:52Z,26,38,46,62.68,32.20,983.41 
29/09/2021T11:41:23Z,27,38,46,63.03,32.18,983.42 
29/09/2021T11:41:53Z,27,39,48,62.98,32.15,983.43 
29/09/2021T11:42:23Z,27,40,49,63.29,32.17,983.44 
29/09/2021T11:42:54Z,28,41,51,63.31,32.16,983.45 
29/09/2021T11:43:24Z,29,43,54,63.09,32.15,983.47 
29/09/2021T11:43:55Z,29,44,55,62.28,32.18,983.49 
29/09/2021T11:44:26Z,26,38,45,60.54,32.28,983.50 
29/09/2021T11:44:57Z,26,37,46,61.02,32.32,983.50 
29/09/2021T11:45:28Z,26,38,48,61.36,32.29,983.51 
29/09/2021T11:45:58Z,26,40,48,61.39,32.28,983.52 
29/09/2021T11:46:29Z,28,41,51,61.82,32.30,983.52 
29/09/2021T11:46:59Z,26,40,50,60.59,32.34,983.54 
29/09/2021T11:47:30Z,25,37,46,59.94,32.40,983.54 
29/09/2021T11:48:01Z,25,38,47,59.86,32.45,983.55 
29/09/2021T11:48:31Z,25,38,47,60.00,32.47,983.56 
29/09/2021T11:49:01Z,25,38,47,61.42,32.44,983.53 
29/09/2021T11:49:32Z,26,37,44,60.98,32.42,983.55 
29/09/2021T11:50:03Z,25,36,42,60.67,32.46,983.55 
29/09/2021T11:50:34Z,26,37,46,61.51,32.44,983.53 
29/09/2021T11:51:04Z,26,37,47,61.40,32.44,983.52 
29/09/2021T11:51:34Z,24,37,44,61.92,32.37,983.52 
29/09/2021T11:52:04Z,28,42,54,62.45,32.31,983.53 
29/09/2021T11:52:35Z,28,43,57,62.71,32.30,983.53 
29/09/2021T11:53:06Z,28,42,53,62.39,32.30,983.54 
29/09/2021T11:53:36Z,27,41,52,62.63,32.29,983.54 
29/09/2021T11:54:07Z,28,42,52,63.47,32.29,983.55 
29/09/2021T11:54:37Z,27,42,53,63.21,32.30,983.56 
29/09/2021T11:55:08Z,27,42,54,63.14,32.30,983.55 
29/09/2021T11:55:38Z,27,39,49,62.54,32.33,983.56 
29/09/2021T11:56:09Z,27,38,47,61.83,32.38,983.56 
29/09/2021T11:56:39Z,27,40,49,61.69,32.40,983.58 
29/09/2021T11:57:10Z,25,37,46,61.31,32.41,983.58 
29/09/2021T11:57:40Z,25,36,43,61.91,32.40,983.58 
29/09/2021T11:58:11Z,26,38,47,61.37,32.43,983.59 
29/09/2021T11:58:42Z,25,37,47,61.21,32.45,983.60 
29/09/2021T11:59:12Z,27,39,48,61.90,32.45,983.59 
29/09/2021T11:59:42Z,27,40,48,62.29,32.41,983.58 
29/09/2021T12:00:13Z,25,37,46,62.74,32.39,983.58 
29/09/2021T12:00:43Z,27,39,48,63.31,32.37,983.59 
29/09/2021T12:01:14Z,26,40,49,63.37,32.35,983.60 
29/09/2021T12:01:44Z,26,39,50,63.30,32.33,983.60 
29/09/2021T12:02:14Z,26,37,47,61.14,32.37,983.61 
29/09/2021T12:02:44Z,24,37,45,60.79,32.39,983.61 
29/09/2021T12:03:15Z,26,37,46,60.53,32.38,983.61 
29/09/2021T12:03:45Z,25,38,47,60.75,32.39,983.61 
29/09/2021T12:04:16Z,25,35,43,60.66,32.39,983.61 
29/09/2021T12:04:46Z,25,35,42,61.12,32.37,983.62 
29/09/2021T12:05:17Z,26,39,47,60.98,32.36,983.63 
29/09/2021T12:05:47Z,26,37,46,61.21,32.31,983.63 
29/09/2021T12:06:18Z,26,38,46,61.62,32.30,983.63 
29/09/2021T12:06:49Z,26,37,45,60.75,32.34,983.63 
29/09/2021T12:07:19Z,26,39,47,61.23,32.30,983.62 
29/09/2021T12:07:49Z,31,46,56,61.51,32.25,983.62 
29/09/2021T12:08:20Z,30,43,54,61.33,32.23,983.63 
29/09/2021T12:08:50Z,28,41,51,61.12,32.23,983.63 
29/09/2021T12:09:21Z,27,42,51,61.29,32.25,983.62 
29/09/2021T12:09:51Z,28,42,51,61.77,32.25,983.60 
29/09/2021T12:10:21Z,28,41,50,61.43,32.25,983.61 
29/09/2021T12:10:52Z,28,41,50,61.82,32.22,983.60 
29/09/2021T12:11:23Z,28,41,50,62.22,32.22,983.59 
29/09/2021T12:11:53Z,28,40,51,62.38,32.21,983.58 
29/09/2021T12:12:24Z,28,42,52,62.80,32.18,983.58 
29/09/2021T12:12:55Z,28,42,52,63.23,32.15,983.58 
29/09/2021T12:13:25Z,28,44,56,63.40,32.15,983.57 
29/09/2021T12:13:56Z,28,42,55,63.10,32.14,983.58 
29/09/2021T12:14:26Z,28,42,51,62.13,32.16,983.59 
29/09/2021T12:14:56Z,28,41,52,62.32,32.22,983.59 
29/09/2021T12:15:27Z,29,43,53,62.45,32.22,983.58 
29/09/2021T12:15:58Z,28,43,53,61.10,32.22,983.61 
29/09/2021T12:16:28Z,28,41,50,61.68,32.23,983.58 
29/09/2021T12:16:59Z,28,41,50,61.01,32.23,983.60 
29/09/2021T12:17:30Z,28,41,50,61.04,32.27,983.59 
29/09/2021T12:18:00Z,27,42,51,60.90,32.27,983.59 
29/09/2021T12:18:31Z,28,43,52,61.17,32.29,983.59 
29/09/2021T12:19:02Z,28,42,52,61.26,32.29,983.59 
29/09/2021T12:19:32Z,28,41,50,60.82,32.31,983.59 
29/09/2021T12:20:03Z,27,40,49,61.28,32.32,983.59 
29/09/2021T12:20:33Z,28,41,49,61.17,32.32,983.61 
29/09/2021T12:21:04Z,28,41,50,59.79,32.37,983.62 
29/09/2021T12:21:34Z,28,41,50,60.65,32.38,983.61 
29/09/2021T12:22:05Z,27,41,50,60.94,32.35,983.61 
29/09/2021T12:22:36Z,28,42,52,60.50,32.38,983.61 
29/09/2021T12:23:06Z,28,40,48,61.39,32.36,983.60 
29/09/2021T12:23:36Z,27,42,52,61.55,32.33,983.61 
29/09/2021T12:24:07Z,29,43,53,62.12,32.28,983.61 
29/09/2021T12:24:37Z,29,43,56,62.74,32.25,983.61 
29/09/2021T12:25:08Z,30,46,61,63.11,32.23,983.61 
29/09/2021T12:25:38Z,31,48,62,63.58,32.22,983.61 
29/09/2021T12:26:08Z,34,53,70,63.67,32.19,983.62 
29/09/2021T12:26:39Z,35,57,73,64.01,32.19,983.62 
29/09/2021T12:27:10Z,33,53,70,63.99,32.20,983.62 
29/09/2021T12:27:40Z,34,54,70,64.25,32.23,983.61 
29/09/2021T12:28:10Z,37,60,72,64.25,32.22,983.63 
29/09/2021T12:28:41Z,34,53,71,64.31,32.25,983.63 
29/09/2021T12:29:11Z,35,53,71,64.06,32.26,983.64 
29/09/2021T12:29:42Z,32,49,65,63.83,32.26,983.64 
29/09/2021T12:30:13Z,32,50,65,63.74,32.25,983.64 
29/09/2021T12:30:43Z,33,51,67,64.07,32.25,983.64 
29/09/2021T12:31:14Z,34,51,67,63.78,32.21,983.65 
29/09/2021T12:31:44Z,32,50,66,63.63,32.25,983.66 
29/09/2021T12:32:15Z,34,53,69,63.96,32.23,983.66 
29/09/2021T12:32:46Z,34,57,72,64.44,32.23,983.66 
29/09/2021T12:33:17Z,37,59,75,64.61,32.21,983.66 
29/09/2021T12:33:47Z,39,63,78,64.80,32.19,983.66 
29/09/2021T12:34:17Z,37,57,73,64.26,32.21,983.67 
29/09/2021T12:34:48Z,35,56,71,64.31,32.22,983.67 
29/09/2021T12:35:18Z,35,56,72,64.57,32.20,983.67 
29/09/2021T12:35:49Z,36,57,71,64.89,32.21,983.68 
29/09/2021T12:36:20Z,35,55,71,65.16,32.21,983.68 
29/09/2021T12:36:50Z,35,58,75,65.32,32.20,983.68 
29/09/2021T12:37:21Z,38,61,77,65.49,32.19,983.69 
29/09/2021T12:37:52Z,39,60,74,65.88,32.18,983.68 
29/09/2021T12:38:22Z,38,60,75,65.93,32.17,983.71 
29/09/2021T12:38:52Z,35,58,76,65.33,32.16,983.73 
29/09/2021T12:39:23Z,36,58,72,65.30,32.18,983.73 
29/09/2021T12:39:53Z,36,55,71,65.02,32.18,983.75 
29/09/2021T12:40:23Z,37,61,74,65.26,32.15,983.77 
29/09/2021T12:40:54Z,36,57,71,65.11,32.16,983.78 
29/09/2021T12:41:24Z,35,55,72,65.19,32.19,983.78 
29/09/2021T12:41:55Z,35,55,74,65.29,32.19,983.77 
29/09/2021T12:42:25Z,34,55,73,65.36,32.17,983.79 
29/09/2021T12:42:56Z,38,59,74,65.71,32.16,983.78 
29/09/2021T12:43:26Z,37,61,76,65.89,32.15,983.78 
29/09/2021T12:43:57Z,39,64,77,66.03,32.12,983.78 
29/09/2021T12:44:28Z,37,62,77,66.33,32.12,983.79 
29/09/2021T12:44:58Z,38,61,74,66.14,32.11,983.79 
29/09/2021T12:45:29Z,41,65,76,66.19,32.12,983.82 
29/09/2021T12:45:59Z,41,65,78,65.93,32.08,983.82 
29/09/2021T12:46:30Z,47,76,92,66.40,32.08,983.83 
29/09/2021T12:47:01Z,48,79,88,66.03,32.06,983.85 
29/09/2021T12:47:31Z,46,74,87,66.09,32.06,983.85 
29/09/2021T12:48:01Z,43,72,88,65.70,32.06,983.86 
29/09/2021T12:48:32Z,44,72,84,66.10,32.06,983.87 
29/09/2021T12:49:02Z,44,73,83,65.78,32.08,983.88 
29/09/2021T12:49:32Z,42,65,78,65.62,32.10,983.90 
29/09/2021T12:50:03Z,41,66,79,65.80,32.12,983.90 
29/09/2021T12:50:34Z,41,64,78,65.53,32.12,983.91 
29/09/2021T12:51:04Z,41,66,77,65.34,32.15,983.92 
29/09/2021T12:51:35Z,41,64,76,65.57,32.14,983.90 
29/09/2021T12:52:06Z,40,62,75,65.66,32.19,983.91 
29/09/2021T12:52:36Z,41,66,75,65.39,32.19,983.92 
29/09/2021T12:53:06Z,43,67,76,65.25,32.18,983.92 
29/09/2021T12:53:36Z,42,65,76,65.30,32.19,983.93 
29/09/2021T12:54:07Z,42,67,78,65.24,32.19,983.93 
29/09/2021T12:54:37Z,42,65,76,65.05,32.16,983.92 
29/09/2021T12:55:07Z,47,73,81,65.24,32.14,983.92 
29/09/2021T12:55:38Z,48,72,81,65.28,32.13,983.93 
29/09/2021T12:56:08Z,51,78,88,65.24,32.10,983.93 
29/09/2021T12:56:38Z,59,88,97,65.12,32.09,983.93 
29/09/2021T12:57:09Z,52,80,88,64.81,32.09,983.94 
29/09/2021T12:57:39Z,43,65,74,63.27,32.11,983.96 
29/09/2021T12:58:09Z,43,66,75,63.87,32.10,983.95 
29/09/2021T12:58:40Z,40,59,71,63.77,32.12,983.96 
29/09/2021T12:59:11Z,41,58,71,64.06,32.12,983.96 
29/09/2021T12:59:42Z,42,65,76,64.82,32.12,983.97 
29/09/2021T13:00:13Z,44,68,77,65.23,32.13,983.99 
29/09/2021T13:00:43Z,46,71,79,64.78,32.14,983.99 
29/09/2021T13:01:14Z,46,70,81,64.98,32.15,983.98 
29/09/2021T13:01:45Z,47,78,88,65.52,32.15,984.00 
29/09/2021T13:02:15Z,49,77,89,65.42,32.19,984.00 
29/09/2021T13:02:46Z,49,77,87,65.42,32.19,984.01 
29/09/2021T13:03:17Z,50,78,88,64.99,32.16,984.01 
29/09/2021T13:03:47Z,50,78,90,65.78,32.19,984.02 
29/09/2021T13:04:18Z,54,83,97,65.80,32.18,984.04 
29/09/2021T13:04:49Z,52,84,100,66.11,32.18,984.04 
29/09/2021T13:05:19Z,49,83,95,65.88,32.20,984.05 
29/09/2021T13:05:49Z,50,82,95,66.05,32.19,984.07 
29/09/2021T13:06:19Z,52,83,95,66.35,32.21,984.06 
29/09/2021T13:06:49Z,53,83,93,66.23,32.20,984.07 
29/09/2021T13:07:20Z,52,84,96,66.44,32.18,984.08 
29/09/2021T13:07:50Z,50,85,97,66.98,32.16,984.09 
29/09/2021T13:08:20Z,51,80,94,66.70,32.17,984.12 
29/09/2021T13:08:51Z,47,73,85,66.15,32.16,984.12 
29/09/2021T13:09:21Z,48,76,88,66.75,32.17,984.13 
29/09/2021T13:09:52Z,49,77,87,66.49,32.18,984.13 
29/09/2021T13:10:22Z,51,79,86,66.15,32.15,984.13 
29/09/2021T13:10:52Z,46,71,82,65.47,32.15,984.14 
29/09/2021T13:11:23Z,50,77,89,65.80,32.15,984.12 
29/09/2021T13:11:53Z,48,77,89,66.25,32.13,984.12 
29/09/2021T13:12:23Z,49,75,86,65.75,32.12,984.13 
29/09/2021T13:12:54Z,46,72,83,65.72,32.10,984.12 
29/09/2021T13:13:24Z,50,79,90,66.44,32.10,984.11 
29/09/2021T13:13:54Z,52,83,95,66.65,32.08,984.11 
29/09/2021T13:14:25Z,52,85,95,66.85,32.08,984.11 
29/09/2021T13:14:55Z,54,87,99,66.75,32.10,984.12 
29/09/2021T13:15:25Z,57,92,103,66.61,32.10,984.14 
29/09/2021T13:15:55Z,57,91,103,66.75,32.06,984.15 
29/09/2021T13:16:25Z,52,83,92,66.69,32.05,984.16 
29/09/2021T13:16:56Z,54,86,95,66.59,32.08,984.17 
29/09/2021T13:17:27Z,54,89,104,66.85,32.08,984.18 
29/09/2021T13:17:57Z,52,84,97,67.09,32.12,984.18 
29/09/2021T13:18:28Z,54,84,96,66.68,32.09,984.21 
29/09/2021T13:18:59Z,51,84,98,66.65,32.07,984.21 
29/09/2021T13:19:29Z,52,81,93,66.60,32.06,984.22 
29/09/2021T13:20:00Z,50,80,91,66.57,32.11,984.22 
29/09/2021T13:20:30Z,251,397,413,65.53,32.14,984.26 
29/09/2021T13:21:00Z,153,215,224,64.05,32.13,984.28 
29/09/2021T13:21:31Z,84,121,126,64.40,32.14,984.27 
29/09/2021T13:22:01Z,102,145,157,65.47,32.19,984.27 
29/09/2021T13:22:32Z,89,129,141,65.22,32.20,984.27 
29/09/2021T13:23:03Z,90,126,136,65.59,32.22,984.28 
29/09/2021T13:23:33Z,80,117,126,65.01,32.18,984.28 
29/09/2021T13:24:03Z,75,109,116,65.37,32.16,984.30 
29/09/2021T13:24:34Z,73,104,115,65.74,32.14,984.30 
29/09/2021T13:25:04Z,68,99,107,65.60,32.12,984.31 
29/09/2021T13:25:34Z,68,100,110,65.91,32.10,984.32 
29/09/2021T13:26:04Z,67,100,106,65.87,32.08,984.31 
29/09/2021T13:26:35Z,61,90,99,65.69,32.06,984.32 
29/09/2021T13:27:05Z,59,87,96,65.84,32.06,984.32 
29/09/2021T13:27:36Z,58,87,95,65.41,32.07,984.32 
29/09/2021T13:28:06Z,58,86,92,65.78,32.02,984.33 
29/09/2021T13:28:37Z,56,86,93,65.69,32.03,984.33 
29/09/2021T13:29:08Z,53,83,91,65.71,32.02,984.35 
29/09/2021T13:29:39Z,56,86,93,65.92,32.01,984.35 
29/09/2021T13:30:09Z,55,84,92,66.21,32.01,984.35 
29/09/2021T13:30:40Z,52,83,92,66.23,32.04,984.35 
29/09/2021T13:31:10Z,57,85,94,65.46,32.02,984.37 
29/09/2021T13:31:41Z,55,84,90,65.11,32.00,984.38 
29/09/2021T13:32:11Z,53,79,90,65.44,32.00,984.36 
29/09/2021T13:32:42Z,54,83,91,65.73,32.03,984.36 
29/09/2021T13:33:13Z,55,84,91,65.48,32.05,984.38 
29/09/2021T13:33:43Z,49,74,83,65.09,32.03,984.40 
29/09/2021T13:34:13Z,51,77,85,65.44,32.04,984.40 
29/09/2021T13:34:44Z,52,77,85,65.23,32.08,984.42 
29/09/2021T13:35:15Z,50,78,85,65.11,32.07,984.45 
29/09/2021T13:35:45Z,52,76,86,65.52,32.09,984.45 
29/09/2021T13:36:15Z,51,77,89,65.48,32.06,984.47 
29/09/2021T13:36:46Z,52,79,86,65.42,32.06,984.48 
29/09/2021T13:37:16Z,49,72,79,65.51,32.08,984.48 
29/09/2021T13:37:46Z,48,74,82,65.51,32.08,984.49 
29/09/2021T13:38:16Z,49,75,84,65.66,32.12,984.50 
29/09/2021T13:38:46Z,49,75,82,65.61,32.11,984.50 
29/09/2021T13:39:17Z,51,73,81,65.84,32.08,984.51 
29/09/2021T13:39:47Z,51,79,87,66.20,32.00,984.51 
29/09/2021T13:40:18Z,52,81,91,66.23,31.97,984.53 
29/09/2021T13:40:49Z,50,78,89,66.26,31.93,984.54 
29/09/2021T13:41:20Z,53,81,90,66.15,31.94,984.54 
29/09/2021T13:41:50Z,50,77,85,66.01,31.93,984.54 
29/09/2021T13:42:20Z,53,78,88,66.02,31.93,984.55 
29/09/2021T13:42:50Z,53,81,90,66.04,31.96,984.56 
29/09/2021T13:43:21Z,51,77,84,65.86,31.95,984.58 
29/09/2021T13:43:51Z,52,78,87,65.71,31.92,984.60 
29/09/2021T13:44:21Z,49,77,86,65.67,31.92,984.61 
29/09/2021T13:44:52Z,49,72,78,65.50,31.93,984.63 
29/09/2021T13:45:23Z,47,70,79,65.16,31.96,984.64 
29/09/2021T13:45:53Z,47,71,80,65.14,31.97,984.65 
29/09/2021T13:46:23Z,45,70,78,64.92,31.96,984.67 
29/09/2021T13:46:53Z,45,67,76,64.79,31.95,984.68 
29/09/2021T13:47:23Z,123,172,182,65.10,31.98,984.69 
29/09/2021T13:47:53Z,89,127,133,65.25,31.99,984.70 
29/09/2021T13:48:23Z,80,117,124,65.48,32.01,984.71 
29/09/2021T13:48:54Z,61,88,93,64.71,32.02,984.72 
29/09/2021T13:49:25Z,61,86,92,65.15,32.04,984.72 
29/09/2021T13:49:55Z,57,83,90,65.41,32.05,984.70 
29/09/2021T13:50:26Z,60,89,97,66.11,32.05,984.71 
29/09/2021T13:50:57Z,56,82,89,65.62,32.03,984.71 
29/09/2021T13:51:27Z,51,74,79,64.89,32.04,984.72 
29/09/2021T13:51:58Z,49,72,78,65.03,32.07,984.71 
29/09/2021T13:52:28Z,49,69,77,65.21,32.05,984.71 
29/09/2021T13:52:59Z,53,79,85,65.76,32.06,984.71 
29/09/2021T13:53:30Z,51,73,80,65.72,32.08,984.71 
29/09/2021T13:54:01Z,50,75,83,65.36,32.06,984.71 
29/09/2021T13:54:32Z,50,75,81,65.45,32.07,984.73 
29/09/2021T13:55:02Z,49,74,81,65.67,32.07,984.73 
29/09/2021T13:55:33Z,52,76,85,65.44,32.03,984.74 
29/09/2021T13:56:04Z,52,77,83,65.66,32.05,984.74 
29/09/2021T13:56:35Z,51,75,82,65.33,32.06,984.74 
29/09/2021T13:57:05Z,52,75,81,65.28,32.03,984.76 
29/09/2021T13:57:36Z,49,73,82,65.30,32.02,984.77 
29/09/2021T13:58:07Z,47,71,79,65.01,32.02,984.79 
29/09/2021T13:58:38Z,49,73,81,65.65,32.00,984.79 
29/09/2021T13:59:08Z,47,73,82,65.35,31.99,984.81 
29/09/2021T13:59:38Z,48,71,81,65.47,31.99,984.82 
29/09/2021T14:00:09Z,47,70,79,65.05,32.01,984.83 
29/09/2021T14:00:39Z,43,66,75,64.52,32.02,984.85 
29/09/2021T14:01:09Z,44,64,75,64.54,32.09,984.84 
29/09/2021T14:01:40Z,43,62,73,63.38,32.09,984.85 
29/09/2021T14:02:11Z,41,61,72,63.99,32.07,984.85 
29/09/2021T14:02:42Z,43,65,75,64.41,32.04,984.86 
29/09/2021T14:03:12Z,45,68,77,64.79,32.00,984.89 
29/09/2021T14:03:43Z,45,67,76,64.88,31.98,984.90 
29/09/2021T14:04:13Z,45,69,79,65.57,31.99,984.90 
29/09/2021T14:04:44Z,46,70,79,65.86,31.99,984.91 
29/09/2021T14:05:14Z,51,75,83,65.58,32.01,984.90 
29/09/2021T14:05:45Z,56,86,97,65.55,32.01,984.91 
29/09/2021T14:06:15Z,54,84,95,65.51,32.01,984.87 
29/09/2021T14:06:45Z,55,84,95,66.05,31.99,984.88 
29/09/2021T14:07:15Z,55,84,94,65.93,32.04,984.85 
29/09/2021T14:07:46Z,51,76,83,65.13,32.04,984.87 
29/09/2021T14:08:16Z,49,74,85,65.78,32.01,984.89 
29/09/2021T14:08:47Z,50,75,85,65.97,32.01,984.90 
29/09/2021T14:09:18Z,49,75,81,65.74,32.04,984.89 
29/09/2021T14:09:48Z,50,78,86,65.97,32.09,984.87 
29/09/2021T14:10:19Z,50,78,87,66.09,32.13,984.89 
29/09/2021T14:10:49Z,52,77,85,66.16,32.18,984.90 
29/09/2021T14:11:19Z,53,82,90,65.64,32.15,984.90 
29/09/2021T14:11:49Z,52,80,92,64.12,32.12,984.93 
29/09/2021T14:12:19Z,50,78,86,64.90,32.11,984.90 
29/09/2021T14:12:50Z,55,82,87,64.42,32.11,984.92 
29/09/2021T14:13:20Z,49,74,83,63.82,32.09,984.92 
29/09/2021T14:13:51Z,47,69,78,63.24,32.06,984.94 
29/09/2021T14:14:22Z,45,68,78,63.56,32.09,984.93 
29/09/2021T14:14:52Z,45,65,75,62.56,32.09,984.93 
29/09/2021T14:15:23Z,45,64,74,63.60,32.10,984.92 
29/09/2021T14:15:53Z,47,72,81,64.34,32.09,984.92 
29/09/2021T14:16:23Z,51,77,83,64.78,32.03,984.95 
29/09/2021T14:16:54Z,51,77,84,65.24,31.99,984.97 
29/09/2021T14:17:24Z,52,80,90,65.30,31.99,984.98 
29/09/2021T14:17:55Z,53,79,89,65.72,32.00,984.99 
29/09/2021T14:18:25Z,49,77,85,64.83,32.02,985.00 
29/09/2021T14:18:56Z,47,72,81,64.48,32.03,984.99 
29/09/2021T14:19:27Z,49,74,79,65.09,32.04,985.00 
29/09/2021T14:19:57Z,48,76,84,65.34,32.01,985.01 
29/09/2021T14:20:28Z,49,77,87,65.68,32.02,985.02 
29/09/2021T14:20:58Z,49,76,85,64.84,31.97,985.05 
29/09/2021T14:21:28Z,48,74,84,65.25,31.97,985.04 
29/09/2021T14:21:58Z,46,69,79,64.77,31.99,985.05 
29/09/2021T14:22:29Z,47,71,79,64.63,32.01,985.06 
29/09/2021T14:22:59Z,46,68,76,64.68,32.02,985.06 
29/09/2021T14:23:29Z,45,68,77,64.87,32.05,985.06 
29/09/2021T14:23:59Z,49,75,87,64.98,32.00,985.07 
29/09/2021T14:24:30Z,54,82,91,65.27,32.02,985.07 
29/09/2021T14:25:00Z,49,75,84,64.84,32.05,985.07 
29/09/2021T14:25:30Z,49,75,85,64.63,32.03,985.09 
29/09/2021T14:26:01Z,52,83,93,65.00,31.98,985.09 
29/09/2021T14:26:31Z,50,78,90,64.34,31.98,985.10 
29/09/2021T14:27:01Z,49,75,83,65.09,32.02,985.11 
29/09/2021T14:27:32Z,48,74,83,65.14,32.07,985.12 
29/09/2021T14:28:03Z,46,68,76,64.47,32.03,985.14 
29/09/2021T14:28:33Z,70,100,109,64.84,32.00,985.16 
29/09/2021T14:29:03Z,64,92,101,65.80,32.00,985.16 
29/09/2021T14:29:33Z,54,80,86,65.63,32.04,985.18 
29/09/2021T14:30:03Z,52,78,84,65.11,32.05,985.19 
29/09/2021T14:30:33Z,49,73,81,64.69,32.01,985.21 
29/09/2021T14:31:04Z,49,74,81,64.37,32.02,985.22 
29/09/2021T14:31:34Z,48,73,82,64.80,32.06,985.21 
29/09/2021T14:32:05Z,48,73,80,65.24,32.04,985.23 
29/09/2021T14:32:36Z,49,72,79,65.65,32.03,985.21 
29/09/2021T14:33:06Z,50,74,85,65.74,32.04,985.24 
29/09/2021T14:33:37Z,48,75,85,65.55,32.09,985.23 
29/09/2021T14:34:07Z,45,73,81,64.84,32.11,985.24 
29/09/2021T14:34:38Z,42,64,75,64.70,32.08,985.24 
29/09/2021T14:35:08Z,44,64,74,64.31,32.08,985.24 
29/09/2021T14:35:39Z,42,63,74,64.31,32.05,985.23 
29/09/2021T14:36:09Z,42,62,74,64.75,32.04,985.24 
29/09/2021T14:36:39Z,45,68,77,64.96,32.04,985.24 
29/09/2021T14:37:10Z,42,63,73,65.02,32.06,985.24 
29/09/2021T14:37:40Z,42,64,74,64.84,32.08,985.25 
29/09/2021T14:38:11Z,43,67,77,65.40,32.09,985.26 
29/09/2021T14:38:41Z,43,64,77,65.67,32.16,985.24 
29/09/2021T14:39:11Z,42,64,75,65.59,32.19,985.26 
29/09/2021T14:39:42Z,44,69,80,65.60,32.18,985.27 
29/09/2021T14:40:13Z,44,66,76,65.90,32.15,985.27 
29/09/2021T14:40:43Z,42,64,75,65.87,32.16,985.27 
29/09/2021T14:41:14Z,44,68,77,65.37,32.17,985.27 
29/09/2021T14:41:44Z,46,70,80,65.61,32.15,985.28 
29/09/2021T14:42:14Z,53,79,88,65.79,32.12,985.30 
29/09/2021T14:42:45Z,58,83,89,66.08,32.16,985.29 
29/09/2021T14:43:16Z,52,80,89,65.13,32.16,985.30 
29/09/2021T14:43:46Z,50,73,80,65.09,32.18,985.31 
29/09/2021T14:44:16Z,50,76,84,64.14,32.16,985.31 
29/09/2021T14:44:47Z,46,67,77,64.45,32.14,985.30 
29/09/2021T14:45:17Z,44,64,74,64.28,32.14,985.31 
29/09/2021T14:45:48Z,45,66,77,64.76,32.18,985.31 
29/09/2021T14:46:18Z,44,66,75,64.70,32.17,985.32 
29/09/2021T14:46:48Z,45,66,75,64.54,32.18,985.33 
29/09/2021T14:47:18Z,45,64,74,64.03,32.15,985.34 
29/09/2021T14:47:49Z,44,64,73,63.48,32.12,985.33 
29/09/2021T14:48:20Z,45,65,74,63.87,32.12,985.33 
29/09/2021T14:48:50Z,45,65,74,64.28,32.13,985.34 
29/09/2021T14:49:21Z,51,74,83,63.71,32.08,985.33 
29/09/2021T14:49:51Z,52,78,85,64.43,32.09,985.33 
29/09/2021T14:50:21Z,48,70,78,64.73,32.13,985.34 
29/09/2021T14:50:52Z,49,72,81,65.80,32.16,985.34 
29/09/2021T14:51:22Z,47,70,80,65.67,32.15,985.36 
29/09/2021T14:51:53Z,48,71,82,65.88,32.15,985.37 
29/09/2021T14:52:24Z,47,70,79,64.84,32.14,985.40 
29/09/2021T14:52:54Z,49,73,81,64.75,32.13,985.41 
29/09/2021T14:53:24Z,47,69,79,64.65,32.11,985.41 
29/09/2021T14:53:55Z,44,64,74,63.55,32.08,985.41 
29/09/2021T14:54:25Z,44,64,74,63.91,32.05,985.42 
29/09/2021T14:54:55Z,46,63,74,64.67,32.06,985.43 
29/09/2021T14:55:26Z,46,67,75,65.32,32.09,985.43 
29/09/2021T14:55:56Z,43,62,74,65.59,32.09,985.45 
29/09/2021T14:56:27Z,41,59,71,64.78,32.10,985.47 
29/09/2021T14:56:57Z,39,58,70,63.50,32.05,985.49 
29/09/2021T14:57:28Z,40,58,71,64.36,32.07,985.48 
29/09/2021T14:57:58Z,43,61,73,65.53,32.17,985.48 
29/09/2021T14:58:29Z,40,60,72,64.97,32.23,985.49 
29/09/2021T14:58:59Z,40,58,70,64.37,32.22,985.51 
29/09/2021T14:59:30Z,39,53,66,65.21,32.21,985.50 
29/09/2021T15:00:00Z,41,60,71,65.52,32.21,985.51 
29/09/2021T15:00:31Z,39,58,70,65.24,32.22,985.52 
29/09/2021T15:01:01Z,40,58,70,65.51,32.22,985.52 
29/09/2021T15:01:31Z,39,56,70,64.48,32.21,985.54 
29/09/2021T15:02:02Z,37,53,68,64.03,32.17,985.54 
29/09/2021T15:02:32Z,37,54,66,64.07,32.15,985.54 
29/09/2021T15:03:03Z,38,53,65,64.18,32.15,985.55 
29/09/2021T15:03:33Z,36,51,63,64.37,32.15,985.56 
29/09/2021T15:04:04Z,37,54,66,64.77,32.19,985.55 
29/09/2021T15:04:35Z,36,53,67,63.01,32.15,985.59 
29/09/2021T15:05:06Z,36,52,65,63.43,32.13,985.58 
29/09/2021T15:05:36Z,37,54,68,63.61,32.09,985.59 
29/09/2021T15:06:06Z,38,54,68,64.46,32.12,985.59 
29/09/2021T15:06:37Z,37,55,68,64.97,32.13,985.59 
29/09/2021T15:07:07Z,37,54,66,64.64,32.11,985.60 
29/09/2021T15:07:37Z,37,52,66,65.29,32.15,985.61 
29/09/2021T15:08:07Z,36,51,66,64.94,32.12,985.59 
29/09/2021T15:08:38Z,35,51,65,65.42,32.13,985.59 
29/09/2021T15:09:09Z,37,55,68,65.49,32.12,985.60 
29/09/2021T15:09:39Z,36,52,67,65.96,32.20,985.60 
29/09/2021T15:10:09Z,38,55,69,65.70,32.25,985.60 
29/09/2021T15:10:40Z,38,56,69,64.84,32.21,985.62 
29/09/2021T15:11:11Z,35,51,66,65.32,32.15,985.60 
29/09/2021T15:11:41Z,36,53,67,65.08,32.07,985.59 
29/09/2021T15:12:12Z,36,55,69,65.43,32.04,985.60 
29/09/2021T15:12:43Z,35,52,65,64.48,32.01,985.63 
29/09/2021T15:13:13Z,36,54,68,64.88,32.03,985.60 
29/09/2021T15:13:43Z,43,66,75,64.72,32.04,985.61 
29/09/2021T15:14:14Z,36,53,67,64.93,32.03,985.62 
29/09/2021T15:14:44Z,35,53,67,64.54,32.02,985.64 
29/09/2021T15:15:15Z,35,51,64,64.65,31.99,985.64 
29/09/2021T15:15:45Z,35,51,63,63.88,31.97,985.65 
29/09/2021T15:16:15Z,35,52,65,64.58,31.97,985.64 
29/09/2021T15:16:46Z,35,51,64,64.69,32.03,985.64 
29/09/2021T15:17:17Z,35,50,63,64.39,32.06,985.65 
29/09/2021T15:17:47Z,35,52,65,63.21,32.03,985.66 
29/09/2021T15:18:17Z,34,50,63,64.32,32.03,985.66 
29/09/2021T15:18:48Z,35,51,64,63.34,32.01,985.65 
29/09/2021T15:19:18Z,35,51,62,63.94,32.00,985.66 
29/09/2021T15:19:49Z,34,49,63,63.98,32.06,985.66 
29/09/2021T15:20:20Z,34,49,60,64.15,32.06,985.65 
29/09/2021T15:20:50Z,35,52,66,63.69,32.01,985.69 
29/09/2021T15:21:20Z,34,51,65,63.99,31.97,985.69 
29/09/2021T15:21:51Z,34,52,66,64.38,31.95,985.69 
29/09/2021T15:22:21Z,35,51,65,64.59,31.95,985.69 
29/09/2021T15:22:52Z,35,52,65,65.16,31.96,985.68 
29/09/2021T15:23:23Z,34,51,65,64.26,31.97,985.71 
29/09/2021T15:23:53Z,33,48,60,63.73,32.00,985.70 
29/09/2021T15:24:24Z,33,49,61,64.16,32.04,985.68 
29/09/2021T15:24:55Z,34,51,63,64.14,32.06,985.69 
29/09/2021T15:25:25Z,35,51,65,63.65,32.05,985.70 
29/09/2021T15:25:56Z,34,50,64,63.53,32.00,985.71 
29/09/2021T15:26:26Z,36,54,68,64.50,31.98,985.72 
29/09/2021T15:26:56Z,33,50,63,63.76,31.97,985.72 
29/09/2021T15:27:27Z,34,50,65,63.68,31.98,985.72 
29/09/2021T15:27:58Z,35,51,64,64.08,31.98,985.70 
29/09/2021T15:28:29Z,34,51,64,64.53,31.99,985.71 
29/09/2021T15:28:59Z,35,51,67,64.26,32.02,985.70 
29/09/2021T15:29:30Z,36,52,66,64.80,32.05,985.68 
29/09/2021T15:30:00Z,37,54,67,64.79,32.05,985.70 
29/09/2021T15:30:30Z,35,53,66,64.55,32.06,985.70 
29/09/2021T15:31:00Z,36,53,67,64.27,32.09,985.69 
29/09/2021T15:31:30Z,34,51,63,63.53,32.07,985.71 
29/09/2021T15:32:01Z,33,50,63,63.67,32.02,985.69 
29/09/2021T15:32:32Z,35,52,66,63.97,32.01,985.71 
29/09/2021T15:33:02Z,35,54,66,64.55,32.03,985.69 
29/09/2021T15:33:32Z,35,52,66,63.87,32.05,985.69 
29/09/2021T15:34:02Z,39,56,68,64.16,32.05,985.69 
29/09/2021T15:34:33Z,38,52,66,63.70,32.04,985.70 
29/09/2021T15:35:04Z,40,58,70,63.67,32.02,985.70 
29/09/2021T15:35:34Z,42,61,72,63.75,31.97,985.69 
29/09/2021T15:36:04Z,40,58,71,63.51,31.92,985.70 
29/09/2021T15:36:35Z,35,54,67,63.77,31.90,985.70 
29/09/2021T15:37:05Z,37,55,67,63.68,31.86,985.70 
29/09/2021T15:37:36Z,39,54,67,63.50,31.85,985.69 
29/09/2021T15:38:06Z,36,53,66,63.63,31.83,985.68 
29/09/2021T15:38:37Z,41,61,71,64.09,31.84,985.67 
29/09/2021T15:39:07Z,43,62,73,64.08,31.83,985.68 
29/09/2021T15:39:37Z,40,58,69,64.17,31.84,985.66 
29/09/2021T15:40:08Z,39,59,71,64.52,31.82,985.67 
29/09/2021T15:40:39Z,40,59,71,64.79,31.81,985.67 
29/09/2021T15:41:09Z,40,61,73,65.14,31.83,985.68 
29/09/2021T15:41:40Z,39,56,70,64.31,31.85,985.69 
29/09/2021T15:42:11Z,40,58,70,64.57,31.90,985.69 
29/09/2021T15:42:41Z,68,96,101,64.58,31.90,985.72 
29/09/2021T15:43:12Z,56,80,86,64.66,31.87,985.73 
29/09/2021T15:43:42Z,53,76,83,64.73,31.91,985.74 
29/09/2021T15:44:13Z,51,72,77,64.46,31.89,985.77 
29/09/2021T15:44:43Z,47,68,76,64.81,31.88,985.77 
29/09/2021T15:45:14Z,45,66,75,64.99,31.87,985.78 
29/09/2021T15:45:45Z,43,65,74,65.01,31.91,985.79 
29/09/2021T15:46:15Z,41,60,73,65.05,31.90,985.80 
29/09/2021T15:46:46Z,41,59,71,65.11,31.91,985.80 
29/09/2021T15:47:16Z,39,57,70,64.56,32.00,985.81 
29/09/2021T15:47:46Z,41,57,70,64.42,31.97,985.80 
29/09/2021T15:48:16Z,40,57,71,64.67,32.00,985.80 
29/09/2021T15:48:46Z,40,57,69,64.80,31.96,985.81 
29/09/2021T15:49:17Z,39,58,70,65.42,31.97,985.82 
29/09/2021T15:49:47Z,39,57,70,65.45,32.01,985.82 
29/09/2021T15:50:17Z,38,57,69,65.31,32.10,985.82 
29/09/2021T15:50:47Z,38,56,69,65.23,32.18,985.81 
29/09/2021T15:51:18Z,38,59,70,65.33,32.21,985.82 
29/09/2021T15:51:49Z,38,56,70,65.31,32.19,985.82 
29/09/2021T15:52:19Z,37,54,67,65.44,32.17,985.83 
29/09/2021T15:52:49Z,38,55,69,65.34,32.15,985.83 
29/09/2021T15:53:19Z,37,56,68,65.42,32.15,985.83 
29/09/2021T15:53:50Z,37,54,67,65.73,32.12,985.83 
29/09/2021T15:54:20Z,36,54,67,65.62,32.07,985.82 
29/09/2021T15:54:51Z,37,55,68,65.81,32.03,985.81 
29/09/2021T15:55:21Z,37,55,69,66.08,32.02,985.80 
29/09/2021T15:55:52Z,39,57,70,66.10,31.99,985.80 
29/09/2021T15:56:22Z,38,54,68,66.15,31.98,985.81 
29/09/2021T15:56:52Z,39,54,67,66.30,31.97,985.80 
29/09/2021T15:57:23Z,38,54,67,66.41,32.01,985.80 
29/09/2021T15:57:54Z,38,53,66,65.97,32.06,985.80 
29/09/2021T15:58:24Z,37,54,68,65.82,32.10,985.81 
29/09/2021T15:58:54Z,38,55,68,65.77,32.08,985.81 
29/09/2021T15:59:25Z,40,56,69,65.96,32.05,985.80 
29/09/2021T15:59:55Z,41,59,70,65.76,31.98,985.81 
29/09/2021T16:00:25Z,41,58,69,65.05,31.97,985.81 
29/09/2021T16:00:56Z,40,59,71,65.07,31.95,985.81 
29/09/2021T16:01:26Z,41,60,72,65.18,31.97,985.80 
29/09/2021T16:01:56Z,40,59,72,65.90,31.98,985.79 
29/09/2021T16:02:26Z,42,60,71,66.15,31.99,985.79 
29/09/2021T16:02:57Z,41,58,70,65.99,32.01,985.80 
29/09/2021T16:03:28Z,40,59,71,66.09,32.03,985.78 
29/09/2021T16:03:59Z,38,56,69,65.81,32.03,985.79 
29/09/2021T16:04:29Z,40,61,73,65.67,32.02,985.79 
29/09/2021T16:05:00Z,40,58,70,65.27,32.01,985.80 
29/09/2021T16:05:30Z,40,61,73,65.49,32.01,985.80 
29/09/2021T16:06:00Z,39,56,69,65.21,32.01,985.80 
29/09/2021T16:06:31Z,39,57,70,65.22,31.99,985.83 
29/09/2021T16:07:02Z,39,56,68,65.03,31.98,985.82 
29/09/2021T16:07:32Z,38,58,71,65.20,31.98,985.83 
29/09/2021T16:08:02Z,40,57,70,65.19,31.98,985.83 
29/09/2021T16:08:33Z,39,56,69,64.02,31.93,985.85 
29/09/2021T16:09:04Z,37,54,67,63.18,31.84,985.85 
29/09/2021T16:09:34Z,38,55,69,64.21,31.83,985.83 
29/09/2021T16:10:05Z,41,59,69,64.73,31.89,985.82 
29/09/2021T16:10:36Z,45,63,72,63.93,31.90,985.83 
29/09/2021T16:11:07Z,42,62,72,63.67,31.87,985.85 
29/09/2021T16:12:07Z,44,60,70,63.75,31.85,985.84 
29/09/2021T16:12:37Z,43,63,74,63.67,31.84,985.86 
29/09/2021T16:13:41Z,43,60,69,64.35,31.85,985.87 
29/09/2021T16:14:11Z,38,56,69,64.17,31.79,985.88 
29/09/2021T16:14:41Z,39,56,70,64.20,31.77,985.87 
29/09/2021T16:15:11Z,40,59,71,64.09,31.73,985.90 
29/09/2021T16:15:42Z,43,60,71,65.25,31.74,985.88 
29/09/2021T16:16:13Z,57,84,87,65.07,31.76,985.90 
29/09/2021T16:16:43Z,56,84,88,65.43,31.74,985.91 
29/09/2021T16:17:13Z,63,93,99,65.40,31.72,985.93 
29/09/2021T16:18:13Z,61,89,92,65.09,31.75,985.92 
29/09/2021T16:18:44Z,51,75,80,64.61,31.74,985.92 
29/09/2021T16:19:15Z,50,74,80,64.89,31.77,985.91 
