29/10/2021T03:00:07Z,137,218,242,61.46,23.03,995.52 
29/10/2021T03:00:38Z,146,235,254,60.99,23.20,995.59 
29/10/2021T03:01:09Z,154,246,271,60.27,23.35,995.72 
29/10/2021T03:01:36Z,154,253,276,59.66,23.46,995.85 
29/10/2021T03:02:07Z,157,256,283,59.36,23.55,995.92 
29/10/2021T03:02:38Z,155,252,281,59.23,23.64,995.91 
29/10/2021T03:03:08Z,158,253,275,59.01,23.63,995.99 
29/10/2021T03:03:38Z,151,240,265,58.67,23.75,996.04 
29/10/2021T03:04:09Z,153,253,283,58.31,23.81,996.12 
29/10/2021T03:04:40Z,151,244,268,58.12,23.87,996.14 
29/10/2021T03:05:10Z,157,259,289,58.00,23.90,996.17 
29/10/2021T03:05:40Z,157,283,352,58.32,23.92,996.07 
29/10/2021T03:06:11Z,157,283,368,58.33,23.98,996.04 
29/10/2021T03:06:41Z,158,302,395,58.38,24.05,996.02 
29/10/2021T03:07:12Z,162,305,381,57.94,24.02,996.15 
29/10/2021T03:07:42Z,159,301,387,57.99,24.05,996.13 
29/10/2021T03:08:12Z,156,283,349,57.73,24.03,996.19 
29/10/2021T03:08:43Z,157,313,445,57.65,24.07,996.21 
29/10/2021T03:09:13Z,155,353,559,57.46,24.07,996.26 
29/10/2021T03:09:43Z,154,364,573,57.58,24.08,996.21 
29/10/2021T03:10:14Z,156,358,574,57.94,24.15,996.06 
29/10/2021T03:10:44Z,154,312,431,58.17,24.14,995.98 
29/10/2021T03:11:15Z,166,312,417,58.00,23.99,996.06 
29/10/2021T03:11:46Z,167,311,402,58.26,23.99,995.98 
29/10/2021T03:12:16Z,165,311,397,58.24,24.09,995.97 
29/10/2021T03:12:47Z,164,301,369,58.22,24.16,995.96 
29/10/2021T03:13:17Z,170,288,342,58.46,24.13,995.90 
29/10/2021T03:13:48Z,166,291,347,58.30,24.15,995.94 
29/10/2021T03:14:18Z,170,288,329,58.26,24.08,995.98 
29/10/2021T03:14:49Z,166,287,338,58.42,24.07,995.93 
29/10/2021T03:15:20Z,166,285,342,58.32,24.13,995.96 
29/10/2021T03:15:51Z,167,285,329,58.38,24.23,995.91 
29/10/2021T03:16:21Z,165,281,317,58.24,24.29,995.94 
29/10/2021T03:16:52Z,170,281,319,58.35,24.32,995.91 
29/10/2021T03:17:22Z,163,278,321,58.31,24.35,995.91 
29/10/2021T03:17:52Z,164,277,319,58.24,24.44,995.92 
29/10/2021T03:18:23Z,165,281,322,58.02,24.48,995.98 
29/10/2021T03:18:53Z,164,277,314,57.99,24.47,995.99 
29/10/2021T03:19:23Z,165,276,319,57.80,24.46,996.06 
29/10/2021T03:19:54Z,165,280,319,57.80,24.49,996.05 
29/10/2021T03:20:24Z,168,284,319,58.22,24.32,995.95 
29/10/2021T03:20:55Z,169,284,318,58.24,24.36,995.94 
29/10/2021T03:21:25Z,175,284,322,58.34,24.23,995.94 
29/10/2021T03:21:55Z,183,305,338,59.24,24.16,995.70 
29/10/2021T03:22:26Z,202,335,373,59.08,24.21,995.73 
29/10/2021T03:22:57Z,191,321,351,59.13,24.27,995.72 
29/10/2021T03:23:27Z,194,328,360,59.27,24.30,995.69 
29/10/2021T03:23:58Z,190,323,363,58.62,24.44,995.84 
29/10/2021T03:24:29Z,191,318,351,58.63,24.53,995.82 
29/10/2021T03:24:59Z,196,317,353,58.33,24.54,995.90 
29/10/2021T03:25:29Z,188,312,357,57.46,24.44,996.17 
29/10/2021T03:25:59Z,175,295,330,58.04,24.46,995.99 
29/10/2021T03:26:30Z,176,290,323,57.16,24.33,996.27 
29/10/2021T03:27:01Z,179,293,327,57.54,24.21,996.19 
29/10/2021T03:27:31Z,181,299,334,57.59,24.20,996.16 
29/10/2021T03:28:01Z,176,291,325,57.28,24.23,996.24 
29/10/2021T03:28:32Z,175,291,324,57.59,24.14,996.21 
29/10/2021T03:29:02Z,179,298,335,57.51,24.13,996.22 
29/10/2021T03:29:32Z,177,289,321,56.79,23.99,996.47 
29/10/2021T03:30:02Z,180,299,332,57.69,24.01,996.20 
29/10/2021T03:30:33Z,177,287,314,58.26,24.14,995.97 
29/10/2021T03:31:03Z,176,290,321,57.36,24.23,996.21 
29/10/2021T03:31:33Z,174,288,321,57.37,24.25,996.24 
29/10/2021T03:32:04Z,170,284,322,57.31,24.42,996.19 
29/10/2021T03:32:34Z,176,297,321,56.92,24.51,996.32 
29/10/2021T03:33:04Z,176,291,320,56.52,24.51,996.43 
29/10/2021T03:33:35Z,179,291,321,56.44,24.64,996.43 
29/10/2021T03:34:05Z,176,291,324,56.23,24.70,996.49 
29/10/2021T03:34:35Z,176,290,322,56.15,24.81,996.47 
29/10/2021T03:35:05Z,181,294,324,55.72,24.85,996.60 
29/10/2021T03:35:35Z,178,297,325,55.59,24.90,996.64 
29/10/2021T03:36:06Z,176,289,323,55.24,24.87,996.75 
29/10/2021T03:36:36Z,179,289,324,55.37,24.87,996.68 
29/10/2021T03:37:06Z,178,290,322,55.18,24.87,996.73 
29/10/2021T03:37:37Z,178,291,321,55.48,24.92,996.62 
29/10/2021T03:38:07Z,173,280,310,55.09,24.95,996.72 
29/10/2021T03:38:38Z,171,283,310,54.79,24.90,996.81 
29/10/2021T03:39:09Z,173,283,309,55.03,24.74,996.77 
29/10/2021T03:39:39Z,174,294,334,55.38,24.57,996.68 
29/10/2021T03:40:10Z,172,287,320,56.26,24.66,996.29 
29/10/2021T03:40:40Z,179,295,344,55.38,24.69,996.55 
29/10/2021T03:41:11Z,177,301,348,55.71,24.71,996.47 
29/10/2021T03:41:42Z,175,297,332,55.35,24.72,996.58 
29/10/2021T03:42:12Z,176,291,327,55.76,24.74,996.44 
29/10/2021T03:42:42Z,179,295,329,56.02,24.76,996.34 
29/10/2021T03:43:13Z,177,292,328,55.64,24.74,996.45 
29/10/2021T03:43:43Z,175,293,325,55.98,24.79,996.35 
29/10/2021T03:44:14Z,174,292,317,55.51,24.77,996.51 
29/10/2021T03:44:44Z,172,284,320,55.82,24.86,996.38 
29/10/2021T03:45:14Z,168,283,316,55.53,25.00,996.44 
29/10/2021T03:45:45Z,171,283,314,55.42,25.05,996.50 
29/10/2021T03:46:15Z,172,282,308,55.33,25.19,996.49 
29/10/2021T03:46:46Z,168,280,313,55.02,25.25,996.57 
29/10/2021T03:47:16Z,169,278,317,55.26,25.33,996.48 
29/10/2021T03:47:46Z,170,276,303,54.84,25.31,996.62 
29/10/2021T03:48:16Z,178,294,322,55.31,25.17,996.52 
29/10/2021T03:48:47Z,179,295,326,55.46,25.09,996.47 
29/10/2021T03:49:17Z,190,312,343,55.33,24.96,996.54 
29/10/2021T03:49:48Z,208,338,371,55.46,24.87,996.50 
29/10/2021T03:50:18Z,178,294,325,55.93,24.82,996.36 
29/10/2021T03:50:48Z,180,292,327,56.23,24.93,996.24 
29/10/2021T03:51:18Z,175,285,315,55.84,25.01,996.35 
29/10/2021T03:51:49Z,175,284,315,55.77,25.15,996.35 
29/10/2021T03:52:19Z,176,288,323,55.47,25.26,996.43 
29/10/2021T03:52:49Z,172,281,310,55.20,25.27,996.52 
29/10/2021T03:53:20Z,173,290,320,54.79,25.24,996.66 
29/10/2021T03:53:50Z,171,280,308,54.93,25.23,996.62 
29/10/2021T03:54:21Z,175,285,317,55.02,25.18,996.61 
29/10/2021T03:54:51Z,173,282,315,55.00,25.18,996.59 
29/10/2021T03:55:21Z,182,290,322,55.30,25.13,996.54 
29/10/2021T03:55:52Z,180,299,325,54.96,25.09,996.60 
29/10/2021T03:56:22Z,173,287,318,55.01,24.99,996.64 
29/10/2021T03:56:52Z,172,283,312,55.27,25.00,996.53 
29/10/2021T03:57:23Z,173,286,320,55.51,25.07,996.42 
29/10/2021T03:57:53Z,169,283,313,55.30,25.09,996.50 
29/10/2021T03:58:24Z,171,284,316,55.19,25.20,996.51 
29/10/2021T03:58:54Z,169,282,311,55.08,25.29,996.53 
29/10/2021T03:59:24Z,173,281,307,54.95,25.33,996.55 
29/10/2021T03:59:55Z,172,284,313,55.02,25.35,996.52 
29/10/2021T04:00:25Z,170,278,306,55.03,25.40,996.49 
29/10/2021T04:00:55Z,172,283,316,54.98,25.45,996.50 
29/10/2021T04:01:26Z,174,286,314,55.03,25.45,996.50 
29/10/2021T04:01:56Z,172,280,307,55.24,25.46,996.41 
29/10/2021T04:02:26Z,170,282,308,55.02,25.50,996.47 
29/10/2021T04:02:56Z,178,291,325,54.91,25.43,996.54 
29/10/2021T04:03:27Z,186,311,348,55.02,25.25,996.56 
29/10/2021T04:03:57Z,189,312,351,55.43,25.20,996.44 
29/10/2021T04:04:28Z,189,310,338,54.76,25.11,996.68 
29/10/2021T04:04:58Z,180,297,330,55.76,25.17,996.36 
29/10/2021T04:05:29Z,175,290,324,55.35,25.28,996.43 
29/10/2021T04:05:59Z,180,302,347,55.10,25.25,996.55 
29/10/2021T04:06:29Z,180,295,330,55.48,25.33,996.36 
29/10/2021T04:07:00Z,183,298,331,54.53,25.30,996.71 
29/10/2021T04:07:30Z,197,322,356,54.91,25.18,996.64 
29/10/2021T04:08:01Z,187,304,337,55.49,25.19,996.46 
29/10/2021T04:08:31Z,187,301,336,55.38,25.29,996.45 
29/10/2021T04:09:01Z,189,303,334,55.24,25.36,996.50 
29/10/2021T04:09:31Z,187,309,343,55.28,25.42,996.48 
29/10/2021T04:10:02Z,190,310,340,55.35,25.45,996.44 
29/10/2021T04:10:33Z,187,305,328,55.62,25.47,996.35 
29/10/2021T04:11:03Z,183,300,341,55.61,25.50,996.35 
29/10/2021T04:11:33Z,183,300,332,54.90,25.50,996.60 
29/10/2021T04:12:03Z,177,295,331,54.40,25.46,996.79 
29/10/2021T04:12:33Z,179,296,332,54.24,25.37,996.92 
29/10/2021T04:13:04Z,178,291,327,55.43,25.38,996.53 
29/10/2021T04:13:34Z,253,423,465,55.13,25.42,996.55 
29/10/2021T04:14:05Z,250,438,493,54.69,25.38,996.74 
29/10/2021T04:14:35Z,198,337,377,53.74,25.25,997.10 
29/10/2021T04:15:05Z,222,388,433,54.35,25.20,996.92 
29/10/2021T04:15:35Z,249,466,527,54.63,25.20,996.80 
29/10/2021T04:16:06Z,237,430,487,54.36,25.18,996.87 
29/10/2021T04:16:36Z,217,407,466,54.41,25.18,996.87 
29/10/2021T04:17:06Z,243,487,567,54.39,25.20,996.84 
29/10/2021T04:17:36Z,254,598,727,54.71,25.18,996.75 
29/10/2021T04:18:07Z,274,589,699,54.81,25.30,996.64 
29/10/2021T04:18:37Z,270,610,728,54.45,25.38,996.75 
29/10/2021T04:19:07Z,277,668,809,54.43,25.42,996.77 
29/10/2021T04:19:38Z,288,806,1022,54.59,25.48,996.66 
29/10/2021T04:20:08Z,266,751,978,54.45,25.50,996.70 
29/10/2021T04:20:39Z,264,711,928,54.82,25.47,996.56 
29/10/2021T04:21:09Z,251,597,751,55.03,25.50,996.46 
29/10/2021T04:21:39Z,252,603,741,54.90,25.54,996.52 
29/10/2021T04:22:09Z,267,771,1011,54.98,25.58,996.48 
29/10/2021T04:22:39Z,264,1000,1402,55.13,25.59,996.42 
29/10/2021T04:23:10Z,274,833,1074,54.98,25.61,996.47 
29/10/2021T04:23:41Z,272,824,1079,55.17,25.63,996.44 
29/10/2021T04:24:11Z,270,812,1064,55.18,25.65,996.44 
29/10/2021T04:24:42Z,271,933,1256,55.47,25.65,996.36 
29/10/2021T04:25:12Z,272,970,1311,55.69,25.67,996.27 
29/10/2021T04:25:42Z,271,908,1184,55.67,25.68,996.28 
29/10/2021T04:26:13Z,267,904,1239,55.46,25.66,996.35 
29/10/2021T04:26:43Z,262,890,1189,55.72,25.64,996.28 
29/10/2021T04:27:14Z,269,905,1197,55.34,25.67,996.41 
29/10/2021T04:27:44Z,261,1008,1393,55.42,25.67,996.39 
29/10/2021T04:28:14Z,254,1020,1430,55.50,25.66,996.37 
29/10/2021T04:28:45Z,273,805,1046,55.91,25.66,996.22 
29/10/2021T04:29:15Z,263,716,928,55.81,25.63,996.23 
29/10/2021T04:29:46Z,257,639,800,55.33,25.62,996.39 
29/10/2021T04:30:16Z,272,910,1226,55.60,25.67,996.30 
29/10/2021T04:30:47Z,236,1341,446,55.52,25.68,996.32 
29/10/2021T04:31:17Z,223,957,1416,55.40,25.57,996.39 
29/10/2021T04:31:48Z,253,1243,77,56.05,25.62,996.14 
29/10/2021T04:32:18Z,278,1009,1383,55.79,25.67,996.21 
29/10/2021T04:32:48Z,278,863,1123,55.97,25.67,996.15 
29/10/2021T04:33:18Z,282,942,1220,56.04,25.68,996.11 
29/10/2021T04:33:48Z,271,1106,1524,56.17,25.68,996.09 
29/10/2021T04:34:19Z,270,1108,1546,56.52,25.67,996.00 
29/10/2021T04:34:49Z,266,1208,1681,56.69,25.66,995.95 
29/10/2021T04:35:19Z,283,850,1078,56.97,25.67,995.87 
29/10/2021T04:35:50Z,278,940,1234,56.95,25.64,995.90 
29/10/2021T04:36:21Z,268,1145,1595,57.03,25.63,995.89 
29/10/2021T04:36:51Z,284,1052,1418,57.01,25.65,995.90 
29/10/2021T04:37:21Z,282,868,1128,57.19,25.65,995.88 
29/10/2021T04:37:52Z,270,1124,1528,57.18,25.66,995.86 
29/10/2021T04:38:22Z,277,1002,1337,56.89,25.66,995.97 
29/10/2021T04:38:53Z,275,911,1204,56.86,25.64,996.01 
29/10/2021T04:39:23Z,230,523,651,56.94,25.49,996.00 
29/10/2021T04:39:54Z,240,639,840,56.69,25.45,996.09 
29/10/2021T04:40:24Z,258,650,809,56.43,25.40,996.20 
29/10/2021T04:40:55Z,267,887,1173,56.86,25.49,996.04 
29/10/2021T04:41:25Z,268,936,1259,56.41,25.50,996.19 
29/10/2021T04:41:55Z,255,1320,144,56.24,25.59,996.22 
29/10/2021T04:42:26Z,236,1452,446,56.21,25.66,996.23 
29/10/2021T04:42:56Z,275,1166,1605,56.34,25.68,996.19 
29/10/2021T04:43:26Z,270,1174,1597,56.32,25.67,996.18 
29/10/2021T04:43:56Z,251,1334,194,56.13,25.72,996.23 
29/10/2021T04:44:27Z,254,1367,222,56.00,25.77,996.28 
29/10/2021T04:44:57Z,253,1025,1404,56.11,25.75,996.26 
29/10/2021T04:45:28Z,257,1238,81,56.33,25.70,996.19 
29/10/2021T04:45:58Z,266,980,1330,55.86,25.71,996.33 
29/10/2021T04:46:28Z,250,648,827,54.55,25.65,996.77 
29/10/2021T04:46:59Z,250,1123,1578,55.22,25.65,996.61 
29/10/2021T04:47:29Z,242,1399,273,55.25,25.74,996.52 
29/10/2021T04:47:59Z,269,867,1132,54.64,25.72,996.74 
29/10/2021T04:48:29Z,267,1311,115,55.36,25.74,996.49 
29/10/2021T04:49:00Z,264,1231,13,55.09,25.79,996.55 
29/10/2021T04:49:30Z,259,1326,129,55.24,25.78,996.51 
29/10/2021T04:50:01Z,233,1471,482,55.31,25.81,996.48 
29/10/2021T04:50:31Z,256,1097,1527,54.25,25.80,996.85 
29/10/2021T04:51:02Z,245,1394,281,54.41,25.80,996.80 
29/10/2021T04:51:32Z,237,1426,365,54.20,25.87,996.86 
29/10/2021T04:52:02Z,253,997,1377,53.43,25.84,997.12 
29/10/2021T04:52:32Z,283,860,1074,52.99,25.74,997.31 
29/10/2021T04:53:03Z,265,836,1051,53.58,25.75,997.11 
29/10/2021T04:53:33Z,277,1046,1406,53.75,25.78,997.00 
29/10/2021T04:54:04Z,273,1125,1506,53.99,25.80,996.86 
29/10/2021T04:54:35Z,287,1056,1382,54.65,25.81,996.64 
29/10/2021T04:55:05Z,281,1188,1590,54.75,25.90,996.56 
29/10/2021T04:55:36Z,280,1170,1621,54.63,25.94,996.57 
29/10/2021T04:56:06Z,278,1136,1558,55.55,26.02,996.28 
29/10/2021T04:56:36Z,277,743,920,56.71,26.03,995.86 
29/10/2021T04:57:07Z,291,1009,1309,56.21,26.00,996.04 
29/10/2021T04:57:37Z,282,774,943,56.70,26.01,995.89 
29/10/2021T04:58:08Z,280,731,901,56.93,25.99,995.81 
29/10/2021T04:58:38Z,292,802,989,56.80,26.02,995.86 
29/10/2021T04:59:08Z,297,808,1001,56.38,26.08,995.99 
29/10/2021T04:59:38Z,274,673,798,55.82,26.03,996.22 
29/10/2021T05:00:08Z,292,774,939,56.61,26.02,995.97 
29/10/2021T05:00:38Z,293,846,1065,56.47,26.09,995.97 
29/10/2021T05:01:09Z,296,864,1063,56.68,26.13,995.92 
29/10/2021T05:01:39Z,294,892,1143,56.78,26.18,995.87 
29/10/2021T05:02:10Z,289,799,994,56.81,26.18,995.88 
29/10/2021T05:02:40Z,295,822,1018,57.08,26.19,995.80 
29/10/2021T05:03:11Z,288,737,901,57.03,26.18,995.82 
29/10/2021T05:03:41Z,278,731,900,56.35,26.19,996.05 
29/10/2021T05:04:12Z,271,656,796,55.95,26.21,996.21 
29/10/2021T05:04:42Z,280,659,792,55.22,26.23,996.46 
29/10/2021T05:05:13Z,274,648,788,54.84,26.27,996.58 
29/10/2021T05:05:43Z,254,575,695,54.55,26.27,996.67 
29/10/2021T05:06:14Z,272,629,758,54.90,26.28,996.55 
29/10/2021T05:06:44Z,273,644,779,55.03,26.32,996.47 
29/10/2021T05:07:14Z,281,686,826,55.33,26.36,996.36 
29/10/2021T05:07:44Z,269,609,724,55.79,26.35,996.18 
29/10/2021T05:08:15Z,258,585,689,55.23,26.30,996.35 
29/10/2021T05:08:45Z,274,642,756,55.51,26.31,996.28 
29/10/2021T05:09:15Z,261,553,646,55.02,26.34,996.43 
29/10/2021T05:09:45Z,240,486,558,55.22,26.42,996.31 
29/10/2021T05:10:16Z,229,451,516,55.56,26.45,996.23 
29/10/2021T05:10:46Z,218,419,488,55.25,26.41,996.28 
29/10/2021T05:11:17Z,216,414,474,55.23,26.34,996.34 
29/10/2021T05:11:48Z,217,412,467,54.17,26.35,996.68 
29/10/2021T05:12:18Z,225,423,479,54.78,26.38,996.55 
29/10/2021T05:12:48Z,207,376,428,54.45,26.44,996.54 
29/10/2021T05:13:18Z,215,394,443,55.07,26.50,996.33 
29/10/2021T05:13:48Z,230,445,516,55.62,26.55,996.10 
29/10/2021T05:14:19Z,239,489,576,55.32,26.58,996.19 
29/10/2021T05:14:49Z,240,489,573,55.06,26.56,996.28 
29/10/2021T05:15:19Z,238,492,572,54.95,26.54,996.33 
29/10/2021T05:15:49Z,234,466,543,55.17,26.55,996.26 
29/10/2021T05:16:19Z,224,434,504,55.23,26.53,996.22 
29/10/2021T05:16:50Z,208,380,436,53.98,26.47,996.68 
29/10/2021T05:17:20Z,214,404,463,55.11,26.52,996.31 
29/10/2021T05:17:51Z,224,428,498,54.53,26.59,996.42 
29/10/2021T05:18:21Z,209,378,440,53.75,26.62,996.73 
29/10/2021T05:18:52Z,231,417,476,54.20,26.67,996.51 
29/10/2021T05:19:23Z,240,418,470,53.61,26.65,996.71 
29/10/2021T05:19:53Z,204,355,400,51.04,26.61,997.59 
29/10/2021T05:20:24Z,168,282,311,51.89,26.58,997.38 
29/10/2021T05:20:54Z,176,295,322,53.39,26.66,996.74 
29/10/2021T05:21:25Z,188,322,362,54.64,26.72,996.26 
29/10/2021T05:21:55Z,180,311,350,54.75,26.59,996.19 
29/10/2021T05:22:25Z,192,337,385,55.40,26.60,996.03 
29/10/2021T05:22:56Z,193,346,385,54.04,26.57,996.45 
29/10/2021T05:23:27Z,188,331,367,54.33,26.63,996.41 
29/10/2021T05:23:57Z,190,336,381,54.54,26.67,996.31 
29/10/2021T05:24:28Z,184,326,364,54.02,26.62,996.48 
29/10/2021T05:24:59Z,190,333,371,55.08,26.66,996.15 
29/10/2021T05:25:29Z,187,344,396,55.70,26.75,995.91 
29/10/2021T05:26:00Z,186,336,374,56.02,26.77,995.78 
29/10/2021T05:26:30Z,184,323,360,54.39,26.70,996.30 
29/10/2021T05:27:00Z,177,321,365,53.41,26.56,996.77 
29/10/2021T05:27:31Z,178,315,358,55.41,26.62,996.04 
29/10/2021T05:28:02Z,176,307,346,55.12,26.62,996.08 
29/10/2021T05:28:32Z,180,314,347,54.64,26.63,996.27 
29/10/2021T05:29:03Z,172,298,335,55.00,26.70,996.12 
29/10/2021T05:29:33Z,175,306,347,55.39,26.73,995.95 
29/10/2021T05:30:03Z,180,319,364,55.37,26.75,995.94 
29/10/2021T05:30:34Z,180,322,358,55.73,26.77,995.83 
29/10/2021T05:31:04Z,186,328,372,55.38,26.80,995.92 
29/10/2021T05:31:34Z,177,316,346,54.49,26.75,996.23 
29/10/2021T05:32:05Z,192,353,406,55.19,26.75,996.02 
29/10/2021T05:32:35Z,199,363,409,54.90,26.71,996.11 
29/10/2021T05:33:06Z,194,353,394,55.42,26.69,995.94 
29/10/2021T05:33:36Z,191,342,387,55.47,26.72,995.90 
29/10/2021T05:34:06Z,187,335,387,55.58,26.75,995.87 
29/10/2021T05:34:36Z,185,320,366,55.87,26.72,995.77 
29/10/2021T05:35:07Z,182,321,368,55.89,26.70,995.77 
29/10/2021T05:35:37Z,182,322,367,56.03,26.70,995.71 
29/10/2021T05:36:07Z,184,325,370,56.14,26.68,995.68 
29/10/2021T05:36:37Z,212,394,453,55.40,26.63,995.91 
29/10/2021T05:37:07Z,191,354,401,54.33,26.53,996.28 
29/10/2021T05:37:38Z,166,290,327,53.08,26.56,996.72 
29/10/2021T05:38:09Z,164,284,317,53.74,26.65,996.51 
29/10/2021T05:38:39Z,173,308,344,54.66,26.74,996.14 
29/10/2021T05:39:09Z,168,295,331,53.94,26.79,996.29 
29/10/2021T05:39:40Z,157,272,306,53.84,26.78,996.41 
29/10/2021T05:40:10Z,164,281,306,54.12,26.76,996.27 
29/10/2021T05:40:41Z,170,291,322,54.76,26.78,996.05 
29/10/2021T05:41:11Z,177,303,346,55.16,26.79,995.88 
29/10/2021T05:41:42Z,174,304,344,55.12,26.78,995.88 
29/10/2021T05:42:12Z,176,307,342,55.77,26.70,995.70 
29/10/2021T05:42:43Z,174,303,336,56.01,26.75,995.59 
29/10/2021T05:43:13Z,182,315,351,56.10,26.78,995.59 
29/10/2021T05:43:43Z,183,318,359,56.35,26.77,995.49 
29/10/2021T05:44:14Z,201,375,429,56.40,26.76,995.51 
29/10/2021T05:44:44Z,213,392,443,56.85,26.71,995.36 
29/10/2021T05:45:15Z,206,373,435,56.47,26.69,995.47 
29/10/2021T05:45:45Z,191,340,383,55.40,26.62,995.87 
29/10/2021T05:46:16Z,191,337,378,55.44,26.64,995.83 
29/10/2021T05:46:46Z,183,313,354,54.43,26.66,996.15 
29/10/2021T05:47:17Z,176,306,345,54.31,26.71,996.19 
29/10/2021T05:47:47Z,183,322,364,53.89,26.72,996.25 
29/10/2021T05:48:18Z,167,284,318,53.35,26.75,996.50 
29/10/2021T05:48:49Z,169,293,323,53.92,26.80,996.23 
29/10/2021T05:49:19Z,171,289,318,53.53,26.78,996.34 
29/10/2021T05:49:49Z,167,288,322,52.73,26.76,996.62 
29/10/2021T05:50:20Z,168,293,329,53.95,26.83,996.19 
29/10/2021T05:50:50Z,172,296,333,53.06,26.86,996.42 
29/10/2021T05:51:21Z,171,298,330,53.25,26.84,996.38 
29/10/2021T05:51:51Z,165,282,315,54.14,26.78,996.12 
29/10/2021T05:52:21Z,174,301,336,54.54,26.84,995.93 
29/10/2021T05:52:52Z,188,332,379,54.80,26.86,995.84 
29/10/2021T05:53:22Z,181,316,356,55.16,26.89,995.70 
29/10/2021T05:53:53Z,180,312,350,54.42,26.88,995.88 
29/10/2021T05:54:23Z,166,285,317,53.02,26.81,996.45 
29/10/2021T05:54:54Z,172,302,334,54.36,26.78,996.03 
29/10/2021T05:55:24Z,177,307,346,54.81,26.83,995.83 
29/10/2021T05:55:54Z,188,334,377,55.32,26.87,995.63 
29/10/2021T05:56:24Z,187,335,383,55.40,26.90,995.59 
29/10/2021T05:56:54Z,184,322,362,55.33,26.94,995.59 
29/10/2021T05:57:25Z,178,320,358,55.25,26.97,995.63 
29/10/2021T05:57:55Z,184,321,359,54.88,27.03,995.73 
29/10/2021T05:58:25Z,179,313,350,54.95,27.06,995.72 
29/10/2021T05:58:55Z,177,313,354,55.24,27.07,995.62 
29/10/2021T05:59:26Z,207,385,446,55.59,27.08,995.47 
29/10/2021T05:59:57Z,204,364,417,56.05,27.09,995.32 
29/10/2021T06:00:27Z,187,329,373,55.74,27.12,995.40 
29/10/2021T06:00:58Z,162,270,301,53.80,27.16,996.06 
29/10/2021T06:01:28Z,149,247,271,52.86,27.16,996.43 
29/10/2021T06:01:59Z,166,282,314,54.18,27.20,995.94 
29/10/2021T06:02:29Z,163,277,303,53.10,27.17,996.27 
29/10/2021T06:02:59Z,167,284,314,53.81,27.18,996.06 
29/10/2021T06:03:29Z,175,311,353,53.28,27.13,996.23 
29/10/2021T06:04:00Z,173,299,331,54.43,27.13,995.83 
29/10/2021T06:04:30Z,169,291,326,54.66,27.11,995.73 
29/10/2021T06:05:00Z,149,244,273,51.59,27.05,996.68 
29/10/2021T06:05:31Z,139,218,239,49.64,27.03,997.44 
29/10/2021T06:06:01Z,140,217,237,49.30,27.06,997.58 
29/10/2021T06:06:32Z,154,249,277,51.30,27.11,996.86 
29/10/2021T06:07:03Z,173,300,334,53.02,27.13,996.16 
29/10/2021T06:07:33Z,173,297,332,53.31,27.12,996.01 
29/10/2021T06:08:03Z,173,293,328,53.85,27.14,995.81 
29/10/2021T06:08:34Z,173,293,338,54.08,27.18,995.70 
29/10/2021T06:09:04Z,179,301,342,53.99,27.12,995.75 
29/10/2021T06:09:34Z,173,292,329,54.77,27.12,995.46 
29/10/2021T06:10:04Z,166,274,305,54.47,27.15,995.54 
29/10/2021T06:10:35Z,159,272,293,53.44,27.18,995.96 
29/10/2021T06:11:05Z,162,263,289,54.00,27.20,995.76 
29/10/2021T06:11:35Z,153,255,272,52.62,27.19,996.19 
29/10/2021T06:12:05Z,150,242,264,52.83,27.19,996.16 
29/10/2021T06:12:36Z,154,251,276,53.34,27.23,995.94 
29/10/2021T06:13:06Z,167,283,313,53.59,27.24,995.83 
29/10/2021T06:13:37Z,221,434,515,53.39,27.21,995.88 
29/10/2021T06:14:07Z,234,478,556,54.01,27.17,995.68 
29/10/2021T06:14:38Z,214,401,459,54.61,27.16,995.42 
29/10/2021T06:15:09Z,200,360,410,54.63,27.15,995.38 
29/10/2021T06:15:39Z,184,326,364,54.50,27.17,995.40 
29/10/2021T06:16:09Z,166,277,309,53.49,27.16,995.78 
29/10/2021T06:16:40Z,165,280,315,54.23,27.15,995.58 
29/10/2021T06:17:10Z,170,290,331,55.22,27.16,995.16 
29/10/2021T06:17:40Z,173,302,342,55.35,27.17,995.07 
29/10/2021T06:18:10Z,171,300,339,55.08,27.20,995.17 
29/10/2021T06:18:41Z,175,301,340,54.94,27.23,995.24 
29/10/2021T06:19:12Z,186,332,376,55.15,27.23,995.15 
29/10/2021T06:19:43Z,198,359,405,55.24,27.23,995.12 
29/10/2021T06:20:13Z,186,321,364,55.67,27.23,994.99 
29/10/2021T06:20:43Z,172,298,332,55.42,27.20,995.06 
29/10/2021T06:21:13Z,167,287,324,55.05,27.18,995.19 
29/10/2021T06:21:43Z,162,273,311,54.50,27.12,995.41 
29/10/2021T06:22:13Z,153,252,279,53.85,27.13,995.68 
29/10/2021T06:22:44Z,150,249,274,53.36,27.11,995.80 
29/10/2021T06:23:14Z,117,185,202,50.09,27.05,996.96 
29/10/2021T06:23:45Z,137,226,252,52.26,27.13,996.19 
29/10/2021T06:24:16Z,146,239,265,53.13,27.20,995.81 
29/10/2021T06:24:46Z,145,240,264,53.59,27.23,995.59 
29/10/2021T06:25:17Z,158,262,293,54.60,27.26,995.20 
29/10/2021T06:25:48Z,145,235,261,54.01,27.24,995.38 
29/10/2021T06:26:18Z,144,238,269,54.30,27.25,995.26 
29/10/2021T06:26:49Z,140,229,250,53.59,27.24,995.48 
29/10/2021T06:27:19Z,121,195,211,51.66,27.22,996.16 
29/10/2021T06:27:50Z,119,192,211,51.78,27.30,996.27 
29/10/2021T06:28:20Z,140,234,260,54.03,27.37,995.33 
29/10/2021T06:28:51Z,139,229,256,53.16,27.35,995.58 
29/10/2021T06:29:21Z,133,219,245,53.30,27.36,995.52 
29/10/2021T06:29:52Z,131,214,233,52.60,27.36,995.79 
29/10/2021T06:30:23Z,142,235,257,53.43,27.35,995.50 
29/10/2021T06:30:53Z,140,228,252,54.03,27.21,995.31 
29/10/2021T06:31:23Z,142,233,256,54.62,27.20,995.02 
29/10/2021T06:31:54Z,139,224,244,53.11,27.14,995.62 
29/10/2021T06:32:24Z,127,207,228,52.88,27.16,995.72 
29/10/2021T06:32:55Z,125,198,219,51.27,27.19,996.19 
29/10/2021T06:33:26Z,118,185,204,51.40,27.23,996.30 
29/10/2021T06:33:56Z,109,174,186,49.78,27.27,996.77 
29/10/2021T06:34:27Z,114,176,188,50.62,27.32,996.52 
29/10/2021T06:34:58Z,123,200,216,52.78,27.35,995.66 
29/10/2021T06:35:28Z,127,208,221,52.74,27.35,995.60 
29/10/2021T06:35:58Z,144,226,248,53.17,27.35,995.43 
29/10/2021T06:36:28Z,154,235,259,52.15,27.34,995.76 
29/10/2021T06:36:58Z,139,220,237,52.06,27.36,995.81 
29/10/2021T06:37:29Z,134,211,229,52.46,27.31,995.70 
29/10/2021T06:37:59Z,129,204,226,53.32,27.31,995.35 
29/10/2021T06:38:29Z,126,205,225,52.88,27.24,995.49 
29/10/2021T06:39:00Z,127,202,217,53.56,27.22,995.22 
29/10/2021T06:39:30Z,119,186,207,52.25,27.18,995.74 
29/10/2021T06:40:01Z,120,190,206,52.54,27.17,995.65 
29/10/2021T06:40:32Z,123,197,215,52.65,27.19,995.56 
29/10/2021T06:41:02Z,140,221,244,52.48,27.13,995.71 
29/10/2021T06:41:32Z,134,207,228,52.77,27.14,995.55 
29/10/2021T06:42:03Z,138,211,228,52.44,27.09,995.67 
29/10/2021T06:42:33Z,130,201,222,52.72,27.17,995.50 
29/10/2021T06:43:04Z,117,186,204,50.84,27.17,996.18 
29/10/2021T06:43:34Z,117,183,199,51.74,27.06,995.95 
29/10/2021T06:44:05Z,116,184,204,52.73,27.06,995.56 
29/10/2021T06:44:36Z,117,185,203,52.89,27.13,995.40 
29/10/2021T06:45:06Z,120,192,207,52.63,27.13,995.51 
29/10/2021T06:45:37Z,121,192,212,52.75,27.17,995.46 
29/10/2021T06:46:07Z,117,187,204,51.88,27.21,995.74 
29/10/2021T06:46:38Z,118,187,209,52.20,27.24,995.63 
29/10/2021T06:47:08Z,115,182,203,52.13,27.27,995.64 
29/10/2021T06:47:38Z,122,190,207,52.94,27.29,995.33 
29/10/2021T06:48:09Z,116,185,197,51.52,27.28,995.82 
29/10/2021T06:48:39Z,114,179,196,52.56,27.31,995.51 
29/10/2021T06:49:10Z,113,176,191,53.29,27.31,995.22 
29/10/2021T06:49:40Z,111,173,186,53.42,27.29,995.12 
29/10/2021T06:50:11Z,108,169,184,53.52,27.28,995.07 
29/10/2021T06:50:41Z,113,178,197,53.78,27.19,994.99 
29/10/2021T06:51:11Z,114,179,198,53.90,27.18,994.93 
29/10/2021T06:51:42Z,123,194,211,54.08,27.04,994.93 
29/10/2021T06:52:12Z,123,196,210,54.51,27.05,994.75 
29/10/2021T06:52:42Z,116,183,201,52.24,27.08,995.53 
29/10/2021T06:53:13Z,109,175,194,48.73,27.04,996.79 
29/10/2021T06:53:43Z,108,172,184,50.52,27.09,996.34 
29/10/2021T06:54:13Z,108,170,187,52.43,27.21,995.50 
29/10/2021T06:54:44Z,112,180,195,52.16,27.20,995.52 
29/10/2021T06:55:14Z,115,184,206,52.82,27.22,995.27 
29/10/2021T06:55:45Z,111,178,197,53.32,27.20,995.08 
29/10/2021T06:56:16Z,111,176,195,53.63,27.20,994.95 
29/10/2021T06:56:46Z,110,175,195,53.64,27.19,994.95 
29/10/2021T06:57:17Z,112,177,195,54.15,27.16,994.75 
29/10/2021T06:57:48Z,111,181,201,53.85,27.16,994.85 
29/10/2021T06:58:19Z,109,172,192,53.89,27.18,994.84 
29/10/2021T06:58:49Z,111,177,197,53.93,27.18,994.82 
29/10/2021T06:59:19Z,114,186,201,53.98,27.09,994.82 
29/10/2021T06:59:50Z,120,191,211,54.37,27.05,994.69 
29/10/2021T07:00:20Z,119,190,213,54.13,27.08,994.77 
29/10/2021T07:00:50Z,121,197,219,53.75,27.08,994.90 
29/10/2021T07:01:20Z,138,224,244,53.11,27.09,995.10 
29/10/2021T07:01:50Z,109,174,188,48.64,26.99,996.63 
29/10/2021T07:02:21Z,113,174,191,49.24,27.10,996.55 
29/10/2021T07:02:51Z,136,220,243,49.18,27.09,996.62 
29/10/2021T07:03:21Z,143,237,265,49.93,27.14,996.23 
29/10/2021T07:03:51Z,138,229,255,51.07,27.17,995.89 
29/10/2021T07:04:22Z,146,244,268,50.17,27.22,995.99 
29/10/2021T07:04:52Z,145,241,279,49.80,27.32,996.25 
29/10/2021T07:05:22Z,133,214,238,49.91,27.39,996.10 
29/10/2021T07:05:52Z,122,199,222,50.37,27.46,996.00 
29/10/2021T07:06:23Z,124,196,217,51.20,27.48,995.61 
29/10/2021T07:06:53Z,140,243,272,49.03,27.43,996.12 
29/10/2021T07:07:24Z,193,360,413,42.00,27.35,998.64 
29/10/2021T07:07:54Z,148,254,296,45.21,27.38,997.60 
29/10/2021T07:08:25Z,152,269,301,45.86,27.31,997.28 
29/10/2021T07:08:56Z,144,243,276,48.33,27.34,996.31 
29/10/2021T07:09:26Z,157,285,324,47.32,27.23,996.64 
29/10/2021T07:09:57Z,152,271,309,49.61,27.20,995.89 
29/10/2021T07:10:28Z,168,308,351,49.81,27.22,995.71 
29/10/2021T07:10:58Z,240,511,611,48.99,27.10,996.04 
29/10/2021T07:11:28Z,203,392,460,50.25,27.11,995.60 
29/10/2021T07:11:59Z,202,385,457,49.50,27.13,995.82 
29/10/2021T07:12:29Z,210,402,463,49.96,27.15,995.67 
29/10/2021T07:13:00Z,240,480,576,50.00,27.16,995.62 
29/10/2021T07:13:31Z,233,449,526,50.52,27.15,995.47 
29/10/2021T07:14:01Z,220,419,494,50.69,27.13,995.33 
29/10/2021T07:14:32Z,199,372,429,48.87,27.08,995.88 
29/10/2021T07:15:03Z,193,353,409,49.30,27.06,995.99 
29/10/2021T07:15:33Z,198,366,424,50.12,27.11,995.59 
29/10/2021T07:16:03Z,192,357,396,50.06,27.12,995.54 
29/10/2021T07:16:34Z,196,356,401,49.86,27.09,995.65 
29/10/2021T07:17:04Z,198,371,431,49.70,27.05,995.70 
29/10/2021T07:17:35Z,218,417,493,49.24,27.04,995.87 
29/10/2021T07:18:05Z,213,400,465,49.11,27.08,995.89 
29/10/2021T07:18:36Z,196,356,404,50.37,27.02,995.48 
29/10/2021T07:19:06Z,214,408,480,49.90,27.00,995.57 
29/10/2021T07:19:36Z,206,393,453,50.12,27.01,995.53 
29/10/2021T07:20:06Z,207,388,455,50.01,27.03,995.58 
29/10/2021T07:20:36Z,205,379,438,49.84,27.04,995.60 
29/10/2021T07:21:07Z,180,323,368,50.07,26.98,995.56 
29/10/2021T07:21:37Z,180,325,376,50.94,26.96,995.17 
29/10/2021T07:22:08Z,179,320,363,50.80,26.92,995.19 
29/10/2021T07:22:38Z,193,351,400,50.33,26.89,995.39 
29/10/2021T07:23:08Z,188,337,384,49.74,26.90,995.60 
29/10/2021T07:23:38Z,183,323,364,50.27,26.92,995.44 
29/10/2021T07:24:09Z,184,320,361,50.06,26.96,995.47 
29/10/2021T07:24:39Z,192,338,384,49.99,27.00,995.45 
29/10/2021T07:25:10Z,193,338,383,49.97,27.03,995.44 
29/10/2021T07:25:40Z,190,343,398,49.73,27.03,995.52 
29/10/2021T07:26:10Z,170,296,341,45.28,26.94,996.81 
29/10/2021T07:26:41Z,150,253,288,44.01,26.97,997.53 
29/10/2021T07:27:11Z,177,301,340,48.39,27.04,996.05 
29/10/2021T07:27:41Z,158,266,303,48.71,26.98,995.81 
29/10/2021T07:28:12Z,164,292,338,49.40,26.96,995.53 
29/10/2021T07:28:43Z,166,286,327,49.19,26.93,995.57 
29/10/2021T07:29:13Z,157,270,305,48.48,26.89,995.82 
29/10/2021T07:29:44Z,135,226,255,46.61,26.83,996.42 
29/10/2021T07:30:14Z,140,233,268,48.52,26.81,995.90 
29/10/2021T07:30:45Z,139,232,258,48.97,26.77,995.66 
29/10/2021T07:31:15Z,142,244,288,49.14,26.78,995.55 
29/10/2021T07:31:46Z,146,267,346,49.54,26.82,995.40 
29/10/2021T07:32:16Z,143,265,339,49.91,26.83,995.25 
29/10/2021T07:32:47Z,134,240,297,50.31,26.83,995.07 
29/10/2021T07:33:18Z,125,215,255,51.22,26.82,994.71 
29/10/2021T07:33:48Z,129,215,254,51.65,26.81,994.53 
29/10/2021T07:34:18Z,127,216,255,52.04,26.86,994.39 
29/10/2021T07:34:48Z,127,215,250,52.84,26.93,994.10 
29/10/2021T07:35:18Z,118,190,219,52.47,26.90,994.20 
29/10/2021T07:35:49Z,121,200,237,51.90,26.87,994.41 
29/10/2021T07:36:19Z,127,210,240,52.09,26.87,994.40 
29/10/2021T07:36:49Z,128,217,243,52.42,26.89,994.27 
29/10/2021T07:37:20Z,128,213,242,52.62,26.90,994.18 
29/10/2021T07:37:50Z,129,213,239,52.24,26.89,994.31 
29/10/2021T07:38:21Z,135,218,247,52.32,26.92,994.27 
29/10/2021T07:38:51Z,137,217,246,52.33,26.88,994.27 
29/10/2021T07:39:22Z,138,227,255,51.90,26.89,994.42 
29/10/2021T07:39:53Z,137,229,257,51.63,26.89,994.52 
29/10/2021T07:40:24Z,136,221,249,51.40,26.91,994.62 
29/10/2021T07:40:54Z,137,226,253,51.61,26.85,994.55 
29/10/2021T07:41:25Z,139,230,258,52.32,26.72,994.33 
29/10/2021T07:41:55Z,140,223,252,51.51,26.73,994.54 
29/10/2021T07:42:25Z,135,218,242,50.09,26.70,995.14 
29/10/2021T07:42:56Z,128,206,229,50.18,26.78,995.08 
29/10/2021T07:43:26Z,127,203,224,50.69,26.79,994.95 
29/10/2021T07:43:57Z,128,205,228,51.52,26.83,994.54 
29/10/2021T07:44:27Z,126,207,229,51.29,26.86,994.59 
29/10/2021T07:44:58Z,126,205,224,50.83,26.89,994.77 
29/10/2021T07:45:28Z,122,198,220,50.39,26.84,994.94 
29/10/2021T07:45:58Z,121,195,217,50.71,26.86,994.83 
29/10/2021T07:46:28Z,117,190,209,50.95,26.86,994.75 
29/10/2021T07:46:59Z,115,188,214,51.47,26.86,994.54 
29/10/2021T07:47:29Z,117,188,212,51.06,26.83,994.62 
29/10/2021T07:47:59Z,113,186,212,50.59,26.79,994.83 
29/10/2021T07:48:30Z,112,182,209,50.52,26.84,994.86 
29/10/2021T07:49:01Z,107,172,192,50.36,26.84,994.94 
29/10/2021T07:49:32Z,108,174,199,50.94,26.81,994.72 
29/10/2021T07:50:02Z,100,160,177,47.77,26.75,995.61 
29/10/2021T07:50:33Z,99,157,177,47.89,26.80,995.87 
29/10/2021T07:51:04Z,97,161,181,48.75,26.84,995.50 
29/10/2021T07:51:34Z,102,167,193,49.96,26.89,994.96 
29/10/2021T07:52:04Z,102,165,184,49.52,26.89,995.09 
29/10/2021T07:52:35Z,103,167,188,49.21,26.85,995.22 
29/10/2021T07:53:05Z,105,171,185,49.77,26.84,995.05 
29/10/2021T07:53:36Z,104,171,191,50.29,26.88,994.79 
29/10/2021T07:54:07Z,107,175,194,50.43,26.94,994.68 
29/10/2021T07:54:38Z,111,181,205,49.64,26.83,994.99 
29/10/2021T07:55:09Z,110,179,199,50.43,26.82,994.73 
29/10/2021T07:55:39Z,111,176,194,50.80,26.86,994.56 
29/10/2021T07:56:09Z,106,176,195,50.87,26.86,994.51 
29/10/2021T07:56:40Z,104,166,191,51.18,26.84,994.39 
29/10/2021T07:57:10Z,105,164,182,51.31,26.80,994.34 
29/10/2021T07:57:40Z,104,167,183,51.41,26.82,994.26 
29/10/2021T07:58:11Z,102,166,188,51.06,26.83,994.40 
29/10/2021T07:58:42Z,103,167,185,51.24,26.86,994.34 
29/10/2021T07:59:12Z,110,173,193,51.25,26.80,994.33 
29/10/2021T07:59:42Z,107,170,190,51.40,26.74,994.29 
29/10/2021T08:00:12Z,107,165,184,51.23,26.70,994.36 
29/10/2021T08:00:43Z,107,169,188,51.43,26.65,994.27 
29/10/2021T08:01:14Z,109,171,200,51.43,26.61,994.27 
29/10/2021T08:01:44Z,107,171,201,50.76,26.66,994.47 
29/10/2021T08:02:15Z,96,153,178,47.74,26.74,995.56 
29/10/2021T08:02:46Z,98,154,174,47.94,26.83,995.49 
29/10/2021T08:03:16Z,99,160,179,48.39,26.83,995.38 
29/10/2021T08:03:47Z,99,152,166,48.50,26.88,995.35 
29/10/2021T08:04:18Z,97,154,171,50.09,26.95,994.67 
29/10/2021T08:04:49Z,98,157,170,49.69,26.99,994.75 
29/10/2021T08:05:19Z,100,158,179,49.88,27.04,994.59 
29/10/2021T08:05:49Z,94,146,162,48.04,27.01,995.37 
29/10/2021T08:06:20Z,96,153,169,50.03,26.92,994.65 
29/10/2021T08:06:50Z,90,140,159,46.42,26.97,995.82 
29/10/2021T08:07:21Z,92,148,163,48.86,27.07,995.11 
29/10/2021T08:07:52Z,90,143,155,46.99,27.12,995.58 
29/10/2021T08:08:23Z,80,127,137,44.91,27.13,996.34 
29/10/2021T08:08:53Z,70,109,115,41.44,27.14,997.23 
29/10/2021T08:09:23Z,78,120,131,43.88,27.24,996.68 
29/10/2021T08:09:54Z,77,118,130,44.35,27.30,996.27 
29/10/2021T08:10:25Z,78,119,132,43.80,27.31,996.46 
29/10/2021T08:10:55Z,77,120,133,45.06,27.31,996.11 
29/10/2021T08:11:26Z,81,128,141,46.02,27.30,995.66 
29/10/2021T08:11:57Z,81,125,139,46.47,27.29,995.49 
29/10/2021T08:12:28Z,83,129,139,46.83,27.28,995.34 
29/10/2021T08:12:58Z,82,127,143,47.27,27.27,995.20 
29/10/2021T08:13:28Z,82,125,138,47.50,27.24,995.09 
29/10/2021T08:13:58Z,83,131,146,47.91,27.23,994.95 
29/10/2021T08:14:29Z,85,135,149,48.09,27.19,994.86 
29/10/2021T08:14:59Z,83,133,146,48.09,27.20,994.86 
29/10/2021T08:15:30Z,81,126,138,48.32,27.15,994.80 
29/10/2021T08:16:00Z,85,134,149,48.52,27.09,994.78 
29/10/2021T08:16:31Z,84,131,149,48.74,27.07,994.68 
29/10/2021T08:17:01Z,84,129,144,48.64,27.07,994.70 
29/10/2021T08:17:32Z,82,129,143,48.11,27.11,994.86 
29/10/2021T08:18:03Z,81,127,135,47.90,27.12,994.98 
29/10/2021T08:18:34Z,78,125,134,48.05,27.12,994.88 
29/10/2021T08:19:05Z,81,130,144,48.33,27.01,994.84 
29/10/2021T08:19:35Z,84,129,147,49.09,26.97,994.56 
29/10/2021T08:20:05Z,80,130,142,49.25,26.96,994.49 
29/10/2021T08:20:36Z,86,136,151,49.83,26.95,994.27 
29/10/2021T08:21:07Z,85,132,152,50.22,26.94,994.14 
29/10/2021T08:21:38Z,84,132,143,50.27,26.94,994.12 
29/10/2021T08:22:09Z,88,140,154,50.35,26.95,994.08 
29/10/2021T08:22:39Z,84,136,149,50.16,26.96,994.13 
29/10/2021T08:23:10Z,85,136,149,50.02,26.98,994.19 
29/10/2021T08:23:41Z,85,139,154,50.08,26.95,994.15 
29/10/2021T08:24:12Z,85,134,144,50.33,26.94,994.08 
29/10/2021T08:24:42Z,82,131,150,50.37,26.97,994.02 
29/10/2021T08:25:13Z,81,127,142,50.08,26.99,994.13 
29/10/2021T08:25:43Z,79,125,143,50.09,27.01,994.15 
29/10/2021T08:26:13Z,77,125,142,50.26,27.03,994.06 
29/10/2021T08:26:43Z,77,120,130,50.31,27.01,994.04 
29/10/2021T08:27:13Z,77,123,134,50.39,27.00,994.00 
29/10/2021T08:27:44Z,75,119,129,50.40,26.95,994.00 
29/10/2021T08:28:14Z,74,118,128,50.69,26.90,993.92 
29/10/2021T08:28:44Z,76,118,127,50.75,26.90,993.85 
29/10/2021T08:29:15Z,74,118,130,50.95,26.82,993.83 
29/10/2021T08:29:45Z,74,117,129,51.46,26.80,993.62 
29/10/2021T08:30:16Z,75,114,126,51.28,26.81,993.67 
29/10/2021T08:30:46Z,76,119,133,51.40,26.77,993.70 
29/10/2021T08:31:17Z,75,114,125,51.84,26.82,993.49 
29/10/2021T08:31:48Z,73,114,127,51.89,26.85,993.46 
29/10/2021T08:32:18Z,74,116,127,51.89,26.90,993.44 
29/10/2021T08:32:49Z,73,116,126,51.72,26.93,993.52 
29/10/2021T08:33:20Z,74,114,122,51.47,26.96,993.58 
29/10/2021T08:33:50Z,76,119,128,51.88,26.88,993.49 
29/10/2021T08:34:21Z,76,116,125,52.18,26.90,993.34 
29/10/2021T08:34:52Z,75,118,132,51.11,26.85,993.76 
29/10/2021T08:35:23Z,74,113,129,51.39,26.89,993.66 
29/10/2021T08:35:53Z,71,109,119,44.79,26.99,995.64 
29/10/2021T08:36:24Z,65,102,111,43.65,27.17,996.28 
29/10/2021T08:36:54Z,69,108,115,46.84,27.25,995.18 
29/10/2021T08:37:25Z,69,105,115,46.56,27.23,995.24 
29/10/2021T08:37:55Z,70,107,114,47.69,27.16,994.84 
29/10/2021T08:38:26Z,68,106,115,48.54,27.16,994.60 
29/10/2021T08:38:56Z,66,107,114,48.60,27.13,994.51 
29/10/2021T08:39:27Z,68,101,112,46.09,27.13,995.22 
29/10/2021T08:39:57Z,65,98,109,46.31,27.20,995.34 
29/10/2021T08:40:27Z,69,105,118,48.63,27.22,994.51 
29/10/2021T08:40:57Z,68,104,113,47.52,27.21,994.71 
29/10/2021T08:41:28Z,64,98,106,46.01,27.13,995.36 
29/10/2021T08:41:59Z,65,104,114,47.35,27.10,994.96 
29/10/2021T08:42:29Z,60,95,103,47.15,27.16,994.98 
29/10/2021T08:42:59Z,63,97,105,48.19,27.20,994.63 
29/10/2021T08:43:30Z,65,98,107,47.50,27.18,994.75 
29/10/2021T08:44:00Z,62,95,104,47.10,27.07,994.99 
29/10/2021T08:44:30Z,64,100,107,48.48,27.09,994.56 
29/10/2021T08:45:01Z,65,99,106,48.82,27.11,994.36 
29/10/2021T08:45:31Z,63,97,103,48.76,27.07,994.41 
29/10/2021T08:46:02Z,66,101,111,49.04,27.03,994.31 
29/10/2021T08:46:32Z,65,101,109,49.35,27.05,994.18 
29/10/2021T08:47:03Z,65,101,111,49.42,27.02,994.18 
29/10/2021T08:47:33Z,65,102,113,49.22,27.01,994.24 
29/10/2021T08:48:04Z,66,103,112,49.27,27.00,994.22 
29/10/2021T08:48:34Z,66,105,115,49.38,26.95,994.20 
29/10/2021T08:49:05Z,67,105,115,49.66,26.95,994.08 
29/10/2021T08:49:35Z,67,99,106,49.73,26.96,994.04 
29/10/2021T08:50:05Z,67,104,114,49.68,26.93,994.08 
29/10/2021T08:50:35Z,66,101,112,49.70,26.87,994.08 
29/10/2021T08:51:06Z,66,104,112,50.02,26.86,993.97 
29/10/2021T08:51:36Z,67,101,110,50.39,26.83,993.82 
29/10/2021T08:52:07Z,67,103,111,50.29,26.85,993.86 
29/10/2021T08:52:38Z,65,100,107,50.49,26.85,993.77 
29/10/2021T08:53:08Z,66,100,107,50.71,26.83,993.68 
29/10/2021T08:53:38Z,64,99,108,50.41,26.82,993.80 
29/10/2021T08:54:09Z,67,101,109,50.77,26.81,993.69 
29/10/2021T08:54:40Z,67,101,113,51.06,26.78,993.58 
29/10/2021T08:55:10Z,65,101,113,50.90,26.76,993.62 
29/10/2021T08:55:40Z,66,100,105,50.99,26.78,993.61 
29/10/2021T08:56:10Z,67,102,109,50.80,26.85,993.64 
29/10/2021T08:56:40Z,67,102,111,50.56,26.89,993.73 
29/10/2021T08:57:10Z,65,101,109,50.57,26.95,993.69 
29/10/2021T08:57:41Z,65,101,110,50.27,26.96,993.80 
29/10/2021T08:58:11Z,67,103,113,50.37,26.90,993.84 
29/10/2021T08:58:42Z,66,100,108,50.27,26.93,993.88 
29/10/2021T08:59:12Z,65,102,109,49.92,26.94,993.99 
29/10/2021T08:59:43Z,67,105,117,50.13,26.96,993.90 
29/10/2021T09:00:13Z,66,101,112,49.72,26.91,994.07 
29/10/2021T09:00:43Z,67,103,113,49.97,26.93,993.97 
29/10/2021T09:01:14Z,65,98,107,50.07,26.98,993.87 
29/10/2021T09:01:44Z,64,98,109,50.23,26.99,993.82 
29/10/2021T09:02:15Z,65,101,109,50.11,27.00,993.82 
29/10/2021T09:02:46Z,63,99,108,49.96,27.01,993.92 
29/10/2021T09:03:16Z,64,101,112,49.86,27.02,993.93 
29/10/2021T09:03:47Z,66,102,113,50.07,27.00,993.88 
29/10/2021T09:04:17Z,65,103,113,50.34,26.94,993.80 
29/10/2021T09:04:48Z,65,100,109,50.64,26.94,993.67 
29/10/2021T09:05:18Z,69,109,118,50.95,26.90,993.53 
29/10/2021T09:05:48Z,70,108,119,50.71,26.87,993.61 
29/10/2021T09:06:18Z,71,110,120,50.89,26.85,993.55 
29/10/2021T09:06:48Z,75,113,122,50.77,26.84,993.61 
29/10/2021T09:07:19Z,77,121,131,51.05,26.78,993.53 
29/10/2021T09:07:50Z,77,119,134,51.27,26.73,993.41 
29/10/2021T09:08:21Z,76,119,132,51.33,26.70,993.43 
29/10/2021T09:08:51Z,78,125,138,51.40,26.69,993.40 
29/10/2021T09:09:22Z,77,124,139,51.51,26.67,993.36 
29/10/2021T09:09:53Z,75,118,134,51.67,26.67,993.29 
29/10/2021T09:10:23Z,76,120,133,51.73,26.67,993.26 
29/10/2021T09:10:53Z,74,116,127,51.77,26.67,993.25 
29/10/2021T09:11:23Z,72,111,126,51.84,26.66,993.24 
29/10/2021T09:11:54Z,71,112,126,51.88,26.67,993.21 
29/10/2021T09:12:25Z,71,111,125,51.89,26.67,993.22 
29/10/2021T09:12:55Z,72,114,127,51.95,26.67,993.19 
29/10/2021T09:13:26Z,69,111,123,51.97,26.66,993.20 
29/10/2021T09:13:57Z,72,113,128,51.88,26.66,993.23 
29/10/2021T09:14:28Z,70,110,124,51.81,26.64,993.24 
29/10/2021T09:14:58Z,68,108,122,51.83,26.64,993.26 
29/10/2021T09:15:28Z,66,105,116,51.75,26.64,993.31 
29/10/2021T09:15:58Z,67,108,117,51.52,26.63,993.40 
29/10/2021T09:16:28Z,67,103,116,51.71,26.62,993.35 
29/10/2021T09:16:58Z,64,103,112,51.56,26.61,993.40 
29/10/2021T09:17:29Z,65,101,112,51.76,26.60,993.34 
29/10/2021T09:17:59Z,65,99,110,51.90,26.59,993.28 
29/10/2021T09:18:30Z,65,102,111,51.91,26.58,993.27 
29/10/2021T09:19:00Z,66,102,111,51.88,26.60,993.29 
29/10/2021T09:19:31Z,66,103,114,51.90,26.59,993.29 
29/10/2021T09:20:01Z,63,100,113,51.94,26.58,993.30 
29/10/2021T09:20:31Z,67,104,113,51.99,26.58,993.25 
29/10/2021T09:21:01Z,64,98,105,51.69,26.57,993.35 
29/10/2021T09:21:32Z,65,101,113,51.95,26.57,993.29 
29/10/2021T09:22:02Z,63,98,105,51.87,26.56,993.32 
29/10/2021T09:22:33Z,61,100,111,52.07,26.56,993.24 
29/10/2021T09:23:03Z,64,101,111,52.19,26.56,993.17 
29/10/2021T09:23:34Z,66,101,112,52.16,26.56,993.19 
29/10/2021T09:24:04Z,65,100,110,52.23,26.54,993.15 
29/10/2021T09:24:35Z,66,103,110,52.36,26.54,993.10 
29/10/2021T09:25:06Z,65,100,110,52.31,26.54,993.11 
29/10/2021T09:25:36Z,62,98,109,52.29,26.54,993.13 
29/10/2021T09:26:07Z,65,100,109,52.33,26.54,993.11 
29/10/2021T09:26:37Z,65,100,112,52.38,26.55,993.09 
29/10/2021T09:27:07Z,62,97,111,52.44,26.54,993.07 
29/10/2021T09:27:37Z,65,103,112,52.56,26.53,993.03 
29/10/2021T09:28:08Z,63,100,108,52.53,26.52,993.06 
29/10/2021T09:28:38Z,65,101,110,52.48,26.50,993.08 
29/10/2021T09:29:08Z,65,100,108,52.57,26.50,993.05 
29/10/2021T09:29:39Z,63,98,107,52.59,26.50,993.04 
29/10/2021T09:30:09Z,63,97,102,52.55,26.49,993.06 
29/10/2021T09:30:39Z,64,99,107,52.55,26.48,993.07 
29/10/2021T09:31:10Z,63,96,108,52.68,26.47,993.04 
29/10/2021T09:31:41Z,63,98,108,52.74,26.47,993.00 
29/10/2021T09:32:11Z,62,97,103,52.74,26.47,993.01 
29/10/2021T09:32:42Z,62,100,108,52.87,26.46,992.97 
29/10/2021T09:33:12Z,62,96,104,52.91,26.45,992.94 
29/10/2021T09:33:42Z,63,98,106,52.88,26.44,992.97 
29/10/2021T09:34:12Z,63,95,104,52.94,26.44,992.96 
29/10/2021T09:34:43Z,60,92,101,52.95,26.44,992.97 
29/10/2021T09:35:14Z,61,95,102,53.06,26.42,992.94 
29/10/2021T09:35:44Z,62,97,107,53.11,26.40,992.93 
29/10/2021T09:36:14Z,62,95,105,53.19,26.40,992.92 
29/10/2021T09:36:45Z,62,92,103,53.15,26.40,992.94 
29/10/2021T09:37:15Z,62,96,103,53.19,26.39,992.93 
29/10/2021T09:37:45Z,62,95,104,53.20,26.39,992.91 
29/10/2021T09:38:16Z,63,95,103,53.18,26.39,992.91 
29/10/2021T09:38:46Z,61,92,103,53.27,26.38,992.88 
29/10/2021T09:39:17Z,62,95,102,53.26,26.38,992.90 
29/10/2021T09:39:47Z,62,94,104,53.37,26.37,992.87 
29/10/2021T09:40:17Z,60,92,101,53.39,26.36,992.86 
29/10/2021T09:40:48Z,62,96,105,53.38,26.35,992.87 
29/10/2021T09:41:19Z,62,91,100,53.42,26.35,992.86 
29/10/2021T09:41:50Z,61,95,104,53.50,26.33,992.84 
29/10/2021T09:42:20Z,63,95,107,53.43,26.33,992.87 
29/10/2021T09:42:51Z,59,94,102,53.39,26.33,992.89 
29/10/2021T09:43:21Z,61,95,107,53.48,26.32,992.86 
29/10/2021T09:43:52Z,62,94,103,53.40,26.32,992.91 
29/10/2021T09:44:22Z,62,95,105,53.47,26.32,992.88 
29/10/2021T09:44:53Z,61,94,103,53.57,26.31,992.85 
29/10/2021T09:45:23Z,59,90,100,53.64,26.30,992.83 
29/10/2021T09:45:54Z,60,92,99,53.65,26.29,992.84 
29/10/2021T09:46:25Z,61,92,100,53.62,26.29,992.87 
29/10/2021T09:46:55Z,60,89,94,53.65,26.29,992.88 
29/10/2021T09:47:26Z,61,93,100,53.67,26.28,992.87 
29/10/2021T09:47:56Z,59,90,97,53.69,26.27,992.91 
29/10/2021T09:48:27Z,60,93,101,53.78,26.27,992.88 
29/10/2021T09:48:58Z,59,90,100,53.77,26.26,992.88 
29/10/2021T09:49:29Z,58,90,99,53.80,26.25,992.88 
29/10/2021T09:49:59Z,58,90,99,53.86,26.25,992.87 
29/10/2021T09:50:29Z,61,92,105,53.80,26.25,992.90 
29/10/2021T09:51:00Z,59,88,102,53.77,26.25,992.92 
29/10/2021T09:51:31Z,57,88,94,53.84,26.25,992.89 
29/10/2021T09:52:02Z,61,94,101,53.88,26.23,992.90 
29/10/2021T09:52:33Z,57,90,96,53.73,26.23,992.94 
29/10/2021T09:53:03Z,58,90,97,53.74,26.23,992.96 
29/10/2021T09:53:34Z,57,86,96,53.81,26.23,992.94 
29/10/2021T09:54:05Z,58,90,99,53.82,26.23,992.95 
29/10/2021T09:54:35Z,57,87,95,53.85,26.22,992.93 
29/10/2021T09:55:06Z,57,88,94,53.89,26.23,992.90 
29/10/2021T09:55:36Z,59,90,98,53.86,26.23,992.92 
29/10/2021T09:56:07Z,58,88,95,53.82,26.23,992.92 
29/10/2021T09:56:37Z,59,91,99,53.78,26.24,992.95 
29/10/2021T09:57:07Z,58,90,97,53.88,26.24,992.90 
29/10/2021T09:57:38Z,59,89,97,53.91,26.24,992.90 
29/10/2021T09:58:09Z,57,86,92,53.87,26.22,992.92 
29/10/2021T09:58:39Z,56,87,96,53.90,26.22,992.91 
29/10/2021T09:59:09Z,60,88,96,53.97,26.22,992.88 
29/10/2021T09:59:40Z,56,87,96,53.97,26.22,992.88 
29/10/2021T10:00:11Z,59,90,98,54.07,26.21,992.85 
29/10/2021T10:00:42Z,58,89,98,54.02,26.20,992.87 
29/10/2021T10:01:12Z,58,89,95,54.05,26.21,992.85 
29/10/2021T10:01:43Z,58,86,93,54.06,26.21,992.85 
29/10/2021T10:02:13Z,58,85,95,54.00,26.21,992.87 
29/10/2021T10:02:43Z,56,86,92,54.01,26.21,992.85 
29/10/2021T10:03:13Z,57,87,96,53.97,26.21,992.88 
29/10/2021T10:03:44Z,57,89,98,54.09,26.20,992.85 
29/10/2021T10:04:14Z,57,88,96,54.05,26.20,992.84 
29/10/2021T10:04:45Z,56,86,95,54.10,26.19,992.85 
29/10/2021T10:05:16Z,55,85,91,54.19,26.18,992.80 
29/10/2021T10:05:47Z,55,86,93,54.19,26.18,992.83 
29/10/2021T10:06:18Z,58,90,98,54.10,26.18,992.85 
29/10/2021T10:06:48Z,56,86,95,54.12,26.18,992.86 
29/10/2021T10:07:19Z,59,87,92,54.14,26.18,992.85 
29/10/2021T10:07:50Z,55,84,90,54.18,26.17,992.86 
29/10/2021T10:08:20Z,56,86,94,54.23,26.17,992.83 
29/10/2021T10:08:51Z,55,87,96,54.12,26.17,992.87 
29/10/2021T10:09:45Z,56,89,96,54.24,26.18,992.82 
29/10/2021T10:10:15Z,57,85,90,54.18,26.17,992.83 
29/10/2021T11:07:25Z,65,95,111,59.43,24.67,992.33 
29/10/2021T11:07:55Z,63,97,107,59.72,24.72,992.34 
29/10/2021T11:08:25Z,67,100,110,59.53,24.83,992.43 
29/10/2021T11:08:56Z,64,98,108,58.96,24.94,992.56 
29/10/2021T11:09:26Z,65,100,112,58.97,25.05,992.55 
29/10/2021T11:09:57Z,73,113,127,58.03,25.09,992.76 
29/10/2021T11:10:28Z,71,108,120,58.51,25.14,992.61 
29/10/2021T11:10:58Z,70,110,124,58.84,25.27,992.53 
29/10/2021T11:11:28Z,71,112,124,58.02,25.27,992.74 
29/10/2021T11:11:59Z,72,111,124,58.77,25.33,992.56 
29/10/2021T11:12:29Z,68,107,121,58.09,25.45,992.71 
29/10/2021T11:13:00Z,67,102,117,57.69,25.51,992.81 
29/10/2021T11:13:31Z,66,100,112,57.37,25.55,992.87 
29/10/2021T11:14:01Z,66,101,110,57.32,25.56,992.89 
29/10/2021T11:14:31Z,64,100,113,57.25,25.56,992.91 
29/10/2021T11:15:01Z,67,107,121,56.89,25.52,993.00 
29/10/2021T11:15:31Z,68,108,122,57.39,25.52,992.89 
29/10/2021T11:16:02Z,69,107,121,57.02,25.60,992.96 
29/10/2021T11:16:32Z,69,107,121,56.95,25.64,992.98 
29/10/2021T11:17:03Z,70,108,125,56.36,25.70,993.11 
29/10/2021T11:17:33Z,68,104,115,56.60,25.72,993.07 
29/10/2021T11:18:04Z,65,100,112,56.79,25.80,992.99 
29/10/2021T11:18:34Z,64,99,112,56.47,25.83,993.09 
29/10/2021T11:19:05Z,67,104,116,56.38,25.85,993.11 
29/10/2021T11:19:36Z,66,101,112,56.46,25.88,993.07 
29/10/2021T11:20:06Z,68,105,117,55.96,25.86,993.25 
29/10/2021T11:20:36Z,71,107,118,56.36,25.86,993.14 
29/10/2021T11:21:07Z,72,109,122,56.55,25.92,993.04 
29/10/2021T11:21:37Z,68,105,117,56.38,25.93,993.10 
29/10/2021T11:22:08Z,69,109,125,56.41,25.95,993.08 
29/10/2021T11:22:38Z,69,106,121,56.30,25.94,993.14 
29/10/2021T11:23:09Z,90,130,144,56.35,25.88,993.13 
29/10/2021T11:23:40Z,80,122,134,56.58,25.94,993.04 
29/10/2021T11:24:10Z,79,121,133,56.15,25.96,993.17 
29/10/2021T11:24:41Z,79,123,139,55.91,25.93,993.25 
29/10/2021T11:25:11Z,81,121,133,56.10,25.97,993.19 
29/10/2021T11:25:42Z,76,117,128,56.38,25.97,993.09 
29/10/2021T11:26:13Z,73,113,124,56.27,25.96,993.11 
29/10/2021T11:26:43Z,73,108,118,56.41,26.01,993.05 
29/10/2021T11:27:14Z,72,109,120,56.26,26.03,993.07 
29/10/2021T11:27:45Z,69,104,115,56.53,26.03,993.02 
29/10/2021T11:28:15Z,68,105,117,56.48,26.03,993.01 
29/10/2021T11:28:46Z,70,104,114,56.15,26.03,993.14 
29/10/2021T11:29:16Z,68,104,114,56.29,26.02,993.11 
29/10/2021T11:29:47Z,68,105,118,56.37,26.04,993.07 
29/10/2021T11:30:17Z,67,108,119,56.36,26.05,993.07 
29/10/2021T11:30:48Z,69,106,119,56.23,26.02,993.13 
29/10/2021T11:31:18Z,66,105,120,56.38,26.00,993.10 
29/10/2021T11:31:49Z,67,102,115,56.28,26.03,993.11 
29/10/2021T11:32:20Z,66,100,116,56.37,26.02,993.09 
29/10/2021T11:32:50Z,66,99,114,56.39,25.95,993.09 
29/10/2021T11:33:21Z,66,103,116,56.43,25.94,993.09 
29/10/2021T11:33:52Z,67,100,112,56.30,25.90,993.13 
29/10/2021T11:34:22Z,69,108,123,56.30,25.90,993.14 
29/10/2021T11:34:52Z,70,109,123,56.21,25.90,993.16 
29/10/2021T11:35:22Z,72,109,123,56.36,25.86,993.12 
29/10/2021T11:35:53Z,72,113,122,56.50,25.86,993.07 
29/10/2021T11:36:23Z,75,116,128,56.53,25.84,993.07 
29/10/2021T11:36:54Z,73,109,122,56.29,25.86,993.13 
29/10/2021T11:37:24Z,70,106,119,56.28,25.87,993.14 
29/10/2021T11:37:54Z,68,106,117,56.14,25.85,993.17 
29/10/2021T11:38:25Z,67,102,111,56.04,25.85,993.22 
29/10/2021T11:38:55Z,66,104,120,55.97,25.86,993.24 
29/10/2021T11:39:26Z,67,104,118,56.04,25.83,993.21 
29/10/2021T11:39:56Z,65,102,116,56.07,25.82,993.20 
29/10/2021T11:40:27Z,68,106,117,55.52,25.82,993.39 
29/10/2021T11:40:58Z,68,103,119,55.69,25.82,993.33 
29/10/2021T11:41:29Z,68,103,113,55.63,25.84,993.33 
29/10/2021T11:41:59Z,66,101,112,56.12,25.76,993.19 
29/10/2021T11:42:30Z,67,101,111,56.22,25.78,993.14 
29/10/2021T11:43:00Z,66,102,115,56.29,25.80,993.11 
29/10/2021T11:43:30Z,68,107,115,56.28,25.82,993.11 
29/10/2021T11:44:00Z,68,106,118,56.07,25.83,993.17 
29/10/2021T11:44:31Z,68,108,122,55.95,25.83,993.22 
29/10/2021T11:45:01Z,66,105,122,55.89,25.82,993.26 
29/10/2021T11:45:31Z,69,104,115,56.25,25.80,993.14 
29/10/2021T11:46:02Z,68,103,115,56.29,25.79,993.11 
29/10/2021T11:46:33Z,69,106,121,56.20,25.81,993.14 
29/10/2021T11:47:03Z,68,106,120,56.17,25.83,993.14 
29/10/2021T11:47:33Z,71,106,118,56.05,25.83,993.18 
29/10/2021T11:48:03Z,69,109,122,56.11,25.81,993.20 
29/10/2021T11:48:34Z,70,108,125,56.21,25.82,993.16 
29/10/2021T11:49:04Z,69,106,115,56.28,25.81,993.14 
29/10/2021T11:49:34Z,69,106,119,56.36,25.79,993.12 
29/10/2021T11:50:04Z,73,107,118,56.27,25.79,993.15 
29/10/2021T11:50:35Z,71,107,118,56.41,25.77,993.11 
29/10/2021T11:51:05Z,72,111,123,56.48,25.75,993.10 
29/10/2021T11:51:35Z,72,108,122,56.41,25.74,993.12 
29/10/2021T11:52:05Z,70,108,119,56.49,25.74,993.10 
29/10/2021T11:52:35Z,73,113,126,56.65,25.76,993.03 
29/10/2021T11:53:06Z,84,130,147,57.45,25.81,992.78 
29/10/2021T11:53:36Z,79,121,136,57.68,25.91,992.68 
29/10/2021T11:54:07Z,75,114,129,57.98,25.94,992.64 
29/10/2021T11:54:37Z,77,117,130,57.99,26.00,992.66 
29/10/2021T11:55:07Z,79,120,133,57.62,26.07,992.76 
29/10/2021T11:55:37Z,76,116,134,57.29,26.11,992.86 
29/10/2021T11:56:08Z,77,119,130,57.37,26.14,992.85 
29/10/2021T11:56:38Z,77,120,131,57.53,26.18,992.80 
29/10/2021T11:57:08Z,76,116,130,57.51,26.21,992.80 
29/10/2021T11:57:38Z,75,117,128,57.61,26.26,992.76 
29/10/2021T11:58:09Z,78,121,135,57.52,26.31,992.76 
29/10/2021T11:58:39Z,74,115,129,57.27,26.34,992.86 
29/10/2021T11:59:10Z,74,114,127,57.57,26.34,992.76 
29/10/2021T11:59:41Z,76,112,132,57.48,26.35,992.79 
29/10/2021T12:00:11Z,78,121,137,57.68,26.33,992.75 
29/10/2021T12:00:41Z,76,114,128,57.65,26.35,992.74 
29/10/2021T12:01:11Z,75,117,132,57.41,26.38,992.83 
29/10/2021T12:01:42Z,76,115,129,57.66,26.36,992.76 
29/10/2021T12:02:12Z,77,117,129,57.62,26.33,992.78 
29/10/2021T12:02:43Z,78,121,136,57.57,26.31,992.82 
29/10/2021T12:03:13Z,79,120,136,57.58,26.30,992.83 
29/10/2021T12:03:44Z,84,125,140,57.45,26.29,992.88 
29/10/2021T12:04:15Z,89,132,141,57.60,26.27,992.84 
29/10/2021T12:04:45Z,89,136,148,57.55,26.28,992.85 
29/10/2021T12:05:15Z,92,133,145,57.28,26.27,992.95 
29/10/2021T12:05:46Z,90,132,149,57.28,26.25,992.95 
29/10/2021T12:06:16Z,90,134,149,57.25,26.22,993.00 
29/10/2021T12:06:46Z,88,129,144,57.62,26.21,992.88 
29/10/2021T12:07:17Z,92,135,147,57.42,26.21,992.95 
29/10/2021T12:07:47Z,87,134,146,57.72,26.22,992.87 
29/10/2021T12:08:17Z,88,130,144,57.83,26.21,992.85 
29/10/2021T12:08:48Z,85,128,133,57.83,26.21,992.85 
29/10/2021T12:09:18Z,83,127,140,57.65,26.20,992.91 
29/10/2021T12:09:48Z,85,122,136,57.49,26.18,992.98 
29/10/2021T12:10:19Z,83,125,141,57.98,26.17,992.87 
29/10/2021T12:10:50Z,80,122,134,57.78,26.16,992.91 
29/10/2021T12:11:20Z,85,129,142,57.59,26.13,992.99 
29/10/2021T12:11:50Z,82,126,138,58.11,26.13,992.84 
29/10/2021T12:12:21Z,84,126,139,57.76,26.16,992.91 
29/10/2021T12:12:51Z,84,130,145,57.73,26.17,992.93 
29/10/2021T12:13:21Z,81,124,135,57.72,26.18,992.95 
29/10/2021T12:13:52Z,81,125,139,57.54,26.21,992.99 
29/10/2021T12:14:22Z,82,126,140,57.84,26.16,992.92 
29/10/2021T12:14:53Z,81,121,136,57.93,26.17,992.87 
29/10/2021T12:15:23Z,82,123,137,58.06,26.18,992.84 
29/10/2021T12:15:54Z,80,122,134,57.95,26.18,992.89 
29/10/2021T12:16:24Z,80,125,134,57.73,26.18,992.96 
29/10/2021T12:16:55Z,80,123,139,58.13,26.19,992.86 
29/10/2021T12:17:25Z,83,127,146,58.14,26.21,992.84 
29/10/2021T12:17:55Z,81,124,138,58.13,26.26,992.83 
29/10/2021T12:18:26Z,85,126,137,58.02,26.26,992.86 
29/10/2021T12:18:57Z,85,129,138,58.17,26.26,992.83 
29/10/2021T12:19:27Z,87,135,150,58.33,26.30,992.77 
29/10/2021T12:19:57Z,89,140,158,58.10,26.34,992.83 
29/10/2021T12:20:27Z,91,146,165,58.11,26.38,992.82 
29/10/2021T12:20:58Z,92,145,160,58.18,26.44,992.80 
29/10/2021T12:21:28Z,91,141,156,57.95,26.51,992.83 
29/10/2021T12:21:59Z,90,141,153,57.43,26.57,992.97 
29/10/2021T12:22:29Z,96,154,169,57.38,26.63,993.00 
29/10/2021T12:22:59Z,108,173,197,57.30,26.65,993.02 
29/10/2021T12:23:30Z,144,237,264,57.50,26.65,992.98 
29/10/2021T12:24:00Z,158,256,293,58.00,26.68,992.82 
29/10/2021T12:24:30Z,148,238,263,57.69,26.75,992.90 
29/10/2021T12:25:01Z,131,213,237,57.45,26.74,992.99 
29/10/2021T12:25:31Z,119,191,212,57.43,26.73,993.00 
29/10/2021T12:26:02Z,114,179,201,57.46,26.73,993.00 
29/10/2021T12:26:32Z,112,176,196,57.21,26.71,993.06 
29/10/2021T12:27:03Z,109,175,196,57.00,26.70,993.16 
29/10/2021T12:27:34Z,101,159,174,57.35,26.71,993.06 
29/10/2021T12:28:05Z,100,156,175,57.54,26.72,993.01 
29/10/2021T12:28:35Z,101,160,176,57.39,26.69,993.06 
29/10/2021T12:29:06Z,103,166,185,57.24,26.65,993.13 
29/10/2021T12:29:36Z,102,160,175,57.21,26.62,993.16 
29/10/2021T12:30:06Z,100,160,184,57.12,26.65,993.17 
29/10/2021T12:30:36Z,101,163,182,57.26,26.69,993.12 
29/10/2021T12:31:06Z,101,158,180,56.74,26.70,993.26 
29/10/2021T12:31:37Z,99,159,176,56.02,26.71,993.52 
29/10/2021T12:32:07Z,99,154,170,56.57,26.73,993.33 
29/10/2021T12:32:38Z,98,157,175,56.22,26.73,993.43 
29/10/2021T12:33:08Z,102,162,180,56.07,26.75,993.48 
29/10/2021T12:33:39Z,101,164,183,55.89,26.77,993.53 
29/10/2021T12:34:09Z,101,158,177,56.13,26.80,993.42 
29/10/2021T12:34:39Z,103,162,184,55.87,26.77,993.53 
29/10/2021T12:35:10Z,105,167,187,55.81,26.77,993.56 
29/10/2021T12:35:41Z,105,168,188,55.82,26.79,993.56 
29/10/2021T12:36:11Z,103,169,192,56.09,26.80,993.44 
29/10/2021T12:36:41Z,103,165,186,56.05,26.79,993.48 
29/10/2021T12:37:11Z,104,171,193,55.85,26.73,993.57 
29/10/2021T12:37:41Z,106,174,194,55.58,26.68,993.71 
29/10/2021T12:38:12Z,103,170,185,55.60,26.65,993.70 
29/10/2021T12:38:42Z,109,178,198,55.74,26.61,993.67 
29/10/2021T12:39:12Z,109,176,197,55.30,26.57,993.79 
29/10/2021T12:39:43Z,109,179,201,55.45,26.53,993.77 
29/10/2021T12:40:13Z,107,172,190,55.73,26.49,993.67 
29/10/2021T12:40:44Z,112,182,198,55.77,26.46,993.66 
29/10/2021T12:41:15Z,112,185,201,55.73,26.43,993.68 
29/10/2021T12:41:46Z,117,194,219,56.03,26.42,993.58 
29/10/2021T12:42:16Z,123,201,231,55.70,26.43,993.69 
29/10/2021T12:42:47Z,125,211,237,55.69,26.44,993.69 
29/10/2021T12:43:18Z,126,208,228,56.09,26.43,993.56 
29/10/2021T12:43:48Z,130,214,242,56.14,26.42,993.54 
29/10/2021T12:44:18Z,128,213,244,56.07,26.42,993.57 
29/10/2021T12:44:49Z,128,212,237,56.24,26.28,993.55 
29/10/2021T12:45:20Z,132,220,253,56.63,26.23,993.41 
29/10/2021T12:45:50Z,128,211,234,56.95,26.28,993.31 
29/10/2021T12:46:20Z,125,207,232,56.88,26.35,993.33 
29/10/2021T12:46:50Z,123,208,238,56.80,26.41,993.35 
29/10/2021T12:47:21Z,125,208,242,56.95,26.48,993.29 
29/10/2021T12:47:52Z,124,212,239,56.53,26.54,993.39 
29/10/2021T12:48:22Z,129,208,236,56.44,26.55,993.46 
29/10/2021T12:48:53Z,126,212,239,56.61,26.56,993.40 
29/10/2021T12:49:23Z,127,219,253,56.74,26.63,993.34 
29/10/2021T12:49:53Z,130,220,251,56.70,26.69,993.35 
29/10/2021T12:50:24Z,130,220,247,56.58,26.70,993.39 
29/10/2021T12:50:54Z,132,222,249,56.81,26.67,993.33 
29/10/2021T12:51:24Z,134,222,253,56.93,26.69,993.30 
29/10/2021T12:51:55Z,133,223,249,57.13,26.70,993.23 
29/10/2021T12:52:25Z,134,226,255,57.04,26.71,993.26 
29/10/2021T12:52:56Z,133,217,251,57.01,26.68,993.31 
29/10/2021T12:53:26Z,132,226,260,56.95,26.63,993.36 
29/10/2021T12:53:57Z,134,223,254,56.97,26.65,993.37 
29/10/2021T12:54:28Z,139,231,262,56.79,26.62,993.44 
29/10/2021T12:54:58Z,142,234,269,57.11,26.57,993.37 
29/10/2021T12:55:29Z,136,228,264,57.57,26.55,993.20 
29/10/2021T12:55:59Z,139,238,272,57.43,26.52,993.27 
29/10/2021T12:56:30Z,138,236,273,57.61,26.47,993.25 
29/10/2021T12:57:00Z,137,231,265,57.80,26.40,993.22 
29/10/2021T12:57:30Z,134,229,265,58.05,26.40,993.16 
29/10/2021T12:58:01Z,132,217,246,58.14,26.36,993.16 
29/10/2021T12:58:31Z,129,222,250,58.16,26.35,993.17 
29/10/2021T12:59:01Z,131,222,256,58.26,26.31,993.16 
29/10/2021T12:59:32Z,133,221,255,58.06,26.29,993.23 
29/10/2021T13:00:02Z,132,224,247,58.31,26.23,993.18 
29/10/2021T13:00:32Z,131,220,253,58.43,26.19,993.16 
29/10/2021T13:01:03Z,134,226,258,58.64,26.19,993.13 
29/10/2021T13:01:34Z,134,226,259,58.67,26.23,993.13 
29/10/2021T13:02:04Z,135,222,256,58.53,26.22,993.18 
29/10/2021T13:02:34Z,136,231,259,58.43,26.24,993.21 
29/10/2021T13:03:05Z,136,233,258,58.53,26.27,993.19 
29/10/2021T13:03:35Z,136,230,261,58.27,26.33,993.25 
29/10/2021T13:04:06Z,142,241,272,58.20,26.36,993.29 
29/10/2021T13:04:36Z,136,229,262,58.29,26.36,993.26 
29/10/2021T13:05:06Z,138,233,268,58.22,26.38,993.28 
29/10/2021T13:05:37Z,142,244,277,57.98,26.36,993.33 
29/10/2021T13:06:07Z,143,247,285,57.95,26.35,993.36 
29/10/2021T13:06:38Z,145,247,286,57.88,26.32,993.40 
29/10/2021T13:07:08Z,146,249,281,58.01,26.29,993.37 
29/10/2021T13:07:39Z,145,253,290,58.10,26.27,993.34 
29/10/2021T13:08:10Z,143,235,273,58.31,26.21,993.30 
29/10/2021T13:08:40Z,139,236,266,58.34,26.22,993.29 
29/10/2021T13:09:10Z,137,232,264,58.26,26.22,993.32 
29/10/2021T13:09:41Z,137,234,261,58.25,26.20,993.33 
29/10/2021T13:10:11Z,139,242,274,58.17,26.20,993.34 
29/10/2021T13:10:42Z,147,248,282,58.09,26.12,993.38 
29/10/2021T13:11:12Z,144,243,283,58.24,26.15,993.32 
29/10/2021T13:11:43Z,143,249,282,58.19,26.17,993.34 
29/10/2021T13:12:13Z,142,246,280,58.22,26.15,993.34 
29/10/2021T13:12:44Z,139,243,274,58.09,26.14,993.36 
29/10/2021T13:13:14Z,140,236,262,58.13,26.13,993.36 
29/10/2021T13:13:44Z,138,237,272,58.25,26.15,993.33 
29/10/2021T13:14:15Z,134,231,266,58.30,26.12,993.32 
29/10/2021T13:14:45Z,138,231,256,58.40,26.09,993.31 
29/10/2021T13:15:16Z,138,230,261,58.33,26.06,993.33 
29/10/2021T13:15:46Z,139,229,261,58.12,26.05,993.39 
29/10/2021T13:16:16Z,135,224,252,57.84,26.07,993.47 
29/10/2021T13:16:46Z,133,220,250,57.70,26.08,993.53 
29/10/2021T13:17:16Z,135,226,255,57.88,26.08,993.47 
29/10/2021T13:17:47Z,135,220,244,57.63,26.09,993.54 
29/10/2021T13:18:17Z,132,216,248,57.60,26.08,993.55 
29/10/2021T13:18:47Z,134,221,250,57.53,26.08,993.57 
29/10/2021T13:19:17Z,132,214,238,57.57,26.10,993.56 
29/10/2021T13:19:47Z,129,213,236,57.20,26.09,993.67 
29/10/2021T13:20:18Z,128,209,238,56.94,26.11,993.77 
29/10/2021T13:20:48Z,130,212,241,57.09,26.15,993.73 
29/10/2021T13:21:19Z,132,218,239,56.95,26.14,993.78 
29/10/2021T13:21:49Z,132,218,249,56.74,26.14,993.85 
29/10/2021T13:22:20Z,133,218,248,56.66,26.14,993.88 
29/10/2021T13:22:50Z,133,213,235,56.72,26.10,993.86 
29/10/2021T13:23:21Z,130,212,246,56.99,26.09,993.79 
29/10/2021T13:23:51Z,129,208,238,57.49,26.11,993.64 
29/10/2021T13:24:21Z,129,214,240,57.87,26.08,993.51 
29/10/2021T13:24:51Z,128,216,243,57.69,26.15,993.55 
29/10/2021T13:25:22Z,129,213,237,57.71,26.17,993.55 
29/10/2021T13:25:52Z,132,215,243,57.60,26.17,993.59 
29/10/2021T13:26:22Z,128,212,238,57.18,26.19,993.72 
29/10/2021T13:26:53Z,128,210,234,56.68,26.18,993.88 
29/10/2021T13:27:23Z,126,204,230,56.85,26.20,993.83 
29/10/2021T13:27:54Z,123,202,225,56.75,26.21,993.86 
29/10/2021T13:28:24Z,123,200,221,56.29,26.21,993.99 
29/10/2021T13:28:55Z,124,199,224,56.10,26.20,994.04 
29/10/2021T13:29:25Z,123,194,222,55.75,26.21,994.14 
29/10/2021T13:29:56Z,122,198,228,55.50,26.20,994.23 
29/10/2021T13:30:26Z,117,191,210,55.42,26.22,994.25 
29/10/2021T13:30:57Z,113,186,205,55.75,26.24,994.13 
29/10/2021T13:31:27Z,118,192,214,56.00,26.25,994.02 
29/10/2021T13:31:58Z,118,192,218,55.96,26.27,994.04 
29/10/2021T13:32:29Z,117,193,214,55.61,26.28,994.15 
29/10/2021T13:32:59Z,115,182,200,55.48,26.29,994.20 
29/10/2021T13:33:30Z,113,188,204,55.10,26.31,994.32 
29/10/2021T13:34:00Z,112,182,206,54.68,26.27,994.48 
29/10/2021T13:34:31Z,110,179,198,54.57,26.22,994.52 
29/10/2021T13:35:01Z,111,182,205,55.29,26.20,994.29 
29/10/2021T13:35:31Z,112,187,204,55.48,26.24,994.16 
29/10/2021T13:36:02Z,116,188,211,56.00,26.22,993.99 
29/10/2021T13:36:32Z,115,189,211,56.06,26.26,993.94 
29/10/2021T13:37:02Z,117,191,214,55.75,26.26,994.04 
29/10/2021T13:37:33Z,116,189,215,55.70,26.25,994.07 
29/10/2021T13:38:03Z,117,193,216,55.87,26.25,994.02 
29/10/2021T13:38:34Z,117,189,208,55.91,26.26,994.02 
29/10/2021T13:39:05Z,121,190,215,55.63,26.25,994.10 
29/10/2021T13:39:35Z,124,195,214,55.66,26.24,994.09 
29/10/2021T13:40:06Z,133,206,230,55.87,26.23,994.05 
29/10/2021T13:40:36Z,130,208,230,55.55,26.20,994.17 
29/10/2021T13:41:06Z,134,212,239,55.80,26.20,994.09 
29/10/2021T13:41:37Z,138,225,244,55.93,26.22,994.03 
29/10/2021T13:42:07Z,136,217,241,56.08,26.24,993.96 
29/10/2021T13:42:38Z,131,209,234,56.13,26.30,993.94 
29/10/2021T13:43:08Z,132,214,241,56.17,26.31,993.92 
29/10/2021T13:43:39Z,129,206,234,55.98,26.30,994.00 
29/10/2021T13:44:09Z,128,208,233,56.12,26.31,993.98 
29/10/2021T13:44:40Z,131,212,235,55.92,26.32,994.03 
29/10/2021T13:45:10Z,130,203,228,55.94,26.33,994.04 
29/10/2021T13:45:41Z,131,205,229,55.87,26.33,994.07 
29/10/2021T13:46:12Z,130,208,226,55.81,26.30,994.13 
29/10/2021T13:46:42Z,129,202,220,55.96,26.29,994.09 
29/10/2021T13:47:12Z,130,203,222,56.30,26.28,993.97 
29/10/2021T13:47:42Z,130,203,227,56.28,26.25,993.96 
29/10/2021T13:48:13Z,131,203,225,56.39,26.25,993.96 
29/10/2021T13:48:43Z,127,206,229,56.57,26.24,993.88 
29/10/2021T13:49:14Z,130,210,229,56.71,26.21,993.84 
29/10/2021T13:49:44Z,130,206,229,56.86,26.21,993.80 
29/10/2021T13:50:14Z,129,205,224,56.98,26.21,993.77 
29/10/2021T13:50:45Z,131,207,233,57.15,26.21,993.73 
29/10/2021T13:51:15Z,127,206,232,57.33,26.21,993.68 
29/10/2021T13:51:45Z,132,211,236,57.63,26.21,993.63 
29/10/2021T13:52:15Z,139,222,250,58.14,26.16,993.51 
29/10/2021T13:52:46Z,136,220,246,58.17,26.16,993.53 
29/10/2021T13:53:16Z,143,232,265,58.23,26.17,993.54 
29/10/2021T13:53:47Z,146,240,273,58.27,26.16,993.56 
29/10/2021T13:54:17Z,147,247,287,58.34,26.16,993.55 
29/10/2021T13:54:47Z,147,243,284,58.30,26.20,993.58 
29/10/2021T13:55:18Z,147,244,288,58.20,26.22,993.63 
29/10/2021T13:55:48Z,145,240,273,58.42,26.18,993.58 
29/10/2021T13:56:19Z,145,237,270,58.46,26.20,993.58 
29/10/2021T13:56:49Z,149,238,270,58.40,26.25,993.60 
29/10/2021T13:57:20Z,143,238,273,58.56,26.28,993.58 
29/10/2021T13:57:50Z,145,236,265,58.41,26.31,993.62 
29/10/2021T13:58:20Z,139,231,275,58.26,26.36,993.65 
29/10/2021T13:58:51Z,141,229,261,57.70,26.36,993.81 
29/10/2021T13:59:21Z,137,218,245,57.42,26.34,993.90 
29/10/2021T13:59:51Z,137,219,248,57.15,26.34,993.95 
29/10/2021T14:00:22Z,132,217,240,56.96,26.29,994.04 
29/10/2021T14:00:53Z,134,216,242,57.13,26.31,993.95 
29/10/2021T14:01:23Z,134,214,245,57.13,26.31,993.96 
29/10/2021T14:01:54Z,131,205,231,56.84,26.26,994.05 
29/10/2021T14:02:24Z,131,205,232,56.78,26.19,994.10 
29/10/2021T14:02:54Z,130,212,234,56.78,26.20,994.07 
29/10/2021T14:03:25Z,126,201,227,56.33,26.25,994.19 
29/10/2021T14:03:55Z,125,192,215,55.94,26.22,994.32 
29/10/2021T14:04:25Z,123,195,222,55.95,26.23,994.32 
29/10/2021T14:04:55Z,125,193,221,55.84,26.25,994.34 
29/10/2021T14:05:26Z,121,189,209,55.67,26.26,994.38 
29/10/2021T14:05:56Z,122,188,212,55.61,26.26,994.40 
29/10/2021T14:06:26Z,122,190,209,55.28,26.26,994.50 
29/10/2021T14:06:56Z,120,189,214,55.60,26.21,994.42 
29/10/2021T14:07:27Z,121,193,212,55.63,26.23,994.39 
29/10/2021T14:07:57Z,124,194,215,55.32,26.23,994.49 
29/10/2021T14:08:27Z,117,185,204,55.34,26.24,994.49 
29/10/2021T14:08:58Z,117,186,211,55.31,26.25,994.48 
29/10/2021T14:09:29Z,119,184,204,55.18,26.25,994.54 
29/10/2021T14:09:59Z,117,183,205,55.21,26.25,994.51 
29/10/2021T14:10:29Z,119,185,205,55.54,26.27,994.41 
29/10/2021T14:10:59Z,117,187,208,55.37,26.27,994.45 
29/10/2021T14:11:30Z,117,182,204,55.37,26.27,994.45 
29/10/2021T14:12:00Z,117,184,210,55.23,26.27,994.52 
29/10/2021T14:12:31Z,119,188,206,55.16,26.29,994.55 
29/10/2021T14:13:01Z,116,184,208,55.30,26.30,994.51 
29/10/2021T14:13:31Z,116,182,205,55.23,26.30,994.51 
29/10/2021T14:14:02Z,116,183,200,55.23,26.28,994.52 
29/10/2021T14:14:32Z,117,179,198,55.18,26.26,994.57 
29/10/2021T14:15:02Z,120,184,199,55.17,26.24,994.58 
29/10/2021T14:15:33Z,117,184,206,55.07,26.24,994.61 
29/10/2021T14:16:03Z,117,183,206,55.06,26.24,994.61 
29/10/2021T14:16:34Z,114,179,195,55.01,26.24,994.63 
29/10/2021T14:17:04Z,117,181,196,54.75,26.23,994.73 
29/10/2021T14:17:35Z,115,181,198,55.23,26.21,994.60 
29/10/2021T14:18:05Z,117,182,202,55.40,26.24,994.51 
29/10/2021T14:18:36Z,116,180,200,55.31,26.27,994.54 
29/10/2021T14:19:06Z,115,180,201,55.14,26.31,994.60 
29/10/2021T14:19:36Z,115,178,199,54.99,26.34,994.66 
29/10/2021T14:20:07Z,115,176,199,54.80,26.36,994.72 
29/10/2021T14:20:37Z,115,179,200,54.89,26.38,994.71 
29/10/2021T14:21:08Z,116,181,203,54.90,26.42,994.70 
29/10/2021T14:21:38Z,114,175,197,54.74,26.43,994.75 
29/10/2021T14:22:09Z,115,180,202,54.62,26.42,994.80 
29/10/2021T14:22:39Z,115,185,207,54.70,26.41,994.78 
29/10/2021T14:23:10Z,114,180,198,54.58,26.39,994.82 
29/10/2021T14:23:40Z,114,178,202,54.59,26.38,994.82 
29/10/2021T14:24:11Z,115,181,206,54.49,26.36,994.87 
29/10/2021T14:24:41Z,119,186,210,54.71,26.34,994.81 
29/10/2021T14:25:11Z,115,181,197,54.58,26.32,994.85 
29/10/2021T14:25:42Z,115,183,205,54.84,26.30,994.78 
29/10/2021T14:26:12Z,113,181,200,54.91,26.31,994.74 
29/10/2021T14:26:42Z,117,184,205,55.02,26.31,994.70 
29/10/2021T14:27:13Z,119,185,213,55.09,26.29,994.69 
29/10/2021T14:27:44Z,114,178,199,55.15,26.29,994.67 
29/10/2021T14:28:14Z,118,184,203,55.04,26.30,994.70 
29/10/2021T14:28:45Z,119,188,213,54.84,26.29,994.79 
29/10/2021T14:29:15Z,120,189,214,54.87,26.28,994.77 
29/10/2021T14:29:46Z,119,188,212,54.79,26.27,994.80 
29/10/2021T14:30:16Z,118,190,207,54.90,26.25,994.78 
29/10/2021T14:30:46Z,120,184,209,54.86,26.25,994.79 
29/10/2021T14:31:16Z,116,180,200,54.92,26.25,994.76 
29/10/2021T14:31:47Z,115,181,202,54.88,26.26,994.77 
29/10/2021T14:32:18Z,121,186,208,54.80,26.25,994.79 
29/10/2021T14:32:48Z,119,185,203,54.81,26.28,994.79 
29/10/2021T14:33:18Z,115,178,195,54.80,26.31,994.77 
29/10/2021T14:33:49Z,116,184,204,54.55,26.32,994.85 
29/10/2021T14:34:19Z,117,186,202,54.77,26.32,994.80 
29/10/2021T14:34:50Z,118,183,202,54.71,26.31,994.81 
29/10/2021T14:35:21Z,116,183,201,54.80,26.30,994.79 
29/10/2021T14:35:51Z,118,186,203,54.93,26.31,994.73 
29/10/2021T14:36:21Z,115,182,205,54.97,26.30,994.71 
29/10/2021T14:36:52Z,121,185,202,54.92,26.30,994.74 
29/10/2021T14:37:22Z,122,189,212,55.05,26.28,994.70 
29/10/2021T14:37:53Z,119,184,206,55.29,26.28,994.62 
29/10/2021T14:38:24Z,119,189,210,55.37,26.30,994.57 
29/10/2021T14:38:55Z,120,187,207,55.30,26.29,994.60 
29/10/2021T14:39:25Z,121,191,209,55.31,26.29,994.60 
29/10/2021T14:39:56Z,116,185,209,55.30,26.28,994.60 
29/10/2021T14:40:27Z,126,196,217,55.26,26.30,994.61 
29/10/2021T14:40:57Z,127,201,226,55.42,26.35,994.55 
29/10/2021T14:41:27Z,127,199,219,55.02,26.37,994.66 
29/10/2021T14:41:58Z,124,194,216,54.93,26.39,994.72 
29/10/2021T14:42:28Z,122,191,217,54.76,26.39,994.78 
29/10/2021T14:42:58Z,126,201,223,54.59,26.37,994.85 
29/10/2021T14:43:28Z,127,195,217,54.74,26.38,994.80 
29/10/2021T14:43:59Z,129,205,223,54.42,26.37,994.90 
29/10/2021T14:44:29Z,130,207,231,54.46,26.36,994.90 
29/10/2021T14:44:59Z,130,207,232,54.25,26.37,994.97 
29/10/2021T14:45:30Z,126,201,226,54.28,26.39,994.94 
29/10/2021T14:46:00Z,133,206,234,54.11,26.41,995.00 
29/10/2021T14:46:30Z,139,219,244,54.12,26.41,994.99 
29/10/2021T14:47:01Z,141,221,246,54.12,26.42,994.99 
29/10/2021T14:47:32Z,136,216,237,54.24,26.41,994.96 
29/10/2021T14:48:02Z,129,203,221,54.32,26.36,994.93 
29/10/2021T14:48:32Z,129,203,220,54.40,26.34,994.90 
29/10/2021T14:49:03Z,125,200,228,54.45,26.33,994.89 
29/10/2021T14:49:34Z,132,211,237,54.35,26.31,994.93 
29/10/2021T14:50:04Z,132,210,243,54.36,26.30,994.95 
29/10/2021T14:50:35Z,127,198,224,54.48,26.27,994.92 
29/10/2021T14:51:05Z,126,201,226,54.44,26.27,994.92 
29/10/2021T14:51:36Z,125,201,226,54.46,26.28,994.94 
29/10/2021T14:52:07Z,124,199,224,54.33,26.27,994.99 
29/10/2021T14:52:37Z,120,194,219,54.20,26.26,995.05 
29/10/2021T14:53:07Z,121,190,217,54.45,26.26,994.96 
29/10/2021T14:53:38Z,116,190,213,54.49,26.26,994.94 
29/10/2021T14:54:08Z,116,187,208,54.52,26.27,994.92 
29/10/2021T14:54:38Z,116,183,204,54.52,26.27,994.93 
29/10/2021T14:55:09Z,118,185,207,54.35,26.28,994.98 
29/10/2021T14:55:39Z,119,187,208,54.26,26.22,995.04 
29/10/2021T14:56:10Z,121,194,214,54.40,26.19,994.99 
29/10/2021T14:56:41Z,121,190,210,54.40,26.18,995.00 
29/10/2021T14:57:11Z,124,201,220,54.30,26.14,995.04 
29/10/2021T14:57:41Z,127,200,225,54.61,26.08,994.95 
29/10/2021T14:58:11Z,124,200,219,54.54,26.07,994.97 
29/10/2021T14:58:41Z,127,202,225,54.52,26.01,994.99 
29/10/2021T14:59:12Z,127,201,226,54.74,25.96,994.93 
29/10/2021T14:59:42Z,130,203,224,54.83,25.96,994.89 
29/10/2021T15:00:13Z,131,204,229,54.79,25.94,994.88 
29/10/2021T15:00:44Z,125,194,211,54.77,25.92,994.89 
29/10/2021T15:01:14Z,121,193,220,54.70,25.91,994.91 
29/10/2021T15:01:44Z,118,183,205,54.66,25.90,994.92 
29/10/2021T15:02:15Z,115,186,208,54.48,25.91,994.97 
29/10/2021T15:02:46Z,118,182,201,54.37,25.90,995.02 
29/10/2021T15:03:16Z,114,179,201,54.29,25.90,995.06 
29/10/2021T15:03:46Z,111,174,197,54.11,25.87,995.13 
29/10/2021T15:04:17Z,113,175,197,54.54,25.86,994.97 
29/10/2021T15:04:48Z,112,171,192,54.13,25.87,995.11 
29/10/2021T15:05:18Z,113,176,194,54.39,25.88,995.04 
29/10/2021T15:05:49Z,113,177,189,54.35,25.88,995.02 
29/10/2021T15:06:20Z,111,175,193,54.60,25.87,994.95 
29/10/2021T15:06:50Z,114,175,198,54.94,25.86,994.82 
29/10/2021T15:07:21Z,114,183,201,55.10,25.83,994.77 
29/10/2021T15:07:52Z,115,183,203,55.54,25.81,994.65 
29/10/2021T15:08:22Z,116,183,204,55.91,25.80,994.52 
29/10/2021T15:08:53Z,114,181,207,56.34,25.81,994.38 
29/10/2021T15:09:24Z,120,186,209,56.77,25.79,994.24 
29/10/2021T15:09:54Z,121,191,217,56.74,25.79,994.27 
29/10/2021T15:10:24Z,120,188,213,56.93,25.76,994.24 
29/10/2021T15:10:55Z,121,195,227,57.00,25.79,994.24 
29/10/2021T15:11:26Z,125,201,229,57.19,25.75,994.20 
29/10/2021T15:11:56Z,127,201,227,57.55,25.73,994.11 
29/10/2021T15:12:27Z,127,204,230,58.01,25.76,994.01 
29/10/2021T15:12:58Z,125,202,229,58.36,25.76,993.96 
29/10/2021T15:13:28Z,125,202,222,58.67,25.78,993.95 
29/10/2021T15:13:58Z,127,198,221,58.74,25.79,993.99 
29/10/2021T15:14:29Z,127,198,224,58.59,25.76,994.05 
29/10/2021T15:14:59Z,125,196,221,58.01,25.77,994.21 
29/10/2021T15:15:29Z,124,191,215,57.62,25.78,994.31 
29/10/2021T15:16:00Z,123,195,226,57.59,25.77,994.34 
29/10/2021T15:16:31Z,123,196,222,57.74,25.81,994.26 
29/10/2021T15:17:01Z,122,196,223,57.64,25.85,994.26 
29/10/2021T15:17:31Z,121,193,225,57.66,25.80,994.27 
29/10/2021T15:18:02Z,124,196,224,57.85,25.72,994.23 
29/10/2021T15:18:33Z,128,201,227,58.15,25.61,994.16 
29/10/2021T15:19:04Z,129,201,220,58.15,25.62,994.17 
29/10/2021T15:19:34Z,125,193,218,58.07,25.61,994.19 
29/10/2021T15:20:05Z,128,202,229,57.98,25.53,994.23 
29/10/2021T15:20:35Z,126,200,222,58.03,25.53,994.23 
29/10/2021T15:21:05Z,127,194,222,58.11,25.60,994.20 
29/10/2021T15:21:36Z,127,195,231,58.10,25.61,994.20 
29/10/2021T15:22:06Z,124,194,219,58.27,25.63,994.14 
29/10/2021T15:22:36Z,125,199,225,58.12,25.68,994.19 
29/10/2021T15:23:06Z,124,195,218,58.05,25.73,994.20 
29/10/2021T15:23:37Z,129,202,231,57.58,25.77,994.32 
29/10/2021T15:24:07Z,129,197,223,57.19,25.81,994.44 
29/10/2021T15:24:37Z,128,202,225,57.03,25.85,994.47 
29/10/2021T15:25:08Z,129,203,228,56.69,25.88,994.57 
29/10/2021T15:25:38Z,127,201,221,56.70,25.89,994.56 
29/10/2021T15:26:09Z,126,198,215,56.38,25.92,994.66 
29/10/2021T15:26:40Z,123,190,210,56.33,25.93,994.66 
29/10/2021T15:27:10Z,123,195,216,56.12,25.98,994.71 
29/10/2021T15:27:40Z,126,196,215,56.03,25.99,994.75 
29/10/2021T15:28:11Z,123,192,211,55.87,25.99,994.80 
29/10/2021T15:28:41Z,122,190,207,56.09,25.98,994.74 
29/10/2021T15:29:12Z,124,193,213,56.07,25.97,994.76 
29/10/2021T15:29:43Z,126,197,219,56.21,25.95,994.72 
29/10/2021T15:30:13Z,126,197,220,56.30,25.95,994.69 
29/10/2021T15:30:44Z,127,196,216,56.70,25.88,994.58 
29/10/2021T15:31:14Z,125,192,212,56.93,25.88,994.50 
29/10/2021T15:31:44Z,126,196,217,57.04,25.81,994.48 
29/10/2021T15:32:15Z,126,197,222,57.10,25.72,994.47 
29/10/2021T15:32:46Z,123,195,218,57.42,25.63,994.41 
29/10/2021T15:33:17Z,123,196,218,57.37,25.67,994.42 
29/10/2021T15:33:47Z,124,194,223,57.47,25.59,994.40 
29/10/2021T15:34:18Z,125,194,218,57.75,25.60,994.32 
29/10/2021T15:34:48Z,124,197,233,57.74,25.61,994.32 
29/10/2021T15:35:18Z,123,191,215,57.52,25.68,994.39 
29/10/2021T15:35:49Z,125,198,222,57.29,25.71,994.44 
29/10/2021T15:36:20Z,124,195,219,57.31,25.73,994.43 
29/10/2021T15:36:50Z,125,195,222,56.62,25.72,994.61 
29/10/2021T15:37:21Z,124,191,211,56.50,25.77,994.64 
29/10/2021T15:37:51Z,127,199,221,56.05,25.73,994.80 
29/10/2021T15:38:22Z,124,195,223,56.61,25.79,994.62 
29/10/2021T15:38:52Z,127,199,223,56.20,25.80,994.72 
29/10/2021T15:39:23Z,128,201,226,56.39,25.85,994.67 
29/10/2021T15:39:53Z,128,201,223,56.37,25.90,994.66 
29/10/2021T15:40:24Z,127,200,220,56.29,25.91,994.69 
29/10/2021T15:40:55Z,131,206,236,56.35,25.81,994.67 
29/10/2021T15:41:25Z,137,211,235,56.94,25.69,994.52 
29/10/2021T15:41:56Z,130,205,231,56.79,25.66,994.56 
29/10/2021T15:42:26Z,129,207,236,57.22,25.64,994.43 
29/10/2021T15:42:56Z,132,203,230,56.84,25.67,994.53 
29/10/2021T15:43:27Z,130,202,227,56.88,25.62,994.52 
29/10/2021T15:43:57Z,128,201,226,57.01,25.69,994.46 
29/10/2021T15:44:28Z,128,202,228,56.78,25.75,994.51 
29/10/2021T15:44:58Z,126,193,219,56.56,25.78,994.57 
29/10/2021T15:45:29Z,126,199,232,56.28,25.80,994.65 
29/10/2021T15:45:59Z,127,199,229,56.02,25.81,994.71 
29/10/2021T15:46:30Z,128,202,225,56.11,25.82,994.70 
29/10/2021T15:47:01Z,128,202,224,56.18,25.84,994.66 
29/10/2021T15:47:31Z,129,197,222,55.83,25.83,994.76 
29/10/2021T15:48:02Z,128,198,229,55.89,25.83,994.77 
29/10/2021T15:48:33Z,129,200,223,55.90,25.82,994.80 
29/10/2021T15:49:03Z,129,201,225,56.20,25.82,994.71 
29/10/2021T15:49:34Z,131,202,222,56.52,25.84,994.61 
29/10/2021T15:50:05Z,132,201,224,56.64,25.81,994.55 
29/10/2021T15:50:35Z,135,210,230,56.82,25.72,994.52 
29/10/2021T15:51:05Z,131,200,227,57.04,25.75,994.45 
29/10/2021T15:51:36Z,137,209,236,56.96,25.81,994.47 
29/10/2021T15:52:07Z,137,213,240,56.68,25.86,994.53 
29/10/2021T15:52:37Z,143,220,246,56.19,25.81,994.72 
29/10/2021T15:53:08Z,138,218,244,56.58,25.85,994.59 
29/10/2021T15:53:38Z,134,206,232,56.23,25.85,994.68 
29/10/2021T15:54:08Z,133,206,230,56.08,25.87,994.74 
29/10/2021T15:54:39Z,134,209,231,56.15,25.90,994.73 
29/10/2021T15:55:09Z,130,204,227,55.54,25.90,994.90 
29/10/2021T15:55:39Z,130,201,228,55.63,25.86,994.91 
29/10/2021T15:56:09Z,128,205,231,55.90,25.88,994.81 
29/10/2021T15:56:40Z,128,200,229,55.91,25.92,994.80 
29/10/2021T15:57:11Z,129,206,228,55.66,25.94,994.87 
29/10/2021T15:57:41Z,134,209,233,55.54,25.96,994.89 
29/10/2021T15:58:12Z,138,221,252,55.00,25.95,995.05 
29/10/2021T15:58:42Z,135,214,240,54.82,25.92,995.12 
29/10/2021T15:59:13Z,133,211,243,55.25,25.89,994.97 
29/10/2021T15:59:43Z,130,204,235,54.95,25.81,995.07 
29/10/2021T16:00:13Z,132,208,229,55.20,25.84,994.98 
29/10/2021T16:00:44Z,126,195,218,54.99,25.85,995.03 
29/10/2021T16:01:14Z,125,198,222,55.00,25.83,995.05 
29/10/2021T16:01:44Z,122,191,215,55.23,25.80,994.95 
29/10/2021T16:02:15Z,120,188,213,55.27,25.82,994.93 
29/10/2021T16:02:46Z,122,194,216,55.02,25.79,995.01 
29/10/2021T16:03:16Z,120,191,214,55.16,25.69,995.01 
29/10/2021T16:03:46Z,121,191,215,55.13,25.73,994.99 
29/10/2021T16:04:17Z,118,186,206,55.08,25.76,995.02 
29/10/2021T16:04:47Z,121,190,212,54.94,25.82,995.05 
29/10/2021T16:05:18Z,123,192,215,54.86,25.85,995.06 
29/10/2021T16:05:48Z,124,195,216,55.00,25.87,994.99 
29/10/2021T16:06:19Z,123,191,214,54.93,25.82,995.04 
29/10/2021T16:06:49Z,121,191,212,55.20,25.86,994.94 
29/10/2021T16:07:19Z,120,190,210,55.15,25.86,994.94 
29/10/2021T16:07:50Z,123,185,204,55.17,25.85,994.94 
29/10/2021T16:08:20Z,120,190,216,55.30,25.81,994.92 
29/10/2021T16:08:50Z,121,186,213,55.24,25.83,994.95 
29/10/2021T16:09:21Z,118,186,208,55.46,25.86,994.87 
29/10/2021T16:09:51Z,120,189,213,55.21,25.87,994.89 
29/10/2021T16:10:21Z,120,193,218,55.12,25.89,994.93 
29/10/2021T16:10:52Z,119,190,215,54.89,25.95,995.00 
29/10/2021T16:11:23Z,120,191,213,54.73,26.02,995.07 
29/10/2021T16:11:53Z,121,187,214,54.58,26.09,995.12 
29/10/2021T16:12:23Z,120,189,209,54.44,26.16,995.18 
29/10/2021T16:12:53Z,122,193,223,54.31,26.21,995.24 
29/10/2021T16:13:24Z,120,188,208,54.24,26.25,995.26 
29/10/2021T16:13:54Z,119,186,213,54.26,26.27,995.25 
29/10/2021T16:14:24Z,118,186,210,54.27,26.28,995.23 
29/10/2021T16:14:55Z,116,186,208,54.25,26.30,995.23 
29/10/2021T16:15:25Z,118,184,205,54.23,26.32,995.21 
29/10/2021T16:15:56Z,119,187,209,54.24,26.33,995.22 
29/10/2021T16:16:26Z,119,188,203,54.24,26.34,995.22 
29/10/2021T16:16:56Z,117,183,202,54.26,26.35,995.22 
29/10/2021T16:17:27Z,116,185,209,54.24,26.36,995.23 
29/10/2021T16:17:58Z,117,185,209,54.25,26.36,995.23 
29/10/2021T16:18:29Z,119,185,203,54.26,26.36,995.22 
29/10/2021T16:18:59Z,120,188,208,54.28,26.36,995.21 
29/10/2021T16:19:29Z,117,184,206,54.31,26.36,995.19 
29/10/2021T16:20:00Z,116,181,203,54.33,26.35,995.19 
29/10/2021T16:20:30Z,115,185,210,54.33,26.35,995.21 
29/10/2021T16:21:01Z,117,184,201,54.38,26.35,995.20 
29/10/2021T16:21:31Z,117,184,201,54.42,26.34,995.20 
29/10/2021T16:22:02Z,116,183,198,54.49,26.33,995.18 
29/10/2021T16:22:32Z,119,183,199,54.48,26.33,995.18 
29/10/2021T16:23:03Z,118,185,199,54.48,26.33,995.18 
29/10/2021T16:23:33Z,116,179,199,54.50,26.32,995.16 
29/10/2021T16:24:04Z,118,182,203,54.53,26.32,995.14 
29/10/2021T16:24:34Z,117,180,202,54.57,26.31,995.12 
29/10/2021T16:25:04Z,116,177,199,54.61,26.31,995.10 
29/10/2021T16:25:35Z,116,183,202,54.66,26.30,995.07 
29/10/2021T16:26:06Z,120,185,214,54.69,26.29,995.03 
29/10/2021T16:26:36Z,117,179,202,54.73,26.29,995.02 
29/10/2021T16:27:06Z,120,186,210,54.84,26.27,994.98 
29/10/2021T16:27:37Z,124,193,219,54.85,26.26,994.98 
29/10/2021T16:28:07Z,120,186,203,54.88,26.26,994.97 
29/10/2021T16:28:38Z,122,192,216,54.87,26.26,994.97 
29/10/2021T16:29:08Z,119,184,207,54.94,26.25,994.94 
29/10/2021T16:29:39Z,120,183,204,54.94,26.25,994.94 
29/10/2021T16:30:09Z,118,185,207,54.94,26.25,994.95 
29/10/2021T16:30:39Z,120,182,203,54.96,26.25,994.94 
29/10/2021T16:31:10Z,121,187,202,55.01,26.24,994.92 
29/10/2021T16:31:40Z,119,183,208,55.03,26.24,994.92 
29/10/2021T16:32:11Z,121,185,204,55.05,26.23,994.91 
29/10/2021T16:32:41Z,123,190,211,55.06,26.23,994.92 
29/10/2021T16:33:12Z,117,181,201,55.15,26.22,994.89 
29/10/2021T16:33:42Z,119,192,209,55.15,26.20,994.87 
29/10/2021T16:34:13Z,119,185,204,55.16,26.20,994.88 
29/10/2021T16:34:43Z,121,184,196,55.18,26.20,994.85 
29/10/2021T16:35:14Z,117,180,195,55.24,26.19,994.83 
29/10/2021T16:35:44Z,118,180,199,55.25,26.18,994.84 
29/10/2021T16:36:14Z,118,181,197,55.25,26.18,994.83 
29/10/2021T16:36:44Z,116,182,198,55.23,26.18,994.84 
29/10/2021T16:37:14Z,119,185,207,55.25,26.18,994.83 
29/10/2021T16:37:45Z,121,189,207,55.28,26.17,994.81 
29/10/2021T16:38:16Z,117,184,202,55.30,26.17,994.80 
29/10/2021T16:38:46Z,118,181,198,55.35,26.16,994.75 
29/10/2021T16:39:16Z,119,187,205,55.34,26.15,994.78 
29/10/2021T16:39:46Z,119,180,203,55.27,26.15,994.78 
29/10/2021T16:40:17Z,122,188,205,55.33,26.15,994.77 
29/10/2021T16:40:48Z,117,185,206,55.41,26.14,994.74 
29/10/2021T16:41:18Z,117,184,199,55.45,26.12,994.72 
29/10/2021T16:41:48Z,118,182,196,55.49,26.11,994.71 
29/10/2021T16:42:19Z,121,188,203,55.44,26.11,994.73 
29/10/2021T16:42:49Z,120,184,203,55.43,26.11,994.72 
29/10/2021T16:43:19Z,118,179,200,55.51,26.10,994.69 
29/10/2021T16:43:49Z,118,182,203,55.45,26.10,994.73 
29/10/2021T16:44:20Z,116,180,197,55.51,26.10,994.72 
29/10/2021T16:44:51Z,120,181,203,55.49,26.10,994.74 
29/10/2021T16:45:22Z,117,181,197,55.43,26.11,994.77 
29/10/2021T16:45:52Z,115,177,192,55.50,26.10,994.75 
29/10/2021T16:46:23Z,116,179,198,55.45,26.10,994.76 
29/10/2021T16:46:53Z,116,175,192,55.49,26.10,994.75 
29/10/2021T16:47:23Z,122,181,201,55.50,26.09,994.75 
29/10/2021T16:47:54Z,120,180,205,55.60,26.08,994.71 
29/10/2021T16:48:25Z,117,179,195,55.61,26.07,994.69 
29/10/2021T16:48:55Z,117,179,197,55.72,26.05,994.67 
29/10/2021T16:49:25Z,116,177,195,55.66,26.05,994.69 
29/10/2021T16:49:56Z,116,179,199,55.79,26.03,994.64 
29/10/2021T16:50:27Z,115,178,192,55.66,26.04,994.68 
29/10/2021T16:50:58Z,116,179,199,55.61,26.05,994.72 
29/10/2021T16:51:28Z,116,178,193,55.65,26.05,994.70 
29/10/2021T16:51:59Z,115,176,193,55.70,26.03,994.67 
29/10/2021T16:52:29Z,117,181,202,55.78,26.02,994.66 
29/10/2021T16:53:00Z,118,179,193,55.78,26.01,994.66 
29/10/2021T16:53:30Z,114,177,193,55.67,26.02,994.70 
29/10/2021T16:54:00Z,116,179,198,55.64,26.02,994.70 
29/10/2021T16:54:31Z,116,184,201,55.71,26.02,994.67 
29/10/2021T16:55:01Z,116,181,195,55.69,26.01,994.68 
29/10/2021T16:55:31Z,117,177,194,55.75,26.00,994.66 
29/10/2021T16:56:01Z,117,178,194,55.82,26.00,994.63 
29/10/2021T16:56:32Z,117,181,196,55.78,26.00,994.65 
29/10/2021T16:57:02Z,115,175,190,55.79,26.00,994.62 
29/10/2021T16:57:32Z,116,179,191,55.74,26.00,994.65 
29/10/2021T16:58:03Z,119,178,190,55.70,26.01,994.67 
29/10/2021T16:58:33Z,118,180,194,55.66,26.02,994.67 
29/10/2021T16:59:04Z,117,183,202,55.75,26.01,994.64 
29/10/2021T16:59:34Z,115,178,193,55.74,26.00,994.64 
29/10/2021T17:00:05Z,118,179,196,55.85,25.99,994.60 
29/10/2021T17:00:35Z,114,176,193,55.80,25.99,994.61 
29/10/2021T17:01:06Z,117,178,192,55.80,25.99,994.59 
29/10/2021T17:01:36Z,118,180,196,55.82,25.98,994.59 
29/10/2021T17:02:07Z,119,181,197,55.78,25.98,994.60 
29/10/2021T17:02:37Z,119,178,196,55.76,25.98,994.60 
29/10/2021T17:03:08Z,116,177,192,55.77,25.98,994.59 
29/10/2021T17:03:39Z,114,175,190,55.74,25.97,994.60 
29/10/2021T17:04:10Z,116,178,200,55.74,25.98,994.60 
29/10/2021T17:04:40Z,115,180,197,55.76,25.98,994.59 
29/10/2021T17:05:10Z,120,181,195,55.86,25.97,994.55 
29/10/2021T17:05:41Z,119,185,203,55.89,25.96,994.54 
29/10/2021T17:06:11Z,119,182,200,55.88,25.96,994.54 
29/10/2021T17:06:42Z,118,181,197,55.81,25.95,994.58 
29/10/2021T17:07:12Z,119,181,197,55.82,25.96,994.57 
29/10/2021T17:07:43Z,118,179,193,55.80,25.97,994.57 
29/10/2021T17:08:13Z,119,183,202,55.80,25.97,994.59 
29/10/2021T17:08:44Z,119,183,199,55.90,25.97,994.55 
29/10/2021T17:09:15Z,116,179,194,55.84,25.97,994.56 
29/10/2021T17:09:45Z,120,184,202,55.85,25.96,994.55 
29/10/2021T17:10:16Z,115,176,194,55.88,25.96,994.52 
29/10/2021T17:10:47Z,114,177,192,55.83,25.96,994.53 
29/10/2021T17:11:17Z,115,178,192,55.91,25.95,994.50 
29/10/2021T17:12:04Z,118,180,193,55.97,25.94,994.47 
29/10/2021T17:12:35Z,120,182,203,55.94,25.95,994.46 
